7450-383325
OS REV: 1.05 Sensor Cal: 1644949570
Time (sec),  BV (Volts),  T (deg C),  DO (mg/l),  Q ()
1660750380,+3.50,+22.428, +8.004,+0.975
1660750440,+3.50,+22.428, +7.895,+0.975
1660750500,+3.50,+22.428, +7.993,+0.976
1660750560,+3.50,+22.428, +8.034,+0.975
1660750620,+3.50,+22.436, +8.065,+0.976
1660750680,+3.50,+22.436, +8.028,+0.975
1660750740,+3.50,+22.428, +8.081,+0.975
1660750800,+3.50,+22.436, +8.103,+0.975
1660750860,+3.50,+22.445, +8.098,+0.975
1660750920,+3.50,+22.445, +8.144,+0.975
1660750980,+3.50,+22.453, +8.148,+0.975
1660751040,+3.50,+22.445, +8.173,+0.975
1660751100,+3.50,+22.453, +8.180,+0.976
1660751160,+3.50,+22.453, +8.167,+0.976
1660751220,+3.50,+22.470, +8.102,+0.975
1660751280,+3.50,+22.453, +8.110,+0.975
1660751340,+3.50,+22.470, +8.095,+0.975
1660751400,+3.50,+22.478, +8.150,+0.976
1660751460,+3.50,+22.470, +8.150,+0.976
1660751520,+3.50,+22.478, +8.158,+0.975
1660751580,+3.50,+22.495, +8.106,+0.975
1660751640,+3.50,+22.503, +8.083,+0.975
1660751700,+3.50,+22.511, +8.210,+0.975
1660751760,+3.50,+22.503, +8.287,+0.975
1660751820,+3.50,+22.528, +8.270,+0.975
1660751880,+3.50,+22.511, +8.269,+0.976
1660751940,+3.50,+22.528, +8.275,+0.976
1660752000,+3.50,+22.537, +8.351,+0.976
1660752060,+3.50,+22.520, +8.425,+0.975
1660752120,+3.50,+22.528, +8.476,+0.975
1660752180,+3.50,+22.537, +8.479,+0.975
1660752240,+3.50,+22.545, +8.460,+0.975
1660752300,+3.50,+22.553, +8.378,+0.976
1660752360,+3.50,+22.545, +8.385,+0.976
1660752420,+3.50,+22.570, +8.352,+0.976
1660752480,+3.50,+22.578, +8.351,+0.976
1660752540,+3.50,+22.570, +8.400,+0.975
1660752600,+3.50,+22.587, +8.459,+0.976
1660752660,+3.50,+22.570, +8.526,+0.975
1660752720,+3.50,+22.570, +8.628,+0.976
1660752780,+3.50,+22.587, +8.620,+0.975
1660752840,+3.50,+22.578, +8.637,+0.976
1660752900,+3.50,+22.578, +8.641,+0.976
1660752960,+3.50,+22.595, +8.658,+0.976
1660753020,+3.50,+22.604, +8.634,+0.975
1660753080,+3.50,+22.604, +8.650,+0.975
1660753140,+3.50,+22.604, +8.642,+0.975
1660753200,+3.50,+22.612, +8.688,+0.976
1660753260,+3.50,+22.612, +8.685,+0.976
1660753320,+3.50,+22.620, +8.653,+0.975
1660753380,+3.50,+22.595, +8.699,+0.976
1660753440,+3.50,+22.620, +8.699,+0.976
1660753500,+3.50,+22.629, +8.622,+0.976
1660753560,+3.50,+22.620, +8.630,+0.976
1660753620,+3.50,+22.629, +8.669,+0.976
1660753680,+3.50,+22.629, +8.660,+0.975
1660753740,+3.50,+22.620, +8.623,+0.975
1660753800,+3.50,+22.645, +8.565,+0.976
1660753860,+3.50,+22.637, +8.556,+0.975
1660753920,+3.50,+22.654, +8.509,+0.975
1660753980,+3.50,+22.645, +8.516,+0.976
1660754040,+3.50,+22.645, +8.468,+0.976
1660754100,+3.50,+22.620, +8.473,+0.975
1660754160,+3.50,+22.620, +8.490,+0.976
1660754220,+3.50,+22.595, +8.580,+0.976
1660754280,+3.50,+22.587, +8.699,+0.976
1660754340,+3.50,+22.587, +8.701,+0.975
1660754400,+3.50,+22.587, +8.663,+0.976
1660754460,+3.50,+22.562, +8.661,+0.976
1660754520,+3.50,+22.570, +8.642,+0.976
1660754580,+3.50,+22.578, +8.643,+0.976
1660754640,+3.50,+22.595, +8.510,+0.976
1660754700,+3.50,+22.595, +8.434,+0.975
1660754760,+3.50,+22.578, +8.289,+0.975
1660754820,+3.50,+22.562, +8.353,+0.975
1660754880,+3.50,+22.520, +8.432,+0.975
1660754940,+3.50,+22.511, +8.417,+0.976
1660755000,+3.50,+22.470, +8.440,+0.975
1660755060,+3.50,+22.453, +8.413,+0.975
1660755120,+3.50,+22.428, +8.449,+0.975
1660755180,+3.50,+22.411, +8.474,+0.975
1660755240,+3.50,+22.378, +8.534,+0.975
1660755300,+3.50,+22.369, +8.583,+0.975
1660755360,+3.50,+22.361, +8.629,+0.975
1660755420,+3.50,+22.361, +8.644,+0.975
1660755480,+3.50,+22.352, +8.653,+0.976
1660755540,+3.50,+22.361, +8.522,+0.976
1660755600,+3.50,+22.344, +8.522,+0.976
1660755660,+3.50,+22.327, +8.504,+0.976
1660755720,+3.50,+22.336, +8.545,+0.976
1660755780,+3.50,+22.327, +8.651,+0.976
1660755840,+3.50,+22.302, +8.705,+0.975
1660755900,+3.50,+22.294, +8.771,+0.976
1660755960,+3.50,+22.311, +8.713,+0.975
1660756020,+3.50,+22.286, +8.714,+0.976
1660756080,+3.50,+22.294, +8.703,+0.975
1660756140,+3.50,+22.294, +8.762,+0.976
1660756200,+3.50,+22.286, +8.779,+0.976
1660756260,+3.50,+22.286, +8.789,+0.976
1660756320,+3.50,+22.302, +8.759,+0.975
1660756380,+3.50,+22.277, +8.805,+0.975
1660756440,+3.50,+22.302, +8.781,+0.976
1660756500,+3.50,+22.294, +8.733,+0.975
1660756560,+3.50,+22.302, +8.751,+0.975
1660756620,+3.50,+22.302, +8.734,+0.976
1660756680,+3.50,+22.294, +8.764,+0.976
1660756740,+3.50,+22.294, +8.842,+0.976
1660756800,+3.50,+22.286, +8.861,+0.976
1660756860,+3.50,+22.319, +8.785,+0.975
1660756920,+3.50,+22.311, +8.844,+0.976
1660756980,+3.50,+22.336, +8.859,+0.976
1660757040,+3.50,+22.319, +8.885,+0.976
1660757100,+3.50,+22.311, +8.889,+0.976
1660757160,+3.50,+22.319, +8.938,+0.976
1660757220,+3.50,+22.327, +8.930,+0.975
1660757280,+3.50,+22.302, +9.019,+0.976
1660757340,+3.50,+22.286, +9.030,+0.975
1660757400,+3.50,+22.269, +8.914,+0.975
1660757460,+3.50,+22.252, +8.944,+0.975
1660757520,+3.50,+22.277, +8.913,+0.976
1660757580,+3.50,+22.252, +8.912,+0.975
1660757640,+3.50,+22.219, +8.933,+0.976
1660757700,+3.50,+22.219, +9.012,+0.976
1660757760,+3.50,+22.227, +9.052,+0.975
1660757820,+3.50,+22.194, +9.099,+0.976
1660757880,+3.50,+22.177, +9.111,+0.975
1660757940,+3.50,+22.185, +9.101,+0.976
1660758000,+3.50,+22.177, +9.103,+0.975
1660758060,+3.50,+22.177, +9.117,+0.976
1660758120,+3.50,+22.168, +9.127,+0.976
1660758180,+3.49,+22.185, +9.116,+0.976
1660758240,+3.49,+22.177, +9.114,+0.975
1660758300,+3.49,+22.168, +9.118,+0.975
1660758360,+3.49,+22.168, +9.118,+0.975
1660758420,+3.49,+22.168, +9.127,+0.976
1660758480,+3.49,+22.177, +9.108,+0.976
1660758540,+3.50,+22.160, +9.154,+0.976
1660758600,+3.50,+22.160, +9.107,+0.975
1660758660,+3.49,+22.152, +9.152,+0.976
1660758720,+3.49,+22.152, +9.112,+0.976
1660758780,+3.49,+22.143, +9.111,+0.976
1660758840,+3.49,+22.168, +9.135,+0.976
1660758900,+3.49,+22.160, +9.121,+0.976
1660758960,+3.49,+22.152, +9.108,+0.976
1660759020,+3.49,+22.152, +9.116,+0.975
1660759080,+3.49,+22.143, +9.142,+0.975
1660759140,+3.49,+22.135, +9.158,+0.975
1660759200,+3.49,+22.152, +9.136,+0.975
1660759260,+3.50,+22.160, +9.129,+0.976
1660759320,+3.50,+22.177, +9.076,+0.976
1660759380,+3.50,+22.185, +9.051,+0.976
1660759440,+3.50,+22.194, +9.037,+0.975
1660759500,+3.50,+22.185, +9.025,+0.976
1660759560,+3.50,+22.194, +9.010,+0.976
1660759620,+3.50,+22.202, +8.986,+0.975
1660759680,+3.50,+22.219, +8.971,+0.976
1660759740,+3.50,+22.185, +9.032,+0.976
1660759800,+3.50,+22.160, +9.070,+0.976
1660759860,+3.50,+22.185, +9.056,+0.975
1660759920,+3.49,+22.152, +9.056,+0.976
1660759980,+3.49,+22.135, +9.050,+0.976
1660760040,+3.49,+22.152, +9.024,+0.976
1660760100,+3.49,+22.177, +8.894,+0.976
1660760160,+3.49,+22.143, +8.952,+0.975
1660760220,+3.49,+22.135, +9.016,+0.976
1660760280,+3.49,+22.127, +9.024,+0.975
1660760340,+3.49,+22.143, +9.060,+0.976
1660760400,+3.50,+22.168, +9.027,+0.976
1660760460,+3.50,+22.177, +9.012,+0.976
1660760520,+3.50,+22.177, +8.958,+0.975
1660760580,+3.49,+22.143, +9.013,+0.975
1660760640,+3.49,+22.152, +9.075,+0.976
1660760700,+3.49,+22.135, +9.102,+0.975
1660760760,+3.49,+22.135, +9.103,+0.975
1660760820,+3.49,+22.127, +9.125,+0.976
1660760880,+3.49,+22.143, +9.061,+0.976
1660760940,+3.49,+22.127, +9.022,+0.975
1660761000,+3.49,+22.118, +9.048,+0.975
1660761060,+3.49,+22.101, +9.088,+0.975
1660761120,+3.49,+22.118, +9.098,+0.976
1660761180,+3.49,+22.110, +9.077,+0.976
1660761240,+3.49,+22.101, +9.080,+0.975
1660761300,+3.49,+22.110, +9.053,+0.975
1660761360,+3.49,+22.076, +9.105,+0.976
1660761420,+3.49,+22.085, +9.104,+0.976
1660761480,+3.49,+22.093, +9.103,+0.975
1660761540,+3.49,+22.093, +9.105,+0.975
1660761600,+3.49,+22.101, +9.123,+0.976
1660761660,+3.49,+22.093, +9.127,+0.976
1660761720,+3.49,+22.101, +9.123,+0.976
1660761780,+3.49,+22.093, +9.118,+0.976
1660761840,+3.49,+22.110, +9.069,+0.975
1660761900,+3.49,+22.093, +9.066,+0.976
1660761960,+3.49,+22.085, +9.043,+0.976
1660762020,+3.49,+22.093, +9.048,+0.976
1660762080,+3.49,+22.101, +9.025,+0.976
1660762140,+3.49,+22.110, +9.016,+0.976
1660762200,+3.49,+22.101, +9.014,+0.976
1660762260,+3.49,+22.085, +8.973,+0.976
1660762320,+3.49,+22.076, +8.855,+0.975
1660762380,+3.49,+22.085, +8.894,+0.976
1660762440,+3.49,+22.068, +8.905,+0.976
1660762500,+3.49,+22.060, +8.866,+0.975
1660762560,+3.49,+22.068, +8.803,+0.976
1660762620,+3.49,+22.043, +8.753,+0.976
1660762680,+3.49,+22.060, +8.719,+0.975
1660762740,+3.49,+22.060, +8.717,+0.976
1660762800,+3.49,+22.060, +8.616,+0.975
1660762860,+3.49,+22.060, +8.637,+0.975
1660762920,+3.49,+22.068, +8.583,+0.975
1660762980,+3.49,+22.068, +8.602,+0.976
1660763040,+3.49,+22.043, +8.621,+0.976
1660763100,+3.49,+22.035, +8.721,+0.975
1660763160,+3.49,+22.018, +8.747,+0.975
1660763220,+3.49,+22.018, +8.700,+0.975
1660763280,+3.49,+22.009, +8.709,+0.975
1660763340,+3.49,+22.018, +8.661,+0.975
1660763400,+3.49,+22.018, +8.658,+0.975
1660763460,+3.49,+21.993, +8.722,+0.975
1660763520,+3.49,+22.001, +8.749,+0.976
1660763580,+3.50,+22.009, +8.725,+0.975
1660763640,+3.49,+21.993, +8.686,+0.975
1660763700,+3.49,+21.976, +8.700,+0.976
1660763760,+3.49,+21.968, +8.706,+0.975
1660763820,+3.49,+21.968, +8.733,+0.976
1660763880,+3.49,+21.951, +8.722,+0.975
1660763940,+3.50,+21.934, +8.739,+0.975
1660764000,+3.49,+21.943, +8.733,+0.975
1660764060,+3.49,+21.934, +8.693,+0.975
1660764120,+3.50,+21.943, +8.681,+0.975
1660764180,+3.50,+21.926, +8.708,+0.975
1660764240,+3.49,+21.926, +8.682,+0.975
1660764300,+3.50,+21.917, +8.678,+0.975
1660764360,+3.49,+21.943, +8.676,+0.975
1660764420,+3.50,+21.917, +8.719,+0.976
1660764480,+3.49,+21.917, +8.730,+0.975
1660764540,+3.50,+21.917, +8.746,+0.976
1660764600,+3.50,+21.909, +8.727,+0.975
1660764660,+3.50,+21.917, +8.693,+0.976
1660764720,+3.50,+21.892, +8.713,+0.975
1660764780,+3.50,+21.917, +8.697,+0.975
1660764840,+3.50,+21.901, +8.672,+0.976
1660764900,+3.50,+21.876, +8.659,+0.975
1660764960,+3.50,+21.892, +8.656,+0.975
1660765020,+3.50,+21.892, +8.639,+0.975
1660765080,+3.50,+21.901, +8.631,+0.976
1660765140,+3.49,+21.892, +8.636,+0.976
1660765200,+3.50,+21.892, +8.627,+0.975
1660765260,+3.50,+21.867, +8.586,+0.975
1660765320,+3.50,+21.867, +8.584,+0.976
1660765380,+3.50,+21.867, +8.568,+0.975
1660765440,+3.50,+21.859, +8.574,+0.976
1660765500,+3.50,+21.851, +8.578,+0.975
1660765560,+3.50,+21.842, +8.561,+0.975
1660765620,+3.50,+21.851, +8.525,+0.975
1660765680,+3.50,+21.842, +8.529,+0.975
1660765740,+3.50,+21.867, +8.531,+0.976
1660765800,+3.50,+21.834, +8.572,+0.976
1660765860,+3.50,+21.834, +8.567,+0.976
1660765920,+3.50,+21.842, +8.533,+0.975
1660765980,+3.50,+21.834, +8.530,+0.976
1660766040,+3.50,+21.817, +8.508,+0.975
1660766100,+3.50,+21.834, +8.487,+0.975
1660766160,+3.50,+21.825, +8.478,+0.975
1660766220,+3.50,+21.834, +8.493,+0.975
1660766280,+3.50,+21.800, +8.518,+0.975
1660766340,+3.50,+21.800, +8.510,+0.975
1660766400,+3.50,+21.825, +8.486,+0.975
1660766460,+3.50,+21.800, +8.490,+0.975
1660766520,+3.50,+21.809, +8.503,+0.976
1660766580,+3.50,+21.784, +8.513,+0.975
1660766640,+3.50,+21.784, +8.505,+0.975
1660766700,+3.50,+21.809, +8.484,+0.975
1660766760,+3.50,+21.792, +8.508,+0.975
1660766820,+3.50,+21.784, +8.516,+0.975
1660766880,+3.50,+21.784, +8.513,+0.976
1660766940,+3.50,+21.800, +8.497,+0.975
1660767000,+3.50,+21.784, +8.510,+0.976
1660767060,+3.50,+21.775, +8.504,+0.975
1660767120,+3.50,+21.775, +8.516,+0.976
1660767180,+3.50,+21.784, +8.495,+0.975
1660767240,+3.50,+21.775, +8.501,+0.975
1660767300,+3.50,+21.759, +8.482,+0.975
1660767360,+3.50,+21.767, +8.484,+0.976
1660767420,+3.50,+21.775, +8.479,+0.975
1660767480,+3.50,+21.775, +8.496,+0.976
1660767540,+3.50,+21.784, +8.496,+0.975
1660767600,+3.50,+21.775, +8.506,+0.975
1660767660,+3.50,+21.775, +8.509,+0.975
1660767720,+3.50,+21.775, +8.502,+0.975
1660767780,+3.50,+21.775, +8.499,+0.975
1660767840,+3.50,+21.784, +8.499,+0.975
1660767900,+3.50,+21.775, +8.485,+0.975
1660767960,+3.50,+21.800, +8.454,+0.975
1660768020,+3.50,+21.784, +8.428,+0.976
1660768080,+3.50,+21.792, +8.389,+0.975
1660768140,+3.50,+21.775, +8.394,+0.976
1660768200,+3.50,+21.784, +8.413,+0.975
1660768260,+3.50,+21.784, +8.438,+0.975
1660768320,+3.50,+21.775, +8.443,+0.976
1660768380,+3.50,+21.800, +8.436,+0.975
1660768440,+3.50,+21.784, +8.410,+0.975
1660768500,+3.50,+21.792, +8.340,+0.975
1660768560,+3.50,+21.784, +8.363,+0.976
1660768620,+3.50,+21.784, +8.364,+0.975
1660768680,+3.50,+21.792, +8.355,+0.975
1660768740,+3.50,+21.792, +8.367,+0.976
1660768800,+3.50,+21.784, +8.376,+0.975
1660768860,+3.50,+21.784, +8.340,+0.975
1660768920,+3.50,+21.792, +8.349,+0.976
1660768980,+3.50,+21.784, +8.361,+0.975
1660769040,+3.50,+21.775, +8.348,+0.976
1660769100,+3.50,+21.775, +8.343,+0.975
1660769160,+3.50,+21.792, +8.341,+0.976
1660769220,+3.50,+21.775, +8.327,+0.975
1660769280,+3.50,+21.775, +8.316,+0.975
1660769340,+3.50,+21.767, +8.320,+0.975
1660769400,+3.50,+21.775, +8.333,+0.975
1660769460,+3.50,+21.775, +8.339,+0.975
1660769520,+3.50,+21.767, +8.301,+0.975
1660769580,+3.50,+21.759, +8.317,+0.975
1660769640,+3.50,+21.767, +8.327,+0.975
1660769700,+3.50,+21.759, +8.327,+0.976
1660769760,+3.50,+21.784, +8.309,+0.975
1660769820,+3.50,+21.775, +8.315,+0.975
1660769880,+3.50,+21.767, +8.293,+0.975
1660769940,+3.50,+21.767, +8.299,+0.975
1660770000,+3.50,+21.767, +8.315,+0.975
1660770060,+3.50,+21.759, +8.344,+0.975
1660770120,+3.50,+21.750, +8.314,+0.975
1660770180,+3.50,+21.759, +8.318,+0.976
1660770240,+3.50,+21.792, +8.295,+0.975
1660770300,+3.50,+21.750, +8.297,+0.975
1660770360,+3.50,+21.767, +8.257,+0.976
1660770420,+3.50,+21.742, +8.242,+0.975
1660770480,+3.50,+21.767, +8.189,+0.976
1660770540,+3.50,+21.767, +8.220,+0.975
1660770600,+3.50,+21.759, +8.259,+0.975
1660770660,+3.50,+21.759, +8.266,+0.975
1660770720,+3.50,+21.733, +8.273,+0.975
1660770780,+3.50,+21.759, +8.296,+0.975
1660770840,+3.50,+21.767, +8.261,+0.975
1660770900,+3.50,+21.784, +8.263,+0.975
1660770960,+3.50,+21.759, +8.244,+0.975
1660771020,+3.50,+21.767, +8.229,+0.975
1660771080,+3.50,+21.767, +8.208,+0.975
1660771140,+3.50,+21.775, +8.228,+0.975
1660771200,+3.50,+21.792, +8.253,+0.976
1660771260,+3.50,+21.775, +8.257,+0.975
1660771320,+3.50,+21.775, +8.251,+0.975
1660771380,+3.50,+21.784, +8.266,+0.975
1660771440,+3.50,+21.784, +8.282,+0.975
1660771500,+3.50,+21.792, +8.244,+0.975
1660771560,+3.50,+21.792, +8.232,+0.975
1660771620,+3.50,+21.809, +8.229,+0.975
1660771680,+3.50,+21.817, +8.251,+0.975
1660771740,+3.50,+21.800, +8.309,+0.975
1660771800,+3.50,+21.834, +8.304,+0.975
1660771860,+3.50,+21.809, +8.311,+0.975
1660771920,+3.50,+21.809, +8.312,+0.975
1660771980,+3.50,+21.842, +8.318,+0.975
1660772040,+3.50,+21.842, +8.310,+0.975
1660772100,+3.50,+21.825, +8.316,+0.975
1660772160,+3.50,+21.809, +8.320,+0.975
1660772220,+3.50,+21.817, +8.307,+0.975
1660772280,+3.50,+21.842, +8.323,+0.975
1660772340,+3.50,+21.825, +8.341,+0.975
1660772400,+3.50,+21.834, +8.338,+0.975
1660772460,+3.50,+21.834, +8.335,+0.975
1660772520,+3.50,+21.834, +8.310,+0.975
1660772580,+3.50,+21.825, +8.303,+0.975
1660772640,+3.50,+21.842, +8.272,+0.975
1660772700,+3.49,+21.842, +8.263,+0.976
1660772760,+3.50,+21.851, +8.262,+0.975
1660772820,+3.50,+21.851, +8.296,+0.975
1660772880,+3.49,+21.859, +8.315,+0.975
1660772940,+3.49,+21.842, +8.332,+0.975
1660773000,+3.49,+21.851, +8.344,+0.975
1660773060,+3.50,+21.859, +8.356,+0.975
1660773120,+3.49,+21.859, +8.378,+0.975
1660773180,+3.50,+21.842, +8.390,+0.975
1660773240,+3.50,+21.842, +8.416,+0.975
1660773300,+3.50,+21.851, +8.434,+0.976
1660773360,+3.50,+21.851, +8.420,+0.975
1660773420,+3.50,+21.851, +8.420,+0.975
1660773480,+3.49,+21.851, +8.408,+0.975
1660773540,+3.50,+21.859, +8.408,+0.976
1660773600,+3.49,+21.859, +8.381,+0.975
1660773660,+3.50,+21.867, +8.392,+0.976
1660773720,+3.50,+21.867, +8.406,+0.975
1660773780,+3.49,+21.859, +8.410,+0.975
1660773840,+3.50,+21.851, +8.439,+0.975
1660773900,+3.49,+21.867, +8.442,+0.975
1660773960,+3.49,+21.867, +8.453,+0.976
1660774020,+3.50,+21.876, +8.443,+0.975
1660774080,+3.49,+21.884, +8.455,+0.975
1660774140,+3.49,+21.867, +8.454,+0.975
1660774200,+3.49,+21.876, +8.470,+0.976
1660774260,+3.49,+21.892, +8.460,+0.975
1660774320,+3.49,+21.884, +8.468,+0.975
1660774380,+3.49,+21.901, +8.475,+0.975
1660774440,+3.49,+21.884, +8.483,+0.975
1660774500,+3.50,+21.917, +8.468,+0.975
1660774560,+3.49,+21.917, +8.465,+0.975
1660774620,+3.49,+21.917, +8.461,+0.975
1660774680,+3.49,+21.901, +8.468,+0.975
1660774740,+3.49,+21.917, +8.469,+0.975
1660774800,+3.50,+21.917, +8.482,+0.975
1660774860,+3.49,+21.917, +8.509,+0.975
1660774920,+3.49,+21.926, +8.522,+0.976
1660774980,+3.49,+21.934, +8.522,+0.975
1660775040,+3.49,+21.926, +8.545,+0.975
1660775100,+3.49,+21.926, +8.542,+0.975
1660775160,+3.49,+21.934, +8.533,+0.975
1660775220,+3.49,+21.943, +8.547,+0.975
1660775280,+3.49,+21.909, +8.591,+0.976
1660775340,+3.49,+21.959, +8.597,+0.975
1660775400,+3.49,+21.959, +8.605,+0.976
1660775460,+3.49,+21.951, +8.581,+0.975
1660775520,+3.49,+21.968, +8.591,+0.976
1660775580,+3.49,+21.976, +8.571,+0.975
1660775640,+3.49,+21.976, +8.582,+0.976
1660775700,+3.49,+21.968, +8.580,+0.975
1660775760,+3.49,+21.984, +8.607,+0.975
1660775820,+3.49,+21.993, +8.619,+0.976
1660775880,+3.49,+21.993, +8.622,+0.975
1660775940,+3.49,+22.009, +8.640,+0.976
1660776000,+3.49,+22.018, +8.649,+0.975
1660776060,+3.49,+22.026, +8.676,+0.975
1660776120,+3.49,+22.035, +8.692,+0.976
1660776180,+3.49,+22.043, +8.687,+0.975
1660776240,+3.49,+22.043, +8.689,+0.976
1660776300,+3.49,+22.043, +8.669,+0.976
1660776360,+3.49,+22.043, +8.678,+0.975
1660776420,+3.49,+22.043, +8.689,+0.975
1660776480,+3.49,+22.051, +8.683,+0.976
1660776540,+3.49,+22.043, +8.672,+0.975
1660776600,+3.49,+22.051, +8.668,+0.976
1660776660,+3.49,+22.051, +8.656,+0.976
1660776720,+3.49,+22.068, +8.682,+0.975
1660776780,+3.49,+22.076, +8.692,+0.975
1660776840,+3.49,+22.085, +8.678,+0.975
1660776900,+3.49,+22.085, +8.561,+0.975
1660776960,+3.49,+22.085, +8.636,+0.976
1660777020,+3.49,+22.085, +8.650,+0.976
1660777080,+3.49,+22.101, +8.647,+0.975
1660777140,+3.49,+22.085, +8.656,+0.975
1660777200,+3.49,+22.085, +8.651,+0.976
1660777260,+3.49,+22.085, +8.637,+0.975
1660777320,+3.49,+22.110, +8.631,+0.976
1660777380,+3.49,+22.127, +8.633,+0.975
1660777440,+3.49,+22.118, +8.625,+0.975
1660777500,+3.49,+22.118, +8.612,+0.975
1660777560,+3.49,+22.135, +8.593,+0.975
1660777620,+3.49,+22.135, +8.593,+0.975
1660777680,+3.49,+22.135, +8.589,+0.975
1660777740,+3.49,+22.127, +8.605,+0.975
1660777800,+3.49,+22.135, +8.606,+0.975
1660777860,+3.49,+22.143, +8.607,+0.976
1660777920,+3.49,+22.160, +8.596,+0.976
1660777980,+3.49,+22.160, +8.595,+0.975
1660778040,+3.49,+22.152, +8.601,+0.976
1660778100,+3.49,+22.185, +8.584,+0.975
1660778160,+3.49,+22.177, +8.592,+0.976
1660778220,+3.49,+22.160, +8.593,+0.975
1660778280,+3.50,+22.177, +8.611,+0.975
1660778340,+3.50,+22.185, +8.610,+0.976
1660778400,+3.50,+22.194, +8.609,+0.975
1660778460,+3.50,+22.194, +8.617,+0.976
1660778520,+3.50,+22.210, +8.628,+0.975
1660778580,+3.50,+22.194, +8.632,+0.975
1660778640,+3.50,+22.210, +8.651,+0.976
1660778700,+3.50,+22.219, +8.638,+0.975
1660778760,+3.50,+22.210, +8.651,+0.976
1660778820,+3.50,+22.219, +8.649,+0.975
1660778880,+3.50,+22.210, +8.671,+0.975
1660778940,+3.50,+22.219, +8.673,+0.976
1660779000,+3.50,+22.202, +8.675,+0.975
1660779060,+3.50,+22.219, +8.691,+0.976
1660779120,+3.50,+22.227, +8.657,+0.976
1660779180,+3.50,+22.210, +8.647,+0.975
1660779240,+3.50,+22.227, +8.644,+0.975
1660779300,+3.50,+22.227, +8.646,+0.976
1660779360,+3.50,+22.227, +8.629,+0.975
1660779420,+3.50,+22.227, +8.639,+0.976
1660779480,+3.50,+22.219, +8.639,+0.975
1660779540,+3.50,+22.235, +8.610,+0.975
1660779600,+3.50,+22.227, +8.615,+0.975
1660779660,+3.50,+22.227, +8.597,+0.975
1660779720,+3.50,+22.219, +8.602,+0.976
1660779780,+3.50,+22.244, +8.581,+0.976
1660779840,+3.50,+22.244, +8.568,+0.975
1660779900,+3.50,+22.235, +8.574,+0.976
1660779960,+3.50,+22.227, +8.566,+0.975
1660780020,+3.50,+22.244, +8.572,+0.975
1660780080,+3.50,+22.235, +8.556,+0.975
1660780140,+3.50,+22.227, +8.572,+0.976
1660780200,+3.50,+22.235, +8.557,+0.975
1660780260,+3.50,+22.235, +8.554,+0.975
1660780320,+3.50,+22.227, +8.559,+0.975
1660780380,+3.50,+22.244, +8.538,+0.975
1660780440,+3.50,+22.244, +8.511,+0.976
1660780500,+3.50,+22.227, +8.469,+0.976
1660780560,+3.50,+22.244, +8.451,+0.975
1660780620,+3.50,+22.235, +8.454,+0.975
1660780680,+3.50,+22.244, +8.475,+0.975
1660780740,+3.50,+22.244, +8.467,+0.975
1660780800,+3.50,+22.227, +8.443,+0.975
1660780860,+3.50,+22.235, +8.426,+0.975
1660780920,+3.50,+22.219, +8.421,+0.975
1660780980,+3.50,+22.227, +8.393,+0.975
1660781040,+3.50,+22.227, +8.364,+0.975
1660781100,+3.50,+22.210, +8.340,+0.975
1660781160,+3.50,+22.202, +8.329,+0.975
1660781220,+3.50,+22.185, +8.338,+0.975
1660781280,+3.50,+22.194, +8.337,+0.975
1660781340,+3.50,+22.194, +8.330,+0.975
1660781400,+3.50,+22.210, +8.345,+0.975
1660781460,+3.50,+22.185, +8.356,+0.975
1660781520,+3.50,+22.202, +8.351,+0.976
1660781580,+3.50,+22.219, +8.326,+0.975
1660781640,+3.50,+22.219, +8.333,+0.975
1660781700,+3.50,+22.219, +8.360,+0.975
1660781760,+3.50,+22.210, +8.375,+0.976
1660781820,+3.50,+22.227, +8.357,+0.975
1660781880,+3.50,+22.235, +8.329,+0.975
1660781940,+3.50,+22.210, +8.336,+0.975
1660782000,+3.50,+22.252, +8.326,+0.975
1660782060,+3.50,+22.244, +8.313,+0.975
1660782120,+3.50,+22.210, +8.323,+0.975
1660782180,+3.50,+22.252, +8.294,+0.975
1660782240,+3.50,+22.244, +8.284,+0.975
1660782300,+3.50,+22.244, +8.258,+0.974
1660782360,+3.50,+22.235, +8.246,+0.975
1660782420,+3.50,+22.244, +8.207,+0.975
1660782480,+3.50,+22.235, +8.186,+0.975
1660782540,+3.50,+22.235, +8.200,+0.976
1660782600,+3.50,+22.244, +8.190,+0.975
1660782660,+3.50,+22.269, +8.188,+0.975
1660782720,+3.50,+22.244, +8.210,+0.975
1660782780,+3.50,+22.260, +8.206,+0.975
1660782840,+3.50,+22.260, +8.202,+0.975
1660782900,+3.50,+22.269, +8.199,+0.976
1660782960,+3.50,+22.260, +8.191,+0.975
1660783020,+3.50,+22.252, +8.196,+0.975
1660783080,+3.50,+22.260, +8.184,+0.975
1660783140,+3.50,+22.277, +8.193,+0.976
1660783200,+3.50,+22.269, +8.190,+0.975
1660783260,+3.50,+22.286, +8.194,+0.975
1660783320,+3.50,+22.286, +8.203,+0.975
1660783380,+3.50,+22.286, +8.218,+0.975
1660783440,+3.50,+22.294, +8.236,+0.975
1660783500,+3.50,+22.311, +8.210,+0.975
1660783560,+3.50,+22.311, +8.220,+0.975
1660783620,+3.50,+22.319, +8.240,+0.976
1660783680,+3.50,+22.327, +8.241,+0.975
1660783740,+3.50,+22.327, +8.238,+0.975
1660783800,+3.50,+22.336, +8.245,+0.976
1660783860,+3.50,+22.327, +8.246,+0.975
1660783920,+3.50,+22.319, +8.232,+0.975
1660783980,+3.50,+22.327, +8.238,+0.975
1660784040,+3.50,+22.327, +8.234,+0.975
1660784100,+3.50,+22.302, +8.230,+0.975
1660784160,+3.50,+22.311, +8.223,+0.975
1660784220,+3.50,+22.336, +8.205,+0.975
1660784280,+3.50,+22.311, +8.213,+0.975
1660784340,+3.50,+22.319, +8.219,+0.976
1660784400,+3.50,+22.327, +8.204,+0.975
1660784460,+3.50,+22.319, +8.204,+0.975
1660784520,+3.50,+22.336, +8.218,+0.976
1660784580,+3.50,+22.352, +8.222,+0.975
1660784640,+3.50,+22.311, +8.221,+0.975
1660784700,+3.50,+22.336, +8.216,+0.976
1660784760,+3.50,+22.344, +8.223,+0.976
1660784820,+3.50,+22.352, +8.213,+0.975
1660784880,+3.50,+22.336, +8.222,+0.975
1660784940,+3.50,+22.352, +8.209,+0.975
1660785000,+3.50,+22.336, +8.214,+0.976
1660785060,+3.50,+22.327, +8.196,+0.975
1660785120,+3.50,+22.327, +8.186,+0.975
1660785180,+3.50,+22.369, +8.167,+0.975
1660785240,+3.50,+22.336, +8.162,+0.975
1660785300,+3.50,+22.344, +8.143,+0.975
1660785360,+3.50,+22.344, +8.154,+0.975
1660785420,+3.50,+22.336, +8.165,+0.975
1660785480,+3.50,+22.352, +8.157,+0.975
1660785540,+3.50,+22.344, +8.148,+0.975
1660785600,+3.50,+22.336, +8.139,+0.975
1660785660,+3.50,+22.327, +8.124,+0.975
1660785720,+3.50,+22.327, +8.109,+0.975
1660785780,+3.50,+22.327, +8.106,+0.975
1660785840,+3.50,+22.319, +8.109,+0.976
1660785900,+3.50,+22.319, +8.080,+0.975
1660785960,+3.50,+22.327, +8.056,+0.975
1660786020,+3.50,+22.294, +8.045,+0.975
1660786080,+3.50,+22.294, +8.038,+0.975
1660786140,+3.50,+22.277, +8.037,+0.975
1660786200,+3.50,+22.294, +8.041,+0.975
1660786260,+3.50,+22.294, +8.047,+0.975
1660786320,+3.50,+22.294, +8.046,+0.975
1660786380,+3.50,+22.302, +8.051,+0.975
1660786440,+3.50,+22.302, +8.071,+0.975
1660786500,+3.50,+22.311, +8.085,+0.975
1660786560,+3.50,+22.319, +8.092,+0.976
1660786620,+3.50,+22.311, +8.112,+0.975
1660786680,+3.50,+22.336, +8.117,+0.975
1660786740,+3.50,+22.336, +8.114,+0.975
1660786800,+3.50,+22.302, +8.116,+0.975
1660786860,+3.50,+22.319, +8.097,+0.975
1660786920,+3.50,+22.336, +8.100,+0.976
1660786980,+3.50,+22.319, +8.083,+0.976
1660787040,+3.50,+22.336, +8.080,+0.975
1660787100,+3.50,+22.327, +8.080,+0.975
1660787160,+3.50,+22.327, +8.083,+0.975
1660787220,+3.50,+22.336, +8.066,+0.975
1660787280,+3.50,+22.344, +8.061,+0.975
1660787340,+3.50,+22.336, +8.059,+0.975
1660787400,+3.50,+22.352, +8.035,+0.975
1660787460,+3.50,+22.344, +8.045,+0.975
1660787520,+3.50,+22.327, +8.051,+0.975
1660787580,+3.50,+22.344, +8.046,+0.975
1660787640,+3.50,+22.344, +8.059,+0.975
1660787700,+3.50,+22.336, +8.061,+0.975
1660787760,+3.50,+22.344, +8.063,+0.975
1660787820,+3.50,+22.336, +8.056,+0.975
1660787880,+3.50,+22.352, +8.023,+0.975
1660787940,+3.50,+22.352, +8.033,+0.975
1660788000,+3.50,+22.361, +8.039,+0.975
1660788060,+3.50,+22.336, +8.061,+0.975
1660788120,+3.50,+22.361, +8.051,+0.975
1660788180,+3.50,+22.361, +8.039,+0.975
1660788240,+3.50,+22.344, +8.040,+0.976
1660788300,+3.50,+22.369, +8.001,+0.975
1660788360,+3.50,+22.361, +8.005,+0.975
1660788420,+3.50,+22.344, +7.989,+0.975
1660788480,+3.50,+22.369, +7.992,+0.975
1660788540,+3.50,+22.352, +7.968,+0.975
1660788600,+3.50,+22.369, +7.948,+0.975
1660788660,+3.50,+22.378, +7.936,+0.975
1660788720,+3.50,+22.386, +7.926,+0.975
1660788780,+3.50,+22.361, +7.864,+0.975
1660788840,+3.50,+22.369, +7.863,+0.975
1660788900,+3.50,+22.369, +7.826,+0.976
1660788960,+3.50,+22.378, +7.747,+0.975
1660789020,+3.50,+22.369, +7.641,+0.975
1660789080,+3.50,+22.378, +7.567,+0.975
1660789140,+3.50,+22.394, +7.539,+0.975
1660789200,+3.50,+22.361, +7.551,+0.975
1660789260,+3.50,+22.394, +7.580,+0.975
1660789320,+3.50,+22.386, +7.588,+0.974
1660789380,+3.50,+22.394, +7.582,+0.974
1660789440,+3.50,+22.378, +7.485,+0.974
1660789500,+3.50,+22.394, +7.424,+0.975
1660789560,+3.50,+22.369, +7.425,+0.975
1660789620,+3.50,+22.369, +7.365,+0.975
1660789680,+3.50,+22.394, +7.246,+0.974
1660789740,+3.50,+22.369, +7.218,+0.975
1660789800,+3.50,+22.386, +7.165,+0.975
1660789860,+3.50,+22.394, +7.140,+0.975
1660789920,+3.50,+22.386, +7.138,+0.974
1660789980,+3.50,+22.386, +7.134,+0.974
1660790040,+3.50,+22.369, +7.132,+0.975
1660790100,+3.50,+22.378, +7.189,+0.975
1660790160,+3.50,+22.386, +7.264,+0.975
1660790220,+3.50,+22.386, +7.253,+0.974
1660790280,+3.50,+22.386, +7.170,+0.975
1660790340,+3.50,+22.378, +7.088,+0.975
1660790400,+3.50,+22.369, +7.056,+0.975
1660790460,+3.50,+22.386, +7.064,+0.974
1660790520,+3.50,+22.378, +7.049,+0.975
1660790580,+3.50,+22.394, +7.141,+0.975
1660790640,+3.50,+22.403, +7.277,+0.975
1660790700,+3.50,+22.411, +7.291,+0.975
1660790760,+3.50,+22.403, +7.297,+0.975
1660790820,+3.50,+22.403, +7.277,+0.975
1660790880,+3.50,+22.394, +7.302,+0.975
1660790940,+3.50,+22.419, +7.329,+0.975
1660791000,+3.50,+22.411, +7.289,+0.975
1660791060,+3.50,+22.411, +7.267,+0.974
1660791120,+3.50,+22.428, +7.251,+0.975
1660791180,+3.50,+22.411, +7.175,+0.975
1660791240,+3.50,+22.411, +7.145,+0.975
1660791300,+3.50,+22.428, +7.112,+0.975
1660791360,+3.50,+22.453, +7.353,+0.975
1660791420,+3.50,+22.419, +7.408,+0.975
1660791480,+3.50,+22.428, +7.451,+0.975
1660791540,+3.50,+22.428, +7.469,+0.975
1660791600,+3.50,+22.453, +7.429,+0.975
1660791660,+3.50,+22.428, +7.553,+0.975
1660791720,+3.50,+22.428, +7.596,+0.974
1660791780,+3.50,+22.445, +7.705,+0.975
1660791840,+3.50,+22.411, +7.838,+0.975
1660791900,+3.50,+22.428, +7.861,+0.975
1660791960,+3.50,+22.411, +7.800,+0.975
1660792020,+3.50,+22.394, +7.845,+0.975
1660792080,+3.50,+22.403, +7.851,+0.975
1660792140,+3.50,+22.403, +7.820,+0.975
1660792200,+3.50,+22.394, +7.780,+0.975
1660792260,+3.50,+22.403, +7.790,+0.975
1660792320,+3.50,+22.411, +7.799,+0.975
1660792380,+3.50,+22.394, +7.815,+0.975
1660792440,+3.50,+22.394, +7.790,+0.974
1660792500,+3.50,+22.361, +7.828,+0.975
1660792560,+3.50,+22.369, +7.847,+0.975
1660792620,+3.50,+22.386, +7.811,+0.975
1660792680,+3.50,+22.369, +7.740,+0.976
1660792740,+3.50,+22.378, +7.698,+0.975
1660792800,+3.50,+22.369, +7.712,+0.975
1660792860,+3.50,+22.386, +7.701,+0.974
1660792920,+3.50,+22.361, +7.722,+0.975
1660792980,+3.50,+22.369, +7.700,+0.975
1660793040,+3.50,+22.378, +7.682,+0.975
1660793100,+3.50,+22.352, +7.645,+0.975
1660793160,+3.50,+22.352, +7.607,+0.975
1660793220,+3.50,+22.352, +7.599,+0.974
1660793280,+3.50,+22.361, +7.616,+0.975
1660793340,+3.50,+22.352, +7.656,+0.975
1660793400,+3.50,+22.336, +7.672,+0.975
1660793460,+3.50,+22.344, +7.683,+0.975
1660793520,+3.50,+22.344, +7.633,+0.975
1660793580,+3.50,+22.336, +7.603,+0.975
1660793640,+3.50,+22.336, +7.616,+0.975
1660793700,+3.50,+22.352, +7.584,+0.975
1660793760,+3.50,+22.344, +7.596,+0.975
1660793820,+3.50,+22.336, +7.558,+0.975
1660793880,+3.50,+22.327, +7.547,+0.975
1660793940,+3.50,+22.311, +7.563,+0.975
1660794000,+3.50,+22.311, +7.592,+0.975
1660794060,+3.50,+22.319, +7.570,+0.975
1660794120,+3.50,+22.294, +7.530,+0.975
1660794180,+3.50,+22.311, +7.527,+0.975
1660794240,+3.50,+22.311, +7.504,+0.975
1660794300,+3.50,+22.302, +7.475,+0.975
1660794360,+3.50,+22.294, +7.472,+0.975
1660794420,+3.50,+22.286, +7.452,+0.975
1660794480,+3.50,+22.294, +7.453,+0.975
1660794540,+3.50,+22.277, +7.431,+0.975
1660794600,+3.50,+22.269, +7.430,+0.975
1660794660,+3.50,+22.294, +7.388,+0.975
1660794720,+3.50,+22.269, +7.365,+0.975
1660794780,+3.50,+22.286, +7.367,+0.975
1660794840,+3.50,+22.286, +7.343,+0.975
1660794900,+3.50,+22.286, +7.302,+0.975
1660794960,+3.50,+22.277, +7.308,+0.975
1660795020,+3.50,+22.260, +7.327,+0.975
1660795080,+3.50,+22.260, +7.326,+0.975
1660795140,+3.50,+22.277, +7.333,+0.975
1660795200,+3.50,+22.277, +7.307,+0.975
1660795260,+3.50,+22.252, +7.303,+0.975
1660795320,+3.50,+22.244, +7.249,+0.975
1660795380,+3.50,+22.235, +7.229,+0.974
1660795440,+3.50,+22.252, +7.207,+0.975
1660795500,+3.50,+22.252, +7.200,+0.974
1660795560,+3.50,+22.244, +7.166,+0.975
1660795620,+3.50,+22.260, +7.164,+0.975
1660795680,+3.50,+22.244, +7.121,+0.975
1660795740,+3.50,+22.244, +7.188,+0.975
1660795800,+3.50,+22.235, +7.266,+0.974
1660795860,+3.50,+22.227, +7.263,+0.975
1660795920,+3.50,+22.227, +7.219,+0.975
1660795980,+3.50,+22.235, +7.169,+0.974
1660796040,+3.50,+22.244, +7.126,+0.974
1660796100,+3.50,+22.202, +7.179,+0.974
1660796160,+3.50,+22.227, +7.207,+0.975
1660796220,+3.50,+22.210, +7.196,+0.975
1660796280,+3.50,+22.177, +7.249,+0.975
1660796340,+3.50,+22.185, +7.252,+0.975
1660796400,+3.50,+22.177, +7.202,+0.975
1660796460,+3.50,+22.185, +7.178,+0.975
1660796520,+3.50,+22.194, +7.124,+0.975
1660796580,+3.50,+22.185, +7.088,+0.975
1660796640,+3.50,+22.185, +7.068,+0.974
1660796700,+3.50,+22.135, +7.079,+0.975
1660796760,+3.50,+22.168, +7.068,+0.974
1660796820,+3.49,+22.143, +7.092,+0.975
1660796880,+3.49,+22.152, +7.090,+0.975
1660796940,+3.49,+22.135, +7.115,+0.975
1660797000,+3.49,+22.143, +7.113,+0.974
1660797060,+3.49,+22.143, +7.116,+0.975
1660797120,+3.50,+22.143, +7.093,+0.975
1660797180,+3.49,+22.152, +7.075,+0.975
1660797240,+3.49,+22.135, +7.061,+0.975
1660797300,+3.49,+22.118, +7.034,+0.975
1660797360,+3.49,+22.118, +7.017,+0.975
1660797420,+3.49,+22.127, +7.017,+0.975
1660797480,+3.49,+22.127, +6.997,+0.975
1660797540,+3.49,+22.118, +6.992,+0.974
1660797600,+3.49,+22.118, +6.988,+0.975
1660797660,+3.49,+22.101, +6.981,+0.975
1660797720,+3.49,+22.110, +6.996,+0.974
1660797780,+3.49,+22.135, +6.944,+0.975
1660797840,+3.49,+22.101, +6.932,+0.975
1660797900,+3.49,+22.101, +6.929,+0.975
1660797960,+3.49,+22.110, +6.949,+0.975
1660798020,+3.49,+22.101, +6.928,+0.975
1660798080,+3.49,+22.101, +6.875,+0.975
1660798140,+3.50,+22.101, +6.813,+0.975
1660798200,+3.49,+22.101, +6.742,+0.975
1660798260,+3.49,+22.101, +6.706,+0.975
1660798320,+3.49,+22.101, +6.702,+0.975
1660798380,+3.49,+22.110, +6.711,+0.975
1660798440,+3.49,+22.118, +6.710,+0.975
1660798500,+3.49,+22.101, +6.685,+0.975
1660798560,+3.49,+22.093, +6.669,+0.976
1660798620,+3.49,+22.101, +6.643,+0.975
1660798680,+3.49,+22.101, +6.602,+0.975
1660798740,+3.49,+22.093, +6.567,+0.975
1660798800,+3.49,+22.093, +6.530,+0.975
1660798860,+3.49,+22.093, +6.512,+0.975
1660798920,+3.49,+22.101, +6.510,+0.975
1660798980,+3.50,+22.101, +6.493,+0.975
1660799040,+3.49,+22.101, +6.476,+0.975
1660799100,+3.49,+22.101, +6.474,+0.975
1660799160,+3.49,+22.110, +6.460,+0.975
1660799220,+3.49,+22.101, +6.426,+0.975
1660799280,+3.49,+22.110, +6.402,+0.975
1660799340,+3.49,+22.076, +6.398,+0.975
1660799400,+3.49,+22.101, +6.417,+0.975
1660799460,+3.49,+22.093, +6.386,+0.975
1660799520,+3.49,+22.101, +6.342,+0.975
1660799580,+3.49,+22.093, +6.316,+0.975
1660799640,+3.49,+22.101, +6.319,+0.974
1660799700,+3.49,+22.093, +6.325,+0.974
1660799760,+3.49,+22.076, +6.352,+0.975
1660799820,+3.49,+22.076, +6.356,+0.975
1660799880,+3.49,+22.068, +6.334,+0.975
1660799940,+3.49,+22.076, +6.328,+0.975
1660800000,+3.49,+22.085, +6.327,+0.975
1660800060,+3.49,+22.051, +6.312,+0.974
1660800120,+3.49,+22.060, +6.280,+0.975
1660800180,+3.49,+22.051, +6.268,+0.975
1660800240,+3.49,+22.043, +6.273,+0.975
1660800300,+3.49,+22.051, +6.290,+0.975
1660800360,+3.49,+22.043, +6.299,+0.975
1660800420,+3.49,+22.018, +6.328,+0.974
1660800480,+3.50,+22.043, +6.305,+0.975
1660800540,+3.49,+22.043, +6.290,+0.975
1660800600,+3.50,+22.026, +6.282,+0.974
1660800660,+3.50,+22.009, +6.295,+0.975
1660800720,+3.50,+22.035, +6.302,+0.975
1660800780,+3.50,+21.993, +6.317,+0.975
1660800840,+3.50,+22.001, +6.308,+0.975
1660800900,+3.49,+21.993, +6.303,+0.975
1660800960,+3.50,+22.001, +6.286,+0.975
1660801020,+3.50,+21.993, +6.256,+0.975
1660801080,+3.50,+21.993, +6.251,+0.975
1660801140,+3.50,+21.993, +6.268,+0.975
1660801200,+3.49,+21.993, +6.239,+0.975
1660801260,+3.49,+21.976, +6.224,+0.975
1660801320,+3.49,+21.993, +6.186,+0.975
1660801380,+3.50,+21.976, +6.182,+0.975
1660801440,+3.49,+21.976, +6.135,+0.975
1660801500,+3.49,+21.968, +6.133,+0.975
1660801560,+3.49,+21.976, +6.169,+0.975
1660801620,+3.49,+21.984, +6.154,+0.975
1660801680,+3.49,+21.993, +6.072,+0.975
1660801740,+3.49,+21.968, +6.099,+0.975
1660801800,+3.49,+21.993, +6.108,+0.975
1660801860,+3.49,+21.984, +6.107,+0.975
1660801920,+3.49,+21.976, +6.099,+0.975
1660801980,+3.49,+21.984, +6.100,+0.975
1660802040,+3.49,+21.968, +6.077,+0.975
1660802100,+3.49,+21.959, +6.082,+0.975
1660802160,+3.50,+21.976, +6.087,+0.974
1660802220,+3.50,+21.993, +6.035,+0.975
1660802280,+3.50,+21.959, +5.996,+0.975
1660802340,+3.49,+21.968, +6.018,+0.975
1660802400,+3.50,+21.959, +6.052,+0.975
1660802460,+3.49,+21.968, +6.106,+0.975
1660802520,+3.49,+21.976, +6.148,+0.975
1660802580,+3.49,+21.951, +6.160,+0.975
1660802640,+3.50,+21.959, +6.141,+0.975
1660802700,+3.50,+21.959, +6.128,+0.975
1660802760,+3.49,+21.951, +6.093,+0.975
1660802820,+3.49,+21.984, +6.049,+0.975
1660802880,+3.49,+21.959, +6.078,+0.975
1660802940,+3.50,+21.934, +6.107,+0.975
1660803000,+3.49,+21.951, +6.103,+0.975
1660803060,+3.50,+21.943, +6.091,+0.975
1660803120,+3.49,+21.934, +6.089,+0.975
1660803180,+3.49,+21.926, +6.083,+0.975
1660803240,+3.50,+21.934, +6.119,+0.975
1660803300,+3.50,+21.909, +6.136,+0.975
1660803360,+3.50,+21.934, +6.147,+0.974
1660803420,+3.50,+21.917, +6.151,+0.975
1660803480,+3.50,+21.901, +6.189,+0.975
1660803540,+3.50,+21.892, +6.202,+0.975
1660803600,+3.50,+21.892, +6.192,+0.974
1660803660,+3.50,+21.901, +6.177,+0.975
1660803720,+3.50,+21.892, +6.189,+0.974
1660803780,+3.50,+21.876, +6.240,+0.974
1660803840,+3.50,+21.867, +6.253,+0.975
1660803900,+3.50,+21.892, +6.257,+0.975
1660803960,+3.50,+21.851, +6.235,+0.975
1660804020,+3.50,+21.859, +6.241,+0.975
1660804080,+3.50,+21.851, +6.261,+0.975
1660804140,+3.50,+21.834, +6.302,+0.975
1660804200,+3.50,+21.825, +6.266,+0.975
1660804260,+3.50,+21.809, +6.275,+0.975
1660804320,+3.50,+21.825, +6.349,+0.975
1660804380,+3.50,+21.825, +6.407,+0.975
1660804440,+3.50,+21.800, +6.432,+0.975
1660804500,+3.50,+21.800, +6.447,+0.975
1660804560,+3.50,+21.800, +6.481,+0.975
1660804620,+3.50,+21.792, +6.479,+0.975
1660804680,+3.50,+21.784, +6.433,+0.975
1660804740,+3.50,+21.792, +6.370,+0.975
1660804800,+3.50,+21.767, +6.333,+0.975
1660804860,+3.50,+21.775, +6.260,+0.975
1660804920,+3.50,+21.767, +6.270,+0.975
1660804980,+3.50,+21.775, +6.282,+0.975
1660805040,+3.50,+21.767, +6.290,+0.975
1660805100,+3.50,+21.759, +6.193,+0.975
1660805160,+3.50,+21.767, +6.115,+0.975
1660805220,+3.50,+21.759, +6.104,+0.975
1660805280,+3.50,+21.742, +6.100,+0.975
1660805340,+3.50,+21.742, +6.094,+0.975
1660805400,+3.50,+21.725, +6.012,+0.975
1660805460,+3.50,+21.742, +5.926,+0.975
1660805520,+3.50,+21.742, +5.788,+0.974
1660805580,+3.50,+21.742, +5.715,+0.975
1660805640,+3.50,+21.717, +5.800,+0.975
1660805700,+3.50,+21.725, +6.028,+0.974
1660805760,+3.50,+21.700, +6.142,+0.975
1660805820,+3.50,+21.733, +6.241,+0.974
1660805880,+3.50,+21.717, +6.296,+0.975
1660805940,+3.50,+21.708, +6.286,+0.975
1660806000,+3.50,+21.717, +6.229,+0.975
1660806060,+3.50,+21.700, +6.249,+0.974
1660806120,+3.50,+21.717, +6.351,+0.975
1660806180,+3.50,+21.717, +6.387,+0.974
1660806240,+3.50,+21.708, +6.423,+0.975
1660806300,+3.50,+21.683, +6.438,+0.975
1660806360,+3.50,+21.675, +6.413,+0.975
1660806420,+3.50,+21.658, +6.454,+0.975
1660806480,+3.50,+21.641, +6.474,+0.975
1660806540,+3.50,+21.667, +6.484,+0.975
1660806600,+3.50,+21.658, +6.510,+0.975
1660806660,+3.50,+21.641, +6.546,+0.974
1660806720,+3.50,+21.641, +6.566,+0.975
1660806780,+3.50,+21.641, +6.585,+0.975
1660806840,+3.50,+21.625, +6.580,+0.975
1660806900,+3.50,+21.641, +6.542,+0.975
1660806960,+3.50,+21.641, +6.463,+0.974
1660807020,+3.50,+21.633, +6.419,+0.975
1660807080,+3.50,+21.633, +6.475,+0.975
1660807140,+3.50,+21.625, +6.572,+0.974
1660807200,+3.50,+21.608, +6.639,+0.975
1660807260,+3.50,+21.608, +6.673,+0.975
1660807320,+3.50,+21.591, +6.686,+0.975
1660807380,+3.50,+21.608, +6.721,+0.975
1660807440,+3.50,+21.600, +6.741,+0.975
1660807500,+3.50,+21.591, +6.734,+0.975
1660807560,+3.50,+21.575, +6.718,+0.974
1660807620,+3.50,+21.591, +6.737,+0.975
1660807680,+3.50,+21.591, +6.728,+0.975
1660807740,+3.50,+21.591, +6.748,+0.975
1660807800,+3.50,+21.583, +6.761,+0.975
1660807860,+3.50,+21.591, +6.777,+0.975
1660807920,+3.50,+21.600, +6.797,+0.975
1660807980,+3.50,+21.575, +6.853,+0.975
1660808040,+3.50,+21.591, +6.911,+0.975
1660808100,+3.50,+21.600, +6.933,+0.975
1660808160,+3.50,+21.591, +6.947,+0.975
1660808220,+3.50,+21.558, +6.979,+0.974
1660808280,+3.50,+21.566, +7.029,+0.975
1660808340,+3.50,+21.575, +7.091,+0.975
1660808400,+3.50,+21.549, +7.167,+0.975
1660808460,+3.50,+21.516, +7.214,+0.975
1660808520,+3.50,+21.524, +7.237,+0.974
1660808580,+3.50,+21.541, +7.252,+0.974
1660808640,+3.50,+21.541, +7.228,+0.975
1660808700,+3.50,+21.524, +7.250,+0.975
1660808760,+3.50,+21.533, +7.258,+0.975
1660808820,+3.50,+21.524, +7.252,+0.974
1660808880,+3.50,+21.541, +7.268,+0.975
1660808940,+3.50,+21.516, +7.258,+0.975
1660809000,+3.50,+21.516, +7.240,+0.974
1660809060,+3.50,+21.508, +7.257,+0.975
1660809120,+3.50,+21.508, +7.249,+0.974
1660809180,+3.50,+21.533, +7.231,+0.974
1660809240,+3.50,+21.541, +7.233,+0.974
1660809300,+3.50,+21.524, +7.233,+0.975
1660809360,+3.50,+21.516, +7.235,+0.975
1660809420,+3.50,+21.499, +7.285,+0.974
1660809480,+3.50,+21.499, +7.317,+0.975
1660809540,+3.50,+21.508, +7.306,+0.975
1660809600,+3.50,+21.524, +7.309,+0.975
1660809660,+3.50,+21.499, +7.326,+0.975
1660809720,+3.50,+21.508, +7.320,+0.975
1660809780,+3.50,+21.508, +7.332,+0.974
1660809840,+3.50,+21.491, +7.360,+0.975
1660809900,+3.50,+21.491, +7.367,+0.975
1660809960,+3.50,+21.491, +7.399,+0.975
1660810020,+3.50,+21.491, +7.414,+0.974
1660810080,+3.50,+21.466, +7.417,+0.975
1660810140,+3.50,+21.482, +7.418,+0.975
1660810200,+3.50,+21.482, +7.421,+0.975
1660810260,+3.50,+21.482, +7.419,+0.975
1660810320,+3.50,+21.482, +7.405,+0.974
1660810380,+3.50,+21.482, +7.419,+0.975
1660810440,+3.50,+21.474, +7.399,+0.974
1660810500,+3.50,+21.482, +7.412,+0.975
1660810560,+3.50,+21.474, +7.405,+0.974
1660810620,+3.50,+21.491, +7.376,+0.975
1660810680,+3.50,+21.482, +7.379,+0.975
1660810740,+3.50,+21.474, +7.359,+0.975
1660810800,+3.50,+21.482, +7.338,+0.974
1660810860,+3.50,+21.474, +7.319,+0.974
1660810920,+3.50,+21.474, +7.317,+0.975
1660810980,+3.50,+21.482, +7.310,+0.975
1660811040,+3.50,+21.491, +7.301,+0.974
1660811100,+3.50,+21.474, +7.322,+0.975
1660811160,+3.50,+21.491, +7.319,+0.975
1660811220,+3.50,+21.474, +7.321,+0.975
1660811280,+3.50,+21.482, +7.307,+0.974
1660811340,+3.50,+21.474, +7.305,+0.975
1660811400,+3.50,+21.491, +7.287,+0.975
1660811460,+3.50,+21.482, +7.298,+0.975
1660811520,+3.50,+21.482, +7.285,+0.975
1660811580,+3.50,+21.482, +7.283,+0.974
1660811640,+3.50,+21.482, +7.274,+0.975
1660811700,+3.50,+21.482, +7.261,+0.974
1660811760,+3.50,+21.474, +7.251,+0.975
1660811820,+3.50,+21.482, +7.237,+0.975
1660811880,+3.50,+21.482, +7.232,+0.974
1660811940,+3.50,+21.499, +7.239,+0.975
1660812000,+3.50,+21.482, +7.249,+0.975
1660812060,+3.50,+21.482, +7.224,+0.975
1660812120,+3.50,+21.499, +7.210,+0.975
1660812180,+3.50,+21.482, +7.210,+0.975
1660812240,+3.50,+21.474, +7.220,+0.975
1660812300,+3.50,+21.474, +7.229,+0.975
1660812360,+3.50,+21.474, +7.210,+0.975
1660812420,+3.50,+21.474, +7.207,+0.975
1660812480,+3.50,+21.482, +7.214,+0.975
1660812540,+3.50,+21.466, +7.223,+0.975
1660812600,+3.50,+21.482, +7.156,+0.974
1660812660,+3.50,+21.482, +7.151,+0.975
1660812720,+3.50,+21.466, +7.156,+0.975
1660812780,+3.50,+21.482, +7.150,+0.975
1660812840,+3.50,+21.491, +7.159,+0.974
1660812900,+3.50,+21.482, +7.172,+0.974
1660812960,+3.50,+21.491, +7.200,+0.974
1660813020,+3.50,+21.499, +7.214,+0.974
1660813080,+3.50,+21.474, +7.226,+0.975
1660813140,+3.50,+21.482, +7.231,+0.975
1660813200,+3.50,+21.474, +7.236,+0.974
1660813260,+3.50,+21.499, +7.230,+0.975
1660813320,+3.50,+21.491, +7.226,+0.975
1660813380,+3.50,+21.482, +7.227,+0.975
1660813440,+3.50,+21.482, +7.243,+0.975
1660813500,+3.50,+21.491, +7.242,+0.975
1660813560,+3.50,+21.491, +7.224,+0.975
1660813620,+3.50,+21.482, +7.227,+0.975
1660813680,+3.50,+21.499, +7.217,+0.975
1660813740,+3.50,+21.482, +7.221,+0.974
1660813800,+3.50,+21.499, +7.217,+0.975
1660813860,+3.50,+21.491, +7.197,+0.975
1660813920,+3.50,+21.491, +7.193,+0.974
1660813980,+3.50,+21.499, +7.190,+0.974
1660814040,+3.50,+21.491, +7.185,+0.975
1660814100,+3.50,+21.482, +7.159,+0.975
1660814160,+3.50,+21.516, +7.118,+0.975
1660814220,+3.50,+21.482, +7.093,+0.975
1660814280,+3.50,+21.508, +7.068,+0.975
1660814340,+3.50,+21.491, +7.027,+0.974
1660814400,+3.50,+21.508, +7.011,+0.975
1660814460,+3.50,+21.499, +7.011,+0.975
1660814520,+3.50,+21.491, +6.998,+0.975
1660814580,+3.50,+21.482, +6.979,+0.974
1660814640,+3.50,+21.499, +6.966,+0.975
1660814700,+3.50,+21.491, +6.932,+0.974
1660814760,+3.50,+21.491, +6.898,+0.975
1660814820,+3.50,+21.516, +6.851,+0.974
1660814880,+3.50,+21.516, +6.803,+0.975
1660814940,+3.50,+21.524, +6.799,+0.975
1660815000,+3.50,+21.516, +6.792,+0.975
1660815060,+3.50,+21.499, +6.783,+0.975
1660815120,+3.50,+21.491, +6.800,+0.975
1660815180,+3.50,+21.516, +6.786,+0.975
1660815240,+3.50,+21.508, +6.805,+0.975
1660815300,+3.50,+21.524, +6.797,+0.975
1660815360,+3.50,+21.524, +6.755,+0.975
1660815420,+3.50,+21.549, +6.753,+0.975
1660815480,+3.50,+21.549, +6.731,+0.975
1660815540,+3.50,+21.541, +6.680,+0.975
1660815600,+3.50,+21.549, +6.677,+0.975
1660815660,+3.50,+21.566, +6.672,+0.975
1660815720,+3.50,+21.566, +6.655,+0.975
1660815780,+3.50,+21.575, +6.657,+0.974
1660815840,+3.50,+21.591, +6.651,+0.975
1660815900,+3.50,+21.591, +6.623,+0.975
1660815960,+3.50,+21.608, +6.625,+0.975
1660816020,+3.50,+21.625, +6.610,+0.974
1660816080,+3.50,+21.600, +6.618,+0.975
1660816140,+3.50,+21.625, +6.601,+0.975
1660816200,+3.50,+21.633, +6.571,+0.974
1660816260,+3.50,+21.616, +6.642,+0.975
1660816320,+3.50,+21.641, +6.697,+0.975
1660816380,+3.50,+21.625, +6.685,+0.975
1660816440,+3.50,+21.641, +6.681,+0.975
1660816500,+3.50,+21.667, +6.700,+0.975
1660816560,+3.50,+21.675, +6.712,+0.975
1660816620,+3.50,+21.675, +6.703,+0.975
1660816680,+3.50,+21.658, +6.690,+0.975
1660816740,+3.50,+21.650, +6.661,+0.975
1660816800,+3.50,+21.650, +6.662,+0.975
1660816860,+3.50,+21.641, +6.639,+0.975
1660816920,+3.50,+21.641, +6.624,+0.975
1660816980,+3.50,+21.625, +6.621,+0.975
1660817040,+3.50,+21.616, +6.609,+0.975
1660817100,+3.50,+21.633, +6.572,+0.974
1660817160,+3.50,+21.616, +6.582,+0.974
1660817220,+3.50,+21.625, +6.580,+0.975
1660817280,+3.50,+21.625, +6.591,+0.974
1660817340,+3.50,+21.600, +6.552,+0.975
1660817400,+3.50,+21.600, +6.547,+0.974
1660817460,+3.50,+21.616, +6.593,+0.975
1660817520,+3.50,+21.633, +6.619,+0.975
1660817580,+3.50,+21.608, +6.626,+0.975
1660817640,+3.50,+21.616, +6.613,+0.975
1660817700,+3.50,+21.608, +6.612,+0.975
1660817760,+3.50,+21.616, +6.606,+0.975
1660817820,+3.50,+21.633, +6.585,+0.975
1660817880,+3.50,+21.616, +6.565,+0.975
1660817940,+3.50,+21.625, +6.565,+0.974
1660818000,+3.50,+21.633, +6.600,+0.975
1660818060,+3.50,+21.625, +6.634,+0.975
1660818120,+3.50,+21.633, +6.665,+0.975
1660818180,+3.50,+21.633, +6.651,+0.975
1660818240,+3.50,+21.641, +6.660,+0.975
1660818300,+3.50,+21.650, +6.689,+0.975
1660818360,+3.50,+21.625, +6.718,+0.975
1660818420,+3.50,+21.625, +6.716,+0.975
1660818480,+3.50,+21.633, +6.734,+0.975
1660818540,+3.50,+21.625, +6.760,+0.975
1660818600,+3.50,+21.625, +6.765,+0.975
1660818660,+3.50,+21.633, +6.776,+0.975
1660818720,+3.50,+21.650, +6.780,+0.975
1660818780,+3.50,+21.667, +6.787,+0.975
1660818840,+3.50,+21.650, +6.800,+0.975
1660818900,+3.50,+21.667, +6.811,+0.975
1660818960,+3.50,+21.683, +6.807,+0.975
1660819020,+3.50,+21.650, +6.815,+0.975
1660819080,+3.50,+21.683, +6.818,+0.975
1660819140,+3.50,+21.683, +6.853,+0.975
1660819200,+3.50,+21.708, +6.874,+0.975
1660819260,+3.50,+21.700, +6.886,+0.975
1660819320,+3.50,+21.717, +6.893,+0.975
1660819380,+3.50,+21.733, +6.895,+0.975
1660819440,+3.50,+21.733, +6.916,+0.975
1660819500,+3.50,+21.750, +6.959,+0.974
1660819560,+3.49,+21.775, +7.004,+0.975
1660819620,+3.49,+21.784, +7.018,+0.975
1660819680,+3.49,+21.784, +7.038,+0.975
1660819740,+3.50,+21.792, +7.065,+0.975
1660819800,+3.49,+21.800, +7.073,+0.975
1660819860,+3.49,+21.784, +7.094,+0.975
1660819920,+3.49,+21.809, +7.093,+0.975
1660819980,+3.49,+21.817, +7.095,+0.975
1660820040,+3.49,+21.809, +7.103,+0.975
1660820100,+3.49,+21.817, +7.097,+0.975
1660820160,+3.49,+21.809, +7.095,+0.974
1660820220,+3.49,+21.809, +7.099,+0.974
1660820280,+3.49,+21.825, +7.100,+0.975
1660820340,+3.49,+21.825, +7.096,+0.975
1660820400,+3.49,+21.817, +7.106,+0.975
1660820460,+3.49,+21.817, +7.115,+0.975
1660820520,+3.49,+21.834, +7.108,+0.975
1660820580,+3.49,+21.834, +7.118,+0.974
1660820640,+3.49,+21.842, +7.121,+0.975
1660820700,+3.49,+21.842, +7.108,+0.974
1660820760,+3.49,+21.842, +7.139,+0.974
1660820820,+3.49,+21.825, +7.143,+0.975
1660820880,+3.49,+21.851, +7.137,+0.975
1660820940,+3.49,+21.842, +7.150,+0.975
1660821000,+3.49,+21.842, +7.140,+0.975
1660821060,+3.49,+21.842, +7.161,+0.974
1660821120,+3.49,+21.851, +7.173,+0.975
1660821180,+3.49,+21.851, +7.181,+0.975
1660821240,+3.49,+21.842, +7.197,+0.975
1660821300,+3.49,+21.859, +7.220,+0.975
1660821360,+3.49,+21.859, +7.230,+0.975
1660821420,+3.49,+21.851, +7.230,+0.975
1660821480,+3.49,+21.859, +7.226,+0.975
1660821540,+3.49,+21.876, +7.220,+0.974
1660821600,+3.49,+21.867, +7.222,+0.975
1660821660,+3.49,+21.876, +7.220,+0.974
1660821720,+3.49,+21.876, +7.239,+0.975
1660821780,+3.49,+21.867, +7.234,+0.974
1660821840,+3.49,+21.867, +7.247,+0.975
1660821900,+3.49,+21.892, +7.246,+0.975
1660821960,+3.49,+21.867, +7.249,+0.974
1660822020,+3.49,+21.884, +7.244,+0.974
1660822080,+3.49,+21.867, +7.264,+0.974
1660822140,+3.49,+21.884, +7.267,+0.974
1660822200,+3.49,+21.892, +7.264,+0.975
1660822260,+3.49,+21.884, +7.281,+0.975
1660822320,+3.49,+21.892, +7.280,+0.974
1660822380,+3.49,+21.892, +7.279,+0.974
1660822440,+3.49,+21.884, +7.285,+0.975
1660822500,+3.49,+21.892, +7.288,+0.975
1660822560,+3.49,+21.884, +7.293,+0.974
1660822620,+3.49,+21.909, +7.265,+0.974
1660822680,+3.49,+21.901, +7.268,+0.975
1660822740,+3.49,+21.892, +7.284,+0.974
1660822800,+3.49,+21.901, +7.292,+0.974
1660822860,+3.49,+21.909, +7.294,+0.975
1660822920,+3.49,+21.909, +7.299,+0.975
1660822980,+3.49,+21.892, +7.305,+0.975
1660823040,+3.49,+21.901, +7.314,+0.975
1660823100,+3.49,+21.901, +7.313,+0.974
1660823160,+3.49,+21.892, +7.323,+0.975
1660823220,+3.49,+21.892, +7.327,+0.974
1660823280,+3.49,+21.901, +7.322,+0.975
1660823340,+3.49,+21.917, +7.318,+0.975
1660823400,+3.49,+21.884, +7.324,+0.975
1660823460,+3.49,+21.917, +7.335,+0.975
1660823520,+3.49,+21.901, +7.346,+0.975
1660823580,+3.49,+21.943, +7.343,+0.975
1660823640,+3.49,+21.917, +7.348,+0.974
1660823700,+3.49,+21.926, +7.354,+0.975
1660823760,+3.49,+21.917, +7.357,+0.975
1660823820,+3.49,+21.917, +7.370,+0.975
1660823880,+3.49,+21.917, +7.375,+0.974
1660823940,+3.49,+21.926, +7.375,+0.974
1660824000,+3.49,+21.926, +7.383,+0.975
1660824060,+3.49,+21.934, +7.385,+0.975
1660824120,+3.49,+21.926, +7.403,+0.975
1660824180,+3.49,+21.943, +7.403,+0.974
1660824240,+3.49,+21.943, +7.413,+0.975
1660824300,+3.49,+21.934, +7.421,+0.974
1660824360,+3.49,+21.943, +7.430,+0.975
1660824420,+3.49,+21.926, +7.445,+0.975
1660824480,+3.49,+21.951, +7.437,+0.975
1660824540,+3.49,+21.951, +7.449,+0.975
1660824600,+3.49,+21.968, +7.454,+0.975
1660824660,+3.49,+21.959, +7.460,+0.975
1660824720,+3.49,+21.968, +7.461,+0.975
1660824780,+3.49,+21.976, +7.468,+0.975
1660824840,+3.49,+21.984, +7.472,+0.975
1660824900,+3.49,+21.993, +7.476,+0.975
1660824960,+3.49,+21.984, +7.486,+0.975
1660825020,+3.49,+21.993, +7.483,+0.974
1660825080,+3.49,+22.001, +7.496,+0.975
1660825140,+3.49,+21.993, +7.496,+0.975
1660825200,+3.49,+21.993, +7.505,+0.975
1660825260,+3.49,+22.001, +7.502,+0.975
1660825320,+3.49,+21.993, +7.495,+0.974
1660825380,+3.49,+22.001, +7.514,+0.975
1660825440,+3.49,+22.009, +7.519,+0.975
1660825500,+3.49,+22.009, +7.529,+0.975
1660825560,+3.49,+21.993, +7.539,+0.975
1660825620,+3.49,+22.018, +7.537,+0.975
1660825680,+3.49,+22.026, +7.535,+0.974
1660825740,+3.49,+22.018, +7.537,+0.974
1660825800,+3.49,+22.026, +7.545,+0.975
1660825860,+3.49,+22.035, +7.539,+0.974
1660825920,+3.49,+22.009, +7.551,+0.975
1660825980,+3.49,+22.035, +7.557,+0.975
1660826040,+3.49,+22.035, +7.557,+0.975
1660826100,+3.49,+22.026, +7.565,+0.975
1660826160,+3.49,+22.018, +7.561,+0.975
1660826220,+3.49,+22.035, +7.563,+0.975
1660826280,+3.49,+22.026, +7.568,+0.975
1660826340,+3.49,+22.035, +7.579,+0.975
1660826400,+3.49,+22.051, +7.572,+0.975
1660826460,+3.49,+22.051, +7.572,+0.974
1660826520,+3.49,+22.051, +7.580,+0.975
1660826580,+3.49,+22.051, +7.574,+0.974
1660826640,+3.49,+22.043, +7.582,+0.974
1660826700,+3.49,+22.051, +7.604,+0.975
1660826760,+3.49,+22.060, +7.603,+0.975
1660826820,+3.49,+22.043, +7.613,+0.975
1660826880,+3.49,+22.051, +7.624,+0.975
1660826940,+3.49,+22.076, +7.627,+0.975
1660827000,+3.49,+22.060, +7.630,+0.975
1660827060,+3.49,+22.060, +7.630,+0.975
1660827120,+3.49,+22.051, +7.630,+0.974
1660827180,+3.49,+22.068, +7.639,+0.975
1660827240,+3.49,+22.068, +7.649,+0.975
1660827300,+3.49,+22.051, +7.657,+0.974
1660827360,+3.49,+22.085, +7.650,+0.975
1660827420,+3.49,+22.085, +7.660,+0.974
1660827480,+3.49,+22.085, +7.670,+0.975
1660827540,+3.49,+22.085, +7.686,+0.975
1660827600,+3.49,+22.085, +7.708,+0.975
1660827660,+3.49,+22.085, +7.717,+0.975
1660827720,+3.49,+22.101, +7.732,+0.975
1660827780,+3.49,+22.093, +7.740,+0.975
1660827840,+3.49,+22.093, +7.748,+0.974
1660827900,+3.49,+22.093, +7.760,+0.975
1660827960,+3.49,+22.110, +7.756,+0.975
1660828020,+3.49,+22.101, +7.771,+0.975
1660828080,+3.49,+22.110, +7.763,+0.975
1660828140,+3.49,+22.110, +7.757,+0.974
1660828200,+3.49,+22.118, +7.769,+0.975
1660828260,+3.49,+22.101, +7.782,+0.975
1660828320,+3.49,+22.110, +7.793,+0.975
1660828380,+3.49,+22.135, +7.782,+0.975
1660828440,+3.49,+22.135, +7.788,+0.975
1660828500,+3.49,+22.143, +7.779,+0.975
1660828560,+3.49,+22.135, +7.787,+0.975
1660828620,+3.49,+22.135, +7.794,+0.975
1660828680,+3.49,+22.160, +7.798,+0.975
1660828740,+3.49,+22.152, +7.817,+0.975
1660828800,+3.49,+22.152, +7.815,+0.975
1660828860,+3.49,+22.135, +7.817,+0.975
1660828920,+3.49,+22.160, +7.804,+0.974
1660828980,+3.49,+22.160, +7.806,+0.975
1660829040,+3.49,+22.160, +7.801,+0.974
1660829100,+3.49,+22.168, +7.801,+0.975
1660829160,+3.49,+22.168, +7.818,+0.975
1660829220,+3.49,+22.185, +7.811,+0.975
1660829280,+3.49,+22.168, +7.820,+0.975
1660829340,+3.49,+22.194, +7.809,+0.975
1660829400,+3.49,+22.177, +7.828,+0.975
1660829460,+3.50,+22.185, +7.820,+0.974
1660829520,+3.50,+22.210, +7.829,+0.975
1660829580,+3.50,+22.202, +7.830,+0.974
1660829640,+3.49,+22.210, +7.838,+0.975
1660829700,+3.49,+22.210, +7.837,+0.975
1660829760,+3.50,+22.202, +7.833,+0.974
1660829820,+3.50,+22.210, +7.838,+0.975
1660829880,+3.49,+22.210, +7.848,+0.975
1660829940,+3.50,+22.235, +7.844,+0.975
1660830000,+3.50,+22.219, +7.839,+0.975
1660830060,+3.50,+22.227, +7.827,+0.974
1660830120,+3.50,+22.244, +7.828,+0.975
1660830180,+3.50,+22.244, +7.833,+0.975
1660830240,+3.50,+22.244, +7.819,+0.975
1660830300,+3.50,+22.260, +7.818,+0.975
1660830360,+3.50,+22.235, +7.827,+0.975
1660830420,+3.50,+22.252, +7.811,+0.974
1660830480,+3.50,+22.252, +7.831,+0.975
1660830540,+3.50,+22.252, +7.829,+0.975
1660830600,+3.50,+22.260, +7.818,+0.975
1660830660,+3.50,+22.277, +7.802,+0.974
1660830720,+3.50,+22.277, +7.794,+0.975
1660830780,+3.50,+22.286, +7.824,+0.975
1660830840,+3.50,+22.269, +7.833,+0.975
1660830900,+3.50,+22.286, +7.839,+0.975
1660830960,+3.50,+22.277, +7.840,+0.975
1660831020,+3.50,+22.277, +7.841,+0.975
1660831080,+3.50,+22.294, +7.833,+0.975
1660831140,+3.50,+22.302, +7.834,+0.975
1660831200,+3.50,+22.327, +7.809,+0.975
1660831260,+3.50,+22.311, +7.818,+0.975
1660831320,+3.50,+22.319, +7.841,+0.975
1660831380,+3.50,+22.327, +7.836,+0.975
1660831440,+3.50,+22.327, +7.836,+0.975
1660831500,+3.50,+22.319, +7.827,+0.975
1660831560,+3.50,+22.319, +7.854,+0.975
1660831620,+3.50,+22.336, +7.835,+0.974
1660831680,+3.50,+22.344, +7.833,+0.975
1660831740,+3.50,+22.352, +7.823,+0.975
1660831800,+3.50,+22.361, +7.787,+0.975
1660831860,+3.50,+22.386, +7.666,+0.975
1660831920,+3.50,+22.378, +7.501,+0.974
1660831980,+3.50,+22.394, +7.484,+0.974
1660832040,+3.50,+22.369, +7.488,+0.975
1660832100,+3.50,+22.394, +7.511,+0.975
1660832160,+3.50,+22.403, +7.533,+0.975
1660832220,+3.50,+22.403, +7.547,+0.975
1660832280,+3.50,+22.394, +7.515,+0.975
1660832340,+3.50,+22.394, +7.562,+0.975
1660832400,+3.50,+22.403, +7.628,+0.975
1660832460,+3.50,+22.411, +7.595,+0.975
1660832520,+3.50,+22.411, +7.563,+0.975
1660832580,+3.50,+22.419, +7.574,+0.975
1660832640,+3.50,+22.403, +7.591,+0.974
1660832700,+3.50,+22.411, +7.545,+0.975
1660832760,+3.50,+22.419, +7.583,+0.975
1660832820,+3.50,+22.419, +7.610,+0.975
1660832880,+3.50,+22.428, +7.637,+0.974
1660832940,+3.50,+22.411, +7.706,+0.975
1660833000,+3.50,+22.419, +7.746,+0.975
1660833060,+3.50,+22.428, +7.813,+0.974
1660833120,+3.50,+22.436, +7.822,+0.975
1660833180,+3.50,+22.461, +7.753,+0.975
1660833240,+3.50,+22.461, +7.722,+0.974
1660833300,+3.50,+22.461, +7.675,+0.975
1660833360,+3.50,+22.453, +7.687,+0.975
1660833420,+3.50,+22.470, +7.699,+0.975
1660833480,+3.50,+22.486, +7.704,+0.975
1660833540,+3.50,+22.453, +7.725,+0.975
1660833600,+3.50,+22.503, +7.714,+0.975
1660833660,+3.50,+22.503, +7.803,+0.975
1660833720,+3.50,+22.520, +7.828,+0.975
1660833780,+3.50,+22.537, +7.908,+0.975
1660833840,+3.50,+22.537, +7.962,+0.975
1660833900,+3.50,+22.545, +7.998,+0.975
1660833960,+3.50,+22.570, +8.021,+0.975
1660834020,+3.50,+22.587, +8.107,+0.975
1660834080,+3.50,+22.587, +8.174,+0.975
1660834140,+3.50,+22.595, +8.144,+0.975
1660834200,+3.50,+22.620, +8.089,+0.975
1660834260,+3.50,+22.612, +8.169,+0.975
1660834320,+3.50,+22.637, +8.308,+0.975
1660834380,+3.50,+22.645, +8.385,+0.975
1660834440,+3.50,+22.645, +8.517,+0.975
1660834500,+3.50,+22.662, +8.661,+0.975
1660834560,+3.50,+22.679, +8.747,+0.975
1660834620,+3.50,+22.670, +8.764,+0.975
1660834680,+3.50,+22.687, +8.789,+0.975
1660834740,+3.50,+22.679, +8.847,+0.975
1660834800,+3.50,+22.712, +8.879,+0.975
1660834860,+3.50,+22.721, +8.922,+0.975
1660834920,+3.50,+22.721, +8.930,+0.975
1660834980,+3.50,+22.737, +8.945,+0.976
1660835040,+3.49,+22.746, +8.958,+0.975
1660835100,+3.50,+22.729, +8.973,+0.975
1660835160,+3.50,+22.737, +8.972,+0.975
1660835220,+3.50,+22.754, +8.973,+0.975
1660835280,+3.49,+22.763, +8.966,+0.976
1660835340,+3.49,+22.763, +8.964,+0.975
1660835400,+3.50,+22.788, +8.975,+0.976
1660835460,+3.49,+22.779, +8.990,+0.975
1660835520,+3.49,+22.821, +9.009,+0.976
1660835580,+3.49,+22.813, +9.034,+0.975
1660835640,+3.49,+22.796, +9.085,+0.976
1660835700,+3.49,+22.821, +9.064,+0.976
1660835760,+3.49,+22.821, +9.074,+0.975
1660835820,+3.49,+22.821, +9.115,+0.976
1660835880,+3.49,+22.846, +9.132,+0.975
1660835940,+3.49,+22.846, +9.133,+0.975
1660836000,+3.49,+22.871, +9.187,+0.975
1660836060,+3.49,+22.888, +9.197,+0.976
1660836120,+3.49,+22.855, +9.302,+0.975
1660836180,+3.49,+22.880, +9.396,+0.976
1660836240,+3.49,+22.888, +9.412,+0.976
1660836300,+3.49,+22.896, +9.417,+0.976
1660836360,+3.49,+22.888, +9.424,+0.976
1660836420,+3.49,+22.905, +9.455,+0.976
1660836480,+3.49,+22.930, +9.480,+0.976
1660836540,+3.49,+22.905, +9.504,+0.975
1660836600,+3.49,+22.930, +9.517,+0.975
1660836660,+3.49,+22.930, +9.518,+0.976
1660836720,+3.49,+22.938, +9.530,+0.976
