7450-383325
OS REV: 1.05 Sensor Cal: 1644949570
Time (sec),  BV (Volts),  T (deg C),  DO (mg/l),  Q ()
1660663980,+3.50,+22.578, +9.609,+0.977
1660664040,+3.50,+22.570, +9.609,+0.977
1660664100,+3.50,+22.587, +9.599,+0.975
1660664160,+3.50,+22.587, +9.616,+0.977
1660664220,+3.50,+22.595, +9.571,+0.976
1660664280,+3.50,+22.587, +9.543,+0.976
1660664340,+3.50,+22.587, +9.519,+0.976
1660664400,+3.50,+22.570, +9.492,+0.976
1660664460,+3.50,+22.578, +9.467,+0.977
1660664520,+3.50,+22.545, +9.468,+0.976
1660664580,+3.50,+22.553, +9.470,+0.976
1660664640,+3.50,+22.545, +9.480,+0.976
1660664700,+3.50,+22.553, +9.477,+0.977
1660664760,+3.50,+22.545, +9.491,+0.976
1660664820,+3.50,+22.553, +9.514,+0.977
1660664880,+3.50,+22.553, +9.508,+0.977
1660664940,+3.50,+22.537, +9.527,+0.977
1660665000,+3.50,+22.520, +9.515,+0.976
1660665060,+3.50,+22.520, +9.513,+0.976
1660665120,+3.50,+22.520, +9.510,+0.977
1660665180,+3.50,+22.503, +9.496,+0.976
1660665240,+3.50,+22.486, +9.476,+0.977
1660665300,+3.50,+22.478, +9.448,+0.976
1660665360,+3.50,+22.486, +9.449,+0.976
1660665420,+3.50,+22.503, +9.426,+0.976
1660665480,+3.50,+22.486, +9.418,+0.976
1660665540,+3.50,+22.470, +9.445,+0.977
1660665600,+3.50,+22.453, +9.497,+0.977
1660665660,+3.50,+22.436, +9.518,+0.976
1660665720,+3.50,+22.453, +9.518,+0.976
1660665780,+3.50,+22.436, +9.522,+0.976
1660665840,+3.50,+22.445, +9.512,+0.976
1660665900,+3.50,+22.428, +9.490,+0.976
1660665960,+3.50,+22.411, +9.516,+0.977
1660666020,+3.50,+22.411, +9.500,+0.976
1660666080,+3.50,+22.369, +9.506,+0.976
1660666140,+3.50,+22.386, +9.486,+0.976
1660666200,+3.50,+22.386, +9.503,+0.977
1660666260,+3.50,+22.369, +9.512,+0.977
1660666320,+3.50,+22.361, +9.485,+0.976
1660666380,+3.50,+22.378, +9.483,+0.976
1660666440,+3.50,+22.378, +9.497,+0.977
1660666500,+3.50,+22.352, +9.505,+0.976
1660666560,+3.50,+22.378, +9.501,+0.976
1660666620,+3.50,+22.378, +9.527,+0.976
1660666680,+3.50,+22.403, +9.490,+0.976
1660666740,+3.50,+22.386, +9.479,+0.976
1660666800,+3.50,+22.378, +9.473,+0.976
1660666860,+3.50,+22.378, +9.455,+0.976
1660666920,+3.50,+22.361, +9.431,+0.976
1660666980,+3.50,+22.369, +9.423,+0.976
1660667040,+3.50,+22.344, +9.453,+0.976
1660667100,+3.50,+22.352, +9.453,+0.977
1660667160,+3.50,+22.327, +9.447,+0.976
1660667220,+3.50,+22.327, +9.459,+0.976
1660667280,+3.50,+22.311, +9.468,+0.976
1660667340,+3.50,+22.327, +9.433,+0.976
1660667400,+3.50,+22.302, +9.493,+0.976
1660667460,+3.50,+22.294, +9.486,+0.976
1660667520,+3.50,+22.302, +9.500,+0.977
1660667580,+3.50,+22.302, +9.490,+0.976
1660667640,+3.50,+22.286, +9.467,+0.976
1660667700,+3.50,+22.277, +9.463,+0.976
1660667760,+3.50,+22.294, +9.437,+0.976
1660667820,+3.50,+22.302, +9.475,+0.977
1660667880,+3.50,+22.311, +9.495,+0.976
1660667940,+3.50,+22.319, +9.490,+0.976
1660668000,+3.50,+22.311, +9.483,+0.976
1660668060,+3.50,+22.311, +9.490,+0.977
1660668120,+3.50,+22.319, +9.457,+0.977
1660668180,+3.50,+22.311, +9.471,+0.976
1660668240,+3.50,+22.286, +9.479,+0.976
1660668300,+3.50,+22.294, +9.447,+0.976
1660668360,+3.50,+22.286, +9.421,+0.976
1660668420,+3.50,+22.286, +9.384,+0.976
1660668480,+3.50,+22.277, +9.432,+0.976
1660668540,+3.50,+22.277, +9.458,+0.977
1660668600,+3.50,+22.294, +9.483,+0.976
1660668660,+3.50,+22.311, +9.462,+0.976
1660668720,+3.50,+22.319, +9.459,+0.977
1660668780,+3.50,+22.319, +9.464,+0.977
1660668840,+3.50,+22.302, +9.477,+0.976
1660668900,+3.50,+22.286, +9.476,+0.976
1660668960,+3.50,+22.269, +9.516,+0.976
1660669020,+3.50,+22.286, +9.507,+0.976
1660669080,+3.50,+22.302, +9.520,+0.976
1660669140,+3.50,+22.302, +9.503,+0.976
1660669200,+3.50,+22.286, +9.478,+0.976
1660669260,+3.50,+22.286, +9.487,+0.976
1660669320,+3.50,+22.277, +9.508,+0.976
1660669380,+3.50,+22.277, +9.495,+0.976
1660669440,+3.50,+22.286, +9.482,+0.976
1660669500,+3.50,+22.252, +9.492,+0.976
1660669560,+3.50,+22.260, +9.496,+0.975
1660669620,+3.50,+22.252, +9.512,+0.977
1660669680,+3.50,+22.252, +9.513,+0.976
1660669740,+3.50,+22.244, +9.536,+0.977
1660669800,+3.50,+22.260, +9.530,+0.976
1660669860,+3.50,+22.260, +9.547,+0.977
1660669920,+3.50,+22.244, +9.517,+0.976
1660669980,+3.50,+22.252, +9.452,+0.977
1660670040,+3.50,+22.235, +9.506,+0.976
1660670100,+3.50,+22.235, +9.521,+0.976
1660670160,+3.50,+22.235, +9.513,+0.976
1660670220,+3.50,+22.227, +9.532,+0.976
1660670280,+3.50,+22.210, +9.509,+0.976
1660670340,+3.50,+22.219, +9.536,+0.976
1660670400,+3.50,+22.202, +9.507,+0.976
1660670460,+3.50,+22.194, +9.520,+0.976
1660670520,+3.50,+22.185, +9.504,+0.976
1660670580,+3.49,+22.177, +9.487,+0.976
1660670640,+3.50,+22.177, +9.483,+0.976
1660670700,+3.50,+22.168, +9.503,+0.976
1660670760,+3.50,+22.160, +9.473,+0.976
1660670820,+3.50,+22.177, +9.499,+0.976
1660670880,+3.50,+22.177, +9.494,+0.976
1660670940,+3.50,+22.202, +9.487,+0.976
1660671000,+3.50,+22.202, +9.436,+0.976
1660671060,+3.50,+22.202, +9.448,+0.976
1660671120,+3.50,+22.202, +9.427,+0.976
1660671180,+3.50,+22.219, +9.478,+0.976
1660671240,+3.50,+22.210, +9.502,+0.976
1660671300,+3.50,+22.202, +9.487,+0.976
1660671360,+3.50,+22.194, +9.490,+0.976
1660671420,+3.50,+22.202, +9.437,+0.977
1660671480,+3.50,+22.202, +9.449,+0.976
1660671540,+3.50,+22.185, +9.520,+0.977
1660671600,+3.50,+22.160, +9.554,+0.976
1660671660,+3.50,+22.185, +9.531,+0.976
1660671720,+3.50,+22.168, +9.550,+0.976
1660671780,+3.50,+22.177, +9.538,+0.976
1660671840,+3.50,+22.177, +9.543,+0.977
1660671900,+3.50,+22.194, +9.551,+0.977
1660671960,+3.50,+22.202, +9.532,+0.976
1660672020,+3.50,+22.185, +9.538,+0.977
1660672080,+3.50,+22.168, +9.548,+0.976
1660672140,+3.50,+22.177, +9.575,+0.976
1660672200,+3.50,+22.194, +9.586,+0.976
1660672260,+3.50,+22.177, +9.592,+0.976
1660672320,+3.50,+22.168, +9.556,+0.976
1660672380,+3.49,+22.160, +9.544,+0.976
1660672440,+3.50,+22.177, +9.531,+0.976
1660672500,+3.49,+22.143, +9.460,+0.976
1660672560,+3.49,+22.118, +9.409,+0.976
1660672620,+3.49,+22.101, +9.364,+0.976
1660672680,+3.49,+22.085, +9.333,+0.976
1660672740,+3.49,+22.068, +9.258,+0.976
1660672800,+3.49,+22.060, +9.306,+0.976
1660672860,+3.49,+22.043, +9.298,+0.976
1660672920,+3.49,+22.035, +9.266,+0.975
1660672980,+3.49,+22.026, +9.246,+0.976
1660673040,+3.49,+22.026, +9.235,+0.976
1660673100,+3.49,+22.009, +9.204,+0.976
1660673160,+3.49,+22.009, +9.211,+0.976
1660673220,+3.49,+22.001, +9.208,+0.976
1660673280,+3.49,+22.001, +9.194,+0.976
1660673340,+3.49,+21.993, +9.192,+0.976
1660673400,+3.49,+21.976, +9.199,+0.976
1660673460,+3.49,+21.976, +9.201,+0.976
1660673520,+3.49,+21.976, +9.200,+0.976
1660673580,+3.49,+21.976, +9.183,+0.977
1660673640,+3.49,+21.976, +9.157,+0.976
1660673700,+3.49,+21.943, +9.137,+0.976
1660673760,+3.49,+21.951, +9.103,+0.975
1660673820,+3.49,+21.951, +9.131,+0.977
1660673880,+3.50,+21.934, +9.158,+0.977
1660673940,+3.49,+21.926, +9.147,+0.976
1660674000,+3.49,+21.926, +9.144,+0.976
1660674060,+3.49,+21.934, +9.130,+0.976
1660674120,+3.49,+21.909, +9.130,+0.976
1660674180,+3.49,+21.917, +9.119,+0.976
1660674240,+3.49,+21.934, +9.123,+0.976
1660674300,+3.50,+21.926, +9.117,+0.976
1660674360,+3.50,+21.901, +9.134,+0.976
1660674420,+3.49,+21.926, +9.142,+0.976
1660674480,+3.49,+21.909, +9.146,+0.976
1660674540,+3.49,+21.917, +9.145,+0.976
1660674600,+3.50,+21.926, +9.129,+0.976
1660674660,+3.50,+21.917, +9.151,+0.976
1660674720,+3.49,+21.909, +9.112,+0.976
1660674780,+3.49,+21.909, +9.072,+0.976
1660674840,+3.49,+21.917, +8.994,+0.976
1660674900,+3.49,+21.917, +9.024,+0.975
1660674960,+3.49,+21.917, +9.054,+0.976
1660675020,+3.50,+21.901, +9.081,+0.976
1660675080,+3.49,+21.926, +9.084,+0.976
1660675140,+3.49,+21.926, +9.064,+0.976
1660675200,+3.49,+21.934, +9.072,+0.976
1660675260,+3.49,+21.934, +9.054,+0.976
1660675320,+3.50,+21.917, +9.072,+0.977
1660675380,+3.49,+21.909, +9.073,+0.976
1660675440,+3.49,+21.926, +9.052,+0.976
1660675500,+3.49,+21.959, +9.031,+0.976
1660675560,+3.49,+21.926, +9.044,+0.976
1660675620,+3.49,+21.943, +9.061,+0.976
1660675680,+3.49,+21.951, +9.049,+0.976
1660675740,+3.50,+21.934, +9.069,+0.976
1660675800,+3.49,+21.943, +9.098,+0.976
1660675860,+3.49,+21.934, +9.091,+0.976
1660675920,+3.49,+21.934, +9.091,+0.976
1660675980,+3.49,+21.943, +9.081,+0.976
1660676040,+3.49,+21.926, +9.076,+0.976
1660676100,+3.49,+21.926, +9.101,+0.977
1660676160,+3.49,+21.926, +9.089,+0.976
1660676220,+3.49,+21.934, +9.093,+0.976
1660676280,+3.49,+21.951, +9.086,+0.976
1660676340,+3.49,+21.934, +9.075,+0.976
1660676400,+3.49,+21.943, +9.109,+0.976
1660676460,+3.49,+21.951, +9.089,+0.976
1660676520,+3.49,+21.951, +9.063,+0.976
1660676580,+3.50,+21.934, +9.086,+0.976
1660676640,+3.49,+21.934, +9.072,+0.976
1660676700,+3.49,+21.934, +9.106,+0.976
1660676760,+3.49,+21.926, +9.162,+0.976
1660676820,+3.50,+21.917, +9.161,+0.976
1660676880,+3.49,+21.909, +9.143,+0.976
1660676940,+3.49,+21.934, +9.122,+0.976
1660677000,+3.49,+21.926, +9.114,+0.976
1660677060,+3.49,+21.909, +9.099,+0.975
1660677120,+3.49,+21.934, +9.141,+0.976
1660677180,+3.49,+21.943, +9.117,+0.975
1660677240,+3.49,+21.951, +9.137,+0.976
1660677300,+3.49,+21.951, +9.033,+0.975
1660677360,+3.50,+21.951, +8.991,+0.976
1660677420,+3.49,+21.951, +9.044,+0.976
1660677480,+3.49,+21.951, +9.093,+0.976
1660677540,+3.49,+21.951, +9.142,+0.976
1660677600,+3.49,+21.984, +9.156,+0.976
1660677660,+3.49,+21.984, +9.153,+0.976
1660677720,+3.49,+21.951, +9.192,+0.976
1660677780,+3.49,+21.951, +9.166,+0.976
1660677840,+3.49,+21.968, +9.158,+0.976
1660677900,+3.50,+21.943, +9.172,+0.976
1660677960,+3.49,+21.943, +9.157,+0.976
1660678020,+3.49,+21.959, +9.142,+0.976
1660678080,+3.49,+21.934, +9.129,+0.976
1660678140,+3.49,+21.934, +9.133,+0.976
1660678200,+3.49,+21.926, +9.142,+0.976
1660678260,+3.49,+21.909, +9.146,+0.976
1660678320,+3.49,+21.909, +9.132,+0.976
1660678380,+3.50,+21.901, +9.131,+0.975
1660678440,+3.50,+21.909, +9.115,+0.976
1660678500,+3.49,+21.917, +9.088,+0.976
1660678560,+3.49,+21.901, +9.085,+0.976
1660678620,+3.50,+21.917, +9.126,+0.976
1660678680,+3.50,+21.917, +9.137,+0.976
1660678740,+3.49,+21.901, +9.158,+0.976
1660678800,+3.49,+21.901, +9.154,+0.976
1660678860,+3.49,+21.909, +9.160,+0.976
1660678920,+3.49,+21.909, +9.134,+0.976
1660678980,+3.50,+21.892, +9.133,+0.975
1660679040,+3.50,+21.892, +9.137,+0.976
1660679100,+3.49,+21.901, +9.126,+0.975
1660679160,+3.50,+21.917, +9.109,+0.976
1660679220,+3.49,+21.917, +9.104,+0.976
1660679280,+3.50,+21.934, +9.138,+0.976
1660679340,+3.50,+21.934, +9.137,+0.976
1660679400,+3.49,+21.917, +9.139,+0.976
1660679460,+3.49,+21.934, +9.144,+0.976
1660679520,+3.49,+21.951, +9.130,+0.976
1660679580,+3.49,+21.959, +9.101,+0.975
1660679640,+3.49,+21.943, +9.103,+0.976
1660679700,+3.50,+21.943, +9.110,+0.976
1660679760,+3.49,+21.951, +9.115,+0.976
1660679820,+3.49,+21.934, +9.176,+0.977
1660679880,+3.49,+21.959, +9.170,+0.976
1660679940,+3.49,+21.968, +9.152,+0.975
1660680000,+3.49,+21.959, +9.147,+0.976
1660680060,+3.49,+21.968, +9.126,+0.976
1660680120,+3.49,+21.968, +9.155,+0.976
1660680180,+3.49,+21.976, +9.165,+0.976
1660680240,+3.49,+21.976, +9.136,+0.976
1660680300,+3.49,+21.984, +9.118,+0.976
1660680360,+3.49,+21.984, +9.120,+0.976
1660680420,+3.49,+21.976, +9.065,+0.976
1660680480,+3.49,+21.984, +9.048,+0.975
1660680540,+3.49,+22.001, +9.078,+0.976
1660680600,+3.49,+21.984, +9.065,+0.976
1660680660,+3.49,+22.009, +9.073,+0.976
1660680720,+3.49,+22.001, +9.099,+0.976
1660680780,+3.49,+21.984, +9.110,+0.976
1660680840,+3.49,+21.976, +9.134,+0.976
1660680900,+3.49,+21.993, +9.145,+0.976
1660680960,+3.49,+22.009, +9.134,+0.976
1660681020,+3.49,+22.009, +9.089,+0.976
1660681080,+3.49,+22.018, +9.077,+0.976
1660681140,+3.49,+22.018, +9.079,+0.976
1660681200,+3.49,+22.026, +9.154,+0.976
1660681260,+3.49,+22.026, +9.157,+0.976
1660681320,+3.49,+22.009, +9.170,+0.976
1660681380,+3.49,+22.009, +9.126,+0.976
1660681440,+3.49,+22.026, +9.136,+0.976
1660681500,+3.49,+22.009, +9.124,+0.976
1660681560,+3.49,+22.026, +9.121,+0.975
1660681620,+3.49,+22.060, +9.132,+0.976
1660681680,+3.49,+22.043, +9.155,+0.976
1660681740,+3.49,+22.085, +9.131,+0.976
1660681800,+3.49,+22.101, +9.143,+0.976
1660681860,+3.49,+22.101, +9.042,+0.976
1660681920,+3.49,+22.110, +9.079,+0.976
1660681980,+3.49,+22.110, +9.114,+0.976
1660682040,+3.49,+22.135, +9.152,+0.975
1660682100,+3.49,+22.135, +9.161,+0.976
1660682160,+3.49,+22.160, +9.164,+0.976
1660682220,+3.49,+22.168, +9.166,+0.976
1660682280,+3.50,+22.168, +9.213,+0.976
1660682340,+3.50,+22.194, +9.231,+0.976
1660682400,+3.50,+22.219, +9.232,+0.976
1660682460,+3.50,+22.219, +9.255,+0.975
1660682520,+3.50,+22.235, +9.267,+0.976
1660682580,+3.50,+22.260, +9.295,+0.976
1660682640,+3.50,+22.244, +9.305,+0.976
1660682700,+3.50,+22.277, +9.282,+0.976
1660682760,+3.50,+22.269, +9.306,+0.976
1660682820,+3.50,+22.277, +9.314,+0.976
1660682880,+3.50,+22.286, +9.315,+0.976
1660682940,+3.50,+22.311, +9.304,+0.976
1660683000,+3.50,+22.286, +9.335,+0.976
1660683060,+3.50,+22.302, +9.345,+0.976
1660683120,+3.50,+22.294, +9.345,+0.976
1660683180,+3.50,+22.302, +9.332,+0.976
1660683240,+3.50,+22.302, +9.328,+0.976
1660683300,+3.50,+22.319, +9.332,+0.976
1660683360,+3.50,+22.319, +9.333,+0.976
1660683420,+3.50,+22.327, +9.360,+0.977
1660683480,+3.50,+22.336, +9.368,+0.976
1660683540,+3.50,+22.344, +9.371,+0.976
1660683600,+3.50,+22.344, +9.367,+0.976
1660683660,+3.50,+22.361, +9.362,+0.976
1660683720,+3.50,+22.361, +9.375,+0.976
1660683780,+3.50,+22.336, +9.391,+0.976
1660683840,+3.50,+22.378, +9.383,+0.976
1660683900,+3.50,+22.352, +9.397,+0.976
1660683960,+3.50,+22.378, +9.395,+0.976
1660684020,+3.50,+22.394, +9.383,+0.976
1660684080,+3.50,+22.386, +9.404,+0.977
1660684140,+3.50,+22.378, +9.411,+0.976
1660684200,+3.50,+22.403, +9.403,+0.976
1660684260,+3.50,+22.394, +9.410,+0.976
1660684320,+3.50,+22.403, +9.426,+0.977
1660684380,+3.50,+22.394, +9.428,+0.976
1660684440,+3.50,+22.386, +9.437,+0.976
1660684500,+3.50,+22.419, +9.442,+0.977
1660684560,+3.50,+22.428, +9.438,+0.976
1660684620,+3.50,+22.428, +9.443,+0.976
1660684680,+3.50,+22.445, +9.430,+0.976
1660684740,+3.50,+22.461, +9.429,+0.977
1660684800,+3.50,+22.453, +9.419,+0.976
1660684860,+3.50,+22.478, +9.401,+0.975
1660684920,+3.50,+22.478, +9.420,+0.976
1660684980,+3.50,+22.470, +9.430,+0.976
1660685040,+3.50,+22.486, +9.423,+0.977
1660685100,+3.50,+22.503, +9.405,+0.976
1660685160,+3.50,+22.495, +9.426,+0.977
1660685220,+3.50,+22.495, +9.416,+0.976
1660685280,+3.50,+22.520, +9.421,+0.976
1660685340,+3.50,+22.553, +9.437,+0.977
1660685400,+3.50,+22.528, +9.442,+0.977
1660685460,+3.50,+22.537, +9.434,+0.976
1660685520,+3.50,+22.553, +9.417,+0.976
1660685580,+3.50,+22.537, +9.425,+0.976
1660685640,+3.50,+22.562, +9.421,+0.976
1660685700,+3.50,+22.578, +9.419,+0.977
1660685760,+3.50,+22.562, +9.415,+0.976
1660685820,+3.50,+22.595, +9.408,+0.976
1660685880,+3.50,+22.595, +9.403,+0.976
1660685940,+3.50,+22.578, +9.401,+0.977
1660686000,+3.50,+22.604, +9.389,+0.976
1660686060,+3.50,+22.604, +9.384,+0.977
1660686120,+3.50,+22.595, +9.375,+0.976
1660686180,+3.50,+22.612, +9.357,+0.976
1660686240,+3.50,+22.604, +9.353,+0.976
1660686300,+3.50,+22.612, +9.348,+0.976
1660686360,+3.50,+22.604, +9.338,+0.976
1660686420,+3.50,+22.612, +9.338,+0.976
1660686480,+3.50,+22.620, +9.336,+0.976
1660686540,+3.50,+22.620, +9.339,+0.977
1660686600,+3.50,+22.595, +9.329,+0.976
1660686660,+3.50,+22.629, +9.331,+0.976
1660686720,+3.50,+22.612, +9.341,+0.976
1660686780,+3.50,+22.620, +9.317,+0.976
1660686840,+3.50,+22.604, +9.299,+0.976
1660686900,+3.50,+22.612, +9.304,+0.976
1660686960,+3.50,+22.629, +9.291,+0.976
1660687020,+3.50,+22.645, +9.276,+0.976
1660687080,+3.50,+22.645, +9.289,+0.976
1660687140,+3.50,+22.637, +9.286,+0.976
1660687200,+3.50,+22.604, +9.282,+0.976
1660687260,+3.50,+22.637, +9.257,+0.976
1660687320,+3.50,+22.637, +9.247,+0.976
1660687380,+3.50,+22.637, +9.231,+0.976
1660687440,+3.50,+22.637, +9.217,+0.976
1660687500,+3.50,+22.645, +9.199,+0.976
1660687560,+3.50,+22.629, +9.189,+0.976
1660687620,+3.50,+22.645, +9.177,+0.976
1660687680,+3.50,+22.670, +9.166,+0.977
1660687740,+3.50,+22.645, +9.160,+0.976
1660687800,+3.50,+22.637, +9.163,+0.976
1660687860,+3.50,+22.645, +9.159,+0.976
1660687920,+3.50,+22.612, +9.179,+0.976
1660687980,+3.50,+22.637, +9.181,+0.976
1660688040,+3.50,+22.620, +9.192,+0.976
1660688100,+3.50,+22.654, +9.189,+0.976
1660688160,+3.50,+22.645, +9.180,+0.976
1660688220,+3.50,+22.645, +9.201,+0.976
1660688280,+3.50,+22.629, +9.216,+0.976
1660688340,+3.50,+22.612, +9.205,+0.976
1660688400,+3.50,+22.612, +9.193,+0.976
1660688460,+3.50,+22.629, +9.162,+0.976
1660688520,+3.50,+22.612, +9.160,+0.976
1660688580,+3.50,+22.637, +9.173,+0.977
1660688640,+3.50,+22.620, +9.163,+0.976
1660688700,+3.50,+22.620, +9.162,+0.976
1660688760,+3.50,+22.612, +9.149,+0.976
1660688820,+3.50,+22.604, +9.120,+0.975
1660688880,+3.50,+22.629, +9.099,+0.975
1660688940,+3.50,+22.595, +9.092,+0.975
1660689000,+3.50,+22.612, +9.080,+0.976
1660689060,+3.50,+22.620, +9.053,+0.976
1660689120,+3.50,+22.629, +9.015,+0.976
1660689180,+3.50,+22.637, +8.997,+0.976
1660689240,+3.50,+22.620, +8.976,+0.976
1660689300,+3.50,+22.637, +8.945,+0.976
1660689360,+3.50,+22.645, +8.928,+0.976
1660689420,+3.50,+22.645, +8.928,+0.976
1660689480,+3.50,+22.629, +8.927,+0.976
1660689540,+3.50,+22.637, +8.924,+0.977
1660689600,+3.50,+22.654, +8.895,+0.976
1660689660,+3.50,+22.629, +8.906,+0.976
1660689720,+3.50,+22.654, +8.889,+0.976
1660689780,+3.50,+22.645, +8.882,+0.976
1660689840,+3.50,+22.662, +8.874,+0.975
1660689900,+3.50,+22.654, +8.886,+0.976
1660689960,+3.50,+22.654, +8.883,+0.976
1660690020,+3.50,+22.654, +8.885,+0.976
1660690080,+3.50,+22.662, +8.899,+0.976
1660690140,+3.50,+22.670, +8.892,+0.976
1660690200,+3.50,+22.654, +8.893,+0.976
1660690260,+3.50,+22.654, +8.879,+0.976
1660690320,+3.50,+22.662, +8.866,+0.976
1660690380,+3.50,+22.645, +8.855,+0.976
1660690440,+3.50,+22.662, +8.862,+0.976
1660690500,+3.50,+22.654, +8.862,+0.976
1660690560,+3.50,+22.654, +8.860,+0.976
1660690620,+3.50,+22.662, +8.830,+0.975
1660690680,+3.50,+22.654, +8.840,+0.976
1660690740,+3.50,+22.662, +8.828,+0.976
1660690800,+3.50,+22.662, +8.839,+0.976
1660690860,+3.50,+22.654, +8.834,+0.976
1660690920,+3.50,+22.679, +8.834,+0.976
1660690980,+3.50,+22.662, +8.841,+0.976
1660691040,+3.50,+22.645, +8.862,+0.976
1660691100,+3.50,+22.654, +8.839,+0.975
1660691160,+3.50,+22.645, +8.843,+0.976
1660691220,+3.50,+22.637, +8.826,+0.976
1660691280,+3.50,+22.629, +8.824,+0.976
1660691340,+3.50,+22.637, +8.828,+0.976
1660691400,+3.50,+22.637, +8.822,+0.976
1660691460,+3.50,+22.637, +8.824,+0.976
1660691520,+3.50,+22.645, +8.807,+0.976
1660691580,+3.50,+22.620, +8.811,+0.976
1660691640,+3.50,+22.637, +8.787,+0.976
1660691700,+3.50,+22.637, +8.784,+0.976
1660691760,+3.50,+22.620, +8.777,+0.976
1660691820,+3.50,+22.629, +8.753,+0.976
1660691880,+3.50,+22.612, +8.755,+0.976
1660691940,+3.50,+22.620, +8.736,+0.976
1660692000,+3.50,+22.620, +8.734,+0.976
1660692060,+3.50,+22.604, +8.741,+0.976
1660692120,+3.50,+22.612, +8.730,+0.976
1660692180,+3.50,+22.595, +8.723,+0.976
1660692240,+3.50,+22.604, +8.720,+0.976
1660692300,+3.50,+22.612, +8.714,+0.976
1660692360,+3.50,+22.612, +8.698,+0.976
1660692420,+3.50,+22.604, +8.680,+0.975
1660692480,+3.50,+22.604, +8.686,+0.976
1660692540,+3.50,+22.595, +8.683,+0.976
1660692600,+3.50,+22.595, +8.667,+0.976
1660692660,+3.50,+22.587, +8.657,+0.975
1660692720,+3.50,+22.587, +8.663,+0.976
1660692780,+3.50,+22.578, +8.661,+0.976
1660692840,+3.50,+22.587, +8.646,+0.976
1660692900,+3.50,+22.578, +8.634,+0.976
1660692960,+3.50,+22.587, +8.640,+0.976
1660693020,+3.50,+22.587, +8.622,+0.976
1660693080,+3.50,+22.578, +8.634,+0.977
1660693140,+3.50,+22.570, +8.616,+0.976
1660693200,+3.50,+22.570, +8.605,+0.976
1660693260,+3.50,+22.570, +8.599,+0.976
1660693320,+3.50,+22.553, +8.590,+0.976
1660693380,+3.50,+22.545, +8.576,+0.976
1660693440,+3.50,+22.545, +8.568,+0.976
1660693500,+3.50,+22.545, +8.567,+0.976
1660693560,+3.50,+22.545, +8.542,+0.976
1660693620,+3.50,+22.553, +8.536,+0.976
1660693680,+3.50,+22.528, +8.532,+0.975
1660693740,+3.50,+22.528, +8.533,+0.976
1660693800,+3.50,+22.537, +8.544,+0.976
1660693860,+3.50,+22.520, +8.540,+0.976
1660693920,+3.50,+22.528, +8.545,+0.976
1660693980,+3.50,+22.503, +8.546,+0.976
1660694040,+3.50,+22.528, +8.540,+0.976
1660694100,+3.50,+22.495, +8.535,+0.976
1660694160,+3.50,+22.503, +8.532,+0.975
1660694220,+3.50,+22.495, +8.519,+0.976
1660694280,+3.50,+22.486, +8.523,+0.976
1660694340,+3.50,+22.495, +8.515,+0.976
1660694400,+3.50,+22.470, +8.519,+0.976
1660694460,+3.50,+22.478, +8.505,+0.976
1660694520,+3.50,+22.486, +8.490,+0.976
1660694580,+3.50,+22.478, +8.475,+0.976
1660694640,+3.50,+22.478, +8.476,+0.976
1660694700,+3.50,+22.461, +8.464,+0.975
1660694760,+3.50,+22.453, +8.457,+0.975
1660694820,+3.50,+22.453, +8.444,+0.976
1660694880,+3.50,+22.411, +8.421,+0.975
1660694940,+3.50,+22.419, +8.412,+0.976
1660695000,+3.50,+22.428, +8.384,+0.975
1660695060,+3.50,+22.403, +8.379,+0.976
1660695120,+3.50,+22.428, +8.359,+0.976
1660695180,+3.50,+22.411, +8.350,+0.975
1660695240,+3.50,+22.411, +8.370,+0.976
1660695300,+3.50,+22.394, +8.360,+0.976
1660695360,+3.50,+22.394, +8.358,+0.976
1660695420,+3.50,+22.369, +8.367,+0.976
1660695480,+3.50,+22.386, +8.361,+0.976
1660695540,+3.50,+22.378, +8.362,+0.975
1660695600,+3.50,+22.378, +8.361,+0.976
1660695660,+3.50,+22.369, +8.368,+0.976
1660695720,+3.50,+22.369, +8.378,+0.976
1660695780,+3.50,+22.378, +8.387,+0.976
1660695840,+3.50,+22.361, +8.388,+0.976
1660695900,+3.50,+22.361, +8.402,+0.976
1660695960,+3.50,+22.352, +8.418,+0.975
1660696020,+3.50,+22.344, +8.433,+0.976
1660696080,+3.50,+22.336, +8.436,+0.976
1660696140,+3.50,+22.327, +8.471,+0.975
1660696200,+3.50,+22.319, +8.534,+0.976
1660696260,+3.50,+22.344, +8.556,+0.975
1660696320,+3.50,+22.327, +8.615,+0.976
1660696380,+3.50,+22.327, +8.635,+0.975
1660696440,+3.50,+22.336, +8.667,+0.976
1660696500,+3.50,+22.319, +8.686,+0.975
1660696560,+3.50,+22.336, +8.671,+0.976
1660696620,+3.50,+22.344, +8.658,+0.975
1660696680,+3.50,+22.336, +8.709,+0.976
1660696740,+3.50,+22.344, +8.707,+0.975
1660696800,+3.50,+22.344, +8.721,+0.975
1660696860,+3.50,+22.311, +8.759,+0.976
1660696920,+3.50,+22.311, +8.763,+0.976
1660696980,+3.50,+22.327, +8.742,+0.976
1660697040,+3.50,+22.361, +8.753,+0.975
1660697100,+3.50,+22.319, +8.770,+0.976
1660697160,+3.50,+22.327, +8.759,+0.976
1660697220,+3.50,+22.344, +8.755,+0.976
1660697280,+3.50,+22.352, +8.762,+0.976
1660697340,+3.50,+22.327, +8.771,+0.976
1660697400,+3.50,+22.327, +8.751,+0.975
1660697460,+3.50,+22.344, +8.733,+0.976
1660697520,+3.50,+22.336, +8.731,+0.976
1660697580,+3.50,+22.344, +8.730,+0.976
1660697640,+3.50,+22.336, +8.730,+0.976
1660697700,+3.50,+22.319, +8.718,+0.976
1660697760,+3.50,+22.327, +8.738,+0.976
1660697820,+3.50,+22.311, +8.740,+0.976
1660697880,+3.50,+22.336, +8.731,+0.976
1660697940,+3.50,+22.327, +8.720,+0.975
1660698000,+3.50,+22.327, +8.730,+0.976
1660698060,+3.50,+22.319, +8.735,+0.976
1660698120,+3.50,+22.302, +8.723,+0.976
1660698180,+3.50,+22.311, +8.710,+0.976
1660698240,+3.50,+22.319, +8.687,+0.975
1660698300,+3.50,+22.319, +8.674,+0.976
1660698360,+3.50,+22.327, +8.627,+0.976
1660698420,+3.50,+22.319, +8.649,+0.975
1660698480,+3.50,+22.336, +8.673,+0.976
1660698540,+3.50,+22.311, +8.680,+0.975
1660698600,+3.50,+22.327, +8.672,+0.976
1660698660,+3.50,+22.327, +8.670,+0.976
1660698720,+3.50,+22.336, +8.685,+0.975
1660698780,+3.50,+22.336, +8.651,+0.975
1660698840,+3.50,+22.352, +8.615,+0.976
1660698900,+3.50,+22.336, +8.616,+0.976
1660698960,+3.50,+22.336, +8.640,+0.976
1660699020,+3.50,+22.327, +8.663,+0.976
1660699080,+3.50,+22.319, +8.669,+0.976
1660699140,+3.50,+22.327, +8.639,+0.976
1660699200,+3.50,+22.327, +8.611,+0.976
1660699260,+3.50,+22.319, +8.636,+0.976
1660699320,+3.50,+22.327, +8.597,+0.976
1660699380,+3.50,+22.327, +8.619,+0.976
1660699440,+3.50,+22.336, +8.618,+0.975
1660699500,+3.50,+22.319, +8.615,+0.976
1660699560,+3.50,+22.327, +8.627,+0.976
1660699620,+3.50,+22.336, +8.601,+0.976
1660699680,+3.50,+22.319, +8.601,+0.976
1660699740,+3.50,+22.311, +8.502,+0.976
1660699800,+3.50,+22.336, +8.465,+0.976
1660699860,+3.50,+22.319, +8.437,+0.975
1660699920,+3.50,+22.302, +8.509,+0.976
1660699980,+3.50,+22.319, +8.525,+0.976
1660700040,+3.50,+22.302, +8.415,+0.975
1660700100,+3.50,+22.311, +8.240,+0.976
1660700160,+3.50,+22.302, +8.171,+0.975
1660700220,+3.50,+22.302, +8.135,+0.975
1660700280,+3.50,+22.302, +8.092,+0.975
1660700340,+3.50,+22.302, +8.165,+0.976
1660700400,+3.50,+22.294, +8.276,+0.975
1660700460,+3.50,+22.294, +8.365,+0.976
1660700520,+3.50,+22.302, +8.416,+0.976
1660700580,+3.50,+22.311, +8.401,+0.976
1660700640,+3.50,+22.294, +8.428,+0.976
1660700700,+3.50,+22.294, +8.455,+0.975
1660700760,+3.50,+22.319, +8.474,+0.976
1660700820,+3.50,+22.269, +8.501,+0.975
1660700880,+3.50,+22.277, +8.474,+0.976
1660700940,+3.50,+22.277, +8.465,+0.976
1660701000,+3.50,+22.286, +8.429,+0.976
1660701060,+3.50,+22.277, +8.419,+0.976
1660701120,+3.50,+22.244, +8.405,+0.976
1660701180,+3.50,+22.227, +8.382,+0.976
1660701240,+3.50,+22.235, +8.361,+0.975
1660701300,+3.50,+22.244, +8.318,+0.976
1660701360,+3.50,+22.210, +8.298,+0.975
1660701420,+3.50,+22.235, +8.282,+0.975
1660701480,+3.50,+22.235, +8.235,+0.976
1660701540,+3.50,+22.219, +8.198,+0.975
1660701600,+3.50,+22.227, +8.158,+0.975
1660701660,+3.50,+22.244, +8.132,+0.975
1660701720,+3.50,+22.235, +8.077,+0.975
1660701780,+3.50,+22.202, +8.034,+0.975
1660701840,+3.50,+22.219, +8.018,+0.976
1660701900,+3.50,+22.227, +8.009,+0.976
1660701960,+3.50,+22.202, +8.004,+0.975
1660702020,+3.50,+22.210, +7.972,+0.975
1660702080,+3.50,+22.210, +7.964,+0.975
1660702140,+3.50,+22.194, +7.922,+0.976
1660702200,+3.50,+22.202, +7.914,+0.976
1660702260,+3.50,+22.177, +7.861,+0.976
1660702320,+3.50,+22.210, +7.849,+0.976
1660702380,+3.50,+22.202, +7.822,+0.975
1660702440,+3.50,+22.194, +7.799,+0.975
1660702500,+3.50,+22.185, +7.765,+0.975
1660702560,+3.50,+22.194, +7.733,+0.976
1660702620,+3.50,+22.202, +7.710,+0.975
1660702680,+3.50,+22.160, +7.676,+0.975
1660702740,+3.50,+22.185, +7.648,+0.976
1660702800,+3.50,+22.168, +7.616,+0.976
1660702860,+3.50,+22.185, +7.579,+0.976
1660702920,+3.50,+22.202, +7.572,+0.975
1660702980,+3.50,+22.194, +7.560,+0.975
1660703040,+3.50,+22.185, +7.551,+0.975
1660703100,+3.50,+22.168, +7.556,+0.975
1660703160,+3.50,+22.177, +7.555,+0.975
1660703220,+3.50,+22.194, +7.512,+0.975
1660703280,+3.50,+22.185, +7.501,+0.975
1660703340,+3.50,+22.177, +7.527,+0.976
1660703400,+3.50,+22.185, +7.518,+0.975
1660703460,+3.50,+22.210, +7.506,+0.975
1660703520,+3.50,+22.202, +7.484,+0.976
1660703580,+3.50,+22.219, +7.456,+0.976
1660703640,+3.50,+22.202, +7.448,+0.976
1660703700,+3.50,+22.202, +7.437,+0.976
1660703760,+3.50,+22.210, +7.434,+0.975
1660703820,+3.50,+22.202, +7.429,+0.975
1660703880,+3.50,+22.202, +7.388,+0.975
1660703940,+3.50,+22.219, +7.342,+0.975
1660704000,+3.50,+22.219, +7.361,+0.976
1660704060,+3.50,+22.227, +7.289,+0.975
1660704120,+3.50,+22.252, +7.291,+0.975
1660704180,+3.50,+22.235, +7.353,+0.975
1660704240,+3.50,+22.235, +7.395,+0.975
1660704300,+3.50,+22.202, +7.386,+0.975
1660704360,+3.50,+22.235, +7.353,+0.975
1660704420,+3.50,+22.244, +7.345,+0.976
1660704480,+3.50,+22.252, +7.332,+0.975
1660704540,+3.50,+22.227, +7.304,+0.975
1660704600,+3.50,+22.260, +7.301,+0.975
1660704660,+3.50,+22.252, +7.297,+0.975
1660704720,+3.50,+22.252, +7.312,+0.976
1660704780,+3.50,+22.252, +7.293,+0.975
1660704840,+3.50,+22.269, +7.303,+0.975
1660704900,+3.50,+22.252, +7.320,+0.975
1660704960,+3.50,+22.269, +7.322,+0.975
1660705020,+3.50,+22.269, +7.327,+0.975
1660705080,+3.50,+22.269, +7.321,+0.975
1660705140,+3.50,+22.260, +7.335,+0.975
1660705200,+3.50,+22.260, +7.329,+0.976
1660705260,+3.50,+22.277, +7.270,+0.975
1660705320,+3.50,+22.260, +7.264,+0.976
1660705380,+3.50,+22.277, +7.277,+0.975
1660705440,+3.50,+22.269, +7.289,+0.976
1660705500,+3.50,+22.260, +7.287,+0.975
1660705560,+3.50,+22.260, +7.287,+0.975
1660705620,+3.50,+22.277, +7.252,+0.975
1660705680,+3.50,+22.252, +7.267,+0.975
1660705740,+3.50,+22.260, +7.281,+0.975
1660705800,+3.50,+22.260, +7.262,+0.975
1660705860,+3.50,+22.252, +7.219,+0.975
1660705920,+3.50,+22.235, +7.226,+0.975
1660705980,+3.50,+22.227, +7.235,+0.975
1660706040,+3.50,+22.235, +7.205,+0.975
1660706100,+3.50,+22.227, +7.212,+0.975
1660706160,+3.50,+22.210, +7.220,+0.975
1660706220,+3.50,+22.202, +7.204,+0.976
1660706280,+3.50,+22.219, +7.188,+0.975
1660706340,+3.50,+22.202, +7.202,+0.975
1660706400,+3.50,+22.210, +7.203,+0.975
1660706460,+3.50,+22.185, +7.197,+0.975
1660706520,+3.50,+22.185, +7.203,+0.975
1660706580,+3.50,+22.194, +7.151,+0.975
1660706640,+3.50,+22.210, +7.118,+0.975
1660706700,+3.50,+22.194, +7.132,+0.975
1660706760,+3.50,+22.194, +7.122,+0.975
1660706820,+3.50,+22.202, +7.104,+0.975
1660706880,+3.50,+22.202, +7.106,+0.975
1660706940,+3.50,+22.202, +7.118,+0.975
1660707000,+3.50,+22.194, +7.129,+0.975
1660707060,+3.50,+22.194, +7.142,+0.975
1660707120,+3.50,+22.194, +7.156,+0.975
1660707180,+3.50,+22.177, +7.141,+0.976
1660707240,+3.50,+22.177, +7.105,+0.975
1660707300,+3.50,+22.177, +7.092,+0.975
1660707360,+3.50,+22.168, +7.071,+0.975
1660707420,+3.50,+22.168, +7.084,+0.975
1660707480,+3.50,+22.168, +7.086,+0.975
1660707540,+3.50,+22.160, +7.077,+0.975
1660707600,+3.50,+22.160, +7.074,+0.975
1660707660,+3.49,+22.160, +7.033,+0.975
1660707720,+3.50,+22.160, +7.034,+0.975
1660707780,+3.49,+22.168, +7.034,+0.976
1660707840,+3.50,+22.160, +7.013,+0.975
1660707900,+3.49,+22.135, +7.020,+0.975
1660707960,+3.49,+22.143, +6.977,+0.975
1660708020,+3.49,+22.152, +6.978,+0.975
1660708080,+3.50,+22.152, +6.972,+0.975
1660708140,+3.50,+22.160, +6.948,+0.976
1660708200,+3.50,+22.143, +6.952,+0.975
1660708260,+3.50,+22.143, +6.934,+0.975
1660708320,+3.50,+22.152, +6.917,+0.975
1660708380,+3.50,+22.143, +6.920,+0.976
1660708440,+3.49,+22.127, +6.918,+0.975
1660708500,+3.49,+22.152, +6.886,+0.975
1660708560,+3.49,+22.143, +6.867,+0.975
1660708620,+3.49,+22.143, +6.840,+0.975
1660708680,+3.50,+22.135, +6.829,+0.975
1660708740,+3.50,+22.143, +6.818,+0.975
1660708800,+3.49,+22.135, +6.837,+0.975
1660708860,+3.49,+22.135, +6.834,+0.975
1660708920,+3.49,+22.143, +6.816,+0.975
1660708980,+3.50,+22.143, +6.813,+0.975
1660709040,+3.50,+22.127, +6.803,+0.976
1660709100,+3.50,+22.143, +6.765,+0.975
1660709160,+3.50,+22.127, +6.754,+0.976
1660709220,+3.49,+22.127, +6.720,+0.975
1660709280,+3.49,+22.101, +6.703,+0.975
1660709340,+3.50,+22.118, +6.652,+0.975
1660709400,+3.49,+22.118, +6.642,+0.975
1660709460,+3.49,+22.118, +6.646,+0.975
1660709520,+3.49,+22.101, +6.610,+0.975
1660709580,+3.50,+22.118, +6.582,+0.975
1660709640,+3.49,+22.127, +6.568,+0.975
1660709700,+3.49,+22.093, +6.583,+0.975
1660709760,+3.49,+22.110, +6.588,+0.975
1660709820,+3.49,+22.110, +6.530,+0.975
1660709880,+3.49,+22.101, +6.515,+0.976
1660709940,+3.49,+22.085, +6.476,+0.975
1660710000,+3.50,+22.076, +6.445,+0.975
1660710060,+3.49,+22.085, +6.485,+0.975
1660710120,+3.49,+22.068, +6.494,+0.975
1660710180,+3.49,+22.068, +6.482,+0.975
1660710240,+3.49,+22.093, +6.429,+0.975
1660710300,+3.50,+22.068, +6.448,+0.975
1660710360,+3.49,+22.060, +6.471,+0.976
1660710420,+3.49,+22.051, +6.478,+0.976
1660710480,+3.49,+22.068, +6.452,+0.975
1660710540,+3.49,+22.060, +6.491,+0.976
1660710600,+3.49,+22.060, +6.472,+0.975
1660710660,+3.50,+22.043, +6.478,+0.975
1660710720,+3.49,+22.043, +6.484,+0.975
1660710780,+3.50,+22.035, +6.476,+0.975
1660710840,+3.50,+22.035, +6.478,+0.975
1660710900,+3.50,+22.035, +6.499,+0.975
1660710960,+3.50,+22.026, +6.475,+0.975
1660711020,+3.50,+22.035, +6.493,+0.975
1660711080,+3.50,+22.026, +6.484,+0.975
1660711140,+3.50,+22.018, +6.460,+0.975
1660711200,+3.50,+22.001, +6.476,+0.975
1660711260,+3.50,+22.018, +6.495,+0.975
1660711320,+3.50,+22.018, +6.481,+0.975
1660711380,+3.50,+22.009, +6.459,+0.975
1660711440,+3.50,+21.993, +6.497,+0.975
1660711500,+3.49,+21.993, +6.524,+0.975
1660711560,+3.50,+22.018, +6.545,+0.975
1660711620,+3.50,+22.001, +6.575,+0.975
1660711680,+3.49,+21.984, +6.563,+0.975
1660711740,+3.50,+22.001, +6.594,+0.975
1660711800,+3.50,+22.001, +6.573,+0.975
1660711860,+3.50,+21.993, +6.583,+0.975
1660711920,+3.50,+22.026, +6.601,+0.975
1660711980,+3.50,+22.001, +6.641,+0.975
1660712040,+3.50,+22.009, +6.658,+0.976
1660712100,+3.50,+22.001, +6.673,+0.975
1660712160,+3.49,+21.993, +6.658,+0.975
1660712220,+3.49,+22.001, +6.651,+0.975
1660712280,+3.49,+21.993, +6.669,+0.975
1660712340,+3.49,+22.001, +6.675,+0.975
1660712400,+3.50,+22.001, +6.690,+0.975
1660712460,+3.49,+21.984, +6.717,+0.975
1660712520,+3.50,+21.993, +6.710,+0.975
1660712580,+3.50,+21.984, +6.719,+0.975
1660712640,+3.50,+21.984, +6.714,+0.975
1660712700,+3.50,+21.984, +6.684,+0.975
1660712760,+3.49,+22.001, +6.646,+0.975
1660712820,+3.50,+21.968, +6.685,+0.976
1660712880,+3.50,+21.968, +6.679,+0.975
1660712940,+3.50,+21.976, +6.671,+0.975
1660713000,+3.50,+21.976, +6.669,+0.975
1660713060,+3.50,+21.976, +6.695,+0.975
1660713120,+3.50,+21.951, +6.684,+0.975
1660713180,+3.50,+21.951, +6.654,+0.975
1660713240,+3.50,+21.943, +6.628,+0.975
1660713300,+3.50,+21.951, +6.592,+0.975
1660713360,+3.50,+21.943, +6.601,+0.975
1660713420,+3.50,+21.943, +6.638,+0.975
1660713480,+3.49,+21.934, +6.584,+0.975
1660713540,+3.50,+21.909, +6.543,+0.975
1660713600,+3.50,+21.934, +6.577,+0.975
1660713660,+3.50,+21.917, +6.581,+0.975
1660713720,+3.50,+21.909, +6.544,+0.975
1660713780,+3.50,+21.884, +6.574,+0.975
1660713840,+3.50,+21.876, +6.564,+0.975
1660713900,+3.50,+21.859, +6.565,+0.975
1660713960,+3.50,+21.834, +6.675,+0.975
1660714020,+3.50,+21.834, +6.714,+0.975
1660714080,+3.50,+21.825, +6.747,+0.976
1660714140,+3.50,+21.800, +6.796,+0.975
1660714200,+3.50,+21.792, +6.816,+0.975
1660714260,+3.50,+21.792, +6.815,+0.975
1660714320,+3.50,+21.792, +6.787,+0.975
1660714380,+3.50,+21.775, +6.827,+0.975
1660714440,+3.50,+21.767, +6.864,+0.975
1660714500,+3.50,+21.742, +6.886,+0.975
1660714560,+3.50,+21.742, +6.938,+0.975
1660714620,+3.50,+21.759, +6.938,+0.975
1660714680,+3.50,+21.708, +6.949,+0.975
1660714740,+3.50,+21.708, +6.999,+0.975
1660714800,+3.50,+21.700, +7.009,+0.975
1660714860,+3.50,+21.717, +7.022,+0.975
1660714920,+3.50,+21.692, +7.019,+0.975
1660714980,+3.50,+21.708, +7.035,+0.975
1660715040,+3.50,+21.658, +7.059,+0.975
1660715100,+3.50,+21.692, +7.092,+0.976
1660715160,+3.50,+21.675, +7.057,+0.975
1660715220,+3.50,+21.683, +7.030,+0.975
1660715280,+3.50,+21.675, +7.011,+0.975
1660715340,+3.50,+21.667, +7.012,+0.975
1660715400,+3.50,+21.650, +7.054,+0.975
1660715460,+3.50,+21.658, +7.088,+0.975
1660715520,+3.50,+21.658, +7.068,+0.975
1660715580,+3.50,+21.650, +7.018,+0.975
1660715640,+3.50,+21.667, +6.983,+0.975
1660715700,+3.50,+21.650, +7.001,+0.975
1660715760,+3.50,+21.658, +6.999,+0.975
1660715820,+3.50,+21.633, +7.020,+0.975
1660715880,+3.50,+21.667, +7.040,+0.975
1660715940,+3.50,+21.658, +7.020,+0.975
1660716000,+3.50,+21.633, +6.975,+0.975
1660716060,+3.50,+21.625, +6.969,+0.975
1660716120,+3.50,+21.641, +6.990,+0.975
1660716180,+3.50,+21.658, +6.989,+0.975
1660716240,+3.50,+21.641, +6.975,+0.975
1660716300,+3.50,+21.633, +7.010,+0.976
1660716360,+3.50,+21.625, +6.921,+0.975
1660716420,+3.50,+21.633, +6.961,+0.975
1660716480,+3.50,+21.633, +6.943,+0.975
1660716540,+3.50,+21.633, +6.949,+0.975
1660716600,+3.50,+21.633, +6.946,+0.975
1660716660,+3.50,+21.625, +6.911,+0.975
1660716720,+3.50,+21.625, +7.028,+0.975
1660716780,+3.50,+21.608, +7.039,+0.975
1660716840,+3.50,+21.616, +6.985,+0.975
1660716900,+3.50,+21.616, +6.921,+0.975
1660716960,+3.50,+21.600, +6.837,+0.975
1660717020,+3.50,+21.591, +6.808,+0.975
1660717080,+3.50,+21.608, +6.817,+0.975
1660717140,+3.50,+21.616, +6.780,+0.975
1660717200,+3.50,+21.591, +6.729,+0.975
1660717260,+3.50,+21.600, +6.821,+0.975
1660717320,+3.50,+21.575, +6.958,+0.975
1660717380,+3.50,+21.600, +6.975,+0.975
1660717440,+3.50,+21.583, +6.949,+0.975
1660717500,+3.50,+21.591, +6.983,+0.975
1660717560,+3.50,+21.575, +7.029,+0.975
1660717620,+3.50,+21.591, +7.041,+0.975
1660717680,+3.50,+21.600, +7.042,+0.975
1660717740,+3.50,+21.591, +7.014,+0.975
1660717800,+3.50,+21.591, +6.838,+0.975
1660717860,+3.50,+21.600, +6.717,+0.975
1660717920,+3.50,+21.566, +6.656,+0.975
1660717980,+3.50,+21.591, +6.632,+0.975
1660718040,+3.50,+21.583, +6.708,+0.975
1660718100,+3.50,+21.591, +6.855,+0.975
1660718160,+3.50,+21.583, +6.925,+0.975
1660718220,+3.50,+21.575, +6.937,+0.975
1660718280,+3.50,+21.566, +7.010,+0.975
1660718340,+3.50,+21.549, +7.195,+0.975
1660718400,+3.50,+21.549, +7.211,+0.975
1660718460,+3.50,+21.558, +7.208,+0.975
1660718520,+3.50,+21.541, +7.217,+0.975
1660718580,+3.50,+21.524, +7.351,+0.975
1660718640,+3.50,+21.516, +7.455,+0.975
1660718700,+3.50,+21.499, +7.514,+0.975
1660718760,+3.50,+21.516, +7.529,+0.975
1660718820,+3.50,+21.508, +7.555,+0.975
1660718880,+3.50,+21.491, +7.573,+0.975
1660718940,+3.50,+21.499, +7.567,+0.975
1660719000,+3.50,+21.482, +7.522,+0.975
1660719060,+3.50,+21.491, +7.539,+0.975
1660719120,+3.50,+21.474, +7.589,+0.976
1660719180,+3.50,+21.466, +7.589,+0.975
1660719240,+3.50,+21.466, +7.605,+0.976
1660719300,+3.50,+21.449, +7.549,+0.975
1660719360,+3.50,+21.441, +7.507,+0.975
1660719420,+3.50,+21.466, +7.517,+0.975
1660719480,+3.50,+21.457, +7.584,+0.975
1660719540,+3.50,+21.449, +7.632,+0.975
1660719600,+3.50,+21.441, +7.672,+0.975
1660719660,+3.50,+21.457, +7.692,+0.976
1660719720,+3.50,+21.457, +7.687,+0.975
1660719780,+3.50,+21.449, +7.709,+0.975
1660719840,+3.50,+21.466, +7.698,+0.976
1660719900,+3.50,+21.441, +7.712,+0.975
1660719960,+3.50,+21.441, +7.735,+0.975
1660720020,+3.50,+21.449, +7.741,+0.975
1660720080,+3.50,+21.432, +7.731,+0.975
1660720140,+3.50,+21.432, +7.719,+0.975
1660720200,+3.50,+21.432, +7.763,+0.975
1660720260,+3.50,+21.441, +7.777,+0.975
1660720320,+3.50,+21.424, +7.772,+0.975
1660720380,+3.50,+21.441, +7.812,+0.975
1660720440,+3.50,+21.432, +7.837,+0.975
1660720500,+3.50,+21.424, +7.852,+0.975
1660720560,+3.50,+21.441, +7.854,+0.975
1660720620,+3.50,+21.424, +7.824,+0.975
1660720680,+3.50,+21.432, +7.809,+0.975
1660720740,+3.50,+21.424, +7.760,+0.975
1660720800,+3.50,+21.441, +7.767,+0.976
1660720860,+3.50,+21.432, +7.745,+0.975
1660720920,+3.50,+21.432, +7.776,+0.975
1660720980,+3.50,+21.424, +7.766,+0.976
1660721040,+3.50,+21.416, +7.769,+0.975
1660721100,+3.50,+21.432, +7.780,+0.975
1660721160,+3.50,+21.424, +7.804,+0.975
1660721220,+3.50,+21.416, +7.815,+0.975
1660721280,+3.50,+21.416, +7.813,+0.975
1660721340,+3.50,+21.407, +7.839,+0.975
1660721400,+3.50,+21.424, +7.815,+0.975
1660721460,+3.50,+21.416, +7.819,+0.975
1660721520,+3.50,+21.407, +7.828,+0.975
1660721580,+3.50,+21.407, +7.861,+0.975
1660721640,+3.50,+21.399, +7.876,+0.975
1660721700,+3.50,+21.399, +7.870,+0.975
1660721760,+3.50,+21.416, +7.856,+0.976
1660721820,+3.50,+21.424, +7.860,+0.975
1660721880,+3.50,+21.424, +7.844,+0.975
1660721940,+3.50,+21.407, +7.833,+0.975
1660722000,+3.50,+21.399, +7.824,+0.975
1660722060,+3.50,+21.416, +7.812,+0.975
1660722120,+3.50,+21.416, +7.795,+0.975
1660722180,+3.50,+21.416, +7.820,+0.976
1660722240,+3.50,+21.441, +7.787,+0.975
1660722300,+3.50,+21.432, +7.774,+0.976
1660722360,+3.50,+21.424, +7.767,+0.975
1660722420,+3.50,+21.416, +7.766,+0.975
1660722480,+3.50,+21.399, +7.784,+0.975
1660722540,+3.50,+21.416, +7.790,+0.975
1660722600,+3.50,+21.424, +7.794,+0.975
1660722660,+3.50,+21.416, +7.806,+0.976
1660722720,+3.50,+21.407, +7.782,+0.975
1660722780,+3.50,+21.407, +7.757,+0.975
1660722840,+3.50,+21.424, +7.695,+0.975
1660722900,+3.50,+21.407, +7.628,+0.975
1660722960,+3.50,+21.416, +7.618,+0.976
1660723020,+3.50,+21.416, +7.627,+0.975
1660723080,+3.50,+21.416, +7.684,+0.976
1660723140,+3.50,+21.416, +7.698,+0.975
1660723200,+3.50,+21.416, +7.708,+0.975
1660723260,+3.50,+21.399, +7.709,+0.975
1660723320,+3.50,+21.399, +7.697,+0.975
1660723380,+3.50,+21.407, +7.641,+0.975
1660723440,+3.50,+21.399, +7.585,+0.975
1660723500,+3.50,+21.416, +7.536,+0.975
1660723560,+3.50,+21.407, +7.506,+0.975
1660723620,+3.50,+21.416, +7.511,+0.975
1660723680,+3.50,+21.432, +7.491,+0.975
1660723740,+3.50,+21.399, +7.483,+0.975
1660723800,+3.50,+21.416, +7.478,+0.975
1660723860,+3.50,+21.399, +7.476,+0.975
1660723920,+3.50,+21.424, +7.454,+0.975
1660723980,+3.50,+21.399, +7.424,+0.975
1660724040,+3.50,+21.416, +7.377,+0.975
1660724100,+3.50,+21.416, +7.333,+0.975
1660724160,+3.50,+21.416, +7.333,+0.976
1660724220,+3.50,+21.424, +7.286,+0.975
1660724280,+3.50,+21.424, +7.192,+0.975
1660724340,+3.50,+21.424, +7.306,+0.975
1660724400,+3.50,+21.407, +7.450,+0.975
1660724460,+3.50,+21.441, +7.466,+0.975
1660724520,+3.50,+21.416, +7.465,+0.975
1660724580,+3.50,+21.399, +7.444,+0.975
1660724640,+3.50,+21.407, +7.381,+0.975
1660724700,+3.50,+21.424, +7.333,+0.975
1660724760,+3.50,+21.416, +7.276,+0.975
1660724820,+3.50,+21.432, +7.217,+0.975
1660724880,+3.50,+21.424, +7.180,+0.975
1660724940,+3.50,+21.416, +7.133,+0.975
1660725000,+3.50,+21.407, +7.090,+0.975
1660725060,+3.50,+21.416, +7.011,+0.975
1660725120,+3.50,+21.424, +6.951,+0.975
1660725180,+3.50,+21.416, +6.936,+0.975
1660725240,+3.50,+21.416, +6.920,+0.975
1660725300,+3.50,+21.407, +6.900,+0.975
1660725360,+3.50,+21.424, +6.881,+0.975
1660725420,+3.50,+21.424, +6.868,+0.975
1660725480,+3.50,+21.424, +6.892,+0.975
1660725540,+3.50,+21.424, +6.956,+0.975
1660725600,+3.50,+21.407, +6.976,+0.975
1660725660,+3.50,+21.424, +6.965,+0.975
1660725720,+3.50,+21.416, +6.958,+0.975
1660725780,+3.50,+21.407, +6.952,+0.975
1660725840,+3.50,+21.416, +6.949,+0.975
1660725900,+3.50,+21.416, +6.884,+0.975
1660725960,+3.50,+21.416, +6.875,+0.975
1660726020,+3.50,+21.424, +6.895,+0.975
1660726080,+3.50,+21.424, +6.883,+0.975
1660726140,+3.50,+21.424, +6.862,+0.976
1660726200,+3.50,+21.416, +6.838,+0.975
1660726260,+3.50,+21.416, +6.813,+0.975
1660726320,+3.50,+21.407, +6.755,+0.975
1660726380,+3.50,+21.424, +6.722,+0.976
1660726440,+3.50,+21.407, +6.671,+0.975
1660726500,+3.50,+21.416, +6.596,+0.975
1660726560,+3.50,+21.424, +6.774,+0.975
1660726620,+3.50,+21.407, +6.936,+0.975
1660726680,+3.50,+21.390, +6.999,+0.975
1660726740,+3.50,+21.407, +6.979,+0.975
1660726800,+3.50,+21.424, +6.936,+0.975
1660726860,+3.50,+21.407, +6.968,+0.975
1660726920,+3.50,+21.399, +7.012,+0.975
1660726980,+3.50,+21.399, +7.026,+0.975
1660727040,+3.50,+21.399, +7.047,+0.975
1660727100,+3.50,+21.407, +7.077,+0.975
1660727160,+3.50,+21.407, +7.107,+0.975
1660727220,+3.50,+21.407, +7.112,+0.975
1660727280,+3.50,+21.416, +7.097,+0.975
1660727340,+3.50,+21.407, +7.045,+0.975
1660727400,+3.50,+21.424, +6.998,+0.975
1660727460,+3.50,+21.424, +6.953,+0.975
1660727520,+3.50,+21.416, +6.904,+0.975
1660727580,+3.50,+21.432, +6.793,+0.975
1660727640,+3.50,+21.416, +6.747,+0.975
1660727700,+3.50,+21.424, +6.764,+0.975
1660727760,+3.50,+21.424, +6.753,+0.975
1660727820,+3.50,+21.424, +6.719,+0.975
1660727880,+3.50,+21.407, +6.735,+0.975
1660727940,+3.50,+21.407, +6.697,+0.975
1660728000,+3.50,+21.424, +6.629,+0.975
1660728060,+3.50,+21.407, +6.708,+0.975
1660728120,+3.50,+21.416, +6.877,+0.975
1660728180,+3.50,+21.424, +6.925,+0.975
1660728240,+3.50,+21.432, +6.953,+0.975
1660728300,+3.50,+21.407, +6.979,+0.975
1660728360,+3.50,+21.441, +6.969,+0.975
1660728420,+3.50,+21.424, +6.981,+0.975
1660728480,+3.50,+21.416, +6.981,+0.975
1660728540,+3.50,+21.424, +6.987,+0.975
1660728600,+3.50,+21.424, +6.983,+0.975
1660728660,+3.50,+21.416, +6.912,+0.975
1660728720,+3.50,+21.449, +6.842,+0.975
1660728780,+3.50,+21.416, +6.828,+0.975
1660728840,+3.50,+21.416, +6.825,+0.975
1660728900,+3.50,+21.432, +6.802,+0.975
1660728960,+3.50,+21.424, +6.787,+0.975
1660729020,+3.50,+21.441, +6.813,+0.975
1660729080,+3.50,+21.416, +6.842,+0.975
1660729140,+3.50,+21.416, +6.919,+0.975
1660729200,+3.50,+21.432, +6.956,+0.975
1660729260,+3.50,+21.416, +6.982,+0.975
1660729320,+3.50,+21.424, +6.969,+0.975
1660729380,+3.50,+21.424, +6.952,+0.975
1660729440,+3.50,+21.424, +6.939,+0.975
1660729500,+3.50,+21.424, +7.013,+0.975
1660729560,+3.50,+21.432, +7.033,+0.975
1660729620,+3.50,+21.432, +7.048,+0.975
1660729680,+3.50,+21.441, +7.130,+0.975
1660729740,+3.50,+21.432, +7.137,+0.975
1660729800,+3.50,+21.449, +7.163,+0.975
1660729860,+3.50,+21.441, +7.163,+0.975
1660729920,+3.50,+21.416, +7.113,+0.975
1660729980,+3.50,+21.416, +7.062,+0.975
1660730040,+3.50,+21.416, +6.988,+0.975
1660730100,+3.50,+21.441, +7.007,+0.975
1660730160,+3.50,+21.449, +7.028,+0.974
1660730220,+3.50,+21.432, +7.050,+0.975
1660730280,+3.50,+21.424, +7.066,+0.975
1660730340,+3.50,+21.449, +7.084,+0.975
1660730400,+3.50,+21.432, +7.075,+0.975
1660730460,+3.50,+21.432, +7.109,+0.975
1660730520,+3.50,+21.441, +7.125,+0.975
1660730580,+3.50,+21.441, +7.118,+0.975
1660730640,+3.50,+21.449, +7.131,+0.975
1660730700,+3.50,+21.441, +7.112,+0.975
1660730760,+3.50,+21.457, +7.093,+0.975
1660730820,+3.50,+21.449, +7.051,+0.975
1660730880,+3.50,+21.466, +7.056,+0.975
1660730940,+3.50,+21.457, +7.084,+0.975
1660731000,+3.50,+21.449, +7.135,+0.975
1660731060,+3.50,+21.466, +7.111,+0.975
1660731120,+3.50,+21.457, +7.083,+0.975
1660731180,+3.50,+21.474, +7.061,+0.975
1660731240,+3.50,+21.457, +7.039,+0.975
1660731300,+3.50,+21.491, +6.994,+0.975
1660731360,+3.50,+21.474, +6.976,+0.975
1660731420,+3.50,+21.466, +6.951,+0.975
1660731480,+3.50,+21.474, +6.909,+0.975
1660731540,+3.50,+21.457, +6.894,+0.975
1660731600,+3.50,+21.457, +6.816,+0.975
1660731660,+3.50,+21.482, +6.687,+0.975
1660731720,+3.50,+21.482, +6.708,+0.975
1660731780,+3.50,+21.482, +6.779,+0.975
1660731840,+3.50,+21.491, +6.806,+0.975
1660731900,+3.50,+21.508, +6.864,+0.975
1660731960,+3.50,+21.499, +6.880,+0.975
1660732020,+3.50,+21.516, +6.914,+0.975
1660732080,+3.50,+21.541, +6.978,+0.975
1660732140,+3.50,+21.533, +6.988,+0.975
1660732200,+3.50,+21.541, +6.953,+0.975
1660732260,+3.50,+21.533, +6.919,+0.975
1660732320,+3.50,+21.549, +6.925,+0.975
1660732380,+3.50,+21.541, +6.940,+0.975
1660732440,+3.50,+21.575, +6.954,+0.975
1660732500,+3.50,+21.566, +6.983,+0.975
1660732560,+3.50,+21.575, +7.005,+0.975
1660732620,+3.50,+21.591, +7.008,+0.975
1660732680,+3.50,+21.608, +7.003,+0.975
1660732740,+3.50,+21.633, +7.056,+0.975
1660732800,+3.50,+21.675, +7.095,+0.975
1660732860,+3.50,+21.650, +7.120,+0.975
1660732920,+3.50,+21.675, +7.142,+0.975
1660732980,+3.50,+21.683, +7.157,+0.975
1660733040,+3.50,+21.692, +7.139,+0.975
1660733100,+3.50,+21.708, +7.160,+0.975
1660733160,+3.50,+21.717, +7.151,+0.975
1660733220,+3.50,+21.742, +7.172,+0.975
1660733280,+3.50,+21.750, +7.189,+0.975
1660733340,+3.49,+21.750, +7.193,+0.975
1660733400,+3.49,+21.775, +7.214,+0.975
1660733460,+3.49,+21.809, +7.263,+0.975
1660733520,+3.49,+21.817, +7.275,+0.975
1660733580,+3.49,+21.817, +7.279,+0.975
1660733640,+3.49,+21.842, +7.305,+0.975
1660733700,+3.49,+21.859, +7.344,+0.976
1660733760,+3.49,+21.901, +7.355,+0.975
1660733820,+3.49,+21.917, +7.372,+0.975
1660733880,+3.49,+21.926, +7.397,+0.975
1660733940,+3.49,+21.934, +7.428,+0.975
1660734000,+3.49,+21.943, +7.448,+0.975
1660734060,+3.49,+21.959, +7.460,+0.975
1660734120,+3.49,+21.984, +7.460,+0.975
1660734180,+3.49,+21.993, +7.468,+0.975
1660734240,+3.49,+22.001, +7.481,+0.975
1660734300,+3.49,+22.009, +7.467,+0.975
1660734360,+3.49,+22.018, +7.472,+0.975
1660734420,+3.49,+22.035, +7.483,+0.975
1660734480,+3.49,+22.051, +7.495,+0.976
1660734540,+3.49,+22.051, +7.497,+0.975
1660734600,+3.49,+22.068, +7.497,+0.975
1660734660,+3.49,+22.076, +7.505,+0.975
1660734720,+3.49,+22.093, +7.493,+0.975
1660734780,+3.49,+22.085, +7.496,+0.976
1660734840,+3.49,+22.085, +7.480,+0.975
1660734900,+3.49,+22.101, +7.477,+0.975
1660734960,+3.49,+22.110, +7.489,+0.976
1660735020,+3.49,+22.110, +7.480,+0.975
1660735080,+3.49,+22.127, +7.484,+0.975
1660735140,+3.49,+22.135, +7.472,+0.975
1660735200,+3.49,+22.110, +7.472,+0.975
1660735260,+3.49,+22.118, +7.469,+0.975
1660735320,+3.49,+22.101, +7.462,+0.975
1660735380,+3.49,+22.127, +7.452,+0.975
1660735440,+3.49,+22.127, +7.438,+0.975
1660735500,+3.49,+22.118, +7.436,+0.975
1660735560,+3.49,+22.118, +7.441,+0.975
1660735620,+3.49,+22.135, +7.428,+0.975
1660735680,+3.49,+22.118, +7.413,+0.975
1660735740,+3.49,+22.110, +7.402,+0.975
1660735800,+3.49,+22.127, +7.385,+0.974
1660735860,+3.49,+22.135, +7.402,+0.975
1660735920,+3.49,+22.135, +7.395,+0.975
1660735980,+3.49,+22.135, +7.390,+0.975
1660736040,+3.49,+22.135, +7.381,+0.975
1660736100,+3.49,+22.143, +7.386,+0.976
1660736160,+3.49,+22.160, +7.379,+0.976
1660736220,+3.49,+22.143, +7.381,+0.975
1660736280,+3.49,+22.152, +7.369,+0.975
1660736340,+3.49,+22.152, +7.365,+0.975
1660736400,+3.49,+22.152, +7.366,+0.975
1660736460,+3.49,+22.177, +7.364,+0.975
1660736520,+3.49,+22.152, +7.363,+0.975
1660736580,+3.49,+22.194, +7.353,+0.975
1660736640,+3.49,+22.177, +7.348,+0.975
1660736700,+3.49,+22.185, +7.346,+0.975
1660736760,+3.49,+22.160, +7.358,+0.975
1660736820,+3.49,+22.177, +7.342,+0.975
1660736880,+3.49,+22.168, +7.349,+0.975
1660736940,+3.49,+22.202, +7.335,+0.975
1660737000,+3.49,+22.185, +7.339,+0.975
1660737060,+3.49,+22.194, +7.331,+0.975
1660737120,+3.49,+22.185, +7.336,+0.975
1660737180,+3.49,+22.177, +7.322,+0.974
1660737240,+3.49,+22.185, +7.313,+0.975
1660737300,+3.49,+22.194, +7.316,+0.975
1660737360,+3.49,+22.210, +7.295,+0.975
1660737420,+3.49,+22.194, +7.299,+0.975
1660737480,+3.49,+22.210, +7.302,+0.975
1660737540,+3.49,+22.185, +7.305,+0.975
1660737600,+3.49,+22.185, +7.296,+0.975
1660737660,+3.49,+22.210, +7.290,+0.975
1660737720,+3.49,+22.202, +7.295,+0.975
1660737780,+3.49,+22.194, +7.287,+0.975
1660737840,+3.49,+22.210, +7.269,+0.975
1660737900,+3.49,+22.210, +7.261,+0.975
1660737960,+3.49,+22.202, +7.257,+0.975
1660738020,+3.49,+22.202, +7.267,+0.975
1660738080,+3.49,+22.202, +7.268,+0.975
1660738140,+3.49,+22.202, +7.263,+0.975
1660738200,+3.49,+22.219, +7.252,+0.975
1660738260,+3.50,+22.210, +7.262,+0.975
1660738320,+3.50,+22.219, +7.241,+0.974
1660738380,+3.49,+22.210, +7.254,+0.975
1660738440,+3.49,+22.210, +7.273,+0.975
1660738500,+3.50,+22.210, +7.260,+0.975
1660738560,+3.50,+22.235, +7.260,+0.975
1660738620,+3.49,+22.244, +7.245,+0.975
1660738680,+3.50,+22.235, +7.252,+0.975
1660738740,+3.50,+22.244, +7.247,+0.974
1660738800,+3.50,+22.235, +7.256,+0.975
1660738860,+3.50,+22.244, +7.247,+0.975
1660738920,+3.50,+22.210, +7.254,+0.975
1660738980,+3.50,+22.235, +7.251,+0.975
1660739040,+3.50,+22.269, +7.232,+0.975
1660739100,+3.50,+22.252, +7.238,+0.975
1660739160,+3.50,+22.235, +7.226,+0.975
1660739220,+3.50,+22.235, +7.235,+0.975
1660739280,+3.50,+22.252, +7.236,+0.975
1660739340,+3.50,+22.244, +7.227,+0.975
1660739400,+3.50,+22.252, +7.214,+0.975
1660739460,+3.50,+22.235, +7.217,+0.975
1660739520,+3.50,+22.252, +7.206,+0.975
1660739580,+3.50,+22.244, +7.190,+0.975
1660739640,+3.50,+22.235, +7.181,+0.975
1660739700,+3.50,+22.252, +7.186,+0.975
1660739760,+3.50,+22.252, +7.191,+0.975
1660739820,+3.50,+22.260, +7.197,+0.975
1660739880,+3.50,+22.260, +7.195,+0.975
1660739940,+3.50,+22.260, +7.173,+0.975
1660740000,+3.50,+22.235, +7.168,+0.975
1660740060,+3.50,+22.252, +7.170,+0.975
1660740120,+3.50,+22.260, +7.172,+0.975
1660740180,+3.50,+22.244, +7.157,+0.975
1660740240,+3.50,+22.244, +7.155,+0.975
1660740300,+3.50,+22.244, +7.160,+0.975
1660740360,+3.50,+22.219, +7.157,+0.975
1660740420,+3.50,+22.252, +7.133,+0.975
1660740480,+3.50,+22.227, +7.115,+0.975
1660740540,+3.50,+22.244, +7.099,+0.975
1660740600,+3.50,+22.227, +7.112,+0.975
1660740660,+3.50,+22.260, +7.127,+0.975
1660740720,+3.50,+22.227, +7.129,+0.975
1660740780,+3.50,+22.252, +7.117,+0.975
1660740840,+3.50,+22.227, +7.101,+0.975
1660740900,+3.50,+22.227, +7.085,+0.975
1660740960,+3.50,+22.227, +7.072,+0.975
1660741020,+3.50,+22.227, +7.072,+0.975
1660741080,+3.50,+22.219, +7.041,+0.975
1660741140,+3.50,+22.235, +7.008,+0.975
1660741200,+3.50,+22.210, +6.975,+0.975
1660741260,+3.49,+22.210, +6.962,+0.975
1660741320,+3.50,+22.235, +6.965,+0.975
1660741380,+3.50,+22.227, +6.988,+0.975
1660741440,+3.50,+22.244, +6.975,+0.975
1660741500,+3.50,+22.235, +6.823,+0.975
1660741560,+3.50,+22.244, +6.744,+0.975
1660741620,+3.50,+22.235, +6.733,+0.975
1660741680,+3.50,+22.244, +6.730,+0.975
1660741740,+3.50,+22.227, +6.731,+0.975
1660741800,+3.50,+22.244, +6.741,+0.975
1660741860,+3.50,+22.269, +6.600,+0.975
1660741920,+3.50,+22.252, +6.586,+0.975
1660741980,+3.50,+22.260, +6.626,+0.975
1660742040,+3.50,+22.244, +6.688,+0.975
1660742100,+3.50,+22.252, +6.874,+0.975
1660742160,+3.50,+22.252, +6.964,+0.975
1660742220,+3.50,+22.252, +7.019,+0.975
1660742280,+3.50,+22.235, +7.082,+0.975
1660742340,+3.50,+22.260, +7.096,+0.975
1660742400,+3.50,+22.244, +7.012,+0.975
1660742460,+3.50,+22.260, +6.996,+0.975
1660742520,+3.50,+22.260, +7.033,+0.975
1660742580,+3.50,+22.260, +7.031,+0.975
1660742640,+3.50,+22.286, +6.937,+0.975
1660742700,+3.50,+22.260, +6.871,+0.975
1660742760,+3.50,+22.277, +6.816,+0.976
1660742820,+3.50,+22.294, +6.793,+0.975
1660742880,+3.50,+22.286, +6.700,+0.975
1660742940,+3.50,+22.286, +6.759,+0.975
1660743000,+3.50,+22.294, +6.841,+0.974
1660743060,+3.50,+22.294, +6.862,+0.975
1660743120,+3.50,+22.302, +6.862,+0.975
1660743180,+3.50,+22.294, +6.791,+0.975
1660743240,+3.50,+22.294, +6.722,+0.975
1660743300,+3.50,+22.277, +6.756,+0.975
1660743360,+3.50,+22.302, +6.826,+0.975
1660743420,+3.50,+22.294, +6.913,+0.975
1660743480,+3.50,+22.294, +6.935,+0.975
1660743540,+3.50,+22.311, +6.926,+0.975
1660743600,+3.50,+22.302, +6.965,+0.975
1660743660,+3.50,+22.311, +6.999,+0.975
1660743720,+3.50,+22.327, +6.957,+0.975
1660743780,+3.50,+22.311, +6.955,+0.975
1660743840,+3.50,+22.319, +6.952,+0.974
1660743900,+3.50,+22.327, +6.949,+0.975
1660743960,+3.50,+22.327, +6.999,+0.975
1660744020,+3.50,+22.319, +6.963,+0.975
1660744080,+3.50,+22.327, +6.942,+0.975
1660744140,+3.50,+22.344, +7.023,+0.975
1660744200,+3.50,+22.336, +7.101,+0.975
1660744260,+3.50,+22.336, +7.031,+0.975
1660744320,+3.50,+22.336, +6.997,+0.975
1660744380,+3.50,+22.319, +7.093,+0.975
1660744440,+3.50,+22.336, +7.127,+0.975
1660744500,+3.50,+22.336, +7.163,+0.975
1660744560,+3.50,+22.352, +7.135,+0.975
1660744620,+3.50,+22.336, +7.123,+0.975
1660744680,+3.50,+22.336, +7.192,+0.975
1660744740,+3.50,+22.344, +7.220,+0.975
1660744800,+3.50,+22.344, +7.219,+0.975
1660744860,+3.50,+22.352, +7.153,+0.975
1660744920,+3.50,+22.344, +7.068,+0.975
1660744980,+3.50,+22.336, +7.105,+0.975
1660745040,+3.50,+22.352, +7.052,+0.975
1660745100,+3.50,+22.369, +7.148,+0.975
1660745160,+3.50,+22.344, +7.140,+0.975
1660745220,+3.50,+22.344, +7.200,+0.975
1660745280,+3.50,+22.361, +7.234,+0.975
1660745340,+3.50,+22.344, +7.235,+0.975
1660745400,+3.50,+22.361, +7.190,+0.975
1660745460,+3.50,+22.344, +7.168,+0.975
1660745520,+3.50,+22.344, +7.179,+0.975
1660745580,+3.50,+22.361, +7.165,+0.975
1660745640,+3.50,+22.352, +7.187,+0.975
1660745700,+3.50,+22.344, +7.251,+0.975
1660745760,+3.50,+22.352, +7.272,+0.975
1660745820,+3.50,+22.336, +7.302,+0.975
1660745880,+3.50,+22.369, +7.263,+0.975
1660745940,+3.50,+22.344, +7.267,+0.975
1660746000,+3.50,+22.361, +7.272,+0.975
1660746060,+3.50,+22.344, +7.305,+0.975
1660746120,+3.50,+22.344, +7.356,+0.975
1660746180,+3.50,+22.352, +7.356,+0.975
1660746240,+3.50,+22.352, +7.399,+0.975
1660746300,+3.50,+22.352, +7.406,+0.975
1660746360,+3.50,+22.352, +7.400,+0.975
1660746420,+3.50,+22.352, +7.388,+0.975
1660746480,+3.50,+22.361, +7.404,+0.975
1660746540,+3.50,+22.352, +7.461,+0.975
1660746600,+3.50,+22.386, +7.471,+0.975
1660746660,+3.50,+22.378, +7.415,+0.975
1660746720,+3.50,+22.378, +7.460,+0.975
1660746780,+3.50,+22.386, +7.452,+0.975
1660746840,+3.50,+22.361, +7.517,+0.976
1660746900,+3.50,+22.378, +7.488,+0.975
1660746960,+3.50,+22.386, +7.493,+0.975
1660747020,+3.50,+22.378, +7.567,+0.975
1660747080,+3.50,+22.361, +7.564,+0.975
1660747140,+3.50,+22.394, +7.529,+0.975
1660747200,+3.50,+22.378, +7.463,+0.975
1660747260,+3.50,+22.386, +7.513,+0.975
1660747320,+3.50,+22.394, +7.510,+0.975
1660747380,+3.50,+22.386, +7.555,+0.975
1660747440,+3.50,+22.378, +7.598,+0.975
1660747500,+3.50,+22.394, +7.539,+0.975
1660747560,+3.50,+22.394, +7.506,+0.975
1660747620,+3.50,+22.386, +7.386,+0.975
1660747680,+3.50,+22.394, +7.489,+0.975
1660747740,+3.50,+22.386, +7.513,+0.976
1660747800,+3.50,+22.394, +7.618,+0.975
1660747860,+3.50,+22.386, +7.708,+0.975
1660747920,+3.50,+22.394, +7.736,+0.975
1660747980,+3.50,+22.411, +7.726,+0.975
1660748040,+3.50,+22.411, +7.713,+0.975
1660748100,+3.50,+22.394, +7.749,+0.975
1660748160,+3.50,+22.394, +7.745,+0.975
1660748220,+3.50,+22.403, +7.749,+0.975
1660748280,+3.50,+22.411, +7.763,+0.975
1660748340,+3.50,+22.411, +7.773,+0.975
1660748400,+3.50,+22.419, +7.753,+0.975
1660748460,+3.50,+22.419, +7.752,+0.975
1660748520,+3.50,+22.419, +7.774,+0.975
1660748580,+3.50,+22.419, +7.802,+0.975
1660748640,+3.50,+22.436, +7.850,+0.975
1660748700,+3.50,+22.428, +7.908,+0.975
1660748760,+3.50,+22.419, +7.954,+0.976
1660748820,+3.50,+22.436, +7.916,+0.975
1660748880,+3.50,+22.428, +7.863,+0.975
1660748940,+3.50,+22.436, +7.907,+0.975
1660749000,+3.50,+22.436, +7.908,+0.976
1660749060,+3.50,+22.461, +7.810,+0.975
1660749120,+3.50,+22.453, +7.822,+0.975
1660749180,+3.50,+22.461, +7.891,+0.975
1660749240,+3.50,+22.453, +7.941,+0.976
1660749300,+3.50,+22.445, +7.882,+0.975
1660749360,+3.50,+22.436, +7.922,+0.975
1660749420,+3.50,+22.419, +7.917,+0.975
1660749480,+3.50,+22.453, +7.930,+0.975
1660749540,+3.50,+22.428, +7.900,+0.975
1660749600,+3.50,+22.428, +7.854,+0.975
1660749660,+3.50,+22.419, +7.886,+0.975
1660749720,+3.50,+22.445, +7.905,+0.975
1660749780,+3.50,+22.445, +7.896,+0.975
1660749840,+3.50,+22.411, +7.900,+0.975
1660749900,+3.50,+22.411, +7.929,+0.975
1660749960,+3.50,+22.428, +7.993,+0.975
1660750020,+3.50,+22.411, +8.076,+0.975
1660750080,+3.50,+22.419, +8.010,+0.975
1660750140,+3.50,+22.411, +8.009,+0.975
1660750200,+3.50,+22.419, +7.976,+0.975
1660750260,+3.50,+22.428, +7.997,+0.975
1660750320,+3.50,+22.411, +8.001,+0.975
