7450-383325
OS REV: 1.05 Sensor Cal: 1644949570
Time (sec),  BV (Volts),  T (deg C),  DO (mg/l),  Q ()
1660404780,+3.50,+21.968, +9.038,+0.977
1660404840,+3.50,+21.976, +9.055,+0.977
1660404900,+3.50,+21.984, +9.021,+0.978
1660404960,+3.50,+22.009, +9.058,+0.978
1660405020,+3.50,+21.993, +9.093,+0.977
1660405080,+3.50,+22.001, +9.121,+0.978
1660405140,+3.50,+21.993, +9.146,+0.978
1660405200,+3.50,+22.018, +9.131,+0.978
1660405260,+3.50,+22.018, +9.130,+0.978
1660405320,+3.50,+22.009, +9.120,+0.978
1660405380,+3.50,+22.035, +9.120,+0.977
1660405440,+3.50,+22.018, +9.165,+0.977
1660405500,+3.50,+22.001, +9.127,+0.978
1660405560,+3.50,+22.009, +9.073,+0.977
1660405620,+3.50,+22.009, +9.030,+0.978
1660405680,+3.50,+22.018, +9.037,+0.978
1660405740,+3.50,+22.001, +9.003,+0.978
1660405800,+3.50,+22.009, +9.024,+0.978
1660405860,+3.50,+22.001, +9.008,+0.977
1660405920,+3.50,+22.026, +9.012,+0.977
1660405980,+3.50,+22.009, +9.002,+0.977
1660406040,+3.50,+22.026, +9.024,+0.977
1660406100,+3.50,+22.051, +9.052,+0.977
1660406160,+3.50,+22.051, +9.050,+0.977
1660406220,+3.50,+22.068, +9.023,+0.978
1660406280,+3.50,+22.051, +9.071,+0.978
1660406340,+3.50,+22.060, +9.063,+0.977
1660406400,+3.50,+22.068, +9.031,+0.978
1660406460,+3.50,+22.076, +9.026,+0.978
1660406520,+3.50,+22.093, +9.045,+0.978
1660406580,+3.50,+22.101, +9.017,+0.978
1660406640,+3.50,+22.110, +8.994,+0.978
1660406700,+3.50,+22.093, +8.990,+0.978
1660406760,+3.50,+22.101, +8.990,+0.977
1660406820,+3.50,+22.085, +8.985,+0.978
1660406880,+3.50,+22.085, +8.976,+0.978
1660406940,+3.50,+22.101, +8.960,+0.977
1660407000,+3.50,+22.101, +8.981,+0.978
1660407060,+3.50,+22.085, +9.042,+0.977
1660407120,+3.50,+22.076, +9.038,+0.978
1660407180,+3.50,+22.068, +9.062,+0.977
1660407240,+3.50,+22.076, +9.036,+0.977
1660407300,+3.50,+22.068, +9.004,+0.978
1660407360,+3.50,+22.051, +8.911,+0.977
1660407420,+3.50,+22.035, +8.871,+0.977
1660407480,+3.50,+22.035, +8.841,+0.977
1660407540,+3.50,+22.026, +8.824,+0.977
1660407600,+3.50,+22.001, +8.830,+0.977
1660407660,+3.50,+21.993, +8.855,+0.978
1660407720,+3.50,+21.984, +8.839,+0.978
1660407780,+3.50,+21.993, +8.821,+0.977
1660407840,+3.50,+21.993, +8.829,+0.977
1660407900,+3.50,+21.993, +8.801,+0.977
1660407960,+3.50,+21.993, +8.822,+0.978
1660408020,+3.50,+22.001, +8.820,+0.978
1660408080,+3.50,+21.993, +8.825,+0.977
1660408140,+3.50,+21.993, +8.848,+0.978
1660408200,+3.50,+22.001, +8.854,+0.978
1660408260,+3.50,+22.018, +8.848,+0.977
1660408320,+3.50,+21.984, +8.817,+0.977
1660408380,+3.50,+22.009, +8.848,+0.977
1660408440,+3.50,+22.018, +8.857,+0.977
1660408500,+3.50,+22.001, +8.864,+0.978
1660408560,+3.50,+22.009, +8.853,+0.978
1660408620,+3.50,+22.009, +8.852,+0.977
1660408680,+3.50,+21.984, +8.864,+0.977
1660408740,+3.50,+22.001, +8.896,+0.978
1660408800,+3.50,+21.993, +8.903,+0.978
1660408860,+3.50,+21.993, +8.878,+0.978
1660408920,+3.50,+22.001, +8.864,+0.977
1660408980,+3.50,+22.009, +8.843,+0.978
1660409040,+3.50,+21.993, +8.843,+0.978
1660409100,+3.50,+21.984, +8.875,+0.978
1660409160,+3.50,+22.009, +8.843,+0.977
1660409220,+3.50,+22.001, +8.847,+0.977
1660409280,+3.50,+21.993, +8.838,+0.978
1660409340,+3.50,+21.984, +8.830,+0.978
1660409400,+3.50,+21.968, +8.797,+0.977
1660409460,+3.50,+21.976, +8.809,+0.977
1660409520,+3.50,+21.976, +8.824,+0.978
1660409580,+3.50,+22.001, +8.834,+0.977
1660409640,+3.50,+21.993, +8.837,+0.977
1660409700,+3.50,+21.993, +8.842,+0.978
1660409760,+3.50,+22.009, +8.856,+0.978
1660409820,+3.50,+21.984, +8.861,+0.977
1660409880,+3.50,+22.001, +8.867,+0.977
1660409940,+3.50,+22.035, +8.866,+0.977
1660410000,+3.50,+22.035, +8.864,+0.977
1660410060,+3.50,+22.026, +8.835,+0.977
1660410120,+3.50,+22.043, +8.845,+0.977
1660410180,+3.50,+22.043, +8.859,+0.977
1660410240,+3.50,+22.051, +8.849,+0.977
1660410300,+3.50,+22.035, +8.854,+0.978
1660410360,+3.50,+22.035, +8.789,+0.977
1660410420,+3.50,+22.043, +8.839,+0.978
1660410480,+3.50,+22.035, +8.883,+0.978
1660410540,+3.50,+22.018, +8.895,+0.977
1660410600,+3.50,+22.018, +8.902,+0.978
1660410660,+3.50,+22.043, +8.906,+0.978
1660410720,+3.50,+22.060, +8.891,+0.978
1660410780,+3.50,+22.068, +8.903,+0.978
1660410840,+3.50,+22.068, +8.914,+0.978
1660410900,+3.50,+22.076, +8.937,+0.978
1660410960,+3.50,+22.110, +8.912,+0.978
1660411020,+3.50,+22.127, +8.874,+0.978
1660411080,+3.50,+22.127, +8.853,+0.977
1660411140,+3.50,+22.118, +8.883,+0.978
1660411200,+3.50,+22.160, +8.876,+0.978
1660411260,+3.50,+22.168, +8.932,+0.978
1660411320,+3.50,+22.160, +8.981,+0.977
1660411380,+3.50,+22.143, +8.995,+0.977
1660411440,+3.50,+22.143, +8.995,+0.978
1660411500,+3.49,+22.118, +9.008,+0.977
1660411560,+3.50,+22.160, +9.007,+0.978
1660411620,+3.50,+22.177, +8.998,+0.977
1660411680,+3.50,+22.194, +9.015,+0.977
1660411740,+3.50,+22.202, +9.020,+0.978
1660411800,+3.50,+22.235, +9.009,+0.978
1660411860,+3.50,+22.252, +9.009,+0.978
1660411920,+3.50,+22.235, +9.019,+0.978
1660411980,+3.50,+22.244, +9.055,+0.978
1660412040,+3.50,+22.260, +9.061,+0.978
1660412100,+3.50,+22.269, +9.066,+0.978
1660412160,+3.50,+22.252, +9.088,+0.978
1660412220,+3.50,+22.252, +9.076,+0.978
1660412280,+3.50,+22.244, +9.069,+0.977
1660412340,+3.50,+22.235, +9.094,+0.977
1660412400,+3.50,+22.235, +9.088,+0.977
1660412460,+3.50,+22.244, +9.087,+0.978
1660412520,+3.50,+22.260, +9.081,+0.977
1660412580,+3.50,+22.286, +9.080,+0.978
1660412640,+3.50,+22.294, +9.081,+0.977
1660412700,+3.50,+22.336, +9.071,+0.978
1660412760,+3.50,+22.311, +9.078,+0.977
1660412820,+3.50,+22.327, +9.086,+0.977
1660412880,+3.50,+22.327, +9.086,+0.978
1660412940,+3.50,+22.344, +9.069,+0.978
1660413000,+3.50,+22.352, +9.114,+0.978
1660413060,+3.50,+22.378, +9.131,+0.978
1660413120,+3.50,+22.361, +9.142,+0.977
1660413180,+3.50,+22.386, +9.137,+0.978
1660413240,+3.50,+22.386, +9.149,+0.978
1660413300,+3.50,+22.394, +9.152,+0.977
1660413360,+3.50,+22.403, +9.165,+0.978
1660413420,+3.50,+22.403, +9.141,+0.978
1660413480,+3.50,+22.403, +9.149,+0.978
1660413540,+3.50,+22.403, +9.137,+0.978
1660413600,+3.50,+22.411, +9.144,+0.978
1660413660,+3.50,+22.411, +9.139,+0.977
1660413720,+3.50,+22.428, +9.121,+0.978
1660413780,+3.50,+22.411, +9.094,+0.978
1660413840,+3.50,+22.436, +9.104,+0.978
1660413900,+3.50,+22.436, +9.098,+0.977
1660413960,+3.50,+22.470, +9.082,+0.978
1660414020,+3.50,+22.453, +9.079,+0.977
1660414080,+3.50,+22.436, +9.107,+0.978
1660414140,+3.50,+22.453, +9.123,+0.978
1660414200,+3.50,+22.453, +9.113,+0.978
1660414260,+3.50,+22.453, +9.102,+0.978
1660414320,+3.50,+22.461, +9.122,+0.978
1660414380,+3.50,+22.461, +9.123,+0.978
1660414440,+3.50,+22.486, +9.112,+0.977
1660414500,+3.50,+22.503, +9.119,+0.978
1660414560,+3.50,+22.511, +9.124,+0.977
1660414620,+3.50,+22.503, +9.156,+0.978
1660414680,+3.50,+22.511, +9.149,+0.977
1660414740,+3.50,+22.520, +9.161,+0.977
1660414800,+3.50,+22.553, +9.152,+0.977
1660414860,+3.50,+22.545, +9.136,+0.977
1660414920,+3.50,+22.562, +9.149,+0.977
1660414980,+3.50,+22.570, +9.167,+0.978
1660415040,+3.50,+22.562, +9.170,+0.978
1660415100,+3.50,+22.587, +9.172,+0.978
1660415160,+3.50,+22.612, +9.132,+0.978
1660415220,+3.50,+22.620, +9.126,+0.978
1660415280,+3.50,+22.629, +9.132,+0.977
1660415340,+3.50,+22.637, +9.150,+0.977
1660415400,+3.50,+22.645, +9.151,+0.978
1660415460,+3.50,+22.645, +9.146,+0.977
1660415520,+3.50,+22.687, +9.134,+0.977
1660415580,+3.50,+22.687, +9.166,+0.978
1660415640,+3.50,+22.712, +9.177,+0.978
1660415700,+3.50,+22.721, +9.163,+0.978
1660415760,+3.50,+22.737, +9.175,+0.978
1660415820,+3.50,+22.754, +9.185,+0.978
1660415880,+3.50,+22.771, +9.199,+0.978
1660415940,+3.50,+22.796, +9.162,+0.978
1660416000,+3.50,+22.771, +9.175,+0.978
1660416060,+3.50,+22.754, +9.186,+0.978
1660416120,+3.50,+22.754, +9.221,+0.978
1660416180,+3.50,+22.763, +9.217,+0.978
1660416240,+3.50,+22.763, +9.190,+0.978
1660416300,+3.50,+22.779, +9.204,+0.978
1660416360,+3.50,+22.763, +9.198,+0.978
1660416420,+3.50,+22.771, +9.171,+0.977
1660416480,+3.50,+22.746, +9.188,+0.978
1660416540,+3.50,+22.788, +9.107,+0.978
1660416600,+3.50,+22.763, +9.123,+0.977
1660416660,+3.50,+22.771, +9.135,+0.978
1660416720,+3.50,+22.779, +9.150,+0.978
1660416780,+3.50,+22.804, +9.153,+0.978
1660416840,+3.50,+22.830, +9.110,+0.977
1660416900,+3.50,+22.863, +9.101,+0.978
1660416960,+3.50,+22.896, +9.051,+0.977
1660417020,+3.50,+22.913, +9.049,+0.978
1660417080,+3.50,+22.888, +9.061,+0.977
1660417140,+3.50,+22.955, +9.049,+0.978
1660417200,+3.50,+22.963, +9.052,+0.978
1660417260,+3.50,+22.989, +9.058,+0.978
1660417320,+3.50,+23.005, +9.068,+0.978
1660417380,+3.50,+23.005, +9.073,+0.978
1660417440,+3.49,+23.056, +9.063,+0.978
1660417500,+3.49,+23.106, +9.046,+0.978
1660417560,+3.49,+23.139, +9.018,+0.978
1660417620,+3.49,+23.206, +9.014,+0.978
1660417680,+3.49,+23.257, +8.990,+0.978
1660417740,+3.50,+23.298, +8.968,+0.978
1660417800,+3.50,+23.349, +8.932,+0.978
1660417860,+3.50,+23.391, +8.879,+0.978
1660417920,+3.50,+23.424, +8.874,+0.978
1660417980,+3.50,+23.458, +8.844,+0.978
1660418040,+3.50,+23.491, +8.823,+0.978
1660418100,+3.50,+23.508, +8.809,+0.977
1660418160,+3.50,+23.550, +8.810,+0.978
1660418220,+3.50,+23.592, +8.779,+0.978
1660418280,+3.50,+23.642, +8.754,+0.978
1660418340,+3.50,+23.650, +8.741,+0.978
1660418400,+3.50,+23.692, +8.721,+0.978
1660418460,+3.50,+23.734, +8.693,+0.978
1660418520,+3.50,+23.743, +8.702,+0.978
1660418580,+3.50,+23.759, +8.695,+0.978
1660418640,+3.50,+23.759, +8.686,+0.978
1660418700,+3.50,+23.751, +8.663,+0.978
1660418760,+3.50,+23.759, +8.632,+0.978
1660418820,+3.50,+23.759, +8.628,+0.978
1660418880,+3.50,+23.768, +8.641,+0.978
1660418940,+3.50,+23.776, +8.635,+0.978
1660419000,+3.50,+23.793, +8.631,+0.978
1660419060,+3.50,+23.810, +8.623,+0.978
1660419120,+3.50,+23.818, +8.629,+0.978
1660419180,+3.50,+23.826, +8.622,+0.977
1660419240,+3.50,+23.826, +8.639,+0.978
1660419300,+3.50,+23.852, +8.634,+0.978
1660419360,+3.50,+23.877, +8.633,+0.977
1660419420,+3.50,+23.860, +8.648,+0.978
1660419480,+3.50,+23.885, +8.642,+0.977
1660419540,+3.50,+23.894, +8.654,+0.978
1660419600,+3.50,+23.868, +8.668,+0.978
1660419660,+3.50,+23.894, +8.665,+0.978
1660419720,+3.50,+23.885, +8.670,+0.978
1660419780,+3.50,+23.885, +8.681,+0.977
1660419840,+3.50,+23.877, +8.701,+0.978
1660419900,+3.50,+23.868, +8.704,+0.978
1660419960,+3.50,+23.868, +8.705,+0.978
1660420020,+3.50,+23.860, +8.713,+0.978
1660420080,+3.50,+23.877, +8.702,+0.978
1660420140,+3.50,+23.860, +8.714,+0.978
1660420200,+3.50,+23.877, +8.697,+0.978
1660420260,+3.50,+23.877, +8.697,+0.977
1660420320,+3.50,+23.885, +8.712,+0.978
1660420380,+3.50,+23.868, +8.728,+0.978
1660420440,+3.50,+23.860, +8.730,+0.977
1660420500,+3.50,+23.877, +8.735,+0.978
1660420560,+3.50,+23.877, +8.748,+0.978
1660420620,+3.50,+23.894, +8.762,+0.978
1660420680,+3.50,+23.910, +8.763,+0.978
1660420740,+3.50,+23.919, +8.768,+0.978
1660420800,+3.50,+23.910, +8.772,+0.978
1660420860,+3.50,+23.927, +8.769,+0.978
1660420920,+3.50,+23.927, +8.780,+0.978
1660420980,+3.50,+23.944, +8.776,+0.978
1660421040,+3.50,+23.944, +8.779,+0.977
1660421100,+3.50,+23.944, +8.794,+0.978
1660421160,+3.50,+23.936, +8.804,+0.978
1660421220,+3.50,+23.944, +8.814,+0.978
1660421280,+3.50,+23.936, +8.808,+0.978
1660421340,+3.50,+23.936, +8.803,+0.978
1660421400,+3.50,+23.944, +8.788,+0.978
1660421460,+3.50,+23.969, +8.765,+0.977
1660421520,+3.50,+23.961, +8.769,+0.978
1660421580,+3.50,+23.977, +8.755,+0.978
1660421640,+3.50,+23.961, +8.755,+0.978
1660421700,+3.50,+23.994, +8.732,+0.978
1660421760,+3.50,+23.986, +8.733,+0.978
1660421820,+3.50,+24.003, +8.715,+0.978
1660421880,+3.50,+23.994, +8.722,+0.978
1660421940,+3.50,+23.994, +8.723,+0.978
1660422000,+3.50,+24.011, +8.721,+0.977
1660422060,+3.50,+24.011, +8.740,+0.978
1660422120,+3.50,+24.019, +8.736,+0.978
1660422180,+3.50,+24.036, +8.749,+0.978
1660422240,+3.50,+24.036, +8.741,+0.978
1660422300,+3.50,+24.061, +8.740,+0.978
1660422360,+3.50,+24.053, +8.748,+0.978
1660422420,+3.50,+24.070, +8.746,+0.978
1660422480,+3.50,+24.078, +8.746,+0.978
1660422540,+3.50,+24.095, +8.748,+0.978
1660422600,+3.50,+24.103, +8.747,+0.978
1660422660,+3.50,+24.103, +8.747,+0.978
1660422720,+3.50,+24.103, +8.749,+0.977
1660422780,+3.50,+24.087, +8.781,+0.978
1660422840,+3.49,+24.103, +8.772,+0.978
1660422900,+3.50,+24.112, +8.782,+0.978
1660422960,+3.50,+24.120, +8.770,+0.978
1660423020,+3.50,+24.112, +8.786,+0.978
1660423080,+3.50,+24.137, +8.787,+0.978
1660423140,+3.50,+24.145, +8.788,+0.978
1660423200,+3.49,+24.154, +8.791,+0.978
1660423260,+3.49,+24.145, +8.796,+0.978
1660423320,+3.49,+24.162, +8.794,+0.978
1660423380,+3.50,+24.154, +8.779,+0.978
1660423440,+3.50,+24.154, +8.779,+0.978
1660423500,+3.49,+24.154, +8.767,+0.978
1660423560,+3.50,+24.154, +8.755,+0.977
1660423620,+3.50,+24.162, +8.783,+0.978
1660423680,+3.50,+24.170, +8.779,+0.978
1660423740,+3.50,+24.170, +8.778,+0.978
1660423800,+3.49,+24.170, +8.792,+0.978
1660423860,+3.50,+24.179, +8.778,+0.978
1660423920,+3.50,+24.170, +8.785,+0.978
1660423980,+3.49,+24.162, +8.776,+0.977
1660424040,+3.50,+24.154, +8.779,+0.978
1660424100,+3.50,+24.154, +8.766,+0.978
1660424160,+3.49,+24.145, +8.777,+0.978
1660424220,+3.50,+24.137, +8.775,+0.978
1660424280,+3.50,+24.162, +8.759,+0.978
1660424340,+3.50,+24.137, +8.755,+0.978
1660424400,+3.50,+24.120, +8.749,+0.978
1660424460,+3.50,+24.112, +8.742,+0.977
1660424520,+3.50,+24.112, +8.753,+0.978
1660424580,+3.50,+24.112, +8.763,+0.978
1660424640,+3.50,+24.103, +8.770,+0.978
1660424700,+3.50,+24.103, +8.765,+0.977
1660424760,+3.50,+24.078, +8.757,+0.978
1660424820,+3.50,+24.078, +8.764,+0.977
1660424880,+3.50,+24.095, +8.781,+0.978
1660424940,+3.50,+24.070, +8.783,+0.978
1660425000,+3.50,+24.087, +8.775,+0.978
1660425060,+3.50,+24.061, +8.774,+0.978
1660425120,+3.50,+24.061, +8.761,+0.978
1660425180,+3.50,+24.078, +8.748,+0.977
1660425240,+3.50,+24.103, +8.762,+0.978
1660425300,+3.50,+24.095, +8.782,+0.978
1660425360,+3.50,+24.095, +8.804,+0.978
1660425420,+3.50,+24.103, +8.823,+0.978
1660425480,+3.50,+24.087, +8.840,+0.978
1660425540,+3.50,+24.078, +8.849,+0.978
1660425600,+3.50,+24.087, +8.838,+0.978
1660425660,+3.50,+24.112, +8.830,+0.978
1660425720,+3.50,+24.095, +8.850,+0.978
1660425780,+3.50,+24.095, +8.849,+0.978
1660425840,+3.50,+24.120, +8.842,+0.978
1660425900,+3.50,+24.112, +8.851,+0.978
1660425960,+3.50,+24.112, +8.849,+0.978
1660426020,+3.50,+24.112, +8.845,+0.978
1660426080,+3.50,+24.129, +8.842,+0.978
1660426140,+3.50,+24.137, +8.836,+0.978
1660426200,+3.50,+24.129, +8.838,+0.978
1660426260,+3.50,+24.137, +8.839,+0.978
1660426320,+3.50,+24.129, +8.828,+0.978
1660426380,+3.50,+24.120, +8.827,+0.978
1660426440,+3.50,+24.129, +8.828,+0.977
1660426500,+3.50,+24.129, +8.839,+0.978
1660426560,+3.50,+24.137, +8.850,+0.978
1660426620,+3.50,+24.137, +8.842,+0.978
1660426680,+3.50,+24.137, +8.843,+0.978
1660426740,+3.50,+24.154, +8.838,+0.978
1660426800,+3.50,+24.154, +8.855,+0.978
1660426860,+3.50,+24.179, +8.850,+0.978
1660426920,+3.50,+24.137, +8.874,+0.978
1660426980,+3.50,+24.170, +8.860,+0.978
1660427040,+3.50,+24.154, +8.871,+0.978
1660427100,+3.50,+24.154, +8.872,+0.978
1660427160,+3.50,+24.154, +8.871,+0.978
1660427220,+3.50,+24.170, +8.861,+0.978
1660427280,+3.50,+24.162, +8.858,+0.978
1660427340,+3.50,+24.162, +8.857,+0.978
1660427400,+3.50,+24.162, +8.859,+0.978
1660427460,+3.50,+24.170, +8.848,+0.978
1660427520,+3.50,+24.162, +8.848,+0.978
1660427580,+3.50,+24.145, +8.849,+0.978
1660427640,+3.50,+24.170, +8.841,+0.978
1660427700,+3.50,+24.170, +8.853,+0.978
1660427760,+3.50,+24.145, +8.832,+0.977
1660427820,+3.50,+24.179, +8.828,+0.978
1660427880,+3.50,+24.170, +8.829,+0.978
1660427940,+3.50,+24.162, +8.837,+0.977
1660428000,+3.50,+24.170, +8.836,+0.978
1660428060,+3.50,+24.145, +8.860,+0.978
1660428120,+3.50,+24.154, +8.865,+0.978
1660428180,+3.50,+24.179, +8.865,+0.979
1660428240,+3.50,+24.162, +8.847,+0.978
1660428300,+3.50,+24.145, +8.847,+0.978
1660428360,+3.50,+24.162, +8.852,+0.978
1660428420,+3.50,+24.170, +8.842,+0.978
1660428480,+3.50,+24.154, +8.850,+0.978
1660428540,+3.50,+24.145, +8.853,+0.978
1660428600,+3.50,+24.187, +8.836,+0.978
1660428660,+3.50,+24.154, +8.842,+0.978
1660428720,+3.50,+24.154, +8.843,+0.978
1660428780,+3.50,+24.137, +8.847,+0.978
1660428840,+3.50,+24.162, +8.833,+0.978
1660428900,+3.50,+24.145, +8.846,+0.978
1660428960,+3.50,+24.137, +8.848,+0.978
1660429020,+3.50,+24.170, +8.821,+0.978
1660429080,+3.50,+24.129, +8.827,+0.978
1660429140,+3.50,+24.137, +8.814,+0.978
1660429200,+3.50,+24.145, +8.821,+0.978
1660429260,+3.50,+24.162, +8.812,+0.978
1660429320,+3.50,+24.154, +8.805,+0.978
1660429380,+3.50,+24.145, +8.791,+0.977
1660429440,+3.50,+24.145, +8.806,+0.978
1660429500,+3.50,+24.129, +8.802,+0.978
1660429560,+3.50,+24.129, +8.797,+0.978
1660429620,+3.50,+24.145, +8.782,+0.978
1660429680,+3.50,+24.137, +8.770,+0.978
1660429740,+3.50,+24.154, +8.753,+0.978
1660429800,+3.50,+24.137, +8.766,+0.978
1660429860,+3.50,+24.145, +8.774,+0.978
1660429920,+3.50,+24.145, +8.771,+0.978
1660429980,+3.50,+24.145, +8.759,+0.977
1660430040,+3.50,+24.145, +8.767,+0.978
1660430100,+3.50,+24.145, +8.777,+0.978
1660430160,+3.50,+24.137, +8.771,+0.978
1660430220,+3.50,+24.137, +8.768,+0.978
1660430280,+3.50,+24.137, +8.753,+0.978
1660430340,+3.50,+24.145, +8.755,+0.978
1660430400,+3.50,+24.129, +8.765,+0.978
1660430460,+3.50,+24.129, +8.759,+0.978
1660430520,+3.50,+24.129, +8.746,+0.978
1660430580,+3.50,+24.145, +8.747,+0.978
1660430640,+3.50,+24.129, +8.735,+0.979
1660430700,+3.50,+24.137, +8.708,+0.977
1660430760,+3.50,+24.112, +8.714,+0.978
1660430820,+3.50,+24.120, +8.719,+0.978
1660430880,+3.50,+24.129, +8.725,+0.978
1660430940,+3.50,+24.112, +8.707,+0.978
1660431000,+3.50,+24.120, +8.697,+0.978
1660431060,+3.50,+24.137, +8.675,+0.978
1660431120,+3.50,+24.129, +8.673,+0.978
1660431180,+3.50,+24.129, +8.663,+0.978
1660431240,+3.50,+24.112, +8.633,+0.978
1660431300,+3.50,+24.129, +8.620,+0.977
1660431360,+3.50,+24.095, +8.671,+0.978
1660431420,+3.50,+24.095, +8.668,+0.978
1660431480,+3.50,+24.087, +8.687,+0.978
1660431540,+3.50,+24.087, +8.660,+0.978
1660431600,+3.50,+24.103, +8.672,+0.978
1660431660,+3.50,+24.087, +8.670,+0.978
1660431720,+3.50,+24.087, +8.670,+0.979
1660431780,+3.50,+24.087, +8.643,+0.978
1660431840,+3.50,+24.087, +8.644,+0.977
1660431900,+3.50,+24.078, +8.655,+0.978
1660431960,+3.50,+24.061, +8.660,+0.978
1660432020,+3.50,+24.070, +8.634,+0.978
1660432080,+3.50,+24.045, +8.620,+0.978
1660432140,+3.50,+24.070, +8.594,+0.978
1660432200,+3.50,+24.070, +8.584,+0.978
1660432260,+3.50,+24.061, +8.604,+0.977
1660432320,+3.50,+24.061, +8.571,+0.978
1660432380,+3.50,+24.078, +8.538,+0.978
1660432440,+3.50,+24.061, +8.559,+0.978
1660432500,+3.50,+24.045, +8.567,+0.978
1660432560,+3.50,+24.045, +8.555,+0.978
1660432620,+3.50,+24.053, +8.525,+0.977
1660432680,+3.50,+24.036, +8.518,+0.977
1660432740,+3.50,+24.036, +8.546,+0.978
1660432800,+3.50,+24.045, +8.535,+0.978
1660432860,+3.50,+24.019, +8.523,+0.977
1660432920,+3.50,+24.011, +8.541,+0.978
1660432980,+3.50,+24.011, +8.566,+0.978
1660433040,+3.50,+24.019, +8.554,+0.978
1660433100,+3.50,+24.011, +8.551,+0.978
1660433160,+3.50,+24.028, +8.562,+0.978
1660433220,+3.50,+23.986, +8.556,+0.977
1660433280,+3.50,+24.003, +8.545,+0.977
1660433340,+3.50,+23.986, +8.567,+0.978
1660433400,+3.50,+24.011, +8.539,+0.977
1660433460,+3.50,+23.969, +8.515,+0.978
1660433520,+3.50,+23.969, +8.520,+0.977
1660433580,+3.50,+23.969, +8.535,+0.977
1660433640,+3.50,+23.961, +8.539,+0.978
1660433700,+3.50,+23.961, +8.544,+0.978
1660433760,+3.50,+23.944, +8.549,+0.978
1660433820,+3.50,+23.961, +8.538,+0.977
1660433880,+3.50,+23.944, +8.498,+0.978
1660433940,+3.50,+23.936, +8.458,+0.978
1660434000,+3.50,+23.944, +8.472,+0.977
1660434060,+3.50,+23.936, +8.501,+0.978
1660434120,+3.50,+23.936, +8.441,+0.977
1660434180,+3.50,+23.936, +8.416,+0.978
1660434240,+3.50,+23.944, +8.381,+0.978
1660434300,+3.50,+23.936, +8.409,+0.978
1660434360,+3.50,+23.944, +8.418,+0.978
1660434420,+3.50,+23.952, +8.413,+0.978
1660434480,+3.50,+23.986, +8.396,+0.977
1660434540,+3.50,+23.977, +8.415,+0.978
1660434600,+3.50,+23.986, +8.441,+0.977
1660434660,+3.50,+23.994, +8.437,+0.978
1660434720,+3.50,+24.003, +8.456,+0.977
1660434780,+3.50,+23.994, +8.418,+0.978
1660434840,+3.50,+24.003, +8.420,+0.977
1660434900,+3.50,+24.019, +8.398,+0.978
1660434960,+3.50,+24.011, +8.417,+0.978
1660435020,+3.50,+24.003, +8.379,+0.977
1660435080,+3.50,+23.986, +8.366,+0.978
1660435140,+3.50,+24.011, +8.428,+0.978
1660435200,+3.50,+24.003, +8.414,+0.978
1660435260,+3.50,+24.011, +8.402,+0.978
1660435320,+3.50,+23.994, +8.416,+0.978
1660435380,+3.50,+23.994, +8.393,+0.978
1660435440,+3.50,+23.977, +8.362,+0.978
1660435500,+3.50,+23.961, +8.332,+0.977
1660435560,+3.50,+23.952, +8.326,+0.977
1660435620,+3.50,+23.961, +8.325,+0.978
1660435680,+3.50,+23.952, +8.275,+0.977
1660435740,+3.50,+23.936, +8.280,+0.978
1660435800,+3.50,+23.936, +8.271,+0.977
1660435860,+3.50,+23.910, +8.242,+0.978
1660435920,+3.50,+23.894, +8.265,+0.977
1660435980,+3.50,+23.919, +8.241,+0.977
1660436040,+3.50,+23.902, +8.213,+0.977
1660436100,+3.50,+23.894, +8.165,+0.977
1660436160,+3.50,+23.894, +8.157,+0.977
1660436220,+3.50,+23.885, +8.165,+0.978
1660436280,+3.50,+23.877, +8.160,+0.978
1660436340,+3.50,+23.852, +8.119,+0.977
1660436400,+3.50,+23.868, +8.098,+0.977
1660436460,+3.50,+23.860, +8.044,+0.977
1660436520,+3.50,+23.860, +8.060,+0.978
1660436580,+3.50,+23.835, +8.063,+0.977
1660436640,+3.50,+23.826, +8.093,+0.977
1660436700,+3.50,+23.826, +8.109,+0.977
1660436760,+3.50,+23.826, +8.109,+0.977
1660436820,+3.50,+23.810, +8.100,+0.977
1660436880,+3.50,+23.801, +8.088,+0.978
1660436940,+3.50,+23.793, +8.099,+0.978
1660437000,+3.50,+23.776, +8.051,+0.978
1660437060,+3.50,+23.785, +8.044,+0.978
1660437120,+3.50,+23.751, +8.037,+0.977
1660437180,+3.50,+23.768, +8.015,+0.978
1660437240,+3.50,+23.743, +8.009,+0.978
1660437300,+3.50,+23.743, +7.974,+0.977
1660437360,+3.50,+23.743, +7.984,+0.977
1660437420,+3.50,+23.743, +7.969,+0.977
1660437480,+3.50,+23.734, +7.971,+0.978
1660437540,+3.50,+23.734, +7.956,+0.978
1660437600,+3.50,+23.726, +7.950,+0.978
1660437660,+3.50,+23.717, +7.940,+0.978
1660437720,+3.50,+23.726, +7.939,+0.977
1660437780,+3.50,+23.726, +7.973,+0.978
1660437840,+3.50,+23.717, +7.973,+0.978
1660437900,+3.50,+23.751, +7.933,+0.978
1660437960,+3.50,+23.717, +7.948,+0.978
1660438020,+3.50,+23.743, +7.922,+0.978
1660438080,+3.50,+23.734, +7.918,+0.977
1660438140,+3.50,+23.734, +7.910,+0.977
1660438200,+3.50,+23.717, +7.919,+0.978
1660438260,+3.50,+23.734, +7.918,+0.978
1660438320,+3.50,+23.734, +7.896,+0.978
1660438380,+3.50,+23.734, +7.883,+0.978
1660438440,+3.50,+23.726, +7.881,+0.977
1660438500,+3.50,+23.734, +7.845,+0.977
1660438560,+3.50,+23.734, +7.814,+0.977
1660438620,+3.50,+23.709, +7.815,+0.978
1660438680,+3.50,+23.709, +7.795,+0.977
1660438740,+3.50,+23.709, +7.780,+0.977
1660438800,+3.50,+23.684, +7.756,+0.977
1660438860,+3.50,+23.684, +7.732,+0.977
1660438920,+3.50,+23.676, +7.707,+0.978
1660438980,+3.50,+23.684, +7.702,+0.978
1660439040,+3.50,+23.676, +7.650,+0.977
1660439100,+3.50,+23.667, +7.652,+0.977
1660439160,+3.50,+23.617, +7.783,+0.977
1660439220,+3.50,+23.583, +7.830,+0.977
1660439280,+3.50,+23.550, +7.871,+0.977
1660439340,+3.50,+23.500, +7.935,+0.977
1660439400,+3.50,+23.466, +7.896,+0.977
1660439460,+3.50,+23.449, +7.951,+0.977
1660439520,+3.50,+23.424, +7.915,+0.977
1660439580,+3.50,+23.399, +7.945,+0.977
1660439640,+3.50,+23.365, +7.934,+0.977
1660439700,+3.50,+23.374, +7.924,+0.977
1660439760,+3.50,+23.340, +7.920,+0.977
1660439820,+3.50,+23.332, +7.917,+0.977
1660439880,+3.50,+23.340, +7.887,+0.977
1660439940,+3.50,+23.332, +7.812,+0.977
1660440000,+3.50,+23.340, +7.810,+0.977
1660440060,+3.50,+23.324, +7.823,+0.977
1660440120,+3.50,+23.324, +7.816,+0.977
1660440180,+3.50,+23.324, +7.766,+0.977
1660440240,+3.50,+23.315, +7.740,+0.977
1660440300,+3.50,+23.298, +7.739,+0.977
1660440360,+3.50,+23.298, +7.720,+0.977
1660440420,+3.50,+23.307, +7.759,+0.977
1660440480,+3.50,+23.298, +7.760,+0.978
1660440540,+3.50,+23.265, +7.746,+0.977
1660440600,+3.50,+23.273, +7.749,+0.977
1660440660,+3.50,+23.273, +7.726,+0.977
1660440720,+3.50,+23.257, +7.706,+0.977
1660440780,+3.50,+23.240, +7.699,+0.977
1660440840,+3.50,+23.173, +7.822,+0.977
1660440900,+3.50,+23.131, +7.868,+0.977
1660440960,+3.50,+23.081, +7.908,+0.977
1660441020,+3.50,+23.072, +7.897,+0.977
1660441080,+3.50,+23.039, +7.943,+0.977
1660441140,+3.50,+23.005, +7.936,+0.977
1660441200,+3.50,+22.989, +7.922,+0.977
1660441260,+3.50,+22.989, +7.906,+0.977
1660441320,+3.50,+22.963, +7.902,+0.977
1660441380,+3.50,+22.947, +7.924,+0.977
1660441440,+3.50,+22.922, +7.933,+0.977
1660441500,+3.50,+22.913, +7.942,+0.977
1660441560,+3.50,+22.863, +7.977,+0.977
1660441620,+3.50,+22.830, +7.979,+0.977
1660441680,+3.50,+22.821, +7.949,+0.977
1660441740,+3.50,+22.788, +7.977,+0.977
1660441800,+3.50,+22.771, +7.978,+0.977
1660441860,+3.50,+22.754, +7.988,+0.977
1660441920,+3.50,+22.737, +7.956,+0.977
1660441980,+3.50,+22.729, +7.875,+0.977
1660442040,+3.50,+22.704, +7.905,+0.977
1660442100,+3.50,+22.712, +7.881,+0.976
1660442160,+3.50,+22.712, +7.882,+0.977
1660442220,+3.50,+22.704, +7.866,+0.977
1660442280,+3.50,+22.687, +7.897,+0.977
1660442340,+3.50,+22.696, +7.859,+0.977
1660442400,+3.50,+22.704, +7.754,+0.978
1660442460,+3.50,+22.696, +7.748,+0.977
1660442520,+3.50,+22.687, +7.723,+0.977
1660442580,+3.50,+22.662, +7.677,+0.977
1660442640,+3.50,+22.629, +7.741,+0.977
1660442700,+3.50,+22.604, +7.778,+0.977
1660442760,+3.50,+22.570, +7.821,+0.977
1660442820,+3.50,+22.537, +7.827,+0.977
1660442880,+3.50,+22.511, +7.837,+0.977
1660442940,+3.51,+22.495, +7.848,+0.977
1660443000,+3.50,+22.478, +7.820,+0.977
1660443060,+3.51,+22.453, +7.834,+0.977
1660443120,+3.50,+22.428, +7.814,+0.977
1660443180,+3.51,+22.411, +7.820,+0.977
1660443240,+3.51,+22.394, +7.786,+0.977
1660443300,+3.51,+22.336, +7.886,+0.977
1660443360,+3.51,+22.319, +7.916,+0.977
1660443420,+3.51,+22.294, +7.944,+0.977
1660443480,+3.51,+22.235, +7.934,+0.977
1660443540,+3.51,+22.227, +7.957,+0.977
1660443600,+3.50,+22.219, +7.933,+0.977
1660443660,+3.50,+22.185, +7.926,+0.977
1660443720,+3.50,+22.160, +7.918,+0.977
1660443780,+3.50,+22.110, +7.985,+0.977
1660443840,+3.50,+22.118, +7.975,+0.977
1660443900,+3.50,+22.101, +7.976,+0.977
1660443960,+3.50,+22.076, +7.977,+0.977
1660444020,+3.50,+22.068, +7.965,+0.977
1660444080,+3.50,+22.035, +7.936,+0.977
1660444140,+3.50,+22.035, +7.957,+0.977
1660444200,+3.50,+22.001, +7.976,+0.977
1660444260,+3.50,+21.976, +7.971,+0.977
1660444320,+3.50,+21.968, +7.971,+0.977
1660444380,+3.50,+21.934, +7.920,+0.977
1660444440,+3.50,+21.901, +7.965,+0.977
1660444500,+3.50,+21.892, +7.998,+0.977
1660444560,+3.50,+21.842, +7.999,+0.977
1660444620,+3.50,+21.825, +8.027,+0.977
1660444680,+3.50,+21.842, +8.043,+0.977
1660444740,+3.50,+21.825, +8.021,+0.977
1660444800,+3.50,+21.800, +8.059,+0.977
1660444860,+3.50,+21.767, +8.068,+0.977
1660444920,+3.50,+21.750, +8.072,+0.977
1660444980,+3.50,+21.733, +8.068,+0.977
1660445040,+3.50,+21.725, +8.067,+0.977
1660445100,+3.50,+21.708, +8.053,+0.977
1660445160,+3.50,+21.708, +8.065,+0.977
1660445220,+3.50,+21.683, +8.030,+0.977
1660445280,+3.50,+21.667, +8.141,+0.977
1660445340,+3.50,+21.641, +8.185,+0.977
1660445400,+3.50,+21.633, +8.184,+0.977
1660445460,+3.50,+21.625, +8.174,+0.977
1660445520,+3.50,+21.625, +8.153,+0.977
1660445580,+3.50,+21.616, +8.154,+0.977
1660445640,+3.50,+21.591, +8.154,+0.977
1660445700,+3.50,+21.600, +8.075,+0.977
1660445760,+3.50,+21.575, +8.088,+0.977
1660445820,+3.50,+21.575, +8.108,+0.977
1660445880,+3.50,+21.549, +8.131,+0.977
1660445940,+3.50,+21.549, +8.077,+0.977
1660446000,+3.50,+21.541, +8.037,+0.977
1660446060,+3.50,+21.533, +8.082,+0.977
1660446120,+3.50,+21.533, +8.018,+0.977
1660446180,+3.50,+21.533, +8.011,+0.977
1660446240,+3.50,+21.524, +8.020,+0.977
1660446300,+3.50,+21.516, +8.059,+0.977
1660446360,+3.50,+21.508, +8.075,+0.977
1660446420,+3.50,+21.499, +8.089,+0.977
1660446480,+3.50,+21.491, +8.003,+0.977
1660446540,+3.50,+21.508, +7.918,+0.977
1660446600,+3.50,+21.491, +7.929,+0.977
1660446660,+3.50,+21.482, +8.025,+0.977
1660446720,+3.50,+21.491, +7.983,+0.977
1660446780,+3.50,+21.482, +7.981,+0.976
1660446840,+3.50,+21.499, +7.952,+0.977
1660446900,+3.50,+21.466, +8.006,+0.977
1660446960,+3.50,+21.457, +8.032,+0.977
1660447020,+3.50,+21.441, +8.095,+0.977
1660447080,+3.50,+21.424, +8.117,+0.977
1660447140,+3.50,+21.441, +8.075,+0.977
1660447200,+3.51,+21.441, +8.125,+0.977
1660447260,+3.50,+21.432, +8.166,+0.977
1660447320,+3.50,+21.432, +8.156,+0.977
1660447380,+3.50,+21.432, +8.152,+0.977
1660447440,+3.50,+21.416, +8.125,+0.977
1660447500,+3.50,+21.407, +8.087,+0.977
1660447560,+3.50,+21.416, +8.090,+0.977
1660447620,+3.50,+21.416, +8.111,+0.977
1660447680,+3.50,+21.390, +8.105,+0.977
1660447740,+3.50,+21.390, +8.133,+0.977
1660447800,+3.50,+21.390, +8.024,+0.977
1660447860,+3.50,+21.399, +8.029,+0.977
1660447920,+3.50,+21.382, +8.075,+0.977
1660447980,+3.50,+21.365, +8.098,+0.977
1660448040,+3.50,+21.382, +8.031,+0.977
1660448100,+3.50,+21.382, +7.892,+0.977
1660448160,+3.51,+21.390, +7.862,+0.976
1660448220,+3.50,+21.382, +7.845,+0.977
1660448280,+3.50,+21.365, +7.792,+0.977
1660448340,+3.50,+21.365, +7.857,+0.977
1660448400,+3.50,+21.374, +7.901,+0.977
1660448460,+3.50,+21.382, +7.854,+0.977
1660448520,+3.50,+21.357, +7.920,+0.977
1660448580,+3.50,+21.365, +7.983,+0.977
1660448640,+3.50,+21.357, +7.926,+0.976
1660448700,+3.50,+21.349, +8.071,+0.977
1660448760,+3.50,+21.349, +8.154,+0.977
1660448820,+3.50,+21.315, +8.217,+0.977
1660448880,+3.50,+21.332, +8.257,+0.977
1660448940,+3.50,+21.332, +8.230,+0.976
1660449000,+3.50,+21.332, +8.207,+0.976
1660449060,+3.50,+21.324, +8.165,+0.977
1660449120,+3.50,+21.324, +8.207,+0.977
1660449180,+3.50,+21.332, +8.224,+0.977
1660449240,+3.50,+21.324, +8.137,+0.977
1660449300,+3.50,+21.298, +8.097,+0.977
1660449360,+3.50,+21.324, +7.944,+0.976
1660449420,+3.50,+21.315, +7.999,+0.976
1660449480,+3.50,+21.332, +7.978,+0.976
1660449540,+3.50,+21.332, +8.001,+0.977
1660449600,+3.50,+21.315, +7.979,+0.977
1660449660,+3.50,+21.290, +8.057,+0.976
1660449720,+3.50,+21.290, +8.171,+0.977
1660449780,+3.50,+21.290, +8.152,+0.977
1660449840,+3.50,+21.290, +8.106,+0.976
1660449900,+3.50,+21.282, +8.115,+0.977
1660449960,+3.50,+21.298, +8.071,+0.977
1660450020,+3.50,+21.307, +8.091,+0.977
1660450080,+3.50,+21.290, +8.032,+0.976
1660450140,+3.50,+21.290, +8.048,+0.977
1660450200,+3.50,+21.298, +8.026,+0.976
1660450260,+3.50,+21.290, +7.972,+0.977
1660450320,+3.50,+21.282, +7.994,+0.977
1660450380,+3.50,+21.282, +8.117,+0.977
1660450440,+3.50,+21.273, +8.206,+0.977
1660450500,+3.50,+21.273, +8.246,+0.977
1660450560,+3.50,+21.248, +8.233,+0.976
1660450620,+3.50,+21.248, +8.254,+0.977
1660450680,+3.50,+21.248, +8.263,+0.977
1660450740,+3.50,+21.232, +8.301,+0.977
1660450800,+3.50,+21.273, +8.326,+0.976
1660450860,+3.50,+21.248, +8.369,+0.978
1660450920,+3.50,+21.265, +8.348,+0.977
1660450980,+3.50,+21.248, +8.370,+0.977
1660451040,+3.50,+21.232, +8.404,+0.977
1660451100,+3.50,+21.232, +8.420,+0.977
1660451160,+3.50,+21.240, +8.433,+0.977
1660451220,+3.50,+21.240, +8.444,+0.977
1660451280,+3.50,+21.232, +8.449,+0.977
1660451340,+3.50,+21.240, +8.443,+0.977
1660451400,+3.50,+21.240, +8.422,+0.977
1660451460,+3.50,+21.232, +8.416,+0.977
1660451520,+3.50,+21.257, +8.399,+0.976
1660451580,+3.50,+21.232, +8.418,+0.977
1660451640,+3.50,+21.240, +8.414,+0.977
1660451700,+3.50,+21.257, +8.396,+0.977
1660451760,+3.50,+21.248, +8.411,+0.977
1660451820,+3.50,+21.240, +8.419,+0.977
1660451880,+3.50,+21.240, +8.444,+0.977
1660451940,+3.50,+21.257, +8.456,+0.977
1660452000,+3.50,+21.232, +8.467,+0.977
1660452060,+3.50,+21.232, +8.460,+0.977
1660452120,+3.50,+21.232, +8.453,+0.977
1660452180,+3.50,+21.232, +8.444,+0.977
1660452240,+3.50,+21.232, +8.429,+0.977
1660452300,+3.50,+21.215, +8.430,+0.977
1660452360,+3.50,+21.240, +8.432,+0.977
1660452420,+3.50,+21.240, +8.431,+0.977
1660452480,+3.50,+21.223, +8.425,+0.977
1660452540,+3.50,+21.223, +8.408,+0.977
1660452600,+3.50,+21.232, +8.392,+0.977
1660452660,+3.50,+21.223, +8.405,+0.977
1660452720,+3.50,+21.248, +8.379,+0.976
1660452780,+3.50,+21.232, +8.391,+0.977
1660452840,+3.50,+21.240, +8.368,+0.976
1660452900,+3.50,+21.215, +8.383,+0.977
1660452960,+3.50,+21.223, +8.389,+0.977
1660453020,+3.50,+21.240, +8.391,+0.977
1660453080,+3.50,+21.223, +8.368,+0.977
1660453140,+3.50,+21.223, +8.386,+0.977
1660453200,+3.50,+21.223, +8.397,+0.977
1660453260,+3.50,+21.223, +8.376,+0.977
1660453320,+3.50,+21.223, +8.379,+0.976
1660453380,+3.50,+21.206, +8.378,+0.977
1660453440,+3.50,+21.223, +8.370,+0.977
1660453500,+3.50,+21.198, +8.358,+0.977
1660453560,+3.50,+21.206, +8.319,+0.977
1660453620,+3.50,+21.190, +8.335,+0.977
1660453680,+3.50,+21.206, +8.320,+0.977
1660453740,+3.50,+21.198, +8.311,+0.977
1660453800,+3.50,+21.181, +8.305,+0.977
1660453860,+3.50,+21.190, +8.304,+0.977
1660453920,+3.50,+21.181, +8.315,+0.977
1660453980,+3.50,+21.190, +8.318,+0.976
1660454040,+3.50,+21.198, +8.314,+0.977
1660454100,+3.50,+21.181, +8.322,+0.977
1660454160,+3.50,+21.181, +8.264,+0.977
1660454220,+3.50,+21.181, +8.226,+0.977
1660454280,+3.50,+21.190, +8.230,+0.977
1660454340,+3.50,+21.173, +8.195,+0.977
1660454400,+3.50,+21.165, +8.181,+0.977
1660454460,+3.50,+21.181, +8.175,+0.977
1660454520,+3.50,+21.173, +8.137,+0.977
1660454580,+3.50,+21.181, +8.096,+0.977
1660454640,+3.50,+21.198, +8.076,+0.977
1660454700,+3.50,+21.173, +7.931,+0.977
1660454760,+3.50,+21.190, +7.754,+0.977
1660454820,+3.50,+21.206, +7.632,+0.977
1660454880,+3.50,+21.190, +7.579,+0.976
1660454940,+3.50,+21.206, +7.606,+0.976
1660455000,+3.50,+21.190, +7.651,+0.977
1660455060,+3.50,+21.190, +7.655,+0.977
1660455120,+3.50,+21.206, +7.615,+0.976
1660455180,+3.50,+21.198, +7.465,+0.976
1660455240,+3.50,+21.215, +7.277,+0.976
1660455300,+3.50,+21.206, +7.202,+0.976
1660455360,+3.50,+21.198, +7.162,+0.976
1660455420,+3.50,+21.198, +7.193,+0.976
1660455480,+3.50,+21.206, +7.215,+0.976
1660455540,+3.50,+21.206, +7.231,+0.977
1660455600,+3.50,+21.206, +7.180,+0.976
1660455660,+3.50,+21.198, +7.146,+0.976
1660455720,+3.50,+21.215, +7.129,+0.976
1660455780,+3.50,+21.215, +7.075,+0.976
1660455840,+3.50,+21.190, +7.077,+0.976
1660455900,+3.50,+21.206, +7.103,+0.976
1660455960,+3.50,+21.206, +7.066,+0.977
1660456020,+3.50,+21.198, +7.012,+0.976
1660456080,+3.50,+21.206, +6.947,+0.976
1660456140,+3.50,+21.215, +6.853,+0.976
1660456200,+3.50,+21.215, +6.827,+0.976
1660456260,+3.50,+21.215, +6.803,+0.976
1660456320,+3.50,+21.223, +6.763,+0.976
1660456380,+3.50,+21.215, +6.777,+0.976
1660456440,+3.50,+21.215, +6.825,+0.976
1660456500,+3.50,+21.215, +6.929,+0.977
1660456560,+3.50,+21.232, +7.005,+0.976
1660456620,+3.50,+21.223, +6.984,+0.976
1660456680,+3.50,+21.206, +7.032,+0.976
1660456740,+3.50,+21.232, +6.982,+0.976
1660456800,+3.50,+21.248, +6.946,+0.976
1660456860,+3.50,+21.248, +7.010,+0.977
1660456920,+3.50,+21.248, +7.213,+0.976
1660456980,+3.50,+21.223, +7.497,+0.976
1660457040,+3.50,+21.240, +7.575,+0.976
1660457100,+3.50,+21.232, +7.590,+0.976
1660457160,+3.50,+21.248, +7.528,+0.976
1660457220,+3.50,+21.240, +7.480,+0.976
1660457280,+3.50,+21.232, +7.466,+0.976
1660457340,+3.50,+21.248, +7.418,+0.976
1660457400,+3.50,+21.248, +7.258,+0.976
1660457460,+3.50,+21.232, +7.043,+0.976
1660457520,+3.50,+21.248, +6.979,+0.977
1660457580,+3.50,+21.232, +6.979,+0.976
1660457640,+3.50,+21.232, +6.990,+0.976
1660457700,+3.50,+21.248, +6.959,+0.976
1660457760,+3.50,+21.257, +6.957,+0.976
1660457820,+3.50,+21.248, +7.014,+0.976
1660457880,+3.50,+21.232, +7.087,+0.976
1660457940,+3.50,+21.248, +7.122,+0.976
1660458000,+3.50,+21.257, +7.157,+0.976
1660458060,+3.50,+21.257, +7.134,+0.976
1660458120,+3.50,+21.265, +7.124,+0.976
1660458180,+3.50,+21.273, +7.177,+0.976
1660458240,+3.50,+21.265, +7.251,+0.976
1660458300,+3.50,+21.257, +7.337,+0.976
1660458360,+3.50,+21.257, +7.325,+0.976
1660458420,+3.50,+21.257, +7.412,+0.976
1660458480,+3.50,+21.273, +7.537,+0.976
1660458540,+3.50,+21.265, +7.599,+0.977
1660458600,+3.50,+21.265, +7.574,+0.976
1660458660,+3.50,+21.273, +7.500,+0.977
1660458720,+3.50,+21.265, +7.491,+0.976
1660458780,+3.50,+21.282, +7.361,+0.977
1660458840,+3.50,+21.273, +7.229,+0.976
1660458900,+3.50,+21.265, +7.172,+0.976
1660458960,+3.50,+21.273, +7.093,+0.976
1660459020,+3.50,+21.282, +7.067,+0.976
1660459080,+3.50,+21.282, +7.040,+0.976
1660459140,+3.50,+21.265, +7.019,+0.976
1660459200,+3.50,+21.298, +6.996,+0.977
1660459260,+3.50,+21.298, +6.996,+0.976
1660459320,+3.50,+21.290, +7.010,+0.977
1660459380,+3.50,+21.307, +6.996,+0.976
1660459440,+3.50,+21.282, +7.022,+0.976
1660459500,+3.50,+21.290, +6.881,+0.976
1660459560,+3.50,+21.290, +6.858,+0.976
1660459620,+3.50,+21.282, +6.870,+0.976
1660459680,+3.50,+21.282, +6.905,+0.977
1660459740,+3.50,+21.324, +6.901,+0.976
1660459800,+3.50,+21.298, +6.874,+0.976
1660459860,+3.50,+21.298, +6.945,+0.976
1660459920,+3.50,+21.290, +6.860,+0.976
1660459980,+3.50,+21.298, +6.922,+0.976
1660460040,+3.50,+21.315, +7.005,+0.976
1660460100,+3.50,+21.324, +7.018,+0.976
1660460160,+3.50,+21.298, +7.073,+0.977
1660460220,+3.50,+21.307, +7.141,+0.976
1660460280,+3.50,+21.307, +7.242,+0.976
1660460340,+3.50,+21.298, +7.309,+0.976
1660460400,+3.50,+21.332, +7.361,+0.976
1660460460,+3.50,+21.324, +7.401,+0.977
1660460520,+3.50,+21.307, +7.425,+0.976
1660460580,+3.50,+21.315, +7.483,+0.977
1660460640,+3.50,+21.315, +7.505,+0.976
1660460700,+3.50,+21.315, +7.432,+0.976
1660460760,+3.50,+21.307, +7.281,+0.976
1660460820,+3.50,+21.324, +7.330,+0.977
1660460880,+3.50,+21.340, +7.399,+0.976
1660460940,+3.50,+21.332, +7.443,+0.976
1660461000,+3.50,+21.332, +7.542,+0.976
1660461060,+3.50,+21.332, +7.569,+0.977
1660461120,+3.50,+21.340, +7.609,+0.976
1660461180,+3.50,+21.332, +7.608,+0.977
1660461240,+3.50,+21.349, +7.595,+0.976
1660461300,+3.50,+21.340, +7.585,+0.976
1660461360,+3.50,+21.349, +7.564,+0.976
1660461420,+3.50,+21.357, +7.453,+0.976
1660461480,+3.50,+21.357, +7.467,+0.976
1660461540,+3.50,+21.357, +7.461,+0.977
1660461600,+3.50,+21.365, +7.445,+0.977
1660461660,+3.50,+21.357, +7.459,+0.977
1660461720,+3.50,+21.374, +7.424,+0.976
1660461780,+3.50,+21.365, +7.382,+0.976
1660461840,+3.50,+21.374, +7.394,+0.976
1660461900,+3.50,+21.374, +7.392,+0.976
1660461960,+3.50,+21.399, +7.451,+0.976
1660462020,+3.50,+21.407, +7.520,+0.976
1660462080,+3.50,+21.424, +7.572,+0.977
1660462140,+3.50,+21.449, +7.586,+0.976
1660462200,+3.50,+21.491, +7.583,+0.977
1660462260,+3.50,+21.533, +7.612,+0.977
1660462320,+3.50,+21.583, +7.640,+0.977
1660462380,+3.50,+21.616, +7.645,+0.976
1660462440,+3.50,+21.616, +7.657,+0.976
1660462500,+3.50,+21.616, +7.640,+0.977
1660462560,+3.50,+21.600, +7.618,+0.977
1660462620,+3.50,+21.600, +7.590,+0.977
1660462680,+3.50,+21.583, +7.580,+0.976
1660462740,+3.50,+21.608, +7.566,+0.977
1660462800,+3.50,+21.633, +7.573,+0.977
1660462860,+3.50,+21.675, +7.604,+0.977
1660462920,+3.50,+21.733, +7.614,+0.977
1660462980,+3.50,+21.775, +7.637,+0.977
1660463040,+3.50,+21.825, +7.651,+0.977
1660463100,+3.50,+21.859, +7.650,+0.976
1660463160,+3.49,+21.926, +7.669,+0.977
1660463220,+3.49,+21.959, +7.685,+0.977
1660463280,+3.49,+22.001, +7.687,+0.977
1660463340,+3.49,+22.060, +7.673,+0.977
1660463400,+3.49,+22.085, +7.699,+0.977
1660463460,+3.49,+22.143, +7.743,+0.977
1660463520,+3.50,+22.185, +7.792,+0.977
1660463580,+3.50,+22.244, +7.783,+0.977
1660463640,+3.50,+22.269, +7.779,+0.976
1660463700,+3.50,+22.294, +7.797,+0.977
1660463760,+3.50,+22.319, +7.811,+0.977
1660463820,+3.50,+22.336, +7.820,+0.977
1660463880,+3.50,+22.344, +7.833,+0.977
1660463940,+3.50,+22.361, +7.832,+0.977
1660464000,+3.50,+22.386, +7.837,+0.977
1660464060,+3.50,+22.386, +7.834,+0.976
1660464120,+3.50,+22.403, +7.839,+0.977
1660464180,+3.50,+22.403, +7.826,+0.976
1660464240,+3.50,+22.411, +7.840,+0.977
1660464300,+3.50,+22.411, +7.844,+0.977
1660464360,+3.50,+22.419, +7.859,+0.977
1660464420,+3.50,+22.436, +7.859,+0.977
1660464480,+3.50,+22.445, +7.859,+0.977
1660464540,+3.50,+22.445, +7.855,+0.977
1660464600,+3.50,+22.428, +7.852,+0.976
1660464660,+3.50,+22.436, +7.855,+0.976
1660464720,+3.50,+22.428, +7.844,+0.977
1660464780,+3.50,+22.428, +7.838,+0.976
1660464840,+3.50,+22.403, +7.853,+0.977
1660464900,+3.50,+22.394, +7.842,+0.976
1660464960,+3.50,+22.369, +7.845,+0.977
1660465020,+3.50,+22.369, +7.840,+0.977
1660465080,+3.50,+22.386, +7.851,+0.976
1660465140,+3.50,+22.378, +7.847,+0.976
1660465200,+3.50,+22.386, +7.850,+0.977
1660465260,+3.50,+22.369, +7.850,+0.976
1660465320,+3.50,+22.369, +7.836,+0.976
1660465380,+3.50,+22.361, +7.852,+0.977
1660465440,+3.50,+22.361, +7.838,+0.976
1660465500,+3.50,+22.361, +7.855,+0.976
1660465560,+3.50,+22.352, +7.850,+0.976
1660465620,+3.50,+22.336, +7.855,+0.977
1660465680,+3.50,+22.336, +7.868,+0.977
1660465740,+3.50,+22.336, +7.865,+0.977
1660465800,+3.50,+22.336, +7.860,+0.976
1660465860,+3.50,+22.319, +7.878,+0.977
1660465920,+3.50,+22.336, +7.869,+0.977
1660465980,+3.50,+22.327, +7.855,+0.976
1660466040,+3.50,+22.336, +7.862,+0.976
1660466100,+3.50,+22.319, +7.879,+0.976
1660466160,+3.50,+22.319, +7.887,+0.976
1660466220,+3.50,+22.311, +7.892,+0.977
1660466280,+3.50,+22.311, +7.895,+0.977
1660466340,+3.50,+22.327, +7.889,+0.977
1660466400,+3.50,+22.327, +7.897,+0.977
1660466460,+3.50,+22.302, +7.913,+0.977
1660466520,+3.50,+22.302, +7.903,+0.977
1660466580,+3.50,+22.302, +7.905,+0.976
1660466640,+3.50,+22.311, +7.903,+0.977
1660466700,+3.50,+22.286, +7.914,+0.977
1660466760,+3.50,+22.319, +7.885,+0.976
1660466820,+3.50,+22.294, +7.893,+0.976
1660466880,+3.50,+22.294, +7.896,+0.976
1660466940,+3.50,+22.269, +7.914,+0.976
1660467000,+3.50,+22.269, +7.905,+0.976
1660467060,+3.50,+22.244, +7.901,+0.977
1660467120,+3.50,+22.244, +7.886,+0.976
1660467180,+3.50,+22.227, +7.873,+0.977
1660467240,+3.50,+22.235, +7.850,+0.977
1660467300,+3.50,+22.219, +7.832,+0.976
1660467360,+3.50,+22.202, +7.823,+0.976
1660467420,+3.50,+22.194, +7.821,+0.976
1660467480,+3.50,+22.177, +7.822,+0.976
1660467540,+3.50,+22.177, +7.816,+0.977
1660467600,+3.49,+22.177, +7.810,+0.977
1660467660,+3.49,+22.160, +7.808,+0.977
1660467720,+3.50,+22.177, +7.795,+0.976
1660467780,+3.49,+22.143, +7.790,+0.976
1660467840,+3.50,+22.160, +7.781,+0.976
1660467900,+3.49,+22.168, +7.770,+0.976
1660467960,+3.49,+22.143, +7.776,+0.976
1660468020,+3.49,+22.127, +7.771,+0.976
1660468080,+3.49,+22.127, +7.769,+0.977
1660468140,+3.49,+22.118, +7.764,+0.976
1660468200,+3.49,+22.110, +7.772,+0.977
1660468260,+3.49,+22.118, +7.768,+0.976
1660468320,+3.49,+22.101, +7.771,+0.977
1660468380,+3.49,+22.101, +7.771,+0.976
1660468440,+3.49,+22.068, +7.792,+0.976
1660468500,+3.49,+22.110, +7.780,+0.977
1660468560,+3.49,+22.093, +7.785,+0.976
1660468620,+3.49,+22.068, +7.790,+0.976
1660468680,+3.49,+22.085, +7.796,+0.976
1660468740,+3.49,+22.076, +7.814,+0.976
1660468800,+3.49,+22.085, +7.819,+0.976
1660468860,+3.49,+22.093, +7.844,+0.977
1660468920,+3.49,+22.085, +7.848,+0.976
1660468980,+3.49,+22.101, +7.840,+0.976
1660469040,+3.49,+22.101, +7.854,+0.977
1660469100,+3.49,+22.110, +7.867,+0.976
1660469160,+3.49,+22.118, +7.879,+0.977
1660469220,+3.49,+22.118, +7.884,+0.977
1660469280,+3.49,+22.143, +7.879,+0.977
1660469340,+3.49,+22.143, +7.893,+0.977
1660469400,+3.49,+22.160, +7.883,+0.976
1660469460,+3.49,+22.152, +7.905,+0.977
1660469520,+3.49,+22.152, +7.901,+0.976
1660469580,+3.49,+22.160, +7.905,+0.977
1660469640,+3.49,+22.168, +7.917,+0.976
1660469700,+3.49,+22.177, +7.915,+0.976
1660469760,+3.50,+22.168, +7.929,+0.977
1660469820,+3.50,+22.185, +7.926,+0.977
1660469880,+3.50,+22.194, +7.921,+0.976
1660469940,+3.50,+22.202, +7.924,+0.977
1660470000,+3.50,+22.202, +7.926,+0.976
1660470060,+3.50,+22.202, +7.936,+0.977
1660470120,+3.50,+22.235, +7.924,+0.977
1660470180,+3.50,+22.210, +7.924,+0.976
1660470240,+3.50,+22.227, +7.923,+0.977
1660470300,+3.50,+22.244, +7.917,+0.976
1660470360,+3.50,+22.260, +7.930,+0.977
1660470420,+3.50,+22.244, +7.912,+0.976
1660470480,+3.50,+22.269, +7.918,+0.977
1660470540,+3.50,+22.269, +7.924,+0.976
1660470600,+3.50,+22.286, +7.951,+0.977
1660470660,+3.50,+22.269, +7.952,+0.976
1660470720,+3.50,+22.277, +7.943,+0.976
1660470780,+3.50,+22.302, +7.953,+0.976
1660470840,+3.50,+22.294, +7.979,+0.977
1660470900,+3.50,+22.319, +7.962,+0.977
1660470960,+3.50,+22.327, +7.963,+0.977
1660471020,+3.50,+22.327, +7.963,+0.976
1660471080,+3.50,+22.352, +7.953,+0.976
1660471140,+3.50,+22.352, +7.965,+0.977
1660471200,+3.50,+22.386, +7.946,+0.977
1660471260,+3.50,+22.386, +7.952,+0.976
1660471320,+3.50,+22.386, +7.960,+0.976
1660471380,+3.50,+22.394, +7.954,+0.977
1660471440,+3.50,+22.386, +7.956,+0.976
1660471500,+3.50,+22.403, +7.960,+0.977
1660471560,+3.50,+22.419, +7.961,+0.977
1660471620,+3.50,+22.419, +7.945,+0.976
1660471680,+3.50,+22.436, +7.955,+0.977
1660471740,+3.50,+22.436, +7.963,+0.977
1660471800,+3.50,+22.445, +7.957,+0.976
1660471860,+3.50,+22.445, +7.954,+0.977
1660471920,+3.50,+22.445, +7.936,+0.977
1660471980,+3.50,+22.445, +7.936,+0.977
1660472040,+3.50,+22.453, +7.940,+0.977
1660472100,+3.50,+22.461, +7.948,+0.977
1660472160,+3.50,+22.461, +7.946,+0.977
1660472220,+3.50,+22.478, +7.935,+0.977
1660472280,+3.50,+22.470, +7.937,+0.977
1660472340,+3.50,+22.445, +7.931,+0.977
1660472400,+3.50,+22.470, +7.915,+0.977
1660472460,+3.50,+22.478, +7.913,+0.976
1660472520,+3.50,+22.470, +7.915,+0.976
1660472580,+3.50,+22.470, +7.925,+0.977
1660472640,+3.50,+22.461, +7.931,+0.977
1660472700,+3.50,+22.478, +7.933,+0.977
1660472760,+3.50,+22.486, +7.934,+0.977
1660472820,+3.50,+22.461, +7.938,+0.976
1660472880,+3.50,+22.486, +7.926,+0.976
1660472940,+3.50,+22.486, +7.915,+0.976
1660473000,+3.50,+22.470, +7.933,+0.977
1660473060,+3.50,+22.461, +7.935,+0.977
1660473120,+3.50,+22.478, +7.925,+0.976
1660473180,+3.50,+22.470, +7.919,+0.976
1660473240,+3.50,+22.461, +7.923,+0.977
1660473300,+3.50,+22.478, +7.924,+0.977
1660473360,+3.50,+22.478, +7.924,+0.977
1660473420,+3.50,+22.470, +7.919,+0.977
1660473480,+3.50,+22.486, +7.919,+0.977
1660473540,+3.50,+22.470, +7.915,+0.976
1660473600,+3.50,+22.470, +7.921,+0.976
1660473660,+3.50,+22.461, +7.919,+0.977
1660473720,+3.50,+22.461, +7.912,+0.976
1660473780,+3.50,+22.461, +7.915,+0.977
1660473840,+3.50,+22.486, +7.905,+0.976
1660473900,+3.50,+22.486, +7.900,+0.977
1660473960,+3.50,+22.486, +7.894,+0.976
1660474020,+3.50,+22.461, +7.926,+0.976
1660474080,+3.50,+22.461, +7.930,+0.977
1660474140,+3.50,+22.478, +7.905,+0.976
1660474200,+3.50,+22.470, +7.895,+0.976
1660474260,+3.50,+22.470, +7.920,+0.976
1660474320,+3.50,+22.461, +7.937,+0.977
1660474380,+3.50,+22.453, +7.936,+0.977
1660474440,+3.50,+22.453, +7.916,+0.977
1660474500,+3.50,+22.478, +7.909,+0.977
1660474560,+3.50,+22.470, +7.915,+0.977
1660474620,+3.50,+22.470, +7.914,+0.976
1660474680,+3.50,+22.478, +7.913,+0.976
1660474740,+3.50,+22.478, +7.905,+0.976
1660474800,+3.50,+22.470, +7.915,+0.977
1660474860,+3.50,+22.470, +7.895,+0.977
1660474920,+3.50,+22.470, +7.859,+0.977
1660474980,+3.50,+22.461, +7.871,+0.977
1660475040,+3.50,+22.461, +7.872,+0.976
1660475100,+3.50,+22.478, +7.829,+0.976
1660475160,+3.50,+22.486, +7.858,+0.976
1660475220,+3.50,+22.478, +7.862,+0.976
1660475280,+3.50,+22.478, +7.871,+0.977
1660475340,+3.50,+22.470, +7.874,+0.977
1660475400,+3.50,+22.461, +7.900,+0.976
1660475460,+3.50,+22.495, +7.919,+0.977
1660475520,+3.50,+22.478, +7.909,+0.977
1660475580,+3.50,+22.478, +7.917,+0.977
1660475640,+3.50,+22.503, +7.884,+0.976
1660475700,+3.50,+22.486, +7.891,+0.976
1660475760,+3.50,+22.478, +7.882,+0.976
1660475820,+3.50,+22.478, +7.877,+0.977
1660475880,+3.50,+22.478, +7.871,+0.976
1660475940,+3.50,+22.495, +7.841,+0.976
1660476000,+3.50,+22.486, +7.830,+0.976
1660476060,+3.50,+22.478, +7.778,+0.977
1660476120,+3.50,+22.495, +7.750,+0.976
1660476180,+3.50,+22.495, +7.732,+0.976
1660476240,+3.50,+22.486, +7.620,+0.976
1660476300,+3.50,+22.511, +7.670,+0.977
1660476360,+3.50,+22.478, +7.727,+0.977
1660476420,+3.50,+22.495, +7.748,+0.976
1660476480,+3.50,+22.486, +7.817,+0.976
1660476540,+3.50,+22.486, +7.862,+0.977
1660476600,+3.50,+22.486, +7.847,+0.976
1660476660,+3.50,+22.503, +7.854,+0.977
1660476720,+3.50,+22.470, +7.883,+0.977
1660476780,+3.50,+22.470, +7.897,+0.977
1660476840,+3.50,+22.470, +7.898,+0.976
1660476900,+3.50,+22.478, +7.908,+0.976
1660476960,+3.50,+22.478, +7.908,+0.976
1660477020,+3.50,+22.453, +7.917,+0.976
1660477080,+3.50,+22.461, +7.911,+0.977
1660477140,+3.50,+22.453, +7.911,+0.977
1660477200,+3.50,+22.445, +7.898,+0.976
1660477260,+3.50,+22.445, +7.891,+0.976
1660477320,+3.50,+22.445, +7.898,+0.977
1660477380,+3.50,+22.453, +7.884,+0.977
1660477440,+3.50,+22.453, +7.869,+0.976
1660477500,+3.50,+22.445, +7.874,+0.976
1660477560,+3.50,+22.445, +7.877,+0.977
1660477620,+3.50,+22.436, +7.868,+0.976
1660477680,+3.50,+22.445, +7.866,+0.976
1660477740,+3.50,+22.428, +7.871,+0.976
1660477800,+3.50,+22.411, +7.874,+0.976
1660477860,+3.50,+22.428, +7.880,+0.976
1660477920,+3.50,+22.403, +7.895,+0.977
1660477980,+3.50,+22.386, +7.908,+0.976
1660478040,+3.50,+22.394, +7.902,+0.976
1660478100,+3.50,+22.411, +7.911,+0.976
1660478160,+3.50,+22.394, +7.919,+0.976
1660478220,+3.50,+22.378, +7.932,+0.976
1660478280,+3.50,+22.394, +7.931,+0.977
1660478340,+3.50,+22.394, +7.941,+0.977
1660478400,+3.50,+22.369, +7.943,+0.977
1660478460,+3.50,+22.386, +7.940,+0.976
1660478520,+3.50,+22.369, +7.948,+0.976
1660478580,+3.50,+22.361, +7.941,+0.977
1660478640,+3.50,+22.386, +7.931,+0.977
1660478700,+3.50,+22.352, +7.929,+0.976
1660478760,+3.50,+22.352, +7.936,+0.977
1660478820,+3.50,+22.361, +7.924,+0.977
1660478880,+3.50,+22.369, +7.921,+0.977
1660478940,+3.50,+22.369, +7.920,+0.977
1660479000,+3.50,+22.378, +7.909,+0.976
1660479060,+3.50,+22.386, +7.895,+0.976
1660479120,+3.50,+22.394, +7.882,+0.976
1660479180,+3.50,+22.419, +7.882,+0.976
1660479240,+3.50,+22.419, +7.870,+0.977
1660479300,+3.50,+22.436, +7.834,+0.977
1660479360,+3.50,+22.445, +7.803,+0.976
1660479420,+3.50,+22.428, +7.775,+0.976
1660479480,+3.50,+22.436, +7.734,+0.976
1660479540,+3.50,+22.436, +7.701,+0.976
1660479600,+3.50,+22.461, +7.665,+0.976
1660479660,+3.50,+22.436, +7.633,+0.976
1660479720,+3.50,+22.436, +7.599,+0.976
1660479780,+3.50,+22.445, +7.587,+0.977
1660479840,+3.50,+22.411, +7.581,+0.976
1660479900,+3.50,+22.411, +7.577,+0.976
1660479960,+3.50,+22.394, +7.586,+0.976
1660480020,+3.50,+22.394, +7.575,+0.976
1660480080,+3.50,+22.403, +7.571,+0.976
1660480140,+3.50,+22.369, +7.585,+0.976
1660480200,+3.50,+22.369, +7.588,+0.976
1660480260,+3.50,+22.344, +7.655,+0.976
1660480320,+3.50,+22.319, +7.649,+0.976
1660480380,+3.50,+22.327, +7.658,+0.976
1660480440,+3.50,+22.319, +7.660,+0.977
1660480500,+3.50,+22.327, +7.729,+0.976
1660480560,+3.50,+22.311, +7.725,+0.976
1660480620,+3.50,+22.302, +7.733,+0.976
1660480680,+3.50,+22.302, +7.715,+0.976
1660480740,+3.50,+22.311, +7.749,+0.976
1660480800,+3.50,+22.286, +7.774,+0.976
1660480860,+3.50,+22.277, +7.794,+0.976
1660480920,+3.50,+22.286, +7.814,+0.977
1660480980,+3.50,+22.311, +7.766,+0.976
1660481040,+3.50,+22.286, +7.795,+0.977
1660481100,+3.50,+22.294, +7.836,+0.976
1660481160,+3.50,+22.277, +7.865,+0.977
1660481220,+3.50,+22.294, +7.849,+0.976
1660481280,+3.50,+22.260, +7.858,+0.976
1660481340,+3.50,+22.286, +7.831,+0.976
1660481400,+3.50,+22.277, +7.822,+0.976
1660481460,+3.50,+22.294, +7.832,+0.977
1660481520,+3.50,+22.286, +7.842,+0.977
1660481580,+3.50,+22.277, +7.833,+0.976
1660481640,+3.50,+22.252, +7.848,+0.976
1660481700,+3.50,+22.269, +7.853,+0.976
1660481760,+3.50,+22.244, +7.875,+0.977
1660481820,+3.50,+22.235, +7.892,+0.977
1660481880,+3.50,+22.235, +7.897,+0.976
1660481940,+3.50,+22.235, +7.938,+0.977
1660482000,+3.50,+22.227, +7.935,+0.976
1660482060,+3.50,+22.210, +7.966,+0.977
1660482120,+3.50,+22.202, +7.980,+0.976
1660482180,+3.50,+22.202, +7.983,+0.976
1660482240,+3.50,+22.210, +7.989,+0.977
1660482300,+3.50,+22.202, +7.989,+0.977
1660482360,+3.50,+22.210, +7.963,+0.976
1660482420,+3.50,+22.185, +7.964,+0.976
1660482480,+3.50,+22.202, +7.947,+0.976
1660482540,+3.50,+22.210, +7.951,+0.977
1660482600,+3.50,+22.202, +7.948,+0.977
1660482660,+3.50,+22.210, +7.936,+0.976
1660482720,+3.50,+22.227, +7.931,+0.976
1660482780,+3.50,+22.219, +7.934,+0.976
1660482840,+3.50,+22.185, +7.938,+0.976
1660482900,+3.50,+22.185, +7.944,+0.976
1660482960,+3.50,+22.177, +7.946,+0.976
1660483020,+3.50,+22.168, +7.948,+0.976
1660483080,+3.50,+22.177, +7.946,+0.976
1660483140,+3.49,+22.168, +7.952,+0.977
1660483200,+3.49,+22.143, +7.959,+0.976
1660483260,+3.49,+22.177, +7.966,+0.976
1660483320,+3.49,+22.152, +7.983,+0.977
1660483380,+3.49,+22.143, +7.987,+0.976
1660483440,+3.49,+22.135, +7.999,+0.976
1660483500,+3.49,+22.127, +7.997,+0.976
1660483560,+3.49,+22.143, +8.011,+0.976
1660483620,+3.49,+22.127, +8.021,+0.976
1660483680,+3.49,+22.143, +8.021,+0.976
1660483740,+3.49,+22.143, +8.034,+0.976
1660483800,+3.50,+22.160, +8.047,+0.977
1660483860,+3.49,+22.143, +8.060,+0.977
1660483920,+3.49,+22.118, +8.086,+0.977
1660483980,+3.49,+22.135, +8.102,+0.977
1660484040,+3.49,+22.152, +8.106,+0.977
1660484100,+3.49,+22.143, +8.118,+0.976
1660484160,+3.49,+22.152, +8.126,+0.976
1660484220,+3.49,+22.135, +8.150,+0.976
1660484280,+3.49,+22.143, +8.176,+0.977
1660484340,+3.49,+22.143, +8.177,+0.976
1660484400,+3.49,+22.152, +8.206,+0.977
1660484460,+3.49,+22.152, +8.211,+0.976
1660484520,+3.49,+22.135, +8.230,+0.976
1660484580,+3.49,+22.168, +8.238,+0.976
1660484640,+3.49,+22.177, +8.241,+0.976
1660484700,+3.50,+22.194, +8.232,+0.977
1660484760,+3.50,+22.194, +8.254,+0.977
1660484820,+3.50,+22.185, +8.275,+0.977
1660484880,+3.50,+22.194, +8.283,+0.977
1660484940,+3.50,+22.210, +8.279,+0.976
1660485000,+3.50,+22.235, +8.293,+0.977
1660485060,+3.50,+22.235, +8.305,+0.977
1660485120,+3.50,+22.244, +8.295,+0.977
1660485180,+3.50,+22.244, +8.291,+0.977
1660485240,+3.50,+22.244, +8.293,+0.977
1660485300,+3.50,+22.269, +8.306,+0.977
1660485360,+3.50,+22.286, +8.278,+0.977
1660485420,+3.50,+22.277, +8.301,+0.976
1660485480,+3.50,+22.286, +8.325,+0.977
1660485540,+3.50,+22.277, +8.333,+0.977
1660485600,+3.50,+22.269, +8.355,+0.977
1660485660,+3.50,+22.277, +8.394,+0.977
1660485720,+3.50,+22.260, +8.401,+0.977
1660485780,+3.50,+22.277, +8.399,+0.976
1660485840,+3.50,+22.244, +8.474,+0.976
1660485900,+3.50,+22.244, +8.507,+0.977
1660485960,+3.50,+22.244, +8.514,+0.977
1660486020,+3.50,+22.219, +8.542,+0.977
1660486080,+3.50,+22.210, +8.558,+0.977
1660486140,+3.50,+22.202, +8.576,+0.977
1660486200,+3.50,+22.202, +8.614,+0.977
1660486260,+3.50,+22.185, +8.634,+0.977
1660486320,+3.50,+22.177, +8.648,+0.977
1660486380,+3.50,+22.168, +8.671,+0.977
1660486440,+3.50,+22.177, +8.689,+0.977
1660486500,+3.50,+22.185, +8.713,+0.977
1660486560,+3.50,+22.177, +8.720,+0.977
1660486620,+3.50,+22.177, +8.736,+0.977
1660486680,+3.50,+22.168, +8.759,+0.977
1660486740,+3.50,+22.177, +8.773,+0.976
1660486800,+3.50,+22.168, +8.788,+0.977
1660486860,+3.49,+22.152, +8.804,+0.977
1660486920,+3.49,+22.160, +8.824,+0.977
1660486980,+3.49,+22.143, +8.851,+0.977
1660487040,+3.49,+22.160, +8.844,+0.976
1660487100,+3.49,+22.152, +8.847,+0.977
1660487160,+3.49,+22.160, +8.843,+0.977
1660487220,+3.50,+22.177, +8.852,+0.977
1660487280,+3.49,+22.143, +8.884,+0.977
1660487340,+3.49,+22.160, +8.881,+0.976
1660487400,+3.49,+22.160, +8.896,+0.978
1660487460,+3.49,+22.160, +8.898,+0.977
1660487520,+3.49,+22.168, +8.886,+0.977
1660487580,+3.49,+22.177, +8.918,+0.977
1660487640,+3.49,+22.160, +8.931,+0.977
1660487700,+3.49,+22.160, +8.911,+0.977
1660487760,+3.49,+22.152, +8.903,+0.977
1660487820,+3.49,+22.152, +8.886,+0.977
1660487880,+3.49,+22.135, +8.863,+0.977
1660487940,+3.49,+22.135, +8.873,+0.977
1660488000,+3.49,+22.143, +8.872,+0.977
1660488060,+3.49,+22.143, +8.862,+0.977
1660488120,+3.49,+22.135, +8.918,+0.977
1660488180,+3.49,+22.127, +8.957,+0.977
1660488240,+3.49,+22.127, +8.934,+0.977
1660488300,+3.49,+22.127, +8.935,+0.977
1660488360,+3.49,+22.118, +8.953,+0.977
1660488420,+3.49,+22.118, +8.944,+0.976
1660488480,+3.49,+22.110, +8.962,+0.977
1660488540,+3.49,+22.093, +8.971,+0.977
1660488600,+3.49,+22.093, +8.977,+0.977
1660488660,+3.49,+22.110, +8.970,+0.977
1660488720,+3.49,+22.110, +8.951,+0.976
1660488780,+3.49,+22.093, +8.965,+0.976
1660488840,+3.49,+22.118, +8.952,+0.977
1660488900,+3.49,+22.101, +8.971,+0.977
1660488960,+3.49,+22.101, +8.956,+0.977
1660489020,+3.49,+22.093, +8.972,+0.977
1660489080,+3.49,+22.101, +8.974,+0.977
1660489140,+3.49,+22.110, +8.980,+0.977
1660489200,+3.49,+22.101, +8.980,+0.977
1660489260,+3.49,+22.110, +8.998,+0.977
1660489320,+3.49,+22.110, +9.011,+0.977
1660489380,+3.49,+22.076, +9.006,+0.977
1660489440,+3.49,+22.110, +9.016,+0.977
1660489500,+3.49,+22.068, +9.041,+0.977
1660489560,+3.49,+22.085, +9.036,+0.977
1660489620,+3.49,+22.076, +9.037,+0.977
1660489680,+3.49,+22.085, +9.000,+0.977
1660489740,+3.49,+22.085, +9.004,+0.977
1660489800,+3.49,+22.068, +9.020,+0.976
1660489860,+3.49,+22.060, +9.041,+0.977
1660489920,+3.49,+22.060, +9.004,+0.977
1660489980,+3.49,+22.051, +9.016,+0.977
1660490040,+3.49,+22.043, +9.029,+0.977
1660490100,+3.49,+22.060, +9.032,+0.977
1660490160,+3.49,+22.060, +9.038,+0.977
1660490220,+3.49,+22.043, +9.060,+0.977
1660490280,+3.49,+22.068, +9.054,+0.977
1660490340,+3.49,+22.043, +9.075,+0.977
1660490400,+3.49,+22.068, +9.071,+0.977
1660490460,+3.49,+22.043, +9.087,+0.977
1660490520,+3.49,+22.043, +9.092,+0.977
1660490580,+3.49,+22.035, +9.095,+0.977
1660490640,+3.49,+22.035, +9.073,+0.977
1660490700,+3.49,+22.043, +9.044,+0.977
1660490760,+3.49,+22.043, +9.014,+0.977
1660490820,+3.49,+22.026, +9.021,+0.977
1660490880,+3.49,+22.035, +9.047,+0.977
1660490940,+3.49,+22.035, +9.042,+0.977
1660491000,+3.49,+22.018, +9.058,+0.977
1660491060,+3.49,+22.001, +9.072,+0.977
1660491120,+3.49,+22.001, +9.061,+0.977
