7450-383325
OS REV: 1.05 Sensor Cal: 1644949570
Time (sec),  BV (Volts),  T (deg C),  DO (mg/l),  Q ()
1660318380,+3.46,+24.414, +8.242,+0.978
1660318440,+3.46,+24.624, +8.460,+0.979
1660318500,+3.46,+25.137, +8.183,+0.978
1660318560,+3.47,+25.685, +8.097,+0.977
1660318620,+3.46,+26.327, +8.021,+0.976
1660318680,+3.46,+27.379, +7.916,+0.977
1660318740,+3.46,+28.359, +7.776,+0.978
1660318800,+3.46,+29.320, +7.648,+0.976
1660318860,+3.46,+30.027, +7.559,+0.977
1660318920,+3.46,+30.572, +7.425,+0.977
1660318980,+3.46,+30.919, +7.388,+0.976
1660319040,+3.47,+31.041, +7.384,+0.976
1660319100,+3.47,+30.963, +7.357,+0.976
1660319160,+3.47,+31.059, +7.410,+0.977
1660319220,+3.47,+31.146, +7.408,+0.976
1660319280,+3.47,+31.128, +7.399,+0.978
1660319340,+3.47,+31.311, +7.426,+0.978
1660319400,+3.47,+31.494, +7.388,+0.977
1660319460,+3.46,+31.862, +7.377,+0.978
1660319520,+3.47,+32.081, +7.355,+0.977
1660319580,+3.47,+32.458, +7.375,+0.977
1660319640,+3.47,+32.696, +7.305,+0.977
1660319700,+3.46,+33.022, +7.245,+0.976
1660319760,+3.47,+33.420, +7.214,+0.976
1660319820,+3.47,+33.917, +7.274,+0.977
1660319880,+3.47,+34.737, +7.116,+0.975
1660319940,+3.47,+35.392, +6.990,+0.972
1660320000,+3.47,+35.743, +6.964,+0.972
1660320060,+3.47,+36.104, +6.978,+0.971
1660320120,+3.46,+36.503, +6.929,+0.970
1660320180,+3.46,+36.512, +6.864,+0.969
1660320240,+3.46,+36.484, +6.861,+0.970
1660320300,+3.47,+36.503, +6.872,+0.969
1660320360,+3.47,+36.503, +6.876,+0.970
1660320420,+3.47,+36.494, +6.871,+0.970
1660320480,+3.47,+36.512, +6.883,+0.970
1660320540,+3.47,+36.494, +6.870,+0.970
1660320600,+3.47,+36.503, +6.832,+0.970
1660320660,+3.47,+36.484, +6.784,+0.968
1660320720,+3.48,+31.905, +6.552,+0.972
1660320780,+3.48,+29.354, +6.909,+0.976
1660320840,+3.49,+27.762, +7.076,+0.977
1660320900,+3.49,+26.657, +7.242,+0.977
1660320960,+3.49,+25.913, +7.394,+0.977
1660321020,+3.49,+25.348, +7.506,+0.977
1660321080,+3.49,+24.910, +7.754,+0.977
1660321140,+3.49,+24.565, +7.886,+0.977
1660321200,+3.49,+24.288, +8.032,+0.977
1660321260,+3.49,+24.087, +8.122,+0.978
1660321320,+3.49,+23.910, +8.177,+0.977
1660321380,+3.49,+23.768, +8.258,+0.977
1660321440,+3.50,+23.667, +8.304,+0.978
1660321500,+3.50,+23.533, +8.460,+0.978
1660321560,+3.50,+23.458, +8.460,+0.978
1660321620,+3.50,+23.416, +8.465,+0.978
1660321680,+3.50,+23.374, +8.496,+0.979
1660321740,+3.50,+23.324, +8.515,+0.979
1660321800,+3.50,+23.290, +8.526,+0.979
1660321860,+3.50,+23.273, +8.490,+0.979
1660321920,+3.49,+23.231, +8.514,+0.979
1660321980,+3.49,+23.198, +8.544,+0.979
1660322040,+3.49,+23.164, +8.428,+0.979
1660322100,+3.49,+23.139, +8.235,+0.978
1660322160,+3.49,+23.114, +8.266,+0.979
1660322220,+3.49,+23.106, +8.260,+0.979
1660322280,+3.49,+23.081, +8.362,+0.979
1660322340,+3.49,+23.056, +8.512,+0.979
1660322400,+3.49,+23.005, +8.625,+0.979
1660322460,+3.49,+22.997, +8.670,+0.979
1660322520,+3.49,+23.005, +8.650,+0.979
1660322580,+3.49,+23.014, +8.654,+0.980
1660322640,+3.49,+23.022, +8.615,+0.979
1660322700,+3.49,+23.022, +8.645,+0.979
1660322760,+3.49,+23.014, +8.529,+0.979
1660322820,+3.49,+22.997, +8.433,+0.979
1660322880,+3.50,+22.972, +8.568,+0.979
1660322940,+3.49,+22.980, +8.623,+0.979
1660323000,+3.49,+22.972, +8.653,+0.980
1660323060,+3.49,+23.005, +8.525,+0.978
1660323120,+3.49,+22.997, +8.413,+0.979
1660323180,+3.49,+22.997, +8.235,+0.979
1660323240,+3.49,+23.014, +8.178,+0.979
1660323300,+3.49,+23.005, +8.086,+0.979
1660323360,+3.49,+23.014, +7.991,+0.978
1660323420,+3.49,+23.030, +8.194,+0.979
1660323480,+3.49,+23.039, +8.310,+0.978
1660323540,+3.49,+23.030, +8.436,+0.979
1660323600,+3.49,+23.039, +8.450,+0.979
1660323660,+3.49,+23.022, +8.554,+0.979
1660323720,+3.49,+23.039, +8.567,+0.979
1660323780,+3.49,+23.047, +8.534,+0.979
1660323840,+3.49,+23.039, +8.458,+0.979
1660323900,+3.49,+23.039, +8.384,+0.979
1660323960,+3.49,+23.056, +8.465,+0.979
1660324020,+3.49,+23.030, +8.653,+0.979
1660324080,+3.49,+23.005, +8.739,+0.979
1660324140,+3.49,+23.039, +8.554,+0.979
1660324200,+3.49,+23.039, +8.533,+0.979
1660324260,+3.49,+23.047, +8.640,+0.979
1660324320,+3.49,+23.039, +8.745,+0.979
1660324380,+3.49,+23.039, +8.724,+0.979
1660324440,+3.49,+23.030, +8.822,+0.979
1660324500,+3.49,+23.039, +8.911,+0.979
1660324560,+3.49,+23.039, +8.948,+0.979
1660324620,+3.49,+23.047, +8.959,+0.979
1660324680,+3.49,+23.072, +8.955,+0.980
1660324740,+3.49,+23.064, +8.965,+0.979
1660324800,+3.49,+23.047, +8.999,+0.980
1660324860,+3.49,+23.056, +8.998,+0.979
1660324920,+3.49,+23.064, +8.985,+0.979
1660324980,+3.49,+23.081, +8.959,+0.979
1660325040,+3.49,+23.097, +8.908,+0.979
1660325100,+3.49,+23.114, +8.856,+0.979
1660325160,+3.49,+23.106, +8.632,+0.979
1660325220,+3.49,+23.139, +8.602,+0.979
1660325280,+3.49,+23.173, +8.504,+0.979
1660325340,+3.49,+23.173, +8.528,+0.979
1660325400,+3.49,+23.164, +8.654,+0.979
1660325460,+3.49,+23.181, +8.768,+0.979
1660325520,+3.49,+23.198, +8.848,+0.979
1660325580,+3.49,+23.215, +8.734,+0.979
1660325640,+3.49,+23.173, +8.940,+0.979
1660325700,+3.49,+23.190, +9.000,+0.979
1660325760,+3.49,+23.164, +9.055,+0.979
1660325820,+3.49,+23.198, +9.077,+0.980
1660325880,+3.49,+23.190, +9.076,+0.980
1660325940,+3.49,+23.190, +9.092,+0.979
1660326000,+3.49,+23.173, +9.143,+0.979
1660326060,+3.49,+23.198, +9.147,+0.979
1660326120,+3.49,+23.215, +9.109,+0.979
1660326180,+3.49,+23.223, +9.089,+0.979
1660326240,+3.50,+23.240, +9.102,+0.979
1660326300,+3.50,+23.248, +9.005,+0.979
1660326360,+3.50,+23.248, +9.129,+0.979
1660326420,+3.50,+23.248, +9.186,+0.980
1660326480,+3.50,+23.273, +9.212,+0.979
1660326540,+3.50,+23.265, +9.183,+0.980
1660326600,+3.50,+23.298, +9.153,+0.979
1660326660,+3.50,+23.324, +9.170,+0.979
1660326720,+3.50,+23.340, +9.158,+0.979
1660326780,+3.50,+23.340, +9.129,+0.979
1660326840,+3.50,+23.349, +9.131,+0.979
1660326900,+3.50,+23.315, +9.251,+0.979
1660326960,+3.50,+23.324, +9.279,+0.979
1660327020,+3.50,+23.357, +9.312,+0.981
1660327080,+3.50,+23.324, +9.360,+0.979
1660327140,+3.50,+23.332, +9.378,+0.979
1660327200,+3.50,+23.365, +9.374,+0.979
1660327260,+3.50,+23.332, +9.406,+0.979
1660327320,+3.50,+23.357, +9.441,+0.979
1660327380,+3.50,+23.374, +9.432,+0.979
1660327440,+3.50,+23.407, +9.415,+0.979
1660327500,+3.50,+23.424, +9.411,+0.979
1660327560,+3.50,+23.424, +9.430,+0.980
1660327620,+3.50,+23.424, +9.447,+0.979
1660327680,+3.50,+23.424, +9.487,+0.979
1660327740,+3.50,+23.433, +9.499,+0.980
1660327800,+3.50,+23.441, +9.505,+0.979
1660327860,+3.50,+23.458, +9.514,+0.980
1660327920,+3.50,+23.458, +9.531,+0.979
1660327980,+3.50,+23.466, +9.475,+0.979
1660328040,+3.50,+23.474, +9.497,+0.980
1660328100,+3.50,+23.491, +9.459,+0.979
1660328160,+3.50,+23.500, +9.436,+0.979
1660328220,+3.50,+23.508, +9.429,+0.979
1660328280,+3.50,+23.500, +9.448,+0.979
1660328340,+3.50,+23.516, +9.489,+0.979
1660328400,+3.50,+23.508, +9.471,+0.979
1660328460,+3.50,+23.550, +9.425,+0.979
1660328520,+3.50,+23.567, +9.440,+0.980
1660328580,+3.50,+23.567, +9.507,+0.979
1660328640,+3.50,+23.575, +9.543,+0.979
1660328700,+3.50,+23.592, +9.529,+0.979
1660328760,+3.50,+23.600, +9.519,+0.979
1660328820,+3.50,+23.609, +9.459,+0.980
1660328880,+3.50,+23.600, +9.483,+0.979
1660328940,+3.50,+23.625, +9.432,+0.980
1660329000,+3.50,+23.634, +9.481,+0.979
1660329060,+3.50,+23.650, +9.446,+0.979
1660329120,+3.50,+23.642, +9.480,+0.979
1660329180,+3.50,+23.650, +9.539,+0.979
1660329240,+3.50,+23.684, +9.580,+0.980
1660329300,+3.50,+23.701, +9.554,+0.980
1660329360,+3.50,+23.734, +9.520,+0.980
1660329420,+3.50,+23.734, +9.545,+0.979
1660329480,+3.50,+23.776, +9.520,+0.979
1660329540,+3.50,+23.826, +9.474,+0.980
1660329600,+3.50,+23.852, +9.448,+0.980
1660329660,+3.50,+23.885, +9.420,+0.979
1660329720,+3.50,+23.919, +9.405,+0.979
1660329780,+3.50,+23.936, +9.394,+0.980
1660329840,+3.50,+23.952, +9.387,+0.980
1660329900,+3.50,+23.994, +9.373,+0.980
1660329960,+3.50,+24.028, +9.342,+0.980
1660330020,+3.49,+24.095, +9.245,+0.980
1660330080,+3.49,+24.170, +9.107,+0.980
1660330140,+3.49,+24.271, +8.994,+0.979
1660330200,+3.50,+24.364, +8.909,+0.980
1660330260,+3.50,+24.414, +8.863,+0.980
1660330320,+3.50,+24.464, +8.852,+0.980
1660330380,+3.50,+24.506, +8.819,+0.979
1660330440,+3.50,+24.565, +8.818,+0.979
1660330500,+3.50,+24.599, +8.805,+0.980
1660330560,+3.50,+24.649, +8.772,+0.979
1660330620,+3.50,+24.691, +8.748,+0.980
1660330680,+3.50,+24.725, +8.747,+0.980
1660330740,+3.50,+24.742, +8.723,+0.979
1660330800,+3.50,+24.775, +8.722,+0.980
1660330860,+3.50,+24.801, +8.707,+0.980
1660330920,+3.50,+24.834, +8.703,+0.980
1660330980,+3.50,+24.843, +8.719,+0.980
1660331040,+3.50,+24.859, +8.719,+0.979
1660331100,+3.50,+24.868, +8.726,+0.979
1660331160,+3.50,+24.876, +8.747,+0.980
1660331220,+3.50,+24.876, +8.748,+0.979
1660331280,+3.50,+24.868, +8.730,+0.979
1660331340,+3.50,+24.885, +8.748,+0.979
1660331400,+3.50,+24.885, +8.750,+0.980
1660331460,+3.50,+24.893, +8.766,+0.979
1660331520,+3.50,+24.868, +8.777,+0.980
1660331580,+3.50,+24.868, +8.775,+0.979
1660331640,+3.50,+24.851, +8.783,+0.979
1660331700,+3.50,+24.843, +8.802,+0.979
1660331760,+3.50,+24.851, +8.827,+0.979
1660331820,+3.50,+24.826, +8.866,+0.979
1660331880,+3.50,+24.843, +8.899,+0.979
1660331940,+3.50,+24.876, +8.838,+0.979
1660332000,+3.50,+24.927, +8.766,+0.980
1660332060,+3.50,+24.969, +8.742,+0.980
1660332120,+3.50,+24.986, +8.736,+0.979
1660332180,+3.50,+25.028, +8.736,+0.979
1660332240,+3.50,+25.002, +8.762,+0.979
1660332300,+3.50,+25.002, +8.769,+0.979
1660332360,+3.50,+25.019, +8.769,+0.979
1660332420,+3.50,+25.036, +8.749,+0.979
1660332480,+3.49,+25.045, +8.733,+0.979
1660332540,+3.50,+25.070, +8.734,+0.979
1660332600,+3.50,+25.061, +8.775,+0.980
1660332660,+3.49,+25.070, +8.797,+0.979
1660332720,+3.49,+25.095, +8.812,+0.979
1660332780,+3.49,+25.095, +8.820,+0.979
1660332840,+3.49,+25.120, +8.828,+0.979
1660332900,+3.49,+25.120, +8.839,+0.980
1660332960,+3.49,+25.120, +8.848,+0.980
1660333020,+3.49,+25.129, +8.855,+0.979
1660333080,+3.49,+25.137, +8.870,+0.980
1660333140,+3.49,+25.137, +8.869,+0.979
1660333200,+3.49,+25.120, +8.888,+0.979
1660333260,+3.49,+25.146, +8.894,+0.980
1660333320,+3.49,+25.179, +8.910,+0.980
1660333380,+3.50,+25.154, +8.921,+0.979
1660333440,+3.49,+25.171, +8.939,+0.980
1660333500,+3.49,+25.188, +8.953,+0.980
1660333560,+3.49,+25.238, +8.923,+0.980
1660333620,+3.49,+25.306, +8.897,+0.980
1660333680,+3.49,+25.339, +8.888,+0.979
1660333740,+3.49,+25.381, +8.893,+0.979
1660333800,+3.50,+25.415, +8.901,+0.980
1660333860,+3.50,+25.424, +8.906,+0.980
1660333920,+3.50,+25.440, +8.892,+0.980
1660333980,+3.50,+25.491, +8.873,+0.979
1660334040,+3.50,+25.499, +8.891,+0.980
1660334100,+3.50,+25.525, +8.873,+0.979
1660334160,+3.50,+25.558, +8.859,+0.979
1660334220,+3.50,+25.584, +8.858,+0.980
1660334280,+3.50,+25.609, +8.837,+0.980
1660334340,+3.50,+25.609, +8.830,+0.980
1660334400,+3.50,+25.609, +8.820,+0.980
1660334460,+3.50,+25.643, +8.819,+0.980
1660334520,+3.50,+25.660, +8.804,+0.979
1660334580,+3.50,+25.668, +8.813,+0.980
1660334640,+3.50,+25.702, +8.799,+0.979
1660334700,+3.50,+25.693, +8.803,+0.980
1660334760,+3.50,+25.727, +8.787,+0.979
1660334820,+3.50,+25.752, +8.781,+0.979
1660334880,+3.50,+25.769, +8.784,+0.979
1660334940,+3.50,+25.803, +8.761,+0.979
1660335000,+3.50,+25.812, +8.765,+0.980
1660335060,+3.50,+25.812, +8.768,+0.980
1660335120,+3.50,+25.828, +8.778,+0.980
1660335180,+3.50,+25.854, +8.771,+0.980
1660335240,+3.50,+25.871, +8.780,+0.980
1660335300,+3.50,+25.879, +8.775,+0.979
1660335360,+3.50,+25.888, +8.785,+0.979
1660335420,+3.50,+25.896, +8.789,+0.979
1660335480,+3.50,+25.896, +8.794,+0.980
1660335540,+3.50,+25.888, +8.799,+0.980
1660335600,+3.50,+25.913, +8.798,+0.979
1660335660,+3.50,+25.904, +8.811,+0.980
1660335720,+3.50,+25.921, +8.809,+0.979
1660335780,+3.50,+25.921, +8.808,+0.980
1660335840,+3.50,+25.930, +8.811,+0.980
1660335900,+3.50,+25.938, +8.804,+0.980
1660335960,+3.50,+25.930, +8.821,+0.979
1660336020,+3.50,+25.947, +8.833,+0.980
1660336080,+3.50,+25.947, +8.822,+0.979
1660336140,+3.50,+25.947, +8.825,+0.979
1660336200,+3.50,+25.947, +8.834,+0.980
1660336260,+3.50,+25.947, +8.832,+0.980
1660336320,+3.50,+25.947, +8.823,+0.979
1660336380,+3.50,+25.947, +8.822,+0.979
1660336440,+3.50,+25.964, +8.826,+0.980
1660336500,+3.50,+25.989, +8.816,+0.979
1660336560,+3.50,+25.972, +8.831,+0.980
1660336620,+3.50,+25.972, +8.826,+0.980
1660336680,+3.50,+25.989, +8.820,+0.980
1660336740,+3.50,+25.980, +8.812,+0.979
1660336800,+3.50,+25.997, +8.816,+0.979
1660336860,+3.50,+26.006, +8.822,+0.980
1660336920,+3.50,+26.006, +8.823,+0.980
1660336980,+3.50,+26.040, +8.808,+0.980
1660337040,+3.50,+26.014, +8.814,+0.979
1660337100,+3.50,+26.023, +8.809,+0.979
1660337160,+3.50,+26.023, +8.804,+0.980
1660337220,+3.50,+26.023, +8.794,+0.979
1660337280,+3.50,+26.023, +8.790,+0.979
1660337340,+3.50,+26.040, +8.784,+0.980
1660337400,+3.50,+26.040, +8.776,+0.979
1660337460,+3.50,+26.031, +8.794,+0.980
1660337520,+3.50,+26.023, +8.793,+0.980
1660337580,+3.50,+26.040, +8.780,+0.979
1660337640,+3.50,+26.023, +8.792,+0.980
1660337700,+3.50,+26.014, +8.793,+0.980
1660337760,+3.50,+26.031, +8.798,+0.979
1660337820,+3.50,+26.031, +8.802,+0.980
1660337880,+3.50,+26.040, +8.801,+0.980
1660337940,+3.50,+26.040, +8.805,+0.980
1660338000,+3.50,+26.023, +8.815,+0.980
1660338060,+3.50,+26.023, +8.814,+0.980
1660338120,+3.50,+26.023, +8.816,+0.980
1660338180,+3.50,+26.023, +8.816,+0.979
1660338240,+3.50,+26.023, +8.832,+0.980
1660338300,+3.50,+26.014, +8.854,+0.980
1660338360,+3.50,+26.006, +8.844,+0.980
1660338420,+3.50,+26.031, +8.825,+0.979
1660338480,+3.50,+26.006, +8.846,+0.980
1660338540,+3.50,+26.006, +8.840,+0.979
1660338600,+3.50,+26.014, +8.829,+0.980
1660338660,+3.50,+26.023, +8.822,+0.979
1660338720,+3.50,+26.014, +8.821,+0.979
1660338780,+3.50,+26.023, +8.812,+0.979
1660338840,+3.50,+26.031, +8.816,+0.980
1660338900,+3.50,+26.023, +8.814,+0.979
1660338960,+3.50,+26.006, +8.830,+0.980
1660339020,+3.50,+26.006, +8.834,+0.980
1660339080,+3.50,+26.014, +8.837,+0.979
1660339140,+3.50,+26.023, +8.838,+0.980
1660339200,+3.50,+25.997, +8.842,+0.979
1660339260,+3.50,+26.023, +8.855,+0.980
1660339320,+3.50,+26.023, +8.859,+0.980
1660339380,+3.50,+26.014, +8.858,+0.979
1660339440,+3.50,+26.014, +8.869,+0.980
1660339500,+3.50,+26.014, +8.860,+0.979
1660339560,+3.50,+26.006, +8.861,+0.980
1660339620,+3.50,+26.023, +8.865,+0.980
1660339680,+3.50,+26.023, +8.857,+0.979
1660339740,+3.50,+26.023, +8.873,+0.980
1660339800,+3.50,+26.023, +8.885,+0.980
1660339860,+3.50,+26.023, +8.864,+0.979
1660339920,+3.50,+26.040, +8.855,+0.980
1660339980,+3.50,+26.048, +8.851,+0.980
1660340040,+3.50,+26.031, +8.844,+0.979
1660340100,+3.50,+26.048, +8.824,+0.979
1660340160,+3.50,+26.031, +8.848,+0.980
1660340220,+3.50,+26.040, +8.837,+0.979
1660340280,+3.50,+26.040, +8.839,+0.979
1660340340,+3.50,+26.040, +8.844,+0.980
1660340400,+3.50,+26.056, +8.834,+0.980
1660340460,+3.50,+26.048, +8.832,+0.980
1660340520,+3.50,+26.031, +8.831,+0.980
1660340580,+3.50,+26.048, +8.828,+0.980
1660340640,+3.50,+26.048, +8.821,+0.980
1660340700,+3.50,+26.056, +8.814,+0.980
1660340760,+3.50,+26.040, +8.796,+0.979
1660340820,+3.50,+26.040, +8.805,+0.980
1660340880,+3.50,+26.031, +8.799,+0.979
1660340940,+3.50,+26.040, +8.798,+0.979
1660341000,+3.50,+26.040, +8.806,+0.980
1660341060,+3.50,+26.040, +8.814,+0.981
1660341120,+3.50,+26.040, +8.807,+0.980
1660341180,+3.50,+26.048, +8.787,+0.980
1660341240,+3.50,+26.031, +8.835,+0.980
1660341300,+3.50,+26.031, +8.830,+0.980
1660341360,+3.50,+26.048, +8.803,+0.980
1660341420,+3.50,+26.040, +8.796,+0.979
1660341480,+3.50,+26.031, +8.805,+0.979
1660341540,+3.50,+26.031, +8.786,+0.979
1660341600,+3.50,+26.006, +8.845,+0.980
1660341660,+3.50,+26.023, +8.833,+0.980
1660341720,+3.50,+26.023, +8.862,+0.980
1660341780,+3.50,+26.040, +8.882,+0.980
1660341840,+3.50,+26.006, +8.928,+0.979
1660341900,+3.50,+26.014, +8.938,+0.980
1660341960,+3.50,+26.023, +8.956,+0.979
1660342020,+3.50,+26.014, +8.998,+0.980
1660342080,+3.50,+26.006, +9.006,+0.980
1660342140,+3.50,+26.006, +9.035,+0.980
1660342200,+3.50,+26.006, +9.036,+0.979
1660342260,+3.50,+25.980, +9.061,+0.979
1660342320,+3.50,+25.980, +9.077,+0.980
1660342380,+3.50,+25.980, +9.098,+0.980
1660342440,+3.50,+25.989, +9.099,+0.979
1660342500,+3.50,+25.980, +9.131,+0.980
1660342560,+3.50,+25.972, +9.127,+0.980
1660342620,+3.50,+25.955, +9.138,+0.979
1660342680,+3.50,+25.964, +9.146,+0.980
1660342740,+3.50,+25.972, +9.145,+0.980
1660342800,+3.50,+25.980, +9.141,+0.980
1660342860,+3.50,+25.947, +9.144,+0.980
1660342920,+3.50,+25.955, +9.144,+0.980
1660342980,+3.50,+25.972, +9.158,+0.980
1660343040,+3.50,+25.938, +9.156,+0.980
1660343100,+3.50,+25.930, +9.184,+0.980
1660343160,+3.50,+25.938, +9.200,+0.980
1660343220,+3.50,+25.930, +9.209,+0.980
1660343280,+3.50,+25.921, +9.227,+0.980
1660343340,+3.50,+25.921, +9.218,+0.980
1660343400,+3.50,+25.904, +9.239,+0.980
1660343460,+3.50,+25.896, +9.246,+0.979
1660343520,+3.50,+25.904, +9.241,+0.980
1660343580,+3.50,+25.904, +9.236,+0.980
1660343640,+3.50,+25.904, +9.245,+0.980
1660343700,+3.50,+25.871, +9.262,+0.980
1660343760,+3.50,+25.896, +9.246,+0.980
1660343820,+3.50,+25.879, +9.269,+0.980
1660343880,+3.50,+25.879, +9.264,+0.980
1660343940,+3.50,+25.888, +9.269,+0.980
1660344000,+3.50,+25.862, +9.270,+0.979
1660344060,+3.50,+25.871, +9.269,+0.979
1660344120,+3.50,+25.854, +9.292,+0.980
1660344180,+3.50,+25.837, +9.281,+0.979
1660344240,+3.50,+25.828, +9.287,+0.980
1660344300,+3.50,+25.837, +9.272,+0.979
1660344360,+3.50,+25.837, +9.295,+0.980
1660344420,+3.50,+25.820, +9.290,+0.980
1660344480,+3.50,+25.820, +9.308,+0.980
1660344540,+3.50,+25.820, +9.300,+0.979
1660344600,+3.50,+25.812, +9.327,+0.980
1660344660,+3.50,+25.845, +9.327,+0.980
1660344720,+3.50,+25.837, +9.329,+0.980
1660344780,+3.50,+25.828, +9.347,+0.980
1660344840,+3.50,+25.837, +9.362,+0.981
1660344900,+3.50,+25.828, +9.361,+0.980
1660344960,+3.50,+25.845, +9.365,+0.980
1660345020,+3.50,+25.845, +9.360,+0.979
1660345080,+3.50,+25.837, +9.379,+0.980
1660345140,+3.50,+25.845, +9.378,+0.980
1660345200,+3.50,+25.837, +9.389,+0.980
1660345260,+3.50,+25.854, +9.386,+0.980
1660345320,+3.50,+25.828, +9.396,+0.980
1660345380,+3.50,+25.837, +9.375,+0.980
1660345440,+3.50,+25.837, +9.360,+0.980
1660345500,+3.50,+25.828, +9.352,+0.980
1660345560,+3.50,+25.828, +9.338,+0.980
1660345620,+3.50,+25.812, +9.316,+0.979
1660345680,+3.50,+25.803, +9.317,+0.980
1660345740,+3.50,+25.803, +9.302,+0.980
1660345800,+3.50,+25.795, +9.290,+0.980
1660345860,+3.50,+25.752, +9.295,+0.980
1660345920,+3.50,+25.778, +9.285,+0.980
1660345980,+3.50,+25.761, +9.267,+0.980
1660346040,+3.50,+25.752, +9.258,+0.980
1660346100,+3.50,+25.752, +9.248,+0.980
1660346160,+3.50,+25.744, +9.230,+0.979
1660346220,+3.51,+25.752, +9.222,+0.980
1660346280,+3.50,+25.744, +9.216,+0.980
1660346340,+3.51,+25.727, +9.222,+0.980
1660346400,+3.50,+25.736, +9.203,+0.979
1660346460,+3.50,+25.719, +9.212,+0.980
1660346520,+3.51,+25.719, +9.192,+0.979
1660346580,+3.51,+25.693, +9.208,+0.980
1660346640,+3.50,+25.702, +9.216,+0.980
1660346700,+3.51,+25.702, +9.221,+0.980
1660346760,+3.51,+25.710, +9.208,+0.980
1660346820,+3.50,+25.710, +9.210,+0.980
1660346880,+3.51,+25.693, +9.233,+0.980
1660346940,+3.51,+25.685, +9.230,+0.980
1660347000,+3.51,+25.685, +9.210,+0.980
1660347060,+3.51,+25.677, +9.240,+0.980
1660347120,+3.51,+25.677, +9.249,+0.980
1660347180,+3.51,+25.668, +9.227,+0.979
1660347240,+3.51,+25.668, +9.226,+0.979
1660347300,+3.51,+25.651, +9.226,+0.980
1660347360,+3.51,+25.651, +9.218,+0.980
1660347420,+3.51,+25.660, +9.179,+0.979
1660347480,+3.51,+25.626, +9.179,+0.980
1660347540,+3.51,+25.643, +9.163,+0.980
1660347600,+3.51,+25.626, +9.175,+0.980
1660347660,+3.51,+25.634, +9.151,+0.979
1660347720,+3.51,+25.617, +9.162,+0.979
1660347780,+3.51,+25.617, +9.180,+0.980
1660347840,+3.51,+25.609, +9.242,+0.981
1660347900,+3.51,+25.592, +9.232,+0.979
1660347960,+3.51,+25.592, +9.231,+0.980
1660348020,+3.51,+25.601, +9.224,+0.980
1660348080,+3.51,+25.575, +9.245,+0.980
1660348140,+3.51,+25.584, +9.213,+0.979
1660348200,+3.51,+25.567, +9.240,+0.980
1660348260,+3.51,+25.575, +9.236,+0.980
1660348320,+3.51,+25.550, +9.239,+0.979
1660348380,+3.51,+25.542, +9.253,+0.980
1660348440,+3.51,+25.542, +9.249,+0.979
1660348500,+3.51,+25.542, +9.240,+0.979
1660348560,+3.51,+25.525, +9.258,+0.980
1660348620,+3.51,+25.525, +9.244,+0.980
1660348680,+3.51,+25.516, +9.248,+0.980
1660348740,+3.51,+25.508, +9.230,+0.980
1660348800,+3.51,+25.499, +9.217,+0.980
1660348860,+3.51,+25.499, +9.191,+0.979
1660348920,+3.51,+25.508, +9.169,+0.979
1660348980,+3.51,+25.474, +9.181,+0.979
1660349040,+3.51,+25.483, +9.190,+0.980
1660349100,+3.51,+25.491, +9.180,+0.979
1660349160,+3.51,+25.466, +9.204,+0.980
1660349220,+3.50,+25.440, +9.230,+0.980
1660349280,+3.50,+25.415, +9.212,+0.979
1660349340,+3.50,+25.390, +9.255,+0.980
1660349400,+3.50,+25.390, +9.223,+0.980
1660349460,+3.50,+25.365, +9.228,+0.980
1660349520,+3.50,+25.373, +9.217,+0.980
1660349580,+3.50,+25.365, +9.208,+0.980
1660349640,+3.50,+25.365, +9.162,+0.979
1660349700,+3.50,+25.306, +9.093,+0.979
1660349760,+3.50,+25.280, +9.061,+0.979
1660349820,+3.50,+25.238, +9.049,+0.979
1660349880,+3.50,+25.230, +9.026,+0.979
1660349940,+3.50,+25.205, +8.978,+0.979
1660350000,+3.50,+25.179, +8.964,+0.980
1660350060,+3.50,+25.171, +8.936,+0.980
1660350120,+3.50,+25.154, +8.926,+0.979
1660350180,+3.50,+25.162, +8.934,+0.979
1660350240,+3.50,+25.171, +8.935,+0.980
1660350300,+3.50,+25.171, +8.915,+0.979
1660350360,+3.50,+25.154, +8.868,+0.979
1660350420,+3.50,+25.129, +8.821,+0.979
1660350480,+3.50,+25.120, +8.793,+0.979
1660350540,+3.50,+25.070, +8.776,+0.979
1660350600,+3.50,+25.053, +8.755,+0.979
1660350660,+3.50,+25.078, +8.755,+0.979
1660350720,+3.50,+25.078, +8.752,+0.979
1660350780,+3.50,+25.087, +8.774,+0.979
1660350840,+3.50,+25.095, +8.769,+0.979
1660350900,+3.50,+25.112, +8.733,+0.979
1660350960,+3.50,+25.103, +8.732,+0.980
1660351020,+3.50,+25.112, +8.713,+0.979
1660351080,+3.50,+25.103, +8.688,+0.979
1660351140,+3.50,+25.087, +8.665,+0.979
1660351200,+3.50,+25.036, +8.600,+0.979
1660351260,+3.50,+24.994, +8.566,+0.979
1660351320,+3.51,+24.944, +8.520,+0.979
1660351380,+3.51,+24.902, +8.493,+0.979
1660351440,+3.51,+24.868, +8.481,+0.978
1660351500,+3.51,+24.843, +8.471,+0.979
1660351560,+3.51,+24.817, +8.444,+0.979
1660351620,+3.51,+24.759, +8.417,+0.978
1660351680,+3.51,+24.691, +8.410,+0.978
1660351740,+3.51,+24.666, +8.385,+0.979
1660351800,+3.51,+24.624, +8.370,+0.979
1660351860,+3.51,+24.557, +8.364,+0.978
1660351920,+3.51,+24.498, +8.357,+0.978
1660351980,+3.51,+24.473, +8.360,+0.979
1660352040,+3.51,+24.431, +8.344,+0.978
1660352100,+3.51,+24.406, +8.317,+0.979
1660352160,+3.51,+24.372, +8.323,+0.979
1660352220,+3.51,+24.355, +8.319,+0.979
1660352280,+3.51,+24.330, +8.312,+0.979
1660352340,+3.50,+24.296, +8.311,+0.979
1660352400,+3.50,+24.280, +8.311,+0.979
1660352460,+3.50,+24.288, +8.303,+0.979
1660352520,+3.50,+24.254, +8.295,+0.979
1660352580,+3.50,+24.229, +8.269,+0.979
1660352640,+3.50,+24.229, +8.260,+0.978
1660352700,+3.50,+24.229, +8.263,+0.979
1660352760,+3.50,+24.221, +8.229,+0.978
1660352820,+3.50,+24.204, +8.242,+0.979
1660352880,+3.50,+24.187, +8.235,+0.978
1660352940,+3.50,+24.187, +8.212,+0.978
1660353000,+3.50,+24.112, +8.136,+0.978
1660353060,+3.51,+23.994, +8.143,+0.978
1660353120,+3.51,+23.894, +8.172,+0.978
1660353180,+3.51,+23.860, +8.168,+0.978
1660353240,+3.51,+23.785, +8.159,+0.978
1660353300,+3.51,+23.726, +8.185,+0.978
1660353360,+3.51,+23.659, +8.202,+0.979
1660353420,+3.51,+23.592, +8.247,+0.979
1660353480,+3.51,+23.525, +8.254,+0.978
1660353540,+3.51,+23.424, +8.286,+0.978
1660353600,+3.51,+23.382, +8.276,+0.978
1660353660,+3.51,+23.315, +8.280,+0.978
1660353720,+3.51,+23.282, +8.295,+0.978
1660353780,+3.51,+23.248, +8.227,+0.978
1660353840,+3.51,+23.206, +8.182,+0.978
1660353900,+3.50,+23.173, +8.218,+0.978
1660353960,+3.51,+23.164, +8.222,+0.978
1660354020,+3.50,+23.131, +8.265,+0.978
1660354080,+3.51,+23.106, +8.161,+0.978
1660354140,+3.50,+23.081, +8.161,+0.978
1660354200,+3.50,+23.064, +8.138,+0.978
1660354260,+3.51,+23.072, +8.087,+0.978
1660354320,+3.51,+23.089, +8.226,+0.978
1660354380,+3.50,+23.173, +8.245,+0.978
1660354440,+3.50,+23.198, +8.234,+0.978
1660354500,+3.50,+23.206, +8.258,+0.979
1660354560,+3.51,+23.223, +8.276,+0.979
1660354620,+3.50,+23.198, +8.272,+0.979
1660354680,+3.50,+23.181, +8.277,+0.979
1660354740,+3.50,+23.173, +8.251,+0.978
1660354800,+3.50,+23.139, +8.261,+0.979
1660354860,+3.50,+23.106, +8.272,+0.979
1660354920,+3.50,+23.081, +8.233,+0.978
1660354980,+3.50,+23.056, +8.217,+0.978
1660355040,+3.51,+23.039, +8.233,+0.978
1660355100,+3.51,+22.989, +8.298,+0.978
1660355160,+3.51,+22.947, +8.335,+0.978
1660355220,+3.51,+22.922, +8.335,+0.979
1660355280,+3.51,+22.913, +8.333,+0.978
1660355340,+3.51,+22.888, +8.332,+0.978
1660355400,+3.51,+22.838, +8.342,+0.978
1660355460,+3.51,+22.838, +8.321,+0.978
1660355520,+3.51,+22.813, +8.304,+0.978
1660355580,+3.51,+22.796, +8.343,+0.979
1660355640,+3.51,+22.754, +8.294,+0.978
1660355700,+3.51,+22.737, +8.319,+0.978
1660355760,+3.51,+22.721, +8.297,+0.978
1660355820,+3.51,+22.712, +8.324,+0.979
1660355880,+3.51,+22.704, +8.348,+0.978
1660355940,+3.51,+22.654, +8.345,+0.978
1660356000,+3.51,+22.645, +8.358,+0.978
1660356060,+3.51,+22.629, +8.358,+0.978
1660356120,+3.51,+22.604, +8.324,+0.978
1660356180,+3.51,+22.578, +8.337,+0.978
1660356240,+3.51,+22.570, +8.307,+0.979
1660356300,+3.51,+22.553, +8.332,+0.978
1660356360,+3.51,+22.528, +8.354,+0.978
1660356420,+3.51,+22.486, +8.356,+0.978
1660356480,+3.51,+22.495, +8.380,+0.979
1660356540,+3.51,+22.470, +8.366,+0.978
1660356600,+3.51,+22.461, +8.364,+0.978
1660356660,+3.51,+22.461, +8.377,+0.978
1660356720,+3.51,+22.436, +8.397,+0.978
1660356780,+3.51,+22.419, +8.406,+0.978
1660356840,+3.51,+22.428, +8.345,+0.978
1660356900,+3.51,+22.419, +8.338,+0.978
1660356960,+3.51,+22.394, +8.372,+0.978
1660357020,+3.51,+22.378, +8.385,+0.978
1660357080,+3.51,+22.386, +8.386,+0.978
1660357140,+3.51,+22.369, +8.410,+0.978
1660357200,+3.51,+22.327, +8.439,+0.978
1660357260,+3.51,+22.336, +8.435,+0.978
1660357320,+3.51,+22.327, +8.401,+0.978
1660357380,+3.51,+22.327, +8.387,+0.978
1660357440,+3.51,+22.302, +8.423,+0.978
1660357500,+3.51,+22.302, +8.438,+0.978
1660357560,+3.51,+22.286, +8.445,+0.979
1660357620,+3.51,+22.269, +8.421,+0.978
1660357680,+3.51,+22.269, +8.399,+0.978
1660357740,+3.51,+22.277, +8.374,+0.978
1660357800,+3.51,+22.252, +8.413,+0.978
1660357860,+3.51,+22.252, +8.399,+0.978
1660357920,+3.51,+22.235, +8.403,+0.978
1660357980,+3.51,+22.235, +8.427,+0.978
1660358040,+3.51,+22.235, +8.419,+0.978
1660358100,+3.51,+22.219, +8.412,+0.978
1660358160,+3.51,+22.202, +8.434,+0.978
1660358220,+3.51,+22.202, +8.411,+0.978
1660358280,+3.51,+22.202, +8.412,+0.978
1660358340,+3.51,+22.185, +8.409,+0.978
1660358400,+3.51,+22.168, +8.421,+0.978
1660358460,+3.51,+22.168, +8.444,+0.979
1660358520,+3.51,+22.177, +8.431,+0.978
1660358580,+3.50,+22.160, +8.401,+0.978
1660358640,+3.50,+22.143, +8.380,+0.978
1660358700,+3.50,+22.168, +8.376,+0.978
1660358760,+3.50,+22.152, +8.362,+0.978
1660358820,+3.50,+22.177, +8.345,+0.978
1660358880,+3.50,+22.160, +8.323,+0.978
1660358940,+3.50,+22.160, +8.346,+0.978
1660359000,+3.50,+22.135, +8.298,+0.978
1660359060,+3.50,+22.143, +8.267,+0.978
1660359120,+3.50,+22.143, +8.281,+0.977
1660359180,+3.50,+22.135, +8.274,+0.977
1660359240,+3.50,+22.143, +8.287,+0.978
1660359300,+3.50,+22.135, +8.289,+0.978
1660359360,+3.50,+22.101, +8.295,+0.978
1660359420,+3.50,+22.118, +8.285,+0.978
1660359480,+3.50,+22.101, +8.272,+0.978
1660359540,+3.50,+22.085, +8.284,+0.978
1660359600,+3.50,+22.110, +8.296,+0.978
1660359660,+3.50,+22.110, +8.302,+0.978
1660359720,+3.50,+22.076, +8.296,+0.978
1660359780,+3.50,+22.076, +8.309,+0.978
1660359840,+3.50,+22.093, +8.304,+0.978
1660359900,+3.50,+22.051, +8.307,+0.978
1660359960,+3.50,+22.060, +8.325,+0.978
1660360020,+3.50,+22.051, +8.322,+0.978
1660360080,+3.50,+22.060, +8.285,+0.978
1660360140,+3.50,+22.051, +8.269,+0.978
1660360200,+3.50,+22.035, +8.302,+0.978
1660360260,+3.50,+22.035, +8.293,+0.978
1660360320,+3.50,+22.018, +8.298,+0.977
1660360380,+3.50,+21.993, +8.357,+0.978
1660360440,+3.50,+22.001, +8.367,+0.978
1660360500,+3.50,+21.993, +8.362,+0.978
1660360560,+3.50,+21.993, +8.366,+0.978
1660360620,+3.50,+21.984, +8.350,+0.978
1660360680,+3.50,+21.959, +8.354,+0.978
1660360740,+3.50,+21.959, +8.379,+0.978
1660360800,+3.50,+21.984, +8.317,+0.978
1660360860,+3.50,+21.968, +8.324,+0.978
1660360920,+3.50,+21.943, +8.356,+0.978
1660360980,+3.50,+21.959, +8.318,+0.978
1660361040,+3.50,+21.959, +8.352,+0.978
1660361100,+3.50,+21.943, +8.379,+0.978
1660361160,+3.50,+21.943, +8.376,+0.978
1660361220,+3.50,+21.943, +8.359,+0.978
1660361280,+3.50,+21.943, +8.387,+0.978
1660361340,+3.50,+21.917, +8.401,+0.978
1660361400,+3.50,+21.934, +8.411,+0.978
1660361460,+3.50,+21.934, +8.398,+0.978
1660361520,+3.50,+21.926, +8.380,+0.978
1660361580,+3.50,+21.909, +8.385,+0.978
1660361640,+3.50,+21.934, +8.338,+0.978
1660361700,+3.50,+21.951, +8.360,+0.978
1660361760,+3.50,+21.926, +8.391,+0.978
1660361820,+3.50,+21.934, +8.372,+0.978
1660361880,+3.50,+21.917, +8.357,+0.978
1660361940,+3.50,+21.926, +8.372,+0.978
1660362000,+3.50,+21.943, +8.377,+0.978
1660362060,+3.50,+21.909, +8.405,+0.978
1660362120,+3.50,+21.926, +8.362,+0.977
1660362180,+3.50,+21.926, +8.374,+0.978
1660362240,+3.50,+21.917, +8.388,+0.978
1660362300,+3.50,+21.909, +8.418,+0.978
1660362360,+3.50,+21.917, +8.410,+0.978
1660362420,+3.50,+21.892, +8.437,+0.978
1660362480,+3.50,+21.926, +8.410,+0.978
1660362540,+3.50,+21.901, +8.422,+0.978
1660362600,+3.50,+21.901, +8.428,+0.978
1660362660,+3.50,+21.909, +8.435,+0.978
1660362720,+3.50,+21.917, +8.402,+0.978
1660362780,+3.50,+21.917, +8.410,+0.977
1660362840,+3.50,+21.884, +8.437,+0.978
1660362900,+3.50,+21.892, +8.426,+0.977
1660362960,+3.50,+21.892, +8.430,+0.978
1660363020,+3.50,+21.884, +8.426,+0.978
1660363080,+3.50,+21.876, +8.439,+0.978
1660363140,+3.50,+21.884, +8.455,+0.978
1660363200,+3.50,+21.884, +8.454,+0.978
1660363260,+3.50,+21.892, +8.450,+0.978
1660363320,+3.50,+21.867, +8.457,+0.978
1660363380,+3.50,+21.867, +8.428,+0.978
1660363440,+3.50,+21.867, +8.418,+0.978
1660363500,+3.50,+21.867, +8.428,+0.977
1660363560,+3.50,+21.842, +8.448,+0.978
1660363620,+3.50,+21.851, +8.435,+0.978
1660363680,+3.50,+21.851, +8.442,+0.978
1660363740,+3.50,+21.851, +8.447,+0.978
1660363800,+3.50,+21.859, +8.427,+0.978
1660363860,+3.50,+21.851, +8.439,+0.978
1660363920,+3.50,+21.851, +8.433,+0.978
1660363980,+3.50,+21.859, +8.422,+0.978
1660364040,+3.50,+21.842, +8.420,+0.978
1660364100,+3.50,+21.851, +8.411,+0.977
1660364160,+3.50,+21.867, +8.416,+0.978
1660364220,+3.50,+21.851, +8.411,+0.978
1660364280,+3.50,+21.834, +8.423,+0.978
1660364340,+3.50,+21.851, +8.410,+0.978
1660364400,+3.50,+21.809, +8.404,+0.977
1660364460,+3.50,+21.842, +8.375,+0.978
1660364520,+3.50,+21.851, +8.340,+0.977
1660364580,+3.50,+21.825, +8.325,+0.978
1660364640,+3.50,+21.825, +8.284,+0.977
1660364700,+3.50,+21.817, +8.211,+0.978
1660364760,+3.50,+21.834, +8.197,+0.978
1660364820,+3.50,+21.834, +8.092,+0.978
1660364880,+3.50,+21.842, +8.058,+0.978
1660364940,+3.50,+21.817, +8.014,+0.978
1660365000,+3.50,+21.842, +7.970,+0.977
1660365060,+3.50,+21.825, +7.937,+0.978
1660365120,+3.50,+21.825, +7.915,+0.977
1660365180,+3.50,+21.825, +7.911,+0.978
1660365240,+3.50,+21.825, +7.950,+0.978
1660365300,+3.50,+21.834, +7.952,+0.977
1660365360,+3.50,+21.834, +7.958,+0.978
1660365420,+3.50,+21.842, +7.981,+0.978
1660365480,+3.50,+21.834, +7.938,+0.978
1660365540,+3.50,+21.834, +7.920,+0.977
1660365600,+3.50,+21.842, +7.923,+0.977
1660365660,+3.50,+21.842, +7.912,+0.978
1660365720,+3.50,+21.859, +7.663,+0.977
1660365780,+3.50,+21.842, +7.519,+0.977
1660365840,+3.50,+21.859, +7.363,+0.977
1660365900,+3.50,+21.842, +7.387,+0.978
1660365960,+3.50,+21.851, +7.478,+0.977
1660366020,+3.50,+21.842, +7.575,+0.978
1660366080,+3.50,+21.851, +7.687,+0.978
1660366140,+3.50,+21.842, +7.691,+0.978
1660366200,+3.50,+21.851, +7.627,+0.977
1660366260,+3.50,+21.842, +7.609,+0.977
1660366320,+3.50,+21.842, +7.460,+0.977
1660366380,+3.50,+21.851, +7.407,+0.977
1660366440,+3.50,+21.851, +7.391,+0.977
1660366500,+3.50,+21.859, +7.414,+0.977
1660366560,+3.50,+21.851, +7.478,+0.977
1660366620,+3.50,+21.876, +7.479,+0.977
1660366680,+3.50,+21.859, +7.447,+0.977
1660366740,+3.50,+21.859, +7.350,+0.977
1660366800,+3.50,+21.867, +7.345,+0.977
1660366860,+3.50,+21.859, +7.428,+0.977
1660366920,+3.50,+21.851, +7.510,+0.978
1660366980,+3.50,+21.851, +7.525,+0.977
1660367040,+3.50,+21.867, +7.534,+0.977
1660367100,+3.50,+21.867, +7.527,+0.977
1660367160,+3.50,+21.859, +7.526,+0.977
1660367220,+3.50,+21.876, +7.565,+0.978
1660367280,+3.50,+21.884, +7.548,+0.977
1660367340,+3.50,+21.876, +7.627,+0.977
1660367400,+3.50,+21.876, +7.661,+0.977
1660367460,+3.50,+21.884, +7.651,+0.977
1660367520,+3.50,+21.859, +7.610,+0.977
1660367580,+3.50,+21.867, +7.599,+0.977
1660367640,+3.50,+21.867, +7.600,+0.977
1660367700,+3.50,+21.876, +7.584,+0.977
1660367760,+3.50,+21.876, +7.442,+0.977
1660367820,+3.50,+21.884, +7.317,+0.977
1660367880,+3.50,+21.884, +7.366,+0.977
1660367940,+3.50,+21.876, +7.399,+0.978
1660368000,+3.50,+21.884, +7.442,+0.977
1660368060,+3.50,+21.867, +7.534,+0.977
1660368120,+3.50,+21.901, +7.561,+0.977
1660368180,+3.50,+21.909, +7.578,+0.977
1660368240,+3.50,+21.901, +7.615,+0.977
1660368300,+3.50,+21.909, +7.652,+0.977
1660368360,+3.50,+21.909, +7.558,+0.977
1660368420,+3.50,+21.884, +7.448,+0.977
1660368480,+3.50,+21.892, +7.446,+0.977
1660368540,+3.50,+21.926, +7.385,+0.978
1660368600,+3.50,+21.909, +7.522,+0.977
1660368660,+3.50,+21.892, +7.576,+0.978
1660368720,+3.50,+21.926, +7.603,+0.977
1660368780,+3.50,+21.909, +7.606,+0.978
1660368840,+3.50,+21.917, +7.588,+0.977
1660368900,+3.50,+21.917, +7.603,+0.978
1660368960,+3.50,+21.917, +7.643,+0.978
1660369020,+3.50,+21.917, +7.567,+0.978
1660369080,+3.50,+21.926, +7.525,+0.977
1660369140,+3.50,+21.901, +7.475,+0.978
1660369200,+3.50,+21.934, +7.475,+0.977
1660369260,+3.50,+21.917, +7.368,+0.977
1660369320,+3.50,+21.926, +7.260,+0.977
1660369380,+3.50,+21.917, +7.289,+0.977
1660369440,+3.50,+21.934, +7.388,+0.977
1660369500,+3.50,+21.934, +7.440,+0.977
1660369560,+3.50,+21.926, +7.455,+0.977
1660369620,+3.50,+21.943, +7.439,+0.977
1660369680,+3.50,+21.934, +7.404,+0.977
1660369740,+3.50,+21.934, +7.380,+0.977
1660369800,+3.50,+21.926, +7.396,+0.977
1660369860,+3.50,+21.917, +7.388,+0.977
1660369920,+3.50,+21.934, +7.346,+0.977
1660369980,+3.50,+21.926, +7.385,+0.977
1660370040,+3.50,+21.934, +7.421,+0.978
1660370100,+3.50,+21.943, +7.411,+0.977
1660370160,+3.50,+21.926, +7.413,+0.977
1660370220,+3.50,+21.943, +7.388,+0.977
1660370280,+3.50,+21.934, +7.280,+0.977
1660370340,+3.50,+21.943, +7.228,+0.977
1660370400,+3.50,+21.951, +7.227,+0.977
1660370460,+3.50,+21.959, +7.139,+0.977
1660370520,+3.50,+21.951, +7.185,+0.977
1660370580,+3.50,+21.951, +7.247,+0.978
1660370640,+3.50,+21.951, +7.228,+0.977
1660370700,+3.50,+21.959, +7.205,+0.977
1660370760,+3.50,+21.976, +7.148,+0.978
1660370820,+3.50,+21.968, +7.187,+0.977
1660370880,+3.50,+21.976, +7.223,+0.977
1660370940,+3.50,+21.984, +7.243,+0.977
1660371000,+3.50,+21.959, +7.283,+0.977
1660371060,+3.50,+21.976, +7.267,+0.978
1660371120,+3.50,+21.976, +7.204,+0.977
1660371180,+3.50,+21.976, +7.049,+0.977
1660371240,+3.50,+21.959, +7.027,+0.977
1660371300,+3.50,+21.968, +6.978,+0.977
1660371360,+3.50,+21.984, +7.045,+0.978
1660371420,+3.50,+21.984, +7.092,+0.977
1660371480,+3.50,+21.968, +7.134,+0.977
1660371540,+3.50,+21.984, +7.093,+0.977
1660371600,+3.50,+21.984, +7.102,+0.977
1660371660,+3.50,+21.984, +7.122,+0.977
1660371720,+3.50,+21.984, +7.160,+0.977
1660371780,+3.50,+21.993, +7.224,+0.977
1660371840,+3.50,+22.009, +7.292,+0.978
1660371900,+3.50,+22.060, +7.430,+0.977
1660371960,+3.50,+22.026, +7.477,+0.978
1660372020,+3.50,+22.026, +7.424,+0.977
1660372080,+3.50,+22.018, +7.347,+0.977
1660372140,+3.50,+22.018, +7.334,+0.977
1660372200,+3.50,+22.001, +7.302,+0.978
1660372260,+3.50,+22.001, +7.314,+0.977
1660372320,+3.50,+22.035, +7.254,+0.977
1660372380,+3.50,+22.018, +7.223,+0.977
1660372440,+3.50,+21.993, +7.239,+0.977
1660372500,+3.50,+22.001, +7.251,+0.977
1660372560,+3.50,+22.018, +7.270,+0.977
1660372620,+3.50,+22.018, +7.310,+0.977
1660372680,+3.50,+22.009, +7.355,+0.977
1660372740,+3.50,+22.018, +7.316,+0.977
1660372800,+3.50,+22.026, +7.323,+0.977
1660372860,+3.50,+22.043, +7.316,+0.977
1660372920,+3.50,+22.043, +7.313,+0.978
1660372980,+3.50,+22.018, +7.313,+0.977
1660373040,+3.50,+22.043, +7.303,+0.977
1660373100,+3.50,+22.043, +7.314,+0.977
1660373160,+3.50,+22.068, +7.299,+0.977
1660373220,+3.50,+22.118, +7.395,+0.977
1660373280,+3.50,+22.118, +7.400,+0.977
1660373340,+3.50,+22.143, +7.375,+0.977
1660373400,+3.50,+22.160, +7.345,+0.977
1660373460,+3.50,+22.202, +7.365,+0.977
1660373520,+3.50,+22.277, +7.432,+0.978
1660373580,+3.50,+22.319, +7.490,+0.977
1660373640,+3.50,+22.361, +7.551,+0.978
1660373700,+3.50,+22.403, +7.564,+0.977
1660373760,+3.50,+22.461, +7.612,+0.977
1660373820,+3.50,+22.528, +7.700,+0.978
1660373880,+3.50,+22.604, +7.758,+0.978
1660373940,+3.50,+22.670, +7.820,+0.978
1660374000,+3.50,+22.746, +7.835,+0.978
1660374060,+3.50,+22.763, +7.852,+0.978
1660374120,+3.50,+22.838, +7.886,+0.978
1660374180,+3.50,+22.880, +7.892,+0.978
1660374240,+3.50,+22.938, +7.919,+0.978
1660374300,+3.50,+22.947, +7.912,+0.978
1660374360,+3.50,+22.972, +7.906,+0.978
1660374420,+3.50,+23.005, +7.908,+0.978
1660374480,+3.50,+23.039, +7.928,+0.978
1660374540,+3.50,+23.072, +7.954,+0.978
1660374600,+3.50,+23.106, +7.968,+0.978
1660374660,+3.50,+23.123, +7.975,+0.978
1660374720,+3.50,+23.181, +7.984,+0.978
1660374780,+3.50,+23.206, +7.994,+0.978
1660374840,+3.50,+23.240, +8.003,+0.978
1660374900,+3.50,+23.265, +7.996,+0.977
1660374960,+3.50,+23.290, +8.019,+0.978
1660375020,+3.50,+23.332, +8.041,+0.978
1660375080,+3.50,+23.365, +8.033,+0.978
1660375140,+3.50,+23.391, +8.048,+0.978
1660375200,+3.50,+23.382, +8.041,+0.978
1660375260,+3.50,+23.424, +8.039,+0.977
1660375320,+3.50,+23.416, +8.064,+0.978
1660375380,+3.50,+23.441, +8.065,+0.978
1660375440,+3.50,+23.449, +8.072,+0.978
1660375500,+3.50,+23.483, +8.083,+0.978
1660375560,+3.50,+23.500, +8.111,+0.977
1660375620,+3.50,+23.525, +8.132,+0.978
1660375680,+3.50,+23.533, +8.113,+0.978
1660375740,+3.50,+23.541, +8.117,+0.978
1660375800,+3.50,+23.575, +8.111,+0.977
1660375860,+3.50,+23.567, +8.116,+0.977
1660375920,+3.50,+23.609, +8.117,+0.978
1660375980,+3.50,+23.609, +8.121,+0.978
1660376040,+3.50,+23.617, +8.127,+0.978
1660376100,+3.50,+23.625, +8.144,+0.978
1660376160,+3.50,+23.625, +8.149,+0.978
1660376220,+3.50,+23.625, +8.148,+0.978
1660376280,+3.50,+23.667, +8.142,+0.977
1660376340,+3.50,+23.659, +8.146,+0.978
1660376400,+3.50,+23.709, +8.138,+0.978
1660376460,+3.50,+23.684, +8.139,+0.978
1660376520,+3.50,+23.684, +8.142,+0.978
1660376580,+3.50,+23.701, +8.143,+0.978
1660376640,+3.50,+23.692, +8.166,+0.978
1660376700,+3.50,+23.709, +8.170,+0.978
1660376760,+3.50,+23.717, +8.168,+0.978
1660376820,+3.50,+23.717, +8.168,+0.978
1660376880,+3.50,+23.717, +8.173,+0.978
1660376940,+3.50,+23.717, +8.177,+0.977
1660377000,+3.50,+23.734, +8.204,+0.978
1660377060,+3.50,+23.734, +8.261,+0.978
1660377120,+3.50,+23.785, +8.258,+0.978
1660377180,+3.50,+23.768, +8.273,+0.978
1660377240,+3.50,+23.801, +8.270,+0.978
1660377300,+3.50,+23.818, +8.274,+0.978
1660377360,+3.50,+23.860, +8.265,+0.978
1660377420,+3.50,+23.835, +8.274,+0.978
1660377480,+3.50,+23.877, +8.273,+0.978
1660377540,+3.50,+23.877, +8.279,+0.978
1660377600,+3.50,+23.885, +8.270,+0.977
1660377660,+3.50,+23.894, +8.284,+0.978
1660377720,+3.50,+23.902, +8.286,+0.978
1660377780,+3.50,+23.910, +8.282,+0.978
1660377840,+3.50,+23.910, +8.269,+0.978
1660377900,+3.50,+23.936, +8.265,+0.978
1660377960,+3.50,+23.927, +8.274,+0.978
1660378020,+3.50,+23.927, +8.284,+0.978
1660378080,+3.50,+23.936, +8.281,+0.978
1660378140,+3.50,+23.944, +8.266,+0.978
1660378200,+3.50,+23.927, +8.274,+0.978
1660378260,+3.50,+23.952, +8.265,+0.978
1660378320,+3.50,+23.944, +8.269,+0.978
1660378380,+3.50,+23.952, +8.256,+0.978
1660378440,+3.50,+23.952, +8.252,+0.978
1660378500,+3.50,+23.961, +8.257,+0.978
1660378560,+3.50,+23.961, +8.259,+0.978
1660378620,+3.50,+23.969, +8.257,+0.978
1660378680,+3.50,+23.986, +8.249,+0.978
1660378740,+3.50,+23.986, +8.236,+0.978
1660378800,+3.50,+23.994, +8.230,+0.978
1660378860,+3.50,+24.019, +8.208,+0.977
1660378920,+3.50,+24.019, +8.217,+0.978
1660378980,+3.50,+24.028, +8.200,+0.978
1660379040,+3.50,+24.019, +8.196,+0.978
1660379100,+3.50,+24.028, +8.190,+0.978
1660379160,+3.50,+24.045, +8.181,+0.978
1660379220,+3.50,+24.045, +8.166,+0.978
1660379280,+3.50,+24.053, +8.154,+0.978
1660379340,+3.50,+24.053, +8.144,+0.978
1660379400,+3.50,+24.070, +8.142,+0.978
1660379460,+3.50,+24.095, +8.126,+0.978
1660379520,+3.50,+24.087, +8.114,+0.978
1660379580,+3.50,+24.078, +8.118,+0.978
1660379640,+3.50,+24.070, +8.108,+0.978
1660379700,+3.50,+24.078, +8.107,+0.978
1660379760,+3.50,+24.078, +8.092,+0.978
1660379820,+3.50,+24.070, +8.087,+0.978
1660379880,+3.50,+24.061, +8.089,+0.978
1660379940,+3.50,+24.070, +8.084,+0.978
1660380000,+3.50,+24.087, +8.070,+0.978
1660380060,+3.50,+24.061, +8.080,+0.978
1660380120,+3.50,+24.087, +8.065,+0.978
1660380180,+3.50,+24.070, +8.068,+0.978
1660380240,+3.50,+24.078, +8.064,+0.978
1660380300,+3.50,+24.095, +8.055,+0.978
1660380360,+3.50,+24.095, +8.057,+0.978
1660380420,+3.50,+24.070, +8.061,+0.978
1660380480,+3.50,+24.087, +8.061,+0.978
1660380540,+3.50,+24.061, +8.072,+0.978
1660380600,+3.50,+24.078, +8.062,+0.978
1660380660,+3.50,+24.103, +8.055,+0.977
1660380720,+3.50,+24.103, +8.059,+0.978
1660380780,+3.50,+24.078, +8.071,+0.978
1660380840,+3.50,+24.087, +8.064,+0.977
1660380900,+3.50,+24.087, +8.068,+0.978
1660380960,+3.50,+24.078, +8.056,+0.978
1660381020,+3.50,+24.087, +8.060,+0.978
1660381080,+3.50,+24.078, +8.067,+0.978
1660381140,+3.50,+24.070, +8.055,+0.978
1660381200,+3.50,+24.078, +8.035,+0.978
1660381260,+3.50,+24.103, +8.026,+0.978
1660381320,+3.50,+24.095, +8.031,+0.978
1660381380,+3.50,+24.070, +8.019,+0.977
1660381440,+3.50,+24.070, +8.014,+0.978
1660381500,+3.50,+24.078, +8.013,+0.978
1660381560,+3.50,+24.070, +8.012,+0.978
1660381620,+3.50,+24.061, +8.017,+0.978
1660381680,+3.50,+24.078, +7.999,+0.978
1660381740,+3.50,+24.061, +8.006,+0.978
1660381800,+3.50,+24.070, +8.016,+0.978
1660381860,+3.50,+24.061, +8.016,+0.978
1660381920,+3.50,+24.070, +8.012,+0.978
1660381980,+3.50,+24.070, +8.001,+0.977
1660382040,+3.50,+24.053, +8.015,+0.978
1660382100,+3.50,+24.053, +8.015,+0.978
1660382160,+3.50,+24.061, +8.006,+0.978
1660382220,+3.50,+24.053, +8.005,+0.978
1660382280,+3.50,+24.061, +7.994,+0.978
1660382340,+3.50,+24.061, +7.991,+0.978
1660382400,+3.50,+24.061, +7.991,+0.978
1660382460,+3.50,+24.053, +7.996,+0.978
1660382520,+3.50,+24.053, +7.999,+0.978
1660382580,+3.50,+24.070, +7.993,+0.978
1660382640,+3.50,+24.045, +7.984,+0.978
1660382700,+3.50,+24.053, +7.994,+0.978
1660382760,+3.50,+24.053, +7.987,+0.978
1660382820,+3.50,+24.036, +7.982,+0.977
1660382880,+3.50,+24.045, +7.984,+0.978
1660382940,+3.50,+24.036, +7.982,+0.978
1660383000,+3.50,+24.028, +7.991,+0.978
1660383060,+3.50,+24.028, +7.984,+0.978
1660383120,+3.50,+24.036, +7.990,+0.978
1660383180,+3.50,+24.028, +7.989,+0.978
1660383240,+3.50,+24.011, +7.985,+0.978
1660383300,+3.50,+24.019, +7.982,+0.978
1660383360,+3.50,+24.019, +7.986,+0.978
1660383420,+3.50,+24.028, +7.979,+0.978
1660383480,+3.50,+24.028, +7.979,+0.977
1660383540,+3.50,+24.019, +7.995,+0.978
1660383600,+3.50,+24.011, +7.986,+0.978
1660383660,+3.50,+23.994, +7.986,+0.978
1660383720,+3.50,+24.003, +7.986,+0.978
1660383780,+3.50,+24.019, +7.963,+0.978
1660383840,+3.50,+24.003, +7.979,+0.978
1660383900,+3.50,+24.003, +7.994,+0.979
1660383960,+3.50,+24.003, +7.975,+0.978
1660384020,+3.50,+23.986, +7.978,+0.978
1660384080,+3.50,+24.011, +7.964,+0.978
1660384140,+3.50,+23.977, +7.973,+0.978
1660384200,+3.50,+23.986, +7.963,+0.978
1660384260,+3.50,+23.994, +7.970,+0.978
1660384320,+3.50,+23.994, +7.970,+0.978
1660384380,+3.50,+24.003, +7.964,+0.978
1660384440,+3.50,+23.977, +7.951,+0.977
1660384500,+3.50,+24.003, +7.943,+0.978
1660384560,+3.50,+23.977, +7.938,+0.978
1660384620,+3.50,+23.977, +7.937,+0.978
1660384680,+3.50,+23.977, +7.939,+0.978
1660384740,+3.50,+23.977, +7.949,+0.978
1660384800,+3.50,+23.977, +7.952,+0.978
1660384860,+3.50,+23.969, +7.945,+0.978
1660384920,+3.50,+23.986, +7.927,+0.978
1660384980,+3.50,+23.969, +7.928,+0.978
1660385040,+3.50,+23.961, +7.914,+0.977
1660385100,+3.50,+23.969, +7.906,+0.978
1660385160,+3.50,+23.952, +7.927,+0.978
1660385220,+3.50,+23.944, +7.938,+0.978
1660385280,+3.50,+23.944, +7.936,+0.978
1660385340,+3.50,+23.952, +7.916,+0.978
1660385400,+3.50,+23.944, +7.919,+0.978
1660385460,+3.50,+23.927, +7.918,+0.978
1660385520,+3.50,+23.927, +7.927,+0.978
1660385580,+3.50,+23.936, +7.923,+0.978
1660385640,+3.50,+23.927, +7.927,+0.977
1660385700,+3.50,+23.910, +7.928,+0.978
1660385760,+3.50,+23.919, +7.916,+0.978
1660385820,+3.50,+23.902, +7.901,+0.978
1660385880,+3.50,+23.910, +7.908,+0.978
1660385940,+3.50,+23.902, +7.907,+0.978
1660386000,+3.50,+23.910, +7.912,+0.978
1660386060,+3.50,+23.910, +7.907,+0.978
1660386120,+3.50,+23.877, +7.921,+0.978
1660386180,+3.50,+23.877, +7.909,+0.978
1660386240,+3.50,+23.885, +7.905,+0.978
1660386300,+3.50,+23.877, +7.883,+0.978
1660386360,+3.50,+23.877, +7.870,+0.978
1660386420,+3.50,+23.860, +7.874,+0.978
1660386480,+3.50,+23.860, +7.862,+0.978
1660386540,+3.50,+23.843, +7.866,+0.978
1660386600,+3.50,+23.852, +7.873,+0.978
1660386660,+3.50,+23.877, +7.846,+0.978
1660386720,+3.50,+23.852, +7.820,+0.978
1660386780,+3.50,+23.860, +7.814,+0.978
1660386840,+3.50,+23.860, +7.822,+0.977
1660386900,+3.50,+23.843, +7.824,+0.978
1660386960,+3.50,+23.860, +7.790,+0.978
1660387020,+3.50,+23.826, +7.785,+0.978
1660387080,+3.50,+23.835, +7.771,+0.978
1660387140,+3.50,+23.868, +7.780,+0.978
1660387200,+3.50,+23.818, +7.794,+0.978
1660387260,+3.50,+23.826, +7.755,+0.978
1660387320,+3.50,+23.826, +7.767,+0.977
1660387380,+3.50,+23.818, +7.768,+0.978
1660387440,+3.50,+23.826, +7.772,+0.978
1660387500,+3.50,+23.818, +7.752,+0.977
1660387560,+3.50,+23.793, +7.762,+0.978
1660387620,+3.50,+23.785, +7.751,+0.978
1660387680,+3.50,+23.810, +7.737,+0.977
1660387740,+3.50,+23.801, +7.728,+0.978
1660387800,+3.50,+23.793, +7.722,+0.978
1660387860,+3.50,+23.768, +7.721,+0.978
1660387920,+3.50,+23.751, +7.696,+0.977
1660387980,+3.50,+23.751, +7.670,+0.977
1660388040,+3.50,+23.751, +7.658,+0.977
1660388100,+3.50,+23.743, +7.639,+0.977
1660388160,+3.50,+23.717, +7.628,+0.977
1660388220,+3.50,+23.734, +7.603,+0.977
1660388280,+3.50,+23.709, +7.595,+0.978
1660388340,+3.50,+23.692, +7.581,+0.977
1660388400,+3.50,+23.692, +7.561,+0.977
1660388460,+3.50,+23.701, +7.538,+0.977
1660388520,+3.50,+23.684, +7.531,+0.977
1660388580,+3.50,+23.659, +7.518,+0.977
1660388640,+3.50,+23.650, +7.523,+0.978
1660388700,+3.50,+23.634, +7.501,+0.977
1660388760,+3.50,+23.659, +7.491,+0.978
1660388820,+3.50,+23.634, +7.477,+0.977
1660388880,+3.50,+23.609, +7.466,+0.978
1660388940,+3.50,+23.600, +7.454,+0.978
1660389000,+3.50,+23.617, +7.428,+0.977
1660389060,+3.50,+23.575, +7.426,+0.977
1660389120,+3.50,+23.567, +7.407,+0.977
1660389180,+3.50,+23.575, +7.396,+0.977
1660389240,+3.50,+23.558, +7.407,+0.977
1660389300,+3.50,+23.541, +7.407,+0.978
1660389360,+3.50,+23.516, +7.417,+0.978
1660389420,+3.50,+23.525, +7.403,+0.978
1660389480,+3.50,+23.516, +7.399,+0.977
1660389540,+3.50,+23.500, +7.392,+0.977
1660389600,+3.50,+23.516, +7.386,+0.977
1660389660,+3.50,+23.525, +7.388,+0.977
1660389720,+3.50,+23.533, +7.391,+0.978
1660389780,+3.50,+23.533, +7.392,+0.978
1660389840,+3.50,+23.533, +7.378,+0.977
1660389900,+3.50,+23.550, +7.377,+0.977
1660389960,+3.50,+23.533, +7.369,+0.977
1660390020,+3.50,+23.558, +7.342,+0.977
1660390080,+3.50,+23.550, +7.336,+0.977
1660390140,+3.50,+23.558, +7.314,+0.978
1660390200,+3.50,+23.550, +7.301,+0.978
1660390260,+3.50,+23.550, +7.270,+0.977
1660390320,+3.50,+23.541, +7.252,+0.977
1660390380,+3.50,+23.550, +7.233,+0.977
1660390440,+3.50,+23.550, +7.226,+0.977
1660390500,+3.50,+23.541, +7.209,+0.977
1660390560,+3.50,+23.550, +7.213,+0.977
1660390620,+3.50,+23.541, +7.202,+0.977
1660390680,+3.50,+23.541, +7.202,+0.977
1660390740,+3.50,+23.533, +7.208,+0.977
1660390800,+3.50,+23.516, +7.217,+0.977
1660390860,+3.50,+23.541, +7.222,+0.977
1660390920,+3.50,+23.508, +7.234,+0.977
1660390980,+3.50,+23.516, +7.242,+0.978
1660391040,+3.50,+23.491, +7.242,+0.977
1660391100,+3.50,+23.483, +7.250,+0.977
1660391160,+3.50,+23.458, +7.252,+0.977
1660391220,+3.50,+23.466, +7.249,+0.978
1660391280,+3.50,+23.458, +7.244,+0.977
1660391340,+3.50,+23.433, +7.242,+0.977
1660391400,+3.50,+23.458, +7.221,+0.977
1660391460,+3.50,+23.441, +7.219,+0.978
1660391520,+3.50,+23.433, +7.203,+0.977
1660391580,+3.50,+23.399, +7.203,+0.977
1660391640,+3.50,+23.399, +7.199,+0.977
1660391700,+3.50,+23.399, +7.200,+0.977
1660391760,+3.50,+23.391, +7.205,+0.978
1660391820,+3.50,+23.382, +7.204,+0.977
1660391880,+3.50,+23.374, +7.212,+0.977
1660391940,+3.50,+23.357, +7.219,+0.977
1660392000,+3.50,+23.349, +7.209,+0.978
1660392060,+3.50,+23.349, +7.202,+0.977
1660392120,+3.50,+23.349, +7.188,+0.977
1660392180,+3.50,+23.349, +7.188,+0.977
1660392240,+3.50,+23.332, +7.157,+0.977
1660392300,+3.50,+23.340, +7.134,+0.977
1660392360,+3.50,+23.332, +7.138,+0.977
1660392420,+3.50,+23.340, +7.128,+0.977
1660392480,+3.50,+23.324, +7.125,+0.977
1660392540,+3.50,+23.324, +7.123,+0.977
1660392600,+3.50,+23.298, +7.139,+0.977
1660392660,+3.50,+23.307, +7.131,+0.977
1660392720,+3.50,+23.307, +7.132,+0.977
1660392780,+3.50,+23.282, +7.137,+0.978
1660392840,+3.50,+23.290, +7.116,+0.977
1660392900,+3.50,+23.282, +7.124,+0.977
1660392960,+3.50,+23.290, +7.115,+0.977
1660393020,+3.50,+23.265, +7.115,+0.978
1660393080,+3.50,+23.273, +7.104,+0.977
1660393140,+3.50,+23.265, +7.089,+0.977
1660393200,+3.50,+23.223, +7.095,+0.977
1660393260,+3.50,+23.231, +7.103,+0.978
1660393320,+3.50,+23.231, +7.083,+0.976
1660393380,+3.50,+23.223, +7.080,+0.977
1660393440,+3.50,+23.215, +7.081,+0.977
1660393500,+3.50,+23.198, +7.078,+0.977
1660393560,+3.50,+23.198, +7.067,+0.977
1660393620,+3.50,+23.173, +7.084,+0.977
1660393680,+3.50,+23.164, +7.088,+0.977
1660393740,+3.50,+23.164, +7.094,+0.977
1660393800,+3.50,+23.148, +7.095,+0.977
1660393860,+3.50,+23.139, +7.109,+0.977
1660393920,+3.50,+23.148, +7.094,+0.977
1660393980,+3.50,+23.097, +7.106,+0.977
1660394040,+3.50,+23.089, +7.111,+0.977
1660394100,+3.50,+23.114, +7.103,+0.977
1660394160,+3.50,+23.072, +7.111,+0.978
1660394220,+3.50,+23.089, +7.106,+0.977
1660394280,+3.50,+23.097, +7.098,+0.977
1660394340,+3.50,+23.081, +7.105,+0.977
1660394400,+3.50,+23.072, +7.111,+0.977
1660394460,+3.50,+23.064, +7.129,+0.977
1660394520,+3.50,+23.072, +7.130,+0.977
1660394580,+3.50,+23.047, +7.140,+0.977
1660394640,+3.50,+23.039, +7.145,+0.977
1660394700,+3.50,+23.014, +7.159,+0.977
1660394760,+3.50,+22.989, +7.162,+0.977
1660394820,+3.50,+22.963, +7.193,+0.978
1660394880,+3.50,+22.963, +7.192,+0.977
1660394940,+3.50,+22.938, +7.218,+0.977
1660395000,+3.50,+22.905, +7.234,+0.977
1660395060,+3.50,+22.896, +7.258,+0.977
1660395120,+3.50,+22.905, +7.265,+0.977
1660395180,+3.50,+22.871, +7.279,+0.977
1660395240,+3.50,+22.855, +7.303,+0.977
1660395300,+3.50,+22.821, +7.317,+0.976
1660395360,+3.50,+22.796, +7.342,+0.977
1660395420,+3.50,+22.779, +7.366,+0.977
1660395480,+3.50,+22.754, +7.380,+0.977
1660395540,+3.50,+22.771, +7.382,+0.977
1660395600,+3.50,+22.721, +7.408,+0.977
1660395660,+3.50,+22.721, +7.440,+0.977
1660395720,+3.50,+22.679, +7.457,+0.977
1660395780,+3.50,+22.687, +7.469,+0.977
1660395840,+3.50,+22.670, +7.497,+0.977
1660395900,+3.50,+22.670, +7.517,+0.978
1660395960,+3.50,+22.629, +7.539,+0.977
1660396020,+3.50,+22.662, +7.548,+0.977
1660396080,+3.50,+22.654, +7.563,+0.977
1660396140,+3.50,+22.654, +7.580,+0.977
1660396200,+3.50,+22.645, +7.601,+0.978
1660396260,+3.50,+22.654, +7.615,+0.977
1660396320,+3.50,+22.645, +7.641,+0.977
1660396380,+3.50,+22.637, +7.661,+0.978
1660396440,+3.50,+22.637, +7.674,+0.977
1660396500,+3.50,+22.645, +7.697,+0.977
1660396560,+3.50,+22.629, +7.739,+0.977
1660396620,+3.50,+22.604, +7.777,+0.977
1660396680,+3.50,+22.587, +7.811,+0.977
1660396740,+3.50,+22.570, +7.848,+0.978
1660396800,+3.50,+22.528, +7.872,+0.977
1660396860,+3.50,+22.495, +7.898,+0.977
1660396920,+3.50,+22.486, +7.923,+0.977
1660396980,+3.50,+22.436, +7.968,+0.977
1660397040,+3.50,+22.411, +8.010,+0.977
1660397100,+3.50,+22.361, +8.050,+0.977
1660397160,+3.50,+22.352, +8.069,+0.977
1660397220,+3.50,+22.311, +8.106,+0.977
1660397280,+3.50,+22.286, +8.125,+0.977
1660397340,+3.50,+22.244, +8.167,+0.978
1660397400,+3.50,+22.219, +8.186,+0.977
1660397460,+3.50,+22.202, +8.215,+0.977
1660397520,+3.50,+22.177, +8.239,+0.977
1660397580,+3.50,+22.168, +8.260,+0.977
1660397640,+3.50,+22.160, +8.282,+0.978
1660397700,+3.50,+22.152, +8.298,+0.978
1660397760,+3.50,+22.135, +8.319,+0.978
1660397820,+3.50,+22.143, +8.323,+0.977
1660397880,+3.50,+22.127, +8.349,+0.977
1660397940,+3.50,+22.110, +8.369,+0.978
1660398000,+3.50,+22.110, +8.400,+0.978
1660398060,+3.50,+22.101, +8.399,+0.977
1660398120,+3.50,+22.085, +8.423,+0.978
1660398180,+3.50,+22.085, +8.434,+0.978
1660398240,+3.50,+22.085, +8.438,+0.977
1660398300,+3.50,+22.060, +8.463,+0.978
1660398360,+3.50,+22.051, +8.473,+0.977
1660398420,+3.50,+22.085, +8.471,+0.977
1660398480,+3.50,+22.068, +8.486,+0.977
1660398540,+3.50,+22.043, +8.503,+0.977
1660398600,+3.50,+22.051, +8.509,+0.977
1660398660,+3.50,+22.051, +8.524,+0.977
1660398720,+3.50,+22.035, +8.534,+0.977
1660398780,+3.50,+22.026, +8.547,+0.978
1660398840,+3.50,+22.035, +8.563,+0.978
1660398900,+3.50,+22.001, +8.573,+0.978
1660398960,+3.50,+22.001, +8.605,+0.977
1660399020,+3.50,+22.001, +8.609,+0.978
1660399080,+3.50,+21.993, +8.609,+0.978
1660399140,+3.50,+22.001, +8.604,+0.977
1660399200,+3.50,+22.001, +8.610,+0.978
1660399260,+3.50,+21.993, +8.608,+0.978
1660399320,+3.50,+21.984, +8.621,+0.977
1660399380,+3.50,+21.959, +8.648,+0.977
1660399440,+3.50,+21.968, +8.658,+0.977
1660399500,+3.50,+21.959, +8.668,+0.977
1660399560,+3.50,+21.943, +8.655,+0.977
1660399620,+3.50,+21.959, +8.672,+0.978
1660399680,+3.50,+21.959, +8.670,+0.977
1660399740,+3.50,+21.951, +8.678,+0.978
1660399800,+3.50,+21.926, +8.677,+0.977
1660399860,+3.50,+21.909, +8.707,+0.978
1660399920,+3.50,+21.901, +8.710,+0.977
1660399980,+3.50,+21.909, +8.724,+0.978
1660400040,+3.50,+21.892, +8.725,+0.977
1660400100,+3.50,+21.901, +8.751,+0.977
1660400160,+3.50,+21.901, +8.749,+0.978
1660400220,+3.50,+21.901, +8.717,+0.977
1660400280,+3.50,+21.892, +8.753,+0.977
1660400340,+3.50,+21.876, +8.768,+0.977
1660400400,+3.50,+21.867, +8.787,+0.978
1660400460,+3.50,+21.851, +8.805,+0.978
1660400520,+3.50,+21.851, +8.799,+0.978
1660400580,+3.50,+21.842, +8.818,+0.977
1660400640,+3.50,+21.842, +8.843,+0.978
1660400700,+3.50,+21.825, +8.854,+0.977
1660400760,+3.50,+21.825, +8.857,+0.978
1660400820,+3.50,+21.834, +8.848,+0.977
1660400880,+3.50,+21.859, +8.850,+0.977
1660400940,+3.50,+21.834, +8.884,+0.978
1660401000,+3.50,+21.851, +8.858,+0.978
1660401060,+3.50,+21.842, +8.858,+0.977
1660401120,+3.50,+21.817, +8.849,+0.977
1660401180,+3.50,+21.859, +8.803,+0.978
1660401240,+3.50,+21.834, +8.862,+0.978
1660401300,+3.50,+21.842, +8.890,+0.977
1660401360,+3.50,+21.851, +8.890,+0.978
1660401420,+3.50,+21.834, +8.833,+0.978
1660401480,+3.50,+21.842, +8.848,+0.977
1660401540,+3.50,+21.834, +8.868,+0.977
1660401600,+3.50,+21.817, +8.899,+0.977
1660401660,+3.50,+21.809, +8.926,+0.978
1660401720,+3.50,+21.817, +8.918,+0.978
1660401780,+3.50,+21.817, +8.931,+0.978
1660401840,+3.50,+21.842, +8.905,+0.978
1660401900,+3.50,+21.834, +8.928,+0.978
1660401960,+3.50,+21.842, +8.914,+0.977
1660402020,+3.50,+21.817, +8.924,+0.977
1660402080,+3.50,+21.817, +8.960,+0.978
1660402140,+3.50,+21.842, +8.953,+0.977
1660402200,+3.50,+21.817, +8.954,+0.978
1660402260,+3.50,+21.834, +8.949,+0.978
1660402320,+3.50,+21.851, +8.930,+0.978
1660402380,+3.50,+21.859, +8.923,+0.978
1660402440,+3.50,+21.842, +8.917,+0.977
1660402500,+3.50,+21.851, +8.918,+0.978
1660402560,+3.50,+21.842, +8.947,+0.977
1660402620,+3.50,+21.851, +8.962,+0.977
1660402680,+3.50,+21.859, +8.920,+0.978
1660402740,+3.50,+21.859, +8.946,+0.978
1660402800,+3.50,+21.859, +8.983,+0.978
1660402860,+3.50,+21.859, +9.002,+0.978
1660402920,+3.50,+21.859, +9.010,+0.978
1660402980,+3.50,+21.867, +8.985,+0.977
1660403040,+3.50,+21.859, +9.027,+0.978
1660403100,+3.50,+21.859, +9.030,+0.978
1660403160,+3.50,+21.876, +9.046,+0.978
1660403220,+3.50,+21.876, +9.046,+0.978
1660403280,+3.50,+21.867, +9.043,+0.978
1660403340,+3.50,+21.901, +9.036,+0.978
1660403400,+3.50,+21.884, +9.031,+0.978
1660403460,+3.50,+21.901, +9.034,+0.977
1660403520,+3.50,+21.892, +9.054,+0.978
1660403580,+3.50,+21.909, +9.047,+0.977
1660403640,+3.50,+21.909, +9.066,+0.978
1660403700,+3.50,+21.901, +9.066,+0.977
1660403760,+3.50,+21.901, +9.059,+0.978
1660403820,+3.50,+21.934, +9.030,+0.978
1660403880,+3.50,+21.917, +9.012,+0.978
1660403940,+3.50,+21.917, +9.036,+0.978
1660404000,+3.50,+21.943, +9.017,+0.977
1660404060,+3.50,+21.934, +9.045,+0.978
1660404120,+3.50,+21.951, +9.033,+0.977
1660404180,+3.50,+21.968, +9.009,+0.978
1660404240,+3.50,+21.968, +8.997,+0.978
1660404300,+3.50,+21.968, +9.010,+0.978
1660404360,+3.50,+21.959, +9.034,+0.978
1660404420,+3.50,+21.959, +9.044,+0.978
1660404480,+3.50,+21.976, +9.059,+0.978
1660404540,+3.50,+21.968, +9.067,+0.978
1660404600,+3.50,+21.968, +9.061,+0.977
1660404660,+3.50,+21.951, +9.058,+0.978
1660404720,+3.50,+21.968, +9.044,+0.978
