7450-364333
OS REV: 1.05 Sensor Cal: 1644948279
Time (sec),  BV (Volts),  T (deg C),  DO (mg/l),  Q ()
1664729460,+3.48,+17.174, +8.657,+0.943
1664729520,+3.48,+17.157, +8.666,+0.944
1664729580,+3.48,+17.166, +8.655,+0.943
1664729640,+3.48,+17.157, +8.650,+0.943
1664729700,+3.48,+17.149, +8.666,+0.943
1664729760,+3.48,+17.149, +8.675,+0.943
1664729820,+3.48,+17.149, +8.659,+0.943
1664729880,+3.48,+17.140, +8.675,+0.943
1664729940,+3.48,+17.166, +8.674,+0.943
1664730000,+3.48,+17.132, +8.694,+0.943
1664730060,+3.48,+17.132, +8.682,+0.944
1664730120,+3.48,+17.140, +8.695,+0.943
1664730180,+3.48,+17.140, +8.672,+0.944
1664730240,+3.48,+17.140, +8.649,+0.943
1664730300,+3.48,+17.140, +8.672,+0.943
1664730360,+3.48,+17.132, +8.666,+0.943
1664730420,+3.48,+17.140, +8.671,+0.943
1664730480,+3.48,+17.149, +8.688,+0.943
1664730540,+3.48,+17.123, +8.699,+0.943
1664730600,+3.48,+17.140, +8.699,+0.943
1664730660,+3.48,+17.115, +8.724,+0.944
1664730720,+3.48,+17.149, +8.700,+0.943
1664730780,+3.48,+17.132, +8.711,+0.944
1664730840,+3.48,+17.132, +8.701,+0.944
1664730900,+3.48,+17.123, +8.688,+0.943
1664730960,+3.48,+17.132, +8.659,+0.943
1664731020,+3.48,+17.132, +8.647,+0.943
1664731080,+3.48,+17.140, +8.652,+0.943
1664731140,+3.48,+17.115, +8.678,+0.943
1664731200,+3.48,+17.123, +8.689,+0.943
1664731260,+3.48,+17.115, +8.688,+0.943
1664731320,+3.48,+17.123, +8.676,+0.943
1664731380,+3.48,+17.115, +8.699,+0.943
1664731440,+3.48,+17.132, +8.675,+0.943
1664731500,+3.48,+17.106, +8.692,+0.943
1664731560,+3.48,+17.115, +8.673,+0.943
1664731620,+3.48,+17.123, +8.679,+0.944
1664731680,+3.48,+17.123, +8.677,+0.943
1664731740,+3.48,+17.106, +8.690,+0.943
1664731800,+3.48,+17.132, +8.671,+0.943
1664731860,+3.48,+17.115, +8.667,+0.943
1664731920,+3.48,+17.123, +8.668,+0.943
1664731980,+3.48,+17.123, +8.665,+0.943
1664732040,+3.48,+17.123, +8.656,+0.943
1664732100,+3.48,+17.132, +8.670,+0.943
1664732160,+3.48,+17.123, +8.667,+0.944
1664732220,+3.48,+17.123, +8.668,+0.943
1664732280,+3.48,+17.123, +8.676,+0.944
1664732340,+3.48,+17.115, +8.679,+0.943
1664732400,+3.48,+17.115, +8.673,+0.943
1664732460,+3.48,+17.123, +8.681,+0.943
1664732520,+3.48,+17.140, +8.672,+0.943
1664732580,+3.48,+17.123, +8.659,+0.943
1664732640,+3.48,+17.115, +8.671,+0.943
1664732700,+3.48,+17.115, +8.674,+0.943
1664732760,+3.48,+17.132, +8.675,+0.944
1664732820,+3.48,+17.123, +8.685,+0.943
1664732880,+3.48,+17.115, +8.686,+0.943
1664732940,+3.48,+17.106, +8.691,+0.943
1664733000,+3.48,+17.132, +8.691,+0.943
1664733060,+3.48,+17.115, +8.702,+0.943
1664733120,+3.48,+17.123, +8.703,+0.943
1664733180,+3.48,+17.123, +8.701,+0.943
1664733240,+3.48,+17.140, +8.696,+0.943
1664733300,+3.48,+17.123, +8.709,+0.943
1664733360,+3.48,+17.140, +8.710,+0.943
1664733420,+3.48,+17.140, +8.709,+0.943
1664733480,+3.48,+17.140, +8.715,+0.943
1664733540,+3.48,+17.140, +8.723,+0.944
1664733600,+3.48,+17.132, +8.724,+0.943
1664733660,+3.48,+17.132, +8.738,+0.944
1664733720,+3.48,+17.132, +8.736,+0.943
1664733780,+3.48,+17.140, +8.745,+0.944
1664733840,+3.48,+17.132, +8.750,+0.943
1664733900,+3.48,+17.132, +8.760,+0.944
1664733960,+3.48,+17.157, +8.748,+0.943
1664734020,+3.48,+17.132, +8.768,+0.943
1664734080,+3.48,+17.157, +8.762,+0.943
1664734140,+3.48,+17.132, +8.774,+0.943
1664734200,+3.48,+17.123, +8.776,+0.943
1664734260,+3.48,+17.123, +8.789,+0.943
1664734320,+3.48,+17.132, +8.792,+0.943
1664734380,+3.48,+17.132, +8.802,+0.944
1664734440,+3.48,+17.140, +8.804,+0.943
1664734500,+3.48,+17.132, +8.810,+0.943
1664734560,+3.48,+17.149, +8.811,+0.943
1664734620,+3.48,+17.149, +8.812,+0.943
1664734680,+3.48,+17.149, +8.821,+0.943
1664734740,+3.48,+17.123, +8.827,+0.943
1664734800,+3.48,+17.140, +8.828,+0.943
1664734860,+3.48,+17.123, +8.838,+0.944
1664734920,+3.48,+17.140, +8.831,+0.943
1664734980,+3.48,+17.140, +8.846,+0.944
1664735040,+3.48,+17.140, +8.845,+0.943
1664735100,+3.48,+17.149, +8.838,+0.943
1664735160,+3.48,+17.140, +8.857,+0.943
1664735220,+3.48,+17.132, +8.869,+0.943
1664735280,+3.48,+17.132, +8.873,+0.943
1664735340,+3.48,+17.132, +8.877,+0.944
1664735400,+3.48,+17.132, +8.883,+0.943
1664735460,+3.48,+17.132, +8.882,+0.943
1664735520,+3.48,+17.123, +8.908,+0.943
1664735580,+3.48,+17.166, +8.911,+0.943
1664735640,+3.48,+17.140, +8.902,+0.943
1664735700,+3.48,+17.157, +8.908,+0.943
1664735760,+3.48,+17.149, +8.944,+0.943
1664735820,+3.48,+17.174, +8.928,+0.943
1664735880,+3.48,+17.166, +8.933,+0.943
1664735940,+3.48,+17.191, +8.942,+0.944
1664736000,+3.48,+17.182, +8.927,+0.944
1664736060,+3.48,+17.174, +8.952,+0.943
1664736120,+3.48,+17.182, +8.942,+0.943
1664736180,+3.48,+17.182, +8.921,+0.943
1664736240,+3.48,+17.182, +8.952,+0.944
1664736300,+3.48,+17.191, +8.959,+0.944
1664736360,+3.48,+17.216, +8.972,+0.943
1664736420,+3.48,+17.225, +8.987,+0.943
1664736480,+3.48,+17.225, +8.985,+0.943
1664736540,+3.48,+17.225, +9.002,+0.944
1664736600,+3.48,+17.225, +9.017,+0.943
1664736660,+3.48,+17.225, +9.014,+0.943
1664736720,+3.48,+17.225, +9.018,+0.943
1664736780,+3.48,+17.233, +8.988,+0.943
1664736840,+3.48,+17.242, +9.025,+0.944
1664736900,+3.48,+17.233, +9.039,+0.944
1664736960,+3.48,+17.233, +9.007,+0.943
1664737020,+3.48,+17.267, +9.028,+0.944
1664737080,+3.48,+17.242, +9.033,+0.943
1664737140,+3.48,+17.267, +9.047,+0.943
1664737200,+3.48,+17.293, +9.014,+0.943
1664737260,+3.48,+17.267, +8.997,+0.944
1664737320,+3.48,+17.242, +9.025,+0.943
1664737380,+3.48,+17.242, +9.030,+0.944
1664737440,+3.48,+17.267, +9.013,+0.943
1664737500,+3.48,+17.199, +8.961,+0.943
1664737560,+3.48,+17.225, +9.007,+0.943
1664737620,+3.48,+17.208, +9.013,+0.944
1664737680,+3.48,+17.199, +9.007,+0.943
1664737740,+3.48,+17.208, +9.011,+0.943
1664737800,+3.48,+17.208, +8.959,+0.943
1664737860,+3.48,+17.199, +8.966,+0.943
1664737920,+3.48,+17.191, +8.974,+0.944
1664737980,+3.48,+17.225, +8.921,+0.943
1664738040,+3.48,+17.216, +8.932,+0.943
1664738100,+3.48,+17.225, +8.886,+0.943
1664738160,+3.48,+17.225, +8.967,+0.943
1664738220,+3.48,+17.233, +8.948,+0.943
1664738280,+3.48,+17.225, +8.966,+0.943
1664738340,+3.48,+17.242, +9.000,+0.944
1664738400,+3.48,+17.242, +9.014,+0.943
1664738460,+3.48,+17.267, +9.026,+0.943
1664738520,+3.48,+17.276, +9.067,+0.944
1664738580,+3.48,+17.284, +8.998,+0.944
1664738640,+3.48,+17.267, +8.955,+0.943
1664738700,+3.48,+17.233, +8.806,+0.943
1664738760,+3.48,+17.242, +8.781,+0.943
1664738820,+3.48,+17.242, +8.870,+0.943
1664738880,+3.48,+17.250, +8.773,+0.943
1664738940,+3.48,+17.250, +8.776,+0.943
1664739000,+3.48,+17.242, +8.820,+0.943
1664739060,+3.48,+17.259, +8.828,+0.943
1664739120,+3.48,+17.259, +8.775,+0.943
1664739180,+3.48,+17.284, +8.918,+0.943
1664739240,+3.48,+17.250, +8.890,+0.943
1664739300,+3.48,+17.267, +8.916,+0.943
1664739360,+3.48,+17.259, +8.886,+0.943
1664739420,+3.48,+17.259, +8.944,+0.943
1664739480,+3.48,+17.267, +8.942,+0.943
1664739540,+3.48,+17.267, +9.000,+0.943
1664739600,+3.48,+17.276, +9.026,+0.944
1664739660,+3.48,+17.259, +9.046,+0.944
1664739720,+3.48,+17.293, +8.989,+0.944
1664739780,+3.48,+17.276, +9.050,+0.943
1664739840,+3.48,+17.284, +9.021,+0.943
1664739900,+3.48,+17.284, +9.085,+0.943
1664739960,+3.48,+17.293, +9.112,+0.944
1664740020,+3.48,+17.310, +9.044,+0.943
1664740080,+3.48,+17.301, +9.066,+0.944
1664740140,+3.48,+17.318, +9.040,+0.943
1664740200,+3.48,+17.301, +9.015,+0.944
1664740260,+3.48,+17.301, +9.042,+0.944
1664740320,+3.48,+17.326, +9.017,+0.943
1664740380,+3.48,+17.310, +8.974,+0.943
1664740440,+3.48,+17.301, +8.911,+0.943
1664740500,+3.48,+17.301, +8.937,+0.943
1664740560,+3.48,+17.301, +8.962,+0.943
1664740620,+3.48,+17.310, +8.927,+0.943
1664740680,+3.48,+17.301, +8.908,+0.943
1664740740,+3.48,+17.301, +8.862,+0.943
1664740800,+3.48,+17.293, +8.885,+0.944
1664740860,+3.48,+17.301, +8.916,+0.943
1664740920,+3.48,+17.318, +8.866,+0.943
1664740980,+3.48,+17.293, +8.820,+0.943
1664741040,+3.48,+17.284, +8.921,+0.943
1664741100,+3.48,+17.284, +8.950,+0.943
1664741160,+3.48,+17.301, +8.947,+0.944
1664741220,+3.48,+17.301, +8.884,+0.943
1664741280,+3.48,+17.301, +8.937,+0.943
1664741340,+3.48,+17.301, +8.931,+0.943
1664741400,+3.48,+17.326, +8.928,+0.943
1664741460,+3.48,+17.326, +8.965,+0.943
1664741520,+3.48,+17.326, +8.982,+0.943
1664741580,+3.48,+17.352, +8.929,+0.943
1664741640,+3.48,+17.318, +8.815,+0.943
1664741700,+3.48,+17.318, +9.022,+0.943
1664741760,+3.48,+17.335, +9.062,+0.943
1664741820,+3.48,+17.335, +9.011,+0.943
1664741880,+3.48,+17.335, +9.007,+0.944
1664741940,+3.48,+17.352, +9.064,+0.943
1664742000,+3.48,+17.335, +9.016,+0.944
1664742060,+3.48,+17.343, +9.077,+0.943
1664742120,+3.48,+17.369, +9.123,+0.943
1664742180,+3.48,+17.360, +9.113,+0.944
1664742240,+3.48,+17.360, +9.107,+0.943
1664742300,+3.48,+17.352, +9.125,+0.944
1664742360,+3.48,+17.343, +9.126,+0.943
1664742420,+3.48,+17.377, +9.125,+0.944
1664742480,+3.48,+17.369, +9.132,+0.944
1664742540,+3.48,+17.369, +9.090,+0.943
1664742600,+3.48,+17.369, +9.106,+0.944
1664742660,+3.48,+17.377, +9.097,+0.943
1664742720,+3.48,+17.369, +9.106,+0.944
1664742780,+3.48,+17.360, +9.108,+0.943
1664742840,+3.48,+17.369, +9.125,+0.944
1664742900,+3.48,+17.394, +9.116,+0.943
1664742960,+3.48,+17.386, +9.116,+0.943
1664743020,+3.48,+17.386, +9.103,+0.943
1664743080,+3.48,+17.386, +9.098,+0.944
1664743140,+3.48,+17.369, +9.059,+0.943
1664743200,+3.48,+17.377, +9.057,+0.943
1664743260,+3.48,+17.377, +9.101,+0.944
1664743320,+3.48,+17.352, +9.120,+0.943
1664743380,+3.48,+17.343, +9.110,+0.943
1664743440,+3.48,+17.343, +9.125,+0.943
1664743500,+3.48,+17.360, +9.107,+0.943
1664743560,+3.48,+17.352, +9.107,+0.943
1664743620,+3.48,+17.335, +9.099,+0.943
1664743680,+3.48,+17.326, +9.059,+0.943
1664743740,+3.48,+17.343, +9.064,+0.943
1664743800,+3.48,+17.343, +9.043,+0.944
1664743860,+3.48,+17.326, +8.973,+0.943
1664743920,+3.48,+17.335, +8.893,+0.943
1664743980,+3.48,+17.326, +8.830,+0.943
1664744040,+3.48,+17.301, +8.756,+0.943
1664744100,+3.48,+17.301, +8.693,+0.943
1664744160,+3.48,+17.276, +8.461,+0.943
1664744220,+3.48,+17.250, +8.406,+0.943
1664744280,+3.48,+17.225, +8.509,+0.943
1664744340,+3.48,+17.225, +8.558,+0.943
1664744400,+3.48,+17.242, +8.945,+0.943
1664744460,+3.48,+17.225, +8.980,+0.944
1664744520,+3.48,+17.225, +8.729,+0.943
1664744580,+3.48,+17.233, +8.545,+0.943
1664744640,+3.48,+17.208, +8.433,+0.943
1664744700,+3.48,+17.225, +8.713,+0.943
1664744760,+3.48,+17.242, +9.139,+0.944
1664744820,+3.48,+17.250, +9.180,+0.944
1664744880,+3.48,+17.293, +9.145,+0.943
1664744940,+3.48,+17.293, +9.071,+0.944
1664745000,+3.48,+17.276, +8.904,+0.943
1664745060,+3.48,+17.276, +9.073,+0.943
1664745120,+3.48,+17.284, +9.030,+0.943
1664745180,+3.48,+17.284, +9.056,+0.944
1664745240,+3.48,+17.293, +9.039,+0.944
1664745300,+3.48,+17.293, +9.025,+0.944
1664745360,+3.48,+17.293, +9.037,+0.944
1664745420,+3.48,+17.301, +9.002,+0.944
1664745480,+3.48,+17.293, +9.026,+0.944
1664745540,+3.48,+17.293, +9.006,+0.944
1664745600,+3.48,+17.310, +9.003,+0.944
1664745660,+3.48,+17.293, +8.997,+0.943
1664745720,+3.48,+17.301, +8.991,+0.943
1664745780,+3.48,+17.284, +9.002,+0.943
1664745840,+3.48,+17.276, +8.982,+0.943
1664745900,+3.48,+17.284, +8.991,+0.943
1664745960,+3.48,+17.267, +9.003,+0.944
1664746020,+3.48,+17.284, +8.984,+0.943
1664746080,+3.48,+17.267, +8.990,+0.943
1664746140,+3.48,+17.259, +8.985,+0.943
1664746200,+3.48,+17.259, +8.970,+0.944
1664746260,+3.48,+17.259, +8.936,+0.943
1664746320,+3.48,+17.276, +8.910,+0.943
1664746380,+3.48,+17.259, +8.917,+0.943
1664746440,+3.48,+17.242, +8.939,+0.943
1664746500,+3.48,+17.242, +8.895,+0.943
1664746560,+3.48,+17.233, +8.900,+0.944
1664746620,+3.48,+17.225, +8.890,+0.943
1664746680,+3.48,+17.225, +8.874,+0.943
1664746740,+3.48,+17.216, +8.886,+0.944
1664746800,+3.48,+17.208, +8.893,+0.943
1664746860,+3.48,+17.216, +8.885,+0.943
1664746920,+3.48,+17.191, +8.915,+0.943
1664746980,+3.48,+17.182, +8.877,+0.943
1664747040,+3.48,+17.166, +8.989,+0.943
1664747100,+3.48,+17.174, +9.097,+0.943
1664747160,+3.48,+17.166, +9.100,+0.944
1664747220,+3.48,+17.199, +9.078,+0.943
1664747280,+3.48,+17.191, +9.055,+0.943
1664747340,+3.48,+17.166, +9.056,+0.943
1664747400,+3.48,+17.208, +9.042,+0.944
1664747460,+3.48,+17.216, +9.014,+0.943
1664747520,+3.48,+17.208, +9.006,+0.943
1664747580,+3.48,+17.233, +8.990,+0.944
1664747640,+3.48,+17.225, +8.986,+0.944
1664747700,+3.48,+17.233, +8.965,+0.943
1664747760,+3.48,+17.250, +8.964,+0.943
1664747820,+3.48,+17.216, +8.951,+0.943
1664747880,+3.48,+17.225, +8.933,+0.944
1664747940,+3.48,+17.250, +8.910,+0.944
1664748000,+3.48,+17.216, +8.904,+0.943
1664748060,+3.48,+17.225, +8.899,+0.943
1664748120,+3.48,+17.233, +8.874,+0.943
1664748180,+3.48,+17.233, +8.929,+0.943
1664748240,+3.48,+17.242, +8.983,+0.943
1664748300,+3.48,+17.250, +9.004,+0.943
1664748360,+3.48,+17.250, +8.946,+0.943
1664748420,+3.48,+17.242, +8.989,+0.944
1664748480,+3.48,+17.250, +8.944,+0.943
1664748540,+3.48,+17.276, +8.946,+0.943
1664748600,+3.48,+17.267, +8.913,+0.943
1664748660,+3.48,+17.267, +8.900,+0.943
1664748720,+3.48,+17.250, +8.920,+0.943
1664748780,+3.48,+17.276, +8.903,+0.943
1664748840,+3.48,+17.250, +8.926,+0.943
1664748900,+3.48,+17.267, +8.911,+0.943
1664748960,+3.48,+17.250, +8.915,+0.943
1664749020,+3.48,+17.259, +8.875,+0.943
1664749080,+3.48,+17.242, +8.875,+0.943
1664749140,+3.48,+17.276, +8.844,+0.943
1664749200,+3.48,+17.276, +8.824,+0.943
1664749260,+3.48,+17.284, +8.794,+0.943
1664749320,+3.48,+17.276, +8.773,+0.943
1664749380,+3.48,+17.284, +8.775,+0.943
1664749440,+3.48,+17.250, +8.787,+0.943
1664749500,+3.48,+17.276, +8.750,+0.943
1664749560,+3.48,+17.276, +8.753,+0.943
1664749620,+3.48,+17.276, +8.751,+0.943
1664749680,+3.48,+17.310, +8.707,+0.943
1664749740,+3.48,+17.284, +8.737,+0.943
1664749800,+3.48,+17.293, +8.703,+0.943
1664749860,+3.48,+17.276, +8.697,+0.943
1664749920,+3.48,+17.267, +8.727,+0.943
1664749980,+3.48,+17.276, +8.695,+0.943
1664750040,+3.48,+17.267, +8.701,+0.943
1664750100,+3.48,+17.276, +8.716,+0.944
1664750160,+3.48,+17.284, +8.693,+0.944
1664750220,+3.48,+17.267, +8.720,+0.943
1664750280,+3.48,+17.293, +8.691,+0.944
1664750340,+3.48,+17.284, +8.675,+0.943
1664750400,+3.48,+17.259, +8.688,+0.943
1664750460,+3.48,+17.276, +8.701,+0.943
1664750520,+3.48,+17.259, +8.726,+0.943
1664750580,+3.48,+17.276, +8.747,+0.943
1664750640,+3.48,+17.242, +8.696,+0.944
1664750700,+3.48,+17.242, +8.673,+0.943
1664750760,+3.48,+17.199, +8.710,+0.943
1664750820,+3.48,+17.174, +8.665,+0.944
1664750880,+3.48,+17.174, +8.597,+0.943
1664750940,+3.48,+17.132, +8.644,+0.943
1664751000,+3.48,+17.157, +8.503,+0.943
1664751060,+3.48,+17.174, +8.491,+0.943
1664751120,+3.48,+17.149, +8.477,+0.943
1664751180,+3.48,+17.157, +8.420,+0.943
1664751240,+3.48,+17.166, +8.320,+0.943
1664751300,+3.48,+17.166, +8.450,+0.943
1664751360,+3.48,+17.132, +8.669,+0.943
1664751420,+3.48,+17.132, +8.815,+0.943
1664751480,+3.48,+17.157, +8.807,+0.944
1664751540,+3.48,+17.157, +8.783,+0.943
1664751600,+3.48,+17.157, +8.792,+0.943
1664751660,+3.48,+17.157, +8.782,+0.943
1664751720,+3.48,+17.157, +8.763,+0.944
1664751780,+3.48,+17.149, +8.756,+0.943
1664751840,+3.48,+17.157, +8.744,+0.943
1664751900,+3.48,+17.166, +8.747,+0.943
1664751960,+3.48,+17.149, +8.729,+0.944
1664752020,+3.48,+17.166, +8.707,+0.943
1664752080,+3.48,+17.157, +8.693,+0.943
1664752140,+3.48,+17.174, +8.700,+0.943
1664752200,+3.48,+17.149, +8.692,+0.943
1664752260,+3.48,+17.174, +8.664,+0.943
1664752320,+3.48,+17.166, +8.652,+0.943
1664752380,+3.48,+17.157, +8.651,+0.943
1664752440,+3.48,+17.182, +8.646,+0.943
1664752500,+3.48,+17.174, +8.647,+0.943
1664752560,+3.48,+17.157, +8.649,+0.943
1664752620,+3.48,+17.123, +8.537,+0.943
1664752680,+3.48,+17.089, +8.451,+0.943
1664752740,+3.48,+17.089, +8.403,+0.943
1664752800,+3.48,+17.089, +8.528,+0.943
1664752860,+3.48,+17.064, +8.416,+0.943
1664752920,+3.48,+17.081, +8.711,+0.943
1664752980,+3.48,+17.098, +8.721,+0.943
1664753040,+3.48,+17.132, +8.722,+0.944
1664753100,+3.48,+17.140, +8.712,+0.943
1664753160,+3.48,+17.140, +8.696,+0.943
1664753220,+3.48,+17.157, +8.655,+0.943
1664753280,+3.48,+17.149, +8.664,+0.943
1664753340,+3.48,+17.166, +8.649,+0.943
1664753400,+3.48,+17.174, +8.662,+0.944
1664753460,+3.48,+17.174, +8.636,+0.943
1664753520,+3.48,+17.191, +8.643,+0.943
1664753580,+3.48,+17.182, +8.634,+0.943
1664753640,+3.48,+17.182, +8.631,+0.943
1664753700,+3.48,+17.191, +8.630,+0.943
1664753760,+3.48,+17.191, +8.619,+0.944
1664753820,+3.48,+17.166, +8.612,+0.943
1664753880,+3.48,+17.191, +8.602,+0.943
1664753940,+3.48,+17.182, +8.612,+0.943
1664754000,+3.48,+17.166, +8.628,+0.943
1664754060,+3.48,+17.174, +8.600,+0.943
1664754120,+3.48,+17.174, +8.572,+0.943
1664754180,+3.48,+17.166, +8.563,+0.943
1664754240,+3.48,+17.166, +8.565,+0.943
1664754300,+3.48,+17.140, +8.565,+0.943
1664754360,+3.48,+17.140, +8.484,+0.943
1664754420,+3.48,+17.106, +8.507,+0.943
1664754480,+3.48,+17.115, +8.453,+0.943
1664754540,+3.48,+17.098, +8.443,+0.943
1664754600,+3.48,+17.089, +8.366,+0.943
1664754660,+3.48,+17.081, +8.344,+0.943
1664754720,+3.48,+17.089, +8.373,+0.943
1664754780,+3.48,+17.089, +8.434,+0.943
1664754840,+3.48,+17.072, +8.537,+0.943
1664754900,+3.48,+17.021, +8.641,+0.943
1664754960,+3.48,+17.038, +8.668,+0.943
1664755020,+3.48,+17.055, +8.675,+0.943
1664755080,+3.48,+17.072, +8.677,+0.943
1664755140,+3.48,+17.098, +8.671,+0.943
1664755200,+3.48,+17.106, +8.667,+0.943
1664755260,+3.48,+17.098, +8.660,+0.943
1664755320,+3.48,+17.098, +8.651,+0.943
1664755380,+3.48,+17.106, +8.646,+0.943
1664755440,+3.48,+17.098, +8.646,+0.943
1664755500,+3.48,+17.106, +8.652,+0.943
1664755560,+3.48,+17.132, +8.634,+0.943
1664755620,+3.48,+17.115, +8.633,+0.943
1664755680,+3.48,+17.123, +8.630,+0.943
1664755740,+3.48,+17.123, +8.631,+0.943
1664755800,+3.48,+17.132, +8.628,+0.943
1664755860,+3.48,+17.106, +8.624,+0.943
1664755920,+3.48,+17.123, +8.598,+0.943
1664755980,+3.48,+17.132, +8.600,+0.943
1664756040,+3.48,+17.132, +8.611,+0.943
1664756100,+3.48,+17.123, +8.589,+0.943
1664756160,+3.48,+17.115, +8.560,+0.943
1664756220,+3.48,+17.123, +8.552,+0.943
1664756280,+3.48,+17.098, +8.497,+0.943
1664756340,+3.48,+17.072, +8.450,+0.943
1664756400,+3.48,+17.081, +8.323,+0.943
1664756460,+3.48,+17.047, +8.443,+0.943
1664756520,+3.48,+17.047, +8.411,+0.943
1664756580,+3.48,+17.030, +8.360,+0.943
1664756640,+3.48,+17.047, +8.310,+0.943
1664756700,+3.48,+17.030, +8.404,+0.942
1664756760,+3.48,+17.005, +8.586,+0.943
1664756820,+3.48,+17.005, +8.647,+0.943
1664756880,+3.48,+16.971, +8.667,+0.943
1664756940,+3.48,+17.005, +8.658,+0.943
1664757000,+3.48,+17.038, +8.640,+0.943
1664757060,+3.48,+17.055, +8.623,+0.943
1664757120,+3.48,+17.038, +8.639,+0.943
1664757180,+3.48,+17.064, +8.627,+0.943
1664757240,+3.48,+17.081, +8.623,+0.943
1664757300,+3.48,+17.089, +8.604,+0.943
1664757360,+3.48,+17.072, +8.615,+0.943
1664757420,+3.48,+17.072, +8.619,+0.943
1664757480,+3.48,+17.081, +8.605,+0.943
1664757540,+3.48,+17.089, +8.596,+0.943
1664757600,+3.48,+17.072, +8.602,+0.943
1664757660,+3.48,+17.081, +8.598,+0.943
1664757720,+3.48,+17.081, +8.596,+0.943
1664757780,+3.48,+17.081, +8.600,+0.944
1664757840,+3.48,+17.064, +8.594,+0.943
1664757900,+3.48,+17.064, +8.573,+0.943
1664757960,+3.48,+17.064, +8.563,+0.943
1664758020,+3.48,+17.064, +8.553,+0.943
1664758080,+3.48,+17.072, +8.546,+0.943
1664758140,+3.48,+17.064, +8.530,+0.943
1664758200,+3.48,+17.055, +8.499,+0.943
1664758260,+3.48,+17.064, +8.521,+0.943
1664758320,+3.48,+17.038, +8.551,+0.943
1664758380,+3.48,+17.055, +8.552,+0.943
1664758440,+3.48,+17.038, +8.561,+0.943
1664758500,+3.48,+17.030, +8.569,+0.943
1664758560,+3.48,+17.038, +8.573,+0.943
1664758620,+3.48,+17.021, +8.566,+0.943
1664758680,+3.48,+17.030, +8.562,+0.943
1664758740,+3.48,+17.030, +8.573,+0.943
1664758800,+3.48,+17.013, +8.586,+0.943
1664758860,+3.48,+17.005, +8.596,+0.943
1664758920,+3.48,+16.988, +8.591,+0.943
1664758980,+3.48,+16.979, +8.524,+0.943
1664759040,+3.48,+16.954, +8.527,+0.943
1664759100,+3.48,+16.979, +8.579,+0.943
1664759160,+3.48,+16.954, +8.618,+0.943
1664759220,+3.48,+16.962, +8.603,+0.943
1664759280,+3.48,+16.945, +8.614,+0.943
1664759340,+3.48,+16.945, +8.609,+0.943
1664759400,+3.48,+16.945, +8.598,+0.943
1664759460,+3.48,+16.962, +8.589,+0.943
1664759520,+3.48,+16.954, +8.594,+0.943
1664759580,+3.48,+16.937, +8.591,+0.943
1664759640,+3.48,+16.937, +8.587,+0.943
1664759700,+3.48,+16.945, +8.593,+0.943
1664759760,+3.48,+16.945, +8.585,+0.943
1664759820,+3.48,+16.945, +8.583,+0.943
1664759880,+3.48,+16.945, +8.589,+0.943
1664759940,+3.48,+16.954, +8.585,+0.943
1664760000,+3.48,+16.945, +8.585,+0.943
1664760060,+3.48,+16.937, +8.590,+0.943
1664760120,+3.48,+16.937, +8.584,+0.943
1664760180,+3.48,+16.971, +8.561,+0.943
1664760240,+3.48,+16.945, +8.578,+0.943
1664760300,+3.48,+16.945, +8.585,+0.943
1664760360,+3.48,+16.937, +8.586,+0.943
1664760420,+3.48,+16.920, +8.604,+0.943
1664760480,+3.48,+16.886, +8.599,+0.943
1664760540,+3.48,+16.869, +8.608,+0.943
1664760600,+3.48,+16.869, +8.610,+0.943
1664760660,+3.48,+16.843, +8.617,+0.943
1664760720,+3.48,+16.852, +8.608,+0.943
1664760780,+3.48,+16.818, +8.616,+0.943
1664760840,+3.48,+16.818, +8.615,+0.943
1664760900,+3.48,+16.784, +8.618,+0.943
1664760960,+3.48,+16.801, +8.603,+0.943
1664761020,+3.48,+16.784, +8.589,+0.943
1664761080,+3.48,+16.792, +8.607,+0.943
1664761140,+3.47,+16.775, +8.617,+0.943
1664761200,+3.48,+16.801, +8.617,+0.943
1664761260,+3.48,+16.784, +8.622,+0.943
1664761320,+3.48,+16.792, +8.603,+0.942
1664761380,+3.47,+16.775, +8.617,+0.943
1664761440,+3.47,+16.767, +8.623,+0.943
1664761500,+3.47,+16.767, +8.626,+0.943
1664761560,+3.47,+16.750, +8.628,+0.943
1664761620,+3.47,+16.767, +8.605,+0.943
1664761680,+3.47,+16.758, +8.620,+0.944
1664761740,+3.47,+16.758, +8.617,+0.943
1664761800,+3.47,+16.741, +8.627,+0.943
1664761860,+3.47,+16.750, +8.603,+0.943
1664761920,+3.47,+16.750, +8.594,+0.943
1664761980,+3.47,+16.767, +8.585,+0.943
1664762040,+3.47,+16.758, +8.585,+0.943
1664762100,+3.47,+16.784, +8.577,+0.943
1664762160,+3.47,+16.767, +8.582,+0.943
1664762220,+3.47,+16.750, +8.578,+0.943
1664762280,+3.47,+16.758, +8.568,+0.943
1664762340,+3.47,+16.741, +8.577,+0.943
1664762400,+3.47,+16.741, +8.571,+0.943
1664762460,+3.47,+16.707, +8.572,+0.943
1664762520,+3.47,+16.716, +8.541,+0.943
1664762580,+3.47,+16.716, +8.519,+0.943
1664762640,+3.47,+16.716, +8.513,+0.943
1664762700,+3.47,+16.656, +8.525,+0.943
1664762760,+3.47,+16.673, +8.533,+0.943
1664762820,+3.47,+16.656, +8.493,+0.943
1664762880,+3.47,+16.639, +8.484,+0.943
1664762940,+3.47,+16.648, +8.524,+0.943
1664763000,+3.47,+16.690, +8.500,+0.943
1664763060,+3.47,+16.707, +8.475,+0.943
1664763120,+3.47,+16.733, +8.484,+0.943
1664763180,+3.47,+16.750, +8.517,+0.943
1664763240,+3.47,+16.741, +8.586,+0.943
1664763300,+3.47,+16.741, +8.587,+0.943
1664763360,+3.47,+16.724, +8.569,+0.943
1664763420,+3.47,+16.733, +8.557,+0.943
1664763480,+3.47,+16.716, +8.560,+0.943
1664763540,+3.47,+16.758, +8.566,+0.943
1664763600,+3.47,+16.750, +8.549,+0.943
1664763660,+3.47,+16.767, +8.562,+0.943
1664763720,+3.48,+16.801, +8.561,+0.943
1664763780,+3.48,+16.792, +8.540,+0.943
1664763840,+3.48,+16.826, +8.543,+0.943
1664763900,+3.48,+16.818, +8.550,+0.943
1664763960,+3.48,+16.835, +8.549,+0.943
1664764020,+3.48,+16.826, +8.552,+0.943
1664764080,+3.48,+16.852, +8.537,+0.942
1664764140,+3.48,+16.843, +8.552,+0.943
1664764200,+3.48,+16.826, +8.555,+0.943
1664764260,+3.48,+16.843, +8.539,+0.942
1664764320,+3.48,+16.843, +8.548,+0.943
1664764380,+3.48,+16.835, +8.557,+0.943
1664764440,+3.48,+16.852, +8.553,+0.943
1664764500,+3.48,+16.860, +8.545,+0.943
1664764560,+3.48,+16.843, +8.545,+0.943
1664764620,+3.48,+16.843, +8.549,+0.943
1664764680,+3.48,+16.843, +8.530,+0.943
1664764740,+3.48,+16.843, +8.535,+0.943
1664764800,+3.48,+16.852, +8.535,+0.943
1664764860,+3.48,+16.852, +8.524,+0.943
1664764920,+3.48,+16.843, +8.532,+0.943
1664764980,+3.48,+16.835, +8.545,+0.943
1664765040,+3.48,+16.835, +8.537,+0.942
1664765100,+3.48,+16.860, +8.544,+0.943
1664765160,+3.48,+16.869, +8.534,+0.942
1664765220,+3.48,+16.869, +8.536,+0.943
1664765280,+3.48,+16.869, +8.538,+0.943
1664765340,+3.48,+16.869, +8.509,+0.942
1664765400,+3.48,+16.852, +8.529,+0.943
1664765460,+3.48,+16.860, +8.522,+0.943
1664765520,+3.48,+16.852, +8.542,+0.943
1664765580,+3.48,+16.869, +8.531,+0.943
1664765640,+3.48,+16.860, +8.520,+0.943
1664765700,+3.48,+16.869, +8.527,+0.943
1664765760,+3.48,+16.869, +8.534,+0.943
1664765820,+3.48,+16.869, +8.510,+0.943
1664765880,+3.48,+16.860, +8.523,+0.943
1664765940,+3.48,+16.843, +8.520,+0.943
1664766000,+3.48,+16.869, +8.511,+0.943
1664766060,+3.48,+16.860, +8.483,+0.943
1664766120,+3.48,+16.869, +8.475,+0.943
1664766180,+3.48,+16.860, +8.482,+0.943
1664766240,+3.48,+16.843, +8.459,+0.943
1664766300,+3.48,+16.869, +8.522,+0.943
1664766360,+3.48,+16.877, +8.492,+0.943
1664766420,+3.48,+16.869, +8.503,+0.943
1664766480,+3.48,+16.903, +8.503,+0.943
1664766540,+3.48,+16.869, +8.543,+0.943
1664766600,+3.48,+16.860, +8.534,+0.943
1664766660,+3.48,+16.860, +8.532,+0.943
1664766720,+3.48,+16.877, +8.512,+0.943
1664766780,+3.48,+16.869, +8.516,+0.943
1664766840,+3.48,+16.843, +8.522,+0.943
1664766900,+3.48,+16.835, +8.515,+0.943
1664766960,+3.48,+16.809, +8.520,+0.943
1664767020,+3.48,+16.835, +8.479,+0.943
1664767080,+3.48,+16.818, +8.486,+0.943
1664767140,+3.48,+16.801, +8.494,+0.943
1664767200,+3.48,+16.835, +8.486,+0.943
1664767260,+3.48,+16.818, +8.482,+0.943
1664767320,+3.48,+16.801, +8.501,+0.943
1664767380,+3.48,+16.801, +8.485,+0.943
1664767440,+3.48,+16.818, +8.475,+0.943
1664767500,+3.48,+16.809, +8.479,+0.943
1664767560,+3.48,+16.801, +8.482,+0.943
1664767620,+3.48,+16.792, +8.484,+0.943
1664767680,+3.48,+16.809, +8.472,+0.943
1664767740,+3.48,+16.809, +8.474,+0.943
1664767800,+3.48,+16.801, +8.472,+0.943
1664767860,+3.48,+16.784, +8.480,+0.943
1664767920,+3.48,+16.801, +8.477,+0.943
1664767980,+3.48,+16.792, +8.494,+0.943
1664768040,+3.48,+16.784, +8.487,+0.943
1664768100,+3.48,+16.784, +8.493,+0.943
1664768160,+3.48,+16.792, +8.483,+0.943
1664768220,+3.47,+16.775, +8.496,+0.943
1664768280,+3.47,+16.758, +8.505,+0.943
1664768340,+3.47,+16.784, +8.492,+0.943
1664768400,+3.48,+16.784, +8.472,+0.943
1664768460,+3.47,+16.767, +8.503,+0.943
1664768520,+3.47,+16.801, +8.492,+0.943
1664768580,+3.47,+16.767, +8.504,+0.943
1664768640,+3.48,+16.809, +8.491,+0.943
1664768700,+3.48,+16.784, +8.500,+0.943
1664768760,+3.47,+16.758, +8.503,+0.943
1664768820,+3.47,+16.767, +8.511,+0.943
1664768880,+3.47,+16.775, +8.497,+0.943
1664768940,+3.47,+16.775, +8.493,+0.943
1664769000,+3.47,+16.775, +8.510,+0.943
1664769060,+3.48,+16.792, +8.487,+0.943
1664769120,+3.48,+16.792, +8.492,+0.943
1664769180,+3.47,+16.792, +8.501,+0.943
1664769240,+3.48,+16.801, +8.488,+0.943
1664769300,+3.47,+16.801, +8.480,+0.942
1664769360,+3.47,+16.801, +8.473,+0.943
1664769420,+3.48,+16.809, +8.485,+0.943
1664769480,+3.48,+16.826, +8.467,+0.943
1664769540,+3.48,+16.818, +8.432,+0.943
1664769600,+3.48,+16.843, +8.431,+0.943
1664769660,+3.48,+16.843, +8.431,+0.943
1664769720,+3.48,+16.826, +8.437,+0.943
1664769780,+3.48,+16.826, +8.455,+0.943
1664769840,+3.48,+16.835, +8.440,+0.943
1664769900,+3.48,+16.818, +8.472,+0.943
1664769960,+3.47,+16.792, +8.480,+0.943
1664770020,+3.48,+16.784, +8.475,+0.943
1664770080,+3.48,+16.809, +8.459,+0.943
1664770140,+3.48,+16.818, +8.452,+0.943
1664770200,+3.48,+16.792, +8.458,+0.943
1664770260,+3.48,+16.818, +8.426,+0.943
1664770320,+3.48,+16.826, +8.413,+0.943
1664770380,+3.47,+16.801, +8.458,+0.943
1664770440,+3.47,+16.792, +8.460,+0.942
1664770500,+3.47,+16.767, +8.470,+0.943
1664770560,+3.48,+16.801, +8.473,+0.943
1664770620,+3.47,+16.792, +8.461,+0.943
1664770680,+3.48,+16.826, +8.451,+0.943
1664770740,+3.47,+16.818, +8.507,+0.943
1664770800,+3.48,+16.818, +8.513,+0.943
1664770860,+3.48,+16.843, +8.515,+0.943
1664770920,+3.48,+16.860, +8.519,+0.943
1664770980,+3.48,+16.843, +8.516,+0.943
1664771040,+3.48,+16.809, +8.503,+0.943
1664771100,+3.48,+16.852, +8.476,+0.943
1664771160,+3.48,+16.860, +8.487,+0.943
1664771220,+3.48,+16.835, +8.500,+0.943
1664771280,+3.48,+16.826, +8.483,+0.943
1664771340,+3.48,+16.835, +8.517,+0.943
1664771400,+3.48,+16.835, +8.493,+0.943
1664771460,+3.48,+16.869, +8.499,+0.943
1664771520,+3.48,+16.894, +8.517,+0.943
1664771580,+3.48,+16.894, +8.516,+0.943
1664771640,+3.48,+16.894, +8.508,+0.943
1664771700,+3.48,+16.894, +8.526,+0.943
1664771760,+3.48,+16.886, +8.534,+0.943
1664771820,+3.48,+16.869, +8.538,+0.943
1664771880,+3.48,+16.877, +8.541,+0.943
1664771940,+3.48,+16.877, +8.528,+0.943
1664772000,+3.48,+16.852, +8.527,+0.943
1664772060,+3.48,+16.860, +8.523,+0.943
1664772120,+3.48,+16.835, +8.501,+0.943
1664772180,+3.48,+16.801, +8.507,+0.943
1664772240,+3.47,+16.792, +8.516,+0.943
1664772300,+3.48,+16.801, +8.538,+0.943
1664772360,+3.48,+16.809, +8.517,+0.943
1664772420,+3.48,+16.801, +8.532,+0.943
1664772480,+3.47,+16.784, +8.524,+0.943
1664772540,+3.47,+16.792, +8.511,+0.943
1664772600,+3.47,+16.784, +8.514,+0.943
1664772660,+3.48,+16.792, +8.512,+0.943
1664772720,+3.47,+16.784, +8.522,+0.943
1664772780,+3.48,+16.784, +8.527,+0.943
1664772840,+3.47,+16.775, +8.532,+0.943
1664772900,+3.48,+16.792, +8.514,+0.943
1664772960,+3.47,+16.767, +8.535,+0.943
1664773020,+3.47,+16.784, +8.518,+0.943
1664773080,+3.47,+16.758, +8.541,+0.943
1664773140,+3.47,+16.758, +8.551,+0.943
1664773200,+3.47,+16.767, +8.549,+0.943
1664773260,+3.47,+16.775, +8.570,+0.944
1664773320,+3.48,+16.784, +8.568,+0.943
1664773380,+3.48,+16.801, +8.546,+0.943
1664773440,+3.47,+16.767, +8.557,+0.943
1664773500,+3.47,+16.758, +8.538,+0.943
1664773560,+3.47,+16.741, +8.542,+0.943
1664773620,+3.47,+16.741, +8.545,+0.943
1664773680,+3.47,+16.750, +8.538,+0.943
1664773740,+3.47,+16.741, +8.558,+0.943
1664773800,+3.47,+16.750, +8.550,+0.943
1664773860,+3.47,+16.741, +8.564,+0.943
1664773920,+3.47,+16.741, +8.554,+0.943
1664773980,+3.47,+16.733, +8.568,+0.943
1664774040,+3.47,+16.733, +8.564,+0.943
1664774100,+3.47,+16.758, +8.542,+0.943
1664774160,+3.47,+16.724, +8.549,+0.943
1664774220,+3.47,+16.716, +8.561,+0.943
1664774280,+3.47,+16.724, +8.541,+0.943
1664774340,+3.47,+16.716, +8.537,+0.943
1664774400,+3.47,+16.699, +8.541,+0.943
1664774460,+3.47,+16.758, +8.504,+0.943
1664774520,+3.47,+16.733, +8.528,+0.943
1664774580,+3.47,+16.716, +8.533,+0.943
1664774640,+3.47,+16.716, +8.529,+0.943
1664774700,+3.47,+16.767, +8.464,+0.943
1664774760,+3.47,+16.775, +8.441,+0.943
1664774820,+3.47,+16.775, +8.423,+0.943
1664774880,+3.47,+16.784, +8.436,+0.943
1664774940,+3.47,+16.758, +8.498,+0.943
1664775000,+3.47,+16.775, +8.477,+0.943
1664775060,+3.48,+16.784, +8.485,+0.943
1664775120,+3.47,+16.801, +8.474,+0.943
1664775180,+3.47,+16.767, +8.533,+0.943
1664775240,+3.47,+16.784, +8.470,+0.943
1664775300,+3.48,+16.801, +8.421,+0.943
1664775360,+3.48,+16.809, +8.412,+0.943
1664775420,+3.48,+16.826, +8.452,+0.943
1664775480,+3.48,+16.809, +8.479,+0.943
1664775540,+3.48,+16.792, +8.493,+0.943
1664775600,+3.47,+16.758, +8.510,+0.943
1664775660,+3.48,+16.809, +8.435,+0.943
1664775720,+3.47,+16.775, +8.498,+0.943
1664775780,+3.47,+16.758, +8.510,+0.943
1664775840,+3.47,+16.716, +8.550,+0.943
1664775900,+3.47,+16.733, +8.525,+0.943
1664775960,+3.47,+16.733, +8.536,+0.943
1664776020,+3.47,+16.733, +8.542,+0.943
1664776080,+3.47,+16.716, +8.540,+0.943
1664776140,+3.47,+16.707, +8.536,+0.943
1664776200,+3.47,+16.716, +8.530,+0.943
1664776260,+3.47,+16.690, +8.532,+0.943
1664776320,+3.47,+16.699, +8.519,+0.943
1664776380,+3.47,+16.682, +8.525,+0.943
1664776440,+3.47,+16.724, +8.476,+0.943
1664776500,+3.47,+16.741, +8.443,+0.943
1664776560,+3.47,+16.716, +8.480,+0.943
1664776620,+3.47,+16.707, +8.492,+0.943
1664776680,+3.47,+16.699, +8.506,+0.943
1664776740,+3.47,+16.673, +8.509,+0.943
1664776800,+3.47,+16.690, +8.488,+0.943
1664776860,+3.47,+16.656, +8.455,+0.943
1664776920,+3.47,+16.673, +8.436,+0.943
1664776980,+3.47,+16.648, +8.476,+0.943
1664777040,+3.47,+16.656, +8.468,+0.943
1664777100,+3.47,+16.665, +8.485,+0.943
1664777160,+3.47,+16.639, +8.495,+0.943
1664777220,+3.47,+16.605, +8.506,+0.943
1664777280,+3.47,+16.597, +8.523,+0.943
1664777340,+3.47,+16.588, +8.510,+0.943
1664777400,+3.47,+16.580, +8.549,+0.943
1664777460,+3.47,+16.605, +8.509,+0.943
1664777520,+3.47,+16.563, +8.564,+0.943
1664777580,+3.47,+16.546, +8.564,+0.943
1664777640,+3.47,+16.554, +8.507,+0.943
1664777700,+3.47,+16.546, +8.565,+0.943
1664777760,+3.47,+16.580, +8.572,+0.943
1664777820,+3.47,+16.554, +8.602,+0.943
1664777880,+3.47,+16.537, +8.608,+0.943
1664777940,+3.47,+16.546, +8.622,+0.943
1664778000,+3.47,+16.554, +8.609,+0.943
1664778060,+3.47,+16.529, +8.607,+0.943
1664778120,+3.47,+16.520, +8.604,+0.943
1664778180,+3.47,+16.529, +8.602,+0.943
1664778240,+3.47,+16.529, +8.593,+0.943
1664778300,+3.47,+16.478, +8.598,+0.943
1664778360,+3.47,+16.503, +8.595,+0.943
1664778420,+3.47,+16.512, +8.581,+0.943
1664778480,+3.47,+16.503, +8.586,+0.943
1664778540,+3.47,+16.461, +8.594,+0.943
1664778600,+3.47,+16.486, +8.592,+0.943
1664778660,+3.47,+16.461, +8.594,+0.943
1664778720,+3.47,+16.478, +8.591,+0.943
1664778780,+3.47,+16.461, +8.598,+0.943
1664778840,+3.47,+16.469, +8.584,+0.943
1664778900,+3.47,+16.444, +8.602,+0.943
1664778960,+3.47,+16.427, +8.602,+0.943
1664779020,+3.47,+16.435, +8.601,+0.943
1664779080,+3.47,+16.435, +8.595,+0.943
1664779140,+3.47,+16.461, +8.589,+0.943
1664779200,+3.47,+16.452, +8.596,+0.943
1664779260,+3.47,+16.486, +8.580,+0.943
1664779320,+3.47,+16.427, +8.597,+0.943
1664779380,+3.47,+16.444, +8.593,+0.943
1664779440,+3.47,+16.435, +8.596,+0.943
1664779500,+3.47,+16.444, +8.594,+0.943
1664779560,+3.47,+16.435, +8.594,+0.943
1664779620,+3.47,+16.444, +8.594,+0.943
1664779680,+3.47,+16.427, +8.606,+0.943
1664779740,+3.47,+16.444, +8.603,+0.943
1664779800,+3.47,+16.452, +8.597,+0.943
1664779860,+3.47,+16.461, +8.601,+0.943
1664779920,+3.47,+16.469, +8.604,+0.943
1664779980,+3.47,+16.444, +8.601,+0.943
1664780040,+3.47,+16.461, +8.591,+0.943
1664780100,+3.47,+16.461, +8.589,+0.943
1664780160,+3.47,+16.452, +8.596,+0.943
1664780220,+3.47,+16.452, +8.593,+0.943
1664780280,+3.47,+16.461, +8.588,+0.943
1664780340,+3.47,+16.461, +8.589,+0.943
1664780400,+3.47,+16.461, +8.579,+0.943
1664780460,+3.47,+16.469, +8.584,+0.943
1664780520,+3.47,+16.435, +8.588,+0.943
1664780580,+3.47,+16.435, +8.574,+0.943
1664780640,+3.47,+16.435, +8.555,+0.943
1664780700,+3.47,+16.444, +8.548,+0.943
1664780760,+3.47,+16.444, +8.539,+0.943
1664780820,+3.47,+16.435, +8.538,+0.943
1664780880,+3.47,+16.435, +8.542,+0.943
1664780940,+3.47,+16.427, +8.557,+0.943
1664781000,+3.47,+16.435, +8.562,+0.943
1664781060,+3.47,+16.452, +8.552,+0.943
1664781120,+3.47,+16.410, +8.567,+0.943
1664781180,+3.47,+16.444, +8.539,+0.943
1664781240,+3.47,+16.418, +8.534,+0.943
1664781300,+3.47,+16.384, +8.552,+0.943
1664781360,+3.47,+16.410, +8.530,+0.943
1664781420,+3.47,+16.401, +8.543,+0.943
1664781480,+3.47,+16.410, +8.538,+0.943
1664781540,+3.47,+16.410, +8.525,+0.943
1664781600,+3.47,+16.418, +8.510,+0.943
1664781660,+3.47,+16.435, +8.495,+0.943
1664781720,+3.47,+16.418, +8.506,+0.943
1664781780,+3.47,+16.427, +8.484,+0.943
1664781840,+3.47,+16.444, +8.480,+0.943
1664781900,+3.47,+16.427, +8.492,+0.943
1664781960,+3.47,+16.444, +8.472,+0.943
1664782020,+3.47,+16.461, +8.449,+0.943
1664782080,+3.47,+16.478, +8.414,+0.943
1664782140,+3.47,+16.495, +8.404,+0.943
1664782200,+3.47,+16.486, +8.413,+0.942
1664782260,+3.47,+16.478, +8.414,+0.942
1664782320,+3.47,+16.478, +8.433,+0.943
1664782380,+3.47,+16.486, +8.437,+0.943
1664782440,+3.47,+16.469, +8.430,+0.943
1664782500,+3.47,+16.486, +8.425,+0.943
1664782560,+3.47,+16.452, +8.433,+0.943
1664782620,+3.47,+16.495, +8.388,+0.943
1664782680,+3.47,+16.512, +8.379,+0.943
1664782740,+3.47,+16.495, +8.398,+0.943
1664782800,+3.47,+16.478, +8.411,+0.943
1664782860,+3.47,+16.512, +8.391,+0.943
1664782920,+3.47,+16.503, +8.407,+0.943
1664782980,+3.47,+16.478, +8.417,+0.943
1664783040,+3.47,+16.495, +8.398,+0.943
1664783100,+3.47,+16.495, +8.414,+0.943
1664783160,+3.47,+16.503, +8.434,+0.943
1664783220,+3.47,+16.495, +8.437,+0.943
1664783280,+3.47,+16.486, +8.442,+0.943
1664783340,+3.47,+16.495, +8.423,+0.943
1664783400,+3.47,+16.503, +8.410,+0.943
1664783460,+3.47,+16.478, +8.434,+0.943
1664783520,+3.47,+16.486, +8.455,+0.943
1664783580,+3.47,+16.495, +8.443,+0.943
1664783640,+3.47,+16.478, +8.463,+0.943
1664783700,+3.47,+16.495, +8.414,+0.943
1664783760,+3.47,+16.503, +8.432,+0.943
1664783820,+3.47,+16.503, +8.412,+0.942
1664783880,+3.47,+16.495, +8.427,+0.943
1664783940,+3.47,+16.503, +8.441,+0.942
1664784000,+3.47,+16.495, +8.440,+0.943
1664784060,+3.47,+16.503, +8.444,+0.943
1664784120,+3.47,+16.486, +8.502,+0.943
1664784180,+3.47,+16.486, +8.498,+0.943
1664784240,+3.47,+16.486, +8.402,+0.943
1664784300,+3.47,+16.503, +8.397,+0.943
1664784360,+3.47,+16.495, +8.371,+0.943
1664784420,+3.47,+16.495, +8.368,+0.943
1664784480,+3.47,+16.478, +8.379,+0.943
1664784540,+3.47,+16.495, +8.344,+0.943
1664784600,+3.47,+16.520, +8.344,+0.943
1664784660,+3.47,+16.512, +8.345,+0.943
1664784720,+3.47,+16.503, +8.384,+0.943
1664784780,+3.47,+16.537, +8.345,+0.943
1664784840,+3.47,+16.503, +8.372,+0.943
1664784900,+3.47,+16.529, +8.347,+0.943
1664784960,+3.47,+16.520, +8.341,+0.943
1664785020,+3.47,+16.529, +8.347,+0.943
1664785080,+3.47,+16.529, +8.371,+0.943
1664785140,+3.47,+16.537, +8.373,+0.943
1664785200,+3.47,+16.563, +8.337,+0.942
1664785260,+3.47,+16.546, +8.352,+0.942
1664785320,+3.47,+16.546, +8.383,+0.943
1664785380,+3.47,+16.546, +8.377,+0.943
1664785440,+3.47,+16.546, +8.405,+0.943
1664785500,+3.47,+16.563, +8.411,+0.943
1664785560,+3.47,+16.546, +8.421,+0.943
1664785620,+3.47,+16.554, +8.392,+0.942
1664785680,+3.47,+16.563, +8.403,+0.943
1664785740,+3.47,+16.546, +8.352,+0.942
1664785800,+3.47,+16.554, +8.357,+0.943
1664785860,+3.47,+16.546, +8.352,+0.943
1664785920,+3.47,+16.546, +8.349,+0.942
1664785980,+3.47,+16.554, +8.344,+0.942
1664786040,+3.47,+16.563, +8.356,+0.943
1664786100,+3.47,+16.571, +8.328,+0.943
1664786160,+3.47,+16.563, +8.327,+0.943
1664786220,+3.47,+16.588, +8.331,+0.943
1664786280,+3.47,+16.571, +8.378,+0.943
1664786340,+3.47,+16.580, +8.385,+0.943
1664786400,+3.47,+16.588, +8.395,+0.943
1664786460,+3.47,+16.588, +8.395,+0.943
1664786520,+3.47,+16.622, +8.424,+0.943
1664786580,+3.47,+16.605, +8.427,+0.943
1664786640,+3.47,+16.597, +8.433,+0.943
1664786700,+3.47,+16.622, +8.432,+0.943
1664786760,+3.47,+16.614, +8.425,+0.943
1664786820,+3.47,+16.614, +8.399,+0.943
1664786880,+3.47,+16.605, +8.403,+0.943
1664786940,+3.47,+16.605, +8.425,+0.943
1664787000,+3.47,+16.631, +8.393,+0.943
1664787060,+3.47,+16.614, +8.344,+0.943
1664787120,+3.47,+16.605, +8.349,+0.943
1664787180,+3.47,+16.631, +8.327,+0.943
1664787240,+3.47,+16.622, +8.297,+0.943
1664787300,+3.47,+16.605, +8.280,+0.942
1664787360,+3.47,+16.631, +8.287,+0.943
1664787420,+3.47,+16.648, +8.284,+0.943
1664787480,+3.47,+16.631, +8.291,+0.943
1664787540,+3.47,+16.631, +8.285,+0.942
1664787600,+3.47,+16.605, +8.300,+0.943
1664787660,+3.47,+16.605, +8.280,+0.943
1664787720,+3.47,+16.614, +8.296,+0.942
1664787780,+3.47,+16.614, +8.321,+0.943
1664787840,+3.47,+16.631, +8.325,+0.943
1664787900,+3.47,+16.605, +8.333,+0.943
1664787960,+3.47,+16.614, +8.345,+0.943
1664788020,+3.47,+16.614, +8.345,+0.943
1664788080,+3.47,+16.605, +8.372,+0.943
1664788140,+3.47,+16.605, +8.385,+0.943
1664788200,+3.47,+16.605, +8.382,+0.943
1664788260,+3.47,+16.605, +8.388,+0.943
1664788320,+3.47,+16.597, +8.387,+0.943
1664788380,+3.47,+16.597, +8.381,+0.943
1664788440,+3.47,+16.597, +8.375,+0.943
1664788500,+3.47,+16.614, +8.371,+0.943
1664788560,+3.47,+16.597, +8.403,+0.943
1664788620,+3.47,+16.588, +8.403,+0.943
1664788680,+3.47,+16.588, +8.404,+0.943
1664788740,+3.47,+16.571, +8.426,+0.943
1664788800,+3.47,+16.580, +8.419,+0.943
1664788860,+3.47,+16.554, +8.445,+0.943
1664788920,+3.47,+16.554, +8.447,+0.943
1664788980,+3.47,+16.563, +8.437,+0.943
1664789040,+3.47,+16.563, +8.427,+0.943
1664789100,+3.47,+16.554, +8.432,+0.943
1664789160,+3.47,+16.571, +8.412,+0.942
1664789220,+3.47,+16.546, +8.419,+0.943
1664789280,+3.47,+16.529, +8.443,+0.943
1664789340,+3.47,+16.546, +8.452,+0.943
1664789400,+3.47,+16.537, +8.364,+0.943
1664789460,+3.47,+16.529, +8.288,+0.943
1664789520,+3.47,+16.529, +8.284,+0.943
1664789580,+3.47,+16.546, +8.264,+0.943
1664789640,+3.47,+16.529, +8.272,+0.943
1664789700,+3.47,+16.546, +8.280,+0.943
1664789760,+3.47,+16.554, +8.279,+0.943
1664789820,+3.47,+16.571, +8.277,+0.943
1664789880,+3.47,+16.546, +8.291,+0.942
1664789940,+3.47,+16.554, +8.294,+0.943
1664790000,+3.47,+16.546, +8.302,+0.943
1664790060,+3.47,+16.546, +8.316,+0.943
1664790120,+3.47,+16.546, +8.307,+0.942
1664790180,+3.47,+16.546, +8.320,+0.942
1664790240,+3.47,+16.537, +8.335,+0.943
1664790300,+3.47,+16.563, +8.336,+0.943
1664790360,+3.47,+16.546, +8.349,+0.943
1664790420,+3.47,+16.554, +8.347,+0.943
1664790480,+3.47,+16.529, +8.362,+0.943
1664790540,+3.47,+16.537, +8.362,+0.943
1664790600,+3.47,+16.520, +8.364,+0.943
1664790660,+3.47,+16.554, +8.365,+0.943
1664790720,+3.47,+16.520, +8.371,+0.943
1664790780,+3.47,+16.554, +8.370,+0.943
1664790840,+3.47,+16.546, +8.370,+0.943
1664790900,+3.47,+16.537, +8.398,+0.943
1664790960,+3.47,+16.512, +8.403,+0.943
1664791020,+3.47,+16.529, +8.404,+0.943
1664791080,+3.47,+16.520, +8.417,+0.943
1664791140,+3.47,+16.520, +8.404,+0.943
1664791200,+3.47,+16.520, +8.365,+0.943
1664791260,+3.47,+16.503, +8.382,+0.943
1664791320,+3.47,+16.503, +8.416,+0.943
1664791380,+3.47,+16.495, +8.419,+0.943
1664791440,+3.47,+16.512, +8.432,+0.943
1664791500,+3.47,+16.486, +8.437,+0.943
1664791560,+3.47,+16.478, +8.423,+0.943
1664791620,+3.47,+16.461, +8.396,+0.943
1664791680,+3.47,+16.478, +8.346,+0.943
1664791740,+3.47,+16.461, +8.324,+0.943
1664791800,+3.47,+16.461, +8.358,+0.943
1664791860,+3.47,+16.478, +8.318,+0.943
1664791920,+3.47,+16.495, +8.292,+0.943
1664791980,+3.47,+16.495, +8.303,+0.943
1664792040,+3.47,+16.495, +8.314,+0.943
1664792100,+3.47,+16.503, +8.322,+0.943
1664792160,+3.47,+16.486, +8.335,+0.943
1664792220,+3.47,+16.478, +8.338,+0.943
1664792280,+3.47,+16.495, +8.327,+0.943
1664792340,+3.47,+16.512, +8.314,+0.943
1664792400,+3.47,+16.503, +8.330,+0.942
1664792460,+3.47,+16.495, +8.345,+0.943
1664792520,+3.47,+16.495, +8.343,+0.943
1664792580,+3.47,+16.512, +8.331,+0.943
1664792640,+3.47,+16.503, +8.349,+0.943
1664792700,+3.47,+16.495, +8.352,+0.943
1664792760,+3.47,+16.495, +8.381,+0.943
1664792820,+3.47,+16.469, +8.404,+0.942
1664792880,+3.47,+16.444, +8.437,+0.943
1664792940,+3.47,+16.452, +8.385,+0.943
1664793000,+3.47,+16.444, +8.380,+0.942
1664793060,+3.47,+16.427, +8.323,+0.943
1664793120,+3.47,+16.427, +8.299,+0.943
1664793180,+3.47,+16.427, +8.284,+0.943
1664793240,+3.47,+16.444, +8.268,+0.943
1664793300,+3.47,+16.461, +8.251,+0.943
1664793360,+3.47,+16.469, +8.277,+0.943
1664793420,+3.47,+16.452, +8.281,+0.943
1664793480,+3.47,+16.461, +8.295,+0.943
1664793540,+3.47,+16.452, +8.298,+0.943
1664793600,+3.47,+16.486, +8.299,+0.943
1664793660,+3.47,+16.478, +8.306,+0.943
1664793720,+3.47,+16.461, +8.322,+0.943
1664793780,+3.47,+16.452, +8.387,+0.943
1664793840,+3.47,+16.435, +8.399,+0.942
1664793900,+3.47,+16.418, +8.403,+0.942
1664793960,+3.47,+16.393, +8.433,+0.943
1664794020,+3.47,+16.384, +8.442,+0.943
1664794080,+3.47,+16.384, +8.446,+0.943
1664794140,+3.47,+16.350, +8.448,+0.942
1664794200,+3.47,+16.384, +8.474,+0.943
1664794260,+3.47,+16.376, +8.482,+0.943
1664794320,+3.47,+16.384, +8.452,+0.943
1664794380,+3.47,+16.401, +8.422,+0.942
1664794440,+3.47,+16.393, +8.430,+0.943
1664794500,+3.47,+16.384, +8.442,+0.943
1664794560,+3.47,+16.401, +8.421,+0.943
1664794620,+3.47,+16.410, +8.416,+0.942
1664794680,+3.47,+16.401, +8.418,+0.943
1664794740,+3.47,+16.393, +8.426,+0.943
1664794800,+3.47,+16.384, +8.433,+0.943
1664794860,+3.47,+16.393, +8.420,+0.943
1664794920,+3.47,+16.401, +8.332,+0.943
1664794980,+3.47,+16.384, +8.340,+0.943
1664795040,+3.47,+16.376, +8.326,+0.942
1664795100,+3.47,+16.393, +8.297,+0.942
1664795160,+3.47,+16.410, +8.317,+0.943
1664795220,+3.47,+16.418, +8.321,+0.942
1664795280,+3.47,+16.418, +8.356,+0.943
1664795340,+3.47,+16.435, +8.357,+0.943
1664795400,+3.47,+16.427, +8.356,+0.943
1664795460,+3.47,+16.427, +8.345,+0.942
1664795520,+3.47,+16.427, +8.368,+0.943
1664795580,+3.47,+16.444, +8.355,+0.943
1664795640,+3.47,+16.435, +8.343,+0.943
1664795700,+3.47,+16.435, +8.347,+0.943
1664795760,+3.47,+16.427, +8.337,+0.943
1664795820,+3.47,+16.427, +8.355,+0.943
1664795880,+3.47,+16.401, +8.386,+0.943
1664795940,+3.47,+16.393, +8.359,+0.943
1664796000,+3.47,+16.401, +8.354,+0.943
1664796060,+3.47,+16.376, +8.383,+0.942
1664796120,+3.47,+16.367, +8.429,+0.943
1664796180,+3.47,+16.376, +8.385,+0.943
1664796240,+3.47,+16.376, +8.410,+0.943
1664796300,+3.47,+16.359, +8.386,+0.943
1664796360,+3.47,+16.342, +8.392,+0.943
1664796420,+3.47,+16.350, +8.378,+0.943
1664796480,+3.47,+16.367, +8.360,+0.943
1664796540,+3.47,+16.350, +8.358,+0.943
1664796600,+3.47,+16.359, +8.349,+0.943
1664796660,+3.47,+16.359, +8.361,+0.942
1664796720,+3.47,+16.359, +8.357,+0.942
1664796780,+3.47,+16.359, +8.370,+0.943
1664796840,+3.47,+16.350, +8.361,+0.943
1664796900,+3.47,+16.342, +8.351,+0.943
1664796960,+3.47,+16.350, +8.350,+0.943
1664797020,+3.47,+16.316, +8.316,+0.942
1664797080,+3.47,+16.342, +8.290,+0.943
1664797140,+3.47,+16.333, +8.296,+0.943
1664797200,+3.47,+16.316, +8.317,+0.943
1664797260,+3.47,+16.333, +8.330,+0.943
1664797320,+3.47,+16.350, +8.329,+0.942
1664797380,+3.47,+16.342, +8.342,+0.942
1664797440,+3.47,+16.376, +8.346,+0.943
1664797500,+3.47,+16.367, +8.349,+0.943
1664797560,+3.47,+16.359, +8.358,+0.943
1664797620,+3.47,+16.359, +8.363,+0.943
1664797680,+3.47,+16.342, +8.378,+0.943
1664797740,+3.47,+16.350, +8.373,+0.943
1664797800,+3.47,+16.325, +8.383,+0.942
1664797860,+3.47,+16.316, +8.386,+0.943
1664797920,+3.47,+16.316, +8.387,+0.943
1664797980,+3.47,+16.299, +8.383,+0.942
1664798040,+3.47,+16.265, +8.396,+0.942
1664798100,+3.47,+16.265, +8.405,+0.943
1664798160,+3.47,+16.256, +8.407,+0.943
1664798220,+3.47,+16.231, +8.411,+0.942
1664798280,+3.48,+16.222, +8.423,+0.942
1664798340,+3.48,+16.197, +8.444,+0.943
1664798400,+3.48,+16.197, +8.439,+0.943
1664798460,+3.48,+16.205, +8.440,+0.943
1664798520,+3.48,+16.180, +8.447,+0.943
1664798580,+3.48,+16.222, +8.428,+0.943
1664798640,+3.48,+16.222, +8.441,+0.943
1664798700,+3.48,+16.180, +8.459,+0.943
1664798760,+3.48,+16.205, +8.466,+0.943
1664798820,+3.47,+16.214, +8.473,+0.943
1664798880,+3.47,+16.239, +8.442,+0.942
1664798940,+3.47,+16.256, +8.468,+0.943
1664799000,+3.47,+16.265, +8.441,+0.943
1664799060,+3.47,+16.248, +8.414,+0.943
1664799120,+3.47,+16.248, +8.363,+0.943
1664799180,+3.47,+16.248, +8.365,+0.942
1664799240,+3.47,+16.256, +8.375,+0.943
1664799300,+3.47,+16.265, +8.375,+0.943
1664799360,+3.47,+16.291, +8.380,+0.943
1664799420,+3.47,+16.282, +8.392,+0.943
1664799480,+3.47,+16.291, +8.399,+0.943
1664799540,+3.47,+16.291, +8.412,+0.943
1664799600,+3.47,+16.316, +8.405,+0.943
1664799660,+3.47,+16.325, +8.406,+0.943
1664799720,+3.47,+16.308, +8.419,+0.943
1664799780,+3.47,+16.299, +8.454,+0.943
1664799840,+3.47,+16.316, +8.467,+0.943
1664799900,+3.47,+16.325, +8.516,+0.943
1664799960,+3.47,+16.325, +8.510,+0.943
1664800020,+3.47,+16.333, +8.520,+0.943
1664800080,+3.47,+16.333, +8.524,+0.943
1664800140,+3.47,+16.325, +8.534,+0.943
1664800200,+3.47,+16.325, +8.531,+0.943
1664800260,+3.47,+16.342, +8.551,+0.943
1664800320,+3.47,+16.333, +8.532,+0.943
1664800380,+3.47,+16.291, +8.522,+0.943
1664800440,+3.47,+16.316, +8.516,+0.943
1664800500,+3.47,+16.325, +8.506,+0.942
1664800560,+3.47,+16.308, +8.496,+0.943
1664800620,+3.47,+16.274, +8.486,+0.942
1664800680,+3.47,+16.256, +8.514,+0.943
1664800740,+3.47,+16.291, +8.528,+0.943
1664800800,+3.47,+16.299, +8.534,+0.943
1664800860,+3.47,+16.274, +8.517,+0.943
1664800920,+3.47,+16.282, +8.528,+0.943
1664800980,+3.47,+16.265, +8.507,+0.943
1664801040,+3.47,+16.256, +8.481,+0.943
1664801100,+3.47,+16.239, +8.482,+0.943
1664801160,+3.47,+16.239, +8.481,+0.942
1664801220,+3.47,+16.231, +8.483,+0.943
1664801280,+3.47,+16.239, +8.474,+0.943
1664801340,+3.47,+16.222, +8.454,+0.943
1664801400,+3.47,+16.239, +8.460,+0.943
1664801460,+3.47,+16.231, +8.466,+0.943
1664801520,+3.47,+16.239, +8.463,+0.943
1664801580,+3.47,+16.239, +8.467,+0.943
1664801640,+3.47,+16.248, +8.473,+0.943
1664801700,+3.47,+16.265, +8.465,+0.942
1664801760,+3.47,+16.239, +8.462,+0.942
1664801820,+3.47,+16.256, +8.466,+0.943
1664801880,+3.47,+16.248, +8.474,+0.943
1664801940,+3.47,+16.239, +8.474,+0.943
1664802000,+3.47,+16.231, +8.476,+0.942
1664802060,+3.47,+16.214, +8.492,+0.943
1664802120,+3.47,+16.214, +8.479,+0.943
1664802180,+3.47,+16.205, +8.473,+0.942
1664802240,+3.47,+16.214, +8.466,+0.942
1664802300,+3.47,+16.222, +8.476,+0.943
1664802360,+3.47,+16.231, +8.485,+0.942
1664802420,+3.47,+16.239, +8.482,+0.942
1664802480,+3.47,+16.231, +8.470,+0.943
1664802540,+3.47,+16.197, +8.483,+0.942
1664802600,+3.47,+16.222, +8.491,+0.943
1664802660,+3.47,+16.214, +8.484,+0.943
1664802720,+3.47,+16.214, +8.463,+0.942
1664802780,+3.47,+16.222, +8.457,+0.943
1664802840,+3.47,+16.214, +8.472,+0.943
1664802900,+3.47,+16.231, +8.477,+0.943
1664802960,+3.47,+16.214, +8.478,+0.943
1664803020,+3.47,+16.214, +8.478,+0.942
1664803080,+3.47,+16.222, +8.482,+0.943
1664803140,+3.47,+16.239, +8.462,+0.942
1664803200,+3.47,+16.231, +8.453,+0.943
1664803260,+3.47,+16.214, +8.465,+0.943
1664803320,+3.47,+16.231, +8.471,+0.943
1664803380,+3.47,+16.214, +8.489,+0.942
1664803440,+3.47,+16.231, +8.499,+0.943
1664803500,+3.47,+16.214, +8.499,+0.942
1664803560,+3.47,+16.205, +8.499,+0.943
1664803620,+3.47,+16.231, +8.486,+0.943
1664803680,+3.47,+16.197, +8.481,+0.943
1664803740,+3.47,+16.231, +8.473,+0.943
1664803800,+3.47,+16.222, +8.482,+0.943
1664803860,+3.47,+16.239, +8.475,+0.943
1664803920,+3.47,+16.222, +8.483,+0.943
1664803980,+3.47,+16.231, +8.475,+0.942
1664804040,+3.47,+16.248, +8.467,+0.943
1664804100,+3.47,+16.248, +8.472,+0.943
1664804160,+3.47,+16.231, +8.475,+0.943
1664804220,+3.47,+16.205, +8.479,+0.943
1664804280,+3.47,+16.214, +8.466,+0.943
1664804340,+3.47,+16.231, +8.424,+0.942
1664804400,+3.47,+16.239, +8.427,+0.943
1664804460,+3.47,+16.222, +8.457,+0.943
1664804520,+3.47,+16.231, +8.442,+0.942
1664804580,+3.47,+16.231, +8.433,+0.942
1664804640,+3.47,+16.248, +8.444,+0.943
1664804700,+3.47,+16.222, +8.447,+0.943
1664804760,+3.47,+16.214, +8.460,+0.943
1664804820,+3.47,+16.231, +8.425,+0.942
1664804880,+3.47,+16.222, +8.438,+0.943
1664804940,+3.47,+16.214, +8.453,+0.943
1664805000,+3.47,+16.231, +8.487,+0.943
1664805060,+3.47,+16.239, +8.481,+0.943
1664805120,+3.47,+16.231, +8.484,+0.943
1664805180,+3.47,+16.231, +8.459,+0.943
1664805240,+3.47,+16.222, +8.468,+0.942
1664805300,+3.47,+16.239, +8.508,+0.943
1664805360,+3.47,+16.256, +8.500,+0.943
1664805420,+3.47,+16.231, +8.491,+0.943
1664805480,+3.47,+16.248, +8.464,+0.943
1664805540,+3.47,+16.231, +8.492,+0.943
1664805600,+3.47,+16.231, +8.492,+0.943
1664805660,+3.47,+16.222, +8.502,+0.942
1664805720,+3.47,+16.222, +8.528,+0.943
1664805780,+3.47,+16.214, +8.499,+0.942
1664805840,+3.47,+16.188, +8.563,+0.943
1664805900,+3.47,+16.188, +8.566,+0.943
1664805960,+3.47,+16.214, +8.547,+0.943
1664806020,+3.47,+16.188, +8.574,+0.943
1664806080,+3.47,+16.171, +8.586,+0.943
1664806140,+3.47,+16.188, +8.584,+0.943
1664806200,+3.47,+16.154, +8.613,+0.943
1664806260,+3.47,+16.171, +8.609,+0.943
1664806320,+3.47,+16.154, +8.611,+0.943
1664806380,+3.47,+16.171, +8.566,+0.943
1664806440,+3.47,+16.180, +8.562,+0.943
1664806500,+3.47,+16.180, +8.583,+0.943
1664806560,+3.47,+16.197, +8.576,+0.943
1664806620,+3.47,+16.163, +8.603,+0.943
1664806680,+3.47,+16.180, +8.586,+0.943
1664806740,+3.47,+16.188, +8.583,+0.943
1664806800,+3.47,+16.163, +8.596,+0.943
1664806860,+3.47,+16.154, +8.604,+0.943
1664806920,+3.47,+16.163, +8.600,+0.943
1664806980,+3.47,+16.163, +8.591,+0.943
1664807040,+3.47,+16.171, +8.589,+0.943
1664807100,+3.47,+16.163, +8.583,+0.942
1664807160,+3.47,+16.129, +8.592,+0.943
1664807220,+3.47,+16.163, +8.588,+0.943
1664807280,+3.47,+16.171, +8.555,+0.942
1664807340,+3.47,+16.146, +8.585,+0.942
1664807400,+3.47,+16.120, +8.624,+0.943
1664807460,+3.47,+16.137, +8.611,+0.942
1664807520,+3.47,+16.137, +8.618,+0.943
1664807580,+3.47,+16.137, +8.628,+0.943
1664807640,+3.47,+16.163, +8.634,+0.943
1664807700,+3.47,+16.171, +8.632,+0.943
1664807760,+3.47,+16.154, +8.659,+0.943
1664807820,+3.47,+16.154, +8.670,+0.943
1664807880,+3.47,+16.137, +8.670,+0.943
1664807940,+3.47,+16.137, +8.683,+0.943
1664808000,+3.47,+16.137, +8.661,+0.943
1664808060,+3.47,+16.154, +8.645,+0.942
1664808120,+3.47,+16.129, +8.673,+0.943
1664808180,+3.47,+16.137, +8.676,+0.943
1664808240,+3.47,+16.120, +8.681,+0.943
1664808300,+3.47,+16.129, +8.687,+0.943
1664808360,+3.47,+16.120, +8.680,+0.943
1664808420,+3.47,+16.129, +8.659,+0.943
1664808480,+3.47,+16.137, +8.652,+0.943
1664808540,+3.47,+16.112, +8.645,+0.943
1664808600,+3.47,+16.112, +8.630,+0.943
1664808660,+3.47,+16.120, +8.630,+0.943
1664808720,+3.47,+16.120, +8.647,+0.943
1664808780,+3.47,+16.180, +8.624,+0.943
1664808840,+3.47,+16.171, +8.644,+0.943
1664808900,+3.47,+16.154, +8.676,+0.943
1664808960,+3.47,+16.171, +8.680,+0.942
1664809020,+3.47,+16.137, +8.708,+0.943
1664809080,+3.47,+16.146, +8.736,+0.943
1664809140,+3.47,+16.163, +8.740,+0.943
1664809200,+3.47,+16.197, +8.724,+0.943
1664809260,+3.47,+16.188, +8.753,+0.943
1664809320,+3.47,+16.180, +8.765,+0.943
1664809380,+3.47,+16.188, +8.756,+0.943
1664809440,+3.47,+16.180, +8.752,+0.943
1664809500,+3.47,+16.171, +8.749,+0.943
1664809560,+3.47,+16.137, +8.754,+0.943
1664809620,+3.47,+16.146, +8.717,+0.943
1664809680,+3.47,+16.146, +8.697,+0.943
1664809740,+3.47,+16.120, +8.703,+0.943
1664809800,+3.47,+16.137, +8.724,+0.943
1664809860,+3.47,+16.137, +8.690,+0.943
1664809920,+3.47,+16.120, +8.674,+0.943
1664809980,+3.47,+16.129, +8.679,+0.943
1664810040,+3.47,+16.120, +8.715,+0.943
1664810100,+3.47,+16.129, +8.705,+0.943
1664810160,+3.47,+16.146, +8.690,+0.943
1664810220,+3.47,+16.154, +8.694,+0.943
1664810280,+3.47,+16.154, +8.713,+0.942
1664810340,+3.47,+16.154, +8.738,+0.942
1664810400,+3.47,+16.154, +8.728,+0.942
1664810460,+3.47,+16.180, +8.725,+0.943
1664810520,+3.47,+16.154, +8.705,+0.943
1664810580,+3.47,+16.163, +8.702,+0.943
1664810640,+3.47,+16.154, +8.708,+0.943
1664810700,+3.47,+16.137, +8.714,+0.942
1664810760,+3.47,+16.163, +8.686,+0.943
1664810820,+3.47,+16.171, +8.627,+0.943
1664810880,+3.47,+16.146, +8.614,+0.942
1664810940,+3.47,+16.154, +8.619,+0.943
1664811000,+3.47,+16.137, +8.613,+0.943
1664811060,+3.47,+16.137, +8.581,+0.943
1664811120,+3.47,+16.146, +8.591,+0.943
1664811180,+3.47,+16.197, +8.564,+0.943
1664811240,+3.47,+16.188, +8.570,+0.943
1664811300,+3.47,+16.222, +8.541,+0.943
1664811360,+3.47,+16.188, +8.569,+0.943
1664811420,+3.47,+16.163, +8.585,+0.942
1664811480,+3.47,+16.146, +8.609,+0.943
1664811540,+3.47,+16.154, +8.608,+0.943
1664811600,+3.47,+16.120, +8.627,+0.943
1664811660,+3.47,+16.129, +8.623,+0.943
1664811720,+3.47,+16.120, +8.628,+0.943
1664811780,+3.47,+16.112, +8.663,+0.943
1664811840,+3.47,+16.120, +8.673,+0.943
1664811900,+3.47,+16.137, +8.672,+0.943
1664811960,+3.47,+16.146, +8.653,+0.942
1664812020,+3.47,+16.180, +8.624,+0.943
1664812080,+3.47,+16.180, +8.630,+0.943
1664812140,+3.47,+16.188, +8.636,+0.942
1664812200,+3.47,+16.154, +8.680,+0.943
1664812260,+3.47,+16.146, +8.722,+0.943
1664812320,+3.47,+16.129, +8.708,+0.943
1664812380,+3.47,+16.129, +8.699,+0.943
1664812440,+3.47,+16.112, +8.681,+0.943
1664812500,+3.47,+16.129, +8.651,+0.942
1664812560,+3.47,+16.112, +8.657,+0.943
1664812620,+3.47,+16.129, +8.650,+0.943
1664812680,+3.47,+16.137, +8.657,+0.943
1664812740,+3.47,+16.137, +8.657,+0.943
1664812800,+3.47,+16.120, +8.731,+0.943
1664812860,+3.47,+16.120, +8.737,+0.943
1664812920,+3.47,+16.112, +8.751,+0.942
1664812980,+3.47,+16.112, +8.777,+0.942
1664813040,+3.47,+16.103, +8.825,+0.943
1664813100,+3.47,+16.112, +8.794,+0.943
1664813160,+3.47,+16.103, +8.763,+0.943
1664813220,+3.47,+16.112, +8.728,+0.942
1664813280,+3.47,+16.120, +8.732,+0.943
1664813340,+3.47,+16.112, +8.739,+0.943
1664813400,+3.47,+16.137, +8.724,+0.943
1664813460,+3.47,+16.137, +8.719,+0.943
1664813520,+3.47,+16.129, +8.731,+0.943
1664813580,+3.47,+16.120, +8.739,+0.943
1664813640,+3.47,+16.163, +8.737,+0.943
1664813700,+3.47,+16.146, +8.751,+0.943
1664813760,+3.47,+16.129, +8.754,+0.943
1664813820,+3.47,+16.137, +8.767,+0.943
1664813880,+3.47,+16.137, +8.757,+0.943
1664813940,+3.47,+16.137, +8.774,+0.943
1664814000,+3.47,+16.112, +8.817,+0.943
1664814060,+3.47,+16.129, +8.812,+0.943
1664814120,+3.47,+16.129, +8.823,+0.943
1664814180,+3.47,+16.129, +8.807,+0.943
1664814240,+3.47,+16.112, +8.754,+0.943
1664814300,+3.47,+16.112, +8.782,+0.943
1664814360,+3.47,+16.103, +8.781,+0.943
1664814420,+3.47,+16.120, +8.773,+0.943
1664814480,+3.47,+16.103, +8.762,+0.943
1664814540,+3.47,+16.103, +8.739,+0.942
1664814600,+3.47,+16.103, +8.738,+0.943
1664814660,+3.47,+16.094, +8.769,+0.943
1664814720,+3.47,+16.103, +8.765,+0.942
1664814780,+3.47,+16.103, +8.774,+0.943
1664814840,+3.47,+16.103, +8.771,+0.943
1664814900,+3.47,+16.103, +8.790,+0.943
1664814960,+3.47,+16.120, +8.800,+0.943
1664815020,+3.47,+16.112, +8.788,+0.943
1664815080,+3.47,+16.120, +8.781,+0.943
1664815140,+3.47,+16.094, +8.792,+0.943
1664815200,+3.47,+16.103, +8.798,+0.943
1664815260,+3.47,+16.103, +8.821,+0.943
1664815320,+3.47,+16.112, +8.808,+0.943
1664815380,+3.47,+16.129, +8.797,+0.942
1664815440,+3.47,+16.120, +8.822,+0.943
1664815500,+3.47,+16.129, +8.817,+0.943
1664815560,+3.47,+16.129, +8.808,+0.943
1664815620,+3.47,+16.120, +8.808,+0.943
1664815680,+3.47,+16.120, +8.809,+0.943
1664815740,+3.47,+16.120, +8.811,+0.943
1664815800,+3.47,+16.103, +8.818,+0.943
