7450-364333
OS REV: 1.05 Sensor Cal: 1644948279
Time (sec),  BV (Volts),  T (deg C),  DO (mg/l),  Q ()
1668185460,+3.46,+13.960,+10.144,+0.937
1668185520,+3.46,+13.943,+10.096,+0.936
1668185580,+3.46,+13.943,+10.096,+0.937
1668185640,+3.46,+13.943,+10.103,+0.937
1668185700,+3.46,+13.951,+10.074,+0.936
1668185760,+3.46,+13.943,+10.088,+0.937
1668185820,+3.46,+13.943, +9.902,+0.936
1668185880,+3.46,+13.951, +9.822,+0.936
1668185940,+3.46,+13.943, +9.892,+0.936
1668186000,+3.46,+13.960, +9.872,+0.937
1668186060,+3.46,+13.960, +9.796,+0.937
1668186120,+3.46,+13.951, +9.735,+0.936
1668186180,+3.46,+13.951,+10.192,+0.937
1668186240,+3.46,+13.951,+10.487,+0.937
1668186300,+3.46,+13.969,+10.520,+0.937
1668186360,+3.46,+13.951,+10.449,+0.937
1668186420,+3.46,+13.951,+10.427,+0.937
1668186480,+3.46,+13.934,+10.473,+0.937
1668186540,+3.46,+13.943,+10.444,+0.937
1668186600,+3.46,+13.951,+10.426,+0.937
1668186660,+3.46,+13.925,+10.387,+0.937
1668186720,+3.46,+13.925,+10.378,+0.937
1668186780,+3.46,+13.925,+10.333,+0.936
1668186840,+3.46,+13.908,+10.374,+0.937
1668186900,+3.46,+13.916,+10.363,+0.937
1668186960,+3.46,+13.925,+10.293,+0.937
1668187020,+3.46,+13.925,+10.329,+0.937
1668187080,+3.46,+13.934,+10.244,+0.937
1668187140,+3.46,+13.916,+10.233,+0.937
1668187200,+3.46,+13.951,+10.231,+0.936
1668187260,+3.46,+13.934,+10.291,+0.937
1668187320,+3.46,+13.916,+10.247,+0.937
1668187380,+3.46,+13.943,+10.162,+0.937
1668187440,+3.46,+13.943, +9.976,+0.936
1668187500,+3.46,+13.925, +9.803,+0.936
1668187560,+3.46,+13.916, +9.555,+0.936
1668187620,+3.46,+13.908, +9.730,+0.937
1668187680,+3.46,+13.916, +9.946,+0.936
1668187740,+3.46,+13.934,+10.237,+0.937
1668187800,+3.46,+13.960,+10.194,+0.936
1668187860,+3.46,+13.977,+10.155,+0.937
1668187920,+3.46,+13.951,+10.129,+0.936
1668187980,+3.46,+13.943,+10.102,+0.936
1668188040,+3.46,+13.934,+10.090,+0.937
1668188100,+3.46,+13.899,+10.120,+0.936
1668188160,+3.46,+13.890,+10.113,+0.936
1668188220,+3.46,+13.873,+10.132,+0.937
1668188280,+3.46,+13.847,+10.049,+0.937
1668188340,+3.46,+13.838, +9.982,+0.936
1668188400,+3.46,+13.856, +9.918,+0.937
1668188460,+3.46,+13.856, +9.807,+0.937
1668188520,+3.46,+13.856, +9.982,+0.936
1668188580,+3.46,+13.864, +9.990,+0.936
1668188640,+3.46,+13.847,+10.009,+0.937
1668188700,+3.46,+13.873, +9.724,+0.936
1668188760,+3.46,+13.873, +9.592,+0.936
1668188820,+3.46,+13.864, +9.601,+0.936
1668188880,+3.46,+13.873, +9.802,+0.936
1668188940,+3.46,+13.890, +9.870,+0.937
1668189000,+3.46,+13.908, +9.945,+0.936
1668189060,+3.46,+13.916,+10.075,+0.936
1668189120,+3.46,+13.925,+10.181,+0.937
1668189180,+3.46,+13.934,+10.296,+0.937
1668189240,+3.46,+13.951,+10.389,+0.937
1668189300,+3.46,+13.960,+10.491,+0.937
1668189360,+3.46,+13.969,+10.481,+0.937
1668189420,+3.46,+14.003,+10.477,+0.937
1668189480,+3.46,+13.986,+10.362,+0.937
1668189540,+3.46,+13.960,+10.378,+0.937
1668189600,+3.46,+13.969,+10.521,+0.937
1668189660,+3.46,+13.977,+10.462,+0.937
1668189720,+3.46,+13.986,+10.413,+0.937
1668189780,+3.46,+13.960,+10.219,+0.937
1668189840,+3.46,+13.960,+10.247,+0.937
1668189900,+3.46,+13.951,+10.123,+0.937
1668189960,+3.46,+13.916,+10.036,+0.937
1668190020,+3.46,+13.908,+10.024,+0.937
1668190080,+3.46,+13.899,+10.053,+0.937
1668190140,+3.46,+13.908,+10.025,+0.936
1668190200,+3.46,+13.864,+10.015,+0.937
1668190260,+3.46,+13.916, +9.951,+0.937
1668190320,+3.46,+13.899, +9.846,+0.937
1668190380,+3.46,+13.899,+10.014,+0.937
1668190440,+3.46,+13.908,+10.005,+0.937
1668190500,+3.46,+13.925, +9.913,+0.936
1668190560,+3.46,+13.908, +9.836,+0.937
1668190620,+3.46,+13.934, +9.776,+0.936
1668190680,+3.46,+13.908, +9.772,+0.937
1668190740,+3.46,+13.925, +9.741,+0.937
1668190800,+3.46,+13.916, +9.726,+0.936
1668190860,+3.46,+13.925, +9.700,+0.937
1668190920,+3.46,+13.908, +9.688,+0.937
1668190980,+3.46,+13.934, +9.661,+0.937
1668191040,+3.46,+13.934, +9.591,+0.937
1668191100,+3.46,+13.934, +9.644,+0.937
1668191160,+3.46,+13.908, +9.725,+0.936
1668191220,+3.46,+13.934, +9.722,+0.936
1668191280,+3.46,+13.943, +9.727,+0.936
1668191340,+3.46,+13.934, +9.656,+0.936
1668191400,+3.46,+13.951, +9.494,+0.936
1668191460,+3.46,+13.951, +9.669,+0.936
1668191520,+3.46,+13.943, +9.634,+0.936
1668191580,+3.46,+13.943, +9.734,+0.936
1668191640,+3.46,+13.977, +9.944,+0.937
1668191700,+3.46,+13.986,+10.137,+0.937
1668191760,+3.46,+13.986,+10.100,+0.936
1668191820,+3.46,+13.995,+10.005,+0.937
1668191880,+3.46,+13.995, +9.947,+0.936
1668191940,+3.46,+14.012, +9.934,+0.937
1668192000,+3.46,+13.977,+10.070,+0.937
1668192060,+3.46,+13.986,+10.109,+0.936
1668192120,+3.46,+13.977, +9.893,+0.936
1668192180,+3.46,+13.960, +9.902,+0.936
1668192240,+3.46,+13.960, +9.458,+0.936
1668192300,+3.46,+13.951, +9.269,+0.936
1668192360,+3.46,+13.960, +9.213,+0.936
1668192420,+3.46,+13.943, +9.486,+0.936
1668192480,+3.46,+13.943, +9.756,+0.937
1668192540,+3.46,+13.960, +9.740,+0.937
1668192600,+3.46,+13.943, +9.622,+0.936
1668192660,+3.46,+13.951, +9.457,+0.936
1668192720,+3.46,+13.960, +9.440,+0.936
1668192780,+3.46,+13.969, +9.484,+0.936
1668192840,+3.46,+13.943, +9.491,+0.936
1668192900,+3.46,+13.943, +9.517,+0.936
1668192960,+3.46,+13.934, +9.591,+0.936
1668193020,+3.46,+13.951, +9.655,+0.936
1668193080,+3.46,+13.943, +9.710,+0.936
1668193140,+3.46,+13.908, +9.812,+0.937
1668193200,+3.46,+13.916, +9.941,+0.936
1668193260,+3.46,+13.925, +9.866,+0.937
1668193320,+3.46,+13.916, +9.935,+0.936
1668193380,+3.46,+13.908, +9.922,+0.936
1668193440,+3.46,+13.899,+10.016,+0.937
1668193500,+3.46,+13.899,+10.156,+0.937
1668193560,+3.46,+13.908,+10.276,+0.937
1668193620,+3.46,+13.908,+10.326,+0.937
1668193680,+3.46,+13.899,+10.309,+0.937
1668193740,+3.46,+13.908,+10.344,+0.937
1668193800,+3.46,+13.908,+10.371,+0.937
1668193860,+3.46,+13.908,+10.334,+0.937
1668193920,+3.46,+13.890,+10.363,+0.937
1668193980,+3.46,+13.899,+10.361,+0.937
1668194040,+3.46,+13.925,+10.333,+0.937
1668194100,+3.46,+13.890,+10.351,+0.937
1668194160,+3.46,+13.899,+10.328,+0.937
1668194220,+3.46,+13.899,+10.310,+0.937
1668194280,+3.46,+13.899,+10.359,+0.937
1668194340,+3.46,+13.916,+10.387,+0.937
1668194400,+3.46,+13.899,+10.415,+0.937
1668194460,+3.46,+13.908,+10.406,+0.937
1668194520,+3.46,+13.943,+10.379,+0.937
1668194580,+3.46,+13.969,+10.529,+0.937
1668194640,+3.46,+13.995,+10.499,+0.937
1668194700,+3.46,+13.977,+10.416,+0.937
1668194760,+3.46,+14.003,+10.454,+0.937
1668194820,+3.46,+14.029,+10.551,+0.937
1668194880,+3.46,+14.029,+10.571,+0.937
1668194940,+3.46,+14.064,+10.797,+0.937
1668195000,+3.46,+14.082,+10.724,+0.937
1668195060,+3.46,+14.099,+10.966,+0.938
1668195120,+3.46,+14.134,+11.037,+0.938
1668195180,+3.46,+14.142,+10.889,+0.937
1668195240,+3.46,+14.125,+10.757,+0.937
1668195300,+3.46,+14.116,+10.527,+0.937
1668195360,+3.46,+14.090,+10.496,+0.937
1668195420,+3.46,+14.073,+10.542,+0.937
1668195480,+3.46,+14.056,+10.454,+0.937
1668195540,+3.46,+14.056,+10.574,+0.937
1668195600,+3.46,+14.056,+10.569,+0.937
1668195660,+3.46,+14.064,+10.609,+0.937
1668195720,+3.46,+14.082,+10.714,+0.937
1668195780,+3.46,+14.090,+10.695,+0.937
1668195840,+3.46,+14.090,+10.755,+0.937
1668195900,+3.46,+14.090,+10.755,+0.937
1668195960,+3.46,+14.108,+10.842,+0.937
1668196020,+3.46,+14.108,+10.906,+0.937
1668196080,+3.46,+14.125,+11.065,+0.938
1668196140,+3.46,+14.116,+11.168,+0.938
1668196200,+3.46,+14.125,+11.166,+0.937
1668196260,+3.46,+14.134,+11.241,+0.938
1668196320,+3.46,+14.160,+11.288,+0.938
1668196380,+3.46,+14.160,+11.409,+0.938
1668196440,+3.46,+14.229,+11.403,+0.938
1668196500,+3.46,+14.212,+11.427,+0.938
1668196560,+3.46,+14.238,+11.400,+0.938
1668196620,+3.46,+14.281,+11.348,+0.938
1668196680,+3.46,+14.290,+11.324,+0.937
1668196740,+3.46,+14.307,+11.289,+0.938
1668196800,+3.46,+14.359,+11.047,+0.938
1668196860,+3.46,+14.402,+11.003,+0.937
1668196920,+3.46,+14.420,+10.993,+0.937
1668196980,+3.46,+14.463,+10.768,+0.937
1668197040,+3.46,+14.497,+10.681,+0.938
1668197100,+3.46,+14.515,+10.595,+0.937
1668197160,+3.46,+14.523,+10.637,+0.937
1668197220,+3.46,+14.541,+10.601,+0.937
1668197280,+3.46,+14.515,+10.578,+0.937
1668197340,+3.46,+14.497,+10.718,+0.938
1668197400,+3.46,+14.446,+10.930,+0.937
1668197460,+3.46,+14.428,+11.029,+0.937
1668197520,+3.46,+14.394,+11.034,+0.937
1668197580,+3.46,+14.359,+11.002,+0.937
1668197640,+3.46,+14.342,+10.908,+0.937
1668197700,+3.46,+14.324,+10.820,+0.937
1668197760,+3.46,+14.307,+10.777,+0.937
1668197820,+3.46,+14.316,+10.768,+0.937
1668197880,+3.46,+14.316,+10.709,+0.937
1668197940,+3.46,+14.307,+10.675,+0.937
1668198000,+3.46,+14.298,+10.697,+0.937
1668198060,+3.46,+14.264,+10.661,+0.937
1668198120,+3.46,+14.281,+10.659,+0.937
1668198180,+3.46,+14.281,+10.709,+0.937
1668198240,+3.46,+14.264,+10.734,+0.937
1668198300,+3.46,+14.255,+10.813,+0.937
1668198360,+3.46,+14.272,+10.826,+0.937
1668198420,+3.46,+14.229,+10.830,+0.937
1668198480,+3.46,+14.281,+10.747,+0.937
1668198540,+3.46,+14.281,+10.950,+0.937
1668198600,+3.46,+14.298,+11.075,+0.938
1668198660,+3.46,+14.298,+11.127,+0.938
1668198720,+3.46,+14.316,+11.113,+0.937
1668198780,+3.46,+14.316,+11.051,+0.937
1668198840,+3.46,+14.333,+10.922,+0.937
1668198900,+3.46,+14.324,+10.743,+0.937
1668198960,+3.46,+14.307,+10.640,+0.937
1668199020,+3.46,+14.316,+10.573,+0.937
1668199080,+3.46,+14.316,+10.464,+0.937
1668199140,+3.46,+14.324,+10.379,+0.937
1668199200,+3.46,+14.333,+10.275,+0.937
1668199260,+3.46,+14.290,+10.250,+0.937
1668199320,+3.46,+14.298,+10.347,+0.937
1668199380,+3.46,+14.264,+10.303,+0.937
1668199440,+3.46,+14.264,+10.252,+0.937
1668199500,+3.46,+14.255,+10.343,+0.937
1668199560,+3.46,+14.246,+10.344,+0.937
1668199620,+3.46,+14.229,+10.481,+0.937
1668199680,+3.46,+14.220,+10.445,+0.936
1668199740,+3.46,+14.203,+10.472,+0.937
1668199800,+3.46,+14.212,+10.579,+0.937
1668199860,+3.46,+14.194,+10.734,+0.937
1668199920,+3.46,+14.203,+10.842,+0.938
1668199980,+3.46,+14.168,+10.795,+0.937
1668200040,+3.46,+14.177,+10.839,+0.938
1668200100,+3.46,+14.186,+10.862,+0.938
1668200160,+3.46,+14.160,+10.840,+0.938
1668200220,+3.46,+14.160,+10.802,+0.937
1668200280,+3.46,+14.151,+10.881,+0.937
1668200340,+3.46,+14.177,+10.811,+0.937
1668200400,+3.46,+14.142,+10.789,+0.937
1668200460,+3.46,+14.160,+10.696,+0.937
1668200520,+3.46,+14.142,+10.625,+0.937
1668200580,+3.46,+14.142,+10.549,+0.937
1668200640,+3.46,+14.125,+10.564,+0.937
1668200700,+3.46,+14.142,+10.541,+0.937
1668200760,+3.46,+14.151,+10.520,+0.937
1668200820,+3.46,+14.142,+10.430,+0.937
1668200880,+3.46,+14.151,+10.351,+0.937
1668200940,+3.46,+14.160,+10.525,+0.938
1668201000,+3.46,+14.186,+10.380,+0.937
1668201060,+3.46,+14.151,+10.370,+0.937
1668201120,+3.46,+14.151,+10.402,+0.937
1668201180,+3.46,+14.168,+10.435,+0.937
1668201240,+3.46,+14.168,+10.372,+0.937
1668201300,+3.46,+14.168,+10.340,+0.937
1668201360,+3.46,+14.168,+10.322,+0.937
1668201420,+3.46,+14.177,+10.303,+0.937
1668201480,+3.46,+14.186,+10.257,+0.937
1668201540,+3.46,+14.194,+10.276,+0.937
1668201600,+3.46,+14.203,+10.270,+0.937
1668201660,+3.46,+14.203,+10.311,+0.937
1668201720,+3.46,+14.229,+10.329,+0.937
1668201780,+3.46,+14.229,+10.296,+0.937
1668201840,+3.46,+14.238,+10.292,+0.937
1668201900,+3.46,+14.220,+10.261,+0.936
1668201960,+3.46,+14.203,+10.168,+0.937
1668202020,+3.46,+14.186,+10.240,+0.937
1668202080,+3.46,+14.177,+10.336,+0.937
1668202140,+3.46,+14.168,+10.276,+0.937
1668202200,+3.46,+14.160,+10.305,+0.937
1668202260,+3.46,+14.151,+10.353,+0.937
1668202320,+3.46,+14.194,+10.408,+0.937
1668202380,+3.46,+14.151,+10.381,+0.937
1668202440,+3.46,+14.177,+10.373,+0.937
1668202500,+3.46,+14.186,+10.379,+0.937
1668202560,+3.46,+14.160,+10.422,+0.937
1668202620,+3.46,+14.160,+10.438,+0.937
1668202680,+3.46,+14.168,+10.429,+0.937
1668202740,+3.46,+14.151,+10.408,+0.937
1668202800,+3.46,+14.142,+10.416,+0.937
1668202860,+3.46,+14.151,+10.426,+0.937
1668202920,+3.46,+14.160,+10.418,+0.937
1668202980,+3.46,+14.151,+10.404,+0.937
1668203040,+3.46,+14.151,+10.431,+0.937
1668203100,+3.46,+14.177,+10.420,+0.937
1668203160,+3.46,+14.151,+10.459,+0.937
1668203220,+3.46,+14.168,+10.490,+0.937
1668203280,+3.46,+14.203,+10.448,+0.937
1668203340,+3.46,+14.186,+10.420,+0.936
1668203400,+3.46,+14.194,+10.420,+0.937
1668203460,+3.46,+14.177,+10.411,+0.937
1668203520,+3.46,+14.186,+10.408,+0.937
1668203580,+3.46,+14.186,+10.404,+0.937
1668203640,+3.46,+14.186,+10.429,+0.937
1668203700,+3.46,+14.229,+10.407,+0.937
1668203760,+3.46,+14.264,+10.394,+0.937
1668203820,+3.46,+14.238,+10.313,+0.937
1668203880,+3.46,+14.229,+10.288,+0.937
1668203940,+3.46,+14.203,+10.305,+0.936
1668204000,+3.46,+14.203,+10.347,+0.937
1668204060,+3.46,+14.194,+10.337,+0.937
1668204120,+3.46,+14.177,+10.300,+0.937
1668204180,+3.46,+14.160,+10.269,+0.937
1668204240,+3.46,+14.168,+10.339,+0.937
1668204300,+3.46,+14.186,+10.349,+0.936
1668204360,+3.46,+14.194,+10.342,+0.937
1668204420,+3.46,+14.220,+10.387,+0.937
1668204480,+3.46,+14.264,+10.388,+0.937
1668204540,+3.46,+14.290,+10.403,+0.937
1668204600,+3.46,+14.324,+10.440,+0.937
1668204660,+3.46,+14.342,+10.408,+0.936
1668204720,+3.46,+14.359,+10.404,+0.937
1668204780,+3.46,+14.385,+10.437,+0.937
1668204840,+3.46,+14.385,+10.403,+0.937
1668204900,+3.46,+14.394,+10.425,+0.937
1668204960,+3.46,+14.402,+10.434,+0.937
1668205020,+3.46,+14.402,+10.440,+0.937
1668205080,+3.46,+14.428,+10.437,+0.937
1668205140,+3.46,+14.437,+10.441,+0.937
1668205200,+3.46,+14.411,+10.447,+0.937
1668205260,+3.46,+14.428,+10.436,+0.937
1668205320,+3.46,+14.428,+10.433,+0.937
1668205380,+3.46,+14.411,+10.450,+0.937
1668205440,+3.46,+14.437,+10.440,+0.937
1668205500,+3.46,+14.428,+10.439,+0.937
1668205560,+3.46,+14.420,+10.447,+0.937
1668205620,+3.46,+14.428,+10.440,+0.937
1668205680,+3.46,+14.446,+10.409,+0.937
1668205740,+3.46,+14.411,+10.433,+0.937
1668205800,+3.46,+14.420,+10.439,+0.937
1668205860,+3.46,+14.428,+10.434,+0.937
1668205920,+3.46,+14.428,+10.431,+0.937
1668205980,+3.46,+14.428,+10.428,+0.937
1668206040,+3.46,+14.428,+10.424,+0.937
1668206100,+3.46,+14.428,+10.410,+0.937
1668206160,+3.46,+14.428,+10.409,+0.937
1668206220,+3.46,+14.420,+10.401,+0.937
1668206280,+3.46,+14.420,+10.407,+0.937
1668206340,+3.46,+14.420,+10.381,+0.936
1668206400,+3.46,+14.402,+10.389,+0.937
1668206460,+3.46,+14.394,+10.380,+0.937
1668206520,+3.46,+14.385,+10.392,+0.937
1668206580,+3.46,+14.376,+10.389,+0.937
1668206640,+3.46,+14.385,+10.365,+0.937
1668206700,+3.46,+14.402,+10.348,+0.937
1668206760,+3.46,+14.394,+10.325,+0.936
1668206820,+3.46,+14.359,+10.293,+0.937
1668206880,+3.46,+14.342,+10.285,+0.937
1668206940,+3.46,+14.350,+10.287,+0.937
1668207000,+3.46,+14.298,+10.317,+0.937
1668207060,+3.46,+14.281,+10.309,+0.937
1668207120,+3.46,+14.281,+10.333,+0.937
1668207180,+3.46,+14.281,+10.319,+0.936
1668207240,+3.46,+14.281,+10.327,+0.937
1668207300,+3.46,+14.281,+10.311,+0.936
1668207360,+3.46,+14.272,+10.314,+0.937
1668207420,+3.46,+14.272,+10.300,+0.937
1668207480,+3.46,+14.264,+10.289,+0.937
1668207540,+3.46,+14.255,+10.288,+0.937
1668207600,+3.46,+14.272,+10.261,+0.936
1668207660,+3.46,+14.255,+10.262,+0.937
1668207720,+3.46,+14.238,+10.264,+0.937
1668207780,+3.46,+14.238,+10.277,+0.937
1668207840,+3.46,+14.220,+10.310,+0.937
1668207900,+3.46,+14.203,+10.305,+0.937
1668207960,+3.46,+14.220,+10.278,+0.937
1668208020,+3.46,+14.203,+10.284,+0.937
1668208080,+3.46,+14.203,+10.289,+0.937
1668208140,+3.46,+14.238,+10.279,+0.937
1668208200,+3.46,+14.220,+10.301,+0.937
1668208260,+3.46,+14.220,+10.312,+0.937
1668208320,+3.46,+14.246,+10.297,+0.936
1668208380,+3.46,+14.264,+10.298,+0.937
1668208440,+3.46,+14.255,+10.310,+0.937
1668208500,+3.46,+14.264,+10.288,+0.936
1668208560,+3.46,+14.238,+10.299,+0.937
1668208620,+3.46,+14.255,+10.291,+0.937
1668208680,+3.46,+14.272,+10.290,+0.937
1668208740,+3.46,+14.255,+10.296,+0.937
1668208800,+3.46,+14.272,+10.297,+0.937
1668208860,+3.46,+14.238,+10.316,+0.937
1668208920,+3.46,+14.272,+10.277,+0.937
1668208980,+3.46,+14.264,+10.296,+0.937
1668209040,+3.46,+14.246,+10.303,+0.937
1668209100,+3.46,+14.238,+10.281,+0.937
1668209160,+3.46,+14.246,+10.290,+0.937
1668209220,+3.46,+14.238,+10.263,+0.937
1668209280,+3.46,+14.246,+10.276,+0.937
1668209340,+3.46,+14.264,+10.292,+0.937
1668209400,+3.46,+14.255,+10.285,+0.937
1668209460,+3.46,+14.264,+10.298,+0.937
1668209520,+3.46,+14.255,+10.299,+0.937
1668209580,+3.46,+14.281,+10.280,+0.937
1668209640,+3.46,+14.272,+10.278,+0.937
1668209700,+3.46,+14.281,+10.278,+0.937
1668209760,+3.46,+14.290,+10.300,+0.937
1668209820,+3.46,+14.281,+10.300,+0.937
1668209880,+3.46,+14.298,+10.289,+0.937
1668209940,+3.46,+14.316,+10.289,+0.937
1668210000,+3.46,+14.307,+10.271,+0.937
1668210060,+3.46,+14.281,+10.267,+0.936
1668210120,+3.46,+14.290,+10.281,+0.937
1668210180,+3.46,+14.307,+10.299,+0.937
1668210240,+3.46,+14.290,+10.269,+0.937
1668210300,+3.46,+14.307,+10.301,+0.937
1668210360,+3.46,+14.307,+10.280,+0.937
1668210420,+3.46,+14.316,+10.285,+0.937
1668210480,+3.46,+14.307,+10.246,+0.937
1668210540,+3.46,+14.298,+10.237,+0.937
1668210600,+3.46,+14.307,+10.268,+0.937
1668210660,+3.46,+14.324,+10.271,+0.937
1668210720,+3.46,+14.316,+10.288,+0.937
1668210780,+3.46,+14.316,+10.275,+0.936
1668210840,+3.46,+14.307,+10.240,+0.937
1668210900,+3.46,+14.324,+10.235,+0.937
1668210960,+3.46,+14.307,+10.240,+0.937
1668211020,+3.46,+14.324,+10.231,+0.936
1668211080,+3.46,+14.298,+10.246,+0.937
1668211140,+3.46,+14.324,+10.279,+0.937
1668211200,+3.46,+14.298,+10.266,+0.936
1668211260,+3.46,+14.307,+10.281,+0.937
1668211320,+3.46,+14.290,+10.225,+0.937
1668211380,+3.46,+14.290,+10.249,+0.937
1668211440,+3.46,+14.281,+10.244,+0.937
1668211500,+3.46,+14.272,+10.274,+0.937
1668211560,+3.46,+14.290,+10.289,+0.937
1668211620,+3.46,+14.298,+10.287,+0.937
1668211680,+3.46,+14.290,+10.272,+0.937
1668211740,+3.46,+14.307,+10.274,+0.937
1668211800,+3.46,+14.290,+10.288,+0.937
1668211860,+3.46,+14.307,+10.266,+0.937
1668211920,+3.46,+14.307,+10.272,+0.937
1668211980,+3.46,+14.307,+10.283,+0.937
1668212040,+3.46,+14.298,+10.275,+0.937
1668212100,+3.46,+14.290,+10.269,+0.937
1668212160,+3.46,+14.307,+10.272,+0.937
1668212220,+3.46,+14.307,+10.260,+0.937
1668212280,+3.46,+14.307,+10.268,+0.937
1668212340,+3.46,+14.307,+10.256,+0.937
1668212400,+3.46,+14.298,+10.246,+0.937
1668212460,+3.46,+14.298,+10.229,+0.937
1668212520,+3.46,+14.307,+10.221,+0.937
1668212580,+3.46,+14.281,+10.221,+0.936
1668212640,+3.46,+14.281,+10.219,+0.936
1668212700,+3.46,+14.290,+10.220,+0.937
1668212760,+3.46,+14.272,+10.238,+0.937
1668212820,+3.46,+14.264,+10.234,+0.937
1668212880,+3.46,+14.272,+10.222,+0.937
1668212940,+3.46,+14.281,+10.216,+0.937
1668213000,+3.46,+14.264,+10.223,+0.937
1668213060,+3.46,+14.281,+10.220,+0.937
1668213120,+3.46,+14.272,+10.221,+0.937
1668213180,+3.46,+14.272,+10.214,+0.937
1668213240,+3.46,+14.281,+10.213,+0.937
1668213300,+3.46,+14.264,+10.210,+0.937
1668213360,+3.46,+14.281,+10.214,+0.937
1668213420,+3.46,+14.272,+10.205,+0.937
1668213480,+3.46,+14.272,+10.211,+0.937
1668213540,+3.46,+14.298,+10.179,+0.936
1668213600,+3.46,+14.298,+10.191,+0.937
1668213660,+3.46,+14.264,+10.198,+0.937
1668213720,+3.46,+14.272,+10.177,+0.936
1668213780,+3.46,+14.290,+10.177,+0.937
1668213840,+3.46,+14.298,+10.162,+0.937
1668213900,+3.46,+14.281,+10.161,+0.937
1668213960,+3.46,+14.272,+10.144,+0.937
1668214020,+3.46,+14.272,+10.128,+0.937
1668214080,+3.46,+14.246,+10.131,+0.937
1668214140,+3.46,+14.264,+10.117,+0.937
1668214200,+3.46,+14.255,+10.093,+0.936
1668214260,+3.46,+14.238,+10.096,+0.937
1668214320,+3.46,+14.246,+10.078,+0.936
1668214380,+3.46,+14.238,+10.090,+0.937
1668214440,+3.46,+14.246,+10.098,+0.937
1668214500,+3.46,+14.255,+10.080,+0.936
1668214560,+3.46,+14.229,+10.097,+0.937
1668214620,+3.46,+14.281,+10.076,+0.937
1668214680,+3.46,+14.229,+10.091,+0.937
1668214740,+3.46,+14.264,+10.073,+0.937
1668214800,+3.46,+14.238,+10.081,+0.937
1668214860,+3.46,+14.238,+10.097,+0.937
1668214920,+3.46,+14.246,+10.095,+0.937
1668214980,+3.46,+14.255,+10.095,+0.937
1668215040,+3.46,+14.246,+10.091,+0.937
1668215100,+3.46,+14.255,+10.091,+0.937
1668215160,+3.46,+14.255,+10.082,+0.936
1668215220,+3.46,+14.264,+10.069,+0.937
1668215280,+3.46,+14.238,+10.077,+0.937
1668215340,+3.46,+14.255,+10.075,+0.936
1668215400,+3.46,+14.255,+10.085,+0.937
1668215460,+3.46,+14.255,+10.075,+0.937
1668215520,+3.46,+14.264,+10.072,+0.936
1668215580,+3.46,+14.264,+10.081,+0.936
1668215640,+3.46,+14.255,+10.091,+0.937
1668215700,+3.46,+14.272,+10.095,+0.937
1668215760,+3.46,+14.264,+10.100,+0.937
1668215820,+3.46,+14.264,+10.097,+0.936
1668215880,+3.46,+14.281,+10.099,+0.937
1668215940,+3.46,+14.272,+10.088,+0.936
1668216000,+3.46,+14.272,+10.097,+0.937
1668216060,+3.46,+14.272,+10.075,+0.936
1668216120,+3.46,+14.264,+10.092,+0.936
1668216180,+3.46,+14.272,+10.102,+0.937
1668216240,+3.46,+14.281,+10.076,+0.937
1668216300,+3.46,+14.264,+10.076,+0.937
1668216360,+3.46,+14.272,+10.077,+0.937
1668216420,+3.46,+14.264,+10.071,+0.937
1668216480,+3.46,+14.246,+10.072,+0.937
1668216540,+3.46,+14.238,+10.030,+0.936
1668216600,+3.46,+14.255,+10.018,+0.936
1668216660,+3.46,+14.255,+10.052,+0.937
1668216720,+3.46,+14.246,+10.055,+0.937
1668216780,+3.46,+14.264,+10.043,+0.937
1668216840,+3.46,+14.264,+10.046,+0.936
1668216900,+3.46,+14.246,+10.031,+0.937
1668216960,+3.46,+14.246,+10.022,+0.937
1668217020,+3.46,+14.246,+10.018,+0.936
1668217080,+3.46,+14.229,+10.045,+0.937
1668217140,+3.46,+14.264,+10.038,+0.937
1668217200,+3.46,+14.246,+10.035,+0.936
1668217260,+3.46,+14.272,+10.029,+0.937
1668217320,+3.46,+14.281,+10.023,+0.937
1668217380,+3.46,+14.264,+10.052,+0.937
1668217440,+3.46,+14.264,+10.050,+0.937
1668217500,+3.46,+14.290,+10.040,+0.937
1668217560,+3.46,+14.272,+10.037,+0.936
1668217620,+3.46,+14.272,+10.022,+0.937
1668217680,+3.46,+14.281,+10.043,+0.937
1668217740,+3.46,+14.290,+10.049,+0.937
1668217800,+3.46,+14.281,+10.064,+0.937
1668217860,+3.46,+14.316,+10.024,+0.936
1668217920,+3.46,+14.316,+10.041,+0.937
1668217980,+3.46,+14.290,+10.034,+0.937
1668218040,+3.46,+14.281,+10.003,+0.936
1668218100,+3.46,+14.298,+10.033,+0.937
1668218160,+3.46,+14.290,+10.031,+0.937
1668218220,+3.46,+14.281,+10.025,+0.937
1668218280,+3.46,+14.281,+10.041,+0.937
1668218340,+3.46,+14.298,+10.019,+0.936
1668218400,+3.46,+14.272, +9.997,+0.936
1668218460,+3.46,+14.290,+10.017,+0.937
1668218520,+3.46,+14.307,+10.037,+0.937
1668218580,+3.46,+14.298,+10.013,+0.936
1668218640,+3.46,+14.290,+10.016,+0.937
1668218700,+3.46,+14.290,+10.028,+0.937
1668218760,+3.46,+14.290,+10.046,+0.937
1668218820,+3.46,+14.281,+10.017,+0.937
1668218880,+3.46,+14.307,+10.033,+0.937
1668218940,+3.46,+14.307, +9.998,+0.936
1668219000,+3.46,+14.281,+10.041,+0.937
1668219060,+3.46,+14.298,+10.007,+0.936
1668219120,+3.46,+14.290,+10.041,+0.937
1668219180,+3.46,+14.324,+10.002,+0.937
1668219240,+3.46,+14.290,+10.024,+0.937
1668219300,+3.46,+14.298,+10.016,+0.937
1668219360,+3.46,+14.298,+10.005,+0.937
1668219420,+3.46,+14.290, +9.981,+0.937
1668219480,+3.46,+14.298, +9.985,+0.937
1668219540,+3.46,+14.281, +9.976,+0.937
1668219600,+3.46,+14.290, +9.929,+0.936
1668219660,+3.46,+14.272, +9.949,+0.937
1668219720,+3.46,+14.255, +9.918,+0.936
1668219780,+3.46,+14.264, +9.928,+0.937
1668219840,+3.46,+14.255, +9.952,+0.937
1668219900,+3.46,+14.281, +9.942,+0.937
1668219960,+3.46,+14.238, +9.958,+0.937
1668220020,+3.46,+14.255, +9.937,+0.936
1668220080,+3.46,+14.272, +9.918,+0.936
1668220140,+3.46,+14.272, +9.887,+0.936
1668220200,+3.46,+14.238, +9.869,+0.936
1668220260,+3.46,+14.238, +9.851,+0.936
1668220320,+3.46,+14.212, +9.844,+0.936
1668220380,+3.46,+14.238, +9.864,+0.936
1668220440,+3.46,+14.220, +9.860,+0.937
1668220500,+3.46,+14.203, +9.849,+0.937
1668220560,+3.46,+14.220, +9.849,+0.936
1668220620,+3.46,+14.238, +9.835,+0.936
1668220680,+3.46,+14.229, +9.848,+0.936
1668220740,+3.46,+14.212, +9.842,+0.937
1668220800,+3.46,+14.229, +9.843,+0.937
1668220860,+3.46,+14.212, +9.836,+0.936
1668220920,+3.46,+14.238, +9.811,+0.936
1668220980,+3.46,+14.238, +9.834,+0.936
1668221040,+3.46,+14.220, +9.850,+0.937
1668221100,+3.46,+14.194, +9.822,+0.937
1668221160,+3.46,+14.220, +9.812,+0.937
1668221220,+3.46,+14.220, +9.812,+0.937
1668221280,+3.46,+14.212, +9.818,+0.937
1668221340,+3.46,+14.229, +9.831,+0.937
1668221400,+3.46,+14.238, +9.815,+0.936
1668221460,+3.46,+14.194, +9.787,+0.937
1668221520,+3.46,+14.229, +9.808,+0.936
1668221580,+3.46,+14.220, +9.825,+0.936
1668221640,+3.46,+14.229, +9.812,+0.936
1668221700,+3.46,+14.238, +9.791,+0.937
1668221760,+3.46,+14.203, +9.790,+0.936
1668221820,+3.46,+14.220, +9.784,+0.936
1668221880,+3.46,+14.212, +9.813,+0.936
1668221940,+3.46,+14.220, +9.781,+0.936
1668222000,+3.46,+14.229, +9.804,+0.937
1668222060,+3.46,+14.246, +9.793,+0.937
1668222120,+3.46,+14.229, +9.781,+0.937
1668222180,+3.46,+14.220, +9.774,+0.937
1668222240,+3.46,+14.229, +9.755,+0.937
1668222300,+3.46,+14.194, +9.758,+0.937
1668222360,+3.46,+14.203, +9.741,+0.936
1668222420,+3.46,+14.203, +9.740,+0.937
1668222480,+3.46,+14.194, +9.739,+0.936
1668222540,+3.46,+14.212, +9.740,+0.936
1668222600,+3.46,+14.194, +9.736,+0.937
1668222660,+3.46,+14.203, +9.738,+0.937
1668222720,+3.46,+14.194, +9.742,+0.937
1668222780,+3.46,+14.212, +9.716,+0.936
1668222840,+3.46,+14.212, +9.709,+0.936
1668222900,+3.46,+14.194, +9.715,+0.936
1668222960,+3.46,+14.186, +9.708,+0.936
1668223020,+3.46,+14.203, +9.702,+0.937
1668223080,+3.46,+14.220, +9.681,+0.936
1668223140,+3.46,+14.203, +9.696,+0.937
1668223200,+3.46,+14.186, +9.691,+0.936
1668223260,+3.46,+14.212, +9.691,+0.937
1668223320,+3.46,+14.212, +9.679,+0.936
1668223380,+3.46,+14.203, +9.681,+0.936
1668223440,+3.46,+14.203, +9.685,+0.937
1668223500,+3.46,+14.212, +9.660,+0.936
1668223560,+3.46,+14.212, +9.674,+0.937
1668223620,+3.46,+14.203, +9.659,+0.936
1668223680,+3.46,+14.212, +9.654,+0.937
1668223740,+3.46,+14.203, +9.653,+0.936
1668223800,+3.46,+14.203, +9.654,+0.936
1668223860,+3.46,+14.212, +9.648,+0.936
1668223920,+3.46,+14.203, +9.643,+0.936
1668223980,+3.46,+14.229, +9.640,+0.936
1668224040,+3.46,+14.212, +9.650,+0.936
1668224100,+3.46,+14.238, +9.641,+0.936
1668224160,+3.46,+14.229, +9.643,+0.936
1668224220,+3.46,+14.229, +9.644,+0.936
1668224280,+3.46,+14.238, +9.648,+0.937
1668224340,+3.46,+14.220, +9.661,+0.936
1668224400,+3.46,+14.220, +9.652,+0.937
1668224460,+3.46,+14.220, +9.648,+0.936
1668224520,+3.46,+14.238, +9.665,+0.937
1668224580,+3.46,+14.255, +9.650,+0.936
1668224640,+3.46,+14.264, +9.655,+0.936
1668224700,+3.46,+14.238, +9.682,+0.937
1668224760,+3.46,+14.255, +9.663,+0.937
1668224820,+3.46,+14.255, +9.645,+0.937
1668224880,+3.46,+14.246, +9.639,+0.936
1668224940,+3.46,+14.264, +9.646,+0.937
1668225000,+3.46,+14.238, +9.648,+0.937
1668225060,+3.46,+14.264, +9.649,+0.937
1668225120,+3.46,+14.255, +9.638,+0.936
1668225180,+3.46,+14.246, +9.631,+0.936
1668225240,+3.46,+14.246, +9.617,+0.936
1668225300,+3.46,+14.246, +9.628,+0.937
1668225360,+3.46,+14.246, +9.611,+0.936
1668225420,+3.46,+14.246, +9.602,+0.936
1668225480,+3.46,+14.238, +9.596,+0.936
1668225540,+3.46,+14.255, +9.605,+0.936
1668225600,+3.46,+14.272, +9.598,+0.936
1668225660,+3.46,+14.264, +9.590,+0.936
1668225720,+3.46,+14.264, +9.604,+0.936
1668225780,+3.46,+14.255, +9.597,+0.936
1668225840,+3.46,+14.272, +9.599,+0.936
1668225900,+3.46,+14.272, +9.615,+0.937
1668225960,+3.46,+14.281, +9.603,+0.936
1668226020,+3.46,+14.272, +9.606,+0.936
1668226080,+3.46,+14.281, +9.598,+0.936
1668226140,+3.46,+14.272, +9.602,+0.936
1668226200,+3.46,+14.281, +9.576,+0.936
1668226260,+3.46,+14.281, +9.617,+0.937
1668226320,+3.46,+14.272, +9.613,+0.936
1668226380,+3.46,+14.264, +9.613,+0.936
1668226440,+3.46,+14.272, +9.618,+0.936
1668226500,+3.46,+14.307, +9.611,+0.936
1668226560,+3.46,+14.298, +9.634,+0.936
1668226620,+3.46,+14.307, +9.643,+0.937
1668226680,+3.46,+14.324, +9.654,+0.936
1668226740,+3.46,+14.307, +9.658,+0.936
1668226800,+3.46,+14.281, +9.648,+0.936
1668226860,+3.46,+14.290, +9.668,+0.936
1668226920,+3.46,+14.307, +9.672,+0.936
1668226980,+3.46,+14.298, +9.677,+0.936
1668227040,+3.46,+14.307, +9.658,+0.937
1668227100,+3.46,+14.298, +9.659,+0.936
1668227160,+3.46,+14.290, +9.676,+0.937
1668227220,+3.46,+14.290, +9.675,+0.936
1668227280,+3.46,+14.298, +9.673,+0.936
1668227340,+3.46,+14.316, +9.644,+0.936
1668227400,+3.46,+14.281, +9.679,+0.937
1668227460,+3.46,+14.281, +9.673,+0.937
1668227520,+3.46,+14.290, +9.664,+0.936
1668227580,+3.46,+14.298, +9.635,+0.936
1668227640,+3.46,+14.298, +9.634,+0.936
1668227700,+3.46,+14.298, +9.624,+0.936
1668227760,+3.46,+14.307, +9.610,+0.937
1668227820,+3.46,+14.307, +9.628,+0.936
1668227880,+3.46,+14.298, +9.641,+0.937
1668227940,+3.46,+14.342, +9.589,+0.936
1668228000,+3.46,+14.342, +9.557,+0.937
1668228060,+3.46,+14.394, +9.515,+0.936
1668228120,+3.46,+14.350, +9.607,+0.936
1668228180,+3.46,+14.333, +9.613,+0.936
1668228240,+3.46,+14.324, +9.618,+0.936
1668228300,+3.46,+14.324, +9.621,+0.936
1668228360,+3.46,+14.333, +9.609,+0.936
1668228420,+3.46,+14.307, +9.613,+0.936
1668228480,+3.46,+14.316, +9.604,+0.936
1668228540,+3.46,+14.324, +9.606,+0.936
1668228600,+3.46,+14.316, +9.616,+0.936
1668228660,+3.46,+14.342, +9.600,+0.936
1668228720,+3.46,+14.324, +9.609,+0.937
1668228780,+3.46,+14.350, +9.596,+0.936
1668228840,+3.46,+14.342, +9.598,+0.936
1668228900,+3.46,+14.324, +9.606,+0.937
1668228960,+3.46,+14.359, +9.582,+0.937
1668229020,+3.46,+14.402, +9.554,+0.936
1668229080,+3.46,+14.350, +9.594,+0.936
1668229140,+3.46,+14.350, +9.601,+0.937
1668229200,+3.46,+14.350, +9.604,+0.937
1668229260,+3.46,+14.359, +9.606,+0.936
1668229320,+3.46,+14.342, +9.614,+0.936
1668229380,+3.46,+14.368, +9.601,+0.936
1668229440,+3.46,+14.359, +9.600,+0.936
1668229500,+3.46,+14.359, +9.606,+0.936
1668229560,+3.46,+14.376, +9.596,+0.936
1668229620,+3.46,+14.385, +9.586,+0.936
1668229680,+3.46,+14.385, +9.582,+0.936
1668229740,+3.46,+14.359, +9.595,+0.937
1668229800,+3.46,+14.376, +9.575,+0.936
1668229860,+3.46,+14.376, +9.572,+0.937
1668229920,+3.46,+14.376, +9.568,+0.936
1668229980,+3.46,+14.385, +9.552,+0.936
1668230040,+3.46,+14.402, +9.534,+0.936
1668230100,+3.46,+14.411, +9.517,+0.937
1668230160,+3.46,+14.446, +9.485,+0.936
1668230220,+3.46,+14.463, +9.491,+0.936
1668230280,+3.46,+14.463, +9.536,+0.936
1668230340,+3.46,+14.446, +9.592,+0.937
1668230400,+3.46,+14.428, +9.584,+0.936
1668230460,+3.46,+14.428, +9.581,+0.936
1668230520,+3.46,+14.446, +9.569,+0.936
1668230580,+3.46,+14.428, +9.593,+0.937
1668230640,+3.46,+14.437, +9.578,+0.936
1668230700,+3.46,+14.437, +9.590,+0.936
1668230760,+3.46,+14.420, +9.597,+0.936
1668230820,+3.46,+14.428, +9.585,+0.936
1668230880,+3.46,+14.446, +9.583,+0.936
1668230940,+3.46,+14.437, +9.585,+0.936
1668231000,+3.46,+14.428, +9.594,+0.936
1668231060,+3.46,+14.437, +9.594,+0.937
1668231120,+3.46,+14.437, +9.598,+0.936
1668231180,+3.46,+14.454, +9.602,+0.936
1668231240,+3.46,+14.454, +9.605,+0.936
1668231300,+3.46,+14.463, +9.605,+0.936
1668231360,+3.46,+14.480, +9.599,+0.937
1668231420,+3.46,+14.480, +9.593,+0.936
1668231480,+3.46,+14.463, +9.593,+0.936
1668231540,+3.46,+14.480, +9.600,+0.936
1668231600,+3.46,+14.480, +9.597,+0.936
1668231660,+3.46,+14.480, +9.599,+0.936
1668231720,+3.46,+14.497, +9.595,+0.937
1668231780,+3.46,+14.471, +9.604,+0.936
1668231840,+3.46,+14.506, +9.589,+0.936
1668231900,+3.46,+14.515, +9.581,+0.937
1668231960,+3.46,+14.523, +9.570,+0.936
1668232020,+3.46,+14.506, +9.589,+0.937
1668232080,+3.46,+14.523, +9.564,+0.936
1668232140,+3.46,+14.506, +9.565,+0.936
1668232200,+3.46,+14.515, +9.555,+0.936
1668232260,+3.46,+14.489, +9.584,+0.936
1668232320,+3.46,+14.515, +9.578,+0.937
1668232380,+3.46,+14.532, +9.597,+0.936
1668232440,+3.46,+14.497, +9.612,+0.936
1668232500,+3.46,+14.497, +9.619,+0.937
1668232560,+3.46,+14.497, +9.628,+0.936
1668232620,+3.46,+14.506, +9.624,+0.936
1668232680,+3.46,+14.515, +9.625,+0.936
1668232740,+3.46,+14.532, +9.617,+0.936
1668232800,+3.46,+14.523, +9.617,+0.936
1668232860,+3.46,+14.523, +9.617,+0.936
1668232920,+3.46,+14.515, +9.624,+0.936
1668232980,+3.46,+14.523, +9.621,+0.937
1668233040,+3.46,+14.532, +9.610,+0.936
1668233100,+3.46,+14.532, +9.618,+0.936
1668233160,+3.46,+14.523, +9.618,+0.936
1668233220,+3.46,+14.532, +9.612,+0.936
1668233280,+3.46,+14.523, +9.612,+0.936
1668233340,+3.46,+14.532, +9.624,+0.937
1668233400,+3.46,+14.532, +9.601,+0.936
1668233460,+3.46,+14.541, +9.612,+0.936
1668233520,+3.46,+14.532, +9.606,+0.936
1668233580,+3.46,+14.532, +9.599,+0.937
1668233640,+3.46,+14.523, +9.609,+0.937
1668233700,+3.46,+14.532, +9.615,+0.937
1668233760,+3.46,+14.549, +9.608,+0.936
1668233820,+3.46,+14.549, +9.600,+0.936
1668233880,+3.46,+14.541, +9.611,+0.937
1668233940,+3.46,+14.549, +9.601,+0.936
1668234000,+3.46,+14.558, +9.598,+0.936
1668234060,+3.46,+14.549, +9.604,+0.936
1668234120,+3.46,+14.558, +9.598,+0.937
1668234180,+3.46,+14.567, +9.584,+0.936
1668234240,+3.46,+14.558, +9.583,+0.936
1668234300,+3.46,+14.567, +9.572,+0.936
1668234360,+3.46,+14.558, +9.561,+0.936
1668234420,+3.46,+14.575, +9.551,+0.936
1668234480,+3.46,+14.592, +9.561,+0.936
1668234540,+3.46,+14.558, +9.565,+0.936
1668234600,+3.46,+14.592, +9.539,+0.936
1668234660,+3.46,+14.567, +9.542,+0.936
1668234720,+3.46,+14.584, +9.547,+0.937
1668234780,+3.46,+14.592, +9.535,+0.936
1668234840,+3.46,+14.584, +9.532,+0.936
1668234900,+3.46,+14.584, +9.542,+0.936
1668234960,+3.46,+14.584, +9.531,+0.937
1668235020,+3.46,+14.584, +9.541,+0.937
1668235080,+3.46,+14.584, +9.532,+0.936
1668235140,+3.46,+14.592, +9.531,+0.936
1668235200,+3.46,+14.592, +9.532,+0.936
1668235260,+3.46,+14.584, +9.537,+0.937
1668235320,+3.46,+14.601, +9.532,+0.936
1668235380,+3.46,+14.584, +9.535,+0.936
1668235440,+3.46,+14.592, +9.536,+0.936
1668235500,+3.46,+14.584, +9.549,+0.937
1668235560,+3.47,+14.592, +9.536,+0.936
1668235620,+3.46,+14.601, +9.545,+0.937
1668235680,+3.47,+14.618, +9.545,+0.937
1668235740,+3.47,+14.601, +9.544,+0.936
1668235800,+3.47,+14.592, +9.549,+0.936
1668235860,+3.47,+14.627, +9.547,+0.936
1668235920,+3.47,+14.627, +9.549,+0.936
1668235980,+3.47,+14.618, +9.556,+0.936
1668236040,+3.47,+14.618, +9.557,+0.936
1668236100,+3.47,+14.618, +9.553,+0.936
1668236160,+3.46,+14.618, +9.544,+0.937
1668236220,+3.46,+14.627, +9.537,+0.936
1668236280,+3.47,+14.610, +9.546,+0.936
1668236340,+3.46,+14.627, +9.543,+0.936
1668236400,+3.46,+14.627, +9.544,+0.936
1668236460,+3.47,+14.618, +9.556,+0.937
1668236520,+3.47,+14.644, +9.537,+0.936
1668236580,+3.47,+14.636, +9.538,+0.936
1668236640,+3.47,+14.618, +9.539,+0.936
1668236700,+3.47,+14.618, +9.528,+0.936
1668236760,+3.47,+14.627, +9.520,+0.936
1668236820,+3.46,+14.627, +9.528,+0.936
1668236880,+3.47,+14.618, +9.517,+0.936
1668236940,+3.47,+14.601, +9.526,+0.936
1668237000,+3.46,+14.618, +9.515,+0.936
1668237060,+3.47,+14.636, +9.504,+0.936
1668237120,+3.47,+14.636, +9.514,+0.936
1668237180,+3.46,+14.618, +9.532,+0.936
1668237240,+3.46,+14.618, +9.519,+0.936
1668237300,+3.47,+14.636, +9.512,+0.936
1668237360,+3.47,+14.627, +9.530,+0.937
1668237420,+3.47,+14.618, +9.486,+0.936
1668237480,+3.46,+14.618, +9.511,+0.936
1668237540,+3.46,+14.610, +9.502,+0.936
1668237600,+3.47,+14.592, +9.513,+0.936
1668237660,+3.47,+14.627, +9.505,+0.936
1668237720,+3.46,+14.610, +9.513,+0.936
1668237780,+3.47,+14.601, +9.522,+0.936
1668237840,+3.46,+14.601, +9.515,+0.936
1668237900,+3.47,+14.618, +9.514,+0.936
1668237960,+3.46,+14.610, +9.503,+0.936
1668238020,+3.47,+14.601, +9.523,+0.936
1668238080,+3.47,+14.610, +9.529,+0.936
1668238140,+3.47,+14.627, +9.527,+0.937
1668238200,+3.47,+14.627, +9.514,+0.936
1668238260,+3.46,+14.618, +9.509,+0.936
1668238320,+3.47,+14.627, +9.511,+0.936
1668238380,+3.47,+14.618, +9.526,+0.936
1668238440,+3.46,+14.618, +9.516,+0.936
1668238500,+3.47,+14.618, +9.515,+0.936
1668238560,+3.46,+14.618, +9.507,+0.936
1668238620,+3.47,+14.627, +9.516,+0.936
1668238680,+3.47,+14.627, +9.514,+0.936
1668238740,+3.47,+14.627, +9.520,+0.936
1668238800,+3.47,+14.627, +9.504,+0.936
1668238860,+3.47,+14.627, +9.514,+0.936
1668238920,+3.47,+14.627, +9.501,+0.936
1668238980,+3.47,+14.636, +9.522,+0.937
1668239040,+3.47,+14.627, +9.527,+0.936
1668239100,+3.47,+14.644, +9.502,+0.936
1668239160,+3.47,+14.644, +9.518,+0.936
1668239220,+3.47,+14.653, +9.509,+0.936
1668239280,+3.47,+14.653, +9.508,+0.936
1668239340,+3.47,+14.653, +9.504,+0.936
1668239400,+3.47,+14.670, +9.500,+0.936
1668239460,+3.47,+14.670, +9.507,+0.936
1668239520,+3.47,+14.679, +9.507,+0.936
1668239580,+3.47,+14.687, +9.508,+0.936
1668239640,+3.47,+14.679, +9.501,+0.936
1668239700,+3.47,+14.679, +9.505,+0.936
1668239760,+3.47,+14.679, +9.499,+0.936
1668239820,+3.47,+14.713, +9.488,+0.937
1668239880,+3.47,+14.679, +9.484,+0.936
1668239940,+3.47,+14.687, +9.491,+0.936
1668240000,+3.47,+14.705, +9.490,+0.936
1668240060,+3.47,+14.679, +9.490,+0.936
1668240120,+3.47,+14.696, +9.480,+0.936
1668240180,+3.47,+14.713, +9.462,+0.936
1668240240,+3.47,+14.687, +9.476,+0.936
1668240300,+3.47,+14.705, +9.457,+0.936
1668240360,+3.47,+14.696, +9.455,+0.937
1668240420,+3.47,+14.687, +9.438,+0.936
1668240480,+3.47,+14.679, +9.450,+0.936
1668240540,+3.47,+14.687, +9.454,+0.936
1668240600,+3.47,+14.679, +9.460,+0.937
1668240660,+3.47,+14.696, +9.450,+0.936
1668240720,+3.47,+14.696, +9.462,+0.936
1668240780,+3.47,+14.713, +9.455,+0.936
1668240840,+3.47,+14.713, +9.461,+0.936
1668240900,+3.47,+14.722, +9.460,+0.936
1668240960,+3.47,+14.696, +9.462,+0.936
1668241020,+3.47,+14.722, +9.457,+0.937
1668241080,+3.47,+14.731, +9.453,+0.936
1668241140,+3.47,+14.739, +9.442,+0.937
1668241200,+3.47,+14.722, +9.449,+0.936
1668241260,+3.47,+14.731, +9.438,+0.936
1668241320,+3.47,+14.722, +9.448,+0.936
1668241380,+3.47,+14.748, +9.439,+0.936
1668241440,+3.47,+14.731, +9.435,+0.936
1668241500,+3.47,+14.739, +9.439,+0.936
1668241560,+3.47,+14.739, +9.431,+0.936
1668241620,+3.47,+14.731, +9.417,+0.936
1668241680,+3.47,+14.739, +9.410,+0.936
1668241740,+3.47,+14.731, +9.429,+0.936
1668241800,+3.47,+14.731, +9.447,+0.936
1668241860,+3.47,+14.757, +9.450,+0.936
1668241920,+3.47,+14.757, +9.443,+0.936
1668241980,+3.47,+14.774, +9.433,+0.936
1668242040,+3.47,+14.782, +9.426,+0.936
1668242100,+3.47,+14.774, +9.426,+0.936
1668242160,+3.47,+14.765, +9.429,+0.936
1668242220,+3.47,+14.765, +9.407,+0.936
1668242280,+3.47,+14.782, +9.416,+0.936
1668242340,+3.47,+14.765, +9.409,+0.936
1668242400,+3.47,+14.782, +9.427,+0.936
1668242460,+3.47,+14.808, +9.452,+0.936
1668242520,+3.47,+14.808, +9.462,+0.936
1668242580,+3.47,+14.800, +9.433,+0.937
1668242640,+3.47,+14.800, +9.451,+0.936
1668242700,+3.47,+14.825, +9.444,+0.936
1668242760,+3.47,+14.817, +9.427,+0.936
1668242820,+3.47,+14.808, +9.440,+0.936
1668242880,+3.47,+14.843, +9.451,+0.936
1668242940,+3.47,+14.860, +9.463,+0.936
1668243000,+3.47,+14.851, +9.474,+0.936
1668243060,+3.47,+14.860, +9.454,+0.937
1668243120,+3.47,+14.877, +9.432,+0.937
1668243180,+3.47,+14.843, +9.429,+0.936
1668243240,+3.47,+14.860, +9.424,+0.936
1668243300,+3.47,+14.860, +9.440,+0.936
1668243360,+3.47,+14.877, +9.443,+0.936
1668243420,+3.47,+14.886, +9.446,+0.937
1668243480,+3.47,+14.860, +9.448,+0.936
1668243540,+3.47,+14.869, +9.454,+0.936
1668243600,+3.47,+14.886, +9.445,+0.936
1668243660,+3.47,+14.886, +9.414,+0.936
1668243720,+3.47,+14.877, +9.444,+0.936
1668243780,+3.47,+14.877, +9.439,+0.936
1668243840,+3.47,+14.860, +9.441,+0.936
1668243900,+3.47,+14.851, +9.450,+0.936
1668243960,+3.47,+14.860, +9.450,+0.936
1668244020,+3.47,+14.860, +9.447,+0.936
1668244080,+3.47,+14.825, +9.453,+0.936
1668244140,+3.47,+14.843, +9.450,+0.936
1668244200,+3.47,+14.825, +9.453,+0.936
1668244260,+3.47,+14.834, +9.464,+0.936
1668244320,+3.47,+14.851, +9.451,+0.936
1668244380,+3.47,+14.834, +9.464,+0.937
1668244440,+3.47,+14.825, +9.452,+0.936
1668244500,+3.47,+14.834, +9.457,+0.936
1668244560,+3.47,+14.834, +9.456,+0.936
1668244620,+3.47,+14.851, +9.447,+0.936
1668244680,+3.47,+14.860, +9.441,+0.936
1668244740,+3.47,+14.843, +9.451,+0.936
1668244800,+3.47,+14.843, +9.447,+0.936
1668244860,+3.47,+14.834, +9.451,+0.936
1668244920,+3.47,+14.834, +9.445,+0.936
1668244980,+3.47,+14.851, +9.438,+0.936
1668245040,+3.47,+14.869, +9.431,+0.936
1668245100,+3.47,+14.834, +9.444,+0.936
1668245160,+3.47,+14.825, +9.443,+0.936
1668245220,+3.47,+14.843, +9.431,+0.936
1668245280,+3.47,+14.834, +9.451,+0.937
1668245340,+3.47,+14.851, +9.433,+0.936
1668245400,+3.47,+14.834, +9.442,+0.937
1668245460,+3.47,+14.834, +9.434,+0.936
1668245520,+3.47,+14.817, +9.423,+0.936
1668245580,+3.47,+14.843, +9.419,+0.936
1668245640,+3.47,+14.825, +9.432,+0.937
1668245700,+3.47,+14.843, +9.415,+0.937
1668245760,+3.47,+14.834, +9.404,+0.936
1668245820,+3.47,+14.851, +9.408,+0.936
1668245880,+3.47,+14.843, +9.410,+0.936
1668245940,+3.47,+14.825, +9.415,+0.936
1668246000,+3.47,+14.834, +9.400,+0.936
1668246060,+3.47,+14.825, +9.386,+0.936
1668246120,+3.47,+14.851, +9.413,+0.936
1668246180,+3.47,+14.869, +9.400,+0.936
1668246240,+3.47,+14.869, +9.399,+0.936
1668246300,+3.47,+14.860, +9.407,+0.936
1668246360,+3.47,+14.869, +9.396,+0.936
1668246420,+3.47,+14.851, +9.402,+0.936
1668246480,+3.47,+14.877, +9.412,+0.937
1668246540,+3.47,+14.903, +9.416,+0.936
1668246600,+3.47,+14.912, +9.410,+0.936
1668246660,+3.47,+14.937, +9.411,+0.936
1668246720,+3.47,+14.955, +9.399,+0.936
1668246780,+3.47,+14.937, +9.405,+0.936
1668246840,+3.47,+14.955, +9.398,+0.936
1668246900,+3.47,+14.946, +9.404,+0.936
1668246960,+3.47,+14.955, +9.395,+0.936
1668247020,+3.47,+14.972, +9.385,+0.936
1668247080,+3.47,+14.946, +9.396,+0.936
1668247140,+3.47,+14.955, +9.406,+0.937
1668247200,+3.47,+14.946, +9.389,+0.936
1668247260,+3.47,+14.937, +9.396,+0.936
1668247320,+3.47,+14.912, +9.395,+0.936
1668247380,+3.47,+14.929, +9.386,+0.936
1668247440,+3.47,+14.920, +9.385,+0.936
1668247500,+3.47,+14.920, +9.346,+0.936
1668247560,+3.47,+14.937, +9.317,+0.936
1668247620,+3.47,+14.912, +9.287,+0.936
1668247680,+3.47,+14.912, +9.310,+0.936
1668247740,+3.47,+14.920, +9.301,+0.937
1668247800,+3.47,+14.903, +9.296,+0.936
1668247860,+3.47,+14.929, +9.326,+0.936
1668247920,+3.47,+14.946, +9.287,+0.936
1668247980,+3.47,+14.946, +9.342,+0.936
1668248040,+3.47,+14.963, +9.332,+0.936
1668248100,+3.47,+14.955, +9.337,+0.936
1668248160,+3.47,+14.981, +9.391,+0.937
1668248220,+3.47,+14.989, +9.417,+0.936
1668248280,+3.47,+14.998, +9.367,+0.936
1668248340,+3.47,+14.989, +9.357,+0.936
1668248400,+3.47,+14.998, +9.306,+0.936
1668248460,+3.47,+14.972, +9.256,+0.936
1668248520,+3.47,+14.989, +9.371,+0.936
1668248580,+3.47,+15.015, +9.406,+0.937
1668248640,+3.47,+14.989, +9.395,+0.936
1668248700,+3.47,+15.024, +9.366,+0.936
1668248760,+3.47,+15.006, +9.314,+0.936
1668248820,+3.47,+15.015, +9.396,+0.936
1668248880,+3.47,+15.032, +9.367,+0.936
1668248940,+3.47,+15.032, +9.340,+0.936
1668249000,+3.47,+15.024, +9.342,+0.936
1668249060,+3.47,+15.041, +9.366,+0.936
1668249120,+3.47,+15.058, +9.318,+0.936
1668249180,+3.47,+15.049, +9.343,+0.936
1668249240,+3.47,+15.049, +9.341,+0.936
1668249300,+3.47,+15.058, +9.343,+0.936
1668249360,+3.47,+15.058, +9.334,+0.936
1668249420,+3.47,+15.067, +9.330,+0.936
1668249480,+3.47,+15.058, +9.330,+0.936
1668249540,+3.47,+15.075, +9.322,+0.936
1668249600,+3.47,+15.092, +9.327,+0.936
1668249660,+3.47,+15.101, +9.331,+0.936
1668249720,+3.47,+15.110, +9.315,+0.936
1668249780,+3.47,+15.101, +9.327,+0.936
1668249840,+3.47,+15.118, +9.308,+0.936
1668249900,+3.47,+15.144, +9.316,+0.936
1668249960,+3.47,+15.127, +9.309,+0.936
1668250020,+3.47,+15.144, +9.315,+0.936
1668250080,+3.47,+15.161, +9.309,+0.936
1668250140,+3.47,+15.170, +9.302,+0.936
1668250200,+3.47,+15.161, +9.308,+0.936
1668250260,+3.47,+15.178, +9.308,+0.936
1668250320,+3.47,+15.178, +9.299,+0.936
1668250380,+3.47,+15.178, +9.302,+0.936
1668250440,+3.47,+15.178, +9.306,+0.936
1668250500,+3.47,+15.187, +9.297,+0.936
1668250560,+3.47,+15.178, +9.303,+0.936
1668250620,+3.47,+15.187, +9.308,+0.936
1668250680,+3.47,+15.170, +9.293,+0.936
1668250740,+3.47,+15.187, +9.315,+0.936
1668250800,+3.47,+15.178, +9.316,+0.936
1668250860,+3.47,+15.196, +9.317,+0.936
1668250920,+3.47,+15.187, +9.335,+0.936
1668250980,+3.47,+15.178, +9.341,+0.936
1668251040,+3.47,+15.170, +9.329,+0.936
1668251100,+3.47,+15.144, +9.343,+0.936
1668251160,+3.47,+15.161, +9.340,+0.936
1668251220,+3.47,+15.127, +9.348,+0.936
1668251280,+3.47,+15.144, +9.342,+0.936
1668251340,+3.47,+15.110, +9.351,+0.936
1668251400,+3.47,+15.110, +9.330,+0.936
1668251460,+3.47,+15.092, +9.340,+0.936
1668251520,+3.47,+15.075, +9.331,+0.936
1668251580,+3.47,+15.075, +9.302,+0.936
1668251640,+3.47,+15.084, +9.324,+0.937
1668251700,+3.47,+15.118, +9.328,+0.936
1668251760,+3.47,+15.161, +9.331,+0.936
1668251820,+3.47,+15.204, +9.311,+0.936
1668251880,+3.47,+15.247, +9.306,+0.936
1668251940,+3.47,+15.256, +9.307,+0.936
1668252000,+3.47,+15.273, +9.293,+0.936
1668252060,+3.47,+15.264, +9.296,+0.936
1668252120,+3.47,+15.264, +9.285,+0.936
1668252180,+3.47,+15.273, +9.286,+0.936
1668252240,+3.47,+15.281, +9.284,+0.936
1668252300,+3.47,+15.290, +9.280,+0.936
1668252360,+3.47,+15.281, +9.279,+0.936
1668252420,+3.47,+15.290, +9.277,+0.936
1668252480,+3.47,+15.264, +9.289,+0.936
1668252540,+3.47,+15.256, +9.286,+0.936
1668252600,+3.47,+15.281, +9.286,+0.937
1668252660,+3.47,+15.264, +9.285,+0.936
1668252720,+3.47,+15.256, +9.297,+0.936
1668252780,+3.47,+15.256, +9.297,+0.936
1668252840,+3.47,+15.239, +9.299,+0.936
1668252900,+3.47,+15.247, +9.293,+0.936
1668252960,+3.47,+15.247, +9.298,+0.936
1668253020,+3.47,+15.247, +9.298,+0.936
1668253080,+3.47,+15.247, +9.300,+0.936
1668253140,+3.47,+15.264, +9.295,+0.936
1668253200,+3.47,+15.264, +9.290,+0.936
1668253260,+3.47,+15.239, +9.303,+0.936
1668253320,+3.47,+15.256, +9.298,+0.936
1668253380,+3.47,+15.221, +9.314,+0.937
1668253440,+3.47,+15.213, +9.306,+0.936
1668253500,+3.47,+15.221, +9.298,+0.936
1668253560,+3.47,+15.221, +9.310,+0.936
1668253620,+3.47,+15.230, +9.306,+0.936
1668253680,+3.47,+15.221, +9.296,+0.936
1668253740,+3.47,+15.221, +9.298,+0.936
1668253800,+3.47,+15.213, +9.308,+0.936
1668253860,+3.47,+15.221, +9.306,+0.937
1668253920,+3.47,+15.204, +9.304,+0.936
1668253980,+3.47,+15.187, +9.309,+0.936
1668254040,+3.47,+15.196, +9.309,+0.936
1668254100,+3.47,+15.187, +9.293,+0.936
1668254160,+3.47,+15.161, +9.307,+0.936
1668254220,+3.47,+15.161, +9.304,+0.936
1668254280,+3.47,+15.161, +9.308,+0.936
1668254340,+3.47,+15.144, +9.316,+0.936
1668254400,+3.47,+15.135, +9.307,+0.936
1668254460,+3.47,+15.135, +9.310,+0.937
1668254520,+3.47,+15.144, +9.298,+0.936
1668254580,+3.47,+15.135, +9.317,+0.936
1668254640,+3.47,+15.118, +9.321,+0.936
1668254700,+3.47,+15.135, +9.311,+0.936
1668254760,+3.47,+15.153, +9.305,+0.936
1668254820,+3.47,+15.135, +9.313,+0.936
1668254880,+3.47,+15.135, +9.313,+0.936
1668254940,+3.47,+15.135, +9.313,+0.936
1668255000,+3.47,+15.118, +9.323,+0.936
1668255060,+3.47,+15.101, +9.339,+0.936
1668255120,+3.47,+15.118, +9.325,+0.936
1668255180,+3.47,+15.092, +9.325,+0.936
1668255240,+3.47,+15.110, +9.328,+0.936
1668255300,+3.47,+15.101, +9.337,+0.937
1668255360,+3.47,+15.092, +9.327,+0.936
1668255420,+3.47,+15.075, +9.331,+0.936
1668255480,+3.47,+15.067, +9.328,+0.936
1668255540,+3.47,+15.084, +9.323,+0.936
1668255600,+3.47,+15.075, +9.322,+0.936
1668255660,+3.47,+15.067, +9.319,+0.936
1668255720,+3.47,+15.041, +9.326,+0.936
1668255780,+3.47,+15.058, +9.320,+0.936
1668255840,+3.47,+15.049, +9.317,+0.936
1668255900,+3.47,+15.067, +9.312,+0.936
1668255960,+3.47,+15.049, +9.318,+0.936
1668256020,+3.47,+15.041, +9.322,+0.936
1668256080,+3.47,+15.041, +9.316,+0.936
1668256140,+3.47,+15.032, +9.319,+0.936
1668256200,+3.47,+15.015, +9.332,+0.936
1668256260,+3.47,+15.024, +9.319,+0.936
1668256320,+3.47,+15.041, +9.311,+0.936
1668256380,+3.47,+15.041, +9.313,+0.936
1668256440,+3.47,+15.049, +9.302,+0.936
1668256500,+3.47,+15.049, +9.307,+0.936
1668256560,+3.47,+15.041, +9.309,+0.936
1668256620,+3.47,+15.024, +9.318,+0.937
1668256680,+3.47,+15.049, +9.292,+0.936
1668256740,+3.47,+15.032, +9.305,+0.936
1668256800,+3.47,+15.032, +9.294,+0.936
1668256860,+3.47,+15.049, +9.283,+0.936
1668256920,+3.47,+15.067, +9.285,+0.936
1668256980,+3.47,+15.041, +9.294,+0.936
1668257040,+3.47,+15.058, +9.280,+0.936
1668257100,+3.47,+15.058, +9.283,+0.936
1668257160,+3.47,+15.110, +9.262,+0.936
1668257220,+3.47,+15.110, +9.283,+0.936
1668257280,+3.47,+15.153, +9.280,+0.936
1668257340,+3.47,+15.161, +9.289,+0.936
1668257400,+3.46,+15.178, +9.295,+0.936
1668257460,+3.47,+15.204, +9.282,+0.936
1668257520,+3.46,+15.213, +9.284,+0.936
1668257580,+3.46,+15.230, +9.274,+0.936
1668257640,+3.47,+15.230, +9.278,+0.936
1668257700,+3.46,+15.247, +9.271,+0.936
1668257760,+3.46,+15.256, +9.276,+0.936
1668257820,+3.46,+15.239, +9.266,+0.936
1668257880,+3.46,+15.264, +9.273,+0.937
1668257940,+3.46,+15.239, +9.276,+0.936
1668258000,+3.46,+15.264, +9.277,+0.936
1668258060,+3.46,+15.273, +9.269,+0.936
1668258120,+3.46,+15.299, +9.266,+0.936
1668258180,+3.46,+15.290, +9.268,+0.936
1668258240,+3.46,+15.290, +9.271,+0.936
1668258300,+3.46,+15.307, +9.254,+0.936
1668258360,+3.46,+15.307, +9.245,+0.936
1668258420,+3.46,+15.290, +9.242,+0.936
1668258480,+3.46,+15.290, +9.247,+0.936
1668258540,+3.46,+15.307, +9.248,+0.936
1668258600,+3.46,+15.307, +9.238,+0.936
1668258660,+3.46,+15.316, +9.243,+0.936
1668258720,+3.46,+15.324, +9.241,+0.937
1668258780,+3.46,+15.299, +9.226,+0.936
1668258840,+3.46,+15.333, +9.209,+0.936
1668258900,+3.46,+15.307, +9.216,+0.936
1668258960,+3.46,+15.333, +9.231,+0.936
1668259020,+3.46,+15.333, +9.216,+0.936
1668259080,+3.46,+15.342, +9.234,+0.936
1668259140,+3.46,+15.367, +9.215,+0.936
1668259200,+3.46,+15.376, +9.223,+0.936
1668259260,+3.46,+15.376, +9.224,+0.936
1668259320,+3.46,+15.359, +9.217,+0.936
1668259380,+3.46,+15.384, +9.223,+0.936
1668259440,+3.46,+15.376, +9.227,+0.936
1668259500,+3.46,+15.376, +9.217,+0.936
1668259560,+3.46,+15.384, +9.220,+0.936
1668259620,+3.46,+15.402, +9.203,+0.936
1668259680,+3.46,+15.410, +9.195,+0.936
1668259740,+3.46,+15.436, +9.198,+0.936
1668259800,+3.46,+15.427, +9.207,+0.936
1668259860,+3.46,+15.436, +9.210,+0.936
1668259920,+3.46,+15.444, +9.209,+0.936
1668259980,+3.46,+15.453, +9.211,+0.936
1668260040,+3.46,+15.444, +9.208,+0.936
1668260100,+3.46,+15.462, +9.197,+0.936
1668260160,+3.46,+15.453, +9.205,+0.936
1668260220,+3.46,+15.462, +9.195,+0.936
1668260280,+3.46,+15.487, +9.190,+0.936
1668260340,+3.46,+15.470, +9.209,+0.936
1668260400,+3.46,+15.496, +9.198,+0.936
1668260460,+3.46,+15.496, +9.202,+0.936
1668260520,+3.46,+15.470, +9.187,+0.936
1668260580,+3.46,+15.470, +9.202,+0.936
1668260640,+3.46,+15.470, +9.203,+0.936
1668260700,+3.46,+15.462, +9.206,+0.936
1668260760,+3.46,+15.453, +9.198,+0.936
1668260820,+3.46,+15.462, +9.201,+0.936
1668260880,+3.46,+15.462, +9.208,+0.936
1668260940,+3.46,+15.453, +9.204,+0.936
1668261000,+3.46,+15.462, +9.209,+0.936
1668261060,+3.46,+15.462, +9.199,+0.936
1668261120,+3.46,+15.453, +9.203,+0.936
1668261180,+3.46,+15.453, +9.200,+0.936
1668261240,+3.46,+15.453, +9.196,+0.936
1668261300,+3.46,+15.453, +9.203,+0.936
1668261360,+3.46,+15.487, +9.201,+0.936
1668261420,+3.46,+15.453, +9.207,+0.936
1668261480,+3.46,+15.453, +9.208,+0.936
1668261540,+3.46,+15.470, +9.218,+0.936
1668261600,+3.46,+15.462, +9.223,+0.936
1668261660,+3.46,+15.479, +9.226,+0.936
1668261720,+3.46,+15.487, +9.217,+0.936
1668261780,+3.46,+15.479, +9.233,+0.937
1668261840,+3.46,+15.462, +9.229,+0.936
1668261900,+3.46,+15.470, +9.232,+0.936
1668261960,+3.46,+15.470, +9.228,+0.936
1668262020,+3.46,+15.462, +9.229,+0.936
1668262080,+3.46,+15.453, +9.219,+0.936
1668262140,+3.46,+15.462, +9.215,+0.936
1668262200,+3.46,+15.453, +9.211,+0.936
1668262260,+3.46,+15.453, +9.205,+0.936
1668262320,+3.46,+15.470, +9.190,+0.936
1668262380,+3.46,+15.462, +9.190,+0.936
1668262440,+3.46,+15.462, +9.200,+0.936
1668262500,+3.46,+15.462, +9.206,+0.937
1668262560,+3.46,+15.462, +9.193,+0.936
1668262620,+3.46,+15.470, +9.188,+0.936
1668262680,+3.46,+15.462, +9.202,+0.936
1668262740,+3.46,+15.470, +9.191,+0.936
1668262800,+3.46,+15.479, +9.190,+0.936
1668262860,+3.46,+15.470, +9.199,+0.936
1668262920,+3.46,+15.462, +9.198,+0.936
1668262980,+3.46,+15.496, +9.174,+0.936
1668263040,+3.46,+15.487, +9.168,+0.936
1668263100,+3.46,+15.504, +9.137,+0.936
1668263160,+3.46,+15.496, +9.123,+0.936
1668263220,+3.46,+15.530, +9.101,+0.936
1668263280,+3.46,+15.539, +9.120,+0.936
1668263340,+3.46,+15.547, +9.105,+0.936
1668263400,+3.46,+15.547, +9.096,+0.936
1668263460,+3.46,+15.556, +9.027,+0.936
1668263520,+3.46,+15.530, +9.047,+0.936
1668263580,+3.46,+15.547, +9.060,+0.936
1668263640,+3.46,+15.556, +9.058,+0.936
1668263700,+3.46,+15.556, +9.082,+0.936
1668263760,+3.46,+15.556, +9.040,+0.936
1668263820,+3.46,+15.556, +9.006,+0.936
1668263880,+3.46,+15.564, +8.975,+0.936
1668263940,+3.46,+15.582, +8.820,+0.936
1668264000,+3.46,+15.564, +8.783,+0.935
1668264060,+3.46,+15.556, +8.702,+0.936
1668264120,+3.46,+15.556, +8.562,+0.935
1668264180,+3.46,+15.573, +8.455,+0.936
1668264240,+3.46,+15.582, +8.376,+0.936
1668264300,+3.46,+15.582, +8.331,+0.936
1668264360,+3.46,+15.573, +8.295,+0.936
1668264420,+3.46,+15.564, +8.288,+0.936
1668264480,+3.46,+15.599, +8.221,+0.935
1668264540,+3.46,+15.590, +8.198,+0.935
1668264600,+3.46,+15.582, +8.176,+0.936
1668264660,+3.46,+15.573, +8.136,+0.936
1668264720,+3.46,+15.599, +8.098,+0.936
1668264780,+3.46,+15.590, +8.060,+0.935
1668264840,+3.46,+15.564, +8.171,+0.936
1668264900,+3.46,+15.599, +8.159,+0.935
1668264960,+3.46,+15.556, +8.251,+0.936
1668265020,+3.46,+15.564, +8.223,+0.935
1668265080,+3.46,+15.582, +8.366,+0.935
1668265140,+3.46,+15.564, +8.358,+0.936
1668265200,+3.46,+15.556, +8.344,+0.936
1668265260,+3.46,+15.564, +8.336,+0.936
1668265320,+3.46,+15.547, +8.464,+0.936
1668265380,+3.46,+15.556, +8.618,+0.936
1668265440,+3.46,+15.539, +8.759,+0.936
1668265500,+3.46,+15.530, +8.850,+0.936
1668265560,+3.46,+15.522, +8.830,+0.936
1668265620,+3.46,+15.530, +8.870,+0.936
1668265680,+3.46,+15.513, +8.923,+0.936
1668265740,+3.46,+15.513, +8.963,+0.936
1668265800,+3.46,+15.504, +9.023,+0.936
1668265860,+3.46,+15.530, +9.106,+0.936
1668265920,+3.46,+15.522, +9.056,+0.936
1668265980,+3.46,+15.530, +8.986,+0.936
1668266040,+3.46,+15.513, +8.996,+0.936
1668266100,+3.46,+15.539, +8.986,+0.936
1668266160,+3.46,+15.530, +9.000,+0.936
1668266220,+3.46,+15.556, +9.012,+0.936
1668266280,+3.46,+15.539, +9.045,+0.936
1668266340,+3.46,+15.564, +9.121,+0.936
1668266400,+3.46,+15.530, +9.095,+0.936
1668266460,+3.46,+15.522, +9.116,+0.936
1668266520,+3.46,+15.487, +9.178,+0.936
1668266580,+3.47,+15.462, +9.190,+0.936
1668266640,+3.47,+15.453, +9.147,+0.936
1668266700,+3.47,+15.453, +9.138,+0.936
1668266760,+3.47,+15.453, +9.165,+0.936
1668266820,+3.47,+15.453, +9.140,+0.936
1668266880,+3.47,+15.410, +9.171,+0.936
1668266940,+3.47,+15.419, +9.135,+0.936
1668267000,+3.47,+15.384, +9.138,+0.936
1668267060,+3.47,+15.393, +9.088,+0.936
1668267120,+3.47,+15.359, +9.145,+0.936
1668267180,+3.47,+15.333, +9.149,+0.936
1668267240,+3.47,+15.333, +9.152,+0.936
1668267300,+3.47,+15.307, +9.175,+0.936
1668267360,+3.47,+15.290, +9.172,+0.936
1668267420,+3.47,+15.299, +9.175,+0.936
1668267480,+3.47,+15.264, +9.193,+0.936
1668267540,+3.47,+15.247, +9.196,+0.936
1668267600,+3.47,+15.196, +9.214,+0.936
1668267660,+3.47,+15.213, +9.188,+0.936
1668267720,+3.47,+15.204, +9.198,+0.936
1668267780,+3.47,+15.187, +9.254,+0.937
1668267840,+3.47,+15.213, +9.255,+0.936
1668267900,+3.47,+15.230, +9.219,+0.936
1668267960,+3.47,+15.256, +9.156,+0.936
1668268020,+3.47,+15.299, +9.070,+0.936
1668268080,+3.47,+15.290, +9.062,+0.936
1668268140,+3.47,+15.307, +9.019,+0.936
1668268200,+3.47,+15.316, +9.028,+0.936
1668268260,+3.47,+15.342, +9.002,+0.936
1668268320,+3.47,+15.350, +8.993,+0.936
1668268380,+3.47,+15.393, +9.094,+0.936
1668268440,+3.47,+15.436, +9.194,+0.936
1668268500,+3.47,+15.427, +9.280,+0.936
1668268560,+3.47,+15.410, +9.320,+0.936
1668268620,+3.47,+15.444, +9.303,+0.936
1668268680,+3.47,+15.410, +9.305,+0.936
1668268740,+3.47,+15.376, +9.322,+0.936
1668268800,+3.47,+15.367, +9.289,+0.936
1668268860,+3.47,+15.316, +9.324,+0.936
1668268920,+3.47,+15.333, +9.320,+0.936
1668268980,+3.47,+15.324, +9.326,+0.936
1668269040,+3.47,+15.342, +9.301,+0.936
1668269100,+3.47,+15.324, +9.293,+0.936
1668269160,+3.47,+15.299, +9.280,+0.936
1668269220,+3.47,+15.316, +9.270,+0.936
1668269280,+3.47,+15.281, +9.269,+0.936
1668269340,+3.47,+15.273, +9.291,+0.936
1668269400,+3.47,+15.290, +9.300,+0.936
1668269460,+3.47,+15.281, +9.295,+0.936
1668269520,+3.47,+15.256, +9.319,+0.936
1668269580,+3.47,+15.281, +9.283,+0.936
1668269640,+3.47,+15.273, +9.283,+0.936
1668269700,+3.47,+15.299, +9.253,+0.936
1668269760,+3.47,+15.273, +9.298,+0.936
1668269820,+3.47,+15.281, +9.292,+0.936
1668269880,+3.47,+15.264, +9.293,+0.936
1668269940,+3.47,+15.264, +9.302,+0.937
1668270000,+3.47,+15.247, +9.298,+0.936
1668270060,+3.47,+15.273, +9.315,+0.936
1668270120,+3.47,+15.273, +9.311,+0.936
1668270180,+3.47,+15.281, +9.295,+0.936
1668270240,+3.47,+15.290, +9.288,+0.937
1668270300,+3.47,+15.299, +9.288,+0.936
1668270360,+3.47,+15.290, +9.312,+0.936
1668270420,+3.47,+15.264, +9.343,+0.936
1668270480,+3.47,+15.281, +9.351,+0.936
1668270540,+3.47,+15.307, +9.356,+0.936
1668270600,+3.47,+15.307, +9.356,+0.936
1668270660,+3.47,+15.333, +9.344,+0.936
1668270720,+3.47,+15.333, +9.326,+0.936
1668270780,+3.47,+15.324, +9.349,+0.937
1668270840,+3.47,+15.342, +9.357,+0.936
1668270900,+3.47,+15.359, +9.338,+0.936
1668270960,+3.47,+15.342, +9.355,+0.936
1668271020,+3.47,+15.350, +9.359,+0.937
1668271080,+3.47,+15.342, +9.333,+0.936
1668271140,+3.47,+15.342, +9.332,+0.936
1668271200,+3.47,+15.350, +9.306,+0.936
1668271260,+3.47,+15.350, +9.313,+0.936
1668271320,+3.47,+15.342, +9.328,+0.936
1668271380,+3.47,+15.367, +9.263,+0.936
1668271440,+3.47,+15.367, +9.292,+0.936
1668271500,+3.47,+15.384, +9.269,+0.936
1668271560,+3.47,+15.384, +9.285,+0.936
1668271620,+3.47,+15.393, +9.244,+0.936
1668271680,+3.47,+15.393, +9.302,+0.936
1668271740,+3.47,+15.393, +9.303,+0.936
1668271800,+3.47,+15.419, +9.342,+0.936
