7450-364333
OS REV: 1.05 Sensor Cal: 1644948279
Time (sec),  BV (Volts),  T (deg C),  DO (mg/l),  Q ()
1668790260,+3.45,+11.438, +9.731,+0.935
1668790320,+3.45,+11.438, +9.648,+0.934
1668790380,+3.45,+11.438, +9.621,+0.935
1668790440,+3.45,+11.420, +9.611,+0.935
1668790500,+3.45,+11.411, +9.594,+0.935
1668790560,+3.45,+11.411, +9.587,+0.934
1668790620,+3.45,+11.393, +9.561,+0.935
1668790680,+3.45,+11.393, +9.514,+0.935
1668790740,+3.45,+11.375, +9.493,+0.935
1668790800,+3.45,+11.393, +9.526,+0.935
1668790860,+3.45,+11.402, +9.529,+0.935
1668790920,+3.45,+11.384, +9.520,+0.934
1668790980,+3.45,+11.402, +9.515,+0.935
1668791040,+3.45,+11.393, +9.525,+0.935
1668791100,+3.45,+11.375, +9.593,+0.935
1668791160,+3.45,+11.349, +9.628,+0.935
1668791220,+3.45,+11.349, +9.621,+0.934
1668791280,+3.45,+11.331, +9.652,+0.935
1668791340,+3.45,+11.295, +9.726,+0.935
1668791400,+3.45,+11.304, +9.851,+0.934
1668791460,+3.45,+11.277, +9.987,+0.935
1668791520,+3.45,+11.286, +9.881,+0.935
1668791580,+3.45,+11.277, +9.870,+0.935
1668791640,+3.45,+11.268, +9.842,+0.934
1668791700,+3.45,+11.268, +9.883,+0.934
1668791760,+3.45,+11.259, +9.837,+0.935
1668791820,+3.45,+11.277, +9.888,+0.935
1668791880,+3.45,+11.214, +9.916,+0.935
1668791940,+3.45,+11.214, +9.957,+0.935
1668792000,+3.45,+11.151, +9.893,+0.935
1668792060,+3.45,+11.133, +9.837,+0.934
1668792120,+3.45,+11.106, +9.833,+0.934
1668792180,+3.45,+11.088, +9.827,+0.935
1668792240,+3.45,+11.061, +9.826,+0.935
1668792300,+3.45,+11.043, +9.805,+0.935
1668792360,+3.45,+11.034, +9.741,+0.935
1668792420,+3.45,+11.007, +9.722,+0.935
1668792480,+3.45,+10.989, +9.766,+0.935
1668792540,+3.45,+10.989, +9.790,+0.934
1668792600,+3.45,+10.971, +9.794,+0.934
1668792660,+3.45,+10.953, +9.814,+0.935
1668792720,+3.45,+10.953, +9.800,+0.934
1668792780,+3.45,+10.935, +9.798,+0.935
1668792840,+3.45,+10.926, +9.784,+0.934
1668792900,+3.45,+10.917, +9.815,+0.935
1668792960,+3.45,+10.899, +9.773,+0.934
1668793020,+3.45,+10.908, +9.739,+0.935
1668793080,+3.45,+10.881, +9.738,+0.934
1668793140,+3.45,+10.854, +9.678,+0.934
1668793200,+3.45,+10.872, +9.685,+0.935
1668793260,+3.45,+10.863, +9.736,+0.934
1668793320,+3.45,+10.845, +9.813,+0.935
1668793380,+3.45,+10.854, +9.842,+0.935
1668793440,+3.45,+10.854, +9.882,+0.935
1668793500,+3.45,+10.845, +9.837,+0.935
1668793560,+3.45,+10.818, +9.812,+0.935
1668793620,+3.45,+10.808, +9.824,+0.934
1668793680,+3.45,+10.799, +9.835,+0.935
1668793740,+3.45,+10.808, +9.833,+0.935
1668793800,+3.45,+10.818, +9.840,+0.935
1668793860,+3.45,+10.827, +9.825,+0.935
1668793920,+3.45,+10.790, +9.876,+0.935
1668793980,+3.45,+10.827, +9.850,+0.935
1668794040,+3.45,+10.827, +9.826,+0.934
1668794100,+3.45,+10.836, +9.831,+0.935
1668794160,+3.45,+10.827, +9.838,+0.935
1668794220,+3.45,+10.808, +9.832,+0.935
1668794280,+3.45,+10.827, +9.808,+0.935
1668794340,+3.45,+10.818, +9.807,+0.935
1668794400,+3.45,+10.818, +9.810,+0.935
1668794460,+3.45,+10.836, +9.708,+0.935
1668794520,+3.45,+10.818, +9.736,+0.934
1668794580,+3.45,+10.827, +9.787,+0.935
1668794640,+3.45,+10.845, +9.843,+0.935
1668794700,+3.45,+10.854, +9.859,+0.935
1668794760,+3.45,+10.836, +9.863,+0.935
1668794820,+3.45,+10.845, +9.868,+0.935
1668794880,+3.45,+10.854, +9.830,+0.935
1668794940,+3.45,+10.845, +9.805,+0.935
1668795000,+3.45,+10.854, +9.798,+0.935
1668795060,+3.45,+10.845, +9.811,+0.935
1668795120,+3.45,+10.818, +9.821,+0.935
1668795180,+3.45,+10.827, +9.794,+0.935
1668795240,+3.45,+10.818, +9.761,+0.935
1668795300,+3.45,+10.827, +9.755,+0.935
1668795360,+3.45,+10.827, +9.760,+0.935
1668795420,+3.45,+10.827, +9.704,+0.934
1668795480,+3.45,+10.836, +9.748,+0.935
1668795540,+3.45,+10.845, +9.783,+0.935
1668795600,+3.45,+10.827, +9.809,+0.935
1668795660,+3.45,+10.836, +9.838,+0.935
1668795720,+3.45,+10.818, +9.823,+0.935
1668795780,+3.45,+10.854, +9.797,+0.935
1668795840,+3.45,+10.872, +9.815,+0.935
1668795900,+3.45,+10.863, +9.842,+0.935
1668795960,+3.45,+10.863, +9.865,+0.935
1668796020,+3.45,+10.863, +9.893,+0.935
1668796080,+3.45,+10.872, +9.910,+0.935
1668796140,+3.45,+10.872, +9.878,+0.935
1668796200,+3.45,+10.917, +9.863,+0.934
1668796260,+3.45,+10.899, +9.833,+0.934
1668796320,+3.45,+10.908, +9.782,+0.935
1668796380,+3.45,+10.917, +9.759,+0.935
1668796440,+3.45,+10.908, +9.780,+0.935
1668796500,+3.45,+10.908, +9.828,+0.935
1668796560,+3.45,+10.908, +9.807,+0.934
1668796620,+3.45,+10.899, +9.837,+0.934
1668796680,+3.45,+10.908, +9.848,+0.935
1668796740,+3.45,+10.926, +9.815,+0.934
1668796800,+3.45,+10.899, +9.829,+0.935
1668796860,+3.45,+10.908, +9.803,+0.934
1668796920,+3.45,+10.908, +9.799,+0.935
1668796980,+3.45,+10.899, +9.866,+0.935
1668797040,+3.45,+10.908, +9.961,+0.934
1668797100,+3.45,+10.899,+10.009,+0.935
1668797160,+3.45,+10.908,+10.075,+0.935
1668797220,+3.45,+10.908,+10.068,+0.935
1668797280,+3.45,+10.935,+10.084,+0.935
1668797340,+3.45,+10.953,+10.115,+0.935
1668797400,+3.45,+10.944,+10.086,+0.935
1668797460,+3.45,+10.944,+10.067,+0.935
1668797520,+3.45,+10.944,+10.040,+0.935
1668797580,+3.45,+10.962,+10.013,+0.935
1668797640,+3.45,+10.962, +9.932,+0.935
1668797700,+3.45,+10.953, +9.902,+0.935
1668797760,+3.45,+10.926, +9.922,+0.935
1668797820,+3.45,+10.935, +9.908,+0.935
1668797880,+3.45,+10.935,+10.047,+0.935
1668797940,+3.45,+10.935,+10.114,+0.935
1668798000,+3.45,+10.935,+10.158,+0.935
1668798060,+3.45,+10.926,+10.197,+0.935
1668798120,+3.45,+10.908,+10.233,+0.935
1668798180,+3.45,+10.953,+10.205,+0.935
1668798240,+3.45,+10.908,+10.121,+0.935
1668798300,+3.45,+10.917,+10.146,+0.935
1668798360,+3.45,+10.935,+10.136,+0.935
1668798420,+3.45,+10.926,+10.169,+0.935
1668798480,+3.45,+10.944,+10.260,+0.935
1668798540,+3.45,+10.926,+10.308,+0.935
1668798600,+3.45,+10.935,+10.330,+0.935
1668798660,+3.45,+10.926,+10.312,+0.935
1668798720,+3.45,+10.944,+10.314,+0.935
1668798780,+3.45,+10.944,+10.413,+0.935
1668798840,+3.45,+10.953,+10.422,+0.935
1668798900,+3.45,+10.953,+10.301,+0.935
1668798960,+3.45,+10.971,+10.223,+0.935
1668799020,+3.45,+10.989,+10.296,+0.935
1668799080,+3.45,+10.989,+10.221,+0.935
1668799140,+3.45,+10.980,+10.250,+0.935
1668799200,+3.45,+10.971,+10.233,+0.935
1668799260,+3.45,+10.998,+10.156,+0.935
1668799320,+3.45,+10.962,+10.138,+0.935
1668799380,+3.45,+10.980,+10.122,+0.935
1668799440,+3.45,+10.998,+10.088,+0.935
1668799500,+3.45,+10.989,+10.107,+0.935
1668799560,+3.45,+11.007,+10.132,+0.935
1668799620,+3.45,+11.025,+10.160,+0.935
1668799680,+3.45,+11.007,+10.156,+0.935
1668799740,+3.45,+11.025,+10.129,+0.935
1668799800,+3.45,+11.025,+10.150,+0.935
1668799860,+3.45,+11.016,+10.189,+0.935
1668799920,+3.45,+11.043,+10.195,+0.935
1668799980,+3.45,+11.025,+10.193,+0.935
1668800040,+3.45,+11.043,+10.139,+0.935
1668800100,+3.45,+11.061,+10.150,+0.935
1668800160,+3.45,+11.034,+10.159,+0.935
1668800220,+3.45,+11.034,+10.180,+0.935
1668800280,+3.45,+11.052,+10.143,+0.934
1668800340,+3.45,+11.052,+10.094,+0.935
1668800400,+3.45,+11.070,+10.050,+0.935
1668800460,+3.45,+11.061,+10.029,+0.935
1668800520,+3.45,+11.061,+10.003,+0.935
1668800580,+3.45,+11.052, +9.966,+0.935
1668800640,+3.45,+11.052, +9.962,+0.935
1668800700,+3.45,+11.043, +9.976,+0.935
1668800760,+3.45,+11.061, +9.972,+0.935
1668800820,+3.45,+11.043, +9.991,+0.935
1668800880,+3.45,+11.043, +9.986,+0.935
1668800940,+3.45,+11.034,+10.003,+0.935
1668801000,+3.45,+11.043, +9.990,+0.935
1668801060,+3.45,+11.034, +9.966,+0.934
1668801120,+3.45,+11.043, +9.988,+0.935
1668801180,+3.45,+11.025, +9.968,+0.935
1668801240,+3.45,+11.034, +9.975,+0.935
1668801300,+3.45,+11.043, +9.996,+0.935
1668801360,+3.45,+11.034, +9.967,+0.935
1668801420,+3.45,+11.034, +9.932,+0.934
1668801480,+3.45,+11.016, +9.931,+0.935
1668801540,+3.45,+11.016, +9.929,+0.935
1668801600,+3.45,+11.025, +9.908,+0.935
1668801660,+3.45,+11.016, +9.899,+0.935
1668801720,+3.45,+10.989, +9.899,+0.935
1668801780,+3.45,+10.998, +9.884,+0.935
1668801840,+3.45,+11.007, +9.880,+0.934
1668801900,+3.45,+11.016, +9.872,+0.935
1668801960,+3.45,+11.007, +9.883,+0.935
1668802020,+3.45,+11.007, +9.859,+0.935
1668802080,+3.45,+11.007, +9.824,+0.935
1668802140,+3.45,+10.998, +9.785,+0.934
1668802200,+3.45,+10.989, +9.767,+0.935
1668802260,+3.45,+11.007, +9.742,+0.934
1668802320,+3.45,+11.025, +9.743,+0.935
1668802380,+3.45,+11.034, +9.613,+0.934
1668802440,+3.45,+11.025, +9.598,+0.934
1668802500,+3.45,+11.016, +9.604,+0.935
1668802560,+3.45,+11.016, +9.568,+0.935
1668802620,+3.45,+11.025, +9.606,+0.934
1668802680,+3.45,+10.998, +9.653,+0.935
1668802740,+3.45,+11.007, +9.711,+0.935
1668802800,+3.45,+10.998, +9.714,+0.934
1668802860,+3.45,+11.007, +9.704,+0.935
1668802920,+3.45,+11.007, +9.718,+0.935
1668802980,+3.45,+10.998, +9.671,+0.934
1668803040,+3.45,+10.989, +9.692,+0.935
1668803100,+3.45,+10.980, +9.683,+0.935
1668803160,+3.45,+10.980, +9.675,+0.935
1668803220,+3.45,+10.980, +9.685,+0.935
1668803280,+3.45,+10.980, +9.685,+0.935
1668803340,+3.45,+10.989, +9.665,+0.934
1668803400,+3.45,+10.989, +9.684,+0.935
1668803460,+3.45,+10.998, +9.607,+0.934
1668803520,+3.45,+10.998, +9.599,+0.935
1668803580,+3.45,+10.989, +9.521,+0.934
1668803640,+3.45,+10.998, +9.456,+0.935
1668803700,+3.45,+11.025, +9.410,+0.934
1668803760,+3.45,+11.007, +9.439,+0.935
1668803820,+3.45,+11.025, +9.453,+0.935
1668803880,+3.45,+11.007, +9.527,+0.934
1668803940,+3.45,+11.007, +9.548,+0.935
1668804000,+3.45,+10.989, +9.629,+0.934
1668804060,+3.45,+11.016, +9.638,+0.934
1668804120,+3.45,+11.025, +9.686,+0.935
1668804180,+3.45,+11.025, +9.659,+0.935
1668804240,+3.45,+11.034, +9.579,+0.935
1668804300,+3.45,+11.034, +9.551,+0.934
1668804360,+3.45,+11.034, +9.585,+0.934
1668804420,+3.45,+11.016, +9.633,+0.935
1668804480,+3.45,+11.034, +9.669,+0.934
1668804540,+3.45,+11.025, +9.630,+0.934
1668804600,+3.45,+10.998, +9.620,+0.934
1668804660,+3.45,+11.016, +9.604,+0.934
1668804720,+3.45,+11.007, +9.591,+0.934
1668804780,+3.45,+11.007, +9.573,+0.935
1668804840,+3.45,+10.989, +9.535,+0.935
1668804900,+3.45,+10.989, +9.537,+0.935
1668804960,+3.45,+10.989, +9.506,+0.935
1668805020,+3.45,+10.980, +9.520,+0.934
1668805080,+3.45,+10.962, +9.447,+0.934
1668805140,+3.45,+10.953, +9.475,+0.934
1668805200,+3.45,+10.953, +9.560,+0.935
1668805260,+3.45,+10.926, +9.189,+0.935
1668805320,+3.45,+10.953, +9.200,+0.934
1668805380,+3.45,+10.935, +9.224,+0.934
1668805440,+3.45,+10.935, +9.312,+0.935
1668805500,+3.45,+10.917, +9.336,+0.935
1668805560,+3.45,+10.917, +9.295,+0.934
1668805620,+3.45,+10.890, +9.429,+0.934
1668805680,+3.45,+10.881, +9.435,+0.934
1668805740,+3.45,+10.854, +9.458,+0.934
1668805800,+3.45,+10.845, +9.496,+0.934
1668805860,+3.45,+10.818, +9.506,+0.934
1668805920,+3.45,+10.808, +9.515,+0.935
1668805980,+3.45,+10.799, +9.539,+0.935
1668806040,+3.45,+10.799, +9.495,+0.934
1668806100,+3.45,+10.781, +9.414,+0.934
1668806160,+3.45,+10.790, +9.427,+0.934
1668806220,+3.45,+10.790, +9.447,+0.935
1668806280,+3.45,+10.763, +9.440,+0.934
1668806340,+3.45,+10.754, +9.442,+0.934
1668806400,+3.45,+10.709, +9.519,+0.934
1668806460,+3.45,+10.691, +9.541,+0.935
1668806520,+3.45,+10.691, +9.556,+0.935
1668806580,+3.45,+10.700, +9.553,+0.934
1668806640,+3.45,+10.664, +9.568,+0.935
1668806700,+3.45,+10.682, +9.575,+0.934
1668806760,+3.45,+10.646, +9.593,+0.934
1668806820,+3.45,+10.646, +9.566,+0.934
1668806880,+3.45,+10.637, +9.552,+0.935
1668806940,+3.45,+10.600, +9.573,+0.934
1668807000,+3.45,+10.609, +9.526,+0.935
1668807060,+3.45,+10.600, +9.489,+0.935
1668807120,+3.45,+10.591, +9.514,+0.934
1668807180,+3.45,+10.564, +9.526,+0.935
1668807240,+3.45,+10.582, +9.466,+0.934
1668807300,+3.45,+10.564, +9.478,+0.934
1668807360,+3.45,+10.537, +9.500,+0.935
1668807420,+3.45,+10.528, +9.525,+0.935
1668807480,+3.45,+10.510, +9.526,+0.935
1668807540,+3.45,+10.519, +9.532,+0.935
1668807600,+3.45,+10.510, +9.528,+0.935
1668807660,+3.45,+10.492, +9.489,+0.934
1668807720,+3.45,+10.482, +9.526,+0.934
1668807780,+3.45,+10.437, +9.563,+0.934
1668807840,+3.45,+10.428, +9.619,+0.935
1668807900,+3.45,+10.437, +9.592,+0.934
1668807960,+3.45,+10.401, +9.595,+0.934
1668808020,+3.45,+10.410, +9.618,+0.935
1668808080,+3.45,+10.382, +9.517,+0.934
1668808140,+3.45,+10.382, +9.583,+0.935
1668808200,+3.45,+10.364, +9.584,+0.934
1668808260,+3.45,+10.364, +9.600,+0.935
1668808320,+3.45,+10.355, +9.617,+0.934
1668808380,+3.46,+10.355, +9.652,+0.935
1668808440,+3.45,+10.346, +9.585,+0.935
1668808500,+3.45,+10.337, +9.558,+0.934
1668808560,+3.46,+10.346, +9.594,+0.934
1668808620,+3.46,+10.319, +9.642,+0.935
1668808680,+3.46,+10.319, +9.663,+0.935
1668808740,+3.46,+10.301, +9.579,+0.934
1668808800,+3.46,+10.292, +9.611,+0.935
1668808860,+3.46,+10.301, +9.693,+0.935
1668808920,+3.46,+10.301, +9.664,+0.934
1668808980,+3.45,+10.282, +9.782,+0.935
1668809040,+3.46,+10.282, +9.812,+0.935
1668809100,+3.46,+10.292, +9.834,+0.935
1668809160,+3.46,+10.273, +9.763,+0.935
1668809220,+3.45,+10.273, +9.686,+0.935
1668809280,+3.45,+10.273, +9.649,+0.935
1668809340,+3.46,+10.264, +9.624,+0.935
1668809400,+3.46,+10.292, +9.663,+0.935
1668809460,+3.46,+10.282, +9.667,+0.935
1668809520,+3.46,+10.264, +9.693,+0.934
1668809580,+3.46,+10.273, +9.722,+0.935
1668809640,+3.46,+10.292, +9.740,+0.934
1668809700,+3.46,+10.273, +9.733,+0.934
1668809760,+3.46,+10.264, +9.698,+0.934
1668809820,+3.45,+10.264, +9.508,+0.935
1668809880,+3.46,+10.273, +9.511,+0.935
1668809940,+3.46,+10.282, +9.513,+0.934
1668810000,+3.46,+10.246, +9.512,+0.935
1668810060,+3.46,+10.264, +9.488,+0.934
1668810120,+3.46,+10.264, +9.445,+0.934
1668810180,+3.45,+10.264, +9.433,+0.935
1668810240,+3.46,+10.255, +9.470,+0.934
1668810300,+3.46,+10.264, +9.475,+0.934
1668810360,+3.46,+10.237, +9.398,+0.934
1668810420,+3.46,+10.237, +9.443,+0.934
1668810480,+3.46,+10.246, +9.475,+0.934
1668810540,+3.46,+10.246, +9.505,+0.935
1668810600,+3.46,+10.255, +9.512,+0.934
1668810660,+3.45,+10.264, +9.479,+0.934
1668810720,+3.46,+10.264, +9.488,+0.934
1668810780,+3.46,+10.255, +9.484,+0.934
1668810840,+3.46,+10.255, +9.458,+0.934
1668810900,+3.46,+10.255, +9.483,+0.934
1668810960,+3.46,+10.246, +9.504,+0.935
1668811020,+3.46,+10.264, +9.538,+0.934
1668811080,+3.45,+10.246, +9.552,+0.934
1668811140,+3.46,+10.255, +9.558,+0.934
1668811200,+3.46,+10.246, +9.614,+0.935
1668811260,+3.46,+10.237, +9.615,+0.935
1668811320,+3.45,+10.246, +9.587,+0.934
1668811380,+3.45,+10.264, +9.645,+0.935
1668811440,+3.46,+10.264, +9.662,+0.935
1668811500,+3.46,+10.255, +9.664,+0.935
1668811560,+3.46,+10.264, +9.674,+0.934
1668811620,+3.45,+10.264, +9.662,+0.934
1668811680,+3.45,+10.264, +9.652,+0.934
1668811740,+3.46,+10.264, +9.612,+0.935
1668811800,+3.46,+10.255, +9.578,+0.935
1668811860,+3.45,+10.255, +9.389,+0.934
1668811920,+3.46,+10.255, +9.211,+0.934
1668811980,+3.45,+10.282, +9.176,+0.934
1668812040,+3.45,+10.264, +9.168,+0.934
1668812100,+3.45,+10.255, +9.199,+0.934
1668812160,+3.45,+10.264, +9.202,+0.934
1668812220,+3.45,+10.246, +9.168,+0.934
1668812280,+3.45,+10.264, +9.234,+0.934
1668812340,+3.45,+10.246, +9.384,+0.934
1668812400,+3.46,+10.237, +9.416,+0.934
1668812460,+3.46,+10.237, +9.427,+0.934
1668812520,+3.46,+10.246, +9.457,+0.934
1668812580,+3.45,+10.219, +9.497,+0.935
1668812640,+3.46,+10.219, +9.528,+0.934
1668812700,+3.45,+10.219, +9.592,+0.934
1668812760,+3.46,+10.228, +9.644,+0.935
1668812820,+3.46,+10.210, +9.716,+0.934
1668812880,+3.46,+10.200, +9.695,+0.935
1668812940,+3.46,+10.182, +9.699,+0.934
1668813000,+3.46,+10.219, +9.623,+0.934
1668813060,+3.46,+10.210, +9.590,+0.934
1668813120,+3.45,+10.200, +9.591,+0.934
1668813180,+3.46,+10.191, +9.576,+0.934
1668813240,+3.46,+10.191, +9.540,+0.934
1668813300,+3.45,+10.200, +9.528,+0.935
1668813360,+3.45,+10.200, +9.536,+0.934
1668813420,+3.45,+10.173, +9.554,+0.934
1668813480,+3.46,+10.191, +9.594,+0.935
1668813540,+3.45,+10.182, +9.572,+0.934
1668813600,+3.46,+10.182, +9.597,+0.934
1668813660,+3.46,+10.173, +9.590,+0.934
1668813720,+3.45,+10.164, +9.582,+0.934
1668813780,+3.45,+10.155, +9.586,+0.934
1668813840,+3.46,+10.173, +9.552,+0.934
1668813900,+3.45,+10.155, +9.562,+0.934
1668813960,+3.45,+10.127, +9.544,+0.935
1668814020,+3.45,+10.155, +9.565,+0.934
1668814080,+3.45,+10.137, +9.570,+0.935
1668814140,+3.46,+10.127, +9.532,+0.934
1668814200,+3.45,+10.127, +9.518,+0.934
1668814260,+3.45,+10.118, +9.495,+0.934
1668814320,+3.45,+10.118, +9.481,+0.934
1668814380,+3.45,+10.118, +9.525,+0.934
1668814440,+3.45,+10.100, +9.584,+0.934
1668814500,+3.45,+10.109, +9.612,+0.935
1668814560,+3.45,+10.091, +9.613,+0.934
1668814620,+3.45,+10.109, +9.589,+0.934
1668814680,+3.45,+10.082, +9.606,+0.934
1668814740,+3.45,+10.082, +9.498,+0.934
1668814800,+3.45,+10.100, +9.423,+0.934
1668814860,+3.45,+10.091, +9.493,+0.935
1668814920,+3.45,+10.109, +9.436,+0.934
1668814980,+3.45,+10.091, +9.547,+0.934
1668815040,+3.45,+10.082, +9.625,+0.935
1668815100,+3.45,+10.109, +9.674,+0.934
1668815160,+3.45,+10.082, +9.721,+0.934
1668815220,+3.45,+10.082, +9.730,+0.935
1668815280,+3.45,+10.073, +9.765,+0.935
1668815340,+3.45,+10.064, +9.762,+0.934
1668815400,+3.45,+10.073, +9.730,+0.934
1668815460,+3.45,+10.082, +9.721,+0.934
1668815520,+3.45,+10.109, +9.703,+0.935
1668815580,+3.45,+10.100, +9.733,+0.935
1668815640,+3.45,+10.082, +9.729,+0.934
1668815700,+3.45,+10.118, +9.733,+0.935
1668815760,+3.45,+10.127, +9.703,+0.935
1668815820,+3.45,+10.155, +9.748,+0.935
1668815880,+3.45,+10.146, +9.687,+0.935
1668815940,+3.45,+10.155, +9.659,+0.934
1668816000,+3.45,+10.191, +9.627,+0.935
1668816060,+3.45,+10.191, +9.345,+0.935
1668816120,+3.45,+10.219, +9.542,+0.934
1668816180,+3.45,+10.219, +9.700,+0.935
1668816240,+3.45,+10.219, +9.833,+0.935
1668816300,+3.45,+10.228, +9.916,+0.935
1668816360,+3.45,+10.237, +9.922,+0.935
1668816420,+3.45,+10.228, +9.904,+0.935
1668816480,+3.45,+10.237, +9.870,+0.934
1668816540,+3.45,+10.255, +9.832,+0.934
1668816600,+3.45,+10.255, +9.801,+0.935
1668816660,+3.45,+10.246, +9.755,+0.934
1668816720,+3.45,+10.264, +9.771,+0.935
1668816780,+3.45,+10.273, +9.872,+0.935
1668816840,+3.45,+10.282, +9.949,+0.935
1668816900,+3.45,+10.282,+10.012,+0.935
1668816960,+3.45,+10.264,+10.064,+0.935
1668817020,+3.45,+10.301, +9.993,+0.934
1668817080,+3.45,+10.273, +9.929,+0.935
1668817140,+3.45,+10.292, +9.911,+0.935
1668817200,+3.45,+10.301, +9.921,+0.935
1668817260,+3.45,+10.301, +9.919,+0.935
1668817320,+3.45,+10.301, +9.926,+0.935
1668817380,+3.45,+10.301, +9.894,+0.934
1668817440,+3.45,+10.310, +9.838,+0.935
1668817500,+3.45,+10.319, +9.843,+0.935
1668817560,+3.45,+10.328, +9.830,+0.935
1668817620,+3.45,+10.319, +9.823,+0.934
1668817680,+3.45,+10.337, +9.766,+0.934
1668817740,+3.45,+10.319, +9.691,+0.934
1668817800,+3.45,+10.319, +9.450,+0.934
1668817860,+3.45,+10.319, +9.278,+0.934
1668817920,+3.45,+10.337, +9.316,+0.934
1668817980,+3.45,+10.346, +9.342,+0.934
1668818040,+3.45,+10.328, +9.440,+0.934
1668818100,+3.45,+10.346, +9.506,+0.935
1668818160,+3.45,+10.337, +9.596,+0.935
1668818220,+3.45,+10.346, +9.650,+0.934
1668818280,+3.45,+10.346, +9.677,+0.934
1668818340,+3.45,+10.328, +9.774,+0.935
1668818400,+3.45,+10.337, +9.847,+0.935
1668818460,+3.45,+10.337, +9.813,+0.934
1668818520,+3.45,+10.346, +9.783,+0.935
1668818580,+3.45,+10.337, +9.827,+0.935
1668818640,+3.45,+10.346, +9.856,+0.935
1668818700,+3.45,+10.355, +9.897,+0.935
1668818760,+3.45,+10.346, +9.898,+0.934
1668818820,+3.45,+10.328, +9.926,+0.935
1668818880,+3.45,+10.319, +9.939,+0.935
1668818940,+3.45,+10.310, +9.938,+0.935
1668819000,+3.45,+10.319, +9.934,+0.935
1668819060,+3.45,+10.328, +9.943,+0.935
1668819120,+3.45,+10.310, +9.973,+0.935
1668819180,+3.45,+10.282,+10.007,+0.935
1668819240,+3.45,+10.310, +9.996,+0.934
1668819300,+3.45,+10.310, +9.938,+0.935
1668819360,+3.45,+10.301, +9.892,+0.934
1668819420,+3.45,+10.328, +9.841,+0.935
1668819480,+3.45,+10.319, +9.837,+0.935
1668819540,+3.45,+10.310, +9.753,+0.935
1668819600,+3.45,+10.319, +9.704,+0.935
1668819660,+3.45,+10.337, +9.677,+0.935
1668819720,+3.45,+10.337, +9.692,+0.935
1668819780,+3.45,+10.346, +9.733,+0.935
1668819840,+3.45,+10.373, +9.615,+0.934
1668819900,+3.45,+10.355, +9.583,+0.934
1668819960,+3.45,+10.373, +9.571,+0.934
1668820020,+3.45,+10.410, +9.625,+0.934
1668820080,+3.45,+10.392, +9.700,+0.935
1668820140,+3.45,+10.392, +9.679,+0.935
1668820200,+3.45,+10.410, +9.636,+0.934
1668820260,+3.45,+10.428, +9.642,+0.935
1668820320,+3.45,+10.446, +9.640,+0.934
1668820380,+3.45,+10.437, +9.706,+0.934
1668820440,+3.45,+10.437, +9.783,+0.935
1668820500,+3.45,+10.455, +9.772,+0.935
1668820560,+3.45,+10.455, +9.634,+0.935
1668820620,+3.45,+10.437, +9.614,+0.935
1668820680,+3.45,+10.428, +9.557,+0.934
1668820740,+3.45,+10.419, +9.608,+0.935
1668820800,+3.45,+10.401, +9.712,+0.935
1668820860,+3.45,+10.410, +9.799,+0.934
1668820920,+3.45,+10.410, +9.882,+0.935
1668820980,+3.45,+10.401, +9.900,+0.934
1668821040,+3.45,+10.410, +9.847,+0.934
1668821100,+3.45,+10.419, +9.241,+0.934
1668821160,+3.45,+10.419, +8.493,+0.934
1668821220,+3.45,+10.419, +8.167,+0.934
1668821280,+3.45,+10.419, +8.294,+0.934
1668821340,+3.45,+10.410, +9.119,+0.934
1668821400,+3.45,+10.410, +9.657,+0.935
1668821460,+3.45,+10.401, +9.892,+0.935
1668821520,+3.45,+10.410, +9.934,+0.935
1668821580,+3.45,+10.410, +9.955,+0.935
1668821640,+3.45,+10.428, +9.964,+0.935
1668821700,+3.45,+10.419, +9.977,+0.934
1668821760,+3.45,+10.428, +9.962,+0.935
1668821820,+3.45,+10.419, +9.935,+0.935
1668821880,+3.45,+10.410, +9.900,+0.934
1668821940,+3.45,+10.446, +9.860,+0.934
1668822000,+3.45,+10.437, +9.810,+0.934
1668822060,+3.45,+10.455, +9.790,+0.935
1668822120,+3.45,+10.446, +9.785,+0.934
1668822180,+3.45,+10.428, +9.803,+0.935
1668822240,+3.45,+10.428, +9.829,+0.934
1668822300,+3.45,+10.437, +9.841,+0.935
1668822360,+3.45,+10.446, +9.866,+0.935
1668822420,+3.45,+10.446, +9.872,+0.934
1668822480,+3.45,+10.455, +9.869,+0.935
1668822540,+3.45,+10.473, +9.803,+0.934
1668822600,+3.45,+10.464, +9.782,+0.934
1668822660,+3.45,+10.428, +9.771,+0.934
1668822720,+3.45,+10.446, +9.715,+0.935
1668822780,+3.45,+10.455, +9.672,+0.934
1668822840,+3.45,+10.437, +9.733,+0.934
1668822900,+3.45,+10.455, +9.759,+0.935
1668822960,+3.45,+10.482, +9.797,+0.934
1668823020,+3.45,+10.473, +9.787,+0.934
1668823080,+3.45,+10.464, +9.752,+0.935
1668823140,+3.45,+10.473, +9.732,+0.934
1668823200,+3.45,+10.492, +9.760,+0.934
1668823260,+3.45,+10.464, +9.727,+0.934
1668823320,+3.45,+10.455, +9.745,+0.935
1668823380,+3.45,+10.455, +9.689,+0.934
1668823440,+3.45,+10.446, +9.728,+0.934
1668823500,+3.45,+10.419, +9.816,+0.935
1668823560,+3.45,+10.392, +9.864,+0.935
1668823620,+3.45,+10.419, +9.972,+0.935
1668823680,+3.45,+10.419,+10.035,+0.935
1668823740,+3.45,+10.428,+10.026,+0.935
1668823800,+3.45,+10.419, +9.998,+0.934
1668823860,+3.45,+10.410,+10.010,+0.935
1668823920,+3.45,+10.455,+10.024,+0.934
1668823980,+3.45,+10.473,+10.051,+0.935
1668824040,+3.45,+10.492,+10.035,+0.934
1668824100,+3.45,+10.528,+10.019,+0.935
1668824160,+3.45,+10.555,+10.060,+0.935
1668824220,+3.45,+10.582,+10.020,+0.935
1668824280,+3.45,+10.591, +9.954,+0.935
1668824340,+3.45,+10.591, +9.910,+0.935
1668824400,+3.45,+10.609, +9.875,+0.935
1668824460,+3.45,+10.573, +9.861,+0.934
1668824520,+3.45,+10.573, +9.863,+0.934
1668824580,+3.45,+10.546, +9.897,+0.935
1668824640,+3.45,+10.528, +9.851,+0.934
1668824700,+3.45,+10.482, +9.909,+0.935
1668824760,+3.45,+10.464,+10.008,+0.934
1668824820,+3.45,+10.437,+10.046,+0.935
1668824880,+3.45,+10.464,+10.006,+0.934
1668824940,+3.45,+10.437, +9.985,+0.935
1668825000,+3.45,+10.419,+10.008,+0.935
1668825060,+3.45,+10.401,+10.026,+0.934
1668825120,+3.45,+10.401,+10.028,+0.934
1668825180,+3.45,+10.419,+10.021,+0.935
1668825240,+3.45,+10.428, +9.991,+0.934
1668825300,+3.45,+10.437, +9.981,+0.935
1668825360,+3.45,+10.437,+10.018,+0.935
1668825420,+3.45,+10.419,+10.020,+0.935
1668825480,+3.45,+10.428,+10.021,+0.934
1668825540,+3.45,+10.437,+10.016,+0.935
1668825600,+3.45,+10.419, +9.954,+0.934
1668825660,+3.45,+10.419,+10.000,+0.935
1668825720,+3.45,+10.428, +9.970,+0.934
1668825780,+3.45,+10.410, +9.974,+0.935
1668825840,+3.45,+10.419, +9.945,+0.935
1668825900,+3.45,+10.401, +9.989,+0.935
1668825960,+3.45,+10.392, +9.955,+0.934
1668826020,+3.45,+10.382,+10.041,+0.934
1668826080,+3.45,+10.382,+10.028,+0.935
1668826140,+3.45,+10.382,+10.064,+0.935
1668826200,+3.45,+10.382,+10.054,+0.934
1668826260,+3.45,+10.401,+10.054,+0.935
1668826320,+3.45,+10.410,+10.011,+0.935
1668826380,+3.45,+10.410,+10.028,+0.934
1668826440,+3.45,+10.410, +9.654,+0.934
1668826500,+3.45,+10.428, +9.015,+0.934
1668826560,+3.45,+10.419, +9.484,+0.934
1668826620,+3.45,+10.401, +9.384,+0.934
1668826680,+3.45,+10.392, +9.516,+0.934
1668826740,+3.45,+10.401, +9.467,+0.934
1668826800,+3.45,+10.392, +9.471,+0.934
1668826860,+3.45,+10.392, +8.944,+0.934
1668826920,+3.45,+10.401, +9.189,+0.934
1668826980,+3.45,+10.392, +9.443,+0.934
1668827040,+3.45,+10.410, +9.522,+0.934
1668827100,+3.45,+10.410, +9.446,+0.934
1668827160,+3.45,+10.401, +9.705,+0.935
1668827220,+3.45,+10.410, +9.823,+0.935
1668827280,+3.45,+10.401, +9.812,+0.935
1668827340,+3.45,+10.401, +9.833,+0.935
1668827400,+3.45,+10.401, +9.813,+0.935
1668827460,+3.45,+10.410, +9.854,+0.935
1668827520,+3.45,+10.401, +9.881,+0.935
1668827580,+3.45,+10.401, +9.982,+0.935
1668827640,+3.45,+10.410,+10.022,+0.935
1668827700,+3.45,+10.392, +9.965,+0.934
1668827760,+3.45,+10.410, +9.911,+0.935
1668827820,+3.45,+10.401, +9.924,+0.935
1668827880,+3.45,+10.437, +9.977,+0.935
1668827940,+3.45,+10.446,+10.043,+0.935
1668828000,+3.45,+10.455,+10.062,+0.934
1668828060,+3.45,+10.482,+10.155,+0.935
1668828120,+3.45,+10.455,+10.059,+0.935
1668828180,+3.45,+10.464, +9.821,+0.935
1668828240,+3.45,+10.492, +9.438,+0.935
1668828300,+3.45,+10.510, +9.310,+0.935
1668828360,+3.45,+10.510, +9.592,+0.935
1668828420,+3.45,+10.537, +9.506,+0.935
1668828480,+3.45,+10.564, +9.701,+0.935
1668828540,+3.45,+10.564, +9.369,+0.934
1668828600,+3.45,+10.546, +9.239,+0.934
1668828660,+3.45,+10.501, +9.466,+0.935
1668828720,+3.45,+10.501, +9.813,+0.935
1668828780,+3.45,+10.501, +9.961,+0.934
1668828840,+3.45,+10.492, +9.886,+0.935
1668828900,+3.45,+10.482, +9.823,+0.934
1668828960,+3.45,+10.464, +9.831,+0.934
1668829020,+3.45,+10.482, +9.762,+0.934
1668829080,+3.45,+10.455, +9.586,+0.934
1668829140,+3.45,+10.446, +9.527,+0.934
1668829200,+3.45,+10.446, +9.679,+0.934
1668829260,+3.45,+10.464, +9.758,+0.935
1668829320,+3.45,+10.446, +9.796,+0.935
1668829380,+3.45,+10.464, +9.850,+0.934
1668829440,+3.45,+10.446, +9.847,+0.934
1668829500,+3.45,+10.482, +9.788,+0.934
1668829560,+3.45,+10.510, +9.547,+0.934
1668829620,+3.45,+10.492, +9.533,+0.934
1668829680,+3.45,+10.519, +9.538,+0.935
1668829740,+3.45,+10.564, +9.451,+0.935
1668829800,+3.45,+10.609, +9.395,+0.935
1668829860,+3.45,+10.628, +9.380,+0.934
1668829920,+3.45,+10.637, +9.297,+0.934
1668829980,+3.45,+10.628, +9.402,+0.934
1668830040,+3.45,+10.655, +9.436,+0.934
1668830100,+3.45,+10.637, +9.484,+0.934
1668830160,+3.45,+10.609, +9.512,+0.934
1668830220,+3.45,+10.609, +9.566,+0.934
1668830280,+3.45,+10.564, +9.658,+0.934
1668830340,+3.45,+10.573, +9.632,+0.934
1668830400,+3.45,+10.546, +9.486,+0.934
1668830460,+3.45,+10.501, +9.248,+0.934
1668830520,+3.45,+10.501, +9.311,+0.934
1668830580,+3.45,+10.473, +9.422,+0.934
1668830640,+3.45,+10.464, +9.540,+0.935
1668830700,+3.45,+10.473, +9.634,+0.934
1668830760,+3.45,+10.473, +9.593,+0.934
1668830820,+3.45,+10.464, +9.561,+0.935
1668830880,+3.45,+10.537, +9.418,+0.934
1668830940,+3.45,+10.573, +9.428,+0.934
1668831000,+3.45,+10.564, +9.334,+0.934
1668831060,+3.45,+10.528, +9.121,+0.934
1668831120,+3.45,+10.482, +8.703,+0.934
1668831180,+3.45,+10.501, +7.943,+0.933
1668831240,+3.45,+10.501, +7.980,+0.934
1668831300,+3.45,+10.501, +8.200,+0.934
1668831360,+3.45,+10.482, +8.390,+0.934
1668831420,+3.45,+10.482, +8.310,+0.934
1668831480,+3.45,+10.492, +8.017,+0.933
1668831540,+3.45,+10.492, +8.053,+0.933
1668831600,+3.45,+10.492, +8.222,+0.934
1668831660,+3.45,+10.510, +8.524,+0.934
1668831720,+3.45,+10.519, +8.717,+0.934
1668831780,+3.45,+10.501, +8.669,+0.934
1668831840,+3.45,+10.528, +8.887,+0.934
1668831900,+3.45,+10.537, +9.139,+0.934
1668831960,+3.45,+10.546, +9.157,+0.934
1668832020,+3.45,+10.573, +9.227,+0.934
1668832080,+3.45,+10.582, +9.243,+0.934
1668832140,+3.45,+10.600, +9.180,+0.934
1668832200,+3.45,+10.609, +9.137,+0.934
1668832260,+3.45,+10.600, +9.196,+0.934
1668832320,+3.45,+10.664, +9.252,+0.934
1668832380,+3.45,+10.664, +9.228,+0.934
1668832440,+3.45,+10.700, +9.367,+0.934
1668832500,+3.45,+10.691, +9.544,+0.935
1668832560,+3.45,+10.736, +9.648,+0.935
1668832620,+3.45,+10.772, +9.764,+0.934
1668832680,+3.45,+10.745, +9.772,+0.934
1668832740,+3.45,+10.781, +9.784,+0.934
1668832800,+3.45,+10.772, +9.799,+0.934
1668832860,+3.45,+10.772, +9.924,+0.935
1668832920,+3.45,+10.772, +9.745,+0.934
1668832980,+3.45,+10.799, +9.719,+0.935
1668833040,+3.45,+10.781, +9.855,+0.934
1668833100,+3.45,+10.781, +9.604,+0.935
1668833160,+3.45,+10.790, +9.766,+0.934
1668833220,+3.45,+10.808, +9.556,+0.934
1668833280,+3.45,+10.781, +9.415,+0.934
1668833340,+3.45,+10.772, +9.380,+0.934
1668833400,+3.45,+10.772, +9.359,+0.934
1668833460,+3.45,+10.781, +9.403,+0.934
1668833520,+3.45,+10.781, +9.468,+0.934
1668833580,+3.45,+10.808, +9.506,+0.934
1668833640,+3.45,+10.790, +9.551,+0.934
1668833700,+3.45,+10.790, +9.568,+0.934
1668833760,+3.45,+10.808, +9.609,+0.934
1668833820,+3.45,+10.818, +9.568,+0.934
1668833880,+3.45,+10.827, +9.548,+0.934
1668833940,+3.45,+10.808, +9.498,+0.934
1668834000,+3.45,+10.818, +9.468,+0.934
1668834060,+3.45,+10.818, +9.420,+0.934
1668834120,+3.45,+10.836, +9.382,+0.934
1668834180,+3.45,+10.808, +9.313,+0.934
1668834240,+3.45,+10.827, +9.327,+0.934
1668834300,+3.45,+10.818, +9.374,+0.934
1668834360,+3.45,+10.827, +9.446,+0.934
1668834420,+3.45,+10.845, +9.398,+0.934
1668834480,+3.45,+10.827, +9.401,+0.934
1668834540,+3.45,+10.836, +9.482,+0.934
1668834600,+3.45,+10.836, +9.557,+0.934
1668834660,+3.45,+10.818, +9.583,+0.934
1668834720,+3.45,+10.836, +9.683,+0.935
1668834780,+3.45,+10.845, +9.647,+0.934
1668834840,+3.45,+10.836, +9.536,+0.935
1668834900,+3.45,+10.863, +9.566,+0.934
1668834960,+3.45,+10.854, +9.558,+0.935
1668835020,+3.45,+10.863, +9.588,+0.934
1668835080,+3.45,+10.872, +9.483,+0.934
1668835140,+3.45,+10.881, +9.481,+0.934
1668835200,+3.45,+10.881, +9.394,+0.934
1668835260,+3.45,+10.863, +9.479,+0.934
1668835320,+3.45,+10.872, +9.493,+0.934
1668835380,+3.45,+10.872, +9.457,+0.934
1668835440,+3.45,+10.872, +9.334,+0.934
1668835500,+3.45,+10.845, +9.276,+0.934
1668835560,+3.45,+10.881, +9.305,+0.934
1668835620,+3.45,+10.863, +9.321,+0.934
1668835680,+3.45,+10.845, +9.300,+0.934
1668835740,+3.45,+10.836, +9.160,+0.934
1668835800,+3.45,+10.863, +9.054,+0.934
1668835860,+3.45,+10.854, +8.821,+0.934
1668835920,+3.45,+10.827, +8.977,+0.934
1668835980,+3.45,+10.827, +9.033,+0.934
1668836040,+3.45,+10.799, +9.077,+0.934
1668836100,+3.45,+10.799, +9.199,+0.934
1668836160,+3.45,+10.799, +9.304,+0.934
1668836220,+3.45,+10.781, +9.245,+0.934
1668836280,+3.45,+10.763, +9.158,+0.934
1668836340,+3.45,+10.763, +9.048,+0.934
1668836400,+3.45,+10.745, +8.955,+0.934
1668836460,+3.45,+10.736, +8.965,+0.934
1668836520,+3.45,+10.745, +8.927,+0.934
1668836580,+3.45,+10.709, +8.891,+0.934
1668836640,+3.45,+10.682, +8.948,+0.934
1668836700,+3.45,+10.682, +9.020,+0.934
1668836760,+3.45,+10.700, +9.132,+0.934
1668836820,+3.45,+10.664, +9.222,+0.934
1668836880,+3.45,+10.655, +9.210,+0.934
1668836940,+3.45,+10.646, +9.189,+0.934
1668837000,+3.45,+10.628, +9.078,+0.934
1668837060,+3.45,+10.618, +9.038,+0.934
1668837120,+3.45,+10.609, +9.131,+0.934
1668837180,+3.45,+10.600, +9.145,+0.934
1668837240,+3.45,+10.582, +9.139,+0.934
1668837300,+3.45,+10.528, +9.106,+0.934
1668837360,+3.45,+10.564, +8.994,+0.934
1668837420,+3.45,+10.546, +8.901,+0.934
1668837480,+3.45,+10.510, +8.890,+0.934
1668837540,+3.45,+10.510, +8.867,+0.934
1668837600,+3.45,+10.482, +8.935,+0.934
1668837660,+3.45,+10.482, +8.867,+0.934
1668837720,+3.45,+10.464, +9.060,+0.934
1668837780,+3.45,+10.455, +9.011,+0.934
1668837840,+3.45,+10.455, +8.889,+0.934
1668837900,+3.45,+10.455, +8.653,+0.934
1668837960,+3.45,+10.455, +8.391,+0.934
1668838020,+3.45,+10.455, +8.178,+0.934
1668838080,+3.45,+10.446, +8.028,+0.934
1668838140,+3.45,+10.455, +8.067,+0.934
1668838200,+3.45,+10.446, +8.194,+0.934
1668838260,+3.45,+10.437, +8.298,+0.934
1668838320,+3.45,+10.464, +8.566,+0.934
1668838380,+3.45,+10.464, +8.474,+0.934
1668838440,+3.45,+10.482, +8.511,+0.934
1668838500,+3.45,+10.510, +8.616,+0.934
1668838560,+3.45,+10.482, +8.723,+0.935
1668838620,+3.45,+10.492, +8.741,+0.934
1668838680,+3.45,+10.492, +8.802,+0.934
1668838740,+3.45,+10.501, +8.862,+0.934
1668838800,+3.45,+10.519, +8.920,+0.934
1668838860,+3.45,+10.510, +8.930,+0.934
1668838920,+3.45,+10.528, +9.090,+0.934
1668838980,+3.45,+10.501, +9.171,+0.934
1668839040,+3.45,+10.519, +9.249,+0.934
1668839100,+3.45,+10.537, +9.237,+0.934
1668839160,+3.45,+10.546, +9.263,+0.934
1668839220,+3.45,+10.546, +9.268,+0.934
1668839280,+3.45,+10.564, +9.341,+0.934
1668839340,+3.45,+10.573, +8.978,+0.934
1668839400,+3.45,+10.582, +8.555,+0.934
1668839460,+3.45,+10.582, +8.447,+0.934
1668839520,+3.45,+10.609, +8.735,+0.934
1668839580,+3.45,+10.637, +8.928,+0.934
1668839640,+3.45,+10.655, +8.939,+0.934
1668839700,+3.45,+10.700, +8.902,+0.934
1668839760,+3.45,+10.709, +9.152,+0.934
1668839820,+3.45,+10.700, +9.102,+0.934
1668839880,+3.45,+10.700, +9.162,+0.934
1668839940,+3.45,+10.700, +9.289,+0.934
1668840000,+3.45,+10.718, +9.360,+0.934
1668840060,+3.45,+10.700, +9.547,+0.935
1668840120,+3.45,+10.718, +9.642,+0.934
1668840180,+3.45,+10.718, +9.642,+0.934
1668840240,+3.45,+10.727, +9.646,+0.935
1668840300,+3.45,+10.718, +9.678,+0.935
1668840360,+3.45,+10.700, +9.556,+0.935
1668840420,+3.45,+10.736, +9.295,+0.934
1668840480,+3.45,+10.727, +9.324,+0.934
1668840540,+3.45,+10.709, +9.342,+0.934
1668840600,+3.45,+10.709, +9.206,+0.934
1668840660,+3.45,+10.709, +9.105,+0.934
1668840720,+3.45,+10.718, +9.132,+0.934
1668840780,+3.45,+10.727, +9.134,+0.934
1668840840,+3.45,+10.763, +9.111,+0.934
1668840900,+3.45,+10.718, +9.181,+0.934
1668840960,+3.45,+10.727, +9.360,+0.934
1668841020,+3.45,+10.727, +9.370,+0.934
1668841080,+3.45,+10.736, +9.384,+0.934
1668841140,+3.45,+10.745, +9.521,+0.934
1668841200,+3.45,+10.754, +9.430,+0.934
1668841260,+3.45,+10.754, +9.525,+0.934
1668841320,+3.45,+10.736, +9.719,+0.935
1668841380,+3.45,+10.754, +9.606,+0.934
1668841440,+3.45,+10.781, +9.721,+0.935
1668841500,+3.45,+10.754, +9.718,+0.934
1668841560,+3.45,+10.754, +9.706,+0.935
1668841620,+3.45,+10.727, +9.735,+0.934
1668841680,+3.45,+10.745, +9.778,+0.934
1668841740,+3.45,+10.736, +9.802,+0.935
1668841800,+3.45,+10.754, +9.794,+0.934
1668841860,+3.45,+10.754, +9.822,+0.935
1668841920,+3.45,+10.772, +9.709,+0.935
1668841980,+3.45,+10.781, +9.763,+0.934
1668842040,+3.45,+10.790, +9.706,+0.935
1668842100,+3.45,+10.799, +9.861,+0.935
1668842160,+3.45,+10.845, +9.800,+0.935
1668842220,+3.45,+10.827, +9.948,+0.935
1668842280,+3.45,+10.881, +9.705,+0.935
1668842340,+3.45,+10.890, +9.524,+0.934
1668842400,+3.45,+10.917, +9.447,+0.934
1668842460,+3.45,+10.953, +9.433,+0.934
1668842520,+3.45,+10.989, +9.510,+0.934
1668842580,+3.45,+11.007, +9.460,+0.935
1668842640,+3.45,+10.989, +9.601,+0.935
1668842700,+3.45,+11.025, +9.531,+0.934
1668842760,+3.45,+11.025, +9.707,+0.934
1668842820,+3.45,+11.016, +9.576,+0.935
1668842880,+3.45,+11.025, +9.608,+0.934
1668842940,+3.45,+11.043, +9.613,+0.934
1668843000,+3.45,+11.061, +9.539,+0.934
1668843060,+3.45,+11.070, +9.504,+0.934
1668843120,+3.45,+11.088, +9.448,+0.934
1668843180,+3.45,+11.106, +9.442,+0.934
1668843240,+3.45,+11.097, +9.467,+0.934
1668843300,+3.45,+11.115, +9.524,+0.934
1668843360,+3.45,+11.115, +9.618,+0.934
1668843420,+3.45,+11.115, +9.595,+0.934
1668843480,+3.45,+11.133, +9.505,+0.934
1668843540,+3.45,+11.142, +9.404,+0.934
1668843600,+3.45,+11.151, +9.405,+0.934
1668843660,+3.45,+11.142, +9.401,+0.935
1668843720,+3.45,+11.178, +9.424,+0.934
1668843780,+3.45,+11.232, +9.394,+0.934
1668843840,+3.45,+11.277, +9.383,+0.935
1668843900,+3.45,+11.313, +9.437,+0.934
1668843960,+3.45,+11.313, +9.546,+0.934
1668844020,+3.45,+11.331, +9.550,+0.934
1668844080,+3.45,+11.322, +9.539,+0.934
1668844140,+3.45,+11.313, +9.492,+0.934
1668844200,+3.45,+11.295, +9.430,+0.934
1668844260,+3.45,+11.295, +9.456,+0.934
1668844320,+3.45,+11.304, +9.446,+0.934
1668844380,+3.45,+11.286, +9.496,+0.935
1668844440,+3.45,+11.268, +9.476,+0.934
1668844500,+3.45,+11.268, +9.480,+0.934
1668844560,+3.45,+11.277, +9.362,+0.934
1668844620,+3.45,+11.277, +9.394,+0.934
1668844680,+3.45,+11.259, +9.388,+0.934
1668844740,+3.45,+11.250, +9.391,+0.934
1668844800,+3.45,+11.232, +9.330,+0.934
1668844860,+3.45,+11.214, +9.198,+0.934
1668844920,+3.45,+11.187, +9.205,+0.934
1668844980,+3.45,+11.187, +9.218,+0.934
1668845040,+3.45,+11.178, +9.250,+0.934
1668845100,+3.45,+11.187, +9.214,+0.934
1668845160,+3.45,+11.160, +9.229,+0.934
1668845220,+3.45,+11.133, +9.224,+0.934
1668845280,+3.45,+11.124, +9.236,+0.934
1668845340,+3.45,+11.115, +9.197,+0.934
1668845400,+3.45,+11.115, +9.204,+0.934
1668845460,+3.45,+11.106, +9.200,+0.934
1668845520,+3.45,+11.070, +9.180,+0.934
1668845580,+3.45,+11.043, +9.198,+0.934
1668845640,+3.45,+11.061, +9.183,+0.934
1668845700,+3.45,+11.034, +9.198,+0.934
1668845760,+3.45,+11.034, +9.215,+0.934
1668845820,+3.45,+11.007, +9.233,+0.934
1668845880,+3.45,+10.989, +9.314,+0.934
1668845940,+3.45,+10.998, +9.377,+0.934
1668846000,+3.45,+10.989, +9.401,+0.934
1668846060,+3.45,+10.980, +9.430,+0.934
1668846120,+3.45,+10.989, +9.514,+0.934
1668846180,+3.45,+10.980, +9.580,+0.934
1668846240,+3.45,+10.971, +9.634,+0.934
1668846300,+3.45,+10.971, +9.676,+0.935
1668846360,+3.45,+10.962, +9.697,+0.935
1668846420,+3.45,+10.944, +9.654,+0.935
1668846480,+3.45,+10.944, +9.680,+0.935
1668846540,+3.45,+10.935, +9.656,+0.934
1668846600,+3.45,+10.908, +9.619,+0.934
1668846660,+3.45,+10.917, +9.628,+0.934
1668846720,+3.45,+10.899, +9.650,+0.935
1668846780,+3.45,+10.881, +9.687,+0.935
1668846840,+3.45,+10.881, +9.728,+0.935
1668846900,+3.45,+10.863, +9.764,+0.934
1668846960,+3.45,+10.854, +9.801,+0.934
1668847020,+3.45,+10.854, +9.830,+0.935
1668847080,+3.45,+10.827, +9.831,+0.935
1668847140,+3.45,+10.808, +9.777,+0.934
1668847200,+3.45,+10.827, +9.734,+0.935
1668847260,+3.45,+10.818, +9.652,+0.934
1668847320,+3.45,+10.790, +9.629,+0.934
1668847380,+3.45,+10.790, +9.626,+0.934
1668847440,+3.45,+10.781, +9.586,+0.934
1668847500,+3.45,+10.781, +9.587,+0.934
1668847560,+3.45,+10.772, +9.451,+0.934
1668847620,+3.45,+10.790, +9.520,+0.934
1668847680,+3.45,+10.718, +9.467,+0.934
1668847740,+3.45,+10.727, +9.354,+0.934
1668847800,+3.45,+10.718, +9.353,+0.934
1668847860,+3.45,+10.700, +9.384,+0.934
1668847920,+3.45,+10.682, +9.487,+0.934
1668847980,+3.45,+10.664, +9.527,+0.934
1668848040,+3.45,+10.646, +9.558,+0.934
1668848100,+3.45,+10.600, +9.583,+0.934
1668848160,+3.45,+10.628, +9.589,+0.934
1668848220,+3.45,+10.600, +9.618,+0.935
1668848280,+3.45,+10.600, +9.586,+0.935
1668848340,+3.45,+10.591, +9.567,+0.934
1668848400,+3.45,+10.573, +9.590,+0.935
1668848460,+3.45,+10.564, +9.124,+0.934
1668848520,+3.45,+10.537, +9.263,+0.934
1668848580,+3.45,+10.519, +9.394,+0.934
1668848640,+3.45,+10.519, +9.510,+0.934
1668848700,+3.45,+10.501, +9.583,+0.934
1668848760,+3.45,+10.473, +9.607,+0.934
1668848820,+3.45,+10.492, +9.614,+0.935
1668848880,+3.45,+10.446, +9.616,+0.934
1668848940,+3.45,+10.437, +9.608,+0.934
1668849000,+3.45,+10.410, +9.647,+0.935
1668849060,+3.45,+10.401, +9.663,+0.934
1668849120,+3.45,+10.364, +9.670,+0.934
1668849180,+3.45,+10.355, +9.642,+0.934
1668849240,+3.45,+10.337, +9.618,+0.934
1668849300,+3.45,+10.337, +9.579,+0.934
1668849360,+3.45,+10.319, +9.610,+0.934
1668849420,+3.45,+10.328, +9.656,+0.934
1668849480,+3.45,+10.310, +9.677,+0.934
1668849540,+3.45,+10.282, +9.672,+0.935
1668849600,+3.45,+10.282, +9.651,+0.935
1668849660,+3.45,+10.282, +9.671,+0.934
1668849720,+3.45,+10.282, +9.706,+0.935
1668849780,+3.45,+10.237, +9.754,+0.934
1668849840,+3.45,+10.255, +9.760,+0.935
1668849900,+3.45,+10.237, +9.767,+0.934
1668849960,+3.46,+10.228, +9.765,+0.935
1668850020,+3.45,+10.200, +9.769,+0.935
1668850080,+3.45,+10.200, +9.756,+0.935
1668850140,+3.46,+10.182, +9.762,+0.934
1668850200,+3.45,+10.182, +9.737,+0.935
1668850260,+3.45,+10.146, +9.769,+0.935
1668850320,+3.46,+10.155, +9.748,+0.935
1668850380,+3.45,+10.118, +9.712,+0.934
1668850440,+3.45,+10.127, +9.714,+0.935
1668850500,+3.45,+10.091, +9.717,+0.935
1668850560,+3.45,+10.082, +9.744,+0.935
1668850620,+3.45,+10.091, +9.745,+0.935
1668850680,+3.45,+10.073, +9.741,+0.935
1668850740,+3.45,+10.054, +9.761,+0.935
1668850800,+3.45,+10.036, +9.748,+0.934
1668850860,+3.45,+10.009, +9.790,+0.934
1668850920,+3.45, +9.981, +9.865,+0.935
1668850980,+3.45, +9.945, +9.894,+0.934
1668851040,+3.45, +9.926, +9.920,+0.935
1668851100,+3.45, +9.890, +9.944,+0.934
1668851160,+3.45, +9.881, +9.937,+0.934
1668851220,+3.45, +9.835, +9.937,+0.934
1668851280,+3.45, +9.807, +9.911,+0.934
1668851340,+3.45, +9.771, +9.783,+0.934
1668851400,+3.45, +9.752, +9.732,+0.934
1668851460,+3.45, +9.715, +9.687,+0.934
1668851520,+3.45, +9.660, +9.873,+0.935
1668851580,+3.45, +9.651, +9.932,+0.935
1668851640,+3.45, +9.624, +9.974,+0.935
1668851700,+3.45, +9.596,+10.091,+0.935
1668851760,+3.45, +9.568,+10.164,+0.935
1668851820,+3.45, +9.550,+10.182,+0.934
1668851880,+3.45, +9.531,+10.194,+0.934
1668851940,+3.45, +9.522,+10.248,+0.935
1668852000,+3.45, +9.541,+10.273,+0.935
1668852060,+3.45, +9.522,+10.304,+0.935
1668852120,+3.45, +9.522,+10.239,+0.934
1668852180,+3.45, +9.522, +9.786,+0.935
1668852240,+3.45, +9.504, +9.639,+0.934
1668852300,+3.45, +9.495, +9.853,+0.934
1668852360,+3.45, +9.485,+10.008,+0.935
1668852420,+3.45, +9.467,+10.092,+0.935
1668852480,+3.45, +9.504,+10.115,+0.935
1668852540,+3.45, +9.476,+10.170,+0.935
1668852600,+3.45, +9.476,+10.190,+0.935
1668852660,+3.45, +9.485,+10.198,+0.935
1668852720,+3.45, +9.476,+10.202,+0.935
1668852780,+3.45, +9.467,+10.183,+0.935
1668852840,+3.45, +9.467,+10.157,+0.935
1668852900,+3.45, +9.485,+10.146,+0.935
1668852960,+3.45, +9.485,+10.156,+0.935
1668853020,+3.45, +9.467,+10.148,+0.935
1668853080,+3.45, +9.485,+10.145,+0.935
1668853140,+3.45, +9.449,+10.141,+0.935
1668853200,+3.45, +9.467,+10.138,+0.935
1668853260,+3.45, +9.458,+10.157,+0.935
1668853320,+3.45, +9.467,+10.181,+0.935
1668853380,+3.45, +9.458,+10.144,+0.935
1668853440,+3.45, +9.439,+10.132,+0.935
1668853500,+3.45, +9.430,+10.169,+0.934
1668853560,+3.45, +9.430,+10.182,+0.934
1668853620,+3.45, +9.439,+10.163,+0.935
1668853680,+3.45, +9.430,+10.184,+0.935
1668853740,+3.45, +9.430,+10.147,+0.934
1668853800,+3.45, +9.430,+10.082,+0.934
1668853860,+3.45, +9.412, +9.994,+0.935
1668853920,+3.45, +9.393, +9.996,+0.934
1668853980,+3.45, +9.421, +9.985,+0.935
1668854040,+3.45, +9.393,+10.007,+0.935
1668854100,+3.45, +9.375,+10.058,+0.935
1668854160,+3.45, +9.384,+10.062,+0.934
1668854220,+3.45, +9.365,+10.063,+0.934
1668854280,+3.45, +9.356,+10.075,+0.934
1668854340,+3.45, +9.301,+10.112,+0.934
1668854400,+3.45, +9.292,+10.114,+0.934
1668854460,+3.45, +9.301,+10.103,+0.935
1668854520,+3.45, +9.310,+10.089,+0.935
1668854580,+3.45, +9.301,+10.098,+0.935
1668854640,+3.45, +9.301,+10.097,+0.934
1668854700,+3.45, +9.319,+10.084,+0.934
1668854760,+3.45, +9.301,+10.032,+0.935
1668854820,+3.45, +9.301,+10.090,+0.935
1668854880,+3.45, +9.301,+10.096,+0.935
1668854940,+3.45, +9.310,+10.079,+0.935
1668855000,+3.45, +9.338,+10.100,+0.935
1668855060,+3.45, +9.301,+10.107,+0.935
1668855120,+3.45, +9.301,+10.071,+0.935
1668855180,+3.45, +9.319, +9.983,+0.935
1668855240,+3.45, +9.310,+10.007,+0.935
1668855300,+3.45, +9.319,+10.042,+0.935
1668855360,+3.45, +9.329,+10.048,+0.935
1668855420,+3.45, +9.319,+10.033,+0.934
1668855480,+3.45, +9.292,+10.063,+0.935
1668855540,+3.45, +9.310,+10.057,+0.934
1668855600,+3.45, +9.301,+10.051,+0.934
1668855660,+3.45, +9.264,+10.063,+0.934
1668855720,+3.45, +9.255,+10.093,+0.935
1668855780,+3.45, +9.245,+10.114,+0.935
1668855840,+3.45, +9.208,+10.083,+0.934
1668855900,+3.45, +9.208, +9.999,+0.935
1668855960,+3.45, +9.208, +9.963,+0.934
1668856020,+3.45, +9.190,+10.041,+0.934
1668856080,+3.45, +9.218,+10.077,+0.934
1668856140,+3.45, +9.190,+10.115,+0.935
1668856200,+3.45, +9.181,+10.103,+0.935
1668856260,+3.45, +9.190, +9.985,+0.935
1668856320,+3.45, +9.208, +9.962,+0.935
1668856380,+3.45, +9.162, +9.951,+0.934
1668856440,+3.45, +9.208, +9.839,+0.934
1668856500,+3.45, +9.208, +9.718,+0.934
1668856560,+3.45, +9.190, +9.746,+0.934
1668856620,+3.45, +9.199, +9.862,+0.934
1668856680,+3.45, +9.208,+10.006,+0.934
1668856740,+3.45, +9.199,+10.117,+0.934
1668856800,+3.45, +9.199,+10.142,+0.934
1668856860,+3.45, +9.218,+10.171,+0.934
1668856920,+3.45, +9.190,+10.207,+0.935
1668856980,+3.45, +9.181,+10.166,+0.935
1668857040,+3.45, +9.208,+10.111,+0.935
1668857100,+3.45, +9.208,+10.038,+0.934
1668857160,+3.45, +9.218, +9.903,+0.934
1668857220,+3.45, +9.199, +9.897,+0.934
1668857280,+3.45, +9.190, +9.934,+0.934
1668857340,+3.45, +9.208, +9.966,+0.935
1668857400,+3.45, +9.190,+10.030,+0.935
1668857460,+3.45, +9.208,+10.055,+0.934
1668857520,+3.45, +9.190,+10.045,+0.935
1668857580,+3.45, +9.190,+10.023,+0.934
1668857640,+3.45, +9.181,+10.026,+0.934
1668857700,+3.45, +9.199,+10.037,+0.934
1668857760,+3.45, +9.199,+10.057,+0.935
1668857820,+3.45, +9.199,+10.064,+0.934
1668857880,+3.45, +9.190,+10.063,+0.935
1668857940,+3.45, +9.199, +9.996,+0.935
1668858000,+3.45, +9.171, +9.967,+0.934
1668858060,+3.45, +9.199, +9.968,+0.935
1668858120,+3.45, +9.190,+10.007,+0.934
1668858180,+3.45, +9.199, +9.978,+0.935
1668858240,+3.45, +9.190, +9.973,+0.934
1668858300,+3.45, +9.162,+10.026,+0.935
1668858360,+3.45, +9.181,+10.006,+0.934
1668858420,+3.45, +9.181,+10.041,+0.935
1668858480,+3.45, +9.181,+10.077,+0.934
1668858540,+3.45, +9.208,+10.073,+0.934
1668858600,+3.45, +9.181,+10.060,+0.934
1668858660,+3.45, +9.181,+10.066,+0.935
1668858720,+3.45, +9.162,+10.062,+0.935
1668858780,+3.45, +9.171, +9.998,+0.934
1668858840,+3.45, +9.162, +9.978,+0.934
1668858900,+3.45, +9.181, +9.976,+0.934
1668858960,+3.45, +9.162,+10.001,+0.934
1668859020,+3.45, +9.181,+10.010,+0.934
1668859080,+3.45, +9.171,+10.052,+0.934
1668859140,+3.45, +9.171,+10.061,+0.934
1668859200,+3.45, +9.181,+10.050,+0.934
1668859260,+3.45, +9.190, +9.196,+0.934
1668859320,+3.45, +9.162, +8.995,+0.934
1668859380,+3.45, +9.171, +8.928,+0.934
1668859440,+3.45, +9.171, +8.972,+0.934
1668859500,+3.45, +9.162, +8.983,+0.934
1668859560,+3.45, +9.171, +9.026,+0.934
1668859620,+3.45, +9.162, +9.107,+0.934
1668859680,+3.45, +9.199, +9.154,+0.934
1668859740,+3.45, +9.190, +9.188,+0.934
1668859800,+3.45, +9.190, +9.262,+0.934
1668859860,+3.45, +9.190, +9.384,+0.934
1668859920,+3.45, +9.199, +9.477,+0.934
1668859980,+3.45, +9.208, +9.594,+0.934
1668860040,+3.45, +9.208, +9.713,+0.934
1668860100,+3.45, +9.227, +9.760,+0.935
1668860160,+3.45, +9.255, +9.714,+0.934
1668860220,+3.45, +9.245, +9.745,+0.935
1668860280,+3.45, +9.264, +9.699,+0.934
1668860340,+3.45, +9.282, +9.676,+0.934
1668860400,+3.45, +9.292, +9.631,+0.934
1668860460,+3.45, +9.329, +9.562,+0.934
1668860520,+3.45, +9.319, +9.543,+0.934
1668860580,+3.45, +9.319, +9.528,+0.934
1668860640,+3.45, +9.338, +9.477,+0.934
1668860700,+3.45, +9.338, +9.414,+0.934
1668860760,+3.45, +9.338, +9.450,+0.934
1668860820,+3.45, +9.356, +9.412,+0.934
1668860880,+3.45, +9.338, +9.377,+0.934
1668860940,+3.45, +9.347, +9.319,+0.934
1668861000,+3.45, +9.319, +9.305,+0.934
1668861060,+3.45, +9.319, +9.256,+0.934
1668861120,+3.45, +9.338, +9.163,+0.934
1668861180,+3.45, +9.310, +9.081,+0.934
1668861240,+3.45, +9.319, +9.107,+0.934
1668861300,+3.45, +9.310, +9.204,+0.934
1668861360,+3.45, +9.319, +9.328,+0.934
1668861420,+3.45, +9.329, +9.434,+0.934
1668861480,+3.45, +9.338, +9.519,+0.934
1668861540,+3.45, +9.338, +9.568,+0.934
1668861600,+3.45, +9.310, +9.575,+0.934
1668861660,+3.45, +9.329, +9.476,+0.934
1668861720,+3.45, +9.319, +9.386,+0.934
1668861780,+3.45, +9.301, +9.407,+0.934
1668861840,+3.45, +9.301, +9.376,+0.934
1668861900,+3.45, +9.338, +9.406,+0.934
1668861960,+3.45, +9.329, +9.395,+0.934
1668862020,+3.45, +9.338, +9.146,+0.934
1668862080,+3.45, +9.329, +9.130,+0.934
1668862140,+3.45, +9.319, +8.893,+0.934
1668862200,+3.45, +9.356, +8.730,+0.934
1668862260,+3.45, +9.347, +8.838,+0.934
1668862320,+3.45, +9.338, +9.117,+0.933
1668862380,+3.45, +9.329, +9.412,+0.934
1668862440,+3.45, +9.347, +9.707,+0.934
1668862500,+3.45, +9.329, +9.891,+0.934
1668862560,+3.45, +9.338,+10.088,+0.934
1668862620,+3.45, +9.356,+10.288,+0.934
1668862680,+3.45, +9.365,+10.504,+0.935
1668862740,+3.45, +9.347,+10.652,+0.935
1668862800,+3.45, +9.365,+10.775,+0.935
1668862860,+3.45, +9.347,+10.879,+0.935
1668862920,+3.45, +9.347,+10.987,+0.935
1668862980,+3.45, +9.347,+11.051,+0.934
1668863040,+3.45, +9.356,+11.077,+0.935
1668863100,+3.45, +9.375,+11.156,+0.935
1668863160,+3.45, +9.365,+11.283,+0.935
1668863220,+3.45, +9.375,+11.316,+0.935
1668863280,+3.45, +9.375,+11.401,+0.935
1668863340,+3.45, +9.375,+11.439,+0.935
1668863400,+3.45, +9.393,+11.385,+0.935
1668863460,+3.45, +9.375,+11.258,+0.935
1668863520,+3.45, +9.384,+11.225,+0.935
1668863580,+3.45, +9.412,+11.305,+0.935
1668863640,+3.45, +9.393,+11.376,+0.935
1668863700,+3.45, +9.384,+11.391,+0.935
1668863760,+3.45, +9.412,+11.343,+0.935
1668863820,+3.45, +9.402,+11.350,+0.935
1668863880,+3.45, +9.421,+11.280,+0.935
1668863940,+3.45, +9.402,+11.278,+0.935
1668864000,+3.45, +9.421,+11.406,+0.935
1668864060,+3.45, +9.421,+11.535,+0.935
1668864120,+3.45, +9.449,+11.392,+0.935
1668864180,+3.45, +9.421,+11.288,+0.935
1668864240,+3.45, +9.449,+11.144,+0.934
1668864300,+3.45, +9.439,+10.781,+0.935
1668864360,+3.45, +9.449,+10.593,+0.934
1668864420,+3.45, +9.467,+10.574,+0.934
1668864480,+3.45, +9.458,+10.564,+0.934
1668864540,+3.45, +9.458,+10.495,+0.934
1668864600,+3.45, +9.458,+10.327,+0.934
1668864660,+3.45, +9.485,+10.336,+0.934
1668864720,+3.45, +9.485,+10.361,+0.935
1668864780,+3.45, +9.495,+10.395,+0.935
1668864840,+3.45, +9.467,+10.616,+0.934
1668864900,+3.45, +9.495,+10.661,+0.935
1668864960,+3.45, +9.504,+10.663,+0.935
1668865020,+3.45, +9.485,+10.676,+0.935
1668865080,+3.45, +9.485,+10.694,+0.935
1668865140,+3.45, +9.476,+10.685,+0.935
1668865200,+3.45, +9.476,+10.688,+0.934
1668865260,+3.45, +9.495,+10.656,+0.935
1668865320,+3.45, +9.513,+10.657,+0.935
1668865380,+3.45, +9.513,+10.673,+0.935
1668865440,+3.45, +9.578,+10.662,+0.935
1668865500,+3.45, +9.642,+10.590,+0.935
1668865560,+3.44, +9.752,+10.537,+0.935
1668865620,+3.44, +9.890,+10.364,+0.935
1668865680,+3.44, +9.862,+10.341,+0.934
1668865740,+3.44, +9.853,+10.295,+0.934
1668865800,+3.44, +9.844,+10.233,+0.934
1668865860,+3.44, +9.835,+10.188,+0.934
1668865920,+3.44, +9.862,+10.160,+0.934
1668865980,+3.44, +9.871,+10.138,+0.934
1668866040,+3.44, +9.908,+10.248,+0.935
1668866100,+3.44,+10.054,+10.311,+0.935
1668866160,+3.44,+10.009,+10.353,+0.934
1668866220,+3.44, +9.990,+10.510,+0.935
1668866280,+3.44,+10.027,+10.512,+0.935
1668866340,+3.44,+10.036,+10.427,+0.934
1668866400,+3.44, +9.990,+10.528,+0.935
1668866460,+3.44, +9.954,+10.500,+0.934
1668866520,+3.44, +9.908,+10.412,+0.934
1668866580,+3.44, +9.935,+10.490,+0.935
1668866640,+3.44, +9.908,+10.604,+0.935
1668866700,+3.44, +9.890,+10.624,+0.935
1668866760,+3.44, +9.881,+10.582,+0.934
1668866820,+3.45,+10.091,+10.597,+0.935
1668866880,+3.45,+10.173,+10.473,+0.935
1668866940,+3.45,+10.146,+10.376,+0.934
1668867000,+3.45,+10.109,+10.338,+0.934
1668867060,+3.45,+10.127,+10.305,+0.934
1668867120,+3.45,+10.146,+10.290,+0.934
1668867180,+3.45,+10.146,+10.288,+0.934
1668867240,+3.45,+10.155,+10.244,+0.934
1668867300,+3.45,+10.219,+10.257,+0.934
1668867360,+3.45,+10.401,+10.496,+0.935
1668867420,+3.45,+10.537,+10.362,+0.934
1668867480,+3.45,+10.546,+10.310,+0.934
1668867540,+3.45,+10.582,+10.227,+0.935
1668867600,+3.45,+10.628,+10.205,+0.935
1668867660,+3.45,+10.655,+10.129,+0.934
1668867720,+3.45,+10.628,+10.017,+0.934
1668867780,+3.45,+10.673, +9.861,+0.935
1668867840,+3.45,+10.673, +9.739,+0.934
1668867900,+3.45,+10.682, +9.629,+0.934
1668867960,+3.45,+10.673, +9.547,+0.934
1668868020,+3.45,+10.691, +9.422,+0.934
1668868080,+3.45,+10.664, +9.319,+0.934
1668868140,+3.45,+10.673, +9.234,+0.934
1668868200,+3.45,+10.673, +9.155,+0.934
1668868260,+3.45,+10.709, +9.130,+0.934
1668868320,+3.45,+10.709, +9.295,+0.934
1668868380,+3.45,+10.709, +9.659,+0.934
1668868440,+3.45,+10.682, +9.885,+0.934
1668868500,+3.45,+10.718, +9.934,+0.934
1668868560,+3.45,+10.718, +9.958,+0.935
1668868620,+3.45,+10.745,+10.029,+0.934
1668868680,+3.45,+10.727,+10.070,+0.935
1668868740,+3.45,+10.745,+10.136,+0.935
1668868800,+3.45,+10.727,+10.216,+0.934
1668868860,+3.45,+10.745,+10.227,+0.934
1668868920,+3.45,+10.763,+10.196,+0.935
1668868980,+3.45,+10.763,+10.174,+0.934
1668869040,+3.45,+10.763,+10.219,+0.935
1668869100,+3.45,+10.763,+10.187,+0.934
1668869160,+3.45,+10.754,+10.189,+0.934
1668869220,+3.45,+10.745,+10.307,+0.935
1668869280,+3.45,+10.763,+10.264,+0.935
1668869340,+3.45,+10.772,+10.185,+0.935
1668869400,+3.45,+10.772,+10.113,+0.934
1668869460,+3.45,+10.781,+10.056,+0.934
1668869520,+3.45,+10.781,+10.024,+0.935
1668869580,+3.45,+10.808,+10.044,+0.934
1668869640,+3.45,+10.763,+10.160,+0.934
1668869700,+3.45,+10.763,+10.172,+0.934
1668869760,+3.45,+10.772,+10.265,+0.934
1668869820,+3.45,+10.781,+10.278,+0.935
1668869880,+3.45,+10.763,+10.249,+0.935
1668869940,+3.45,+10.790,+10.246,+0.934
1668870000,+3.45,+10.781,+10.274,+0.935
1668870060,+3.45,+10.772,+10.122,+0.935
1668870120,+3.45,+10.781,+10.301,+0.935
1668870180,+3.45,+10.772,+10.309,+0.934
1668870240,+3.45,+10.772,+10.300,+0.935
1668870300,+3.45,+10.763,+10.301,+0.935
1668870360,+3.45,+10.763,+10.263,+0.934
1668870420,+3.45,+10.727,+10.252,+0.935
1668870480,+3.45,+10.736,+10.234,+0.934
1668870540,+3.45,+10.727,+10.257,+0.934
1668870600,+3.45,+10.718,+10.247,+0.935
1668870660,+3.45,+10.709,+10.188,+0.935
1668870720,+3.45,+10.691,+10.131,+0.934
1668870780,+3.45,+10.682,+10.107,+0.934
1668870840,+3.45,+10.682,+10.057,+0.934
1668870900,+3.45,+10.673,+10.055,+0.935
1668870960,+3.45,+10.709,+10.013,+0.934
1668871020,+3.45,+10.691,+10.002,+0.934
1668871080,+3.45,+10.691,+10.000,+0.934
1668871140,+3.45,+10.700,+10.004,+0.934
1668871200,+3.45,+10.682,+10.038,+0.934
1668871260,+3.45,+10.691,+10.132,+0.934
1668871320,+3.45,+10.691,+10.450,+0.935
1668871380,+3.45,+10.691,+10.565,+0.935
1668871440,+3.45,+10.691,+10.587,+0.935
1668871500,+3.45,+10.673,+10.440,+0.935
1668871560,+3.45,+10.691,+10.264,+0.934
1668871620,+3.45,+10.664,+10.142,+0.934
1668871680,+3.45,+10.691,+10.040,+0.934
1668871740,+3.45,+10.673, +9.967,+0.934
1668871800,+3.45,+10.664, +9.945,+0.934
1668871860,+3.45,+10.664, +9.994,+0.935
1668871920,+3.45,+10.673,+10.002,+0.934
1668871980,+3.45,+10.673,+10.078,+0.934
1668872040,+3.45,+10.664,+10.161,+0.935
1668872100,+3.45,+10.673,+10.178,+0.934
1668872160,+3.45,+10.664,+10.197,+0.935
1668872220,+3.45,+10.673,+10.217,+0.934
1668872280,+3.45,+10.664,+10.250,+0.935
1668872340,+3.45,+10.691,+10.331,+0.935
1668872400,+3.45,+10.673,+10.368,+0.935
1668872460,+3.45,+10.700,+10.312,+0.935
1668872520,+3.45,+10.709,+10.281,+0.935
1668872580,+3.45,+10.682,+10.309,+0.934
1668872640,+3.45,+10.718,+10.325,+0.935
1668872700,+3.45,+10.718,+10.358,+0.935
1668872760,+3.45,+10.718,+10.376,+0.935
1668872820,+3.45,+10.736,+10.436,+0.935
1668872880,+3.45,+10.727,+10.488,+0.935
1668872940,+3.45,+10.754,+10.469,+0.935
1668873000,+3.45,+10.745,+10.424,+0.934
1668873060,+3.45,+10.745,+10.385,+0.935
1668873120,+3.45,+10.772,+10.392,+0.935
1668873180,+3.45,+10.772,+10.402,+0.935
1668873240,+3.45,+10.772,+10.406,+0.935
1668873300,+3.45,+10.772,+10.404,+0.935
1668873360,+3.45,+10.754,+10.678,+0.935
1668873420,+3.45,+10.799,+10.754,+0.935
1668873480,+3.45,+10.808,+10.714,+0.935
1668873540,+3.45,+10.799,+10.582,+0.935
1668873600,+3.45,+10.790,+10.527,+0.935
1668873660,+3.45,+10.790,+10.444,+0.935
1668873720,+3.45,+10.790,+10.413,+0.934
1668873780,+3.45,+10.799,+10.410,+0.935
1668873840,+3.45,+10.799,+10.357,+0.935
1668873900,+3.45,+10.799,+10.336,+0.934
1668873960,+3.45,+10.808,+10.313,+0.935
1668874020,+3.45,+10.808,+10.324,+0.935
1668874080,+3.45,+10.836,+10.433,+0.935
1668874140,+3.45,+10.818,+10.451,+0.935
1668874200,+3.45,+10.845,+10.504,+0.935
1668874260,+3.45,+10.854,+10.557,+0.935
1668874320,+3.45,+10.827,+10.587,+0.935
1668874380,+3.45,+10.845,+10.581,+0.935
1668874440,+3.45,+10.845,+10.682,+0.935
1668874500,+3.45,+10.863,+10.685,+0.935
1668874560,+3.45,+10.836,+10.787,+0.934
1668874620,+3.45,+10.872,+10.734,+0.935
1668874680,+3.45,+10.854,+10.667,+0.935
1668874740,+3.45,+10.845,+10.694,+0.935
1668874800,+3.45,+10.854,+10.691,+0.935
1668874860,+3.45,+10.872,+10.762,+0.935
1668874920,+3.45,+10.854,+10.751,+0.935
1668874980,+3.45,+10.872,+10.806,+0.934
1668875040,+3.45,+10.845,+10.865,+0.935
1668875100,+3.45,+10.863,+10.902,+0.935
1668875160,+3.45,+10.845,+10.955,+0.935
1668875220,+3.45,+10.881,+10.943,+0.935
1668875280,+3.45,+10.881,+10.980,+0.935
1668875340,+3.45,+10.863,+10.968,+0.935
1668875400,+3.45,+10.863,+10.961,+0.935
1668875460,+3.45,+10.863,+10.953,+0.935
1668875520,+3.45,+10.845,+10.890,+0.935
1668875580,+3.45,+10.863,+10.868,+0.935
1668875640,+3.45,+10.854,+10.853,+0.935
1668875700,+3.45,+10.845,+10.828,+0.934
1668875760,+3.45,+10.854,+10.731,+0.934
1668875820,+3.45,+10.827,+10.719,+0.935
1668875880,+3.45,+10.827,+10.699,+0.935
1668875940,+3.45,+10.808,+10.612,+0.935
1668876000,+3.45,+10.745,+10.566,+0.935
1668876060,+3.45,+10.700,+10.519,+0.935
1668876120,+3.45,+10.700,+10.453,+0.934
1668876180,+3.45,+10.664,+10.433,+0.935
1668876240,+3.45,+10.655,+10.411,+0.935
1668876300,+3.45,+10.618,+10.371,+0.935
1668876360,+3.45,+10.582,+10.416,+0.935
1668876420,+3.45,+10.537,+10.497,+0.935
1668876480,+3.45,+10.537,+10.603,+0.935
1668876540,+3.45,+10.510,+10.590,+0.935
1668876600,+3.45,+10.492,+10.536,+0.935
