7450-364333
OS REV: 1.05 Sensor Cal: 1644948279
Time (sec),  BV (Volts),  T (deg C),  DO (mg/l),  Q ()
1664643060,+3.48,+17.994, +8.709,+0.944
1664643120,+3.48,+17.960, +8.752,+0.944
1664643180,+3.48,+17.994, +8.722,+0.943
1664643240,+3.48,+17.986, +8.716,+0.944
1664643300,+3.48,+17.986, +8.696,+0.944
1664643360,+3.48,+17.994, +8.682,+0.944
1664643420,+3.48,+17.986, +8.683,+0.944
1664643480,+3.48,+17.994, +8.690,+0.944
1664643540,+3.48,+18.019, +8.650,+0.944
1664643600,+3.48,+18.011, +8.623,+0.944
1664643660,+3.48,+18.011, +8.640,+0.944
1664643720,+3.48,+18.019, +8.629,+0.944
1664643780,+3.48,+18.045, +8.634,+0.944
1664643840,+3.48,+18.045, +8.627,+0.944
1664643900,+3.48,+18.078, +8.604,+0.944
1664643960,+3.48,+18.045, +8.631,+0.944
1664644020,+3.48,+18.036, +8.625,+0.944
1664644080,+3.48,+18.070, +8.625,+0.944
1664644140,+3.48,+18.070, +8.611,+0.944
1664644200,+3.48,+18.061, +8.599,+0.943
1664644260,+3.48,+18.053, +8.615,+0.944
1664644320,+3.48,+18.061, +8.613,+0.944
1664644380,+3.48,+18.061, +8.582,+0.943
1664644440,+3.48,+18.053, +8.569,+0.943
1664644500,+3.48,+18.053, +8.543,+0.943
1664644560,+3.48,+18.061, +8.561,+0.943
1664644620,+3.48,+18.019, +8.626,+0.944
1664644680,+3.48,+18.011, +8.643,+0.944
1664644740,+3.48,+18.011, +8.647,+0.944
1664644800,+3.48,+17.977, +8.655,+0.943
1664644860,+3.48,+17.986, +8.666,+0.944
1664644920,+3.48,+17.960, +8.678,+0.944
1664644980,+3.48,+17.960, +8.680,+0.944
1664645040,+3.48,+17.960, +8.678,+0.943
1664645100,+3.48,+17.969, +8.686,+0.944
1664645160,+3.48,+17.952, +8.691,+0.944
1664645220,+3.48,+17.969, +8.665,+0.943
1664645280,+3.48,+17.977, +8.686,+0.944
1664645340,+3.48,+17.960, +8.686,+0.944
1664645400,+3.48,+17.960, +8.691,+0.944
1664645460,+3.48,+17.960, +8.688,+0.944
1664645520,+3.48,+17.994, +8.673,+0.944
1664645580,+3.48,+17.994, +8.623,+0.944
1664645640,+3.48,+18.036, +8.592,+0.944
1664645700,+3.48,+18.028, +8.596,+0.944
1664645760,+3.48,+18.028, +8.596,+0.944
1664645820,+3.48,+18.061, +8.571,+0.944
1664645880,+3.48,+18.036, +8.573,+0.944
1664645940,+3.48,+18.078, +8.537,+0.943
1664646000,+3.48,+18.070, +8.546,+0.944
1664646060,+3.48,+18.070, +8.541,+0.943
1664646120,+3.48,+18.070, +8.550,+0.944
1664646180,+3.48,+18.061, +8.562,+0.944
1664646240,+3.48,+18.061, +8.578,+0.944
1664646300,+3.48,+18.061, +8.567,+0.944
1664646360,+3.48,+18.053, +8.574,+0.944
1664646420,+3.48,+18.053, +8.601,+0.943
1664646480,+3.48,+18.028, +8.649,+0.943
1664646540,+3.48,+18.011, +8.648,+0.943
1664646600,+3.48,+18.019, +8.676,+0.944
1664646660,+3.48,+17.994, +8.718,+0.944
1664646720,+3.48,+17.960, +8.742,+0.943
1664646780,+3.48,+17.926, +8.756,+0.944
1664646840,+3.48,+17.935, +8.762,+0.944
1664646900,+3.48,+17.960, +8.712,+0.944
1664646960,+3.48,+17.952, +8.745,+0.944
1664647020,+3.48,+17.935, +8.734,+0.944
1664647080,+3.48,+17.943, +8.736,+0.944
1664647140,+3.48,+17.935, +8.737,+0.944
1664647200,+3.48,+17.935, +8.749,+0.944
1664647260,+3.48,+17.952, +8.739,+0.943
1664647320,+3.48,+17.935, +8.759,+0.944
1664647380,+3.48,+17.952, +8.751,+0.943
1664647440,+3.48,+17.935, +8.778,+0.944
1664647500,+3.48,+17.943, +8.771,+0.944
1664647560,+3.48,+17.935, +8.780,+0.944
1664647620,+3.48,+17.910, +8.784,+0.943
1664647680,+3.48,+17.918, +8.787,+0.944
1664647740,+3.48,+17.935, +8.781,+0.944
1664647800,+3.48,+17.935, +8.767,+0.944
1664647860,+3.48,+17.943, +8.775,+0.944
1664647920,+3.48,+17.960, +8.770,+0.944
1664647980,+3.48,+17.960, +8.769,+0.944
1664648040,+3.48,+17.986, +8.763,+0.944
1664648100,+3.48,+17.960, +8.793,+0.944
1664648160,+3.48,+17.986, +8.793,+0.944
1664648220,+3.48,+17.986, +8.819,+0.944
1664648280,+3.48,+17.994, +8.838,+0.944
1664648340,+3.48,+17.977, +8.839,+0.944
1664648400,+3.48,+17.977, +8.860,+0.944
1664648460,+3.48,+17.994, +8.872,+0.944
1664648520,+3.48,+17.994, +8.886,+0.944
1664648580,+3.48,+18.011, +8.885,+0.944
1664648640,+3.48,+17.994, +8.884,+0.944
1664648700,+3.48,+18.011, +8.858,+0.944
1664648760,+3.48,+18.045, +8.836,+0.944
1664648820,+3.48,+18.053, +8.827,+0.944
1664648880,+3.48,+18.070, +8.818,+0.944
1664648940,+3.48,+18.070, +8.809,+0.943
1664649000,+3.48,+18.104, +8.798,+0.944
1664649060,+3.48,+18.095, +8.803,+0.944
1664649120,+3.48,+18.104, +8.791,+0.944
1664649180,+3.48,+18.120, +8.768,+0.944
1664649240,+3.48,+18.095, +8.773,+0.943
1664649300,+3.48,+18.120, +8.765,+0.944
1664649360,+3.48,+18.120, +8.746,+0.944
1664649420,+3.48,+18.120, +8.746,+0.944
1664649480,+3.48,+18.137, +8.737,+0.944
1664649540,+3.48,+18.137, +8.725,+0.944
1664649600,+3.48,+18.137, +8.719,+0.944
1664649660,+3.48,+18.154, +8.709,+0.944
1664649720,+3.48,+18.154, +8.723,+0.944
1664649780,+3.48,+18.171, +8.743,+0.944
1664649840,+3.48,+18.154, +8.737,+0.943
1664649900,+3.48,+18.146, +8.741,+0.944
1664649960,+3.48,+18.137, +8.751,+0.944
1664650020,+3.48,+18.129, +8.762,+0.944
1664650080,+3.48,+18.120, +8.721,+0.943
1664650140,+3.48,+18.120, +8.743,+0.944
1664650200,+3.48,+18.112, +8.743,+0.944
1664650260,+3.48,+18.104, +8.750,+0.944
1664650320,+3.48,+18.137, +8.837,+0.943
1664650380,+3.48,+18.154, +8.847,+0.944
1664650440,+3.48,+18.179, +8.827,+0.944
1664650500,+3.48,+18.196, +8.814,+0.944
1664650560,+3.48,+18.179, +8.802,+0.944
1664650620,+3.48,+18.171, +8.803,+0.944
1664650680,+3.48,+18.196, +8.802,+0.944
1664650740,+3.48,+18.188, +8.801,+0.944
1664650800,+3.48,+18.188, +8.812,+0.944
1664650860,+3.48,+18.179, +8.829,+0.944
1664650920,+3.48,+18.188, +8.847,+0.944
1664650980,+3.48,+18.163, +8.860,+0.944
1664651040,+3.48,+18.163, +8.853,+0.944
1664651100,+3.48,+18.179, +8.840,+0.944
1664651160,+3.48,+18.196, +8.831,+0.944
1664651220,+3.48,+18.188, +8.812,+0.944
1664651280,+3.48,+18.179, +8.808,+0.944
1664651340,+3.48,+18.179, +8.811,+0.944
1664651400,+3.48,+18.171, +8.776,+0.943
1664651460,+3.48,+18.171, +8.758,+0.943
1664651520,+3.48,+18.179, +8.750,+0.944
1664651580,+3.48,+18.179, +8.730,+0.943
1664651640,+3.48,+18.171, +8.725,+0.944
1664651700,+3.48,+18.179, +8.712,+0.944
1664651760,+3.48,+18.179, +8.723,+0.944
1664651820,+3.48,+18.154, +8.714,+0.944
1664651880,+3.48,+18.171, +8.712,+0.944
1664651940,+3.48,+18.163, +8.692,+0.943
1664652000,+3.48,+18.163, +8.703,+0.944
1664652060,+3.48,+18.179, +8.698,+0.944
1664652120,+3.48,+18.163, +8.777,+0.944
1664652180,+3.48,+18.154, +8.769,+0.944
1664652240,+3.48,+18.171, +8.778,+0.944
1664652300,+3.48,+18.163, +8.759,+0.943
1664652360,+3.48,+18.179, +8.744,+0.944
1664652420,+3.48,+18.154, +8.739,+0.944
1664652480,+3.48,+18.154, +8.737,+0.944
1664652540,+3.48,+18.163, +8.736,+0.944
1664652600,+3.48,+18.146, +8.731,+0.943
1664652660,+3.48,+18.146, +8.724,+0.944
1664652720,+3.48,+18.146, +8.713,+0.944
1664652780,+3.48,+18.154, +8.706,+0.944
1664652840,+3.48,+18.154, +8.728,+0.944
1664652900,+3.48,+18.146, +8.735,+0.944
1664652960,+3.48,+18.146, +8.741,+0.944
1664653020,+3.48,+18.163, +8.770,+0.944
1664653080,+3.48,+18.163, +8.744,+0.944
1664653140,+3.48,+18.137, +8.751,+0.944
1664653200,+3.48,+18.154, +8.770,+0.944
1664653260,+3.48,+18.154, +8.777,+0.943
1664653320,+3.48,+18.146, +8.792,+0.944
1664653380,+3.48,+18.163, +8.780,+0.944
1664653440,+3.48,+18.163, +8.785,+0.944
1664653500,+3.48,+18.154, +8.787,+0.944
1664653560,+3.48,+18.154, +8.778,+0.944
1664653620,+3.48,+18.129, +8.787,+0.944
1664653680,+3.48,+18.120, +8.700,+0.944
1664653740,+3.48,+18.129, +8.726,+0.943
1664653800,+3.48,+18.129, +8.749,+0.944
1664653860,+3.48,+18.137, +8.815,+0.944
1664653920,+3.48,+18.120, +8.834,+0.944
1664653980,+3.48,+18.120, +8.810,+0.944
1664654040,+3.48,+18.129, +8.849,+0.944
1664654100,+3.48,+18.120, +8.832,+0.943
1664654160,+3.48,+18.137, +8.838,+0.944
1664654220,+3.48,+18.129, +8.888,+0.944
1664654280,+3.48,+18.120, +8.823,+0.944
1664654340,+3.48,+18.146, +8.825,+0.944
1664654400,+3.48,+18.129, +8.841,+0.944
1664654460,+3.48,+18.146, +8.798,+0.944
1664654520,+3.48,+18.129, +8.859,+0.944
1664654580,+3.48,+18.137, +8.895,+0.944
1664654640,+3.48,+18.120, +8.867,+0.944
1664654700,+3.48,+18.129, +8.863,+0.944
1664654760,+3.48,+18.120, +8.908,+0.944
1664654820,+3.48,+18.129, +8.910,+0.944
1664654880,+3.48,+18.129, +8.904,+0.944
1664654940,+3.48,+18.129, +9.032,+0.944
1664655000,+3.48,+18.163, +8.978,+0.944
1664655060,+3.48,+18.129, +8.960,+0.944
1664655120,+3.48,+18.129, +9.000,+0.944
1664655180,+3.48,+18.137, +8.994,+0.944
1664655240,+3.48,+18.120, +8.988,+0.944
1664655300,+3.48,+18.120, +8.932,+0.944
1664655360,+3.48,+18.137, +8.935,+0.944
1664655420,+3.48,+18.112, +8.937,+0.944
1664655480,+3.48,+18.112, +8.942,+0.944
1664655540,+3.48,+18.095, +8.849,+0.944
1664655600,+3.48,+18.087, +8.737,+0.943
1664655660,+3.48,+18.070, +8.736,+0.944
1664655720,+3.48,+18.061, +8.714,+0.944
1664655780,+3.48,+18.036, +8.725,+0.944
1664655840,+3.48,+18.036, +8.742,+0.944
1664655900,+3.48,+18.028, +8.759,+0.943
1664655960,+3.48,+18.045, +8.743,+0.943
1664656020,+3.48,+18.028, +8.762,+0.944
1664656080,+3.48,+18.019, +8.754,+0.944
1664656140,+3.48,+18.019, +8.773,+0.944
1664656200,+3.48,+18.011, +8.756,+0.944
1664656260,+3.48,+18.002, +8.746,+0.943
1664656320,+3.48,+18.028, +8.754,+0.944
1664656380,+3.48,+18.002, +8.758,+0.944
1664656440,+3.48,+18.036, +8.780,+0.944
1664656500,+3.48,+18.002, +8.759,+0.944
1664656560,+3.48,+18.028, +8.829,+0.944
1664656620,+3.48,+18.045, +8.812,+0.944
1664656680,+3.48,+18.036, +8.883,+0.944
1664656740,+3.48,+18.053, +8.930,+0.944
1664656800,+3.48,+18.095, +9.053,+0.944
1664656860,+3.48,+18.112, +9.044,+0.944
1664656920,+3.48,+18.112, +9.026,+0.944
1664656980,+3.48,+18.112, +9.000,+0.944
1664657040,+3.48,+18.112, +8.978,+0.944
1664657100,+3.48,+18.095, +8.917,+0.944
1664657160,+3.48,+18.087, +8.937,+0.944
1664657220,+3.48,+18.078, +8.953,+0.944
1664657280,+3.48,+18.087, +8.900,+0.944
1664657340,+3.48,+18.087, +8.900,+0.944
1664657400,+3.48,+18.070, +8.876,+0.944
1664657460,+3.48,+18.061, +8.856,+0.944
1664657520,+3.48,+18.053, +8.776,+0.943
1664657580,+3.48,+18.045, +8.806,+0.944
1664657640,+3.48,+18.045, +8.904,+0.944
1664657700,+3.48,+18.045, +8.859,+0.944
1664657760,+3.48,+18.036, +8.783,+0.943
1664657820,+3.48,+18.019, +8.770,+0.943
1664657880,+3.48,+18.028, +8.801,+0.944
1664657940,+3.48,+18.036, +8.762,+0.944
1664658000,+3.48,+18.028, +8.787,+0.944
1664658060,+3.48,+18.011, +8.791,+0.944
1664658120,+3.48,+18.002, +8.755,+0.944
1664658180,+3.48,+17.994, +8.795,+0.944
1664658240,+3.48,+17.986, +8.737,+0.943
1664658300,+3.48,+17.977, +8.666,+0.943
1664658360,+3.48,+17.977, +8.722,+0.944
1664658420,+3.48,+17.986, +8.735,+0.943
1664658480,+3.48,+17.986, +8.739,+0.943
1664658540,+3.48,+17.994, +8.812,+0.943
1664658600,+3.48,+18.011, +8.896,+0.944
1664658660,+3.48,+18.036, +8.917,+0.944
1664658720,+3.48,+18.036, +8.901,+0.944
1664658780,+3.48,+18.078, +8.908,+0.943
1664658840,+3.48,+18.070, +8.926,+0.944
1664658900,+3.48,+18.070, +8.901,+0.944
1664658960,+3.48,+18.061, +8.884,+0.944
1664659020,+3.48,+18.070, +8.890,+0.944
1664659080,+3.48,+18.070, +8.893,+0.944
1664659140,+3.48,+18.061, +8.908,+0.944
1664659200,+3.48,+18.061, +8.890,+0.944
1664659260,+3.48,+18.053, +8.886,+0.944
1664659320,+3.48,+18.061, +8.898,+0.944
1664659380,+3.48,+18.028, +8.879,+0.944
1664659440,+3.48,+18.019, +8.860,+0.944
1664659500,+3.48,+17.994, +8.849,+0.944
1664659560,+3.48,+17.986, +8.854,+0.944
1664659620,+3.48,+17.969, +8.838,+0.944
1664659680,+3.48,+17.952, +8.801,+0.944
1664659740,+3.48,+17.935, +8.793,+0.943
1664659800,+3.48,+17.926, +8.755,+0.944
1664659860,+3.48,+17.910, +8.753,+0.943
1664659920,+3.48,+17.893, +8.799,+0.944
1664659980,+3.48,+17.918, +8.782,+0.944
1664660040,+3.48,+17.910, +8.836,+0.943
1664660100,+3.48,+17.910, +8.810,+0.944
1664660160,+3.48,+17.926, +8.843,+0.943
1664660220,+3.48,+17.935, +8.854,+0.944
1664660280,+3.48,+17.935, +8.833,+0.944
1664660340,+3.48,+17.893, +8.822,+0.944
1664660400,+3.48,+17.918, +8.880,+0.944
1664660460,+3.48,+17.935, +8.890,+0.944
1664660520,+3.48,+17.943, +8.839,+0.944
1664660580,+3.48,+17.935, +8.855,+0.944
1664660640,+3.48,+17.935, +8.874,+0.944
1664660700,+3.48,+17.960, +8.900,+0.944
1664660760,+3.48,+17.986, +8.906,+0.944
1664660820,+3.48,+18.019, +8.917,+0.944
1664660880,+3.48,+18.045, +8.889,+0.943
1664660940,+3.48,+18.036, +8.901,+0.944
1664661000,+3.48,+18.053, +8.894,+0.944
1664661060,+3.48,+18.095, +8.872,+0.944
1664661120,+3.48,+18.061, +8.874,+0.944
1664661180,+3.48,+18.070, +8.865,+0.944
1664661240,+3.48,+18.070, +8.860,+0.944
1664661300,+3.48,+18.070, +8.851,+0.944
1664661360,+3.48,+18.078, +8.865,+0.944
1664661420,+3.48,+18.087, +8.853,+0.944
1664661480,+3.48,+18.061, +8.866,+0.943
1664661540,+3.48,+18.045, +8.871,+0.944
1664661600,+3.48,+18.053, +8.873,+0.944
1664661660,+3.48,+18.053, +8.869,+0.943
1664661720,+3.48,+18.053, +8.878,+0.944
1664661780,+3.48,+18.019, +8.882,+0.944
1664661840,+3.48,+18.045, +8.885,+0.944
1664661900,+3.48,+18.061, +8.870,+0.944
1664661960,+3.48,+17.994, +8.860,+0.943
1664662020,+3.48,+17.994, +8.861,+0.943
1664662080,+3.48,+18.002, +8.889,+0.944
1664662140,+3.48,+18.019, +8.885,+0.944
1664662200,+3.48,+18.028, +8.853,+0.943
1664662260,+3.48,+18.002, +8.863,+0.944
1664662320,+3.48,+17.986, +8.867,+0.944
1664662380,+3.48,+18.011, +8.876,+0.944
1664662440,+3.48,+18.002, +8.853,+0.944
1664662500,+3.48,+18.002, +8.869,+0.944
1664662560,+3.48,+18.002, +8.857,+0.944
1664662620,+3.48,+17.994, +8.865,+0.944
1664662680,+3.48,+17.977, +8.857,+0.944
1664662740,+3.48,+17.969, +8.838,+0.943
1664662800,+3.48,+17.960, +8.840,+0.944
1664662860,+3.48,+17.952, +8.856,+0.944
1664662920,+3.48,+17.994, +8.856,+0.944
1664662980,+3.48,+18.028, +8.857,+0.944
1664663040,+3.48,+18.011, +8.862,+0.944
1664663100,+3.48,+18.045, +8.849,+0.944
1664663160,+3.48,+18.053, +8.836,+0.943
1664663220,+3.48,+18.061, +8.828,+0.943
1664663280,+3.48,+18.053, +8.835,+0.944
1664663340,+3.48,+18.061, +8.835,+0.944
1664663400,+3.48,+18.053, +8.836,+0.944
1664663460,+3.48,+18.036, +8.834,+0.944
1664663520,+3.48,+18.053, +8.822,+0.943
1664663580,+3.48,+18.036, +8.837,+0.944
1664663640,+3.48,+18.045, +8.820,+0.943
1664663700,+3.48,+18.019, +8.835,+0.944
1664663760,+3.48,+18.019, +8.843,+0.944
1664663820,+3.48,+18.019, +8.843,+0.943
1664663880,+3.48,+18.019, +8.835,+0.944
1664663940,+3.48,+18.002, +8.843,+0.943
1664664000,+3.48,+17.994, +8.851,+0.943
1664664060,+3.48,+17.977, +8.862,+0.944
1664664120,+3.48,+17.994, +8.854,+0.944
1664664180,+3.48,+17.960, +8.864,+0.943
1664664240,+3.48,+17.977, +8.852,+0.943
1664664300,+3.48,+17.960, +8.855,+0.944
1664664360,+3.48,+17.943, +8.829,+0.944
1664664420,+3.48,+17.926, +8.835,+0.944
1664664480,+3.48,+17.943, +8.811,+0.944
1664664540,+3.48,+17.952, +8.852,+0.944
1664664600,+3.48,+17.943, +8.844,+0.944
1664664660,+3.48,+17.935, +8.846,+0.944
1664664720,+3.48,+17.943, +8.822,+0.944
1664664780,+3.48,+17.943, +8.802,+0.944
1664664840,+3.48,+17.935, +8.803,+0.943
1664664900,+3.48,+17.935, +8.779,+0.944
1664664960,+3.48,+17.918, +8.773,+0.944
1664665020,+3.48,+17.935, +8.762,+0.944
1664665080,+3.48,+17.952, +8.745,+0.944
1664665140,+3.48,+17.960, +8.739,+0.943
1664665200,+3.48,+17.986, +8.737,+0.944
1664665260,+3.48,+17.969, +8.751,+0.944
1664665320,+3.48,+17.986, +8.736,+0.943
1664665380,+3.48,+17.977, +8.748,+0.944
1664665440,+3.48,+17.977, +8.750,+0.944
1664665500,+3.48,+17.986, +8.741,+0.943
1664665560,+3.48,+17.960, +8.752,+0.944
1664665620,+3.48,+17.960, +8.753,+0.944
1664665680,+3.48,+17.952, +8.758,+0.944
1664665740,+3.48,+17.960, +8.754,+0.944
1664665800,+3.48,+17.952, +8.755,+0.944
1664665860,+3.48,+17.960, +8.765,+0.944
1664665920,+3.48,+17.952, +8.772,+0.944
1664665980,+3.48,+17.935, +8.795,+0.944
1664666040,+3.48,+17.918, +8.813,+0.944
1664666100,+3.48,+17.926, +8.799,+0.943
1664666160,+3.48,+17.910, +8.820,+0.944
1664666220,+3.48,+17.910, +8.821,+0.943
1664666280,+3.48,+17.910, +8.835,+0.943
1664666340,+3.48,+17.901, +8.831,+0.943
1664666400,+3.48,+17.893, +8.832,+0.944
1664666460,+3.48,+17.884, +8.833,+0.944
1664666520,+3.48,+17.901, +8.834,+0.944
1664666580,+3.48,+17.867, +8.831,+0.943
1664666640,+3.48,+17.867, +8.837,+0.944
1664666700,+3.48,+17.867, +8.842,+0.943
1664666760,+3.48,+17.867, +8.823,+0.943
1664666820,+3.48,+17.867, +8.830,+0.943
1664666880,+3.48,+17.851, +8.829,+0.944
1664666940,+3.48,+17.859, +8.807,+0.943
1664667000,+3.48,+17.867, +8.797,+0.944
1664667060,+3.48,+17.842, +8.793,+0.944
1664667120,+3.48,+17.842, +8.754,+0.944
1664667180,+3.48,+17.867, +8.700,+0.943
1664667240,+3.48,+17.876, +8.664,+0.944
1664667300,+3.48,+17.851, +8.752,+0.944
1664667360,+3.48,+17.876, +8.721,+0.944
1664667420,+3.48,+17.876, +8.739,+0.944
1664667480,+3.48,+17.876, +8.749,+0.944
1664667540,+3.48,+17.867, +8.747,+0.943
1664667600,+3.48,+17.884, +8.725,+0.943
1664667660,+3.48,+17.884, +8.723,+0.944
1664667720,+3.48,+17.884, +8.720,+0.944
1664667780,+3.48,+17.867, +8.753,+0.944
1664667840,+3.48,+17.867, +8.770,+0.944
1664667900,+3.48,+17.851, +8.795,+0.944
1664667960,+3.48,+17.851, +8.785,+0.944
1664668020,+3.48,+17.859, +8.793,+0.943
1664668080,+3.48,+17.817, +8.798,+0.944
1664668140,+3.48,+17.834, +8.779,+0.944
1664668200,+3.48,+17.817, +8.800,+0.944
1664668260,+3.48,+17.825, +8.787,+0.944
1664668320,+3.48,+17.817, +8.796,+0.944
1664668380,+3.48,+17.800, +8.792,+0.944
1664668440,+3.48,+17.808, +8.764,+0.944
1664668500,+3.48,+17.791, +8.760,+0.943
1664668560,+3.48,+17.775, +8.790,+0.944
1664668620,+3.48,+17.783, +8.785,+0.944
1664668680,+3.48,+17.758, +8.783,+0.944
1664668740,+3.48,+17.758, +8.768,+0.944
1664668800,+3.48,+17.749, +8.764,+0.944
1664668860,+3.48,+17.758, +8.758,+0.944
1664668920,+3.48,+17.732, +8.760,+0.944
1664668980,+3.48,+17.732, +8.752,+0.944
1664669040,+3.48,+17.741, +8.742,+0.944
1664669100,+3.48,+17.715, +8.750,+0.944
1664669160,+3.48,+17.732, +8.738,+0.944
1664669220,+3.48,+17.732, +8.727,+0.943
1664669280,+3.48,+17.682, +8.749,+0.944
1664669340,+3.48,+17.690, +8.748,+0.944
1664669400,+3.48,+17.699, +8.757,+0.944
1664669460,+3.48,+17.682, +8.760,+0.944
1664669520,+3.48,+17.673, +8.764,+0.944
1664669580,+3.48,+17.673, +8.754,+0.943
1664669640,+3.48,+17.699, +8.737,+0.943
1664669700,+3.48,+17.690, +8.751,+0.944
1664669760,+3.48,+17.690, +8.756,+0.944
1664669820,+3.48,+17.690, +8.754,+0.944
1664669880,+3.48,+17.690, +8.757,+0.943
1664669940,+3.48,+17.715, +8.748,+0.943
1664670000,+3.48,+17.699, +8.751,+0.944
1664670060,+3.48,+17.699, +8.736,+0.943
1664670120,+3.48,+17.707, +8.742,+0.944
1664670180,+3.48,+17.690, +8.734,+0.944
1664670240,+3.48,+17.707, +8.728,+0.944
1664670300,+3.48,+17.707, +8.727,+0.944
1664670360,+3.48,+17.699, +8.727,+0.944
1664670420,+3.48,+17.724, +8.713,+0.944
1664670480,+3.48,+17.724, +8.700,+0.944
1664670540,+3.48,+17.732, +8.693,+0.944
1664670600,+3.48,+17.724, +8.684,+0.944
1664670660,+3.48,+17.732, +8.682,+0.943
1664670720,+3.48,+17.724, +8.688,+0.943
1664670780,+3.48,+17.724, +8.653,+0.944
1664670840,+3.48,+17.732, +8.623,+0.944
1664670900,+3.48,+17.715, +8.641,+0.944
1664670960,+3.48,+17.724, +8.628,+0.943
1664671020,+3.48,+17.690, +8.643,+0.943
1664671080,+3.48,+17.690, +8.650,+0.943
1664671140,+3.48,+17.690, +8.663,+0.944
1664671200,+3.48,+17.682, +8.674,+0.944
1664671260,+3.48,+17.656, +8.683,+0.943
1664671320,+3.48,+17.665, +8.701,+0.944
1664671380,+3.48,+17.673, +8.683,+0.943
1664671440,+3.48,+17.656, +8.695,+0.944
1664671500,+3.48,+17.648, +8.703,+0.944
1664671560,+3.48,+17.656, +8.700,+0.944
1664671620,+3.48,+17.656, +8.706,+0.944
1664671680,+3.48,+17.656, +8.697,+0.944
1664671740,+3.48,+17.656, +8.693,+0.944
1664671800,+3.48,+17.656, +8.681,+0.944
1664671860,+3.48,+17.665, +8.683,+0.944
1664671920,+3.48,+17.673, +8.678,+0.944
1664671980,+3.48,+17.665, +8.679,+0.944
1664672040,+3.48,+17.665, +8.672,+0.943
1664672100,+3.48,+17.665, +8.675,+0.944
1664672160,+3.48,+17.656, +8.681,+0.944
1664672220,+3.48,+17.648, +8.685,+0.944
1664672280,+3.48,+17.673, +8.666,+0.943
1664672340,+3.48,+17.665, +8.665,+0.944
1664672400,+3.48,+17.665, +8.662,+0.944
1664672460,+3.48,+17.665, +8.656,+0.944
1664672520,+3.48,+17.682, +8.640,+0.943
1664672580,+3.48,+17.707, +8.634,+0.944
1664672640,+3.48,+17.690, +8.630,+0.944
1664672700,+3.48,+17.673, +8.623,+0.943
1664672760,+3.48,+17.682, +8.618,+0.944
1664672820,+3.48,+17.682, +8.610,+0.943
1664672880,+3.48,+17.690, +8.598,+0.943
1664672940,+3.48,+17.673, +8.600,+0.943
1664673000,+3.48,+17.673, +8.619,+0.944
1664673060,+3.48,+17.656, +8.649,+0.944
1664673120,+3.48,+17.656, +8.661,+0.944
1664673180,+3.48,+17.656, +8.647,+0.944
1664673240,+3.48,+17.648, +8.662,+0.943
1664673300,+3.48,+17.606, +8.690,+0.944
1664673360,+3.48,+17.631, +8.686,+0.944
1664673420,+3.48,+17.631, +8.692,+0.944
1664673480,+3.48,+17.639, +8.675,+0.943
1664673540,+3.48,+17.639, +8.681,+0.944
1664673600,+3.48,+17.648, +8.667,+0.943
1664673660,+3.48,+17.622, +8.670,+0.943
1664673720,+3.48,+17.639, +8.657,+0.943
1664673780,+3.48,+17.656, +8.657,+0.944
1664673840,+3.48,+17.648, +8.655,+0.944
1664673900,+3.48,+17.631, +8.651,+0.944
1664673960,+3.48,+17.648, +8.643,+0.943
1664674020,+3.48,+17.639, +8.640,+0.944
1664674080,+3.48,+17.648, +8.637,+0.943
1664674140,+3.48,+17.639, +8.651,+0.944
1664674200,+3.48,+17.639, +8.641,+0.943
1664674260,+3.48,+17.631, +8.649,+0.943
1664674320,+3.48,+17.631, +8.647,+0.943
1664674380,+3.48,+17.631, +8.648,+0.944
1664674440,+3.48,+17.631, +8.638,+0.944
1664674500,+3.48,+17.622, +8.654,+0.944
1664674560,+3.48,+17.597, +8.671,+0.944
1664674620,+3.48,+17.622, +8.660,+0.944
1664674680,+3.48,+17.606, +8.656,+0.944
1664674740,+3.48,+17.622, +8.655,+0.944
1664674800,+3.48,+17.631, +8.643,+0.943
1664674860,+3.48,+17.614, +8.656,+0.944
1664674920,+3.48,+17.614, +8.640,+0.943
1664674980,+3.48,+17.622, +8.637,+0.943
1664675040,+3.48,+17.631, +8.642,+0.944
1664675100,+3.48,+17.648, +8.624,+0.943
1664675160,+3.48,+17.622, +8.630,+0.943
1664675220,+3.48,+17.631, +8.626,+0.943
1664675280,+3.48,+17.631, +8.623,+0.944
1664675340,+3.48,+17.631, +8.615,+0.943
1664675400,+3.48,+17.656, +8.595,+0.943
1664675460,+3.48,+17.639, +8.608,+0.944
1664675520,+3.48,+17.631, +8.611,+0.944
1664675580,+3.48,+17.631, +8.616,+0.944
1664675640,+3.48,+17.631, +8.609,+0.944
1664675700,+3.48,+17.639, +8.589,+0.943
1664675760,+3.48,+17.656, +8.594,+0.944
1664675820,+3.48,+17.622, +8.587,+0.943
1664675880,+3.48,+17.631, +8.583,+0.943
1664675940,+3.48,+17.656, +8.578,+0.943
1664676000,+3.48,+17.656, +8.574,+0.943
1664676060,+3.48,+17.656, +8.582,+0.944
1664676120,+3.48,+17.648, +8.581,+0.944
1664676180,+3.48,+17.656, +8.592,+0.944
1664676240,+3.48,+17.665, +8.584,+0.943
1664676300,+3.48,+17.673, +8.586,+0.943
1664676360,+3.48,+17.665, +8.620,+0.943
1664676420,+3.48,+17.665, +8.630,+0.944
1664676480,+3.48,+17.673, +8.613,+0.943
1664676540,+3.48,+17.682, +8.626,+0.943
1664676600,+3.48,+17.606, +8.644,+0.943
1664676660,+3.48,+17.648, +8.633,+0.944
1664676720,+3.48,+17.639, +8.636,+0.944
1664676780,+3.48,+17.648, +8.631,+0.943
1664676840,+3.48,+17.631, +8.633,+0.943
1664676900,+3.48,+17.622, +8.631,+0.944
1664676960,+3.48,+17.631, +8.630,+0.944
1664677020,+3.48,+17.622, +8.637,+0.944
1664677080,+3.48,+17.622, +8.649,+0.944
1664677140,+3.48,+17.631, +8.651,+0.943
1664677200,+3.48,+17.614, +8.658,+0.943
1664677260,+3.48,+17.614, +8.657,+0.943
1664677320,+3.48,+17.606, +8.669,+0.943
1664677380,+3.48,+17.606, +8.713,+0.944
1664677440,+3.48,+17.614, +8.705,+0.943
1664677500,+3.48,+17.614, +8.729,+0.944
1664677560,+3.48,+17.614, +8.723,+0.943
1664677620,+3.48,+17.614, +8.710,+0.944
1664677680,+3.48,+17.606, +8.688,+0.944
1664677740,+3.48,+17.614, +8.668,+0.943
1664677800,+3.48,+17.606, +8.656,+0.944
1664677860,+3.48,+17.597, +8.657,+0.944
1664677920,+3.48,+17.606, +8.677,+0.944
1664677980,+3.48,+17.606, +8.670,+0.943
1664678040,+3.48,+17.606, +8.668,+0.943
1664678100,+3.48,+17.631, +8.675,+0.944
1664678160,+3.48,+17.622, +8.668,+0.944
1664678220,+3.48,+17.622, +8.700,+0.943
1664678280,+3.48,+17.631, +8.702,+0.944
1664678340,+3.48,+17.639, +8.695,+0.943
1664678400,+3.48,+17.648, +8.690,+0.944
1664678460,+3.48,+17.656, +8.695,+0.944
1664678520,+3.48,+17.631, +8.665,+0.943
1664678580,+3.48,+17.648, +8.654,+0.943
1664678640,+3.48,+17.665, +8.649,+0.943
1664678700,+3.48,+17.673, +8.658,+0.944
1664678760,+3.48,+17.665, +8.662,+0.943
1664678820,+3.48,+17.665, +8.649,+0.943
1664678880,+3.48,+17.665, +8.638,+0.943
1664678940,+3.48,+17.699, +8.622,+0.943
1664679000,+3.48,+17.690, +8.626,+0.943
1664679060,+3.48,+17.665, +8.639,+0.944
1664679120,+3.48,+17.699, +8.622,+0.943
1664679180,+3.48,+17.690, +8.615,+0.943
1664679240,+3.48,+17.682, +8.605,+0.943
1664679300,+3.48,+17.715, +8.610,+0.943
1664679360,+3.48,+17.724, +8.624,+0.944
1664679420,+3.48,+17.724, +8.614,+0.944
1664679480,+3.48,+17.724, +8.584,+0.943
1664679540,+3.48,+17.715, +8.591,+0.943
1664679600,+3.48,+17.715, +8.598,+0.943
1664679660,+3.48,+17.732, +8.585,+0.943
1664679720,+3.48,+17.732, +8.608,+0.943
1664679780,+3.48,+17.732, +8.601,+0.943
1664679840,+3.48,+17.741, +8.578,+0.943
1664679900,+3.48,+17.732, +8.582,+0.943
1664679960,+3.48,+17.732, +8.595,+0.944
1664680020,+3.48,+17.732, +8.574,+0.943
1664680080,+3.48,+17.741, +8.560,+0.944
1664680140,+3.48,+17.758, +8.533,+0.943
1664680200,+3.48,+17.741, +8.535,+0.943
1664680260,+3.48,+17.758, +8.535,+0.943
1664680320,+3.48,+17.741, +8.530,+0.943
1664680380,+3.48,+17.758, +8.530,+0.944
1664680440,+3.48,+17.766, +8.520,+0.943
1664680500,+3.48,+17.758, +8.509,+0.943
1664680560,+3.48,+17.775, +8.482,+0.943
1664680620,+3.48,+17.758, +8.482,+0.943
1664680680,+3.48,+17.783, +8.467,+0.943
1664680740,+3.48,+17.775, +8.480,+0.944
1664680800,+3.48,+17.775, +8.476,+0.943
1664680860,+3.48,+17.791, +8.463,+0.943
1664680920,+3.47,+17.783, +8.476,+0.944
1664680980,+3.48,+17.791, +8.472,+0.943
1664681040,+3.48,+17.808, +8.469,+0.943
1664681100,+3.48,+17.800, +8.471,+0.944
1664681160,+3.48,+17.800, +8.456,+0.943
1664681220,+3.48,+17.800, +8.451,+0.943
1664681280,+3.48,+17.817, +8.446,+0.943
1664681340,+3.48,+17.817, +8.451,+0.943
1664681400,+3.48,+17.817, +8.441,+0.943
1664681460,+3.48,+17.800, +8.448,+0.943
1664681520,+3.47,+17.817, +8.460,+0.944
1664681580,+3.48,+17.817, +8.431,+0.943
1664681640,+3.48,+17.817, +8.447,+0.943
1664681700,+3.48,+17.817, +8.459,+0.944
1664681760,+3.48,+17.817, +8.459,+0.944
1664681820,+3.48,+17.808, +8.450,+0.943
1664681880,+3.48,+17.825, +8.436,+0.943
1664681940,+3.47,+17.808, +8.445,+0.943
1664682000,+3.48,+17.825, +8.447,+0.943
1664682060,+3.48,+17.825, +8.451,+0.944
1664682120,+3.48,+17.817, +8.446,+0.943
1664682180,+3.47,+17.825, +8.457,+0.943
1664682240,+3.47,+17.825, +8.443,+0.943
1664682300,+3.48,+17.825, +8.436,+0.944
1664682360,+3.48,+17.808, +8.423,+0.943
1664682420,+3.47,+17.817, +8.428,+0.943
1664682480,+3.48,+17.817, +8.450,+0.943
1664682540,+3.48,+17.825, +8.440,+0.943
1664682600,+3.48,+17.825, +8.441,+0.943
1664682660,+3.48,+17.817, +8.456,+0.943
1664682720,+3.48,+17.817, +8.459,+0.944
1664682780,+3.47,+17.817, +8.440,+0.943
1664682840,+3.48,+17.808, +8.451,+0.943
1664682900,+3.48,+17.825, +8.452,+0.944
1664682960,+3.48,+17.817, +8.458,+0.944
1664683020,+3.48,+17.817, +8.437,+0.944
1664683080,+3.48,+17.834, +8.425,+0.944
1664683140,+3.48,+17.817, +8.435,+0.943
1664683200,+3.48,+17.825, +8.439,+0.944
1664683260,+3.48,+17.817, +8.428,+0.943
1664683320,+3.48,+17.825, +8.438,+0.943
1664683380,+3.48,+17.825, +8.414,+0.943
1664683440,+3.48,+17.834, +8.418,+0.944
1664683500,+3.48,+17.825, +8.410,+0.943
1664683560,+3.48,+17.834, +8.394,+0.943
1664683620,+3.48,+17.808, +8.418,+0.943
1664683680,+3.47,+17.817, +8.412,+0.943
1664683740,+3.48,+17.842, +8.405,+0.943
1664683800,+3.47,+17.834, +8.401,+0.943
1664683860,+3.47,+17.834, +8.414,+0.943
1664683920,+3.48,+17.842, +8.397,+0.944
1664683980,+3.48,+17.834, +8.391,+0.943
1664684040,+3.48,+17.817, +8.398,+0.943
1664684100,+3.48,+17.825, +8.405,+0.944
1664684160,+3.48,+17.817, +8.388,+0.943
1664684220,+3.48,+17.825, +8.391,+0.943
1664684280,+3.48,+17.851, +8.385,+0.943
1664684340,+3.48,+17.834, +8.415,+0.943
1664684400,+3.48,+17.834, +8.416,+0.943
1664684460,+3.48,+17.851, +8.413,+0.943
1664684520,+3.48,+17.834, +8.411,+0.943
1664684580,+3.47,+17.834, +8.409,+0.943
1664684640,+3.48,+17.825, +8.411,+0.943
1664684700,+3.48,+17.834, +8.405,+0.943
1664684760,+3.48,+17.842, +8.405,+0.944
1664684820,+3.48,+17.825, +8.400,+0.944
1664684880,+3.48,+17.825, +8.372,+0.943
1664684940,+3.48,+17.808, +8.371,+0.943
1664685000,+3.48,+17.834, +8.359,+0.943
1664685060,+3.48,+17.851, +8.370,+0.943
1664685120,+3.48,+17.834, +8.342,+0.943
1664685180,+3.48,+17.842, +8.328,+0.943
1664685240,+3.48,+17.867, +8.327,+0.943
1664685300,+3.48,+17.842, +8.332,+0.943
1664685360,+3.48,+17.867, +8.336,+0.943
1664685420,+3.48,+17.867, +8.321,+0.943
1664685480,+3.48,+17.867, +8.279,+0.943
1664685540,+3.48,+17.859, +8.270,+0.943
1664685600,+3.48,+17.859, +8.265,+0.943
1664685660,+3.48,+17.867, +8.237,+0.943
1664685720,+3.48,+17.859, +8.231,+0.943
1664685780,+3.48,+17.859, +8.234,+0.943
1664685840,+3.48,+17.867, +8.230,+0.943
1664685900,+3.48,+17.851, +8.215,+0.943
1664685960,+3.48,+17.867, +8.186,+0.943
1664686020,+3.48,+17.851, +8.179,+0.943
1664686080,+3.48,+17.859, +8.184,+0.943
1664686140,+3.48,+17.851, +8.188,+0.943
1664686200,+3.48,+17.842, +8.185,+0.943
1664686260,+3.48,+17.851, +8.160,+0.943
1664686320,+3.48,+17.842, +8.145,+0.943
1664686380,+3.48,+17.867, +8.115,+0.943
1664686440,+3.48,+17.867, +8.108,+0.944
1664686500,+3.48,+17.859, +8.123,+0.943
1664686560,+3.48,+17.893, +8.115,+0.943
1664686620,+3.48,+17.867, +8.122,+0.943
1664686680,+3.48,+17.859, +8.103,+0.943
1664686740,+3.48,+17.859, +8.088,+0.943
1664686800,+3.48,+17.867, +8.087,+0.943
1664686860,+3.48,+17.867, +8.071,+0.943
1664686920,+3.48,+17.876, +8.063,+0.943
1664686980,+3.48,+17.876, +8.058,+0.943
1664687040,+3.48,+17.851, +8.065,+0.943
1664687100,+3.48,+17.867, +8.056,+0.943
1664687160,+3.48,+17.884, +8.062,+0.943
1664687220,+3.48,+17.876, +8.058,+0.943
1664687280,+3.48,+17.876, +8.055,+0.943
1664687340,+3.48,+17.876, +8.051,+0.943
1664687400,+3.48,+17.867, +8.058,+0.943
1664687460,+3.48,+17.867, +8.060,+0.943
1664687520,+3.48,+17.867, +8.063,+0.943
1664687580,+3.48,+17.876, +8.052,+0.943
1664687640,+3.48,+17.884, +8.059,+0.943
1664687700,+3.48,+17.876, +8.061,+0.943
1664687760,+3.48,+17.876, +8.066,+0.943
1664687820,+3.48,+17.867, +8.074,+0.943
1664687880,+3.48,+17.884, +8.067,+0.943
1664687940,+3.48,+17.893, +8.066,+0.943
1664688000,+3.48,+17.893, +8.065,+0.943
1664688060,+3.48,+17.884, +8.073,+0.943
1664688120,+3.48,+17.884, +8.082,+0.943
1664688180,+3.48,+17.876, +8.081,+0.943
1664688240,+3.48,+17.867, +8.071,+0.943
1664688300,+3.48,+17.893, +8.054,+0.943
1664688360,+3.48,+17.867, +8.072,+0.943
1664688420,+3.48,+17.884, +8.083,+0.943
1664688480,+3.48,+17.893, +8.043,+0.943
1664688540,+3.48,+17.867, +8.076,+0.943
1664688600,+3.48,+17.884, +8.078,+0.943
1664688660,+3.48,+17.884, +8.085,+0.943
1664688720,+3.48,+17.876, +8.081,+0.943
1664688780,+3.48,+17.876, +8.089,+0.943
1664688840,+3.48,+17.867, +8.114,+0.943
1664688900,+3.48,+17.867, +8.114,+0.943
1664688960,+3.48,+17.851, +8.134,+0.943
1664689020,+3.48,+17.851, +8.116,+0.943
1664689080,+3.48,+17.859, +8.083,+0.943
1664689140,+3.48,+17.859, +8.121,+0.943
1664689200,+3.48,+17.842, +8.143,+0.943
1664689260,+3.48,+17.834, +8.131,+0.943
1664689320,+3.48,+17.851, +8.157,+0.943
1664689380,+3.48,+17.842, +8.157,+0.943
1664689440,+3.48,+17.842, +8.170,+0.943
1664689500,+3.48,+17.834, +8.154,+0.943
1664689560,+3.47,+17.834, +8.167,+0.943
1664689620,+3.47,+17.817, +8.116,+0.943
1664689680,+3.47,+17.834, +8.006,+0.943
1664689740,+3.48,+17.867, +7.994,+0.943
1664689800,+3.48,+17.867, +8.017,+0.943
1664689860,+3.48,+17.842, +8.059,+0.943
1664689920,+3.48,+17.851, +8.087,+0.943
1664689980,+3.48,+17.851, +8.080,+0.943
1664690040,+3.48,+17.817, +8.095,+0.943
1664690100,+3.48,+17.842, +8.083,+0.943
1664690160,+3.48,+17.842, +8.037,+0.943
1664690220,+3.48,+17.851, +8.052,+0.943
1664690280,+3.48,+17.851, +8.050,+0.943
1664690340,+3.48,+17.859, +8.039,+0.943
1664690400,+3.48,+17.876, +8.038,+0.943
1664690460,+3.48,+17.859, +8.045,+0.944
1664690520,+3.48,+17.851, +8.045,+0.943
1664690580,+3.48,+17.867, +8.056,+0.943
1664690640,+3.48,+17.851, +8.073,+0.943
1664690700,+3.48,+17.842, +8.077,+0.943
1664690760,+3.48,+17.834, +8.073,+0.943
1664690820,+3.48,+17.842, +8.077,+0.943
1664690880,+3.47,+17.834, +8.084,+0.943
1664690940,+3.48,+17.825, +8.076,+0.943
1664691000,+3.47,+17.800, +8.049,+0.943
1664691060,+3.47,+17.800, +8.053,+0.943
1664691120,+3.47,+17.808, +8.041,+0.943
1664691180,+3.48,+17.800, +8.051,+0.943
1664691240,+3.48,+17.808, +7.984,+0.943
1664691300,+3.48,+17.800, +7.992,+0.943
1664691360,+3.47,+17.775, +8.006,+0.943
1664691420,+3.47,+17.783, +8.045,+0.943
1664691480,+3.47,+17.775, +8.041,+0.943
1664691540,+3.48,+17.791, +8.025,+0.943
1664691600,+3.48,+17.775, +8.059,+0.943
1664691660,+3.48,+17.783, +7.982,+0.943
1664691720,+3.48,+17.783, +7.999,+0.943
1664691780,+3.48,+17.758, +7.941,+0.943
1664691840,+3.48,+17.758, +8.018,+0.943
1664691900,+3.48,+17.749, +7.981,+0.943
1664691960,+3.48,+17.758, +7.984,+0.943
1664692020,+3.48,+17.715, +8.084,+0.943
1664692080,+3.48,+17.699, +8.131,+0.943
1664692140,+3.48,+17.673, +8.140,+0.943
1664692200,+3.48,+17.656, +8.158,+0.943
1664692260,+3.48,+17.648, +8.198,+0.943
1664692320,+3.48,+17.648, +8.160,+0.943
1664692380,+3.48,+17.639, +8.155,+0.943
1664692440,+3.48,+17.639, +8.171,+0.943
1664692500,+3.48,+17.648, +8.157,+0.943
1664692560,+3.48,+17.622, +8.173,+0.943
1664692620,+3.48,+17.639, +8.177,+0.943
1664692680,+3.48,+17.631, +8.182,+0.943
1664692740,+3.48,+17.648, +8.184,+0.943
1664692800,+3.48,+17.631, +8.201,+0.943
1664692860,+3.48,+17.622, +8.201,+0.943
1664692920,+3.48,+17.614, +8.196,+0.943
1664692980,+3.48,+17.622, +8.196,+0.943
1664693040,+3.48,+17.639, +8.201,+0.943
1664693100,+3.48,+17.606, +8.206,+0.943
1664693160,+3.48,+17.631, +8.187,+0.943
1664693220,+3.48,+17.606, +8.194,+0.943
1664693280,+3.48,+17.648, +8.168,+0.943
1664693340,+3.48,+17.606, +8.192,+0.943
1664693400,+3.48,+17.614, +8.159,+0.943
1664693460,+3.48,+17.614, +8.139,+0.943
1664693520,+3.48,+17.614, +8.152,+0.943
1664693580,+3.48,+17.631, +8.172,+0.944
1664693640,+3.48,+17.580, +8.189,+0.943
1664693700,+3.48,+17.597, +8.176,+0.943
1664693760,+3.48,+17.606, +8.168,+0.943
1664693820,+3.48,+17.580, +8.181,+0.943
1664693880,+3.48,+17.597, +8.181,+0.943
1664693940,+3.48,+17.597, +8.184,+0.943
1664694000,+3.48,+17.589, +8.188,+0.943
1664694060,+3.48,+17.572, +8.211,+0.943
1664694120,+3.48,+17.563, +8.208,+0.943
1664694180,+3.48,+17.546, +8.228,+0.943
1664694240,+3.48,+17.538, +8.230,+0.943
1664694300,+3.48,+17.555, +8.219,+0.943
1664694360,+3.48,+17.546, +8.214,+0.943
1664694420,+3.48,+17.563, +8.218,+0.943
1664694480,+3.48,+17.529, +8.235,+0.943
1664694540,+3.48,+17.538, +8.232,+0.943
1664694600,+3.48,+17.538, +8.234,+0.943
1664694660,+3.48,+17.529, +8.227,+0.943
1664694720,+3.48,+17.529, +8.226,+0.943
1664694780,+3.48,+17.521, +8.226,+0.943
1664694840,+3.48,+17.529, +8.229,+0.943
1664694900,+3.48,+17.529, +8.214,+0.943
1664694960,+3.48,+17.521, +8.198,+0.943
1664695020,+3.48,+17.521, +8.195,+0.943
1664695080,+3.48,+17.546, +8.179,+0.943
1664695140,+3.48,+17.555, +8.137,+0.943
1664695200,+3.48,+17.546, +8.136,+0.943
1664695260,+3.48,+17.580, +8.012,+0.943
1664695320,+3.48,+17.639, +7.852,+0.943
1664695380,+3.48,+17.639, +7.830,+0.943
1664695440,+3.48,+17.682, +7.746,+0.943
1664695500,+3.48,+17.690, +7.728,+0.943
1664695560,+3.48,+17.707, +7.754,+0.943
1664695620,+3.48,+17.707, +7.732,+0.943
1664695680,+3.47,+17.732, +7.715,+0.943
1664695740,+3.47,+17.749, +7.715,+0.943
1664695800,+3.48,+17.775, +7.708,+0.943
1664695860,+3.48,+17.791, +7.708,+0.943
1664695920,+3.47,+17.800, +7.701,+0.943
1664695980,+3.47,+17.800, +7.730,+0.943
1664696040,+3.47,+17.817, +7.678,+0.943
1664696100,+3.48,+17.825, +7.702,+0.943
1664696160,+3.47,+17.842, +7.682,+0.943
1664696220,+3.47,+17.834, +7.700,+0.943
1664696280,+3.47,+17.842, +7.645,+0.943
1664696340,+3.48,+17.859, +7.639,+0.943
1664696400,+3.47,+17.842, +7.629,+0.943
1664696460,+3.48,+17.834, +7.638,+0.943
1664696520,+3.47,+17.825, +7.640,+0.943
1664696580,+3.47,+17.817, +7.672,+0.943
1664696640,+3.48,+17.791, +7.750,+0.943
1664696700,+3.48,+17.766, +7.761,+0.943
1664696760,+3.48,+17.749, +7.809,+0.943
1664696820,+3.48,+17.732, +7.891,+0.943
1664696880,+3.48,+17.715, +7.879,+0.943
1664696940,+3.48,+17.732, +7.763,+0.943
1664697000,+3.48,+17.715, +7.885,+0.943
1664697060,+3.48,+17.682, +7.953,+0.943
1664697120,+3.48,+17.665, +8.000,+0.943
1664697180,+3.48,+17.656, +8.004,+0.943
1664697240,+3.48,+17.631, +8.062,+0.943
1664697300,+3.48,+17.631, +8.039,+0.943
1664697360,+3.48,+17.639, +8.011,+0.943
1664697420,+3.48,+17.639, +8.036,+0.943
1664697480,+3.48,+17.622, +8.074,+0.943
1664697540,+3.48,+17.614, +8.081,+0.944
1664697600,+3.48,+17.622, +8.001,+0.943
1664697660,+3.48,+17.631, +7.968,+0.943
1664697720,+3.48,+17.648, +7.923,+0.943
1664697780,+3.48,+17.665, +7.895,+0.943
1664697840,+3.48,+17.639, +7.967,+0.943
1664697900,+3.48,+17.631, +7.925,+0.943
1664697960,+3.48,+17.648, +7.915,+0.943
1664698020,+3.48,+17.656, +7.965,+0.943
1664698080,+3.48,+17.665, +7.981,+0.944
1664698140,+3.48,+17.631, +7.915,+0.943
1664698200,+3.48,+17.656, +7.901,+0.943
1664698260,+3.48,+17.639, +7.930,+0.943
1664698320,+3.48,+17.656, +7.901,+0.943
1664698380,+3.48,+17.673, +7.898,+0.943
1664698440,+3.48,+17.682, +7.850,+0.943
1664698500,+3.48,+17.639, +7.820,+0.943
1664698560,+3.48,+17.656, +7.806,+0.943
1664698620,+3.48,+17.673, +7.826,+0.943
1664698680,+3.48,+17.665, +7.826,+0.943
1664698740,+3.48,+17.690, +7.816,+0.943
1664698800,+3.48,+17.682, +7.821,+0.943
1664698860,+3.48,+17.699, +7.811,+0.943
1664698920,+3.48,+17.707, +7.810,+0.943
1664698980,+3.48,+17.724, +7.812,+0.943
1664699040,+3.48,+17.699, +7.819,+0.943
1664699100,+3.48,+17.682, +7.832,+0.943
1664699160,+3.48,+17.673, +7.859,+0.943
1664699220,+3.48,+17.682, +7.866,+0.943
1664699280,+3.48,+17.639, +7.886,+0.943
1664699340,+3.48,+17.639, +7.898,+0.943
1664699400,+3.48,+17.648, +7.903,+0.943
1664699460,+3.48,+17.639, +7.913,+0.943
1664699520,+3.48,+17.631, +7.891,+0.943
1664699580,+3.48,+17.639, +7.955,+0.943
1664699640,+3.48,+17.622, +7.932,+0.943
1664699700,+3.48,+17.622, +7.886,+0.943
1664699760,+3.48,+17.639, +7.909,+0.943
1664699820,+3.48,+17.631, +7.972,+0.943
1664699880,+3.48,+17.614, +7.908,+0.943
1664699940,+3.48,+17.614, +7.856,+0.943
1664700000,+3.48,+17.614, +7.874,+0.943
1664700060,+3.48,+17.597, +7.936,+0.943
1664700120,+3.48,+17.572, +7.879,+0.943
1664700180,+3.48,+17.546, +7.914,+0.943
1664700240,+3.48,+17.580, +7.973,+0.943
1664700300,+3.48,+17.546, +7.947,+0.943
1664700360,+3.48,+17.546, +7.913,+0.943
1664700420,+3.48,+17.529, +7.944,+0.943
1664700480,+3.48,+17.546, +7.947,+0.942
1664700540,+3.48,+17.513, +7.984,+0.943
1664700600,+3.48,+17.538, +7.946,+0.943
1664700660,+3.48,+17.529, +7.933,+0.943
1664700720,+3.48,+17.529, +7.938,+0.943
1664700780,+3.48,+17.546, +7.924,+0.943
1664700840,+3.48,+17.538, +7.879,+0.943
1664700900,+3.48,+17.529, +7.893,+0.943
1664700960,+3.48,+17.563, +7.841,+0.943
1664701020,+3.48,+17.580, +7.820,+0.943
1664701080,+3.48,+17.589, +7.823,+0.943
1664701140,+3.48,+17.580, +7.816,+0.942
1664701200,+3.48,+17.563, +7.850,+0.943
1664701260,+3.48,+17.555, +7.862,+0.943
1664701320,+3.48,+17.563, +7.863,+0.943
1664701380,+3.48,+17.563, +7.878,+0.943
1664701440,+3.48,+17.563, +7.876,+0.943
1664701500,+3.48,+17.555, +7.895,+0.943
1664701560,+3.48,+17.546, +7.867,+0.943
1664701620,+3.48,+17.555, +7.872,+0.943
1664701680,+3.48,+17.546, +7.877,+0.943
1664701740,+3.48,+17.546, +7.853,+0.943
1664701800,+3.48,+17.572, +7.809,+0.943
1664701860,+3.48,+17.555, +7.810,+0.943
1664701920,+3.48,+17.580, +7.790,+0.943
1664701980,+3.48,+17.555, +7.802,+0.943
1664702040,+3.48,+17.555, +7.789,+0.943
1664702100,+3.48,+17.538, +7.861,+0.943
1664702160,+3.48,+17.521, +7.910,+0.943
1664702220,+3.48,+17.521, +7.905,+0.943
1664702280,+3.48,+17.504, +7.928,+0.943
1664702340,+3.48,+17.513, +7.943,+0.943
1664702400,+3.48,+17.504, +7.947,+0.943
1664702460,+3.48,+17.496, +7.917,+0.943
1664702520,+3.48,+17.487, +7.893,+0.943
1664702580,+3.48,+17.479, +7.898,+0.943
1664702640,+3.48,+17.470, +7.905,+0.943
1664702700,+3.48,+17.470, +7.881,+0.943
1664702760,+3.48,+17.462, +7.908,+0.943
1664702820,+3.48,+17.462, +7.898,+0.943
1664702880,+3.48,+17.487, +7.926,+0.943
1664702940,+3.48,+17.453, +7.921,+0.943
1664703000,+3.48,+17.462, +7.942,+0.943
1664703060,+3.48,+17.436, +7.950,+0.943
1664703120,+3.48,+17.445, +7.946,+0.943
1664703180,+3.48,+17.428, +7.944,+0.943
1664703240,+3.48,+17.411, +7.937,+0.943
1664703300,+3.48,+17.420, +7.931,+0.943
1664703360,+3.48,+17.436, +7.903,+0.943
1664703420,+3.48,+17.436, +7.912,+0.943
1664703480,+3.48,+17.428, +7.919,+0.943
1664703540,+3.48,+17.436, +7.932,+0.943
1664703600,+3.48,+17.428, +7.901,+0.943
1664703660,+3.48,+17.487, +7.818,+0.943
1664703720,+3.48,+17.538, +7.802,+0.943
1664703780,+3.48,+17.555, +7.781,+0.943
1664703840,+3.48,+17.555, +7.790,+0.943
1664703900,+3.48,+17.555, +7.786,+0.943
1664703960,+3.48,+17.572, +7.799,+0.943
1664704020,+3.48,+17.606, +7.807,+0.943
1664704080,+3.48,+17.589, +7.811,+0.943
1664704140,+3.48,+17.606, +7.813,+0.943
1664704200,+3.48,+17.606, +7.800,+0.943
1664704260,+3.48,+17.631, +7.792,+0.943
1664704320,+3.48,+17.606, +7.792,+0.943
1664704380,+3.48,+17.622, +7.789,+0.943
1664704440,+3.48,+17.589, +7.795,+0.943
1664704500,+3.48,+17.631, +7.762,+0.943
1664704560,+3.48,+17.589, +7.794,+0.943
1664704620,+3.48,+17.589, +7.782,+0.943
1664704680,+3.48,+17.589, +7.768,+0.943
1664704740,+3.48,+17.589, +7.761,+0.943
1664704800,+3.48,+17.589, +7.759,+0.943
1664704860,+3.48,+17.614, +7.778,+0.943
1664704920,+3.48,+17.622, +7.785,+0.943
1664704980,+3.48,+17.639, +7.785,+0.943
1664705040,+3.48,+17.622, +7.788,+0.943
1664705100,+3.48,+17.648, +7.785,+0.943
1664705160,+3.48,+17.648, +7.786,+0.943
1664705220,+3.48,+17.639, +7.789,+0.943
1664705280,+3.48,+17.656, +7.790,+0.943
1664705340,+3.48,+17.622, +7.796,+0.943
1664705400,+3.48,+17.648, +7.790,+0.943
1664705460,+3.48,+17.639, +7.783,+0.943
1664705520,+3.48,+17.656, +7.768,+0.943
1664705580,+3.48,+17.631, +7.771,+0.943
1664705640,+3.48,+17.614, +7.769,+0.942
1664705700,+3.48,+17.597, +7.786,+0.943
1664705760,+3.48,+17.572, +7.789,+0.943
1664705820,+3.48,+17.555, +7.797,+0.943
1664705880,+3.48,+17.546, +7.817,+0.943
1664705940,+3.48,+17.538, +7.812,+0.943
1664706000,+3.48,+17.546, +7.806,+0.943
1664706060,+3.48,+17.546, +7.801,+0.943
1664706120,+3.48,+17.563, +7.798,+0.943
1664706180,+3.48,+17.572, +7.798,+0.943
1664706240,+3.48,+17.572, +7.802,+0.943
1664706300,+3.48,+17.589, +7.797,+0.943
1664706360,+3.48,+17.597, +7.813,+0.943
1664706420,+3.48,+17.606, +7.809,+0.943
1664706480,+3.48,+17.597, +7.802,+0.943
1664706540,+3.48,+17.606, +7.791,+0.943
1664706600,+3.48,+17.589, +7.797,+0.943
1664706660,+3.48,+17.572, +7.809,+0.943
1664706720,+3.48,+17.589, +7.808,+0.943
1664706780,+3.48,+17.580, +7.809,+0.943
1664706840,+3.48,+17.572, +7.812,+0.943
1664706900,+3.48,+17.580, +7.820,+0.943
1664706960,+3.48,+17.589, +7.822,+0.943
1664707020,+3.48,+17.589, +7.828,+0.943
1664707080,+3.48,+17.572, +7.834,+0.943
1664707140,+3.48,+17.597, +7.825,+0.943
1664707200,+3.48,+17.580, +7.826,+0.943
1664707260,+3.48,+17.597, +7.816,+0.943
1664707320,+3.48,+17.589, +7.810,+0.943
1664707380,+3.48,+17.597, +7.808,+0.943
1664707440,+3.48,+17.589, +7.801,+0.943
1664707500,+3.48,+17.589, +7.812,+0.943
1664707560,+3.48,+17.563, +7.814,+0.943
1664707620,+3.48,+17.555, +7.824,+0.943
1664707680,+3.48,+17.538, +7.885,+0.943
1664707740,+3.48,+17.521, +7.871,+0.943
1664707800,+3.48,+17.513, +7.878,+0.942
1664707860,+3.48,+17.504, +7.916,+0.943
1664707920,+3.48,+17.487, +7.922,+0.943
1664707980,+3.48,+17.462, +7.943,+0.943
1664708040,+3.48,+17.445, +7.974,+0.943
1664708100,+3.48,+17.445, +7.977,+0.943
1664708160,+3.48,+17.436, +7.973,+0.943
1664708220,+3.48,+17.436, +7.962,+0.943
1664708280,+3.48,+17.453, +7.914,+0.943
1664708340,+3.48,+17.470, +7.856,+0.943
1664708400,+3.48,+17.496, +7.822,+0.943
1664708460,+3.48,+17.496, +7.827,+0.943
1664708520,+3.48,+17.513, +7.823,+0.943
1664708580,+3.48,+17.521, +7.816,+0.943
1664708640,+3.48,+17.546, +7.808,+0.943
1664708700,+3.48,+17.538, +7.806,+0.942
1664708760,+3.48,+17.546, +7.812,+0.943
1664708820,+3.48,+17.563, +7.809,+0.943
1664708880,+3.48,+17.555, +7.801,+0.942
1664708940,+3.48,+17.546, +7.810,+0.943
1664709000,+3.48,+17.546, +7.804,+0.943
1664709060,+3.48,+17.538, +7.812,+0.943
1664709120,+3.48,+17.529, +7.825,+0.943
1664709180,+3.48,+17.521, +7.838,+0.943
1664709240,+3.48,+17.521, +7.829,+0.943
1664709300,+3.48,+17.496, +7.844,+0.943
1664709360,+3.48,+17.504, +7.849,+0.943
1664709420,+3.48,+17.496, +7.862,+0.943
1664709480,+3.48,+17.479, +7.872,+0.943
1664709540,+3.48,+17.496, +7.828,+0.943
1664709600,+3.48,+17.513, +7.820,+0.943
1664709660,+3.48,+17.521, +7.809,+0.943
1664709720,+3.48,+17.513, +7.809,+0.943
1664709780,+3.48,+17.521, +7.804,+0.943
1664709840,+3.48,+17.546, +7.797,+0.943
1664709900,+3.48,+17.538, +7.815,+0.943
1664709960,+3.48,+17.529, +7.828,+0.943
1664710020,+3.48,+17.504, +7.849,+0.943
1664710080,+3.48,+17.487, +7.877,+0.943
1664710140,+3.48,+17.487, +7.879,+0.943
1664710200,+3.48,+17.487, +7.892,+0.943
1664710260,+3.48,+17.462, +7.914,+0.943
1664710320,+3.48,+17.479, +7.904,+0.943
1664710380,+3.48,+17.453, +7.947,+0.943
1664710440,+3.48,+17.470, +7.953,+0.943
1664710500,+3.48,+17.436, +7.965,+0.943
1664710560,+3.48,+17.445, +7.935,+0.943
1664710620,+3.48,+17.445, +7.933,+0.943
1664710680,+3.48,+17.445, +7.926,+0.943
1664710740,+3.48,+17.462, +7.925,+0.943
1664710800,+3.48,+17.470, +7.900,+0.943
1664710860,+3.48,+17.462, +7.891,+0.943
1664710920,+3.48,+17.445, +7.924,+0.943
1664710980,+3.48,+17.445, +7.936,+0.943
1664711040,+3.48,+17.428, +7.933,+0.943
1664711100,+3.48,+17.428, +7.929,+0.943
1664711160,+3.48,+17.462, +7.887,+0.943
1664711220,+3.48,+17.453, +7.869,+0.943
1664711280,+3.48,+17.453, +7.863,+0.943
1664711340,+3.48,+17.445, +7.878,+0.943
1664711400,+3.48,+17.445, +7.880,+0.943
1664711460,+3.48,+17.436, +7.887,+0.943
1664711520,+3.48,+17.436, +7.883,+0.943
1664711580,+3.48,+17.453, +7.888,+0.943
1664711640,+3.48,+17.470, +7.877,+0.943
1664711700,+3.48,+17.445, +7.888,+0.943
1664711760,+3.48,+17.462, +7.883,+0.943
1664711820,+3.48,+17.462, +7.888,+0.943
1664711880,+3.48,+17.462, +7.886,+0.943
1664711940,+3.48,+17.453, +7.881,+0.943
1664712000,+3.48,+17.445, +7.917,+0.943
1664712060,+3.48,+17.436, +7.903,+0.943
1664712120,+3.48,+17.462, +7.881,+0.943
1664712180,+3.48,+17.470, +7.881,+0.943
1664712240,+3.48,+17.445, +7.903,+0.943
1664712300,+3.48,+17.453, +7.914,+0.943
1664712360,+3.48,+17.436, +7.916,+0.943
1664712420,+3.48,+17.411, +7.923,+0.943
1664712480,+3.48,+17.428, +7.926,+0.943
1664712540,+3.48,+17.411, +7.943,+0.943
1664712600,+3.48,+17.403, +7.952,+0.943
1664712660,+3.48,+17.386, +7.953,+0.943
1664712720,+3.48,+17.394, +7.953,+0.943
1664712780,+3.48,+17.386, +7.958,+0.943
1664712840,+3.48,+17.394, +7.969,+0.943
1664712900,+3.48,+17.386, +7.971,+0.942
1664712960,+3.48,+17.411, +7.966,+0.943
1664713020,+3.48,+17.394, +7.969,+0.943
1664713080,+3.48,+17.411, +7.967,+0.943
1664713140,+3.48,+17.394, +7.976,+0.943
1664713200,+3.48,+17.403, +7.971,+0.943
1664713260,+3.48,+17.403, +7.975,+0.943
1664713320,+3.48,+17.411, +7.974,+0.943
1664713380,+3.48,+17.394, +7.983,+0.943
1664713440,+3.48,+17.394, +7.988,+0.943
1664713500,+3.48,+17.386, +7.991,+0.943
1664713560,+3.48,+17.403, +7.983,+0.943
1664713620,+3.48,+17.394, +7.991,+0.943
1664713680,+3.48,+17.403, +7.985,+0.943
1664713740,+3.48,+17.403, +8.020,+0.943
1664713800,+3.48,+17.394, +8.012,+0.943
1664713860,+3.48,+17.394, +8.011,+0.943
1664713920,+3.48,+17.377, +8.021,+0.943
1664713980,+3.48,+17.377, +8.007,+0.943
1664714040,+3.48,+17.403, +7.993,+0.943
1664714100,+3.48,+17.394, +7.976,+0.943
1664714160,+3.48,+17.394, +7.986,+0.943
1664714220,+3.48,+17.394, +7.995,+0.943
1664714280,+3.48,+17.394, +8.000,+0.943
1664714340,+3.48,+17.386, +7.983,+0.943
1664714400,+3.48,+17.394, +7.959,+0.943
1664714460,+3.48,+17.386, +7.976,+0.943
1664714520,+3.48,+17.360, +8.038,+0.943
1664714580,+3.48,+17.377, +8.034,+0.943
1664714640,+3.48,+17.394, +8.031,+0.943
1664714700,+3.48,+17.369, +8.029,+0.943
1664714760,+3.48,+17.377, +8.027,+0.943
1664714820,+3.48,+17.377, +8.041,+0.943
1664714880,+3.48,+17.377, +8.022,+0.943
1664714940,+3.48,+17.394, +8.040,+0.943
1664715000,+3.48,+17.377, +8.054,+0.942
1664715060,+3.48,+17.394, +8.058,+0.943
1664715120,+3.48,+17.386, +8.054,+0.943
1664715180,+3.48,+17.369, +8.052,+0.943
1664715240,+3.48,+17.394, +8.037,+0.943
1664715300,+3.48,+17.403, +8.020,+0.943
1664715360,+3.48,+17.403, +7.995,+0.943
1664715420,+3.48,+17.394, +7.993,+0.943
1664715480,+3.48,+17.394, +7.989,+0.943
1664715540,+3.48,+17.394, +8.007,+0.943
1664715600,+3.48,+17.403, +8.021,+0.943
1664715660,+3.48,+17.386, +8.029,+0.943
1664715720,+3.48,+17.394, +8.018,+0.943
1664715780,+3.48,+17.386, +8.029,+0.943
1664715840,+3.48,+17.386, +8.023,+0.943
1664715900,+3.48,+17.386, +8.029,+0.943
1664715960,+3.48,+17.360, +8.036,+0.943
1664716020,+3.48,+17.386, +8.039,+0.943
1664716080,+3.48,+17.386, +8.035,+0.943
1664716140,+3.48,+17.360, +8.051,+0.943
1664716200,+3.48,+17.369, +8.056,+0.943
1664716260,+3.48,+17.377, +8.061,+0.943
1664716320,+3.48,+17.360, +8.061,+0.943
1664716380,+3.48,+17.369, +8.076,+0.943
1664716440,+3.48,+17.352, +8.078,+0.943
1664716500,+3.48,+17.352, +8.076,+0.943
1664716560,+3.48,+17.352, +8.088,+0.943
1664716620,+3.48,+17.343, +8.098,+0.943
1664716680,+3.48,+17.360, +8.097,+0.943
1664716740,+3.48,+17.343, +8.098,+0.943
1664716800,+3.48,+17.360, +8.091,+0.943
1664716860,+3.48,+17.352, +8.088,+0.943
1664716920,+3.48,+17.386, +8.085,+0.943
1664716980,+3.48,+17.369, +8.094,+0.943
1664717040,+3.48,+17.394, +8.081,+0.942
1664717100,+3.48,+17.386, +8.087,+0.943
1664717160,+3.48,+17.386, +8.077,+0.943
1664717220,+3.48,+17.411, +8.065,+0.943
1664717280,+3.48,+17.394, +8.062,+0.943
1664717340,+3.48,+17.411, +8.059,+0.943
1664717400,+3.48,+17.428, +8.048,+0.943
1664717460,+3.48,+17.420, +8.034,+0.943
1664717520,+3.48,+17.411, +8.016,+0.943
1664717580,+3.48,+17.436, +7.965,+0.943
1664717640,+3.48,+17.462, +7.951,+0.943
1664717700,+3.48,+17.436, +7.987,+0.943
1664717760,+3.48,+17.428, +8.001,+0.943
1664717820,+3.48,+17.445, +7.961,+0.943
1664717880,+3.48,+17.436, +7.999,+0.943
1664717940,+3.48,+17.436, +7.977,+0.943
1664718000,+3.48,+17.436, +8.042,+0.943
1664718060,+3.48,+17.436, +8.010,+0.943
1664718120,+3.48,+17.436, +8.072,+0.943
1664718180,+3.48,+17.462, +8.063,+0.943
1664718240,+3.48,+17.453, +8.038,+0.943
1664718300,+3.48,+17.462, +8.050,+0.943
1664718360,+3.48,+17.453, +8.087,+0.943
1664718420,+3.48,+17.445, +8.085,+0.943
1664718480,+3.48,+17.470, +8.100,+0.943
1664718540,+3.48,+17.445, +8.118,+0.943
1664718600,+3.48,+17.462, +8.118,+0.943
1664718660,+3.48,+17.462, +8.126,+0.943
1664718720,+3.48,+17.479, +8.125,+0.943
1664718780,+3.48,+17.487, +8.121,+0.943
1664718840,+3.48,+17.462, +8.126,+0.943
1664718900,+3.48,+17.479, +8.110,+0.943
1664718960,+3.48,+17.462, +8.134,+0.943
1664719020,+3.48,+17.470, +8.135,+0.943
1664719080,+3.48,+17.462, +8.126,+0.943
1664719140,+3.48,+17.470, +8.125,+0.943
1664719200,+3.48,+17.479, +8.115,+0.943
1664719260,+3.48,+17.470, +8.109,+0.943
1664719320,+3.48,+17.470, +8.103,+0.943
1664719380,+3.48,+17.479, +8.102,+0.943
1664719440,+3.48,+17.470, +8.092,+0.943
1664719500,+3.48,+17.470, +8.084,+0.943
1664719560,+3.48,+17.470, +8.081,+0.943
1664719620,+3.48,+17.479, +8.091,+0.943
1664719680,+3.48,+17.470, +8.093,+0.943
1664719740,+3.48,+17.470, +8.102,+0.943
1664719800,+3.48,+17.470, +8.098,+0.943
1664719860,+3.48,+17.470, +8.099,+0.943
1664719920,+3.48,+17.487, +8.090,+0.943
1664719980,+3.48,+17.453, +8.118,+0.943
1664720040,+3.48,+17.453, +8.139,+0.943
1664720100,+3.48,+17.445, +8.128,+0.943
1664720160,+3.48,+17.445, +8.120,+0.943
1664720220,+3.48,+17.453, +8.127,+0.943
1664720280,+3.48,+17.462, +8.126,+0.943
1664720340,+3.48,+17.445, +8.119,+0.943
1664720400,+3.48,+17.453, +8.140,+0.943
1664720460,+3.48,+17.428, +8.143,+0.943
1664720520,+3.48,+17.436, +8.139,+0.943
1664720580,+3.48,+17.445, +8.139,+0.943
1664720640,+3.48,+17.436, +8.141,+0.943
1664720700,+3.48,+17.453, +8.140,+0.943
1664720760,+3.48,+17.436, +8.147,+0.943
1664720820,+3.48,+17.428, +8.160,+0.943
1664720880,+3.48,+17.436, +8.158,+0.943
1664720940,+3.48,+17.411, +8.176,+0.943
1664721000,+3.48,+17.420, +8.168,+0.943
1664721060,+3.48,+17.428, +8.171,+0.943
1664721120,+3.48,+17.428, +8.179,+0.943
1664721180,+3.48,+17.420, +8.181,+0.943
1664721240,+3.48,+17.428, +8.177,+0.943
1664721300,+3.48,+17.428, +8.186,+0.943
1664721360,+3.48,+17.420, +8.186,+0.943
1664721420,+3.48,+17.420, +8.181,+0.943
1664721480,+3.48,+17.411, +8.188,+0.943
1664721540,+3.48,+17.428, +8.175,+0.943
1664721600,+3.48,+17.411, +8.181,+0.943
1664721660,+3.48,+17.445, +8.171,+0.943
1664721720,+3.48,+17.462, +8.139,+0.943
1664721780,+3.48,+17.445, +8.166,+0.943
1664721840,+3.48,+17.453, +8.154,+0.943
1664721900,+3.48,+17.453, +8.156,+0.943
1664721960,+3.48,+17.453, +8.154,+0.943
1664722020,+3.48,+17.462, +8.144,+0.943
1664722080,+3.48,+17.462, +8.146,+0.943
1664722140,+3.48,+17.470, +8.112,+0.943
1664722200,+3.48,+17.453, +8.124,+0.943
1664722260,+3.48,+17.487, +8.085,+0.943
1664722320,+3.48,+17.487, +8.099,+0.943
1664722380,+3.48,+17.487, +8.111,+0.943
1664722440,+3.48,+17.462, +8.124,+0.943
1664722500,+3.48,+17.470, +8.103,+0.943
1664722560,+3.48,+17.487, +8.101,+0.943
1664722620,+3.48,+17.496, +8.141,+0.943
1664722680,+3.48,+17.470, +8.146,+0.943
1664722740,+3.48,+17.487, +8.172,+0.943
1664722800,+3.48,+17.479, +8.144,+0.943
1664722860,+3.48,+17.479, +8.138,+0.943
1664722920,+3.48,+17.487, +8.142,+0.943
1664722980,+3.48,+17.470, +8.155,+0.943
1664723040,+3.48,+17.462, +8.171,+0.943
1664723100,+3.48,+17.470, +8.161,+0.943
1664723160,+3.48,+17.470, +8.186,+0.943
1664723220,+3.48,+17.479, +8.172,+0.943
1664723280,+3.48,+17.487, +8.167,+0.943
1664723340,+3.48,+17.462, +8.184,+0.943
1664723400,+3.48,+17.462, +8.202,+0.943
1664723460,+3.48,+17.479, +8.198,+0.943
1664723520,+3.48,+17.470, +8.215,+0.943
1664723580,+3.48,+17.462, +8.210,+0.943
1664723640,+3.48,+17.470, +8.228,+0.943
1664723700,+3.48,+17.462, +8.227,+0.943
1664723760,+3.48,+17.479, +8.233,+0.943
1664723820,+3.48,+17.470, +8.234,+0.943
1664723880,+3.48,+17.462, +8.250,+0.943
1664723940,+3.48,+17.462, +8.251,+0.943
1664724000,+3.48,+17.470, +8.255,+0.943
1664724060,+3.48,+17.470, +8.265,+0.943
1664724120,+3.48,+17.462, +8.273,+0.943
1664724180,+3.48,+17.470, +8.261,+0.943
1664724240,+3.48,+17.462, +8.259,+0.943
1664724300,+3.48,+17.462, +8.254,+0.943
1664724360,+3.48,+17.470, +8.279,+0.943
1664724420,+3.48,+17.487, +8.255,+0.943
1664724480,+3.48,+17.487, +8.185,+0.943
1664724540,+3.48,+17.479, +8.174,+0.943
1664724600,+3.48,+17.487, +8.192,+0.943
1664724660,+3.48,+17.487, +8.173,+0.943
1664724720,+3.48,+17.462, +8.208,+0.943
1664724780,+3.48,+17.470, +8.216,+0.943
1664724840,+3.48,+17.470, +8.217,+0.943
1664724900,+3.48,+17.487, +8.198,+0.943
1664724960,+3.48,+17.453, +8.200,+0.943
1664725020,+3.48,+17.453, +8.200,+0.943
1664725080,+3.48,+17.445, +8.196,+0.943
1664725140,+3.48,+17.470, +8.186,+0.943
1664725200,+3.48,+17.462, +8.205,+0.943
1664725260,+3.48,+17.462, +8.201,+0.943
1664725320,+3.48,+17.445, +8.217,+0.943
1664725380,+3.48,+17.428, +8.222,+0.943
1664725440,+3.48,+17.445, +8.219,+0.943
1664725500,+3.48,+17.420, +8.237,+0.943
1664725560,+3.48,+17.436, +8.237,+0.943
1664725620,+3.48,+17.428, +8.238,+0.943
1664725680,+3.48,+17.420, +8.251,+0.943
1664725740,+3.48,+17.411, +8.251,+0.943
1664725800,+3.48,+17.428, +8.250,+0.943
1664725860,+3.48,+17.411, +8.265,+0.943
1664725920,+3.48,+17.386, +8.272,+0.943
1664725980,+3.48,+17.411, +8.277,+0.943
1664726040,+3.48,+17.403, +8.283,+0.943
1664726100,+3.48,+17.386, +8.287,+0.943
1664726160,+3.48,+17.394, +8.290,+0.943
1664726220,+3.48,+17.377, +8.306,+0.943
1664726280,+3.48,+17.352, +8.323,+0.943
1664726340,+3.48,+17.369, +8.319,+0.943
1664726400,+3.48,+17.360, +8.331,+0.943
1664726460,+3.48,+17.360, +8.344,+0.943
1664726520,+3.48,+17.360, +8.359,+0.943
1664726580,+3.48,+17.343, +8.380,+0.943
1664726640,+3.48,+17.343, +8.387,+0.943
1664726700,+3.48,+17.326, +8.396,+0.943
1664726760,+3.48,+17.335, +8.390,+0.943
1664726820,+3.48,+17.335, +8.401,+0.943
1664726880,+3.48,+17.318, +8.451,+0.943
1664726940,+3.48,+17.310, +8.456,+0.943
1664727000,+3.48,+17.301, +8.485,+0.943
1664727060,+3.48,+17.310, +8.496,+0.943
1664727120,+3.48,+17.276, +8.521,+0.943
1664727180,+3.48,+17.293, +8.513,+0.943
1664727240,+3.48,+17.293, +8.514,+0.943
1664727300,+3.48,+17.293, +8.527,+0.943
1664727360,+3.48,+17.284, +8.531,+0.943
1664727420,+3.48,+17.267, +8.545,+0.943
1664727480,+3.48,+17.276, +8.535,+0.943
1664727540,+3.48,+17.284, +8.555,+0.943
1664727600,+3.48,+17.267, +8.556,+0.943
1664727660,+3.48,+17.293, +8.554,+0.943
1664727720,+3.48,+17.276, +8.566,+0.943
1664727780,+3.48,+17.267, +8.579,+0.944
1664727840,+3.48,+17.259, +8.578,+0.943
1664727900,+3.48,+17.276, +8.578,+0.943
1664727960,+3.48,+17.276, +8.589,+0.943
1664728020,+3.48,+17.267, +8.588,+0.943
1664728080,+3.48,+17.276, +8.587,+0.943
1664728140,+3.48,+17.276, +8.601,+0.943
1664728200,+3.48,+17.259, +8.611,+0.943
1664728260,+3.48,+17.293, +8.605,+0.943
1664728320,+3.48,+17.284, +8.603,+0.943
1664728380,+3.48,+17.267, +8.616,+0.944
1664728440,+3.48,+17.259, +8.616,+0.943
1664728500,+3.48,+17.242, +8.618,+0.943
1664728560,+3.48,+17.250, +8.611,+0.943
1664728620,+3.48,+17.225, +8.626,+0.943
1664728680,+3.48,+17.225, +8.622,+0.943
1664728740,+3.48,+17.216, +8.633,+0.943
1664728800,+3.48,+17.216, +8.625,+0.943
1664728860,+3.48,+17.208, +8.631,+0.943
1664728920,+3.48,+17.233, +8.605,+0.943
1664728980,+3.48,+17.216, +8.627,+0.943
1664729040,+3.48,+17.199, +8.635,+0.943
1664729100,+3.48,+17.182, +8.638,+0.943
1664729160,+3.48,+17.182, +8.651,+0.943
1664729220,+3.48,+17.191, +8.657,+0.943
1664729280,+3.48,+17.174, +8.650,+0.943
1664729340,+3.48,+17.182, +8.648,+0.943
1664729400,+3.48,+17.174, +8.651,+0.943
