7450-364333
OS REV: 1.05 Sensor Cal: 1644948279
Time (sec),  BV (Volts),  T (deg C),  DO (mg/l),  Q ()
1668444660,+3.46,+13.402, +9.497,+0.936
1668444720,+3.46,+13.376, +9.491,+0.936
1668444780,+3.46,+13.385, +9.466,+0.936
1668444840,+3.46,+13.393, +9.516,+0.936
1668444900,+3.46,+13.358, +9.465,+0.936
1668444960,+3.46,+13.393, +9.469,+0.936
1668445020,+3.46,+13.367, +9.531,+0.936
1668445080,+3.46,+13.350, +9.537,+0.936
1668445140,+3.46,+13.367, +9.546,+0.936
1668445200,+3.46,+13.358, +9.572,+0.936
1668445260,+3.46,+13.367, +9.553,+0.936
1668445320,+3.46,+13.367, +9.556,+0.936
1668445380,+3.46,+13.367, +9.546,+0.936
1668445440,+3.46,+13.358, +9.494,+0.936
1668445500,+3.46,+13.376, +9.443,+0.936
1668445560,+3.46,+13.376, +9.441,+0.936
1668445620,+3.46,+13.358, +9.461,+0.936
1668445680,+3.46,+13.341, +9.480,+0.936
1668445740,+3.46,+13.385, +9.435,+0.936
1668445800,+3.46,+13.376, +9.523,+0.936
1668445860,+3.46,+13.367, +9.555,+0.936
1668445920,+3.46,+13.341, +9.558,+0.936
1668445980,+3.46,+13.367, +9.567,+0.936
1668446040,+3.46,+13.350, +9.549,+0.936
1668446100,+3.46,+13.358, +9.475,+0.936
1668446160,+3.46,+13.358, +9.494,+0.936
1668446220,+3.46,+13.367, +9.436,+0.936
1668446280,+3.46,+13.358, +9.470,+0.936
1668446340,+3.46,+13.358, +9.565,+0.936
1668446400,+3.46,+13.358, +9.548,+0.936
1668446460,+3.46,+13.367, +9.589,+0.936
1668446520,+3.46,+13.376, +9.645,+0.936
1668446580,+3.46,+13.367, +9.564,+0.936
1668446640,+3.46,+13.376, +9.611,+0.936
1668446700,+3.46,+13.376, +9.609,+0.936
1668446760,+3.46,+13.376, +9.621,+0.936
1668446820,+3.46,+13.367, +9.604,+0.936
1668446880,+3.46,+13.367, +9.644,+0.936
1668446940,+3.46,+13.358, +9.664,+0.936
1668447000,+3.46,+13.385, +9.629,+0.936
1668447060,+3.46,+13.385, +9.685,+0.936
1668447120,+3.46,+13.385, +9.688,+0.936
1668447180,+3.46,+13.376, +9.677,+0.936
1668447240,+3.46,+13.358, +9.679,+0.936
1668447300,+3.46,+13.393, +9.657,+0.936
1668447360,+3.46,+13.393, +9.645,+0.936
1668447420,+3.46,+13.376, +9.638,+0.936
1668447480,+3.46,+13.367, +9.664,+0.936
1668447540,+3.46,+13.376, +9.661,+0.936
1668447600,+3.46,+13.385, +9.638,+0.936
1668447660,+3.46,+13.376, +9.702,+0.936
1668447720,+3.46,+13.385, +9.666,+0.936
1668447780,+3.46,+13.393, +9.607,+0.936
1668447840,+3.46,+13.393, +9.640,+0.936
1668447900,+3.46,+13.376, +9.667,+0.936
1668447960,+3.46,+13.393, +9.625,+0.936
1668448020,+3.46,+13.385, +9.674,+0.936
1668448080,+3.46,+13.385, +9.630,+0.936
1668448140,+3.46,+13.393, +9.618,+0.936
1668448200,+3.46,+13.376, +9.585,+0.936
1668448260,+3.46,+13.376, +9.541,+0.936
1668448320,+3.46,+13.393, +9.552,+0.936
1668448380,+3.46,+13.385, +9.696,+0.936
1668448440,+3.46,+13.385, +9.765,+0.936
1668448500,+3.46,+13.385, +9.823,+0.936
1668448560,+3.46,+13.376, +9.774,+0.936
1668448620,+3.46,+13.393, +9.817,+0.936
1668448680,+3.46,+13.376, +9.783,+0.937
1668448740,+3.46,+13.367, +9.824,+0.936
1668448800,+3.46,+13.393, +9.833,+0.936
1668448860,+3.46,+13.402, +9.755,+0.936
1668448920,+3.46,+13.376, +9.898,+0.937
1668448980,+3.46,+13.393, +9.892,+0.936
1668449040,+3.46,+13.402, +9.898,+0.936
1668449100,+3.46,+13.393, +9.890,+0.936
1668449160,+3.46,+13.402, +9.887,+0.936
1668449220,+3.46,+13.393, +9.925,+0.936
1668449280,+3.46,+13.376, +9.930,+0.936
1668449340,+3.46,+13.393, +9.928,+0.936
1668449400,+3.46,+13.428, +9.896,+0.936
1668449460,+3.46,+13.385, +9.920,+0.936
1668449520,+3.46,+13.393, +9.911,+0.936
1668449580,+3.46,+13.393, +9.942,+0.936
1668449640,+3.46,+13.367, +9.936,+0.936
1668449700,+3.46,+13.376, +9.928,+0.936
1668449760,+3.46,+13.385, +9.914,+0.936
1668449820,+3.46,+13.367, +9.911,+0.936
1668449880,+3.46,+13.350, +9.874,+0.936
1668449940,+3.46,+13.350, +9.899,+0.936
1668450000,+3.46,+13.358, +9.925,+0.936
1668450060,+3.46,+13.358, +9.936,+0.936
1668450120,+3.46,+13.385, +9.927,+0.936
1668450180,+3.46,+13.358, +9.945,+0.936
1668450240,+3.46,+13.376, +9.971,+0.936
1668450300,+3.46,+13.358, +9.947,+0.936
1668450360,+3.46,+13.393, +9.969,+0.936
1668450420,+3.46,+13.376, +9.972,+0.937
1668450480,+3.46,+13.411, +9.940,+0.936
1668450540,+3.46,+13.393,+10.063,+0.937
1668450600,+3.46,+13.411,+10.084,+0.936
1668450660,+3.46,+13.411,+10.070,+0.937
1668450720,+3.46,+13.393,+10.065,+0.936
1668450780,+3.46,+13.419,+10.120,+0.936
1668450840,+3.46,+13.419,+10.142,+0.937
1668450900,+3.46,+13.411,+10.140,+0.936
1668450960,+3.46,+13.419,+10.134,+0.937
1668451020,+3.46,+13.419,+10.123,+0.936
1668451080,+3.46,+13.419,+10.124,+0.936
1668451140,+3.46,+13.411,+10.114,+0.936
1668451200,+3.46,+13.411,+10.100,+0.936
1668451260,+3.46,+13.419,+10.071,+0.936
1668451320,+3.46,+13.437,+10.053,+0.937
1668451380,+3.46,+13.446,+10.025,+0.936
1668451440,+3.46,+13.437,+10.020,+0.936
1668451500,+3.46,+13.446,+10.010,+0.936
1668451560,+3.46,+13.437,+10.027,+0.937
1668451620,+3.46,+13.437,+10.017,+0.936
1668451680,+3.46,+13.411,+10.007,+0.936
1668451740,+3.46,+13.393, +9.927,+0.936
1668451800,+3.46,+13.428, +9.954,+0.936
1668451860,+3.46,+13.411, +9.969,+0.936
1668451920,+3.46,+13.437, +9.975,+0.936
1668451980,+3.46,+13.411, +9.968,+0.936
1668452040,+3.46,+13.393, +9.986,+0.936
1668452100,+3.46,+13.402, +9.994,+0.936
1668452160,+3.46,+13.411, +9.981,+0.936
1668452220,+3.46,+13.419, +9.987,+0.937
1668452280,+3.46,+13.428,+10.019,+0.936
1668452340,+3.46,+13.437,+10.030,+0.936
1668452400,+3.46,+13.437,+10.054,+0.936
1668452460,+3.46,+13.446,+10.055,+0.936
1668452520,+3.46,+13.437,+10.074,+0.936
1668452580,+3.46,+13.454,+10.047,+0.936
1668452640,+3.46,+13.463,+10.069,+0.936
1668452700,+3.46,+13.463,+10.125,+0.936
1668452760,+3.46,+13.463,+10.124,+0.937
1668452820,+3.46,+13.489,+10.077,+0.936
1668452880,+3.46,+13.524,+10.059,+0.936
1668452940,+3.46,+13.542,+10.037,+0.936
1668453000,+3.46,+13.551, +9.997,+0.936
1668453060,+3.46,+13.585, +9.916,+0.936
1668453120,+3.46,+13.603, +9.908,+0.936
1668453180,+3.46,+13.620, +9.887,+0.936
1668453240,+3.46,+13.629, +9.849,+0.936
1668453300,+3.46,+13.647, +9.891,+0.936
1668453360,+3.46,+13.638, +9.920,+0.936
1668453420,+3.46,+13.638, +9.892,+0.936
1668453480,+3.46,+13.620, +9.890,+0.936
1668453540,+3.46,+13.603, +9.927,+0.936
1668453600,+3.46,+13.568, +9.957,+0.936
1668453660,+3.46,+13.542, +9.933,+0.936
1668453720,+3.46,+13.516, +9.906,+0.936
1668453780,+3.46,+13.498, +9.915,+0.936
1668453840,+3.46,+13.481, +9.943,+0.936
1668453900,+3.46,+13.472, +9.946,+0.936
1668453960,+3.46,+13.472, +9.941,+0.936
1668454020,+3.46,+13.463, +9.941,+0.936
1668454080,+3.46,+13.446, +9.955,+0.936
1668454140,+3.46,+13.454, +9.957,+0.936
1668454200,+3.46,+13.446, +9.978,+0.936
1668454260,+3.46,+13.419, +9.996,+0.936
1668454320,+3.46,+13.428, +9.975,+0.936
1668454380,+3.46,+13.437, +9.939,+0.936
1668454440,+3.46,+13.428, +9.918,+0.936
1668454500,+3.46,+13.428, +9.892,+0.936
1668454560,+3.46,+13.419, +9.869,+0.936
1668454620,+3.46,+13.411, +9.867,+0.936
1668454680,+3.46,+13.411, +9.911,+0.936
1668454740,+3.46,+13.393,+10.006,+0.936
1668454800,+3.46,+13.385,+10.043,+0.936
1668454860,+3.46,+13.385,+10.034,+0.936
1668454920,+3.46,+13.393,+10.045,+0.936
1668454980,+3.46,+13.385,+10.083,+0.937
1668455040,+3.46,+13.419,+10.048,+0.937
1668455100,+3.46,+13.446,+10.035,+0.936
1668455160,+3.46,+13.437,+10.030,+0.936
1668455220,+3.46,+13.489, +9.989,+0.936
1668455280,+3.46,+13.498, +9.983,+0.936
1668455340,+3.46,+13.507, +9.948,+0.937
1668455400,+3.46,+13.507, +9.950,+0.936
1668455460,+3.46,+13.489, +9.955,+0.936
1668455520,+3.46,+13.472, +9.953,+0.936
1668455580,+3.46,+13.454, +9.955,+0.936
1668455640,+3.46,+13.446, +9.969,+0.936
1668455700,+3.46,+13.454, +9.954,+0.936
1668455760,+3.46,+13.446, +9.964,+0.936
1668455820,+3.46,+13.463, +9.952,+0.936
1668455880,+3.46,+13.463, +9.919,+0.936
1668455940,+3.46,+13.489, +9.843,+0.936
1668456000,+3.46,+13.481, +9.691,+0.936
1668456060,+3.46,+13.472, +9.651,+0.936
1668456120,+3.46,+13.472, +9.753,+0.936
1668456180,+3.46,+13.454, +9.839,+0.936
1668456240,+3.46,+13.463, +9.904,+0.936
1668456300,+3.46,+13.428, +9.927,+0.936
1668456360,+3.46,+13.437, +9.915,+0.936
1668456420,+3.46,+13.437, +9.891,+0.936
1668456480,+3.46,+13.437, +9.924,+0.936
1668456540,+3.46,+13.446, +9.967,+0.936
1668456600,+3.46,+13.472,+10.010,+0.936
1668456660,+3.46,+13.454,+10.040,+0.936
1668456720,+3.46,+13.454,+10.006,+0.936
1668456780,+3.46,+13.437, +9.915,+0.936
1668456840,+3.46,+13.446, +9.850,+0.936
1668456900,+3.46,+13.446, +9.927,+0.936
1668456960,+3.46,+13.428, +9.932,+0.936
1668457020,+3.46,+13.428, +9.887,+0.936
1668457080,+3.46,+13.419, +9.803,+0.936
1668457140,+3.46,+13.428, +9.784,+0.936
1668457200,+3.46,+13.437, +9.673,+0.936
1668457260,+3.46,+13.446, +9.718,+0.936
1668457320,+3.46,+13.411, +9.674,+0.936
1668457380,+3.46,+13.428, +9.641,+0.936
1668457440,+3.46,+13.419, +9.835,+0.936
1668457500,+3.46,+13.446, +9.851,+0.936
1668457560,+3.46,+13.419, +9.846,+0.936
1668457620,+3.46,+13.393, +9.836,+0.936
1668457680,+3.46,+13.411, +9.868,+0.936
1668457740,+3.46,+13.419, +9.800,+0.936
1668457800,+3.46,+13.402, +9.853,+0.936
1668457860,+3.46,+13.411, +9.833,+0.936
1668457920,+3.46,+13.419, +9.827,+0.936
1668457980,+3.46,+13.411, +9.781,+0.936
1668458040,+3.46,+13.419, +9.772,+0.936
1668458100,+3.46,+13.411, +9.792,+0.936
1668458160,+3.46,+13.437, +9.757,+0.936
1668458220,+3.46,+13.419, +9.723,+0.936
1668458280,+3.46,+13.446, +9.737,+0.936
1668458340,+3.46,+13.411, +9.822,+0.936
1668458400,+3.46,+13.428, +9.727,+0.936
1668458460,+3.46,+13.419, +9.724,+0.936
1668458520,+3.46,+13.428, +9.640,+0.936
1668458580,+3.46,+13.419, +9.666,+0.936
1668458640,+3.46,+13.419, +9.798,+0.936
1668458700,+3.46,+13.437, +9.907,+0.936
1668458760,+3.46,+13.428, +9.837,+0.936
1668458820,+3.46,+13.411, +9.743,+0.936
1668458880,+3.46,+13.402, +9.610,+0.936
1668458940,+3.46,+13.402, +9.503,+0.936
1668459000,+3.46,+13.402, +9.551,+0.936
1668459060,+3.46,+13.393, +9.781,+0.936
1668459120,+3.46,+13.428, +9.840,+0.936
1668459180,+3.46,+13.437, +9.881,+0.936
1668459240,+3.46,+13.437, +9.934,+0.936
1668459300,+3.46,+13.437, +9.961,+0.936
1668459360,+3.46,+13.428, +9.926,+0.936
1668459420,+3.46,+13.428, +9.801,+0.936
1668459480,+3.46,+13.446, +9.775,+0.936
1668459540,+3.46,+13.437, +9.737,+0.936
1668459600,+3.46,+13.437, +9.816,+0.936
1668459660,+3.46,+13.437, +9.421,+0.936
1668459720,+3.46,+13.411, +9.510,+0.936
1668459780,+3.46,+13.411, +9.579,+0.936
1668459840,+3.46,+13.402, +9.617,+0.936
1668459900,+3.46,+13.402, +9.644,+0.936
1668459960,+3.46,+13.385, +9.676,+0.936
1668460020,+3.46,+13.385, +9.660,+0.936
1668460080,+3.46,+13.385, +9.625,+0.936
1668460140,+3.46,+13.385, +9.668,+0.936
1668460200,+3.46,+13.367, +9.719,+0.936
1668460260,+3.46,+13.367, +9.725,+0.936
1668460320,+3.46,+13.358, +9.725,+0.936
1668460380,+3.46,+13.376, +9.672,+0.935
1668460440,+3.46,+13.358, +9.629,+0.936
1668460500,+3.46,+13.358, +9.501,+0.935
1668460560,+3.46,+13.350, +9.450,+0.936
1668460620,+3.46,+13.332, +9.386,+0.936
1668460680,+3.46,+13.350, +9.269,+0.936
1668460740,+3.46,+13.350, +9.243,+0.936
1668460800,+3.46,+13.341, +9.274,+0.935
1668460860,+3.46,+13.341, +9.278,+0.936
1668460920,+3.46,+13.341, +9.091,+0.936
1668460980,+3.46,+13.341, +9.078,+0.936
1668461040,+3.46,+13.350, +9.083,+0.936
1668461100,+3.46,+13.350, +9.111,+0.936
1668461160,+3.46,+13.332, +9.099,+0.936
1668461220,+3.46,+13.341, +9.089,+0.936
1668461280,+3.46,+13.341, +9.039,+0.936
1668461340,+3.46,+13.350, +9.073,+0.936
1668461400,+3.46,+13.350, +9.096,+0.936
1668461460,+3.46,+13.341, +9.196,+0.936
1668461520,+3.46,+13.341, +9.247,+0.936
1668461580,+3.46,+13.341, +9.307,+0.936
1668461640,+3.46,+13.358, +9.324,+0.936
1668461700,+3.46,+13.341, +9.348,+0.936
1668461760,+3.46,+13.332, +9.312,+0.936
1668461820,+3.46,+13.358, +9.297,+0.936
1668461880,+3.46,+13.341, +9.342,+0.936
1668461940,+3.46,+13.341, +9.370,+0.936
1668462000,+3.46,+13.358, +9.285,+0.936
1668462060,+3.46,+13.332, +9.316,+0.936
1668462120,+3.46,+13.350, +9.337,+0.936
1668462180,+3.46,+13.315, +9.344,+0.936
1668462240,+3.46,+13.323, +9.340,+0.936
1668462300,+3.46,+13.323, +9.173,+0.936
1668462360,+3.46,+13.315, +8.980,+0.936
1668462420,+3.46,+13.332, +8.859,+0.935
1668462480,+3.46,+13.323, +8.831,+0.935
1668462540,+3.46,+13.323, +8.813,+0.936
1668462600,+3.46,+13.323, +8.798,+0.936
1668462660,+3.46,+13.315, +8.688,+0.936
1668462720,+3.46,+13.315, +8.572,+0.936
1668462780,+3.46,+13.297, +8.678,+0.936
1668462840,+3.46,+13.315, +8.701,+0.936
1668462900,+3.46,+13.306, +8.691,+0.936
1668462960,+3.46,+13.306, +8.676,+0.936
1668463020,+3.46,+13.306, +8.689,+0.936
1668463080,+3.46,+13.297, +8.733,+0.936
1668463140,+3.46,+13.315, +8.730,+0.936
1668463200,+3.46,+13.288, +8.599,+0.935
1668463260,+3.46,+13.306, +8.929,+0.935
1668463320,+3.46,+13.315, +8.865,+0.936
1668463380,+3.46,+13.306, +8.979,+0.936
1668463440,+3.46,+13.306, +9.119,+0.936
1668463500,+3.46,+13.315, +9.085,+0.936
1668463560,+3.46,+13.306, +9.020,+0.935
1668463620,+3.46,+13.323, +8.996,+0.935
1668463680,+3.46,+13.297, +9.039,+0.936
1668463740,+3.46,+13.332, +8.973,+0.936
1668463800,+3.46,+13.315, +8.930,+0.936
1668463860,+3.46,+13.297, +8.815,+0.936
1668463920,+3.46,+13.306, +8.652,+0.936
1668463980,+3.46,+13.297, +8.659,+0.936
1668464040,+3.46,+13.323, +8.642,+0.935
1668464100,+3.46,+13.323, +8.692,+0.936
1668464160,+3.46,+13.315, +8.792,+0.935
1668464220,+3.46,+13.306, +8.857,+0.936
1668464280,+3.46,+13.306, +8.858,+0.936
1668464340,+3.46,+13.306, +8.825,+0.936
1668464400,+3.46,+13.306, +8.831,+0.936
1668464460,+3.46,+13.288, +8.803,+0.935
1668464520,+3.46,+13.306, +8.771,+0.936
1668464580,+3.46,+13.306, +8.726,+0.936
1668464640,+3.46,+13.297, +8.672,+0.936
1668464700,+3.46,+13.297, +8.642,+0.936
1668464760,+3.46,+13.297, +8.609,+0.936
1668464820,+3.46,+13.288, +8.594,+0.936
1668464880,+3.46,+13.306, +8.641,+0.936
1668464940,+3.46,+13.280, +8.667,+0.936
1668465000,+3.46,+13.280, +8.681,+0.936
1668465060,+3.46,+13.271, +8.682,+0.936
1668465120,+3.46,+13.288, +8.703,+0.936
1668465180,+3.46,+13.280, +8.731,+0.936
1668465240,+3.46,+13.288, +8.659,+0.935
1668465300,+3.46,+13.271, +8.709,+0.936
1668465360,+3.46,+13.297, +8.710,+0.936
1668465420,+3.46,+13.280, +8.745,+0.936
1668465480,+3.46,+13.306, +8.746,+0.936
1668465540,+3.46,+13.271, +8.724,+0.936
1668465600,+3.46,+13.297, +8.718,+0.936
1668465660,+3.46,+13.297, +8.633,+0.935
1668465720,+3.46,+13.297, +8.553,+0.935
1668465780,+3.46,+13.288, +8.586,+0.936
1668465840,+3.46,+13.280, +8.669,+0.936
1668465900,+3.46,+13.271, +8.728,+0.936
1668465960,+3.46,+13.288, +8.831,+0.936
1668466020,+3.46,+13.271, +8.919,+0.936
1668466080,+3.46,+13.280, +8.836,+0.936
1668466140,+3.46,+13.288, +8.763,+0.935
1668466200,+3.46,+13.271, +8.694,+0.935
1668466260,+3.46,+13.280, +8.606,+0.935
1668466320,+3.46,+13.253, +8.565,+0.936
1668466380,+3.46,+13.280, +8.566,+0.935
1668466440,+3.46,+13.253, +8.499,+0.935
1668466500,+3.46,+13.271, +8.450,+0.935
1668466560,+3.46,+13.253, +8.439,+0.935
1668466620,+3.46,+13.262, +8.423,+0.935
1668466680,+3.46,+13.253, +8.411,+0.935
1668466740,+3.46,+13.253, +8.416,+0.935
1668466800,+3.46,+13.262, +8.436,+0.935
1668466860,+3.46,+13.253, +8.457,+0.936
1668466920,+3.46,+13.253, +8.423,+0.935
1668466980,+3.46,+13.244, +8.393,+0.935
1668467040,+3.46,+13.244, +8.370,+0.936
1668467100,+3.46,+13.253, +8.344,+0.935
1668467160,+3.46,+13.253, +8.343,+0.935
1668467220,+3.46,+13.271, +8.359,+0.935
1668467280,+3.46,+13.271, +8.335,+0.935
1668467340,+3.46,+13.280, +8.255,+0.935
1668467400,+3.46,+13.244, +8.273,+0.935
1668467460,+3.46,+13.271, +8.301,+0.936
1668467520,+3.46,+13.244, +8.293,+0.935
1668467580,+3.46,+13.262, +8.382,+0.935
1668467640,+3.46,+13.262, +8.390,+0.936
1668467700,+3.46,+13.253, +8.478,+0.935
1668467760,+3.46,+13.262, +8.419,+0.935
1668467820,+3.46,+13.253, +8.378,+0.936
1668467880,+3.46,+13.262, +8.288,+0.935
1668467940,+3.46,+13.262, +8.106,+0.935
1668468000,+3.46,+13.244, +7.652,+0.935
1668468060,+3.46,+13.253, +7.316,+0.935
1668468120,+3.46,+13.244, +7.175,+0.935
1668468180,+3.46,+13.244, +7.249,+0.935
1668468240,+3.46,+13.227, +7.078,+0.935
1668468300,+3.46,+13.236, +7.091,+0.935
1668468360,+3.46,+13.209, +7.283,+0.935
1668468420,+3.46,+13.253, +7.476,+0.935
1668468480,+3.46,+13.218, +7.713,+0.935
1668468540,+3.46,+13.236, +7.925,+0.935
1668468600,+3.46,+13.209, +8.096,+0.935
1668468660,+3.46,+13.218, +8.163,+0.935
1668468720,+3.46,+13.227, +8.221,+0.935
1668468780,+3.46,+13.209, +8.319,+0.935
1668468840,+3.46,+13.218, +8.365,+0.935
1668468900,+3.46,+13.236, +8.391,+0.935
1668468960,+3.46,+13.218, +8.425,+0.935
1668469020,+3.46,+13.227, +8.486,+0.936
1668469080,+3.46,+13.236, +8.536,+0.936
1668469140,+3.46,+13.218, +8.564,+0.936
1668469200,+3.46,+13.218, +8.566,+0.936
1668469260,+3.46,+13.218, +8.518,+0.935
1668469320,+3.46,+13.227, +8.492,+0.935
1668469380,+3.46,+13.227, +8.424,+0.935
1668469440,+3.46,+13.218, +8.359,+0.935
1668469500,+3.46,+13.218, +8.276,+0.936
1668469560,+3.46,+13.236, +8.210,+0.935
1668469620,+3.46,+13.218, +8.220,+0.936
1668469680,+3.46,+13.218, +8.290,+0.935
1668469740,+3.46,+13.192, +8.310,+0.935
1668469800,+3.46,+13.236, +8.303,+0.935
1668469860,+3.46,+13.227, +8.303,+0.935
1668469920,+3.46,+13.201, +8.315,+0.935
1668469980,+3.46,+13.218, +8.327,+0.935
1668470040,+3.46,+13.236, +8.389,+0.935
1668470100,+3.46,+13.201, +8.470,+0.935
1668470160,+3.46,+13.236, +8.535,+0.935
1668470220,+3.46,+13.227, +8.613,+0.936
1668470280,+3.46,+13.244, +8.624,+0.935
1668470340,+3.46,+13.227, +8.546,+0.935
1668470400,+3.46,+13.236, +8.457,+0.935
1668470460,+3.46,+13.227, +7.797,+0.935
1668470520,+3.46,+13.244, +7.980,+0.935
1668470580,+3.46,+13.236, +8.011,+0.935
1668470640,+3.46,+13.236, +8.111,+0.936
1668470700,+3.46,+13.227, +8.130,+0.935
1668470760,+3.46,+13.227, +8.141,+0.935
1668470820,+3.46,+13.209, +8.268,+0.935
1668470880,+3.46,+13.227, +8.113,+0.935
1668470940,+3.46,+13.236, +7.876,+0.935
1668471000,+3.46,+13.227, +7.779,+0.935
1668471060,+3.46,+13.236, +7.709,+0.935
1668471120,+3.46,+13.236, +7.745,+0.935
1668471180,+3.46,+13.236, +7.911,+0.935
1668471240,+3.46,+13.218, +8.036,+0.935
1668471300,+3.46,+13.244, +8.172,+0.935
1668471360,+3.46,+13.236, +8.159,+0.935
1668471420,+3.46,+13.236, +8.117,+0.935
1668471480,+3.46,+13.236, +8.136,+0.935
1668471540,+3.46,+13.253, +8.118,+0.935
1668471600,+3.46,+13.262, +8.154,+0.935
1668471660,+3.46,+13.262, +8.139,+0.935
1668471720,+3.46,+13.253, +8.120,+0.935
1668471780,+3.46,+13.262, +8.186,+0.935
1668471840,+3.46,+13.253, +8.402,+0.935
1668471900,+3.46,+13.262, +8.581,+0.936
1668471960,+3.46,+13.244, +8.770,+0.935
1668472020,+3.46,+13.271, +8.888,+0.936
1668472080,+3.46,+13.262, +8.947,+0.936
1668472140,+3.46,+13.244, +8.948,+0.936
1668472200,+3.46,+13.227, +8.974,+0.936
1668472260,+3.46,+13.227, +8.934,+0.936
1668472320,+3.46,+13.227, +8.917,+0.936
1668472380,+3.46,+13.236, +8.841,+0.935
1668472440,+3.46,+13.244, +8.814,+0.936
1668472500,+3.46,+13.244, +8.829,+0.935
1668472560,+3.46,+13.218, +8.879,+0.936
1668472620,+3.46,+13.218, +8.949,+0.936
1668472680,+3.46,+13.236, +8.974,+0.935
1668472740,+3.46,+13.253, +8.981,+0.935
1668472800,+3.46,+13.227, +8.946,+0.936
1668472860,+3.46,+13.227, +8.928,+0.936
1668472920,+3.46,+13.209, +8.949,+0.936
1668472980,+3.46,+13.209, +9.005,+0.936
1668473040,+3.46,+13.227, +9.036,+0.936
1668473100,+3.46,+13.227, +8.869,+0.935
1668473160,+3.46,+13.244, +8.668,+0.935
1668473220,+3.46,+13.227, +8.614,+0.935
1668473280,+3.46,+13.236, +8.665,+0.935
1668473340,+3.46,+13.227, +8.731,+0.935
1668473400,+3.46,+13.253, +8.737,+0.936
1668473460,+3.46,+13.218, +8.696,+0.936
1668473520,+3.46,+13.244, +8.667,+0.935
1668473580,+3.46,+13.227, +8.662,+0.935
1668473640,+3.46,+13.236, +8.629,+0.936
1668473700,+3.46,+13.262, +8.562,+0.935
1668473760,+3.46,+13.236, +8.461,+0.935
1668473820,+3.46,+13.236, +8.414,+0.936
1668473880,+3.46,+13.227, +8.382,+0.935
1668473940,+3.46,+13.236, +8.334,+0.935
1668474000,+3.46,+13.244, +8.277,+0.935
1668474060,+3.46,+13.253, +8.293,+0.936
1668474120,+3.46,+13.236, +8.335,+0.935
1668474180,+3.46,+13.271, +8.370,+0.935
1668474240,+3.46,+13.262, +8.450,+0.936
1668474300,+3.46,+13.253, +8.516,+0.935
1668474360,+3.46,+13.253, +8.531,+0.936
1668474420,+3.46,+13.262, +8.503,+0.935
1668474480,+3.46,+13.244, +8.493,+0.936
1668474540,+3.46,+13.236, +8.464,+0.936
1668474600,+3.46,+13.244, +8.504,+0.935
1668474660,+3.46,+13.236, +8.565,+0.935
1668474720,+3.46,+13.244, +8.595,+0.936
1668474780,+3.46,+13.236, +8.603,+0.936
1668474840,+3.46,+13.253, +8.588,+0.935
1668474900,+3.46,+13.244, +8.554,+0.936
1668474960,+3.46,+13.253, +8.450,+0.935
1668475020,+3.46,+13.253, +8.449,+0.935
1668475080,+3.46,+13.227, +8.449,+0.936
1668475140,+3.46,+13.244, +8.435,+0.935
1668475200,+3.46,+13.262, +8.489,+0.935
1668475260,+3.46,+13.236, +8.577,+0.935
1668475320,+3.46,+13.227, +8.631,+0.935
1668475380,+3.46,+13.244, +8.668,+0.935
1668475440,+3.46,+13.253, +8.670,+0.935
1668475500,+3.46,+13.244, +8.655,+0.935
1668475560,+3.46,+13.253, +8.652,+0.936
1668475620,+3.46,+13.236, +8.637,+0.935
1668475680,+3.46,+13.244, +8.648,+0.936
1668475740,+3.46,+13.262, +8.685,+0.936
1668475800,+3.46,+13.244, +8.770,+0.936
1668475860,+3.46,+13.253, +8.843,+0.936
1668475920,+3.46,+13.244, +8.794,+0.935
1668475980,+3.46,+13.262, +8.708,+0.936
1668476040,+3.46,+13.253, +8.693,+0.935
1668476100,+3.46,+13.244, +8.746,+0.936
1668476160,+3.46,+13.244, +8.792,+0.936
1668476220,+3.46,+13.271, +8.820,+0.936
1668476280,+3.46,+13.253, +8.852,+0.936
1668476340,+3.46,+13.271, +8.849,+0.936
1668476400,+3.46,+13.262, +8.858,+0.935
1668476460,+3.46,+13.253, +8.886,+0.935
1668476520,+3.46,+13.244, +8.923,+0.936
1668476580,+3.46,+13.244, +8.904,+0.936
1668476640,+3.46,+13.280, +8.901,+0.935
1668476700,+3.46,+13.244, +8.898,+0.936
1668476760,+3.46,+13.262, +8.814,+0.935
1668476820,+3.46,+13.262, +8.794,+0.935
1668476880,+3.46,+13.262, +8.798,+0.936
1668476940,+3.46,+13.253, +8.743,+0.936
1668477000,+3.46,+13.262, +8.677,+0.935
1668477060,+3.46,+13.262, +8.578,+0.935
1668477120,+3.46,+13.244, +8.569,+0.935
1668477180,+3.46,+13.236, +8.604,+0.935
1668477240,+3.46,+13.262, +8.603,+0.935
1668477300,+3.46,+13.253, +8.588,+0.935
1668477360,+3.46,+13.253, +8.556,+0.935
1668477420,+3.46,+13.227, +8.519,+0.935
1668477480,+3.46,+13.244, +8.544,+0.935
1668477540,+3.46,+13.236, +8.620,+0.935
1668477600,+3.46,+13.218, +8.685,+0.935
1668477660,+3.46,+13.227, +8.701,+0.935
1668477720,+3.46,+13.227, +8.707,+0.936
1668477780,+3.46,+13.218, +8.702,+0.935
1668477840,+3.46,+13.209, +8.759,+0.935
1668477900,+3.46,+13.192, +8.688,+0.936
1668477960,+3.46,+13.201, +8.666,+0.935
1668478020,+3.46,+13.201, +8.632,+0.935
1668478080,+3.46,+13.192, +8.621,+0.935
1668478140,+3.46,+13.174, +8.615,+0.936
1668478200,+3.46,+13.192, +8.601,+0.936
1668478260,+3.46,+13.174, +8.573,+0.936
1668478320,+3.46,+13.174, +8.555,+0.935
1668478380,+3.46,+13.157, +8.557,+0.935
1668478440,+3.46,+13.157, +8.573,+0.935
1668478500,+3.46,+13.131, +8.505,+0.935
1668478560,+3.46,+13.157, +8.369,+0.935
1668478620,+3.46,+13.113, +8.319,+0.936
1668478680,+3.46,+13.139, +8.361,+0.935
1668478740,+3.46,+13.122, +8.432,+0.935
1668478800,+3.46,+13.122, +8.437,+0.935
1668478860,+3.46,+13.113, +8.482,+0.935
1668478920,+3.46,+13.113, +8.411,+0.935
1668478980,+3.46,+13.104, +8.238,+0.935
1668479040,+3.46,+13.113, +7.953,+0.935
1668479100,+3.46,+13.104, +7.908,+0.935
1668479160,+3.46,+13.078, +8.117,+0.935
1668479220,+3.46,+13.104, +8.432,+0.935
1668479280,+3.46,+13.104, +8.630,+0.936
1668479340,+3.46,+13.095, +8.767,+0.936
1668479400,+3.46,+13.069, +8.833,+0.935
1668479460,+3.46,+13.087, +8.902,+0.935
1668479520,+3.46,+13.052, +9.019,+0.936
1668479580,+3.46,+13.069, +9.044,+0.935
1668479640,+3.46,+13.052, +9.098,+0.935
1668479700,+3.46,+13.052, +9.117,+0.936
1668479760,+3.46,+13.052, +9.102,+0.936
1668479820,+3.46,+13.052, +9.043,+0.936
1668479880,+3.46,+13.052, +8.967,+0.936
1668479940,+3.46,+13.069, +8.911,+0.936
1668480000,+3.46,+13.060, +8.920,+0.935
1668480060,+3.46,+13.043, +8.896,+0.936
1668480120,+3.46,+13.034, +8.832,+0.935
1668480180,+3.46,+13.034, +8.829,+0.936
1668480240,+3.46,+13.034, +8.785,+0.935
1668480300,+3.46,+13.025, +8.747,+0.935
1668480360,+3.46,+13.016, +8.675,+0.935
1668480420,+3.46,+13.043, +8.635,+0.935
1668480480,+3.46,+13.025, +8.543,+0.935
1668480540,+3.46,+13.016, +8.381,+0.935
1668480600,+3.46,+12.999, +8.274,+0.935
1668480660,+3.46,+13.008, +8.212,+0.936
1668480720,+3.46,+13.016, +8.344,+0.936
1668480780,+3.46,+12.999, +8.491,+0.935
1668480840,+3.46,+13.016, +8.646,+0.935
1668480900,+3.46,+13.008, +8.775,+0.935
1668480960,+3.46,+13.016, +8.827,+0.936
1668481020,+3.46,+12.981, +8.852,+0.935
1668481080,+3.46,+12.981, +8.875,+0.936
1668481140,+3.46,+12.999, +8.873,+0.935
1668481200,+3.46,+12.973, +8.928,+0.935
1668481260,+3.46,+12.964, +8.241,+0.935
1668481320,+3.46,+12.964, +8.418,+0.936
1668481380,+3.46,+12.973, +8.341,+0.935
1668481440,+3.46,+12.981, +8.340,+0.935
1668481500,+3.46,+12.964, +8.153,+0.935
1668481560,+3.46,+12.955, +8.192,+0.935
1668481620,+3.46,+12.955, +8.310,+0.935
1668481680,+3.46,+12.981, +8.361,+0.935
1668481740,+3.46,+12.964, +8.347,+0.935
1668481800,+3.46,+12.946, +8.165,+0.935
1668481860,+3.46,+12.955, +8.092,+0.935
1668481920,+3.46,+12.955, +8.167,+0.935
1668481980,+3.46,+12.946, +8.228,+0.935
1668482040,+3.46,+12.920, +8.383,+0.935
1668482100,+3.46,+12.929, +8.252,+0.935
1668482160,+3.46,+12.902, +8.099,+0.935
1668482220,+3.46,+12.902, +8.035,+0.935
1668482280,+3.46,+12.911, +8.021,+0.935
1668482340,+3.46,+12.911, +8.001,+0.935
1668482400,+3.46,+12.902, +8.144,+0.935
1668482460,+3.46,+12.885, +8.278,+0.935
1668482520,+3.46,+12.876, +8.297,+0.936
1668482580,+3.46,+12.867, +8.372,+0.935
1668482640,+3.46,+12.867, +8.578,+0.936
1668482700,+3.46,+12.867, +8.601,+0.935
1668482760,+3.46,+12.876, +8.412,+0.935
1668482820,+3.46,+12.858, +8.400,+0.935
1668482880,+3.46,+12.832, +8.630,+0.936
1668482940,+3.46,+12.849, +8.701,+0.935
1668483000,+3.46,+12.814, +8.901,+0.936
1668483060,+3.46,+12.832, +8.896,+0.936
1668483120,+3.46,+12.832, +8.907,+0.936
1668483180,+3.46,+12.814, +8.975,+0.936
1668483240,+3.46,+12.814, +9.004,+0.935
1668483300,+3.46,+12.797, +9.046,+0.935
1668483360,+3.46,+12.770, +9.076,+0.936
1668483420,+3.46,+12.753, +9.032,+0.936
1668483480,+3.46,+12.735, +9.090,+0.936
1668483540,+3.46,+12.726, +9.008,+0.936
1668483600,+3.46,+12.709, +8.989,+0.935
1668483660,+3.46,+12.717, +8.908,+0.935
1668483720,+3.46,+12.691, +8.847,+0.935
1668483780,+3.46,+12.673, +8.991,+0.936
1668483840,+3.46,+12.656, +9.064,+0.936
1668483900,+3.46,+12.682, +9.076,+0.935
1668483960,+3.46,+12.647, +8.914,+0.936
1668484020,+3.46,+12.682, +8.683,+0.935
1668484080,+3.46,+12.656, +8.763,+0.935
1668484140,+3.46,+12.647, +8.707,+0.936
1668484200,+3.46,+12.647, +8.349,+0.935
1668484260,+3.46,+12.647, +8.176,+0.935
1668484320,+3.46,+12.647, +8.143,+0.935
1668484380,+3.46,+12.664, +8.055,+0.936
1668484440,+3.46,+12.620, +8.123,+0.935
1668484500,+3.46,+12.647, +8.301,+0.935
1668484560,+3.46,+12.656, +8.421,+0.936
1668484620,+3.46,+12.656, +8.416,+0.935
1668484680,+3.46,+12.612, +8.444,+0.935
1668484740,+3.47,+12.612, +8.695,+0.935
1668484800,+3.47,+12.585, +8.902,+0.936
1668484860,+3.46,+12.567, +8.867,+0.935
1668484920,+3.47,+12.559, +8.696,+0.935
1668484980,+3.47,+12.559, +8.583,+0.935
1668485040,+3.47,+12.523, +8.415,+0.935
1668485100,+3.46,+12.523, +8.310,+0.935
1668485160,+3.46,+12.506, +8.291,+0.935
1668485220,+3.46,+12.514, +8.309,+0.935
1668485280,+3.47,+12.523, +8.224,+0.935
1668485340,+3.47,+12.523, +8.227,+0.935
1668485400,+3.46,+12.514, +8.165,+0.935
1668485460,+3.47,+12.514, +8.075,+0.935
1668485520,+3.46,+12.506, +7.983,+0.935
1668485580,+3.47,+12.514, +7.916,+0.935
1668485640,+3.47,+12.532, +7.832,+0.935
1668485700,+3.46,+12.532, +7.832,+0.935
1668485760,+3.47,+12.523, +7.730,+0.935
1668485820,+3.47,+12.523, +7.596,+0.935
1668485880,+3.46,+12.532, +7.496,+0.935
1668485940,+3.47,+12.532, +7.420,+0.935
1668486000,+3.47,+12.514, +7.616,+0.935
1668486060,+3.47,+12.541, +7.878,+0.935
1668486120,+3.46,+12.514, +8.104,+0.935
1668486180,+3.47,+12.532, +8.414,+0.935
1668486240,+3.47,+12.523, +8.618,+0.935
1668486300,+3.47,+12.514, +8.746,+0.935
1668486360,+3.47,+12.523, +8.636,+0.936
1668486420,+3.46,+12.523, +8.721,+0.935
1668486480,+3.46,+12.550, +8.675,+0.936
1668486540,+3.46,+12.514, +8.692,+0.935
1668486600,+3.46,+12.541, +8.753,+0.936
1668486660,+3.46,+12.532, +8.685,+0.935
1668486720,+3.46,+12.550, +8.350,+0.935
1668486780,+3.47,+12.541, +8.390,+0.935
1668486840,+3.46,+12.541, +7.972,+0.935
1668486900,+3.46,+12.559, +7.846,+0.935
1668486960,+3.46,+12.550, +7.892,+0.935
1668487020,+3.46,+12.541, +8.032,+0.935
1668487080,+3.46,+12.541, +7.748,+0.935
1668487140,+3.46,+12.541, +7.606,+0.935
1668487200,+3.46,+12.559, +7.530,+0.935
1668487260,+3.46,+12.567, +7.520,+0.935
1668487320,+3.46,+12.567, +7.321,+0.935
1668487380,+3.46,+12.559, +7.431,+0.935
1668487440,+3.46,+12.567, +7.455,+0.935
1668487500,+3.46,+12.567, +7.723,+0.935
1668487560,+3.46,+12.567, +7.965,+0.935
1668487620,+3.46,+12.550, +8.074,+0.935
1668487680,+3.46,+12.585, +7.992,+0.935
1668487740,+3.46,+12.567, +8.188,+0.935
1668487800,+3.46,+12.559, +8.084,+0.935
1668487860,+3.46,+12.567, +8.044,+0.935
1668487920,+3.46,+12.585, +8.094,+0.935
1668487980,+3.46,+12.567, +8.065,+0.935
1668488040,+3.46,+12.559, +7.988,+0.935
1668488100,+3.46,+12.576, +7.686,+0.935
1668488160,+3.46,+12.567, +7.799,+0.935
1668488220,+3.46,+12.559, +8.036,+0.935
1668488280,+3.46,+12.550, +7.987,+0.935
1668488340,+3.46,+12.559, +7.814,+0.935
1668488400,+3.46,+12.559, +7.957,+0.935
1668488460,+3.46,+12.567, +7.923,+0.935
1668488520,+3.46,+12.559, +7.644,+0.935
1668488580,+3.46,+12.550, +7.468,+0.935
1668488640,+3.46,+12.559, +7.238,+0.935
1668488700,+3.46,+12.559, +7.065,+0.935
1668488760,+3.46,+12.559, +6.901,+0.934
1668488820,+3.46,+12.550, +6.892,+0.935
1668488880,+3.46,+12.550, +7.047,+0.935
1668488940,+3.46,+12.532, +6.916,+0.935
1668489000,+3.46,+12.532, +6.727,+0.935
1668489060,+3.46,+12.523, +6.546,+0.934
1668489120,+3.46,+12.550, +6.286,+0.935
1668489180,+3.46,+12.541, +6.140,+0.934
1668489240,+3.46,+12.523, +6.311,+0.935
1668489300,+3.46,+12.532, +6.824,+0.934
1668489360,+3.46,+12.497, +7.359,+0.934
1668489420,+3.46,+12.532, +7.304,+0.934
1668489480,+3.46,+12.506, +7.978,+0.935
1668489540,+3.46,+12.497, +8.421,+0.935
1668489600,+3.46,+12.514, +8.674,+0.936
1668489660,+3.46,+12.514, +8.775,+0.935
1668489720,+3.46,+12.514, +8.778,+0.936
1668489780,+3.46,+12.497, +8.722,+0.935
1668489840,+3.46,+12.488, +8.544,+0.935
1668489900,+3.46,+12.488, +8.460,+0.935
1668489960,+3.46,+12.479, +8.571,+0.935
1668490020,+3.46,+12.488, +8.605,+0.935
1668490080,+3.46,+12.488, +8.662,+0.935
1668490140,+3.46,+12.470, +8.589,+0.936
1668490200,+3.46,+12.479, +8.727,+0.935
1668490260,+3.46,+12.470, +8.877,+0.936
1668490320,+3.46,+12.461, +8.879,+0.936
1668490380,+3.46,+12.470, +8.900,+0.935
1668490440,+3.46,+12.470, +8.863,+0.936
1668490500,+3.46,+12.470, +8.858,+0.935
1668490560,+3.46,+12.470, +8.881,+0.935
1668490620,+3.46,+12.453, +8.958,+0.936
1668490680,+3.46,+12.444, +8.974,+0.935
1668490740,+3.46,+12.435, +8.916,+0.935
1668490800,+3.46,+12.444, +8.894,+0.936
1668490860,+3.46,+12.461, +8.804,+0.935
1668490920,+3.46,+12.417, +8.716,+0.935
1668490980,+3.46,+12.435, +8.762,+0.935
1668491040,+3.46,+12.444, +8.666,+0.935
1668491100,+3.46,+12.453, +8.583,+0.935
1668491160,+3.46,+12.435, +8.551,+0.936
1668491220,+3.46,+12.435, +8.657,+0.935
1668491280,+3.46,+12.435, +8.831,+0.936
1668491340,+3.46,+12.444, +8.828,+0.936
1668491400,+3.46,+12.417, +8.820,+0.935
1668491460,+3.46,+12.426, +8.698,+0.936
1668491520,+3.46,+12.453, +8.678,+0.935
1668491580,+3.46,+12.435, +8.658,+0.935
1668491640,+3.46,+12.444, +8.554,+0.935
1668491700,+3.46,+12.453, +8.423,+0.935
1668491760,+3.46,+12.461, +8.517,+0.935
1668491820,+3.46,+12.461, +8.317,+0.935
1668491880,+3.46,+12.470, +8.179,+0.935
1668491940,+3.46,+12.453, +8.031,+0.935
1668492000,+3.46,+12.444, +7.831,+0.935
1668492060,+3.46,+12.426, +7.681,+0.935
1668492120,+3.46,+12.426, +7.993,+0.935
1668492180,+3.46,+12.435, +8.131,+0.935
1668492240,+3.46,+12.417, +8.205,+0.935
1668492300,+3.46,+12.426, +8.265,+0.935
1668492360,+3.46,+12.417, +8.261,+0.935
1668492420,+3.46,+12.399, +8.293,+0.935
1668492480,+3.46,+12.408, +8.350,+0.935
1668492540,+3.46,+12.408, +8.455,+0.935
1668492600,+3.46,+12.399, +8.504,+0.935
1668492660,+3.46,+12.382, +8.508,+0.936
1668492720,+3.46,+12.408, +8.467,+0.935
1668492780,+3.46,+12.417, +8.512,+0.935
1668492840,+3.46,+12.408, +8.538,+0.935
1668492900,+3.46,+12.399, +8.469,+0.935
1668492960,+3.46,+12.426, +8.528,+0.935
1668493020,+3.46,+12.435, +8.521,+0.935
1668493080,+3.46,+12.417, +8.550,+0.936
1668493140,+3.46,+12.444, +8.643,+0.935
1668493200,+3.46,+12.444, +8.753,+0.936
1668493260,+3.46,+12.399, +8.770,+0.935
1668493320,+3.46,+12.417, +8.858,+0.936
1668493380,+3.46,+12.417, +8.747,+0.935
1668493440,+3.46,+12.426, +8.696,+0.936
1668493500,+3.46,+12.408, +8.673,+0.936
1668493560,+3.46,+12.408, +8.644,+0.935
1668493620,+3.46,+12.408, +8.555,+0.935
1668493680,+3.46,+12.408, +8.496,+0.935
1668493740,+3.46,+12.399, +8.442,+0.935
1668493800,+3.46,+12.399, +8.410,+0.935
1668493860,+3.46,+12.399, +8.380,+0.936
1668493920,+3.46,+12.391, +8.382,+0.935
1668493980,+3.46,+12.391, +8.415,+0.936
1668494040,+3.46,+12.382, +8.396,+0.935
1668494100,+3.46,+12.391, +8.339,+0.935
1668494160,+3.46,+12.399, +8.288,+0.935
1668494220,+3.46,+12.399, +8.316,+0.935
1668494280,+3.46,+12.391, +8.321,+0.935
1668494340,+3.46,+12.399, +8.314,+0.935
1668494400,+3.46,+12.408, +8.321,+0.935
1668494460,+3.46,+12.399, +8.373,+0.935
1668494520,+3.46,+12.382, +8.321,+0.935
1668494580,+3.46,+12.382, +8.315,+0.935
1668494640,+3.46,+12.382, +8.266,+0.935
1668494700,+3.46,+12.399, +8.332,+0.935
1668494760,+3.46,+12.391, +8.413,+0.935
1668494820,+3.46,+12.399, +8.423,+0.935
1668494880,+3.46,+12.364, +8.471,+0.935
1668494940,+3.46,+12.373, +8.424,+0.935
1668495000,+3.46,+12.373, +8.429,+0.935
1668495060,+3.46,+12.364, +8.495,+0.935
1668495120,+3.46,+12.346, +8.534,+0.935
1668495180,+3.46,+12.346, +8.506,+0.935
1668495240,+3.46,+12.346, +8.480,+0.935
1668495300,+3.46,+12.346, +8.359,+0.935
1668495360,+3.46,+12.346, +8.421,+0.935
1668495420,+3.46,+12.373, +8.530,+0.935
1668495480,+3.46,+12.373, +8.611,+0.935
1668495540,+3.46,+12.355, +8.629,+0.935
1668495600,+3.46,+12.373, +8.664,+0.935
1668495660,+3.46,+12.364, +8.829,+0.935
1668495720,+3.46,+12.355, +8.843,+0.935
1668495780,+3.46,+12.346, +8.877,+0.935
1668495840,+3.46,+12.373, +8.819,+0.935
1668495900,+3.46,+12.373, +8.771,+0.935
1668495960,+3.46,+12.373, +8.745,+0.935
1668496020,+3.46,+12.364, +8.679,+0.935
1668496080,+3.46,+12.373, +8.500,+0.936
1668496140,+3.46,+12.391, +8.414,+0.935
1668496200,+3.46,+12.364, +8.305,+0.935
1668496260,+3.46,+12.382, +8.336,+0.935
1668496320,+3.46,+12.364, +8.442,+0.935
1668496380,+3.46,+12.373, +8.478,+0.935
1668496440,+3.46,+12.364, +8.396,+0.935
1668496500,+3.46,+12.338, +8.400,+0.935
1668496560,+3.46,+12.338, +8.471,+0.935
1668496620,+3.46,+12.338, +8.527,+0.936
1668496680,+3.46,+12.320, +8.555,+0.935
1668496740,+3.46,+12.338, +8.555,+0.935
1668496800,+3.46,+12.329, +8.534,+0.935
1668496860,+3.46,+12.320, +8.662,+0.935
1668496920,+3.46,+12.320, +8.835,+0.935
1668496980,+3.46,+12.320, +9.058,+0.935
1668497040,+3.46,+12.293, +9.047,+0.936
1668497100,+3.46,+12.293, +8.980,+0.936
1668497160,+3.46,+12.258, +9.143,+0.935
1668497220,+3.46,+12.205, +9.262,+0.936
1668497280,+3.46,+12.240, +9.363,+0.935
1668497340,+3.46,+12.213, +9.378,+0.935
1668497400,+3.46,+12.196, +9.222,+0.935
1668497460,+3.46,+12.178, +9.091,+0.935
1668497520,+3.46,+12.213, +9.351,+0.936
1668497580,+3.46,+12.231, +9.408,+0.936
1668497640,+3.46,+12.222, +9.377,+0.936
1668497700,+3.46,+12.222, +9.215,+0.936
1668497760,+3.46,+12.249, +9.407,+0.936
1668497820,+3.46,+12.240, +9.450,+0.936
1668497880,+3.46,+12.267, +9.459,+0.936
1668497940,+3.46,+12.267, +9.467,+0.935
1668498000,+3.46,+12.258, +9.151,+0.935
1668498060,+3.46,+12.276, +8.979,+0.935
1668498120,+3.46,+12.293, +8.902,+0.935
1668498180,+3.46,+12.293, +8.800,+0.935
1668498240,+3.46,+12.302, +8.956,+0.935
1668498300,+3.46,+12.329, +8.965,+0.936
1668498360,+3.46,+12.320, +8.763,+0.935
1668498420,+3.46,+12.346, +8.633,+0.935
1668498480,+3.46,+12.355, +8.511,+0.935
1668498540,+3.46,+12.355, +8.451,+0.936
1668498600,+3.46,+12.382, +8.255,+0.935
1668498660,+3.46,+12.382, +8.091,+0.935
1668498720,+3.46,+12.382, +8.161,+0.935
1668498780,+3.46,+12.399, +8.276,+0.935
1668498840,+3.46,+12.391, +8.359,+0.935
1668498900,+3.46,+12.382, +8.392,+0.935
1668498960,+3.46,+12.373, +8.362,+0.935
1668499020,+3.46,+12.373, +8.329,+0.935
1668499080,+3.46,+12.364, +8.296,+0.935
1668499140,+3.46,+12.355, +8.266,+0.935
1668499200,+3.46,+12.311, +8.297,+0.935
1668499260,+3.46,+12.320, +8.335,+0.935
1668499320,+3.46,+12.329, +8.362,+0.935
1668499380,+3.46,+12.311, +8.373,+0.935
1668499440,+3.46,+12.311, +8.293,+0.935
1668499500,+3.46,+12.284, +8.110,+0.935
1668499560,+3.46,+12.284, +7.971,+0.935
1668499620,+3.46,+12.267, +7.804,+0.935
1668499680,+3.46,+12.276, +7.849,+0.935
1668499740,+3.46,+12.284, +8.052,+0.935
1668499800,+3.46,+12.284, +8.160,+0.935
1668499860,+3.46,+12.311, +8.212,+0.935
1668499920,+3.46,+12.329, +8.265,+0.935
1668499980,+3.46,+12.338, +8.292,+0.935
1668500040,+3.46,+12.355, +8.311,+0.935
1668500100,+3.46,+12.391, +8.298,+0.935
1668500160,+3.46,+12.417, +8.307,+0.935
1668500220,+3.46,+12.408, +8.284,+0.935
1668500280,+3.46,+12.435, +8.269,+0.935
1668500340,+3.46,+12.444, +8.332,+0.935
1668500400,+3.46,+12.453, +8.319,+0.935
1668500460,+3.46,+12.479, +8.332,+0.935
1668500520,+3.46,+12.461, +8.344,+0.935
1668500580,+3.46,+12.479, +8.411,+0.935
1668500640,+3.46,+12.479, +8.483,+0.935
1668500700,+3.46,+12.470, +8.545,+0.935
1668500760,+3.46,+12.461, +8.616,+0.935
1668500820,+3.46,+12.444, +8.660,+0.935
1668500880,+3.46,+12.444, +8.677,+0.935
1668500940,+3.46,+12.470, +8.708,+0.935
1668501000,+3.46,+12.444, +8.743,+0.935
1668501060,+3.46,+12.470, +8.737,+0.935
1668501120,+3.46,+12.470, +8.728,+0.935
1668501180,+3.46,+12.453, +8.694,+0.935
1668501240,+3.46,+12.461, +8.629,+0.935
1668501300,+3.46,+12.461, +8.607,+0.936
1668501360,+3.46,+12.453, +8.615,+0.935
1668501420,+3.46,+12.444, +8.563,+0.935
1668501480,+3.46,+12.417, +8.569,+0.935
1668501540,+3.46,+12.426, +8.610,+0.935
1668501600,+3.46,+12.399, +8.739,+0.935
1668501660,+3.46,+12.408, +8.767,+0.935
1668501720,+3.46,+12.382, +8.764,+0.935
1668501780,+3.46,+12.417, +8.688,+0.935
1668501840,+3.46,+12.373, +8.657,+0.935
1668501900,+3.46,+12.382, +8.635,+0.935
1668501960,+3.46,+12.399, +8.528,+0.935
1668502020,+3.46,+12.408, +8.447,+0.935
1668502080,+3.46,+12.417, +8.373,+0.935
1668502140,+3.46,+12.435, +8.401,+0.935
1668502200,+3.46,+12.444, +8.344,+0.935
1668502260,+3.46,+12.461, +8.273,+0.935
1668502320,+3.46,+12.453, +8.193,+0.935
1668502380,+3.46,+12.461, +8.109,+0.935
1668502440,+3.46,+12.470, +8.151,+0.935
1668502500,+3.46,+12.461, +8.157,+0.935
1668502560,+3.46,+12.506, +8.063,+0.935
1668502620,+3.46,+12.497, +8.016,+0.935
1668502680,+3.46,+12.488, +8.005,+0.935
1668502740,+3.46,+12.523, +8.070,+0.935
1668502800,+3.46,+12.523, +8.114,+0.935
1668502860,+3.46,+12.532, +6.804,+0.934
1668502920,+3.46,+12.532, +7.353,+0.935
1668502980,+3.46,+12.541, +7.761,+0.935
1668503040,+3.46,+12.541, +8.010,+0.935
1668503100,+3.46,+12.541, +8.111,+0.935
1668503160,+3.46,+12.541, +8.199,+0.935
1668503220,+3.46,+12.514, +8.219,+0.935
1668503280,+3.46,+12.532, +8.241,+0.935
1668503340,+3.46,+12.550, +8.278,+0.935
1668503400,+3.46,+12.532, +8.324,+0.935
1668503460,+3.46,+12.541, +8.366,+0.935
1668503520,+3.46,+12.550, +8.349,+0.935
1668503580,+3.46,+12.559, +8.270,+0.935
1668503640,+3.46,+12.559, +8.206,+0.935
1668503700,+3.46,+12.576, +8.089,+0.935
1668503760,+3.46,+12.567, +8.030,+0.935
1668503820,+3.46,+12.576, +7.960,+0.935
1668503880,+3.46,+12.550, +7.974,+0.935
1668503940,+3.46,+12.567, +8.031,+0.935
1668504000,+3.46,+12.603, +8.068,+0.935
1668504060,+3.46,+12.585, +8.117,+0.935
1668504120,+3.46,+12.585, +8.136,+0.935
1668504180,+3.46,+12.585, +8.181,+0.935
1668504240,+3.46,+12.567, +8.205,+0.935
1668504300,+3.46,+12.576, +8.084,+0.935
1668504360,+3.46,+12.567, +7.990,+0.935
1668504420,+3.46,+12.576, +7.938,+0.935
1668504480,+3.46,+12.585, +7.910,+0.935
1668504540,+3.46,+12.585, +7.896,+0.935
1668504600,+3.46,+12.576, +7.909,+0.935
1668504660,+3.46,+12.559, +7.921,+0.935
1668504720,+3.46,+12.576, +7.933,+0.935
1668504780,+3.46,+12.541, +7.925,+0.935
1668504840,+3.46,+12.550, +7.918,+0.935
1668504900,+3.46,+12.532, +7.940,+0.935
1668504960,+3.46,+12.523, +7.951,+0.935
1668505020,+3.46,+12.514, +7.942,+0.935
1668505080,+3.46,+12.532, +7.866,+0.935
1668505140,+3.46,+12.541, +7.795,+0.935
1668505200,+3.46,+12.550, +7.828,+0.935
1668505260,+3.46,+12.532, +7.863,+0.935
1668505320,+3.46,+12.541, +7.888,+0.935
1668505380,+3.46,+12.523, +7.931,+0.935
1668505440,+3.46,+12.541, +7.934,+0.935
1668505500,+3.46,+12.523, +7.963,+0.935
1668505560,+3.46,+12.514, +7.961,+0.935
1668505620,+3.46,+12.506, +8.008,+0.935
1668505680,+3.46,+12.514, +8.032,+0.935
1668505740,+3.46,+12.523, +7.966,+0.935
1668505800,+3.46,+12.532, +8.013,+0.935
1668505860,+3.46,+12.532, +8.041,+0.935
1668505920,+3.46,+12.550, +8.001,+0.935
1668505980,+3.46,+12.559, +7.837,+0.935
1668506040,+3.46,+12.567, +7.684,+0.935
1668506100,+3.46,+12.567, +7.568,+0.935
1668506160,+3.46,+12.559, +7.285,+0.935
1668506220,+3.46,+12.567, +7.143,+0.935
1668506280,+3.46,+12.585, +7.343,+0.934
1668506340,+3.46,+12.576, +7.669,+0.935
1668506400,+3.46,+12.585, +7.816,+0.935
1668506460,+3.46,+12.620, +7.731,+0.934
1668506520,+3.46,+12.603, +7.600,+0.934
1668506580,+3.46,+12.585, +7.456,+0.935
1668506640,+3.46,+12.594, +7.562,+0.935
1668506700,+3.46,+12.585, +7.702,+0.935
1668506760,+3.46,+12.594, +7.809,+0.935
1668506820,+3.46,+12.612, +7.827,+0.935
1668506880,+3.46,+12.594, +7.864,+0.935
1668506940,+3.46,+12.594, +7.928,+0.935
1668507000,+3.46,+12.620, +7.943,+0.935
1668507060,+3.46,+12.612, +7.992,+0.935
1668507120,+3.46,+12.603, +8.003,+0.935
1668507180,+3.46,+12.612, +8.004,+0.935
1668507240,+3.46,+12.612, +8.009,+0.935
1668507300,+3.46,+12.585, +7.876,+0.935
1668507360,+3.46,+12.612, +7.777,+0.935
1668507420,+3.46,+12.594, +8.051,+0.935
1668507480,+3.46,+12.603, +7.953,+0.935
1668507540,+3.46,+12.594, +8.046,+0.935
1668507600,+3.46,+12.594, +8.122,+0.935
1668507660,+3.46,+12.594, +8.035,+0.935
1668507720,+3.46,+12.612, +8.200,+0.935
1668507780,+3.46,+12.603, +8.420,+0.935
1668507840,+3.46,+12.603, +8.484,+0.935
1668507900,+3.46,+12.603, +8.511,+0.935
1668507960,+3.46,+12.612, +8.301,+0.935
1668508020,+3.46,+12.585, +7.946,+0.935
1668508080,+3.46,+12.594, +7.842,+0.935
1668508140,+3.46,+12.594, +7.834,+0.935
1668508200,+3.46,+12.585, +7.861,+0.935
1668508260,+3.46,+12.567, +7.853,+0.935
1668508320,+3.46,+12.567, +7.856,+0.935
1668508380,+3.46,+12.550, +7.931,+0.935
1668508440,+3.46,+12.559, +7.990,+0.935
1668508500,+3.46,+12.567, +8.031,+0.935
1668508560,+3.46,+12.550, +8.070,+0.935
1668508620,+3.46,+12.523, +8.092,+0.935
1668508680,+3.46,+12.550, +8.080,+0.935
1668508740,+3.46,+12.541, +8.017,+0.935
1668508800,+3.46,+12.550, +7.967,+0.935
1668508860,+3.46,+12.541, +7.996,+0.935
1668508920,+3.46,+12.550, +8.058,+0.935
1668508980,+3.46,+12.550, +8.047,+0.935
1668509040,+3.46,+12.532, +8.031,+0.935
1668509100,+3.46,+12.532, +8.055,+0.935
1668509160,+3.46,+12.541, +8.069,+0.935
1668509220,+3.46,+12.532, +8.124,+0.935
1668509280,+3.46,+12.532, +8.108,+0.935
1668509340,+3.46,+12.523, +8.095,+0.935
1668509400,+3.46,+12.559, +8.065,+0.935
1668509460,+3.46,+12.523, +7.980,+0.935
1668509520,+3.46,+12.514, +7.928,+0.935
1668509580,+3.46,+12.523, +7.846,+0.935
1668509640,+3.46,+12.523, +7.713,+0.935
1668509700,+3.46,+12.514, +7.770,+0.935
1668509760,+3.46,+12.479, +7.834,+0.935
1668509820,+3.46,+12.479, +7.940,+0.935
1668509880,+3.46,+12.497, +8.205,+0.935
1668509940,+3.46,+12.479, +8.484,+0.935
1668510000,+3.46,+12.488, +8.606,+0.935
1668510060,+3.46,+12.461, +8.245,+0.935
1668510120,+3.46,+12.488, +7.951,+0.935
1668510180,+3.46,+12.470, +7.899,+0.935
1668510240,+3.46,+12.461, +7.917,+0.935
1668510300,+3.46,+12.488, +7.978,+0.935
1668510360,+3.46,+12.470, +8.084,+0.935
1668510420,+3.46,+12.470, +8.086,+0.935
1668510480,+3.46,+12.488, +8.061,+0.935
1668510540,+3.46,+12.479, +8.085,+0.935
1668510600,+3.46,+12.479, +8.064,+0.935
1668510660,+3.46,+12.479, +8.124,+0.935
1668510720,+3.46,+12.497, +8.165,+0.935
1668510780,+3.46,+12.497, +8.218,+0.935
1668510840,+3.46,+12.488, +8.234,+0.935
1668510900,+3.46,+12.497, +8.271,+0.935
1668510960,+3.46,+12.506, +8.282,+0.935
1668511020,+3.46,+12.488, +8.306,+0.935
1668511080,+3.46,+12.497, +8.309,+0.935
1668511140,+3.46,+12.506, +8.249,+0.935
1668511200,+3.46,+12.488, +8.229,+0.935
1668511260,+3.46,+12.497, +8.204,+0.935
1668511320,+3.46,+12.506, +8.179,+0.935
1668511380,+3.46,+12.488, +8.183,+0.935
1668511440,+3.46,+12.497, +8.183,+0.935
1668511500,+3.46,+12.514, +8.178,+0.935
1668511560,+3.46,+12.514, +8.152,+0.935
1668511620,+3.46,+12.506, +8.039,+0.935
1668511680,+3.46,+12.488, +7.912,+0.935
1668511740,+3.46,+12.497, +7.899,+0.935
1668511800,+3.46,+12.479, +7.601,+0.935
1668511860,+3.46,+12.488, +7.425,+0.935
1668511920,+3.46,+12.488, +7.323,+0.935
1668511980,+3.46,+12.506, +7.317,+0.935
1668512040,+3.46,+12.461, +7.512,+0.935
1668512100,+3.46,+12.497, +7.709,+0.935
1668512160,+3.46,+12.479, +7.895,+0.935
1668512220,+3.46,+12.479, +7.932,+0.935
1668512280,+3.46,+12.488, +7.978,+0.935
1668512340,+3.46,+12.488, +7.998,+0.935
1668512400,+3.46,+12.497, +7.944,+0.935
1668512460,+3.46,+12.497, +7.930,+0.935
1668512520,+3.46,+12.488, +7.946,+0.935
1668512580,+3.46,+12.497, +7.811,+0.934
1668512640,+3.46,+12.497, +7.502,+0.934
1668512700,+3.46,+12.514, +7.313,+0.934
1668512760,+3.46,+12.497, +7.260,+0.934
1668512820,+3.46,+12.497, +7.358,+0.934
1668512880,+3.46,+12.497, +7.469,+0.935
1668512940,+3.46,+12.488, +7.470,+0.935
1668513000,+3.46,+12.488, +7.322,+0.934
1668513060,+3.46,+12.479, +6.975,+0.934
1668513120,+3.46,+12.497, +6.875,+0.935
1668513180,+3.46,+12.488, +6.889,+0.935
1668513240,+3.46,+12.488, +6.907,+0.934
1668513300,+3.46,+12.497, +6.939,+0.934
1668513360,+3.46,+12.497, +6.848,+0.934
1668513420,+3.46,+12.479, +6.823,+0.935
1668513480,+3.46,+12.497, +6.970,+0.934
1668513540,+3.46,+12.488, +7.076,+0.935
1668513600,+3.46,+12.488, +7.258,+0.935
1668513660,+3.46,+12.497, +7.198,+0.935
1668513720,+3.46,+12.470, +7.412,+0.935
1668513780,+3.46,+12.479, +7.462,+0.935
1668513840,+3.46,+12.488, +7.668,+0.935
1668513900,+3.46,+12.470, +7.811,+0.935
1668513960,+3.46,+12.479, +7.913,+0.935
1668514020,+3.46,+12.461, +8.056,+0.935
1668514080,+3.46,+12.470, +8.172,+0.935
1668514140,+3.46,+12.470, +8.233,+0.935
1668514200,+3.46,+12.461, +8.272,+0.935
1668514260,+3.46,+12.461, +8.181,+0.935
1668514320,+3.46,+12.479, +8.355,+0.935
1668514380,+3.46,+12.453, +8.479,+0.935
1668514440,+3.46,+12.435, +8.409,+0.935
1668514500,+3.46,+12.470, +8.376,+0.935
1668514560,+3.46,+12.435, +8.347,+0.935
1668514620,+3.46,+12.453, +8.090,+0.935
1668514680,+3.46,+12.435, +7.987,+0.935
1668514740,+3.46,+12.453, +7.964,+0.935
1668514800,+3.46,+12.426, +8.081,+0.935
1668514860,+3.46,+12.435, +8.058,+0.935
1668514920,+3.46,+12.426, +8.154,+0.935
1668514980,+3.46,+12.408, +8.213,+0.935
1668515040,+3.46,+12.408, +8.265,+0.935
1668515100,+3.46,+12.399, +8.357,+0.935
1668515160,+3.46,+12.408, +8.468,+0.935
1668515220,+3.46,+12.417, +8.443,+0.935
1668515280,+3.46,+12.399, +8.148,+0.935
1668515340,+3.46,+12.382, +7.761,+0.935
1668515400,+3.46,+12.382, +7.539,+0.935
1668515460,+3.46,+12.373, +7.707,+0.935
1668515520,+3.46,+12.355, +7.943,+0.935
1668515580,+3.46,+12.355, +8.256,+0.935
1668515640,+3.46,+12.364, +8.431,+0.935
1668515700,+3.46,+12.338, +8.528,+0.935
1668515760,+3.46,+12.355, +8.495,+0.935
1668515820,+3.46,+12.355, +8.198,+0.935
1668515880,+3.46,+12.346, +7.873,+0.935
1668515940,+3.46,+12.329, +7.698,+0.935
1668516000,+3.46,+12.320, +7.806,+0.935
1668516060,+3.46,+12.320, +8.121,+0.935
1668516120,+3.46,+12.329, +8.338,+0.935
1668516180,+3.46,+12.320, +8.489,+0.935
1668516240,+3.46,+12.320, +8.520,+0.935
1668516300,+3.46,+12.320, +8.535,+0.935
1668516360,+3.46,+12.329, +8.558,+0.935
1668516420,+3.46,+12.338, +8.539,+0.935
1668516480,+3.46,+12.320, +8.585,+0.936
1668516540,+3.46,+12.329, +8.609,+0.935
1668516600,+3.45,+12.329, +8.619,+0.935
1668516660,+3.45,+12.320, +8.688,+0.935
1668516720,+3.45,+12.338, +8.756,+0.935
1668516780,+3.45,+12.338, +8.605,+0.935
1668516840,+3.45,+12.329, +8.415,+0.935
1668516900,+3.45,+12.320, +8.317,+0.935
1668516960,+3.45,+12.320, +8.067,+0.935
1668517020,+3.45,+12.338, +7.910,+0.935
1668517080,+3.45,+12.311, +8.059,+0.935
1668517140,+3.45,+12.338, +8.328,+0.935
1668517200,+3.45,+12.302, +8.316,+0.935
1668517260,+3.45,+12.329, +8.322,+0.935
1668517320,+3.45,+12.320, +8.422,+0.935
1668517380,+3.45,+12.293, +8.661,+0.935
1668517440,+3.45,+12.311, +8.774,+0.935
1668517500,+3.45,+12.284, +8.837,+0.935
1668517560,+3.45,+12.293, +8.859,+0.935
1668517620,+3.45,+12.293, +8.863,+0.935
1668517680,+3.45,+12.293, +8.852,+0.935
1668517740,+3.45,+12.276, +8.870,+0.935
1668517800,+3.45,+12.293, +8.864,+0.936
1668517860,+3.45,+12.293, +8.851,+0.935
1668517920,+3.45,+12.284, +8.816,+0.935
1668517980,+3.45,+12.258, +8.806,+0.935
1668518040,+3.45,+12.284, +8.817,+0.935
1668518100,+3.45,+12.284, +8.874,+0.936
1668518160,+3.45,+12.284, +8.954,+0.936
1668518220,+3.45,+12.293, +8.976,+0.935
1668518280,+3.45,+12.320, +8.787,+0.935
1668518340,+3.45,+12.302, +8.622,+0.935
1668518400,+3.45,+12.302, +8.566,+0.935
1668518460,+3.45,+12.293, +8.601,+0.935
1668518520,+3.45,+12.293, +8.770,+0.935
1668518580,+3.45,+12.311, +8.854,+0.935
1668518640,+3.45,+12.302, +8.855,+0.935
1668518700,+3.45,+12.302, +8.893,+0.935
1668518760,+3.45,+12.276, +8.925,+0.935
1668518820,+3.45,+12.284, +8.984,+0.935
1668518880,+3.45,+12.293, +9.038,+0.935
1668518940,+3.45,+12.293, +9.068,+0.935
1668519000,+3.45,+12.276, +9.089,+0.935
1668519060,+3.45,+12.293, +9.089,+0.936
1668519120,+3.45,+12.293, +9.104,+0.935
1668519180,+3.45,+12.293, +9.066,+0.935
1668519240,+3.45,+12.276, +9.046,+0.935
1668519300,+3.45,+12.284, +9.021,+0.935
1668519360,+3.45,+12.293, +9.034,+0.935
1668519420,+3.45,+12.293, +9.072,+0.936
1668519480,+3.45,+12.293, +9.108,+0.935
1668519540,+3.45,+12.302, +9.121,+0.935
1668519600,+3.45,+12.311, +9.146,+0.935
1668519660,+3.45,+12.311, +9.144,+0.936
1668519720,+3.45,+12.311, +9.143,+0.935
1668519780,+3.45,+12.311, +9.106,+0.935
1668519840,+3.46,+12.338, +9.089,+0.935
1668519900,+3.45,+12.329, +9.140,+0.935
1668519960,+3.45,+12.338, +9.205,+0.935
1668520020,+3.45,+12.329, +9.356,+0.936
1668520080,+3.46,+12.338, +9.485,+0.935
1668520140,+3.46,+12.346, +9.369,+0.936
1668520200,+3.45,+12.338, +9.372,+0.935
1668520260,+3.45,+12.329, +9.418,+0.936
1668520320,+3.45,+12.320, +9.360,+0.935
1668520380,+3.45,+12.346, +9.266,+0.935
1668520440,+3.45,+12.329, +9.207,+0.935
1668520500,+3.46,+12.355, +9.120,+0.935
1668520560,+3.46,+12.355, +9.082,+0.935
1668520620,+3.46,+12.329, +9.097,+0.935
1668520680,+3.46,+12.346, +9.086,+0.936
1668520740,+3.46,+12.355, +9.076,+0.936
1668520800,+3.46,+12.338, +9.102,+0.935
1668520860,+3.46,+12.355, +9.088,+0.935
1668520920,+3.46,+12.355, +9.080,+0.935
1668520980,+3.46,+12.355, +9.066,+0.935
1668521040,+3.46,+12.338, +9.083,+0.935
1668521100,+3.46,+12.355, +9.100,+0.936
1668521160,+3.46,+12.373, +9.083,+0.935
1668521220,+3.46,+12.346, +9.095,+0.935
1668521280,+3.46,+12.373, +9.080,+0.935
1668521340,+3.46,+12.364, +9.061,+0.935
1668521400,+3.46,+12.364, +9.062,+0.936
1668521460,+3.46,+12.373, +9.055,+0.935
1668521520,+3.46,+12.382, +9.211,+0.935
1668521580,+3.46,+12.382, +9.376,+0.936
1668521640,+3.46,+12.399, +9.455,+0.936
1668521700,+3.46,+12.382, +9.478,+0.935
1668521760,+3.46,+12.382, +9.504,+0.935
1668521820,+3.46,+12.391, +9.483,+0.935
1668521880,+3.46,+12.382, +9.423,+0.935
1668521940,+3.46,+12.373, +9.393,+0.935
1668522000,+3.46,+12.391, +9.365,+0.935
1668522060,+3.46,+12.373, +9.352,+0.935
1668522120,+3.46,+12.373, +9.315,+0.936
1668522180,+3.46,+12.382, +9.274,+0.935
1668522240,+3.46,+12.355, +9.257,+0.936
1668522300,+3.46,+12.355, +9.232,+0.935
1668522360,+3.45,+12.320, +9.256,+0.936
1668522420,+3.46,+12.329, +9.264,+0.935
1668522480,+3.45,+12.293, +9.291,+0.935
1668522540,+3.45,+12.320, +9.297,+0.935
1668522600,+3.45,+12.311, +9.306,+0.936
1668522660,+3.45,+12.311, +9.287,+0.935
1668522720,+3.45,+12.346, +9.287,+0.936
1668522780,+3.45,+12.329, +9.310,+0.936
1668522840,+3.46,+12.320, +9.334,+0.935
1668522900,+3.45,+12.311, +9.392,+0.935
1668522960,+3.45,+12.311, +9.417,+0.935
1668523020,+3.45,+12.320, +9.407,+0.935
1668523080,+3.45,+12.311, +9.431,+0.935
1668523140,+3.45,+12.302, +9.444,+0.936
1668523200,+3.46,+12.284, +9.405,+0.935
1668523260,+3.45,+12.293, +9.389,+0.936
1668523320,+3.45,+12.293, +9.393,+0.935
1668523380,+3.45,+12.284, +9.409,+0.936
1668523440,+3.46,+12.311, +9.393,+0.935
1668523500,+3.45,+12.284, +9.417,+0.935
1668523560,+3.45,+12.293, +9.387,+0.935
1668523620,+3.45,+12.293, +9.355,+0.935
1668523680,+3.45,+12.293, +9.330,+0.936
1668523740,+3.46,+12.293, +9.291,+0.935
1668523800,+3.45,+12.302, +9.295,+0.935
1668523860,+3.45,+12.302, +9.255,+0.936
1668523920,+3.45,+12.293, +9.238,+0.935
1668523980,+3.45,+12.293, +9.202,+0.935
1668524040,+3.45,+12.284, +9.253,+0.935
1668524100,+3.45,+12.276, +9.285,+0.935
1668524160,+3.45,+12.293, +9.306,+0.936
1668524220,+3.45,+12.284, +9.346,+0.936
1668524280,+3.45,+12.302, +9.345,+0.935
1668524340,+3.45,+12.284, +9.341,+0.935
1668524400,+3.45,+12.302, +9.334,+0.935
1668524460,+3.45,+12.284, +8.811,+0.935
1668524520,+3.45,+12.284, +8.962,+0.935
1668524580,+3.45,+12.293, +9.183,+0.935
1668524640,+3.46,+12.284, +9.280,+0.935
1668524700,+3.45,+12.284, +9.295,+0.935
1668524760,+3.45,+12.302, +9.315,+0.935
1668524820,+3.45,+12.276, +9.353,+0.935
1668524880,+3.45,+12.284, +9.354,+0.935
1668524940,+3.45,+12.302, +9.338,+0.936
1668525000,+3.45,+12.302, +9.303,+0.935
1668525060,+3.45,+12.284, +9.295,+0.936
1668525120,+3.45,+12.302, +9.245,+0.935
1668525180,+3.45,+12.284, +9.272,+0.936
1668525240,+3.45,+12.267, +9.280,+0.935
1668525300,+3.45,+12.276, +9.321,+0.935
1668525360,+3.45,+12.276, +9.316,+0.935
1668525420,+3.45,+12.293, +9.298,+0.935
1668525480,+3.45,+12.276, +9.317,+0.935
1668525540,+3.45,+12.276, +9.314,+0.935
1668525600,+3.45,+12.276, +9.307,+0.936
1668525660,+3.45,+12.276, +9.281,+0.936
1668525720,+3.45,+12.276, +9.255,+0.935
1668525780,+3.45,+12.267, +9.209,+0.935
1668525840,+3.45,+12.302, +9.229,+0.936
1668525900,+3.45,+12.276, +9.254,+0.935
1668525960,+3.45,+12.284, +9.305,+0.935
1668526020,+3.45,+12.276, +9.323,+0.935
1668526080,+3.46,+12.284, +9.347,+0.935
1668526140,+3.45,+12.284, +9.341,+0.936
1668526200,+3.45,+12.311, +9.222,+0.935
1668526260,+3.45,+12.284, +9.330,+0.935
1668526320,+3.46,+12.311, +9.389,+0.936
1668526380,+3.46,+12.302, +9.429,+0.935
1668526440,+3.46,+12.311, +9.420,+0.935
1668526500,+3.45,+12.293, +9.408,+0.935
1668526560,+3.45,+12.284, +9.370,+0.935
1668526620,+3.45,+12.284, +9.349,+0.936
1668526680,+3.45,+12.293, +9.285,+0.935
1668526740,+3.45,+12.302, +9.244,+0.935
1668526800,+3.46,+12.302, +9.301,+0.935
1668526860,+3.45,+12.293, +9.348,+0.935
1668526920,+3.45,+12.284, +9.337,+0.935
1668526980,+3.45,+12.293, +9.333,+0.935
1668527040,+3.45,+12.293, +9.353,+0.935
1668527100,+3.45,+12.302, +9.376,+0.936
1668527160,+3.45,+12.276, +9.413,+0.936
1668527220,+3.46,+12.267, +9.422,+0.935
1668527280,+3.45,+12.240, +9.422,+0.936
1668527340,+3.45,+12.249, +9.391,+0.936
1668527400,+3.46,+12.249, +9.367,+0.935
1668527460,+3.45,+12.267, +9.379,+0.935
1668527520,+3.45,+12.249, +9.396,+0.935
1668527580,+3.45,+12.249, +9.389,+0.936
1668527640,+3.45,+12.240, +9.393,+0.935
1668527700,+3.46,+12.249, +9.399,+0.935
1668527760,+3.45,+12.231, +9.430,+0.935
1668527820,+3.46,+12.249, +9.507,+0.936
1668527880,+3.46,+12.258, +9.584,+0.935
1668527940,+3.45,+12.240, +9.582,+0.935
1668528000,+3.45,+12.267, +9.524,+0.935
1668528060,+3.45,+12.267, +9.394,+0.936
1668528120,+3.45,+12.276, +9.277,+0.935
1668528180,+3.45,+12.276, +9.199,+0.935
1668528240,+3.45,+12.267, +9.198,+0.935
1668528300,+3.46,+12.293, +9.161,+0.935
1668528360,+3.45,+12.276, +9.161,+0.935
1668528420,+3.45,+12.267, +9.129,+0.935
1668528480,+3.46,+12.276, +9.112,+0.935
1668528540,+3.45,+12.276, +9.993,+0.935
1668528600,+3.45,+12.249, +9.893,+0.935
1668528660,+3.45,+12.231, +9.856,+0.936
1668528720,+3.46,+12.222, +9.867,+0.935
1668528780,+3.46,+12.213, +9.794,+0.935
1668528840,+3.45,+12.231, +9.670,+0.935
1668528900,+3.45,+12.205, +9.597,+0.935
1668528960,+3.46,+12.213, +9.526,+0.935
1668529020,+3.45,+12.213, +9.481,+0.935
1668529080,+3.45,+12.213, +9.455,+0.935
1668529140,+3.45,+12.213, +9.432,+0.935
1668529200,+3.45,+12.222, +9.408,+0.935
1668529260,+3.45,+12.231, +9.373,+0.935
1668529320,+3.46,+12.213, +9.352,+0.935
1668529380,+3.45,+12.231, +9.323,+0.935
1668529440,+3.46,+12.231, +9.282,+0.935
1668529500,+3.45,+12.231, +9.251,+0.935
1668529560,+3.45,+12.222, +9.185,+0.935
1668529620,+3.46,+12.213, +9.226,+0.936
1668529680,+3.45,+12.222, +9.204,+0.935
1668529740,+3.45,+12.213, +9.334,+0.936
1668529800,+3.46,+12.231, +9.369,+0.936
1668529860,+3.46,+12.231, +9.355,+0.936
1668529920,+3.45,+12.249, +9.360,+0.935
1668529980,+3.45,+12.249, +9.371,+0.935
1668530040,+3.46,+12.249, +9.363,+0.935
1668530100,+3.45,+12.249, +9.329,+0.935
1668530160,+3.45,+12.222, +9.302,+0.936
1668530220,+3.45,+12.213, +9.250,+0.935
1668530280,+3.46,+12.240, +9.185,+0.935
1668530340,+3.45,+12.231, +9.196,+0.935
1668530400,+3.46,+12.258, +9.205,+0.935
1668530460,+3.46,+12.249, +9.196,+0.935
1668530520,+3.45,+12.249, +9.118,+0.936
1668530580,+3.45,+12.249, +8.744,+0.935
1668530640,+3.45,+12.249, +8.598,+0.935
1668530700,+3.46,+12.258, +8.777,+0.935
1668530760,+3.45,+12.222, +9.133,+0.935
1668530820,+3.45,+12.231, +9.423,+0.935
1668530880,+3.45,+12.240, +9.539,+0.936
1668530940,+3.46,+12.249, +9.603,+0.935
1668531000,+3.45,+12.213, +9.454,+0.935
