7450-364333
OS REV: 1.05 Sensor Cal: 1644948279
Time (sec),  BV (Volts),  T (deg C),  DO (mg/l),  Q ()
1665334260,+3.47,+16.767,+10.102,+0.942
1665334320,+3.47,+16.792,+10.093,+0.942
1665334380,+3.47,+16.767,+10.123,+0.942
1665334440,+3.47,+16.801,+10.099,+0.942
1665334500,+3.47,+16.801,+10.097,+0.943
1665334560,+3.47,+16.835,+10.050,+0.942
1665334620,+3.47,+16.843,+10.035,+0.942
1665334680,+3.47,+16.860,+10.048,+0.942
1665334740,+3.47,+16.835,+10.067,+0.942
1665334800,+3.47,+16.801,+10.109,+0.942
1665334860,+3.47,+16.860,+10.055,+0.942
1665334920,+3.48,+16.860,+10.099,+0.942
1665334980,+3.47,+16.860,+10.140,+0.942
1665335040,+3.48,+16.894,+10.140,+0.942
1665335100,+3.47,+16.843,+10.172,+0.942
1665335160,+3.47,+16.826,+10.156,+0.942
1665335220,+3.47,+16.775,+10.185,+0.942
1665335280,+3.47,+16.784,+10.172,+0.942
1665335340,+3.47,+16.792,+10.136,+0.942
1665335400,+3.47,+16.767,+10.181,+0.942
1665335460,+3.47,+16.784,+10.173,+0.943
1665335520,+3.47,+16.792,+10.154,+0.942
1665335580,+3.47,+16.784,+10.155,+0.942
1665335640,+3.47,+16.792,+10.145,+0.942
1665335700,+3.47,+16.792,+10.184,+0.942
1665335760,+3.47,+16.767,+10.207,+0.943
1665335820,+3.47,+16.792,+10.193,+0.943
1665335880,+3.47,+16.809,+10.158,+0.942
1665335940,+3.47,+16.801,+10.178,+0.942
1665336000,+3.47,+16.818,+10.199,+0.943
1665336060,+3.47,+16.826,+10.195,+0.942
1665336120,+3.47,+16.835,+10.183,+0.942
1665336180,+3.48,+16.852,+10.176,+0.943
1665336240,+3.48,+16.877,+10.143,+0.942
1665336300,+3.48,+16.877,+10.184,+0.942
1665336360,+3.47,+16.809,+10.350,+0.943
1665336420,+3.47,+16.775,+10.408,+0.942
1665336480,+3.47,+16.758,+10.396,+0.942
1665336540,+3.47,+16.750,+10.325,+0.942
1665336600,+3.47,+16.741,+10.182,+0.942
1665336660,+3.47,+16.741,+10.271,+0.943
1665336720,+3.47,+16.733,+10.224,+0.942
1665336780,+3.47,+16.750,+10.238,+0.942
1665336840,+3.47,+16.758,+10.207,+0.942
1665336900,+3.47,+16.767,+10.195,+0.942
1665336960,+3.47,+16.775,+10.163,+0.943
1665337020,+3.47,+16.767,+10.104,+0.942
1665337080,+3.47,+16.775,+10.160,+0.943
1665337140,+3.47,+16.775,+10.171,+0.942
1665337200,+3.47,+16.775,+10.159,+0.942
1665337260,+3.47,+16.775,+10.101,+0.942
1665337320,+3.47,+16.750,+10.027,+0.942
1665337380,+3.47,+16.750,+10.097,+0.942
1665337440,+3.47,+16.741,+10.099,+0.942
1665337500,+3.47,+16.750,+10.054,+0.942
1665337560,+3.47,+16.750,+10.150,+0.943
1665337620,+3.47,+16.767,+10.165,+0.942
1665337680,+3.47,+16.767,+10.210,+0.942
1665337740,+3.47,+16.758,+10.130,+0.942
1665337800,+3.47,+16.750,+10.076,+0.942
1665337860,+3.47,+16.767,+10.037,+0.942
1665337920,+3.47,+16.750,+10.018,+0.942
1665337980,+3.47,+16.767,+10.034,+0.942
1665338040,+3.47,+16.741,+10.091,+0.943
1665338100,+3.47,+16.733,+10.058,+0.942
1665338160,+3.47,+16.767,+10.037,+0.942
1665338220,+3.47,+16.758,+10.074,+0.942
1665338280,+3.47,+16.750,+10.061,+0.942
1665338340,+3.47,+16.767,+10.153,+0.942
1665338400,+3.47,+16.758,+10.133,+0.942
1665338460,+3.47,+16.784,+10.104,+0.942
1665338520,+3.47,+16.767,+10.122,+0.943
1665338580,+3.47,+16.775,+10.188,+0.942
1665338640,+3.47,+16.758,+10.205,+0.943
1665338700,+3.47,+16.775,+10.104,+0.942
1665338760,+3.47,+16.775,+10.086,+0.943
1665338820,+3.47,+16.784,+10.034,+0.942
1665338880,+3.47,+16.784,+10.279,+0.942
1665338940,+3.47,+16.775,+10.084,+0.942
1665339000,+3.47,+16.784,+10.109,+0.942
1665339060,+3.47,+16.775,+10.199,+0.942
1665339120,+3.47,+16.775,+10.264,+0.942
1665339180,+3.47,+16.767,+10.286,+0.942
1665339240,+3.47,+16.767,+10.299,+0.943
1665339300,+3.47,+16.775,+10.320,+0.942
1665339360,+3.47,+16.775,+10.296,+0.943
1665339420,+3.47,+16.775,+10.264,+0.943
1665339480,+3.47,+16.775,+10.217,+0.942
1665339540,+3.47,+16.767,+10.064,+0.943
1665339600,+3.47,+16.724,+10.081,+0.942
1665339660,+3.47,+16.741, +9.994,+0.942
1665339720,+3.47,+16.707,+10.026,+0.942
1665339780,+3.47,+16.724,+10.042,+0.942
1665339840,+3.47,+16.690,+10.059,+0.942
1665339900,+3.47,+16.682,+10.021,+0.942
1665339960,+3.47,+16.665,+10.008,+0.942
1665340020,+3.47,+16.673,+10.074,+0.942
1665340080,+3.47,+16.690,+10.028,+0.942
1665340140,+3.47,+16.682,+10.082,+0.942
1665340200,+3.47,+16.699,+10.040,+0.942
1665340260,+3.47,+16.690,+10.140,+0.942
1665340320,+3.47,+16.707,+10.105,+0.943
1665340380,+3.47,+16.741,+10.018,+0.942
1665340440,+3.47,+16.724,+10.187,+0.942
1665340500,+3.47,+16.767,+10.241,+0.942
1665340560,+3.47,+16.792,+10.320,+0.942
1665340620,+3.47,+16.801,+10.355,+0.943
1665340680,+3.47,+16.809,+10.276,+0.942
1665340740,+3.47,+16.801,+10.247,+0.942
1665340800,+3.47,+16.792,+10.261,+0.942
1665340860,+3.47,+16.818,+10.213,+0.943
1665340920,+3.47,+16.818,+10.305,+0.942
1665340980,+3.47,+16.860,+10.352,+0.942
1665341040,+3.48,+16.843,+10.344,+0.942
1665341100,+3.48,+16.852,+10.367,+0.943
1665341160,+3.48,+16.852,+10.375,+0.943
1665341220,+3.48,+16.835,+10.361,+0.942
1665341280,+3.47,+16.835,+10.326,+0.942
1665341340,+3.47,+16.835,+10.312,+0.942
1665341400,+3.47,+16.835,+10.241,+0.942
1665341460,+3.47,+16.801,+10.276,+0.942
1665341520,+3.47,+16.792,+10.252,+0.942
1665341580,+3.47,+16.792,+10.291,+0.942
1665341640,+3.47,+16.809,+10.362,+0.942
1665341700,+3.47,+16.826,+10.422,+0.942
1665341760,+3.47,+16.818,+10.460,+0.943
1665341820,+3.47,+16.843,+10.423,+0.942
1665341880,+3.48,+16.852,+10.458,+0.942
1665341940,+3.48,+16.860,+10.470,+0.942
1665342000,+3.48,+16.852,+10.509,+0.943
1665342060,+3.48,+16.860,+10.460,+0.943
1665342120,+3.48,+16.860,+10.422,+0.942
1665342180,+3.48,+16.869,+10.425,+0.943
1665342240,+3.48,+16.860,+10.547,+0.943
1665342300,+3.48,+16.877,+10.546,+0.943
1665342360,+3.48,+16.852,+10.576,+0.943
1665342420,+3.48,+16.869,+10.544,+0.942
1665342480,+3.48,+16.877,+10.547,+0.942
1665342540,+3.48,+16.869,+10.545,+0.942
1665342600,+3.48,+16.903,+10.530,+0.943
1665342660,+3.48,+16.869,+10.538,+0.943
1665342720,+3.48,+16.911,+10.499,+0.942
1665342780,+3.48,+16.886,+10.533,+0.943
1665342840,+3.48,+16.903,+10.583,+0.943
1665342900,+3.48,+16.911,+10.591,+0.943
1665342960,+3.48,+16.911,+10.583,+0.943
1665343020,+3.48,+16.903,+10.611,+0.943
1665343080,+3.48,+16.903,+10.612,+0.943
1665343140,+3.48,+16.903,+10.579,+0.943
1665343200,+3.48,+16.894,+10.539,+0.943
1665343260,+3.48,+16.877,+10.519,+0.943
1665343320,+3.48,+16.903,+10.536,+0.943
1665343380,+3.48,+16.903,+10.567,+0.943
1665343440,+3.48,+16.903,+10.548,+0.943
1665343500,+3.48,+16.894,+10.638,+0.942
1665343560,+3.48,+16.920,+10.658,+0.943
1665343620,+3.48,+16.937,+10.627,+0.943
1665343680,+3.48,+16.911,+10.546,+0.943
1665343740,+3.48,+16.920,+10.598,+0.942
1665343800,+3.48,+16.928,+10.534,+0.942
1665343860,+3.48,+16.903,+10.489,+0.943
1665343920,+3.48,+16.894,+10.575,+0.943
1665343980,+3.48,+16.894,+10.447,+0.942
1665344040,+3.48,+16.903,+10.481,+0.943
1665344100,+3.48,+16.911,+10.647,+0.943
1665344160,+3.48,+16.920,+10.728,+0.943
1665344220,+3.48,+16.928,+10.704,+0.943
1665344280,+3.48,+16.945,+10.593,+0.943
1665344340,+3.48,+16.937,+10.543,+0.943
1665344400,+3.48,+16.937,+10.598,+0.943
1665344460,+3.48,+16.945,+10.558,+0.942
1665344520,+3.48,+16.920,+10.496,+0.942
1665344580,+3.48,+16.920,+10.521,+0.943
1665344640,+3.48,+16.920,+10.536,+0.942
1665344700,+3.48,+16.920,+10.532,+0.943
1665344760,+3.48,+16.928,+10.662,+0.942
1665344820,+3.48,+16.954,+10.681,+0.943
1665344880,+3.48,+16.954,+10.581,+0.942
1665344940,+3.48,+16.920,+10.527,+0.943
1665345000,+3.48,+16.911,+10.505,+0.943
1665345060,+3.48,+16.911,+10.528,+0.942
1665345120,+3.48,+16.894,+10.557,+0.942
1665345180,+3.48,+16.911,+10.585,+0.943
1665345240,+3.48,+16.911,+10.577,+0.943
1665345300,+3.48,+16.945,+10.727,+0.943
1665345360,+3.48,+16.928,+10.706,+0.943
1665345420,+3.48,+16.928,+10.702,+0.943
1665345480,+3.48,+16.937,+10.697,+0.943
1665345540,+3.48,+16.945,+10.615,+0.943
1665345600,+3.48,+16.937,+10.653,+0.943
1665345660,+3.48,+16.945,+10.694,+0.942
1665345720,+3.48,+16.928,+10.691,+0.943
1665345780,+3.48,+16.945,+10.710,+0.943
1665345840,+3.48,+16.945,+10.697,+0.943
1665345900,+3.48,+16.954,+10.710,+0.943
1665345960,+3.48,+16.954,+10.715,+0.943
1665346020,+3.48,+16.945,+10.717,+0.943
1665346080,+3.48,+16.954,+10.662,+0.942
1665346140,+3.48,+16.971,+10.619,+0.943
1665346200,+3.48,+16.971,+10.624,+0.943
1665346260,+3.48,+16.945,+10.644,+0.943
1665346320,+3.48,+16.954,+10.637,+0.942
1665346380,+3.48,+16.954,+10.654,+0.943
1665346440,+3.48,+16.979,+10.644,+0.943
1665346500,+3.48,+16.971,+10.624,+0.943
1665346560,+3.48,+16.971,+10.646,+0.942
1665346620,+3.48,+16.954,+10.688,+0.943
1665346680,+3.48,+16.962,+10.688,+0.943
1665346740,+3.48,+16.979,+10.694,+0.943
1665346800,+3.48,+16.996,+10.717,+0.943
1665346860,+3.48,+17.005,+10.722,+0.943
1665346920,+3.48,+16.988,+10.728,+0.943
1665346980,+3.48,+16.979,+10.749,+0.942
1665347040,+3.48,+16.979,+10.822,+0.943
1665347100,+3.48,+16.988,+10.744,+0.943
1665347160,+3.48,+17.005,+10.717,+0.943
1665347220,+3.48,+16.988,+10.685,+0.943
1665347280,+3.48,+16.988,+10.743,+0.943
1665347340,+3.48,+16.979,+10.896,+0.943
1665347400,+3.48,+16.996,+10.870,+0.943
1665347460,+3.48,+16.996,+10.754,+0.942
1665347520,+3.48,+17.005,+10.758,+0.943
1665347580,+3.48,+16.962,+10.777,+0.943
1665347640,+3.48,+16.971,+10.759,+0.943
1665347700,+3.48,+16.971,+10.742,+0.942
1665347760,+3.48,+16.945,+10.755,+0.943
1665347820,+3.48,+16.971,+10.745,+0.943
1665347880,+3.48,+16.962,+10.790,+0.943
1665347940,+3.48,+16.962,+10.789,+0.943
1665348000,+3.48,+16.971,+10.780,+0.943
1665348060,+3.48,+16.962,+10.770,+0.943
1665348120,+3.48,+16.988,+10.751,+0.943
1665348180,+3.48,+16.979,+10.741,+0.943
1665348240,+3.48,+16.954,+10.741,+0.943
1665348300,+3.48,+16.937,+10.763,+0.943
1665348360,+3.48,+16.979,+10.755,+0.943
1665348420,+3.48,+17.021,+11.075,+0.943
1665348480,+3.48,+17.047,+11.152,+0.943
1665348540,+3.48,+17.038,+11.100,+0.943
1665348600,+3.48,+17.038,+11.045,+0.943
1665348660,+3.48,+17.089,+11.002,+0.943
1665348720,+3.48,+17.081,+11.001,+0.943
1665348780,+3.48,+17.089,+10.983,+0.943
1665348840,+3.48,+17.081,+10.962,+0.943
1665348900,+3.48,+17.089,+10.927,+0.943
1665348960,+3.48,+17.089,+11.047,+0.944
1665349020,+3.48,+17.089,+11.062,+0.943
1665349080,+3.48,+17.081,+11.016,+0.943
1665349140,+3.48,+17.081,+10.911,+0.943
1665349200,+3.48,+17.072,+10.815,+0.942
1665349260,+3.48,+17.081,+10.904,+0.943
1665349320,+3.48,+17.064,+10.924,+0.943
1665349380,+3.48,+17.055,+10.954,+0.943
1665349440,+3.48,+17.055,+10.943,+0.943
1665349500,+3.48,+17.055,+10.940,+0.943
1665349560,+3.48,+17.064,+10.893,+0.943
1665349620,+3.48,+17.055,+10.835,+0.943
1665349680,+3.48,+17.055,+10.852,+0.943
1665349740,+3.48,+17.055,+10.852,+0.943
1665349800,+3.48,+17.038,+10.809,+0.943
1665349860,+3.48,+17.055,+10.664,+0.943
1665349920,+3.48,+17.055,+10.554,+0.943
1665349980,+3.48,+17.021,+10.607,+0.943
1665350040,+3.48,+17.030,+10.712,+0.943
1665350100,+3.48,+17.021,+10.749,+0.942
1665350160,+3.48,+17.005,+10.771,+0.943
1665350220,+3.48,+17.013,+10.775,+0.943
1665350280,+3.48,+17.047,+10.707,+0.943
1665350340,+3.48,+17.047,+10.731,+0.943
1665350400,+3.48,+17.030,+10.756,+0.943
1665350460,+3.48,+17.038,+10.730,+0.943
1665350520,+3.48,+17.055,+10.699,+0.943
1665350580,+3.48,+17.047,+10.694,+0.943
1665350640,+3.48,+17.064,+10.676,+0.943
1665350700,+3.48,+17.055,+10.634,+0.943
1665350760,+3.48,+17.047,+10.614,+0.943
1665350820,+3.48,+17.038,+10.620,+0.943
1665350880,+3.48,+17.013,+10.567,+0.942
1665350940,+3.48,+17.013,+10.532,+0.943
1665351000,+3.48,+17.005,+10.537,+0.943
1665351060,+3.48,+17.005,+10.493,+0.942
1665351120,+3.48,+16.979,+10.539,+0.943
1665351180,+3.48,+16.979,+10.530,+0.943
1665351240,+3.48,+16.988,+10.528,+0.942
1665351300,+3.48,+16.988,+10.520,+0.942
1665351360,+3.48,+16.971,+10.512,+0.943
1665351420,+3.48,+16.979,+10.501,+0.943
1665351480,+3.48,+16.971,+10.514,+0.942
1665351540,+3.48,+16.962,+10.527,+0.943
1665351600,+3.48,+16.962,+10.510,+0.943
1665351660,+3.48,+16.954,+10.522,+0.943
1665351720,+3.48,+16.937,+10.533,+0.943
1665351780,+3.48,+16.937,+10.506,+0.943
1665351840,+3.48,+16.945,+10.511,+0.943
1665351900,+3.48,+16.937,+10.484,+0.943
1665351960,+3.48,+16.920,+10.461,+0.942
1665352020,+3.48,+16.920,+10.495,+0.943
1665352080,+3.48,+16.911,+10.521,+0.943
1665352140,+3.48,+16.894,+10.498,+0.942
1665352200,+3.48,+16.894,+10.538,+0.943
1665352260,+3.48,+16.903,+10.533,+0.943
1665352320,+3.48,+16.894,+10.510,+0.942
1665352380,+3.48,+16.877,+10.555,+0.943
1665352440,+3.48,+16.886,+10.581,+0.943
1665352500,+3.48,+16.877,+10.582,+0.942
1665352560,+3.48,+16.877,+10.578,+0.943
1665352620,+3.48,+16.869,+10.596,+0.943
1665352680,+3.48,+16.869,+10.647,+0.943
1665352740,+3.48,+16.886,+10.578,+0.943
1665352800,+3.48,+16.869,+10.547,+0.943
1665352860,+3.48,+16.903,+10.493,+0.942
1665352920,+3.48,+16.911,+10.477,+0.942
1665352980,+3.48,+16.903,+10.464,+0.943
1665353040,+3.48,+16.903,+10.448,+0.943
1665353100,+3.48,+16.920,+10.448,+0.942
1665353160,+3.48,+16.920,+10.472,+0.943
1665353220,+3.48,+16.911,+10.470,+0.943
1665353280,+3.48,+16.886,+10.448,+0.943
1665353340,+3.48,+16.903,+10.426,+0.942
1665353400,+3.48,+16.894,+10.443,+0.943
1665353460,+3.48,+16.903,+10.471,+0.942
1665353520,+3.48,+16.911,+10.448,+0.942
1665353580,+3.48,+16.911,+10.415,+0.942
1665353640,+3.48,+16.911,+10.416,+0.943
1665353700,+3.48,+16.920,+10.372,+0.942
1665353760,+3.48,+16.920,+10.315,+0.942
1665353820,+3.48,+16.903,+10.338,+0.943
1665353880,+3.48,+16.911,+10.352,+0.942
1665353940,+3.48,+16.894,+10.361,+0.943
1665354000,+3.48,+16.886,+10.360,+0.942
1665354060,+3.48,+16.920,+10.363,+0.943
1665354120,+3.48,+16.903,+10.383,+0.943
1665354180,+3.48,+16.886,+10.414,+0.942
1665354240,+3.48,+16.894,+10.432,+0.942
1665354300,+3.48,+16.894,+10.454,+0.943
1665354360,+3.48,+16.894,+10.428,+0.943
1665354420,+3.48,+16.894,+10.454,+0.942
1665354480,+3.48,+16.894,+10.399,+0.942
1665354540,+3.48,+16.903,+10.422,+0.943
1665354600,+3.48,+16.877,+10.478,+0.943
1665354660,+3.48,+16.869,+10.509,+0.943
1665354720,+3.48,+16.852,+10.550,+0.943
1665354780,+3.48,+16.860,+10.545,+0.943
1665354840,+3.48,+16.860,+10.487,+0.943
1665354900,+3.48,+16.886,+10.433,+0.943
1665354960,+3.48,+16.894,+10.358,+0.942
1665355020,+3.48,+16.903,+10.307,+0.942
1665355080,+3.48,+16.869,+10.377,+0.943
1665355140,+3.48,+16.894,+10.336,+0.942
1665355200,+3.48,+16.877,+10.313,+0.942
1665355260,+3.48,+16.894,+10.283,+0.942
1665355320,+3.48,+16.877,+10.271,+0.942
1665355380,+3.48,+16.886,+10.305,+0.942
1665355440,+3.48,+16.894,+10.300,+0.942
1665355500,+3.48,+16.886,+10.307,+0.942
1665355560,+3.48,+16.886,+10.309,+0.943
1665355620,+3.48,+16.869,+10.321,+0.942
1665355680,+3.48,+16.886,+10.323,+0.942
1665355740,+3.48,+16.869,+10.344,+0.943
1665355800,+3.48,+16.869,+10.322,+0.943
1665355860,+3.48,+16.894,+10.322,+0.942
1665355920,+3.48,+16.869,+10.335,+0.942
1665355980,+3.48,+16.894,+10.303,+0.942
1665356040,+3.48,+16.894,+10.324,+0.942
1665356100,+3.48,+16.877,+10.318,+0.942
1665356160,+3.48,+16.869,+10.338,+0.942
1665356220,+3.48,+16.886,+10.342,+0.942
1665356280,+3.48,+16.886,+10.351,+0.943
1665356340,+3.48,+16.852,+10.368,+0.943
1665356400,+3.48,+16.869,+10.334,+0.942
1665356460,+3.48,+16.852,+10.330,+0.943
1665356520,+3.48,+16.869,+10.314,+0.942
1665356580,+3.48,+16.852,+10.350,+0.942
1665356640,+3.48,+16.860,+10.369,+0.942
1665356700,+3.48,+16.860,+10.343,+0.942
1665356760,+3.48,+16.835,+10.349,+0.942
1665356820,+3.47,+16.818,+10.384,+0.943
1665356880,+3.48,+16.826,+10.392,+0.942
1665356940,+3.47,+16.826,+10.434,+0.943
1665357000,+3.48,+16.818,+10.437,+0.942
1665357060,+3.47,+16.792,+10.426,+0.943
1665357120,+3.47,+16.801,+10.413,+0.943
1665357180,+3.47,+16.801,+10.375,+0.942
1665357240,+3.47,+16.826,+10.361,+0.942
1665357300,+3.47,+16.818,+10.379,+0.942
1665357360,+3.47,+16.792,+10.341,+0.942
1665357420,+3.47,+16.818,+10.235,+0.942
1665357480,+3.47,+16.818,+10.131,+0.943
1665357540,+3.47,+16.809,+10.247,+0.942
1665357600,+3.47,+16.818,+10.280,+0.942
1665357660,+3.47,+16.801,+10.264,+0.943
1665357720,+3.47,+16.792,+10.302,+0.942
1665357780,+3.48,+16.818,+10.337,+0.943
1665357840,+3.47,+16.818,+10.346,+0.943
1665357900,+3.47,+16.809,+10.326,+0.942
1665357960,+3.47,+16.826,+10.321,+0.942
1665358020,+3.48,+16.826,+10.328,+0.942
1665358080,+3.47,+16.818,+10.333,+0.942
1665358140,+3.47,+16.809,+10.333,+0.943
1665358200,+3.47,+16.818,+10.331,+0.942
1665358260,+3.47,+16.792,+10.339,+0.943
1665358320,+3.47,+16.792,+10.351,+0.943
1665358380,+3.47,+16.784,+10.348,+0.942
1665358440,+3.47,+16.801,+10.332,+0.942
1665358500,+3.47,+16.775,+10.343,+0.942
1665358560,+3.47,+16.784,+10.329,+0.943
1665358620,+3.47,+16.775,+10.339,+0.943
1665358680,+3.47,+16.775,+10.352,+0.943
1665358740,+3.47,+16.758,+10.359,+0.943
1665358800,+3.47,+16.758,+10.350,+0.943
1665358860,+3.47,+16.758,+10.343,+0.942
1665358920,+3.47,+16.750,+10.338,+0.942
1665358980,+3.47,+16.758,+10.327,+0.942
1665359040,+3.47,+16.733,+10.341,+0.942
1665359100,+3.47,+16.750,+10.340,+0.942
1665359160,+3.47,+16.741,+10.347,+0.942
1665359220,+3.47,+16.741,+10.346,+0.943
1665359280,+3.47,+16.733,+10.329,+0.942
1665359340,+3.47,+16.733,+10.316,+0.942
1665359400,+3.47,+16.724,+10.298,+0.942
1665359460,+3.47,+16.699,+10.321,+0.942
1665359520,+3.47,+16.707,+10.310,+0.943
1665359580,+3.47,+16.699,+10.332,+0.943
1665359640,+3.47,+16.673,+10.255,+0.942
1665359700,+3.47,+16.690,+10.296,+0.942
1665359760,+3.47,+16.699,+10.234,+0.942
1665359820,+3.47,+16.699,+10.254,+0.942
1665359880,+3.47,+16.699,+10.255,+0.942
1665359940,+3.47,+16.690,+10.186,+0.942
1665360000,+3.47,+16.690,+10.215,+0.942
1665360060,+3.47,+16.656,+10.172,+0.942
1665360120,+3.47,+16.673,+10.274,+0.943
1665360180,+3.47,+16.673,+10.311,+0.942
1665360240,+3.47,+16.673,+10.339,+0.942
1665360300,+3.47,+16.673,+10.316,+0.943
1665360360,+3.47,+16.656,+10.289,+0.942
1665360420,+3.47,+16.665,+10.327,+0.942
1665360480,+3.47,+16.648,+10.350,+0.943
1665360540,+3.47,+16.648,+10.359,+0.943
1665360600,+3.47,+16.656,+10.311,+0.942
1665360660,+3.47,+16.648,+10.357,+0.942
1665360720,+3.47,+16.648,+10.372,+0.943
1665360780,+3.47,+16.656,+10.347,+0.942
1665360840,+3.47,+16.665,+10.304,+0.942
1665360900,+3.47,+16.648,+10.319,+0.942
1665360960,+3.47,+16.648,+10.322,+0.942
1665361020,+3.47,+16.639,+10.347,+0.942
1665361080,+3.47,+16.656,+10.358,+0.942
1665361140,+3.47,+16.656,+10.350,+0.943
1665361200,+3.47,+16.639,+10.355,+0.942
1665361260,+3.47,+16.648,+10.353,+0.942
1665361320,+3.47,+16.665,+10.327,+0.943
1665361380,+3.47,+16.631,+10.360,+0.942
1665361440,+3.47,+16.648,+10.348,+0.942
1665361500,+3.47,+16.639,+10.362,+0.943
1665361560,+3.47,+16.639,+10.332,+0.942
1665361620,+3.47,+16.648,+10.318,+0.942
1665361680,+3.47,+16.648,+10.322,+0.943
1665361740,+3.47,+16.631,+10.349,+0.942
1665361800,+3.47,+16.631,+10.331,+0.942
1665361860,+3.47,+16.631,+10.336,+0.942
1665361920,+3.47,+16.639,+10.369,+0.943
1665361980,+3.47,+16.656,+10.370,+0.943
1665362040,+3.47,+16.631,+10.334,+0.942
1665362100,+3.47,+16.614,+10.332,+0.943
1665362160,+3.47,+16.622,+10.297,+0.942
1665362220,+3.47,+16.631,+10.308,+0.942
1665362280,+3.47,+16.631,+10.293,+0.942
1665362340,+3.47,+16.614,+10.329,+0.942
1665362400,+3.47,+16.639,+10.300,+0.942
1665362460,+3.47,+16.631,+10.319,+0.942
1665362520,+3.47,+16.631,+10.326,+0.942
1665362580,+3.47,+16.622,+10.337,+0.942
1665362640,+3.47,+16.631,+10.332,+0.943
1665362700,+3.47,+16.631,+10.326,+0.943
1665362760,+3.47,+16.648,+10.311,+0.942
1665362820,+3.47,+16.639,+10.299,+0.942
1665362880,+3.47,+16.622,+10.300,+0.942
1665362940,+3.47,+16.639,+10.301,+0.942
1665363000,+3.47,+16.639,+10.302,+0.942
1665363060,+3.47,+16.639,+10.313,+0.942
1665363120,+3.47,+16.631,+10.314,+0.943
1665363180,+3.47,+16.614,+10.315,+0.943
1665363240,+3.47,+16.614,+10.317,+0.943
1665363300,+3.47,+16.614,+10.320,+0.943
1665363360,+3.47,+16.614,+10.299,+0.942
1665363420,+3.47,+16.614,+10.290,+0.942
1665363480,+3.47,+16.631,+10.291,+0.942
1665363540,+3.47,+16.639,+10.275,+0.942
1665363600,+3.47,+16.614,+10.318,+0.943
1665363660,+3.47,+16.622,+10.285,+0.942
1665363720,+3.47,+16.639,+10.281,+0.942
1665363780,+3.47,+16.622,+10.288,+0.942
1665363840,+3.47,+16.648,+10.274,+0.942
1665363900,+3.47,+16.631,+10.295,+0.942
1665363960,+3.47,+16.622,+10.326,+0.942
1665364020,+3.47,+16.622,+10.305,+0.942
1665364080,+3.47,+16.622,+10.308,+0.942
1665364140,+3.47,+16.614,+10.302,+0.942
1665364200,+3.47,+16.614,+10.287,+0.942
1665364260,+3.47,+16.631,+10.280,+0.942
1665364320,+3.47,+16.614,+10.309,+0.942
1665364380,+3.47,+16.622,+10.318,+0.942
1665364440,+3.47,+16.622,+10.304,+0.942
1665364500,+3.47,+16.614,+10.290,+0.943
1665364560,+3.47,+16.622,+10.289,+0.942
1665364620,+3.47,+16.631,+10.273,+0.943
1665364680,+3.47,+16.631,+10.209,+0.942
1665364740,+3.47,+16.631,+10.229,+0.942
1665364800,+3.47,+16.605,+10.242,+0.942
1665364860,+3.47,+16.622,+10.237,+0.943
1665364920,+3.47,+16.622,+10.241,+0.942
1665364980,+3.47,+16.614,+10.273,+0.942
1665365040,+3.47,+16.597,+10.279,+0.942
1665365100,+3.47,+16.622,+10.279,+0.943
1665365160,+3.47,+16.622,+10.276,+0.943
1665365220,+3.47,+16.605,+10.267,+0.943
1665365280,+3.47,+16.614,+10.230,+0.942
1665365340,+3.47,+16.597,+10.220,+0.942
1665365400,+3.47,+16.597,+10.241,+0.943
1665365460,+3.47,+16.597,+10.226,+0.942
1665365520,+3.47,+16.605,+10.215,+0.942
1665365580,+3.47,+16.588,+10.221,+0.942
1665365640,+3.47,+16.588,+10.226,+0.942
1665365700,+3.47,+16.580,+10.173,+0.942
1665365760,+3.47,+16.588,+10.213,+0.942
1665365820,+3.47,+16.580,+10.230,+0.943
1665365880,+3.47,+16.580,+10.221,+0.942
1665365940,+3.47,+16.571,+10.202,+0.943
1665366000,+3.47,+16.580,+10.244,+0.942
1665366060,+3.47,+16.554,+10.273,+0.943
1665366120,+3.47,+16.571,+10.276,+0.943
1665366180,+3.47,+16.588,+10.267,+0.943
1665366240,+3.47,+16.580,+10.244,+0.942
1665366300,+3.47,+16.580,+10.248,+0.943
1665366360,+3.47,+16.580,+10.218,+0.942
1665366420,+3.47,+16.580,+10.231,+0.942
1665366480,+3.47,+16.580,+10.236,+0.942
1665366540,+3.47,+16.580,+10.232,+0.942
1665366600,+3.47,+16.580,+10.218,+0.942
1665366660,+3.47,+16.580,+10.230,+0.943
1665366720,+3.47,+16.588,+10.188,+0.942
1665366780,+3.47,+16.580,+10.189,+0.942
1665366840,+3.47,+16.580,+10.153,+0.942
1665366900,+3.47,+16.588,+10.188,+0.942
1665366960,+3.47,+16.571,+10.167,+0.942
1665367020,+3.47,+16.571,+10.127,+0.942
1665367080,+3.47,+16.571,+10.219,+0.942
1665367140,+3.47,+16.580,+10.201,+0.943
1665367200,+3.47,+16.605,+10.180,+0.942
1665367260,+3.47,+16.588,+10.168,+0.942
1665367320,+3.47,+16.597,+10.183,+0.942
1665367380,+3.47,+16.588,+10.213,+0.942
1665367440,+3.47,+16.597,+10.202,+0.942
1665367500,+3.47,+16.588,+10.185,+0.942
1665367560,+3.47,+16.588,+10.163,+0.942
1665367620,+3.47,+16.571,+10.127,+0.942
1665367680,+3.47,+16.588,+10.092,+0.942
1665367740,+3.47,+16.563,+10.102,+0.942
1665367800,+3.47,+16.580,+10.027,+0.942
1665367860,+3.47,+16.571, +9.878,+0.942
1665367920,+3.47,+16.580, +9.787,+0.942
1665367980,+3.47,+16.588, +9.640,+0.941
1665368040,+3.47,+16.580, +9.623,+0.942
1665368100,+3.47,+16.571, +9.640,+0.942
1665368160,+3.47,+16.580, +9.602,+0.942
1665368220,+3.47,+16.580, +9.541,+0.942
1665368280,+3.47,+16.580, +9.476,+0.941
1665368340,+3.47,+16.588, +9.577,+0.942
1665368400,+3.47,+16.571, +9.677,+0.942
1665368460,+3.47,+16.597, +9.632,+0.941
1665368520,+3.47,+16.571, +9.656,+0.941
1665368580,+3.47,+16.588, +9.613,+0.942
1665368640,+3.47,+16.580, +9.645,+0.942
1665368700,+3.47,+16.563, +9.672,+0.942
1665368760,+3.47,+16.563, +9.782,+0.942
1665368820,+3.47,+16.571, +9.740,+0.942
1665368880,+3.47,+16.554, +9.822,+0.942
1665368940,+3.47,+16.571, +9.796,+0.942
1665369000,+3.47,+16.580, +9.635,+0.942
1665369060,+3.47,+16.580, +9.703,+0.942
1665369120,+3.47,+16.580, +9.389,+0.941
1665369180,+3.47,+16.597, +9.341,+0.941
1665369240,+3.47,+16.571, +9.374,+0.942
1665369300,+3.47,+16.580, +9.274,+0.941
1665369360,+3.47,+16.588, +9.169,+0.942
1665369420,+3.47,+16.580, +9.338,+0.941
1665369480,+3.47,+16.580, +9.457,+0.941
1665369540,+3.47,+16.588, +9.439,+0.942
1665369600,+3.47,+16.588, +9.105,+0.942
1665369660,+3.47,+16.563, +9.135,+0.941
1665369720,+3.47,+16.571, +9.335,+0.941
1665369780,+3.47,+16.580, +9.474,+0.942
1665369840,+3.47,+16.580, +9.581,+0.942
1665369900,+3.47,+16.571, +9.607,+0.942
1665369960,+3.47,+16.563, +9.652,+0.942
1665370020,+3.47,+16.563, +9.783,+0.942
1665370080,+3.47,+16.554, +9.843,+0.942
1665370140,+3.47,+16.529, +9.961,+0.942
1665370200,+3.47,+16.537,+10.020,+0.942
1665370260,+3.47,+16.520,+10.024,+0.942
1665370320,+3.47,+16.512,+10.046,+0.942
1665370380,+3.47,+16.520,+10.078,+0.942
1665370440,+3.47,+16.512,+10.104,+0.942
1665370500,+3.47,+16.495,+10.054,+0.942
1665370560,+3.47,+16.461,+10.015,+0.942
1665370620,+3.47,+16.478,+10.010,+0.942
1665370680,+3.47,+16.435,+10.019,+0.942
1665370740,+3.47,+16.393,+10.024,+0.942
1665370800,+3.47,+16.384,+10.005,+0.942
1665370860,+3.47,+16.367, +9.816,+0.942
1665370920,+3.47,+16.350,+10.007,+0.942
1665370980,+3.47,+16.359,+10.080,+0.942
1665371040,+3.47,+16.359,+10.024,+0.942
1665371100,+3.47,+16.359,+10.091,+0.942
1665371160,+3.47,+16.342,+10.119,+0.942
1665371220,+3.47,+16.359,+10.184,+0.942
1665371280,+3.47,+16.367,+10.194,+0.942
1665371340,+3.47,+16.367,+10.187,+0.942
1665371400,+3.47,+16.384,+10.185,+0.943
1665371460,+3.47,+16.376,+10.194,+0.942
1665371520,+3.47,+16.401,+10.196,+0.942
1665371580,+3.47,+16.410,+10.209,+0.942
1665371640,+3.47,+16.410,+10.179,+0.942
1665371700,+3.47,+16.410,+10.180,+0.943
1665371760,+3.47,+16.401,+10.212,+0.942
1665371820,+3.47,+16.427,+10.220,+0.943
1665371880,+3.47,+16.435,+10.210,+0.943
1665371940,+3.47,+16.418,+10.208,+0.942
1665372000,+3.47,+16.435,+10.216,+0.942
1665372060,+3.47,+16.435,+10.189,+0.942
1665372120,+3.47,+16.435,+10.166,+0.942
1665372180,+3.47,+16.444,+10.144,+0.942
1665372240,+3.47,+16.427,+10.146,+0.942
1665372300,+3.47,+16.444,+10.136,+0.942
1665372360,+3.47,+16.444,+10.130,+0.942
1665372420,+3.47,+16.478,+10.113,+0.942
1665372480,+3.47,+16.486,+10.127,+0.942
1665372540,+3.47,+16.486,+10.116,+0.943
1665372600,+3.47,+16.520,+10.051,+0.942
1665372660,+3.47,+16.529,+10.035,+0.943
1665372720,+3.47,+16.537, +9.995,+0.942
1665372780,+3.47,+16.529, +9.988,+0.942
1665372840,+3.47,+16.546, +9.980,+0.942
1665372900,+3.47,+16.554, +9.992,+0.942
1665372960,+3.47,+16.546,+10.012,+0.942
1665373020,+3.47,+16.563, +9.955,+0.942
1665373080,+3.47,+16.554, +9.877,+0.942
1665373140,+3.47,+16.554, +9.810,+0.941
1665373200,+3.47,+16.563, +9.763,+0.942
1665373260,+3.47,+16.563, +9.771,+0.942
1665373320,+3.47,+16.571, +9.720,+0.942
1665373380,+3.47,+16.554, +9.667,+0.942
1665373440,+3.47,+16.563, +9.661,+0.942
1665373500,+3.47,+16.529, +9.630,+0.942
1665373560,+3.47,+16.537, +9.603,+0.941
1665373620,+3.47,+16.529, +9.527,+0.942
1665373680,+3.47,+16.512, +9.534,+0.942
1665373740,+3.47,+16.529, +9.564,+0.942
1665373800,+3.47,+16.503, +9.442,+0.942
1665373860,+3.47,+16.503, +9.451,+0.942
1665373920,+3.47,+16.486, +9.609,+0.942
1665373980,+3.47,+16.495, +9.747,+0.942
1665374040,+3.47,+16.486, +9.796,+0.942
1665374100,+3.47,+16.486, +9.796,+0.942
1665374160,+3.47,+16.486, +9.800,+0.942
1665374220,+3.47,+16.520, +9.713,+0.942
1665374280,+3.47,+16.495, +9.346,+0.942
1665374340,+3.47,+16.486, +9.002,+0.941
1665374400,+3.47,+16.495, +9.065,+0.941
1665374460,+3.47,+16.478, +9.201,+0.941
1665374520,+3.47,+16.486, +9.313,+0.941
1665374580,+3.47,+16.512, +9.374,+0.941
1665374640,+3.47,+16.512, +9.545,+0.942
1665374700,+3.47,+16.435, +9.753,+0.942
1665374760,+3.47,+16.367,+10.022,+0.942
1665374820,+3.47,+16.376, +9.974,+0.942
1665374880,+3.47,+16.418, +9.906,+0.942
1665374940,+3.47,+16.461, +9.881,+0.942
1665375000,+3.47,+16.461, +9.847,+0.942
1665375060,+3.47,+16.461, +9.890,+0.942
1665375120,+3.47,+16.486, +9.799,+0.942
1665375180,+3.47,+16.478, +9.664,+0.942
1665375240,+3.47,+16.469, +9.589,+0.942
1665375300,+3.47,+16.495, +9.681,+0.942
1665375360,+3.47,+16.512, +9.738,+0.942
1665375420,+3.47,+16.512, +9.782,+0.942
1665375480,+3.47,+16.512, +9.727,+0.942
1665375540,+3.47,+16.512, +9.716,+0.942
1665375600,+3.47,+16.503, +9.698,+0.941
1665375660,+3.47,+16.512, +9.700,+0.942
1665375720,+3.47,+16.529, +9.729,+0.942
1665375780,+3.47,+16.520, +9.720,+0.942
1665375840,+3.47,+16.503, +9.732,+0.942
1665375900,+3.47,+16.503, +9.664,+0.941
1665375960,+3.47,+16.520, +9.858,+0.942
1665376020,+3.47,+16.512, +9.967,+0.942
1665376080,+3.47,+16.537,+10.020,+0.942
1665376140,+3.47,+16.520,+10.034,+0.942
1665376200,+3.47,+16.512,+10.046,+0.942
1665376260,+3.47,+16.520, +9.935,+0.942
1665376320,+3.47,+16.529, +9.900,+0.942
1665376380,+3.47,+16.520, +9.852,+0.941
1665376440,+3.47,+16.537, +9.794,+0.942
1665376500,+3.47,+16.512, +9.807,+0.942
1665376560,+3.47,+16.512, +9.827,+0.942
1665376620,+3.47,+16.520, +9.837,+0.942
1665376680,+3.47,+16.512, +9.832,+0.941
1665376740,+3.47,+16.503, +9.800,+0.942
1665376800,+3.47,+16.503, +9.808,+0.942
1665376860,+3.47,+16.503, +9.827,+0.942
1665376920,+3.47,+16.503, +9.878,+0.942
1665376980,+3.47,+16.512, +9.911,+0.942
1665377040,+3.47,+16.512, +9.870,+0.942
1665377100,+3.47,+16.503, +9.838,+0.942
1665377160,+3.47,+16.495, +9.877,+0.942
1665377220,+3.47,+16.512, +9.868,+0.942
1665377280,+3.47,+16.520, +9.762,+0.941
1665377340,+3.47,+16.520, +9.772,+0.942
1665377400,+3.47,+16.512, +9.806,+0.942
1665377460,+3.47,+16.486, +9.818,+0.942
1665377520,+3.47,+16.503, +9.849,+0.942
1665377580,+3.47,+16.512, +9.861,+0.942
1665377640,+3.47,+16.495, +9.881,+0.942
1665377700,+3.47,+16.512, +9.893,+0.942
1665377760,+3.47,+16.495, +9.921,+0.942
1665377820,+3.47,+16.495, +9.911,+0.942
1665377880,+3.47,+16.495, +9.927,+0.942
1665377940,+3.47,+16.503, +9.906,+0.943
1665378000,+3.47,+16.486, +9.927,+0.942
1665378060,+3.47,+16.495, +9.949,+0.942
1665378120,+3.47,+16.495, +9.976,+0.942
1665378180,+3.47,+16.486, +9.996,+0.942
1665378240,+3.47,+16.495,+10.005,+0.942
1665378300,+3.47,+16.486,+10.021,+0.942
1665378360,+3.47,+16.478,+10.040,+0.942
1665378420,+3.47,+16.495, +9.826,+0.942
1665378480,+3.47,+16.512, +9.767,+0.942
1665378540,+3.47,+16.495, +9.658,+0.941
1665378600,+3.47,+16.486, +9.487,+0.942
1665378660,+3.47,+16.478, +9.417,+0.941
1665378720,+3.47,+16.495, +9.447,+0.942
1665378780,+3.47,+16.503, +9.587,+0.941
1665378840,+3.47,+16.486, +9.710,+0.941
1665378900,+3.47,+16.495, +9.840,+0.942
1665378960,+3.47,+16.486, +9.884,+0.942
1665379020,+3.47,+16.495, +9.932,+0.942
1665379080,+3.47,+16.495, +9.971,+0.942
1665379140,+3.47,+16.486, +9.999,+0.942
1665379200,+3.47,+16.495, +9.943,+0.942
1665379260,+3.47,+16.495, +9.860,+0.941
1665379320,+3.47,+16.486, +9.781,+0.942
1665379380,+3.47,+16.478, +9.817,+0.942
1665379440,+3.47,+16.486, +9.903,+0.942
1665379500,+3.47,+16.503, +9.968,+0.942
1665379560,+3.47,+16.486,+10.034,+0.942
1665379620,+3.47,+16.495,+10.092,+0.943
1665379680,+3.47,+16.495,+10.111,+0.942
1665379740,+3.47,+16.495,+10.113,+0.942
1665379800,+3.47,+16.486,+10.138,+0.942
1665379860,+3.47,+16.469,+10.154,+0.942
1665379920,+3.47,+16.478,+10.167,+0.942
1665379980,+3.47,+16.486,+10.158,+0.942
1665380040,+3.47,+16.486,+10.155,+0.942
1665380100,+3.47,+16.478,+10.158,+0.942
1665380160,+3.47,+16.495,+10.161,+0.942
1665380220,+3.47,+16.512,+10.151,+0.942
1665380280,+3.47,+16.495,+10.143,+0.942
1665380340,+3.47,+16.495,+10.115,+0.942
1665380400,+3.47,+16.478,+10.098,+0.942
1665380460,+3.47,+16.486,+10.049,+0.942
1665380520,+3.47,+16.478, +9.981,+0.942
1665380580,+3.47,+16.486, +9.892,+0.942
1665380640,+3.47,+16.503, +9.858,+0.942
1665380700,+3.47,+16.486, +9.790,+0.942
1665380760,+3.47,+16.495, +9.780,+0.942
1665380820,+3.47,+16.503, +9.844,+0.942
1665380880,+3.47,+16.478, +9.896,+0.942
1665380940,+3.47,+16.495, +9.895,+0.942
1665381000,+3.47,+16.495, +9.868,+0.942
1665381060,+3.47,+16.495, +9.891,+0.942
1665381120,+3.47,+16.486, +9.906,+0.942
1665381180,+3.47,+16.486,+10.017,+0.942
1665381240,+3.47,+16.486,+10.090,+0.942
1665381300,+3.47,+16.486,+10.106,+0.942
1665381360,+3.47,+16.486,+10.137,+0.942
1665381420,+3.47,+16.469,+10.166,+0.942
1665381480,+3.47,+16.461,+10.165,+0.942
1665381540,+3.47,+16.461,+10.176,+0.942
1665381600,+3.47,+16.452,+10.174,+0.943
1665381660,+3.47,+16.469, +9.978,+0.942
1665381720,+3.47,+16.461,+10.039,+0.942
1665381780,+3.47,+16.478,+10.028,+0.942
1665381840,+3.47,+16.469,+10.003,+0.942
1665381900,+3.47,+16.478,+10.121,+0.942
1665381960,+3.47,+16.503,+10.147,+0.942
1665382020,+3.47,+16.503,+10.170,+0.942
1665382080,+3.47,+16.503,+10.157,+0.942
1665382140,+3.47,+16.469,+10.149,+0.943
1665382200,+3.47,+16.512,+10.102,+0.942
1665382260,+3.47,+16.503, +9.996,+0.942
1665382320,+3.47,+16.495, +9.978,+0.942
1665382380,+3.47,+16.512,+10.044,+0.942
1665382440,+3.47,+16.520, +9.987,+0.942
1665382500,+3.47,+16.529, +9.912,+0.941
1665382560,+3.47,+16.520, +9.940,+0.942
1665382620,+3.47,+16.512, +9.890,+0.942
1665382680,+3.47,+16.529, +9.829,+0.942
1665382740,+3.47,+16.537, +9.847,+0.942
1665382800,+3.47,+16.520, +9.853,+0.942
1665382860,+3.47,+16.520, +9.777,+0.942
1665382920,+3.47,+16.529, +9.698,+0.942
1665382980,+3.47,+16.537, +9.665,+0.942
1665383040,+3.47,+16.537, +9.679,+0.941
1665383100,+3.47,+16.529, +9.784,+0.942
1665383160,+3.47,+16.546, +9.819,+0.942
1665383220,+3.47,+16.520, +9.840,+0.942
1665383280,+3.47,+16.537, +9.845,+0.942
1665383340,+3.47,+16.537, +9.781,+0.942
1665383400,+3.47,+16.537, +9.762,+0.941
1665383460,+3.47,+16.537, +9.823,+0.942
1665383520,+3.47,+16.529, +9.851,+0.942
1665383580,+3.47,+16.537, +9.897,+0.942
1665383640,+3.47,+16.546, +9.945,+0.942
1665383700,+3.47,+16.546, +9.972,+0.942
1665383760,+3.47,+16.546, +9.969,+0.942
1665383820,+3.47,+16.529, +9.984,+0.942
1665383880,+3.47,+16.529,+10.027,+0.942
1665383940,+3.47,+16.537,+10.057,+0.942
1665384000,+3.47,+16.537,+10.007,+0.942
1665384060,+3.47,+16.546, +9.992,+0.942
1665384120,+3.47,+16.537, +9.981,+0.942
1665384180,+3.47,+16.520, +9.852,+0.942
1665384240,+3.47,+16.546, +9.728,+0.942
1665384300,+3.47,+16.537, +9.813,+0.942
1665384360,+3.47,+16.546, +9.839,+0.942
1665384420,+3.47,+16.554, +9.871,+0.942
1665384480,+3.47,+16.537, +9.838,+0.942
1665384540,+3.47,+16.563, +9.804,+0.942
1665384600,+3.47,+16.546, +9.783,+0.942
1665384660,+3.47,+16.563, +9.718,+0.942
1665384720,+3.47,+16.563, +9.527,+0.942
1665384780,+3.47,+16.554, +9.317,+0.942
1665384840,+3.47,+16.554, +9.108,+0.941
1665384900,+3.47,+16.563, +9.233,+0.941
1665384960,+3.47,+16.563, +9.204,+0.941
1665385020,+3.47,+16.554, +9.325,+0.941
1665385080,+3.47,+16.563, +9.438,+0.941
1665385140,+3.47,+16.571, +9.516,+0.942
1665385200,+3.47,+16.571, +9.589,+0.941
1665385260,+3.47,+16.580, +9.661,+0.942
1665385320,+3.47,+16.563, +9.666,+0.942
1665385380,+3.47,+16.580, +9.648,+0.942
1665385440,+3.47,+16.571, +9.647,+0.942
1665385500,+3.47,+16.580, +9.612,+0.941
1665385560,+3.47,+16.571, +9.160,+0.941
1665385620,+3.47,+16.478, +8.812,+0.941
1665385680,+3.47,+16.461, +8.807,+0.941
1665385740,+3.47,+16.478, +8.815,+0.941
1665385800,+3.47,+16.503, +8.819,+0.941
1665385860,+3.47,+16.520, +8.898,+0.941
1665385920,+3.47,+16.529, +9.014,+0.941
1665385980,+3.47,+16.546, +9.088,+0.941
1665386040,+3.47,+16.554, +9.136,+0.941
1665386100,+3.47,+16.571, +9.209,+0.941
1665386160,+3.47,+16.554, +9.263,+0.942
1665386220,+3.47,+16.571, +9.207,+0.941
1665386280,+3.47,+16.571, +9.181,+0.942
1665386340,+3.47,+16.588, +9.208,+0.941
1665386400,+3.47,+16.588, +9.091,+0.941
1665386460,+3.47,+16.588, +8.953,+0.941
1665386520,+3.47,+16.622, +8.841,+0.941
1665386580,+3.47,+16.597, +8.459,+0.941
1665386640,+3.47,+16.605, +8.218,+0.941
1665386700,+3.47,+16.614, +8.181,+0.941
1665386760,+3.47,+16.614, +8.339,+0.941
1665386820,+3.47,+16.614, +8.509,+0.941
1665386880,+3.47,+16.597, +8.595,+0.941
1665386940,+3.47,+16.622, +8.521,+0.941
1665387000,+3.47,+16.631, +8.435,+0.941
1665387060,+3.47,+16.631, +8.184,+0.941
1665387120,+3.47,+16.639, +8.005,+0.940
1665387180,+3.47,+16.631, +7.887,+0.941
1665387240,+3.47,+16.656, +7.736,+0.940
1665387300,+3.47,+16.639, +7.532,+0.940
1665387360,+3.47,+16.656, +7.037,+0.940
1665387420,+3.47,+16.656, +6.733,+0.940
1665387480,+3.47,+16.656, +6.498,+0.940
1665387540,+3.47,+16.665, +6.310,+0.940
1665387600,+3.47,+16.673, +6.219,+0.939
1665387660,+3.47,+16.665, +6.380,+0.939
1665387720,+3.47,+16.665, +6.505,+0.940
1665387780,+3.47,+16.673, +6.629,+0.940
1665387840,+3.47,+16.682, +6.728,+0.940
1665387900,+3.47,+16.690, +6.883,+0.940
1665387960,+3.47,+16.690, +6.879,+0.940
1665388020,+3.47,+16.690, +6.886,+0.940
1665388080,+3.47,+16.682, +6.960,+0.940
1665388140,+3.47,+16.682, +6.906,+0.940
1665388200,+3.47,+16.673, +6.859,+0.940
1665388260,+3.47,+16.690, +6.755,+0.940
1665388320,+3.47,+16.690, +6.851,+0.940
1665388380,+3.47,+16.690, +7.131,+0.940
1665388440,+3.47,+16.690, +7.413,+0.940
1665388500,+3.47,+16.707, +7.611,+0.940
1665388560,+3.47,+16.690, +7.840,+0.941
1665388620,+3.47,+16.690, +7.878,+0.940
1665388680,+3.47,+16.699, +7.958,+0.941
1665388740,+3.47,+16.699, +8.119,+0.940
1665388800,+3.47,+16.673, +8.206,+0.940
1665388860,+3.47,+16.699, +8.069,+0.940
1665388920,+3.47,+16.699, +7.917,+0.941
1665388980,+3.47,+16.699, +7.959,+0.940
1665389040,+3.47,+16.707, +8.150,+0.941
1665389100,+3.47,+16.656, +8.124,+0.941
1665389160,+3.47,+16.597, +7.959,+0.941
1665389220,+3.47,+16.571, +7.877,+0.940
1665389280,+3.47,+16.546, +8.039,+0.940
1665389340,+3.47,+16.537, +8.082,+0.941
1665389400,+3.47,+16.529, +8.134,+0.940
1665389460,+3.47,+16.529, +8.250,+0.941
1665389520,+3.47,+16.537, +8.332,+0.941
1665389580,+3.47,+16.512, +8.412,+0.941
1665389640,+3.47,+16.529, +8.336,+0.941
1665389700,+3.47,+16.537, +8.148,+0.940
1665389760,+3.47,+16.512, +8.049,+0.940
1665389820,+3.47,+16.512, +8.306,+0.941
1665389880,+3.47,+16.520, +8.395,+0.941
1665389940,+3.47,+16.520, +8.352,+0.941
1665390000,+3.47,+16.503, +8.343,+0.941
1665390060,+3.47,+16.469, +8.521,+0.941
1665390120,+3.47,+16.461, +8.667,+0.941
1665390180,+3.47,+16.435, +8.737,+0.941
1665390240,+3.47,+16.461, +8.764,+0.941
1665390300,+3.47,+16.461, +8.813,+0.941
1665390360,+3.47,+16.452, +8.884,+0.941
1665390420,+3.47,+16.435, +8.954,+0.941
1665390480,+3.47,+16.452, +8.945,+0.941
1665390540,+3.47,+16.478, +8.837,+0.941
1665390600,+3.47,+16.469, +8.709,+0.941
1665390660,+3.47,+16.452, +8.637,+0.941
1665390720,+3.47,+16.461, +8.524,+0.941
1665390780,+3.47,+16.452, +8.608,+0.941
1665390840,+3.47,+16.469, +8.298,+0.941
1665390900,+3.47,+16.444, +8.378,+0.941
1665390960,+3.47,+16.452, +8.551,+0.941
1665391020,+3.47,+16.401, +8.703,+0.941
1665391080,+3.47,+16.401, +8.559,+0.941
1665391140,+3.47,+16.418, +8.622,+0.941
1665391200,+3.47,+16.418, +8.596,+0.940
1665391260,+3.47,+16.401, +8.555,+0.941
1665391320,+3.47,+16.410, +8.392,+0.941
1665391380,+3.47,+16.410, +8.161,+0.941
1665391440,+3.47,+16.418, +8.044,+0.941
1665391500,+3.47,+16.410, +8.057,+0.941
1665391560,+3.47,+16.418, +8.031,+0.941
1665391620,+3.47,+16.401, +8.219,+0.941
1665391680,+3.47,+16.393, +8.369,+0.941
1665391740,+3.47,+16.376, +8.579,+0.941
1665391800,+3.47,+16.384, +8.668,+0.941
1665391860,+3.47,+16.376, +8.731,+0.941
1665391920,+3.47,+16.367, +8.671,+0.941
1665391980,+3.47,+16.350, +8.785,+0.941
1665392040,+3.47,+16.359, +8.802,+0.941
1665392100,+3.47,+16.359, +8.727,+0.941
1665392160,+3.47,+16.359, +8.655,+0.941
1665392220,+3.47,+16.359, +8.581,+0.941
1665392280,+3.47,+16.367, +8.539,+0.941
1665392340,+3.47,+16.367, +8.406,+0.941
1665392400,+3.47,+16.367, +8.514,+0.941
1665392460,+3.47,+16.359, +8.490,+0.941
1665392520,+3.47,+16.367, +8.511,+0.941
1665392580,+3.47,+16.367, +8.430,+0.941
1665392640,+3.47,+16.359, +8.338,+0.941
1665392700,+3.47,+16.350, +8.465,+0.941
1665392760,+3.47,+16.333, +8.506,+0.941
1665392820,+3.47,+16.384, +8.296,+0.941
1665392880,+3.47,+16.350, +8.566,+0.941
1665392940,+3.47,+16.359, +8.456,+0.941
1665393000,+3.47,+16.333, +8.503,+0.941
1665393060,+3.47,+16.350, +8.428,+0.941
1665393120,+3.47,+16.342, +8.582,+0.941
1665393180,+3.47,+16.333, +8.632,+0.941
1665393240,+3.47,+16.316, +8.644,+0.941
1665393300,+3.47,+16.316, +8.649,+0.941
1665393360,+3.47,+16.325, +8.857,+0.941
1665393420,+3.47,+16.342, +8.919,+0.941
1665393480,+3.47,+16.342, +9.059,+0.941
1665393540,+3.47,+16.325, +9.017,+0.941
1665393600,+3.47,+16.316, +8.951,+0.941
1665393660,+3.47,+16.308, +8.870,+0.941
1665393720,+3.47,+16.316, +9.006,+0.941
1665393780,+3.47,+16.325, +9.200,+0.941
1665393840,+3.47,+16.308, +9.098,+0.942
1665393900,+3.47,+16.325, +9.241,+0.942
1665393960,+3.47,+16.333, +9.268,+0.942
1665394020,+3.47,+16.325, +9.136,+0.942
1665394080,+3.47,+16.342, +9.016,+0.942
1665394140,+3.47,+16.350, +9.152,+0.941
1665394200,+3.47,+16.359, +9.247,+0.942
1665394260,+3.47,+16.350, +9.182,+0.941
1665394320,+3.47,+16.359, +9.441,+0.941
1665394380,+3.47,+16.367, +9.433,+0.941
1665394440,+3.47,+16.359, +9.369,+0.942
1665394500,+3.47,+16.359, +9.395,+0.942
1665394560,+3.47,+16.342, +9.386,+0.942
1665394620,+3.47,+16.359, +9.359,+0.942
1665394680,+3.47,+16.359, +9.468,+0.942
1665394740,+3.47,+16.367, +9.538,+0.942
1665394800,+3.47,+16.376, +9.554,+0.941
1665394860,+3.47,+16.376, +9.585,+0.942
1665394920,+3.47,+16.359, +9.627,+0.942
1665394980,+3.47,+16.376, +9.625,+0.941
1665395040,+3.47,+16.393, +9.626,+0.942
1665395100,+3.47,+16.384, +9.503,+0.942
1665395160,+3.47,+16.367, +9.559,+0.941
1665395220,+3.47,+16.393, +9.567,+0.942
1665395280,+3.47,+16.376, +9.554,+0.942
1665395340,+3.47,+16.393, +9.297,+0.941
1665395400,+3.47,+16.393, +9.235,+0.941
1665395460,+3.47,+16.359, +9.388,+0.941
1665395520,+3.47,+16.393, +9.474,+0.942
1665395580,+3.47,+16.376, +9.458,+0.941
1665395640,+3.47,+16.376, +9.187,+0.941
1665395700,+3.47,+16.384, +9.324,+0.942
1665395760,+3.47,+16.401, +9.351,+0.941
1665395820,+3.47,+16.384, +9.393,+0.942
1665395880,+3.47,+16.376, +9.494,+0.941
1665395940,+3.47,+16.393, +9.531,+0.942
1665396000,+3.47,+16.384, +9.415,+0.942
1665396060,+3.47,+16.393, +9.468,+0.941
1665396120,+3.47,+16.393, +9.509,+0.941
1665396180,+3.47,+16.384, +9.523,+0.941
1665396240,+3.47,+16.376, +9.498,+0.942
1665396300,+3.47,+16.393, +9.536,+0.942
1665396360,+3.47,+16.384, +9.560,+0.942
1665396420,+3.47,+16.393, +9.573,+0.942
1665396480,+3.47,+16.384, +9.601,+0.942
1665396540,+3.47,+16.376, +9.609,+0.942
1665396600,+3.47,+16.367, +9.618,+0.942
1665396660,+3.47,+16.376, +9.600,+0.942
1665396720,+3.47,+16.367, +9.593,+0.942
1665396780,+3.47,+16.359, +9.589,+0.942
1665396840,+3.47,+16.384, +9.483,+0.942
1665396900,+3.47,+16.384, +9.474,+0.942
1665396960,+3.47,+16.359, +9.528,+0.942
1665397020,+3.47,+16.367, +9.494,+0.941
1665397080,+3.47,+16.342, +9.618,+0.942
1665397140,+3.47,+16.367, +9.657,+0.942
1665397200,+3.47,+16.376, +9.590,+0.942
1665397260,+3.47,+16.384, +9.537,+0.942
1665397320,+3.47,+16.367, +9.485,+0.942
1665397380,+3.47,+16.367, +9.494,+0.941
1665397440,+3.47,+16.376, +9.383,+0.941
1665397500,+3.47,+16.367, +9.401,+0.942
1665397560,+3.47,+16.367, +9.396,+0.941
1665397620,+3.47,+16.367, +9.467,+0.941
1665397680,+3.47,+16.350, +9.543,+0.942
1665397740,+3.47,+16.367, +9.545,+0.941
1665397800,+3.47,+16.359, +9.548,+0.942
1665397860,+3.47,+16.359, +9.560,+0.942
1665397920,+3.47,+16.367, +9.574,+0.942
1665397980,+3.47,+16.359, +9.575,+0.942
1665398040,+3.47,+16.359, +9.520,+0.942
1665398100,+3.47,+16.367, +9.457,+0.942
1665398160,+3.47,+16.367, +9.522,+0.941
1665398220,+3.47,+16.350, +9.513,+0.941
1665398280,+3.47,+16.333, +9.550,+0.942
1665398340,+3.47,+16.350, +9.490,+0.941
1665398400,+3.47,+16.333, +9.417,+0.942
1665398460,+3.47,+16.342, +9.369,+0.942
1665398520,+3.47,+16.359, +9.245,+0.941
1665398580,+3.47,+16.333, +9.170,+0.941
1665398640,+3.47,+16.342, +9.234,+0.941
1665398700,+3.47,+16.333, +9.307,+0.941
1665398760,+3.47,+16.350, +9.362,+0.942
1665398820,+3.47,+16.359, +9.410,+0.941
1665398880,+3.47,+16.359, +9.463,+0.941
1665398940,+3.47,+16.359, +9.490,+0.942
1665399000,+3.47,+16.333, +9.534,+0.942
1665399060,+3.47,+16.342, +9.501,+0.941
1665399120,+3.47,+16.342, +9.512,+0.942
1665399180,+3.47,+16.342, +9.527,+0.941
1665399240,+3.47,+16.359, +9.530,+0.942
1665399300,+3.47,+16.342, +9.475,+0.942
1665399360,+3.47,+16.350, +9.509,+0.942
1665399420,+3.47,+16.350, +9.550,+0.941
1665399480,+3.47,+16.325, +9.541,+0.942
1665399540,+3.47,+16.325, +9.573,+0.942
1665399600,+3.47,+16.333, +9.564,+0.942
1665399660,+3.47,+16.342, +9.527,+0.941
1665399720,+3.47,+16.350, +9.518,+0.941
1665399780,+3.47,+16.342, +9.505,+0.942
1665399840,+3.47,+16.333, +9.529,+0.942
1665399900,+3.47,+16.325, +9.422,+0.941
1665399960,+3.47,+16.316, +9.393,+0.941
1665400020,+3.47,+16.316, +9.489,+0.942
1665400080,+3.47,+16.325, +9.493,+0.942
1665400140,+3.47,+16.325, +9.480,+0.941
1665400200,+3.47,+16.325, +9.497,+0.942
1665400260,+3.47,+16.333, +9.468,+0.942
1665400320,+3.47,+16.342, +9.423,+0.942
1665400380,+3.47,+16.342, +9.457,+0.942
1665400440,+3.47,+16.342, +9.436,+0.941
1665400500,+3.47,+16.333, +9.502,+0.941
1665400560,+3.47,+16.308, +9.542,+0.942
1665400620,+3.47,+16.316, +9.509,+0.942
1665400680,+3.47,+16.342, +9.500,+0.941
1665400740,+3.47,+16.333, +9.542,+0.942
1665400800,+3.47,+16.325, +9.573,+0.942
1665400860,+3.47,+16.333, +9.562,+0.942
1665400920,+3.47,+16.316, +9.601,+0.942
1665400980,+3.47,+16.308, +9.659,+0.942
1665401040,+3.47,+16.308, +9.651,+0.941
1665401100,+3.47,+16.308, +9.663,+0.942
1665401160,+3.47,+16.291, +9.653,+0.942
1665401220,+3.47,+16.274, +9.660,+0.942
1665401280,+3.47,+16.291, +9.612,+0.941
1665401340,+3.47,+16.282, +9.629,+0.942
1665401400,+3.47,+16.291, +9.604,+0.942
1665401460,+3.47,+16.308, +9.574,+0.942
1665401520,+3.47,+16.299, +9.600,+0.942
1665401580,+3.47,+16.291, +9.626,+0.942
1665401640,+3.47,+16.291, +9.611,+0.941
1665401700,+3.47,+16.308, +9.610,+0.942
1665401760,+3.47,+16.291, +9.588,+0.942
1665401820,+3.47,+16.291, +9.580,+0.942
1665401880,+3.47,+16.308, +9.576,+0.942
1665401940,+3.47,+16.291, +9.581,+0.942
1665402000,+3.47,+16.291, +9.617,+0.941
1665402060,+3.47,+16.291, +9.596,+0.941
1665402120,+3.47,+16.299, +9.621,+0.942
1665402180,+3.47,+16.316, +9.624,+0.942
1665402240,+3.47,+16.325, +9.588,+0.942
1665402300,+3.47,+16.316, +9.601,+0.942
1665402360,+3.47,+16.325, +9.586,+0.942
1665402420,+3.47,+16.359, +9.565,+0.942
1665402480,+3.47,+16.333, +9.597,+0.941
1665402540,+3.47,+16.342, +9.596,+0.942
1665402600,+3.47,+16.333, +9.608,+0.942
1665402660,+3.47,+16.359, +9.597,+0.942
1665402720,+3.47,+16.299, +9.640,+0.942
1665402780,+3.47,+16.316, +9.641,+0.942
1665402840,+3.47,+16.308, +9.650,+0.942
1665402900,+3.47,+16.316, +9.624,+0.942
1665402960,+3.47,+16.291, +9.669,+0.942
1665403020,+3.47,+16.291, +9.681,+0.942
1665403080,+3.47,+16.291, +9.702,+0.941
1665403140,+3.47,+16.274, +9.737,+0.942
1665403200,+3.47,+16.248, +9.735,+0.942
1665403260,+3.47,+16.222, +9.682,+0.942
1665403320,+3.47,+16.222, +9.713,+0.942
1665403380,+3.47,+16.197, +9.717,+0.942
1665403440,+3.47,+16.197, +9.714,+0.941
1665403500,+3.47,+16.188, +9.716,+0.942
1665403560,+3.47,+16.180, +9.723,+0.942
1665403620,+3.47,+16.188, +9.708,+0.942
1665403680,+3.47,+16.180, +9.709,+0.942
1665403740,+3.48,+16.180, +9.690,+0.941
1665403800,+3.48,+16.163, +9.686,+0.942
1665403860,+3.48,+16.163, +9.670,+0.941
1665403920,+3.48,+16.146, +9.679,+0.942
1665403980,+3.48,+16.171, +9.671,+0.942
1665404040,+3.48,+16.137, +9.657,+0.942
1665404100,+3.48,+16.137, +9.646,+0.941
1665404160,+3.48,+16.129, +9.663,+0.942
1665404220,+3.48,+16.103, +9.680,+0.942
1665404280,+3.48,+16.120, +9.676,+0.942
1665404340,+3.48,+16.103, +9.685,+0.942
1665404400,+3.48,+16.120, +9.681,+0.942
1665404460,+3.48,+16.103, +9.700,+0.942
1665404520,+3.48,+16.112, +9.698,+0.942
1665404580,+3.48,+16.112, +9.692,+0.942
1665404640,+3.48,+16.120, +9.697,+0.942
1665404700,+3.47,+16.112, +9.708,+0.942
1665404760,+3.48,+16.112, +9.707,+0.942
1665404820,+3.48,+16.129, +9.689,+0.942
1665404880,+3.48,+16.129, +9.698,+0.942
1665404940,+3.48,+16.120, +9.742,+0.941
1665405000,+3.47,+16.120, +9.723,+0.942
1665405060,+3.48,+16.086, +9.756,+0.942
1665405120,+3.48,+16.103, +9.754,+0.942
1665405180,+3.48,+16.103, +9.756,+0.942
1665405240,+3.48,+16.094, +9.781,+0.942
1665405300,+3.48,+16.112, +9.757,+0.942
1665405360,+3.48,+16.112, +9.751,+0.942
1665405420,+3.48,+16.094, +9.762,+0.942
1665405480,+3.48,+16.094, +9.750,+0.942
1665405540,+3.48,+16.112, +9.722,+0.942
1665405600,+3.48,+16.120, +9.731,+0.941
1665405660,+3.48,+16.103, +9.735,+0.941
1665405720,+3.48,+16.112, +9.728,+0.942
1665405780,+3.48,+16.103, +9.754,+0.942
1665405840,+3.48,+16.120, +9.747,+0.942
1665405900,+3.48,+16.094, +9.824,+0.942
1665405960,+3.48,+16.069, +9.805,+0.942
1665406020,+3.48,+16.086, +9.792,+0.942
1665406080,+3.48,+16.086, +9.798,+0.942
1665406140,+3.48,+16.086, +9.806,+0.942
1665406200,+3.47,+16.069, +9.807,+0.942
1665406260,+3.47,+16.103, +9.806,+0.942
1665406320,+3.47,+16.103, +9.810,+0.942
1665406380,+3.47,+16.077, +9.881,+0.942
1665406440,+3.47,+16.060, +9.938,+0.942
1665406500,+3.47,+16.043, +9.968,+0.942
1665406560,+3.47,+16.060, +9.975,+0.942
1665406620,+3.47,+16.035, +9.965,+0.942
1665406680,+3.47,+16.035, +9.962,+0.942
1665406740,+3.47,+16.018,+10.005,+0.942
1665406800,+3.47,+16.009,+10.040,+0.942
1665406860,+3.47,+16.018,+10.045,+0.942
1665406920,+3.47,+16.018,+10.036,+0.942
1665406980,+3.47,+16.001,+10.037,+0.942
1665407040,+3.47,+15.966,+10.044,+0.942
1665407100,+3.47,+15.975,+10.080,+0.942
1665407160,+3.47,+15.975,+10.093,+0.942
1665407220,+3.47,+15.984,+10.091,+0.942
1665407280,+3.47,+15.949,+10.087,+0.942
1665407340,+3.47,+15.958,+10.076,+0.942
1665407400,+3.47,+15.984,+10.061,+0.942
1665407460,+3.47,+15.984,+10.076,+0.942
1665407520,+3.47,+15.992,+10.069,+0.942
1665407580,+3.47,+15.992,+10.084,+0.942
1665407640,+3.47,+16.001,+10.079,+0.942
1665407700,+3.47,+15.992,+10.104,+0.942
1665407760,+3.47,+16.009,+10.128,+0.942
1665407820,+3.47,+16.001,+10.133,+0.942
1665407880,+3.47,+16.009,+10.139,+0.942
1665407940,+3.47,+16.035,+10.110,+0.942
1665408000,+3.47,+16.009,+10.099,+0.943
1665408060,+3.47,+16.018,+10.047,+0.942
1665408120,+3.47,+16.009,+10.066,+0.942
1665408180,+3.47,+16.018,+10.212,+0.942
1665408240,+3.47,+16.009,+10.195,+0.942
1665408300,+3.47,+15.992,+10.178,+0.942
1665408360,+3.47,+16.001,+10.171,+0.942
1665408420,+3.47,+15.992,+10.180,+0.942
1665408480,+3.47,+16.001,+10.193,+0.942
1665408540,+3.47,+16.001,+10.185,+0.942
1665408600,+3.47,+16.009,+10.178,+0.942
1665408660,+3.47,+16.018,+10.151,+0.942
1665408720,+3.47,+16.009,+10.141,+0.942
1665408780,+3.47,+15.975,+10.145,+0.942
1665408840,+3.48,+15.975,+10.154,+0.942
1665408900,+3.47,+15.975,+10.150,+0.942
1665408960,+3.47,+15.992,+10.138,+0.942
1665409020,+3.47,+16.009,+10.127,+0.942
1665409080,+3.47,+16.001,+10.132,+0.942
1665409140,+3.47,+16.035,+10.144,+0.941
1665409200,+3.47,+16.001,+10.173,+0.942
1665409260,+3.47,+16.018,+10.172,+0.942
1665409320,+3.47,+16.018,+10.161,+0.942
1665409380,+3.47,+16.026,+10.149,+0.942
1665409440,+3.47,+16.043,+10.147,+0.942
1665409500,+3.47,+16.052,+10.124,+0.942
1665409560,+3.47,+16.043,+10.132,+0.942
1665409620,+3.47,+16.052,+10.126,+0.942
1665409680,+3.47,+16.052,+10.127,+0.942
1665409740,+3.47,+16.077,+10.135,+0.942
1665409800,+3.47,+16.086,+10.117,+0.942
1665409860,+3.47,+16.077,+10.121,+0.942
1665409920,+3.47,+16.086,+10.112,+0.942
1665409980,+3.47,+16.086,+10.099,+0.942
1665410040,+3.47,+16.094,+10.089,+0.942
1665410100,+3.47,+16.103,+10.097,+0.943
1665410160,+3.47,+16.094,+10.068,+0.942
1665410220,+3.47,+16.094,+10.073,+0.942
1665410280,+3.47,+16.120,+10.047,+0.942
1665410340,+3.47,+16.103,+10.045,+0.942
1665410400,+3.47,+16.120,+10.027,+0.942
1665410460,+3.47,+16.112,+10.051,+0.942
1665410520,+3.47,+16.120,+10.070,+0.942
1665410580,+3.47,+16.120,+10.061,+0.942
1665410640,+3.47,+16.094,+10.068,+0.942
1665410700,+3.47,+16.103,+10.073,+0.942
1665410760,+3.47,+16.086,+10.096,+0.942
1665410820,+3.47,+16.077,+10.121,+0.942
1665410880,+3.47,+16.069,+10.193,+0.942
1665410940,+3.47,+16.077,+10.240,+0.942
1665411000,+3.47,+16.086,+10.246,+0.942
1665411060,+3.47,+16.094,+10.261,+0.942
1665411120,+3.47,+16.103,+10.242,+0.942
1665411180,+3.47,+16.103,+10.243,+0.942
1665411240,+3.47,+16.120,+10.261,+0.942
1665411300,+3.47,+16.120,+10.255,+0.942
1665411360,+3.47,+16.103,+10.258,+0.942
1665411420,+3.47,+16.129,+10.230,+0.942
1665411480,+3.47,+16.120,+10.244,+0.942
1665411540,+3.47,+16.112,+10.253,+0.942
1665411600,+3.47,+16.112,+10.205,+0.942
1665411660,+3.47,+16.077,+10.149,+0.942
1665411720,+3.47,+16.094,+10.059,+0.942
1665411780,+3.47,+16.094,+10.059,+0.942
1665411840,+3.47,+16.086,+10.066,+0.942
1665411900,+3.47,+16.077,+10.268,+0.942
1665411960,+3.47,+16.077,+10.316,+0.943
1665412020,+3.47,+16.103,+10.365,+0.942
1665412080,+3.47,+16.094,+10.382,+0.942
1665412140,+3.47,+16.094,+10.382,+0.942
1665412200,+3.47,+16.094,+10.402,+0.943
1665412260,+3.47,+16.103,+10.381,+0.942
1665412320,+3.47,+16.077,+10.428,+0.942
1665412380,+3.47,+16.086,+10.435,+0.942
1665412440,+3.47,+16.069,+10.446,+0.942
1665412500,+3.47,+16.069,+10.459,+0.942
1665412560,+3.47,+16.094,+10.439,+0.942
1665412620,+3.47,+16.086,+10.442,+0.942
1665412680,+3.47,+16.069,+10.474,+0.942
1665412740,+3.47,+16.094,+10.464,+0.942
1665412800,+3.47,+16.060,+10.495,+0.942
1665412860,+3.47,+16.060,+10.517,+0.942
1665412920,+3.47,+16.026,+10.538,+0.942
1665412980,+3.47,+16.026,+10.532,+0.942
1665413040,+3.47,+16.018,+10.558,+0.942
1665413100,+3.47,+16.018,+10.555,+0.943
1665413160,+3.47,+16.001,+10.554,+0.942
1665413220,+3.47,+15.992,+10.557,+0.942
1665413280,+3.47,+16.001,+10.553,+0.942
1665413340,+3.47,+15.992,+10.556,+0.943
1665413400,+3.47,+16.009,+10.560,+0.943
1665413460,+3.47,+16.009,+10.562,+0.942
1665413520,+3.47,+15.984,+10.569,+0.942
1665413580,+3.47,+16.018,+10.564,+0.943
1665413640,+3.47,+16.001,+10.576,+0.942
1665413700,+3.47,+15.984,+10.581,+0.943
1665413760,+3.47,+15.992,+10.604,+0.942
1665413820,+3.47,+16.001,+10.631,+0.942
1665413880,+3.47,+15.984,+10.642,+0.942
1665413940,+3.47,+15.984,+10.645,+0.942
1665414000,+3.48,+15.958,+10.654,+0.942
1665414060,+3.48,+15.958,+10.654,+0.943
1665414120,+3.47,+15.958,+10.678,+0.942
1665414180,+3.47,+15.941,+10.694,+0.942
1665414240,+3.47,+15.924,+10.710,+0.942
1665414300,+3.47,+15.941,+10.725,+0.943
1665414360,+3.47,+15.949,+10.702,+0.942
1665414420,+3.48,+15.941,+10.703,+0.942
1665414480,+3.48,+15.966,+10.711,+0.942
1665414540,+3.47,+15.958,+10.711,+0.942
1665414600,+3.47,+15.941,+10.722,+0.943
1665414660,+3.47,+15.958,+10.711,+0.943
1665414720,+3.47,+15.966,+10.722,+0.943
1665414780,+3.47,+15.984,+10.724,+0.943
1665414840,+3.47,+15.984,+10.720,+0.942
1665414900,+3.47,+15.984,+10.719,+0.942
1665414960,+3.47,+16.009,+10.712,+0.943
1665415020,+3.47,+15.992,+10.689,+0.943
1665415080,+3.47,+16.018,+10.613,+0.942
1665415140,+3.47,+16.009,+10.610,+0.942
1665415200,+3.47,+16.018,+10.579,+0.943
1665415260,+3.47,+16.018,+10.606,+0.942
1665415320,+3.47,+16.009,+10.665,+0.943
1665415380,+3.47,+16.026,+10.681,+0.943
1665415440,+3.47,+16.035,+10.693,+0.942
1665415500,+3.47,+16.026,+10.641,+0.943
1665415560,+3.47,+16.043,+10.604,+0.942
1665415620,+3.47,+16.043,+10.622,+0.942
1665415680,+3.47,+16.077,+10.524,+0.943
1665415740,+3.47,+16.112,+10.569,+0.942
1665415800,+3.47,+16.103,+10.627,+0.943
1665415860,+3.47,+16.137,+10.427,+0.942
1665415920,+3.47,+16.214,+10.358,+0.943
1665415980,+3.47,+16.274,+10.306,+0.942
1665416040,+3.47,+16.299,+10.357,+0.943
1665416100,+3.47,+16.325,+10.479,+0.943
1665416160,+3.47,+16.342,+10.693,+0.943
1665416220,+3.47,+16.325,+10.734,+0.942
1665416280,+3.47,+16.325,+10.745,+0.943
1665416340,+3.47,+16.308,+10.705,+0.943
1665416400,+3.47,+16.325,+10.567,+0.942
1665416460,+3.47,+16.342,+10.511,+0.942
1665416520,+3.47,+16.359,+10.408,+0.942
1665416580,+3.47,+16.376,+10.370,+0.942
1665416640,+3.47,+16.393,+10.436,+0.942
1665416700,+3.47,+16.410,+10.486,+0.942
1665416760,+3.47,+16.393,+10.501,+0.942
1665416820,+3.47,+16.384,+10.552,+0.943
1665416880,+3.47,+16.401,+10.519,+0.942
1665416940,+3.47,+16.401,+10.487,+0.943
1665417000,+3.47,+16.418,+10.436,+0.942
1665417060,+3.47,+16.444,+10.414,+0.942
1665417120,+3.47,+16.452,+10.368,+0.942
1665417180,+3.47,+16.461,+10.308,+0.942
1665417240,+3.47,+16.452,+10.356,+0.942
1665417300,+3.47,+16.486,+10.326,+0.942
1665417360,+3.47,+16.478,+10.344,+0.942
1665417420,+3.47,+16.452,+10.476,+0.942
1665417480,+3.47,+16.461,+10.467,+0.942
1665417540,+3.47,+16.452,+10.494,+0.943
1665417600,+3.47,+16.444,+10.445,+0.942
1665417660,+3.47,+16.444,+10.466,+0.942
1665417720,+3.47,+16.435,+10.463,+0.942
1665417780,+3.47,+16.435,+10.496,+0.942
1665417840,+3.47,+16.444,+10.385,+0.942
1665417900,+3.47,+16.444,+10.449,+0.942
1665417960,+3.47,+16.435,+10.453,+0.942
1665418020,+3.47,+16.427,+10.313,+0.942
1665418080,+3.47,+16.435,+10.375,+0.942
1665418140,+3.47,+16.427,+10.460,+0.942
1665418200,+3.47,+16.435,+10.459,+0.943
1665418260,+3.47,+16.435,+10.356,+0.942
1665418320,+3.47,+16.444,+10.396,+0.942
1665418380,+3.47,+16.435,+10.299,+0.942
1665418440,+3.47,+16.427,+10.212,+0.942
1665418500,+3.47,+16.444,+10.178,+0.942
1665418560,+3.47,+16.427,+10.242,+0.942
1665418620,+3.47,+16.444,+10.026,+0.942
1665418680,+3.47,+16.444,+10.061,+0.942
1665418740,+3.47,+16.452,+10.148,+0.942
1665418800,+3.47,+16.452,+10.185,+0.942
1665418860,+3.47,+16.452,+10.153,+0.942
1665418920,+3.47,+16.452,+10.286,+0.942
1665418980,+3.47,+16.452,+10.312,+0.942
1665419040,+3.47,+16.452,+10.218,+0.942
1665419100,+3.47,+16.461,+10.319,+0.942
1665419160,+3.47,+16.478,+10.373,+0.942
1665419220,+3.47,+16.486,+10.337,+0.943
1665419280,+3.47,+16.469,+10.352,+0.943
1665419340,+3.47,+16.495,+10.213,+0.942
1665419400,+3.47,+16.486,+10.178,+0.942
1665419460,+3.47,+16.486,+10.184,+0.942
1665419520,+3.47,+16.495,+10.230,+0.942
1665419580,+3.47,+16.512,+10.269,+0.942
1665419640,+3.47,+16.503,+10.259,+0.942
1665419700,+3.47,+16.495,+10.297,+0.942
1665419760,+3.47,+16.503,+10.343,+0.942
1665419820,+3.47,+16.512,+10.367,+0.942
1665419880,+3.47,+16.520,+10.287,+0.942
1665419940,+3.47,+16.512,+10.197,+0.942
1665420000,+3.47,+16.503,+10.185,+0.942
1665420060,+3.47,+16.520,+10.208,+0.942
1665420120,+3.47,+16.529,+10.205,+0.942
1665420180,+3.47,+16.520,+10.188,+0.943
1665420240,+3.47,+16.529,+10.232,+0.942
1665420300,+3.47,+16.520,+10.246,+0.942
1665420360,+3.47,+16.537,+10.249,+0.942
1665420420,+3.47,+16.520,+10.254,+0.942
1665420480,+3.47,+16.537,+10.147,+0.942
1665420540,+3.47,+16.529,+10.134,+0.942
1665420600,+3.47,+16.512,+10.132,+0.942
