7450-364333
OS REV: 1.05 Sensor Cal: 1644948279
Time (sec),  BV (Volts),  T (deg C),  DO (mg/l),  Q ()
1665161460,+3.47,+17.682,+10.916,+0.943
1665161520,+3.47,+17.682,+10.884,+0.943
1665161580,+3.47,+17.673,+10.925,+0.943
1665161640,+3.47,+17.682,+10.799,+0.943
1665161700,+3.47,+17.682,+10.889,+0.943
1665161760,+3.47,+17.724,+10.581,+0.943
1665161820,+3.47,+17.732,+10.398,+0.943
1665161880,+3.47,+17.741,+10.252,+0.943
1665161940,+3.47,+17.741,+10.291,+0.943
1665162000,+3.47,+17.732,+10.662,+0.944
1665162060,+3.47,+17.758,+10.397,+0.943
1665162120,+3.47,+17.766,+10.658,+0.943
1665162180,+3.47,+17.766,+10.377,+0.943
1665162240,+3.47,+17.783,+10.449,+0.943
1665162300,+3.47,+17.766,+10.468,+0.942
1665162360,+3.47,+17.766,+10.538,+0.943
1665162420,+3.47,+17.808,+10.869,+0.943
1665162480,+3.47,+17.817,+10.922,+0.943
1665162540,+3.47,+17.825,+10.798,+0.944
1665162600,+3.47,+17.834,+10.740,+0.944
1665162660,+3.47,+17.825,+10.501,+0.943
1665162720,+3.47,+17.775,+10.294,+0.943
1665162780,+3.47,+17.758,+10.196,+0.942
1665162840,+3.47,+17.741,+10.208,+0.943
1665162900,+3.47,+17.715,+10.181,+0.943
1665162960,+3.47,+17.699,+10.130,+0.943
1665163020,+3.47,+17.699, +9.995,+0.943
1665163080,+3.47,+17.690,+10.186,+0.943
1665163140,+3.47,+17.699,+10.109,+0.943
1665163200,+3.47,+17.699,+10.142,+0.943
1665163260,+3.47,+17.707,+10.106,+0.943
1665163320,+3.47,+17.775,+10.707,+0.943
1665163380,+3.47,+17.724,+10.056,+0.943
1665163440,+3.47,+17.707, +9.919,+0.943
1665163500,+3.47,+17.699, +9.917,+0.943
1665163560,+3.47,+17.673, +9.927,+0.943
1665163620,+3.47,+17.699,+10.754,+0.943
1665163680,+3.47,+17.682,+10.732,+0.944
1665163740,+3.47,+17.665, +9.928,+0.942
1665163800,+3.47,+17.682,+10.002,+0.942
1665163860,+3.47,+17.673, +9.964,+0.943
1665163920,+3.47,+17.656, +9.862,+0.942
1665163980,+3.47,+17.656, +9.892,+0.943
1665164040,+3.47,+17.673, +9.932,+0.942
1665164100,+3.47,+17.665, +9.888,+0.943
1665164160,+3.47,+17.665,+10.092,+0.943
1665164220,+3.47,+17.682, +9.909,+0.942
1665164280,+3.47,+17.656, +9.910,+0.942
1665164340,+3.47,+17.673,+10.043,+0.943
1665164400,+3.47,+17.715,+10.513,+0.943
1665164460,+3.47,+17.699,+10.029,+0.943
1665164520,+3.47,+17.715,+10.264,+0.943
1665164580,+3.47,+17.699, +9.974,+0.943
1665164640,+3.47,+17.673, +9.947,+0.942
1665164700,+3.47,+17.682, +9.954,+0.943
1665164760,+3.47,+17.699, +9.973,+0.943
1665164820,+3.47,+17.690, +9.894,+0.943
1665164880,+3.47,+17.656,+10.115,+0.943
1665164940,+3.47,+17.682, +9.997,+0.942
1665165000,+3.47,+17.673, +9.942,+0.943
1665165060,+3.47,+17.707,+10.098,+0.943
1665165120,+3.47,+17.690,+10.066,+0.942
1665165180,+3.47,+17.724,+10.358,+0.943
1665165240,+3.47,+17.707,+10.160,+0.942
1665165300,+3.47,+17.699,+10.071,+0.942
1665165360,+3.47,+17.741,+10.018,+0.942
1665165420,+3.47,+17.741,+10.526,+0.943
1665165480,+3.47,+17.724,+10.503,+0.943
1665165540,+3.47,+17.758,+10.469,+0.944
1665165600,+3.47,+17.741,+10.495,+0.943
1665165660,+3.47,+17.724,+10.700,+0.943
1665165720,+3.47,+17.715,+10.583,+0.944
1665165780,+3.47,+17.741,+10.933,+0.944
1665165840,+3.47,+17.758,+10.770,+0.943
1665165900,+3.47,+17.766,+10.508,+0.943
1665165960,+3.47,+17.715,+10.589,+0.943
1665166020,+3.47,+17.741,+11.134,+0.944
1665166080,+3.47,+17.766,+10.997,+0.944
1665166140,+3.47,+17.749,+10.986,+0.944
1665166200,+3.47,+17.732,+10.911,+0.944
1665166260,+3.47,+17.766,+11.255,+0.944
1665166320,+3.47,+17.800,+11.279,+0.944
1665166380,+3.47,+17.766,+11.198,+0.944
1665166440,+3.47,+17.808,+11.173,+0.944
1665166500,+3.47,+17.859,+11.586,+0.945
1665166560,+3.48,+17.935,+11.571,+0.944
1665166620,+3.47,+17.893,+10.944,+0.943
1665166680,+3.47,+17.791,+10.656,+0.943
1665166740,+3.47,+17.749,+10.578,+0.943
1665166800,+3.47,+17.732,+10.690,+0.943
1665166860,+3.47,+17.783,+10.676,+0.944
1665166920,+3.47,+17.732,+10.689,+0.943
1665166980,+3.47,+17.783,+10.930,+0.944
1665167040,+3.47,+17.808,+10.798,+0.943
1665167100,+3.47,+17.758,+10.928,+0.943
1665167160,+3.47,+17.817,+11.170,+0.943
1665167220,+3.47,+17.842,+11.174,+0.944
1665167280,+3.47,+17.893,+11.089,+0.944
1665167340,+3.47,+17.825,+10.864,+0.943
1665167400,+3.47,+17.901,+11.550,+0.944
1665167460,+3.48,+17.926,+11.424,+0.944
1665167520,+3.47,+17.842,+10.843,+0.943
1665167580,+3.47,+17.732,+10.464,+0.942
1665167640,+3.47,+17.724,+10.607,+0.943
1665167700,+3.47,+17.715,+10.592,+0.943
1665167760,+3.47,+17.656,+10.445,+0.943
1665167820,+3.47,+17.606,+10.322,+0.942
1665167880,+3.47,+17.589,+10.464,+0.943
1665167940,+3.47,+17.656,+10.725,+0.944
1665168000,+3.47,+17.749,+11.467,+0.944
1665168060,+3.47,+17.775,+10.833,+0.943
1665168120,+3.47,+17.690,+10.598,+0.943
1665168180,+3.47,+17.682,+10.377,+0.943
1665168240,+3.47,+17.665,+10.455,+0.943
1665168300,+3.47,+17.673,+10.928,+0.944
1665168360,+3.47,+17.673,+10.492,+0.943
1665168420,+3.47,+17.741,+10.850,+0.944
1665168480,+3.47,+17.834,+11.570,+0.944
1665168540,+3.47,+17.876,+11.289,+0.944
1665168600,+3.48,+17.918,+11.507,+0.944
1665168660,+3.48,+17.960,+11.672,+0.944
1665168720,+3.48,+17.952,+11.181,+0.944
1665168780,+3.47,+17.884,+11.283,+0.944
1665168840,+3.47,+17.842,+11.137,+0.944
1665168900,+3.48,+17.918,+11.364,+0.944
1665168960,+3.48,+17.952,+11.180,+0.944
1665169020,+3.48,+17.960,+11.449,+0.944
1665169080,+3.48,+18.011,+11.338,+0.944
1665169140,+3.48,+17.994,+11.021,+0.944
1665169200,+3.48,+17.935,+10.701,+0.943
1665169260,+3.47,+17.825,+10.498,+0.942
1665169320,+3.47,+17.766,+10.561,+0.943
1665169380,+3.47,+17.741,+10.462,+0.943
1665169440,+3.47,+17.724,+10.590,+0.943
1665169500,+3.47,+17.766,+10.613,+0.944
1665169560,+3.47,+17.808,+10.483,+0.944
1665169620,+3.47,+17.851,+10.277,+0.943
1665169680,+3.48,+17.859,+10.256,+0.943
1665169740,+3.47,+17.775,+10.368,+0.943
1665169800,+3.47,+17.758,+10.394,+0.943
1665169860,+3.47,+17.783,+10.368,+0.943
1665169920,+3.47,+17.791,+10.277,+0.943
1665169980,+3.47,+17.690,+10.286,+0.942
1665170040,+3.47,+17.639,+10.269,+0.943
1665170100,+3.47,+17.580,+10.214,+0.943
1665170160,+3.47,+17.538,+10.121,+0.943
1665170220,+3.47,+17.504,+10.038,+0.943
1665170280,+3.48,+17.453, +9.988,+0.943
1665170340,+3.48,+17.445, +9.981,+0.943
1665170400,+3.48,+17.428, +9.915,+0.942
1665170460,+3.48,+17.411, +9.832,+0.942
1665170520,+3.48,+17.377, +9.774,+0.942
1665170580,+3.48,+17.369, +9.747,+0.943
1665170640,+3.48,+17.377, +9.775,+0.942
1665170700,+3.48,+17.377, +9.832,+0.942
1665170760,+3.48,+17.386, +9.837,+0.942
1665170820,+3.48,+17.394, +9.844,+0.943
1665170880,+3.48,+17.386, +9.816,+0.942
1665170940,+3.48,+17.369, +9.767,+0.943
1665171000,+3.48,+17.377, +9.778,+0.943
1665171060,+3.48,+17.403, +9.787,+0.942
1665171120,+3.48,+17.360, +9.714,+0.942
1665171180,+3.48,+17.335, +9.677,+0.942
1665171240,+3.48,+17.310, +9.671,+0.942
1665171300,+3.48,+17.301, +9.681,+0.942
1665171360,+3.48,+17.276, +9.705,+0.942
1665171420,+3.48,+17.250, +9.723,+0.942
1665171480,+3.48,+17.259, +9.736,+0.943
1665171540,+3.48,+17.276, +9.973,+0.943
1665171600,+3.48,+17.420,+10.267,+0.943
1665171660,+3.47,+17.521,+10.284,+0.944
1665171720,+3.47,+17.572,+10.185,+0.942
1665171780,+3.47,+17.487,+10.002,+0.942
1665171840,+3.48,+17.445, +9.850,+0.942
1665171900,+3.48,+17.394, +9.912,+0.943
1665171960,+3.48,+17.428,+10.008,+0.943
1665172020,+3.48,+17.453,+10.440,+0.943
1665172080,+3.48,+17.538,+10.544,+0.943
1665172140,+3.47,+17.597,+10.626,+0.943
1665172200,+3.47,+17.656,+10.792,+0.944
1665172260,+3.47,+17.724,+10.766,+0.943
1665172320,+3.47,+17.775,+10.868,+0.943
1665172380,+3.47,+17.800,+10.898,+0.943
1665172440,+3.47,+17.825,+10.922,+0.944
1665172500,+3.47,+17.834,+11.014,+0.944
1665172560,+3.47,+17.800,+11.080,+0.944
1665172620,+3.47,+17.758,+11.171,+0.944
1665172680,+3.47,+17.749,+11.080,+0.944
1665172740,+3.47,+17.715,+10.810,+0.944
1665172800,+3.47,+17.741,+10.752,+0.944
1665172860,+3.47,+17.741,+10.982,+0.943
1665172920,+3.47,+17.758,+10.820,+0.943
1665172980,+3.47,+17.758,+10.736,+0.943
1665173040,+3.47,+17.766,+10.807,+0.943
1665173100,+3.47,+17.724,+10.873,+0.943
1665173160,+3.47,+17.724,+10.921,+0.943
1665173220,+3.47,+17.775,+10.948,+0.944
1665173280,+3.47,+17.775,+10.959,+0.943
1665173340,+3.47,+17.775,+10.930,+0.944
1665173400,+3.47,+17.749,+10.988,+0.944
1665173460,+3.47,+17.724,+10.932,+0.943
1665173520,+3.47,+17.724,+10.846,+0.943
1665173580,+3.47,+17.741,+10.879,+0.943
1665173640,+3.47,+17.732,+10.890,+0.944
1665173700,+3.47,+17.690,+10.835,+0.943
1665173760,+3.47,+17.690,+10.825,+0.943
1665173820,+3.47,+17.707,+10.576,+0.943
1665173880,+3.47,+17.656,+10.505,+0.943
1665173940,+3.47,+17.622,+10.377,+0.943
1665174000,+3.47,+17.622,+10.322,+0.943
1665174060,+3.47,+17.614,+10.354,+0.943
1665174120,+3.47,+17.622,+10.501,+0.944
1665174180,+3.47,+17.631,+10.520,+0.943
1665174240,+3.47,+17.665,+10.453,+0.943
1665174300,+3.47,+17.673,+10.336,+0.943
1665174360,+3.47,+17.648,+10.316,+0.943
1665174420,+3.47,+17.606,+10.331,+0.943
1665174480,+3.47,+17.614,+10.280,+0.943
1665174540,+3.47,+17.631,+10.279,+0.944
1665174600,+3.47,+17.656,+10.243,+0.943
1665174660,+3.47,+17.673,+10.235,+0.943
1665174720,+3.47,+17.682,+10.213,+0.943
1665174780,+3.47,+17.656,+10.273,+0.943
1665174840,+3.47,+17.639,+10.283,+0.943
1665174900,+3.47,+17.648,+10.245,+0.943
1665174960,+3.47,+17.648,+10.219,+0.943
1665175020,+3.47,+17.631,+10.182,+0.943
1665175080,+3.47,+17.631,+10.150,+0.943
1665175140,+3.47,+17.597,+10.100,+0.942
1665175200,+3.47,+17.580,+10.069,+0.943
1665175260,+3.47,+17.572,+10.056,+0.943
1665175320,+3.47,+17.614,+10.049,+0.943
1665175380,+3.47,+17.589,+10.048,+0.943
1665175440,+3.47,+17.614,+10.080,+0.943
1665175500,+3.47,+17.606,+10.081,+0.943
1665175560,+3.47,+17.614,+10.083,+0.943
1665175620,+3.47,+17.589,+10.090,+0.943
1665175680,+3.47,+17.622,+10.070,+0.943
1665175740,+3.47,+17.606,+10.070,+0.943
1665175800,+3.47,+17.622,+10.092,+0.943
1665175860,+3.47,+17.639,+10.091,+0.943
1665175920,+3.47,+17.606,+10.059,+0.942
1665175980,+3.47,+17.606,+10.085,+0.943
1665176040,+3.47,+17.622,+10.072,+0.942
1665176100,+3.47,+17.622,+10.064,+0.943
1665176160,+3.47,+17.622,+10.065,+0.943
1665176220,+3.47,+17.622,+10.073,+0.943
1665176280,+3.47,+17.648,+10.060,+0.942
1665176340,+3.47,+17.648,+10.122,+0.942
1665176400,+3.47,+17.665,+10.075,+0.942
1665176460,+3.47,+17.648,+10.049,+0.942
1665176520,+3.47,+17.665,+10.036,+0.943
1665176580,+3.47,+17.656,+10.042,+0.944
1665176640,+3.47,+17.656,+10.067,+0.943
1665176700,+3.47,+17.665,+10.094,+0.943
1665176760,+3.47,+17.665,+10.087,+0.943
1665176820,+3.47,+17.682,+10.063,+0.943
1665176880,+3.47,+17.682,+10.084,+0.943
1665176940,+3.47,+17.690,+10.077,+0.943
1665177000,+3.47,+17.690,+10.085,+0.942
1665177060,+3.47,+17.673,+10.077,+0.943
1665177120,+3.47,+17.690,+10.057,+0.942
1665177180,+3.47,+17.673,+10.068,+0.943
1665177240,+3.47,+17.699,+10.027,+0.943
1665177300,+3.47,+17.682,+10.069,+0.943
1665177360,+3.47,+17.707,+10.077,+0.943
1665177420,+3.47,+17.707,+10.106,+0.943
1665177480,+3.47,+17.690,+10.047,+0.942
1665177540,+3.47,+17.707,+10.032,+0.943
1665177600,+3.47,+17.724,+10.025,+0.942
1665177660,+3.47,+17.699,+10.032,+0.942
1665177720,+3.47,+17.724,+10.042,+0.942
1665177780,+3.47,+17.699,+10.054,+0.942
1665177840,+3.47,+17.707,+10.053,+0.943
1665177900,+3.47,+17.707,+10.061,+0.943
1665177960,+3.47,+17.707,+10.044,+0.943
1665178020,+3.47,+17.690,+10.026,+0.943
1665178080,+3.47,+17.682,+10.045,+0.943
1665178140,+3.47,+17.673,+10.045,+0.943
1665178200,+3.47,+17.707,+10.077,+0.943
1665178260,+3.47,+17.690,+10.086,+0.943
1665178320,+3.47,+17.699,+10.066,+0.943
1665178380,+3.47,+17.707,+10.060,+0.943
1665178440,+3.47,+17.690,+10.044,+0.942
1665178500,+3.47,+17.682,+10.045,+0.942
1665178560,+3.47,+17.690,+10.049,+0.943
1665178620,+3.47,+17.699,+10.045,+0.943
1665178680,+3.47,+17.707,+10.110,+0.943
1665178740,+3.47,+17.724,+10.124,+0.942
1665178800,+3.47,+17.732,+10.118,+0.943
1665178860,+3.47,+17.732,+10.117,+0.943
1665178920,+3.47,+17.741,+10.123,+0.943
1665178980,+3.47,+17.741,+10.103,+0.943
1665179040,+3.47,+17.724,+10.087,+0.943
1665179100,+3.47,+17.741,+10.111,+0.943
1665179160,+3.47,+17.724,+10.105,+0.943
1665179220,+3.47,+17.732,+10.085,+0.943
1665179280,+3.47,+17.724,+10.100,+0.943
1665179340,+3.47,+17.724,+10.090,+0.943
1665179400,+3.47,+17.732,+10.096,+0.943
1665179460,+3.47,+17.724,+10.093,+0.943
1665179520,+3.47,+17.715,+10.081,+0.943
1665179580,+3.47,+17.690,+10.056,+0.943
1665179640,+3.47,+17.699,+10.081,+0.943
1665179700,+3.47,+17.715,+10.118,+0.943
1665179760,+3.47,+17.724,+10.105,+0.943
1665179820,+3.47,+17.741,+10.093,+0.943
1665179880,+3.47,+17.741,+10.077,+0.943
1665179940,+3.47,+17.783,+10.062,+0.943
1665180000,+3.47,+17.766,+10.007,+0.942
1665180060,+3.47,+17.758,+10.003,+0.942
1665180120,+3.47,+17.783, +9.997,+0.943
1665180180,+3.47,+17.766, +9.990,+0.943
1665180240,+3.47,+17.775, +9.997,+0.943
1665180300,+3.47,+17.791, +9.986,+0.942
1665180360,+3.47,+17.775, +9.986,+0.943
1665180420,+3.47,+17.800,+10.017,+0.943
1665180480,+3.47,+17.825, +9.972,+0.943
1665180540,+3.47,+17.808, +9.979,+0.943
1665180600,+3.47,+17.791, +9.992,+0.943
1665180660,+3.47,+17.817, +9.981,+0.943
1665180720,+3.47,+17.842, +9.994,+0.942
1665180780,+3.47,+17.817, +9.978,+0.943
1665180840,+3.47,+17.859,+10.073,+0.943
1665180900,+3.48,+17.876,+10.053,+0.943
1665180960,+3.48,+17.910,+10.108,+0.943
1665181020,+3.48,+17.901,+10.032,+0.943
1665181080,+3.48,+17.876, +9.978,+0.943
1665181140,+3.48,+17.876, +9.971,+0.943
1665181200,+3.48,+17.867, +9.984,+0.943
1665181260,+3.48,+17.876, +9.961,+0.942
1665181320,+3.48,+17.851,+10.018,+0.943
1665181380,+3.48,+17.910,+10.001,+0.942
1665181440,+3.48,+17.893,+10.002,+0.943
1665181500,+3.48,+17.884, +9.990,+0.943
1665181560,+3.48,+17.910, +9.992,+0.943
1665181620,+3.48,+17.918,+10.007,+0.943
1665181680,+3.48,+17.910, +9.969,+0.942
1665181740,+3.48,+17.910, +9.958,+0.943
1665181800,+3.48,+17.893, +9.953,+0.943
1665181860,+3.48,+17.901, +9.933,+0.943
1665181920,+3.48,+17.893, +9.933,+0.943
1665181980,+3.48,+17.901, +9.974,+0.943
1665182040,+3.48,+17.893, +9.968,+0.943
1665182100,+3.48,+17.876, +9.953,+0.943
1665182160,+3.48,+17.859, +9.935,+0.943
1665182220,+3.48,+17.859, +9.958,+0.943
1665182280,+3.48,+17.867, +9.934,+0.943
1665182340,+3.47,+17.859, +9.901,+0.943
1665182400,+3.47,+17.851, +9.944,+0.943
1665182460,+3.47,+17.859, +9.920,+0.942
1665182520,+3.47,+17.834, +9.887,+0.942
1665182580,+3.47,+17.808, +9.898,+0.942
1665182640,+3.47,+17.842, +9.941,+0.942
1665182700,+3.47,+17.834, +9.907,+0.942
1665182760,+3.47,+17.808, +9.880,+0.943
1665182820,+3.47,+17.851, +9.952,+0.942
1665182880,+3.47,+17.851, +9.915,+0.942
1665182940,+3.47,+17.842, +9.910,+0.943
1665183000,+3.47,+17.834, +9.972,+0.943
1665183060,+3.47,+17.834, +9.935,+0.942
1665183120,+3.47,+17.842, +9.953,+0.943
1665183180,+3.47,+17.842, +9.951,+0.942
1665183240,+3.47,+17.851, +9.960,+0.943
1665183300,+3.47,+17.859, +9.977,+0.943
1665183360,+3.47,+17.867, +9.977,+0.942
1665183420,+3.48,+17.859, +9.977,+0.943
1665183480,+3.48,+17.842, +9.969,+0.943
1665183540,+3.47,+17.834, +9.920,+0.942
1665183600,+3.47,+17.842, +9.950,+0.943
1665183660,+3.47,+17.825, +9.939,+0.943
1665183720,+3.47,+17.834, +9.919,+0.942
1665183780,+3.47,+17.842, +9.930,+0.943
1665183840,+3.47,+17.834, +9.937,+0.942
1665183900,+3.47,+17.859, +9.945,+0.943
1665183960,+3.47,+17.842, +9.966,+0.943
1665184020,+3.48,+17.867, +9.955,+0.943
1665184080,+3.48,+17.859, +9.955,+0.943
1665184140,+3.48,+17.859, +9.953,+0.942
1665184200,+3.48,+17.884, +9.945,+0.943
1665184260,+3.48,+17.876, +9.934,+0.942
1665184320,+3.48,+17.859, +9.979,+0.943
1665184380,+3.48,+17.893, +9.962,+0.942
1665184440,+3.48,+17.935, +9.970,+0.943
1665184500,+3.48,+17.893, +9.944,+0.942
1665184560,+3.48,+17.910, +9.955,+0.943
1665184620,+3.48,+17.910, +9.932,+0.942
1665184680,+3.48,+17.876, +9.930,+0.942
1665184740,+3.48,+17.884, +9.947,+0.942
1665184800,+3.48,+17.910, +9.945,+0.942
1665184860,+3.48,+17.901, +9.939,+0.943
1665184920,+3.48,+17.893, +9.945,+0.943
1665184980,+3.48,+17.926, +9.950,+0.942
1665185040,+3.48,+17.935, +9.938,+0.942
1665185100,+3.48,+17.969, +9.920,+0.943
1665185160,+3.48,+17.952, +9.914,+0.943
1665185220,+3.48,+17.935, +9.912,+0.943
1665185280,+3.48,+17.926, +9.896,+0.943
1665185340,+3.48,+17.910, +9.883,+0.943
1665185400,+3.48,+17.918, +9.877,+0.943
1665185460,+3.48,+17.926, +9.865,+0.943
1665185520,+3.48,+17.910, +9.859,+0.943
1665185580,+3.48,+17.884, +9.847,+0.942
1665185640,+3.48,+17.884, +9.868,+0.943
1665185700,+3.48,+17.867, +9.869,+0.943
1665185760,+3.48,+17.859, +9.831,+0.942
1665185820,+3.47,+17.859, +9.807,+0.942
1665185880,+3.47,+17.817, +9.800,+0.943
1665185940,+3.47,+17.808, +9.847,+0.943
1665186000,+3.48,+17.867, +9.889,+0.942
1665186060,+3.48,+17.867, +9.887,+0.942
1665186120,+3.48,+17.867, +9.902,+0.943
1665186180,+3.47,+17.867, +9.891,+0.943
1665186240,+3.47,+17.851, +9.946,+0.943
1665186300,+3.48,+17.893, +9.929,+0.942
1665186360,+3.48,+17.893, +9.923,+0.943
1665186420,+3.48,+17.876, +9.923,+0.943
1665186480,+3.48,+17.893, +9.908,+0.942
1665186540,+3.48,+17.901, +9.889,+0.943
1665186600,+3.48,+17.918, +9.862,+0.942
1665186660,+3.48,+17.918, +9.847,+0.943
1665186720,+3.48,+17.918, +9.843,+0.943
1665186780,+3.48,+17.910, +9.829,+0.942
1665186840,+3.48,+17.893, +9.815,+0.942
1665186900,+3.48,+17.901, +9.810,+0.942
1665186960,+3.48,+17.893, +9.784,+0.942
1665187020,+3.48,+17.876, +9.796,+0.942
1665187080,+3.48,+17.910, +9.802,+0.942
1665187140,+3.48,+17.910, +9.801,+0.942
1665187200,+3.48,+17.884, +9.782,+0.943
1665187260,+3.48,+17.901, +9.738,+0.943
1665187320,+3.48,+17.867, +9.740,+0.943
1665187380,+3.47,+17.851, +9.745,+0.942
1665187440,+3.48,+17.867, +9.734,+0.943
1665187500,+3.47,+17.851, +9.726,+0.943
1665187560,+3.47,+17.842, +9.733,+0.942
1665187620,+3.47,+17.842, +9.753,+0.942
1665187680,+3.48,+17.867, +9.745,+0.942
1665187740,+3.48,+17.859, +9.753,+0.943
1665187800,+3.48,+17.859, +9.785,+0.943
1665187860,+3.48,+17.884, +9.753,+0.943
1665187920,+3.48,+17.884, +9.760,+0.943
1665187980,+3.48,+17.893, +9.735,+0.942
1665188040,+3.48,+17.884, +9.728,+0.942
1665188100,+3.48,+17.884, +9.707,+0.942
1665188160,+3.48,+17.867, +9.706,+0.943
1665188220,+3.48,+17.884, +9.711,+0.943
1665188280,+3.48,+17.884, +9.684,+0.942
1665188340,+3.48,+17.893, +9.682,+0.943
1665188400,+3.48,+17.884, +9.676,+0.943
1665188460,+3.48,+17.893, +9.675,+0.943
1665188520,+3.48,+17.893, +9.662,+0.942
1665188580,+3.48,+17.918, +9.641,+0.943
1665188640,+3.48,+17.910, +9.621,+0.942
1665188700,+3.48,+17.901, +9.608,+0.942
1665188760,+3.48,+17.893, +9.592,+0.942
1665188820,+3.48,+17.918, +9.577,+0.942
1665188880,+3.48,+17.884, +9.607,+0.943
1665188940,+3.48,+17.893, +9.593,+0.942
1665189000,+3.48,+17.910, +9.573,+0.942
1665189060,+3.48,+17.901, +9.567,+0.942
1665189120,+3.48,+17.918, +9.567,+0.942
1665189180,+3.48,+17.910, +9.724,+0.943
1665189240,+3.48,+17.910, +9.586,+0.942
1665189300,+3.48,+17.910, +9.570,+0.942
1665189360,+3.48,+17.918, +9.575,+0.942
1665189420,+3.48,+17.901, +9.572,+0.943
1665189480,+3.48,+17.910, +9.546,+0.942
1665189540,+3.48,+17.910, +9.577,+0.942
1665189600,+3.48,+17.901, +9.557,+0.943
1665189660,+3.48,+17.918, +9.666,+0.943
1665189720,+3.48,+17.901, +9.708,+0.942
1665189780,+3.48,+17.901, +9.618,+0.942
1665189840,+3.48,+17.910, +9.647,+0.943
1665189900,+3.48,+17.935, +9.643,+0.942
1665189960,+3.48,+17.918, +9.649,+0.943
1665190020,+3.48,+17.901, +9.683,+0.942
1665190080,+3.48,+17.910, +9.638,+0.942
1665190140,+3.48,+17.910, +9.674,+0.942
1665190200,+3.48,+17.943, +9.676,+0.942
1665190260,+3.48,+17.901, +9.698,+0.943
1665190320,+3.48,+17.910, +9.650,+0.942
1665190380,+3.48,+17.910, +9.646,+0.942
1665190440,+3.48,+17.910, +9.664,+0.942
1665190500,+3.48,+17.901, +9.654,+0.943
1665190560,+3.48,+17.910, +9.645,+0.942
1665190620,+3.48,+17.918, +9.654,+0.943
1665190680,+3.48,+17.884, +9.690,+0.942
1665190740,+3.48,+17.901, +9.681,+0.942
1665190800,+3.48,+17.893, +9.683,+0.943
1665190860,+3.48,+17.884, +9.668,+0.943
1665190920,+3.48,+17.884, +9.674,+0.942
1665190980,+3.48,+17.867, +9.657,+0.942
1665191040,+3.47,+17.834, +9.661,+0.942
1665191100,+3.47,+17.842, +9.670,+0.942
1665191160,+3.47,+17.800, +9.691,+0.943
1665191220,+3.47,+17.783, +9.716,+0.942
1665191280,+3.47,+17.766, +9.697,+0.943
1665191340,+3.47,+17.715, +9.763,+0.942
1665191400,+3.47,+17.707, +9.769,+0.943
1665191460,+3.47,+17.724, +9.743,+0.942
1665191520,+3.48,+17.682, +9.776,+0.943
1665191580,+3.48,+17.648, +9.831,+0.942
1665191640,+3.48,+17.631, +9.825,+0.943
1665191700,+3.47,+17.648, +9.791,+0.942
1665191760,+3.48,+17.606, +9.844,+0.943
1665191820,+3.48,+17.597, +9.827,+0.943
1665191880,+3.48,+17.614, +9.780,+0.942
1665191940,+3.48,+17.606, +9.794,+0.943
1665192000,+3.48,+17.589, +9.788,+0.942
1665192060,+3.48,+17.580, +9.759,+0.943
1665192120,+3.48,+17.597, +9.714,+0.943
1665192180,+3.48,+17.606, +9.674,+0.943
1665192240,+3.48,+17.614, +9.640,+0.942
1665192300,+3.48,+17.614, +9.668,+0.942
1665192360,+3.48,+17.597, +9.658,+0.942
1665192420,+3.48,+17.631, +9.562,+0.942
1665192480,+3.48,+17.639, +9.590,+0.943
1665192540,+3.48,+17.622, +9.621,+0.942
1665192600,+3.47,+17.656, +9.595,+0.943
1665192660,+3.48,+17.639, +9.629,+0.942
1665192720,+3.47,+17.597, +9.680,+0.943
1665192780,+3.47,+17.631, +9.640,+0.943
1665192840,+3.48,+17.631, +9.642,+0.943
1665192900,+3.48,+17.648, +9.618,+0.942
1665192960,+3.48,+17.639, +9.612,+0.942
1665193020,+3.47,+17.648, +9.601,+0.942
1665193080,+3.48,+17.665, +9.611,+0.942
1665193140,+3.47,+17.673, +9.604,+0.943
1665193200,+3.48,+17.699, +9.565,+0.942
1665193260,+3.47,+17.715, +9.559,+0.942
1665193320,+3.47,+17.707, +9.561,+0.943
1665193380,+3.47,+17.707, +9.535,+0.942
1665193440,+3.48,+17.699, +9.562,+0.943
1665193500,+3.48,+17.715, +9.543,+0.942
1665193560,+3.47,+17.715, +9.530,+0.942
1665193620,+3.47,+17.699, +9.521,+0.942
1665193680,+3.47,+17.707, +9.520,+0.943
1665193740,+3.47,+17.724, +9.490,+0.942
1665193800,+3.47,+17.715, +9.467,+0.942
1665193860,+3.47,+17.715, +9.463,+0.942
1665193920,+3.47,+17.690, +9.580,+0.942
1665193980,+3.48,+17.648, +9.653,+0.942
1665194040,+3.48,+17.614, +9.705,+0.942
1665194100,+3.48,+17.580, +9.731,+0.942
1665194160,+3.48,+17.563, +9.748,+0.943
1665194220,+3.48,+17.563, +9.725,+0.943
1665194280,+3.48,+17.546, +9.740,+0.942
1665194340,+3.48,+17.572, +9.697,+0.942
1665194400,+3.48,+17.538, +9.737,+0.943
1665194460,+3.48,+17.546, +9.721,+0.943
1665194520,+3.48,+17.555, +9.680,+0.942
1665194580,+3.48,+17.563, +9.692,+0.943
1665194640,+3.48,+17.563, +9.695,+0.942
1665194700,+3.48,+17.538, +9.772,+0.942
1665194760,+3.48,+17.546, +9.683,+0.943
1665194820,+3.48,+17.572, +9.620,+0.942
1665194880,+3.48,+17.606, +9.590,+0.942
1665194940,+3.48,+17.597, +9.612,+0.943
1665195000,+3.48,+17.606, +9.569,+0.942
1665195060,+3.48,+17.648, +9.577,+0.943
1665195120,+3.48,+17.614, +9.571,+0.942
1665195180,+3.48,+17.622, +9.545,+0.942
1665195240,+3.48,+17.639, +9.566,+0.942
1665195300,+3.48,+17.622, +9.564,+0.942
1665195360,+3.48,+17.589, +9.637,+0.942
1665195420,+3.48,+17.597, +9.608,+0.942
1665195480,+3.48,+17.614, +9.585,+0.942
1665195540,+3.48,+17.622, +9.551,+0.942
1665195600,+3.48,+17.631, +9.516,+0.943
1665195660,+3.47,+17.648, +9.461,+0.943
1665195720,+3.48,+17.639, +9.432,+0.942
1665195780,+3.48,+17.622, +9.427,+0.942
1665195840,+3.48,+17.622, +9.467,+0.942
1665195900,+3.48,+17.606, +9.499,+0.942
1665195960,+3.48,+17.555, +9.649,+0.943
1665196020,+3.48,+17.555, +9.654,+0.942
1665196080,+3.48,+17.529, +9.584,+0.942
1665196140,+3.48,+17.546, +9.588,+0.942
1665196200,+3.48,+17.572, +9.553,+0.942
1665196260,+3.48,+17.597, +9.519,+0.942
1665196320,+3.48,+17.572, +9.574,+0.942
1665196380,+3.48,+17.580, +9.511,+0.942
1665196440,+3.48,+17.580, +9.465,+0.942
1665196500,+3.48,+17.589, +9.474,+0.942
1665196560,+3.48,+17.589, +9.477,+0.942
1665196620,+3.48,+17.580, +9.479,+0.942
1665196680,+3.48,+17.614, +9.410,+0.942
1665196740,+3.48,+17.639, +9.362,+0.942
1665196800,+3.48,+17.656, +9.340,+0.942
1665196860,+3.47,+17.665, +9.326,+0.942
1665196920,+3.47,+17.699, +9.304,+0.942
1665196980,+3.47,+17.690, +9.304,+0.942
1665197040,+3.47,+17.699, +9.292,+0.942
1665197100,+3.47,+17.699, +9.301,+0.942
1665197160,+3.47,+17.715, +9.287,+0.942
1665197220,+3.47,+17.707, +9.296,+0.942
1665197280,+3.47,+17.724, +9.282,+0.942
1665197340,+3.47,+17.724, +9.245,+0.942
1665197400,+3.47,+17.715, +9.226,+0.942
1665197460,+3.48,+17.715, +9.210,+0.942
1665197520,+3.47,+17.707, +9.196,+0.942
1665197580,+3.48,+17.682, +9.273,+0.942
1665197640,+3.48,+17.648, +9.315,+0.942
1665197700,+3.48,+17.631, +9.307,+0.942
1665197760,+3.48,+17.606, +9.441,+0.943
1665197820,+3.48,+17.606, +9.443,+0.942
1665197880,+3.48,+17.589, +9.533,+0.942
1665197940,+3.48,+17.580, +9.477,+0.942
1665198000,+3.48,+17.580, +9.522,+0.942
1665198060,+3.48,+17.589, +9.495,+0.942
1665198120,+3.48,+17.580, +9.461,+0.942
1665198180,+3.48,+17.622, +9.423,+0.942
1665198240,+3.48,+17.622, +9.441,+0.943
1665198300,+3.48,+17.614, +9.418,+0.942
1665198360,+3.48,+17.622, +9.425,+0.942
1665198420,+3.48,+17.665, +9.419,+0.942
1665198480,+3.47,+17.665, +9.397,+0.942
1665198540,+3.47,+17.673, +9.404,+0.942
1665198600,+3.47,+17.656, +9.395,+0.942
1665198660,+3.48,+17.665, +9.388,+0.942
1665198720,+3.47,+17.690, +9.378,+0.942
1665198780,+3.47,+17.665, +9.401,+0.942
1665198840,+3.47,+17.665, +9.340,+0.942
1665198900,+3.48,+17.648, +9.322,+0.942
1665198960,+3.48,+17.631, +9.317,+0.942
1665199020,+3.48,+17.631, +9.313,+0.942
1665199080,+3.48,+17.665, +9.253,+0.942
1665199140,+3.47,+17.673, +9.250,+0.942
1665199200,+3.47,+17.673, +9.224,+0.942
1665199260,+3.47,+17.682, +9.291,+0.942
1665199320,+3.47,+17.656, +9.311,+0.942
1665199380,+3.48,+17.614, +9.388,+0.942
1665199440,+3.48,+17.597, +9.443,+0.942
1665199500,+3.48,+17.555, +9.511,+0.942
1665199560,+3.48,+17.538, +9.489,+0.942
1665199620,+3.48,+17.572, +9.422,+0.942
1665199680,+3.48,+17.563, +9.416,+0.942
1665199740,+3.48,+17.555, +9.400,+0.942
1665199800,+3.48,+17.580, +9.369,+0.942
1665199860,+3.48,+17.555, +9.386,+0.942
1665199920,+3.48,+17.555, +9.444,+0.941
1665199980,+3.48,+17.538, +9.486,+0.942
1665200040,+3.48,+17.529, +9.486,+0.942
1665200100,+3.48,+17.563, +9.400,+0.942
1665200160,+3.48,+17.538, +9.405,+0.942
1665200220,+3.48,+17.572, +9.365,+0.942
1665200280,+3.48,+17.580, +9.328,+0.942
1665200340,+3.48,+17.589, +9.303,+0.942
1665200400,+3.48,+17.614, +9.278,+0.942
1665200460,+3.48,+17.606, +9.265,+0.942
1665200520,+3.47,+17.622, +9.255,+0.942
1665200580,+3.48,+17.631, +9.238,+0.942
1665200640,+3.48,+17.631, +9.301,+0.942
1665200700,+3.48,+17.614, +9.307,+0.942
1665200760,+3.48,+17.631, +9.275,+0.942
1665200820,+3.48,+17.614, +9.319,+0.942
1665200880,+3.48,+17.631, +9.316,+0.942
1665200940,+3.47,+17.648, +9.298,+0.942
1665201000,+3.48,+17.639, +9.288,+0.942
1665201060,+3.48,+17.639, +9.309,+0.942
1665201120,+3.47,+17.648, +9.293,+0.942
1665201180,+3.47,+17.639, +9.316,+0.942
1665201240,+3.48,+17.639, +9.298,+0.942
1665201300,+3.47,+17.631, +9.289,+0.942
1665201360,+3.47,+17.648, +9.256,+0.942
1665201420,+3.47,+17.631, +9.279,+0.943
1665201480,+3.48,+17.639, +9.264,+0.942
1665201540,+3.48,+17.631, +9.261,+0.942
1665201600,+3.48,+17.606, +9.258,+0.941
1665201660,+3.48,+17.606, +9.270,+0.942
1665201720,+3.48,+17.563, +9.311,+0.942
1665201780,+3.48,+17.589, +9.292,+0.942
1665201840,+3.48,+17.614, +9.269,+0.941
1665201900,+3.48,+17.614, +9.294,+0.942
1665201960,+3.48,+17.648, +9.291,+0.942
1665202020,+3.48,+17.639, +9.314,+0.942
1665202080,+3.47,+17.665, +9.318,+0.942
1665202140,+3.47,+17.665, +9.300,+0.942
1665202200,+3.47,+17.682, +9.293,+0.942
1665202260,+3.47,+17.699, +9.273,+0.942
1665202320,+3.48,+17.673, +9.301,+0.943
1665202380,+3.48,+17.673, +9.295,+0.942
1665202440,+3.47,+17.690, +9.299,+0.942
1665202500,+3.47,+17.673, +9.308,+0.942
1665202560,+3.47,+17.690, +9.278,+0.942
1665202620,+3.47,+17.673, +9.255,+0.942
1665202680,+3.48,+17.673, +9.283,+0.942
1665202740,+3.47,+17.682, +9.266,+0.942
1665202800,+3.47,+17.682, +9.280,+0.942
1665202860,+3.47,+17.682, +9.227,+0.942
1665202920,+3.47,+17.673, +9.252,+0.942
1665202980,+3.47,+17.682, +9.262,+0.942
1665203040,+3.47,+17.690, +9.270,+0.942
1665203100,+3.47,+17.673, +9.263,+0.942
1665203160,+3.47,+17.690, +9.247,+0.942
1665203220,+3.48,+17.656, +9.276,+0.942
1665203280,+3.47,+17.656, +9.277,+0.942
1665203340,+3.47,+17.665, +9.292,+0.942
1665203400,+3.47,+17.682, +9.299,+0.942
1665203460,+3.47,+17.682, +9.328,+0.942
1665203520,+3.47,+17.699, +9.384,+0.942
1665203580,+3.47,+17.715, +9.423,+0.942
1665203640,+3.47,+17.715, +9.409,+0.942
1665203700,+3.48,+17.699, +9.387,+0.943
1665203760,+3.47,+17.699, +9.373,+0.942
1665203820,+3.47,+17.707, +9.414,+0.942
1665203880,+3.47,+17.699, +9.397,+0.942
1665203940,+3.47,+17.707, +9.388,+0.942
1665204000,+3.47,+17.715, +9.421,+0.942
1665204060,+3.47,+17.707, +9.406,+0.942
1665204120,+3.47,+17.707, +9.418,+0.942
1665204180,+3.47,+17.707, +9.424,+0.942
1665204240,+3.47,+17.707, +9.397,+0.942
1665204300,+3.47,+17.715, +9.359,+0.942
1665204360,+3.47,+17.707, +9.410,+0.942
1665204420,+3.47,+17.707, +9.416,+0.942
1665204480,+3.47,+17.715, +9.400,+0.942
1665204540,+3.47,+17.715, +9.405,+0.942
1665204600,+3.47,+17.724, +9.408,+0.942
1665204660,+3.47,+17.724, +9.420,+0.942
1665204720,+3.47,+17.707, +9.447,+0.942
1665204780,+3.48,+17.724, +9.438,+0.942
1665204840,+3.47,+17.715, +9.431,+0.942
1665204900,+3.47,+17.732, +9.421,+0.942
1665204960,+3.47,+17.732, +9.423,+0.942
1665205020,+3.47,+17.732, +9.423,+0.942
1665205080,+3.47,+17.741, +9.409,+0.942
1665205140,+3.47,+17.724, +9.378,+0.942
1665205200,+3.47,+17.732, +9.355,+0.942
1665205260,+3.47,+17.707, +9.349,+0.942
1665205320,+3.48,+17.699, +9.363,+0.942
1665205380,+3.48,+17.682, +9.401,+0.942
1665205440,+3.47,+17.682, +9.438,+0.942
1665205500,+3.47,+17.699, +9.472,+0.942
1665205560,+3.47,+17.715, +9.451,+0.942
1665205620,+3.47,+17.690, +9.437,+0.942
1665205680,+3.47,+17.682, +9.486,+0.942
1665205740,+3.47,+17.682, +9.502,+0.942
1665205800,+3.47,+17.690, +9.508,+0.942
1665205860,+3.47,+17.682, +9.536,+0.942
1665205920,+3.47,+17.690, +9.501,+0.942
1665205980,+3.47,+17.690, +9.474,+0.942
1665206040,+3.47,+17.699, +9.432,+0.942
1665206100,+3.47,+17.699, +9.440,+0.942
1665206160,+3.48,+17.699, +9.430,+0.942
1665206220,+3.47,+17.699, +9.401,+0.942
1665206280,+3.48,+17.707, +9.368,+0.942
1665206340,+3.47,+17.715, +9.348,+0.942
1665206400,+3.47,+17.715, +9.344,+0.942
1665206460,+3.47,+17.715, +9.321,+0.942
1665206520,+3.48,+17.724, +9.325,+0.942
1665206580,+3.47,+17.699, +9.322,+0.942
1665206640,+3.47,+17.724, +9.284,+0.942
1665206700,+3.48,+17.724, +9.303,+0.942
1665206760,+3.47,+17.699, +9.312,+0.942
1665206820,+3.47,+17.707, +9.246,+0.942
1665206880,+3.47,+17.699, +9.283,+0.942
1665206940,+3.47,+17.699, +9.280,+0.942
1665207000,+3.47,+17.699, +9.301,+0.942
1665207060,+3.48,+17.690, +9.298,+0.941
1665207120,+3.47,+17.690, +9.320,+0.943
1665207180,+3.48,+17.690, +9.273,+0.942
1665207240,+3.47,+17.690, +9.257,+0.942
1665207300,+3.48,+17.699, +9.226,+0.942
1665207360,+3.47,+17.707, +9.193,+0.942
1665207420,+3.47,+17.699, +9.238,+0.942
1665207480,+3.47,+17.699, +9.268,+0.942
1665207540,+3.48,+17.690, +9.350,+0.942
1665207600,+3.47,+17.699, +9.314,+0.942
1665207660,+3.47,+17.699, +9.435,+0.942
1665207720,+3.47,+17.707, +9.331,+0.942
1665207780,+3.47,+17.707, +9.208,+0.942
1665207840,+3.47,+17.732, +9.297,+0.942
1665207900,+3.47,+17.749, +9.357,+0.942
1665207960,+3.47,+17.749, +9.365,+0.942
1665208020,+3.47,+17.749, +9.390,+0.942
1665208080,+3.47,+17.715, +9.346,+0.942
1665208140,+3.47,+17.732, +9.393,+0.942
1665208200,+3.47,+17.732, +9.297,+0.942
1665208260,+3.47,+17.699, +9.388,+0.942
1665208320,+3.47,+17.707, +9.308,+0.942
1665208380,+3.47,+17.715, +9.290,+0.942
1665208440,+3.47,+17.724, +9.332,+0.942
1665208500,+3.47,+17.724, +9.247,+0.942
1665208560,+3.47,+17.766, +9.325,+0.942
1665208620,+3.47,+17.724, +9.430,+0.942
1665208680,+3.47,+17.732, +9.372,+0.942
1665208740,+3.47,+17.749, +9.322,+0.942
1665208800,+3.47,+17.707, +9.394,+0.942
1665208860,+3.47,+17.699, +9.327,+0.942
1665208920,+3.48,+17.690, +9.408,+0.942
1665208980,+3.47,+17.682, +9.403,+0.942
1665209040,+3.47,+17.673, +9.355,+0.942
1665209100,+3.48,+17.648, +9.470,+0.942
1665209160,+3.48,+17.665, +9.519,+0.942
1665209220,+3.48,+17.665, +9.526,+0.942
1665209280,+3.48,+17.656, +9.526,+0.942
1665209340,+3.48,+17.648, +9.489,+0.942
1665209400,+3.48,+17.648, +9.504,+0.942
1665209460,+3.48,+17.639, +9.492,+0.942
1665209520,+3.48,+17.631, +9.494,+0.942
1665209580,+3.48,+17.622, +9.493,+0.942
1665209640,+3.48,+17.614, +9.479,+0.942
1665209700,+3.48,+17.622, +9.477,+0.942
1665209760,+3.48,+17.606, +9.504,+0.942
1665209820,+3.48,+17.622, +9.493,+0.942
1665209880,+3.48,+17.614, +9.478,+0.942
1665209940,+3.48,+17.614, +9.481,+0.942
1665210000,+3.48,+17.622, +9.477,+0.942
1665210060,+3.48,+17.597, +9.507,+0.942
1665210120,+3.48,+17.589, +9.521,+0.942
1665210180,+3.48,+17.589, +9.546,+0.942
1665210240,+3.48,+17.597, +9.538,+0.942
1665210300,+3.48,+17.572, +9.559,+0.943
1665210360,+3.48,+17.572, +9.551,+0.943
1665210420,+3.48,+17.597, +9.554,+0.942
1665210480,+3.48,+17.589, +9.556,+0.942
1665210540,+3.48,+17.614, +9.540,+0.942
1665210600,+3.48,+17.614, +9.503,+0.942
1665210660,+3.48,+17.606, +9.521,+0.942
1665210720,+3.48,+17.622, +9.490,+0.942
1665210780,+3.48,+17.606, +9.495,+0.942
1665210840,+3.48,+17.606, +9.493,+0.942
1665210900,+3.48,+17.589, +9.482,+0.942
1665210960,+3.48,+17.597, +9.497,+0.942
1665211020,+3.48,+17.606, +9.454,+0.942
1665211080,+3.48,+17.597, +9.453,+0.942
1665211140,+3.48,+17.580, +9.433,+0.942
1665211200,+3.48,+17.572, +9.458,+0.942
1665211260,+3.48,+17.555, +9.478,+0.942
1665211320,+3.48,+17.563, +9.441,+0.942
1665211380,+3.48,+17.589, +9.423,+0.941
1665211440,+3.48,+17.546, +9.431,+0.942
1665211500,+3.48,+17.538, +9.453,+0.942
1665211560,+3.48,+17.546, +9.454,+0.942
1665211620,+3.48,+17.563, +9.466,+0.942
1665211680,+3.48,+17.546, +9.472,+0.942
1665211740,+3.48,+17.555, +9.460,+0.942
1665211800,+3.48,+17.555, +9.449,+0.942
1665211860,+3.48,+17.546, +9.415,+0.942
1665211920,+3.48,+17.538, +9.430,+0.942
1665211980,+3.48,+17.546, +9.397,+0.942
1665212040,+3.48,+17.521, +9.407,+0.942
1665212100,+3.48,+17.529, +9.415,+0.942
1665212160,+3.48,+17.521, +9.387,+0.942
1665212220,+3.48,+17.529, +9.368,+0.942
1665212280,+3.48,+17.504, +9.395,+0.942
1665212340,+3.48,+17.513, +9.391,+0.942
1665212400,+3.48,+17.521, +9.362,+0.942
1665212460,+3.48,+17.496, +9.368,+0.942
1665212520,+3.48,+17.504, +9.337,+0.942
1665212580,+3.48,+17.496, +9.330,+0.942
1665212640,+3.48,+17.521, +9.332,+0.942
1665212700,+3.48,+17.513, +9.300,+0.942
1665212760,+3.48,+17.504, +9.312,+0.942
1665212820,+3.48,+17.496, +9.305,+0.942
1665212880,+3.48,+17.513, +9.282,+0.942
1665212940,+3.48,+17.538, +9.285,+0.942
1665213000,+3.48,+17.529, +9.295,+0.942
1665213060,+3.48,+17.529, +9.271,+0.942
1665213120,+3.48,+17.521, +9.260,+0.942
1665213180,+3.48,+17.521, +9.254,+0.942
1665213240,+3.48,+17.529, +9.247,+0.942
1665213300,+3.48,+17.513, +9.238,+0.941
1665213360,+3.48,+17.496, +9.258,+0.942
1665213420,+3.48,+17.504, +9.251,+0.942
1665213480,+3.48,+17.496, +9.240,+0.942
1665213540,+3.48,+17.513, +9.220,+0.942
1665213600,+3.48,+17.504, +9.209,+0.942
1665213660,+3.48,+17.513, +9.200,+0.942
1665213720,+3.48,+17.504, +9.201,+0.942
1665213780,+3.48,+17.496, +9.182,+0.942
1665213840,+3.48,+17.504, +9.163,+0.942
1665213900,+3.48,+17.504, +9.172,+0.942
1665213960,+3.48,+17.504, +9.186,+0.942
1665214020,+3.48,+17.487, +9.179,+0.941
1665214080,+3.48,+17.496, +9.167,+0.942
1665214140,+3.48,+17.487, +9.171,+0.942
1665214200,+3.48,+17.470, +9.171,+0.942
1665214260,+3.48,+17.496, +9.155,+0.942
1665214320,+3.48,+17.496, +9.148,+0.941
1665214380,+3.48,+17.496, +9.166,+0.942
1665214440,+3.48,+17.487, +9.174,+0.942
1665214500,+3.48,+17.496, +9.162,+0.942
1665214560,+3.48,+17.487, +9.171,+0.942
1665214620,+3.48,+17.487, +9.159,+0.942
1665214680,+3.48,+17.479, +9.160,+0.942
1665214740,+3.48,+17.479, +9.144,+0.942
1665214800,+3.48,+17.470, +9.154,+0.942
1665214860,+3.48,+17.453, +9.168,+0.942
1665214920,+3.48,+17.453, +9.176,+0.942
1665214980,+3.48,+17.470, +9.153,+0.942
1665215040,+3.48,+17.445, +9.145,+0.942
1665215100,+3.48,+17.479, +9.083,+0.942
1665215160,+3.48,+17.479, +9.095,+0.942
1665215220,+3.48,+17.479, +9.130,+0.942
1665215280,+3.48,+17.479, +9.109,+0.942
1665215340,+3.48,+17.555, +9.009,+0.942
1665215400,+3.48,+17.563, +8.983,+0.942
1665215460,+3.48,+17.589, +8.977,+0.942
1665215520,+3.48,+17.572, +8.984,+0.941
1665215580,+3.48,+17.563, +9.003,+0.942
1665215640,+3.48,+17.572, +9.004,+0.942
1665215700,+3.48,+17.580, +8.969,+0.942
1665215760,+3.48,+17.572, +8.962,+0.941
1665215820,+3.48,+17.580, +8.984,+0.942
1665215880,+3.48,+17.580, +8.973,+0.942
1665215940,+3.48,+17.580, +8.989,+0.942
1665216000,+3.48,+17.606, +8.942,+0.942
1665216060,+3.48,+17.622, +8.921,+0.942
1665216120,+3.48,+17.631, +8.895,+0.942
1665216180,+3.48,+17.631, +8.910,+0.942
1665216240,+3.48,+17.622, +8.909,+0.942
1665216300,+3.48,+17.614, +8.921,+0.941
1665216360,+3.47,+17.639, +8.943,+0.942
1665216420,+3.48,+17.631, +8.936,+0.942
1665216480,+3.47,+17.639, +8.919,+0.941
1665216540,+3.47,+17.631, +8.950,+0.942
1665216600,+3.47,+17.622, +8.973,+0.942
1665216660,+3.48,+17.614, +8.949,+0.942
1665216720,+3.47,+17.622, +8.983,+0.942
1665216780,+3.48,+17.614, +9.019,+0.942
1665216840,+3.48,+17.597, +9.070,+0.942
1665216900,+3.47,+17.614, +9.087,+0.942
1665216960,+3.48,+17.606, +9.082,+0.942
1665217020,+3.48,+17.606, +9.101,+0.942
1665217080,+3.47,+17.606, +9.114,+0.942
1665217140,+3.48,+17.597, +9.131,+0.942
1665217200,+3.48,+17.606, +9.145,+0.942
1665217260,+3.48,+17.597, +9.163,+0.942
1665217320,+3.48,+17.606, +9.187,+0.942
1665217380,+3.48,+17.597, +9.158,+0.942
1665217440,+3.48,+17.589, +9.176,+0.942
1665217500,+3.47,+17.563, +9.187,+0.942
1665217560,+3.48,+17.563, +9.193,+0.942
1665217620,+3.48,+17.580, +9.203,+0.942
1665217680,+3.48,+17.572, +9.220,+0.942
1665217740,+3.48,+17.572, +9.238,+0.942
1665217800,+3.48,+17.580, +9.228,+0.942
1665217860,+3.48,+17.555, +9.219,+0.942
1665217920,+3.48,+17.563, +9.212,+0.942
1665217980,+3.48,+17.580, +9.224,+0.942
1665218040,+3.48,+17.563, +9.225,+0.942
1665218100,+3.48,+17.563, +9.224,+0.942
1665218160,+3.48,+17.580, +9.214,+0.942
1665218220,+3.48,+17.546, +9.218,+0.942
1665218280,+3.48,+17.555, +9.224,+0.942
1665218340,+3.48,+17.521, +9.227,+0.942
1665218400,+3.48,+17.555, +9.261,+0.942
1665218460,+3.48,+17.546, +9.274,+0.942
1665218520,+3.48,+17.538, +9.260,+0.942
1665218580,+3.48,+17.529, +9.288,+0.942
1665218640,+3.48,+17.529, +9.307,+0.942
1665218700,+3.48,+17.538, +9.321,+0.942
1665218760,+3.48,+17.538, +9.300,+0.942
1665218820,+3.48,+17.546, +9.298,+0.942
1665218880,+3.48,+17.529, +9.306,+0.942
1665218940,+3.48,+17.529, +9.277,+0.942
1665219000,+3.48,+17.529, +9.260,+0.942
1665219060,+3.48,+17.529, +9.285,+0.942
1665219120,+3.48,+17.538, +9.293,+0.942
1665219180,+3.48,+17.521, +9.277,+0.942
1665219240,+3.48,+17.521, +9.263,+0.942
1665219300,+3.48,+17.513, +9.270,+0.942
1665219360,+3.48,+17.504, +9.242,+0.942
1665219420,+3.48,+17.487, +9.222,+0.942
1665219480,+3.48,+17.513, +9.210,+0.942
1665219540,+3.48,+17.521, +9.195,+0.941
1665219600,+3.48,+17.487, +9.211,+0.942
1665219660,+3.48,+17.504, +9.113,+0.942
1665219720,+3.48,+17.504, +9.220,+0.942
1665219780,+3.48,+17.487, +9.264,+0.942
1665219840,+3.48,+17.496, +9.322,+0.942
1665219900,+3.48,+17.513, +9.316,+0.942
1665219960,+3.48,+17.529, +9.321,+0.942
1665220020,+3.48,+17.529, +9.300,+0.942
1665220080,+3.48,+17.546, +9.290,+0.942
1665220140,+3.48,+17.538, +9.283,+0.942
1665220200,+3.48,+17.589, +9.255,+0.942
1665220260,+3.48,+17.580, +9.253,+0.942
1665220320,+3.47,+17.597, +9.241,+0.942
1665220380,+3.48,+17.580, +9.240,+0.942
1665220440,+3.47,+17.580, +9.254,+0.942
1665220500,+3.48,+17.580, +9.235,+0.942
1665220560,+3.48,+17.580, +9.238,+0.942
1665220620,+3.48,+17.589, +9.229,+0.942
1665220680,+3.47,+17.606, +9.225,+0.942
1665220740,+3.48,+17.563, +9.229,+0.942
1665220800,+3.48,+17.563, +9.222,+0.942
1665220860,+3.48,+17.572, +9.208,+0.942
1665220920,+3.48,+17.546, +9.163,+0.942
1665220980,+3.48,+17.555, +9.155,+0.941
1665221040,+3.48,+17.555, +9.177,+0.942
1665221100,+3.48,+17.563, +9.150,+0.942
1665221160,+3.48,+17.572, +9.149,+0.942
1665221220,+3.48,+17.572, +9.168,+0.942
1665221280,+3.48,+17.589, +9.175,+0.942
1665221340,+3.48,+17.563, +9.168,+0.942
1665221400,+3.48,+17.563, +9.179,+0.942
1665221460,+3.48,+17.546, +9.128,+0.942
1665221520,+3.48,+17.555, +9.149,+0.942
1665221580,+3.48,+17.538, +9.151,+0.942
1665221640,+3.48,+17.546, +9.131,+0.942
1665221700,+3.48,+17.546, +9.112,+0.942
1665221760,+3.48,+17.546, +9.096,+0.942
1665221820,+3.48,+17.538, +9.121,+0.942
1665221880,+3.48,+17.555, +9.098,+0.942
1665221940,+3.48,+17.572, +9.076,+0.942
1665222000,+3.48,+17.546, +9.097,+0.942
1665222060,+3.48,+17.563, +9.129,+0.942
1665222120,+3.48,+17.555, +9.111,+0.942
1665222180,+3.48,+17.572, +9.160,+0.942
1665222240,+3.48,+17.572, +9.158,+0.942
1665222300,+3.48,+17.563, +9.169,+0.942
1665222360,+3.48,+17.572, +9.180,+0.942
1665222420,+3.48,+17.589, +9.213,+0.942
1665222480,+3.48,+17.580, +9.243,+0.942
1665222540,+3.47,+17.597, +9.251,+0.942
1665222600,+3.48,+17.580, +9.261,+0.942
1665222660,+3.48,+17.589, +9.253,+0.941
1665222720,+3.48,+17.572, +9.287,+0.942
1665222780,+3.48,+17.572, +9.262,+0.942
1665222840,+3.48,+17.529, +9.271,+0.942
1665222900,+3.48,+17.529, +9.278,+0.942
1665222960,+3.48,+17.538, +9.291,+0.942
1665223020,+3.48,+17.529, +9.287,+0.942
1665223080,+3.48,+17.529, +9.267,+0.942
1665223140,+3.48,+17.504, +9.272,+0.942
1665223200,+3.48,+17.453, +9.284,+0.942
1665223260,+3.48,+17.470, +9.270,+0.942
1665223320,+3.48,+17.428, +9.289,+0.942
1665223380,+3.48,+17.436, +9.274,+0.942
1665223440,+3.48,+17.403, +9.252,+0.942
1665223500,+3.48,+17.411, +9.299,+0.942
1665223560,+3.48,+17.453, +9.300,+0.942
1665223620,+3.48,+17.479, +9.274,+0.942
1665223680,+3.48,+17.479, +9.270,+0.942
1665223740,+3.48,+17.504, +9.291,+0.942
1665223800,+3.48,+17.479, +9.325,+0.942
1665223860,+3.48,+17.470, +9.309,+0.942
1665223920,+3.48,+17.479, +9.315,+0.942
1665223980,+3.48,+17.479, +9.332,+0.942
1665224040,+3.48,+17.496, +9.356,+0.942
1665224100,+3.48,+17.470, +9.367,+0.942
1665224160,+3.48,+17.496, +9.376,+0.942
1665224220,+3.48,+17.513, +9.365,+0.942
1665224280,+3.48,+17.496, +9.347,+0.942
1665224340,+3.48,+17.521, +9.326,+0.942
1665224400,+3.48,+17.479, +9.331,+0.942
1665224460,+3.48,+17.487, +9.320,+0.942
1665224520,+3.48,+17.487, +9.324,+0.942
1665224580,+3.48,+17.496, +9.319,+0.942
1665224640,+3.48,+17.496, +9.328,+0.942
1665224700,+3.48,+17.487, +9.317,+0.942
1665224760,+3.48,+17.496, +9.306,+0.942
1665224820,+3.48,+17.496, +9.296,+0.942
1665224880,+3.48,+17.487, +9.291,+0.942
1665224940,+3.48,+17.513, +9.272,+0.942
1665225000,+3.48,+17.496, +9.257,+0.942
1665225060,+3.48,+17.470, +9.249,+0.942
1665225120,+3.48,+17.479, +9.239,+0.942
1665225180,+3.48,+17.504, +9.227,+0.942
1665225240,+3.48,+17.496, +9.215,+0.942
1665225300,+3.48,+17.487, +9.200,+0.942
1665225360,+3.48,+17.496, +9.204,+0.942
1665225420,+3.48,+17.470, +9.202,+0.942
1665225480,+3.48,+17.487, +9.185,+0.942
1665225540,+3.48,+17.487, +9.167,+0.942
1665225600,+3.48,+17.479, +9.154,+0.942
1665225660,+3.48,+17.453, +9.140,+0.942
1665225720,+3.48,+17.479, +9.136,+0.942
1665225780,+3.48,+17.462, +9.125,+0.942
1665225840,+3.48,+17.479, +9.108,+0.942
1665225900,+3.48,+17.453, +9.121,+0.942
1665225960,+3.48,+17.470, +9.100,+0.942
1665226020,+3.48,+17.462, +9.110,+0.942
1665226080,+3.48,+17.462, +9.098,+0.942
1665226140,+3.48,+17.428, +9.101,+0.942
1665226200,+3.48,+17.462, +9.070,+0.942
1665226260,+3.48,+17.428, +9.068,+0.942
1665226320,+3.48,+17.428, +9.061,+0.941
1665226380,+3.48,+17.445, +9.052,+0.942
1665226440,+3.48,+17.436, +9.046,+0.942
1665226500,+3.48,+17.420, +9.050,+0.942
1665226560,+3.48,+17.436, +9.026,+0.941
1665226620,+3.48,+17.394, +9.014,+0.941
1665226680,+3.48,+17.394, +8.993,+0.941
1665226740,+3.48,+17.360, +9.013,+0.942
1665226800,+3.48,+17.352, +9.002,+0.942
1665226860,+3.48,+17.352, +9.021,+0.942
1665226920,+3.48,+17.343, +9.056,+0.942
1665226980,+3.48,+17.377, +9.035,+0.942
1665227040,+3.48,+17.394, +9.005,+0.942
1665227100,+3.48,+17.360, +9.026,+0.942
1665227160,+3.48,+17.403, +9.015,+0.942
1665227220,+3.48,+17.360, +9.001,+0.942
1665227280,+3.48,+17.377, +9.041,+0.942
1665227340,+3.48,+17.386, +9.051,+0.942
1665227400,+3.48,+17.394, +9.040,+0.942
1665227460,+3.48,+17.369, +9.077,+0.942
1665227520,+3.48,+17.377, +9.090,+0.941
1665227580,+3.48,+17.360, +9.073,+0.942
1665227640,+3.48,+17.335, +9.096,+0.942
1665227700,+3.48,+17.343, +9.112,+0.942
1665227760,+3.48,+17.360, +9.118,+0.942
1665227820,+3.48,+17.352, +9.135,+0.942
1665227880,+3.48,+17.335, +9.148,+0.942
1665227940,+3.48,+17.360, +9.133,+0.942
1665228000,+3.48,+17.369, +9.113,+0.942
1665228060,+3.48,+17.377, +9.120,+0.942
1665228120,+3.48,+17.386, +9.124,+0.942
1665228180,+3.48,+17.403, +9.106,+0.942
1665228240,+3.48,+17.369, +9.148,+0.942
1665228300,+3.48,+17.369, +9.164,+0.942
1665228360,+3.48,+17.369, +9.176,+0.942
1665228420,+3.48,+17.360, +9.148,+0.942
1665228480,+3.48,+17.360, +9.145,+0.942
1665228540,+3.48,+17.377, +9.149,+0.942
1665228600,+3.48,+17.360, +9.144,+0.942
1665228660,+3.48,+17.377, +9.120,+0.942
1665228720,+3.48,+17.386, +9.090,+0.942
1665228780,+3.48,+17.386, +9.091,+0.942
1665228840,+3.48,+17.403, +9.069,+0.942
1665228900,+3.48,+17.386, +9.069,+0.942
1665228960,+3.48,+17.394, +9.054,+0.942
1665229020,+3.48,+17.403, +9.054,+0.942
1665229080,+3.48,+17.394, +9.060,+0.942
1665229140,+3.48,+17.386, +8.998,+0.941
1665229200,+3.48,+17.276, +9.092,+0.942
1665229260,+3.48,+17.267, +9.092,+0.942
1665229320,+3.48,+17.233, +9.097,+0.942
1665229380,+3.48,+17.208, +9.131,+0.942
1665229440,+3.48,+17.208, +9.157,+0.942
1665229500,+3.48,+17.208, +9.163,+0.942
1665229560,+3.48,+17.233, +9.171,+0.942
1665229620,+3.48,+17.250, +9.182,+0.942
1665229680,+3.48,+17.267, +9.126,+0.942
1665229740,+3.48,+17.259, +9.156,+0.942
1665229800,+3.48,+17.276, +9.100,+0.941
1665229860,+3.48,+17.259, +9.080,+0.941
1665229920,+3.48,+17.276, +9.092,+0.942
1665229980,+3.48,+17.250, +9.101,+0.942
1665230040,+3.48,+17.276, +9.088,+0.942
1665230100,+3.48,+17.267, +9.145,+0.942
1665230160,+3.48,+17.250, +9.194,+0.942
1665230220,+3.48,+17.250, +9.248,+0.942
1665230280,+3.48,+17.233, +9.252,+0.942
1665230340,+3.48,+17.242, +9.252,+0.942
1665230400,+3.48,+17.250, +9.233,+0.941
1665230460,+3.48,+17.233, +9.226,+0.942
1665230520,+3.48,+17.242, +9.296,+0.942
1665230580,+3.48,+17.225, +9.352,+0.942
1665230640,+3.48,+17.191, +9.408,+0.942
1665230700,+3.48,+17.174, +9.412,+0.942
1665230760,+3.48,+17.157, +9.364,+0.942
1665230820,+3.48,+17.174, +9.340,+0.942
1665230880,+3.48,+17.157, +9.303,+0.942
1665230940,+3.48,+17.182, +9.259,+0.942
1665231000,+3.48,+17.208, +9.214,+0.942
1665231060,+3.48,+17.233, +9.167,+0.942
1665231120,+3.48,+17.182, +9.217,+0.942
1665231180,+3.48,+17.182, +9.172,+0.942
1665231240,+3.48,+17.174, +9.191,+0.942
1665231300,+3.48,+17.191, +9.126,+0.942
1665231360,+3.48,+17.216, +9.092,+0.942
1665231420,+3.48,+17.242, +9.039,+0.941
1665231480,+3.48,+17.242, +9.039,+0.942
1665231540,+3.48,+17.242, +9.040,+0.942
1665231600,+3.48,+17.259, +9.038,+0.942
1665231660,+3.48,+17.259, +9.050,+0.942
1665231720,+3.48,+17.284, +9.043,+0.942
1665231780,+3.48,+17.267, +9.047,+0.942
1665231840,+3.48,+17.267, +9.048,+0.942
1665231900,+3.48,+17.259, +9.031,+0.942
1665231960,+3.48,+17.250, +9.046,+0.942
1665232020,+3.48,+17.267, +9.018,+0.941
1665232080,+3.48,+17.233, +9.085,+0.942
1665232140,+3.48,+17.259, +9.063,+0.942
1665232200,+3.48,+17.259, +9.046,+0.941
1665232260,+3.48,+17.293, +9.045,+0.942
1665232320,+3.48,+17.233, +9.089,+0.941
1665232380,+3.48,+17.225, +9.140,+0.942
1665232440,+3.48,+17.242, +9.096,+0.942
1665232500,+3.48,+17.259, +9.078,+0.942
1665232560,+3.48,+17.259, +9.078,+0.942
1665232620,+3.48,+17.250, +9.070,+0.941
1665232680,+3.48,+17.293, +9.041,+0.942
1665232740,+3.48,+17.259, +9.054,+0.942
1665232800,+3.48,+17.284, +9.038,+0.942
1665232860,+3.48,+17.276, +9.049,+0.942
1665232920,+3.48,+17.301, +9.014,+0.941
1665232980,+3.48,+17.310, +9.001,+0.942
1665233040,+3.48,+17.310, +9.007,+0.942
1665233100,+3.48,+17.326, +9.010,+0.942
1665233160,+3.48,+17.335, +9.008,+0.942
1665233220,+3.48,+17.360, +8.994,+0.942
1665233280,+3.48,+17.352, +8.987,+0.942
1665233340,+3.48,+17.343, +8.987,+0.942
1665233400,+3.48,+17.377, +8.985,+0.941
1665233460,+3.48,+17.343, +9.026,+0.942
1665233520,+3.48,+17.343, +9.029,+0.942
1665233580,+3.48,+17.352, +9.015,+0.942
1665233640,+3.48,+17.360, +9.019,+0.942
1665233700,+3.48,+17.369, +9.018,+0.942
1665233760,+3.48,+17.369, +9.002,+0.942
1665233820,+3.48,+17.360, +8.998,+0.942
1665233880,+3.48,+17.301, +9.057,+0.942
1665233940,+3.48,+17.276, +9.071,+0.942
1665234000,+3.48,+17.242, +9.096,+0.942
1665234060,+3.48,+17.242, +9.093,+0.942
1665234120,+3.48,+17.250, +9.081,+0.942
1665234180,+3.48,+17.233, +9.101,+0.941
1665234240,+3.48,+17.250, +9.101,+0.942
1665234300,+3.48,+17.199, +9.133,+0.942
1665234360,+3.48,+17.208, +9.130,+0.942
1665234420,+3.48,+17.208, +9.127,+0.942
1665234480,+3.48,+17.157, +9.158,+0.941
1665234540,+3.48,+17.123, +9.184,+0.942
1665234600,+3.48,+17.098, +9.210,+0.942
1665234660,+3.48,+17.064, +9.235,+0.942
1665234720,+3.48,+17.055, +9.270,+0.942
1665234780,+3.48,+17.013, +9.297,+0.942
1665234840,+3.48,+16.979, +9.329,+0.942
1665234900,+3.48,+16.988, +9.325,+0.942
1665234960,+3.48,+16.971, +9.340,+0.942
1665235020,+3.48,+16.962, +9.356,+0.942
1665235080,+3.48,+16.954, +9.370,+0.942
1665235140,+3.48,+16.979, +9.355,+0.942
1665235200,+3.48,+16.971, +9.335,+0.942
1665235260,+3.48,+16.988, +9.316,+0.941
1665235320,+3.48,+16.979, +9.366,+0.942
1665235380,+3.48,+16.962, +9.403,+0.943
1665235440,+3.48,+16.988, +9.378,+0.942
1665235500,+3.48,+17.005, +9.343,+0.942
1665235560,+3.48,+16.996, +9.333,+0.942
1665235620,+3.48,+17.021, +9.357,+0.942
1665235680,+3.48,+17.021, +9.372,+0.942
1665235740,+3.48,+16.988, +9.408,+0.942
1665235800,+3.48,+16.979, +9.349,+0.942
1665235860,+3.48,+17.021, +9.354,+0.942
1665235920,+3.48,+17.013, +9.356,+0.942
1665235980,+3.48,+17.013, +9.331,+0.942
1665236040,+3.48,+17.021, +9.347,+0.942
1665236100,+3.48,+17.021, +9.348,+0.942
1665236160,+3.48,+17.047, +9.332,+0.942
1665236220,+3.48,+17.038, +9.369,+0.942
1665236280,+3.48,+17.030, +9.340,+0.942
1665236340,+3.48,+17.038, +9.309,+0.942
1665236400,+3.48,+17.081, +9.283,+0.942
1665236460,+3.48,+17.081, +9.274,+0.942
1665236520,+3.48,+17.089, +9.312,+0.942
1665236580,+3.48,+17.106, +9.290,+0.942
1665236640,+3.48,+17.140, +9.252,+0.942
1665236700,+3.48,+17.098, +9.308,+0.942
1665236760,+3.48,+17.055, +9.355,+0.942
1665236820,+3.48,+17.038, +9.356,+0.942
1665236880,+3.48,+17.013, +9.406,+0.942
1665236940,+3.48,+17.013, +9.386,+0.942
1665237000,+3.48,+17.005, +9.454,+0.942
1665237060,+3.48,+16.996, +9.509,+0.942
1665237120,+3.48,+16.988, +9.533,+0.942
1665237180,+3.48,+16.996, +9.591,+0.942
1665237240,+3.48,+16.945, +9.623,+0.942
1665237300,+3.48,+16.920, +9.633,+0.942
1665237360,+3.48,+16.894, +9.617,+0.942
1665237420,+3.48,+16.903, +9.649,+0.943
1665237480,+3.48,+16.928, +9.625,+0.942
1665237540,+3.48,+16.945, +9.652,+0.942
1665237600,+3.48,+17.038, +9.455,+0.942
1665237660,+3.48,+17.047, +9.507,+0.942
1665237720,+3.48,+17.047, +9.540,+0.942
1665237780,+3.48,+17.098, +9.384,+0.942
1665237840,+3.48,+17.157, +9.284,+0.942
1665237900,+3.48,+17.174, +9.329,+0.942
1665237960,+3.48,+17.208, +9.261,+0.942
1665238020,+3.48,+17.225, +9.227,+0.942
1665238080,+3.48,+17.250, +9.126,+0.942
1665238140,+3.48,+17.276, +9.080,+0.942
1665238200,+3.48,+17.267, +9.109,+0.941
1665238260,+3.48,+17.267, +9.077,+0.942
1665238320,+3.48,+17.259, +9.078,+0.942
1665238380,+3.48,+17.259, +9.087,+0.941
1665238440,+3.48,+17.242, +9.097,+0.941
1665238500,+3.48,+17.242, +9.191,+0.942
1665238560,+3.48,+17.225, +9.198,+0.941
1665238620,+3.48,+17.199, +9.274,+0.942
1665238680,+3.48,+17.199, +9.274,+0.942
1665238740,+3.48,+17.199, +9.211,+0.942
1665238800,+3.48,+17.191, +9.262,+0.942
1665238860,+3.48,+17.199, +9.129,+0.941
1665238920,+3.48,+17.208, +9.251,+0.942
1665238980,+3.48,+17.216, +9.230,+0.942
1665239040,+3.48,+17.233, +9.287,+0.942
1665239100,+3.48,+17.216, +9.310,+0.942
1665239160,+3.48,+17.216, +9.318,+0.942
1665239220,+3.48,+17.208, +9.364,+0.942
1665239280,+3.48,+17.199, +9.368,+0.942
1665239340,+3.48,+17.174, +9.450,+0.942
1665239400,+3.48,+17.174, +9.408,+0.942
1665239460,+3.48,+17.140, +9.478,+0.942
1665239520,+3.48,+17.149, +9.463,+0.942
1665239580,+3.48,+17.140, +9.369,+0.942
1665239640,+3.48,+17.149, +9.335,+0.942
1665239700,+3.48,+17.166, +9.328,+0.942
1665239760,+3.48,+17.174, +9.231,+0.942
1665239820,+3.48,+17.174, +9.198,+0.941
1665239880,+3.48,+17.182, +9.155,+0.942
1665239940,+3.48,+17.199, +9.076,+0.942
1665240000,+3.48,+17.225, +8.982,+0.941
1665240060,+3.48,+17.216, +9.028,+0.942
1665240120,+3.48,+17.182, +9.003,+0.942
1665240180,+3.48,+17.216, +8.978,+0.942
1665240240,+3.48,+17.216, +8.985,+0.942
1665240300,+3.48,+17.233, +8.975,+0.941
1665240360,+3.48,+17.225, +8.975,+0.942
1665240420,+3.48,+17.225, +9.032,+0.942
1665240480,+3.48,+17.225, +9.003,+0.942
1665240540,+3.48,+17.233, +9.050,+0.941
1665240600,+3.48,+17.233, +9.029,+0.942
1665240660,+3.48,+17.233, +9.047,+0.942
1665240720,+3.48,+17.250, +9.003,+0.942
1665240780,+3.48,+17.267, +8.991,+0.942
1665240840,+3.48,+17.242, +9.010,+0.942
1665240900,+3.48,+17.242, +9.037,+0.942
1665240960,+3.48,+17.233, +9.076,+0.942
1665241020,+3.48,+17.242, +9.134,+0.942
1665241080,+3.48,+17.250, +9.085,+0.942
1665241140,+3.48,+17.233, +9.259,+0.941
1665241200,+3.48,+17.225, +9.115,+0.942
1665241260,+3.48,+17.225, +9.182,+0.941
1665241320,+3.48,+17.225, +9.115,+0.942
1665241380,+3.48,+17.233, +9.071,+0.942
1665241440,+3.48,+17.233, +9.184,+0.942
1665241500,+3.48,+17.233, +9.131,+0.942
1665241560,+3.48,+17.233, +9.105,+0.941
1665241620,+3.48,+17.242, +9.189,+0.942
1665241680,+3.48,+17.250, +9.180,+0.942
1665241740,+3.48,+17.242, +9.253,+0.942
1665241800,+3.48,+17.225, +9.251,+0.942
1665241860,+3.48,+17.216, +9.322,+0.942
1665241920,+3.48,+17.208, +9.267,+0.942
1665241980,+3.48,+17.250, +9.123,+0.942
1665242040,+3.48,+17.216, +9.060,+0.942
1665242100,+3.48,+17.242, +8.994,+0.942
1665242160,+3.48,+17.242, +9.022,+0.942
1665242220,+3.48,+17.267, +9.035,+0.941
1665242280,+3.48,+17.250, +9.029,+0.942
1665242340,+3.48,+17.259, +9.047,+0.942
1665242400,+3.48,+17.242, +9.216,+0.942
1665242460,+3.48,+17.259, +9.231,+0.942
1665242520,+3.48,+17.233, +9.243,+0.942
1665242580,+3.48,+17.225, +9.284,+0.942
1665242640,+3.48,+17.216, +9.333,+0.942
1665242700,+3.48,+17.208, +9.353,+0.942
1665242760,+3.48,+17.233, +9.265,+0.942
1665242820,+3.48,+17.216, +9.176,+0.942
1665242880,+3.48,+17.233, +9.228,+0.942
1665242940,+3.48,+17.216, +9.264,+0.942
1665243000,+3.48,+17.225, +9.175,+0.942
1665243060,+3.48,+17.225, +9.079,+0.942
1665243120,+3.48,+17.225, +9.197,+0.942
1665243180,+3.48,+17.233, +9.326,+0.941
1665243240,+3.48,+17.216, +9.346,+0.942
1665243300,+3.48,+17.225, +9.303,+0.942
1665243360,+3.48,+17.208, +9.360,+0.942
1665243420,+3.48,+17.233, +9.216,+0.942
1665243480,+3.48,+17.225, +9.166,+0.942
1665243540,+3.48,+17.242, +9.116,+0.942
1665243600,+3.48,+17.259, +9.116,+0.942
1665243660,+3.48,+17.284, +9.091,+0.942
1665243720,+3.48,+17.284, +9.021,+0.941
1665243780,+3.48,+17.259, +9.031,+0.942
1665243840,+3.48,+17.284, +9.039,+0.942
1665243900,+3.48,+17.284, +9.062,+0.942
1665243960,+3.48,+17.293, +9.078,+0.942
1665244020,+3.48,+17.310, +9.066,+0.942
1665244080,+3.48,+17.301, +9.124,+0.942
1665244140,+3.48,+17.335, +9.132,+0.942
1665244200,+3.48,+17.343, +9.149,+0.942
1665244260,+3.48,+17.335, +9.185,+0.942
1665244320,+3.48,+17.352, +9.202,+0.942
1665244380,+3.48,+17.343, +9.193,+0.942
1665244440,+3.48,+17.335, +9.213,+0.942
1665244500,+3.48,+17.369, +9.210,+0.942
1665244560,+3.48,+17.377, +9.325,+0.942
1665244620,+3.48,+17.377, +9.619,+0.942
1665244680,+3.48,+17.386, +9.556,+0.942
1665244740,+3.48,+17.403, +9.522,+0.942
1665244800,+3.48,+17.394, +9.525,+0.942
1665244860,+3.48,+17.411, +9.556,+0.942
1665244920,+3.48,+17.403, +9.532,+0.942
1665244980,+3.48,+17.403, +9.506,+0.942
1665245040,+3.48,+17.386, +9.527,+0.942
1665245100,+3.48,+17.377, +9.535,+0.942
1665245160,+3.48,+17.403, +9.462,+0.942
1665245220,+3.48,+17.420, +9.468,+0.942
1665245280,+3.47,+17.445, +9.400,+0.942
1665245340,+3.48,+17.453, +9.407,+0.942
1665245400,+3.48,+17.445, +9.403,+0.942
1665245460,+3.48,+17.462, +9.329,+0.942
1665245520,+3.47,+17.479, +9.285,+0.942
1665245580,+3.47,+17.479, +9.305,+0.942
1665245640,+3.47,+17.479, +9.235,+0.942
1665245700,+3.47,+17.479, +9.241,+0.942
1665245760,+3.48,+17.470, +9.310,+0.942
1665245820,+3.47,+17.487, +9.309,+0.942
1665245880,+3.47,+17.470, +9.347,+0.942
1665245940,+3.48,+17.453, +9.305,+0.941
1665246000,+3.48,+17.470, +9.275,+0.942
1665246060,+3.48,+17.462, +9.279,+0.942
1665246120,+3.48,+17.479, +9.259,+0.942
1665246180,+3.47,+17.479, +9.265,+0.942
1665246240,+3.47,+17.504, +9.378,+0.942
1665246300,+3.47,+17.504, +9.328,+0.942
1665246360,+3.47,+17.513, +9.414,+0.942
1665246420,+3.47,+17.538, +9.543,+0.942
1665246480,+3.47,+17.546, +9.615,+0.942
1665246540,+3.47,+17.546, +9.601,+0.942
1665246600,+3.47,+17.572, +9.573,+0.942
1665246660,+3.47,+17.589, +9.581,+0.942
1665246720,+3.47,+17.589, +9.525,+0.942
1665246780,+3.47,+17.563, +9.608,+0.942
1665246840,+3.47,+17.538, +9.627,+0.942
1665246900,+3.47,+17.529, +9.660,+0.942
1665246960,+3.47,+17.529, +9.611,+0.942
1665247020,+3.47,+17.538, +9.586,+0.942
1665247080,+3.47,+17.555, +9.576,+0.942
1665247140,+3.47,+17.538, +9.578,+0.942
1665247200,+3.47,+17.546, +9.607,+0.942
1665247260,+3.47,+17.538, +9.558,+0.942
1665247320,+3.47,+17.572, +9.510,+0.942
1665247380,+3.47,+17.546, +9.503,+0.942
1665247440,+3.47,+17.563, +9.494,+0.943
1665247500,+3.47,+17.555, +9.506,+0.942
1665247560,+3.47,+17.563, +9.531,+0.942
1665247620,+3.47,+17.563, +9.503,+0.942
1665247680,+3.47,+17.580, +9.517,+0.942
1665247740,+3.47,+17.572, +9.493,+0.942
1665247800,+3.47,+17.580, +9.441,+0.942
