7450-364333
OS REV: 1.05 Sensor Cal: 1644948279
Time (sec),  BV (Volts),  T (deg C),  DO (mg/l),  Q ()
1668963060,+3.44, +9.697,+11.075,+0.934
1668963120,+3.44, +9.706,+10.944,+0.934
1668963180,+3.44, +9.706,+11.220,+0.935
1668963240,+3.44, +9.743,+11.770,+0.935
1668963300,+3.44, +9.761,+11.920,+0.935
1668963360,+3.44, +9.743,+12.062,+0.935
1668963420,+3.44, +9.752,+11.851,+0.935
1668963480,+3.44, +9.743,+11.626,+0.935
1668963540,+3.44, +9.761,+11.249,+0.934
1668963600,+3.44, +9.780,+11.290,+0.934
1668963660,+3.44, +9.789,+11.518,+0.935
1668963720,+3.44, +9.771,+11.539,+0.935
1668963780,+3.44, +9.798,+11.546,+0.934
1668963840,+3.44, +9.798,+11.283,+0.935
1668963900,+3.44, +9.798,+11.168,+0.935
1668963960,+3.44, +9.807,+10.987,+0.934
1668964020,+3.44, +9.807,+11.068,+0.934
1668964080,+3.44, +9.816,+11.046,+0.935
1668964140,+3.44, +9.816,+10.865,+0.934
1668964200,+3.44, +9.816,+10.695,+0.934
1668964260,+3.44, +9.816,+10.628,+0.934
1668964320,+3.44, +9.816,+10.584,+0.934
1668964380,+3.44, +9.826,+10.560,+0.934
1668964440,+3.44, +9.826,+10.536,+0.934
1668964500,+3.44, +9.826,+10.492,+0.934
1668964560,+3.44, +9.826,+10.535,+0.934
1668964620,+3.44, +9.835,+10.588,+0.934
1668964680,+3.44, +9.853,+10.728,+0.934
1668964740,+3.44, +9.853,+10.874,+0.934
1668964800,+3.44, +9.853,+10.939,+0.934
1668964860,+3.44, +9.835,+10.979,+0.934
1668964920,+3.44, +9.844,+11.011,+0.934
1668964980,+3.44, +9.816,+11.145,+0.934
1668965040,+3.44, +9.835,+11.191,+0.935
1668965100,+3.44, +9.844,+11.324,+0.935
1668965160,+3.44, +9.807,+11.427,+0.935
1668965220,+3.44, +9.807,+11.613,+0.935
1668965280,+3.44, +9.816,+11.377,+0.934
1668965340,+3.44, +9.835,+11.359,+0.934
1668965400,+3.44, +9.816,+11.551,+0.935
1668965460,+3.44, +9.798,+11.429,+0.935
1668965520,+3.44, +9.816,+11.312,+0.934
1668965580,+3.44, +9.789,+11.164,+0.935
1668965640,+3.44, +9.798,+11.136,+0.935
1668965700,+3.44, +9.789,+11.197,+0.935
1668965760,+3.44, +9.761,+11.106,+0.934
1668965820,+3.44, +9.761,+11.098,+0.935
1668965880,+3.44, +9.752,+11.198,+0.934
1668965940,+3.44, +9.761,+11.186,+0.934
1668966000,+3.44, +9.771,+11.081,+0.934
1668966060,+3.44, +9.752,+11.014,+0.934
1668966120,+3.44, +9.743,+10.921,+0.934
1668966180,+3.44, +9.734,+10.920,+0.934
1668966240,+3.44, +9.752,+10.947,+0.934
1668966300,+3.44, +9.780,+10.959,+0.934
1668966360,+3.44, +9.771,+11.042,+0.934
1668966420,+3.44, +9.780,+10.982,+0.934
1668966480,+3.44, +9.771,+11.137,+0.935
1668966540,+3.44, +9.780,+11.188,+0.935
1668966600,+3.44, +9.780,+11.106,+0.935
1668966660,+3.44, +9.761,+11.173,+0.934
1668966720,+3.44, +9.789,+11.060,+0.934
1668966780,+3.44, +9.761,+11.093,+0.935
1668966840,+3.44, +9.789,+11.099,+0.934
1668966900,+3.44, +9.789,+11.087,+0.934
1668966960,+3.44, +9.789,+11.294,+0.935
1668967020,+3.44, +9.807,+11.459,+0.935
1668967080,+3.44, +9.771,+11.503,+0.935
1668967140,+3.44, +9.789,+11.382,+0.935
1668967200,+3.44, +9.798,+11.245,+0.934
1668967260,+3.44, +9.807,+10.816,+0.935
1668967320,+3.44, +9.789,+10.810,+0.935
1668967380,+3.44, +9.798,+10.789,+0.935
1668967440,+3.44, +9.789,+10.792,+0.934
1668967500,+3.44, +9.761,+10.828,+0.935
1668967560,+3.44, +9.798,+10.812,+0.934
1668967620,+3.44, +9.789,+10.805,+0.934
1668967680,+3.44, +9.761,+10.849,+0.935
1668967740,+3.44, +9.771,+10.912,+0.934
1668967800,+3.44, +9.771,+10.938,+0.934
1668967860,+3.44, +9.743,+10.978,+0.934
1668967920,+3.44, +9.752,+11.007,+0.934
1668967980,+3.44, +9.743,+11.014,+0.934
1668968040,+3.44, +9.725,+11.002,+0.934
1668968100,+3.44, +9.743,+11.059,+0.934
1668968160,+3.44, +9.743,+11.114,+0.934
1668968220,+3.44, +9.725,+11.226,+0.934
1668968280,+3.44, +9.734,+11.277,+0.934
1668968340,+3.44, +9.725,+11.315,+0.935
1668968400,+3.44, +9.743,+11.305,+0.934
1668968460,+3.44, +9.734,+11.341,+0.934
1668968520,+3.44, +9.734,+11.322,+0.935
1668968580,+3.44, +9.743,+11.343,+0.935
1668968640,+3.44, +9.752,+11.367,+0.935
1668968700,+3.44, +9.743,+11.339,+0.934
1668968760,+3.44, +9.734,+11.238,+0.935
1668968820,+3.44, +9.725,+11.211,+0.935
1668968880,+3.44, +9.725,+11.260,+0.935
1668968940,+3.44, +9.725,+11.329,+0.935
1668969000,+3.44, +9.725,+11.393,+0.934
1668969060,+3.44, +9.734,+11.479,+0.935
1668969120,+3.44, +9.715,+11.565,+0.935
1668969180,+3.44, +9.734,+11.578,+0.935
1668969240,+3.44, +9.752,+11.467,+0.935
1668969300,+3.44, +9.752,+11.344,+0.934
1668969360,+3.44, +9.725,+11.305,+0.935
1668969420,+3.44, +9.743,+11.332,+0.935
1668969480,+3.44, +9.743,+11.316,+0.935
1668969540,+3.44, +9.743,+11.174,+0.935
1668969600,+3.44, +9.752,+11.122,+0.934
1668969660,+3.44, +9.734,+11.036,+0.935
1668969720,+3.44, +9.734,+10.950,+0.934
1668969780,+3.44, +9.734,+10.875,+0.934
1668969840,+3.44, +9.734,+10.865,+0.934
1668969900,+3.44, +9.743,+10.872,+0.934
1668969960,+3.44, +9.734,+10.847,+0.934
1668970020,+3.44, +9.725,+10.872,+0.934
1668970080,+3.44, +9.743,+10.877,+0.934
1668970140,+3.44, +9.761,+10.907,+0.934
1668970200,+3.44, +9.743,+10.915,+0.934
1668970260,+3.44, +9.752,+10.895,+0.934
1668970320,+3.44, +9.761,+10.896,+0.934
1668970380,+3.44, +9.752,+10.896,+0.934
1668970440,+3.44, +9.771,+10.875,+0.934
1668970500,+3.44, +9.752,+10.841,+0.934
1668970560,+3.44, +9.771,+10.824,+0.934
1668970620,+3.44, +9.752,+10.826,+0.934
1668970680,+3.44, +9.780,+10.843,+0.935
1668970740,+3.44, +9.761,+10.893,+0.934
1668970800,+3.44, +9.761,+10.936,+0.934
1668970860,+3.44, +9.752,+10.949,+0.934
1668970920,+3.44, +9.743,+10.963,+0.934
1668970980,+3.44, +9.752,+11.007,+0.935
1668971040,+3.44, +9.761,+11.037,+0.934
1668971100,+3.44, +9.752,+11.049,+0.934
1668971160,+3.44, +9.743,+11.137,+0.934
1668971220,+3.44, +9.771,+11.228,+0.935
1668971280,+3.44, +9.752,+11.330,+0.935
1668971340,+3.44, +9.743,+11.429,+0.935
1668971400,+3.44, +9.752,+11.429,+0.935
1668971460,+3.44, +9.761,+11.325,+0.934
1668971520,+3.44, +9.761,+11.255,+0.935
1668971580,+3.44, +9.761,+11.123,+0.934
1668971640,+3.44, +9.734,+10.949,+0.935
1668971700,+3.44, +9.734,+10.806,+0.934
1668971760,+3.44, +9.715,+10.798,+0.934
1668971820,+3.44, +9.715,+10.794,+0.934
1668971880,+3.44, +9.706,+10.835,+0.934
1668971940,+3.44, +9.715,+10.846,+0.934
1668972000,+3.44, +9.697,+10.854,+0.934
1668972060,+3.44, +9.679,+10.881,+0.934
1668972120,+3.44, +9.688,+10.899,+0.934
1668972180,+3.44, +9.688,+10.886,+0.934
1668972240,+3.44, +9.679,+10.874,+0.934
1668972300,+3.44, +9.688,+10.860,+0.934
1668972360,+3.44, +9.660,+10.873,+0.934
1668972420,+3.44, +9.670,+10.880,+0.935
1668972480,+3.44, +9.660,+10.917,+0.934
1668972540,+3.44, +9.670,+10.924,+0.934
1668972600,+3.44, +9.679,+10.966,+0.934
1668972660,+3.44, +9.670,+11.020,+0.935
1668972720,+3.44, +9.660,+11.020,+0.934
1668972780,+3.44, +9.642,+11.019,+0.934
1668972840,+3.44, +9.679,+11.013,+0.934
1668972900,+3.44, +9.660,+11.050,+0.934
1668972960,+3.44, +9.679,+11.094,+0.935
1668973020,+3.44, +9.660,+11.170,+0.934
1668973080,+3.44, +9.688,+11.234,+0.934
1668973140,+3.44, +9.651,+11.314,+0.934
1668973200,+3.44, +9.660,+11.396,+0.934
1668973260,+3.44, +9.660,+11.460,+0.935
1668973320,+3.44, +9.651,+11.352,+0.934
1668973380,+3.44, +9.651,+11.290,+0.934
1668973440,+3.44, +9.642,+11.248,+0.934
1668973500,+3.44, +9.642,+11.201,+0.935
1668973560,+3.44, +9.624,+11.111,+0.934
1668973620,+3.44, +9.624,+11.051,+0.934
1668973680,+3.44, +9.596,+11.060,+0.934
1668973740,+3.44, +9.596,+11.098,+0.935
1668973800,+3.44, +9.605,+11.112,+0.934
1668973860,+3.44, +9.596,+11.120,+0.934
1668973920,+3.44, +9.596,+11.150,+0.934
1668973980,+3.44, +9.578,+11.164,+0.935
1668974040,+3.44, +9.587,+11.126,+0.934
1668974100,+3.44, +9.587,+11.091,+0.934
1668974160,+3.44, +9.587,+11.103,+0.935
1668974220,+3.44, +9.559,+11.170,+0.935
1668974280,+3.45, +9.522,+11.211,+0.935
1668974340,+3.44, +9.531,+11.176,+0.934
1668974400,+3.45, +9.504,+11.220,+0.935
1668974460,+3.45, +9.495,+11.222,+0.935
1668974520,+3.45, +9.504,+11.191,+0.935
1668974580,+3.45, +9.485,+11.185,+0.934
1668974640,+3.45, +9.476,+11.181,+0.934
1668974700,+3.45, +9.476,+11.208,+0.935
1668974760,+3.45, +9.476,+11.224,+0.935
1668974820,+3.45, +9.458,+11.262,+0.934
1668974880,+3.45, +9.476,+11.249,+0.934
1668974940,+3.45, +9.485,+11.260,+0.934
1668975000,+3.45, +9.476,+11.258,+0.935
1668975060,+3.45, +9.439,+11.222,+0.935
1668975120,+3.45, +9.458,+11.209,+0.935
1668975180,+3.45, +9.449,+11.159,+0.934
1668975240,+3.45, +9.449,+11.145,+0.935
1668975300,+3.45, +9.439,+11.106,+0.934
1668975360,+3.45, +9.412,+11.098,+0.934
1668975420,+3.45, +9.402,+11.055,+0.934
1668975480,+3.45, +9.412,+11.010,+0.934
1668975540,+3.45, +9.393,+10.979,+0.934
1668975600,+3.45, +9.393,+10.952,+0.934
1668975660,+3.45, +9.393,+10.949,+0.934
1668975720,+3.45, +9.356,+10.957,+0.934
1668975780,+3.45, +9.375,+10.904,+0.934
1668975840,+3.45, +9.375,+10.887,+0.934
1668975900,+3.45, +9.365,+10.962,+0.934
1668975960,+3.45, +9.356,+10.991,+0.934
1668976020,+3.45, +9.347,+10.933,+0.934
1668976080,+3.45, +9.338,+10.916,+0.935
1668976140,+3.45, +9.347,+10.903,+0.935
1668976200,+3.45, +9.347,+10.907,+0.935
1668976260,+3.45, +9.356,+10.869,+0.934
1668976320,+3.45, +9.356,+10.887,+0.935
1668976380,+3.45, +9.356,+10.909,+0.934
1668976440,+3.45, +9.356,+10.953,+0.934
1668976500,+3.45, +9.347,+10.983,+0.934
1668976560,+3.45, +9.365,+10.968,+0.934
1668976620,+3.45, +9.347,+10.970,+0.934
1668976680,+3.45, +9.338,+11.016,+0.934
1668976740,+3.45, +9.338,+10.959,+0.934
1668976800,+3.45, +9.356,+10.908,+0.934
1668976860,+3.45, +9.356,+10.884,+0.934
1668976920,+3.45, +9.356,+10.871,+0.934
1668976980,+3.45, +9.375,+10.825,+0.934
1668977040,+3.45, +9.356,+10.790,+0.935
1668977100,+3.45, +9.365,+10.752,+0.934
1668977160,+3.45, +9.356,+10.793,+0.934
1668977220,+3.45, +9.356,+10.864,+0.934
1668977280,+3.45, +9.356,+10.787,+0.934
1668977340,+3.45, +9.347,+10.741,+0.934
1668977400,+3.45, +9.347,+10.656,+0.934
1668977460,+3.45, +9.338,+10.598,+0.934
1668977520,+3.45, +9.347,+10.623,+0.934
1668977580,+3.45, +9.356,+10.674,+0.935
1668977640,+3.45, +9.319,+10.730,+0.934
1668977700,+3.45, +9.338,+10.745,+0.934
1668977760,+3.45, +9.310,+10.785,+0.934
1668977820,+3.45, +9.319,+10.764,+0.934
1668977880,+3.45, +9.319,+10.779,+0.934
1668977940,+3.45, +9.319,+10.697,+0.934
1668978000,+3.45, +9.301,+10.591,+0.934
1668978060,+3.45, +9.292,+10.096,+0.934
1668978120,+3.45, +9.329,+10.202,+0.934
1668978180,+3.45, +9.310,+10.304,+0.934
1668978240,+3.45, +9.310,+10.400,+0.934
1668978300,+3.45, +9.319,+10.467,+0.934
1668978360,+3.45, +9.310,+10.512,+0.934
1668978420,+3.45, +9.292,+10.569,+0.934
1668978480,+3.45, +9.292,+10.584,+0.934
1668978540,+3.45, +9.273,+10.601,+0.934
1668978600,+3.45, +9.282,+10.592,+0.934
1668978660,+3.45, +9.255,+10.574,+0.934
1668978720,+3.45, +9.282,+10.527,+0.934
1668978780,+3.45, +9.264,+10.549,+0.934
1668978840,+3.45, +9.255,+10.513,+0.934
1668978900,+3.45, +9.236,+10.484,+0.934
1668978960,+3.45, +9.236,+10.517,+0.934
1668979020,+3.45, +9.199,+10.558,+0.934
1668979080,+3.45, +9.199,+10.561,+0.934
1668979140,+3.45, +9.162,+10.579,+0.934
1668979200,+3.45, +9.162,+10.574,+0.934
1668979260,+3.45, +9.171,+10.565,+0.934
1668979320,+3.45, +9.153,+10.562,+0.934
1668979380,+3.45, +9.153,+10.560,+0.934
1668979440,+3.45, +9.143,+10.549,+0.934
1668979500,+3.45, +9.125,+10.536,+0.934
1668979560,+3.45, +9.171,+10.525,+0.934
1668979620,+3.45, +9.125,+10.567,+0.934
1668979680,+3.45, +9.125,+10.577,+0.934
1668979740,+3.45, +9.116,+10.577,+0.934
1668979800,+3.45, +9.116,+10.559,+0.934
1668979860,+3.45, +9.116,+10.539,+0.934
1668979920,+3.45, +9.097,+10.524,+0.934
1668979980,+3.45, +9.088,+10.515,+0.934
1668980040,+3.45, +9.097,+10.469,+0.934
1668980100,+3.45, +9.079,+10.458,+0.934
1668980160,+3.45, +9.060,+10.430,+0.934
1668980220,+3.45, +9.041,+10.398,+0.935
1668980280,+3.45, +9.023,+10.363,+0.934
1668980340,+3.45, +9.032,+10.341,+0.934
1668980400,+3.45, +9.023,+10.350,+0.934
1668980460,+3.45, +9.014,+10.346,+0.934
1668980520,+3.45, +8.995,+10.361,+0.934
1668980580,+3.45, +8.986,+10.369,+0.934
1668980640,+3.45, +9.004,+10.359,+0.934
1668980700,+3.45, +9.004,+10.354,+0.934
1668980760,+3.45, +8.995,+10.351,+0.934
1668980820,+3.45, +8.986,+10.348,+0.934
1668980880,+3.45, +8.976,+10.354,+0.934
1668980940,+3.45, +8.976,+10.371,+0.934
1668981000,+3.45, +8.995,+10.354,+0.934
1668981060,+3.45, +8.976,+10.337,+0.934
1668981120,+3.45, +8.958,+10.293,+0.934
1668981180,+3.45, +8.967,+10.253,+0.934
1668981240,+3.45, +8.976,+10.208,+0.934
1668981300,+3.45, +8.949,+10.200,+0.934
1668981360,+3.45, +8.949,+10.170,+0.934
1668981420,+3.45, +8.949,+10.183,+0.934
1668981480,+3.45, +8.949,+10.175,+0.934
1668981540,+3.45, +8.939,+10.152,+0.934
1668981600,+3.45, +8.958,+10.118,+0.934
1668981660,+3.45, +8.930,+10.132,+0.934
1668981720,+3.45, +8.949,+10.115,+0.934
1668981780,+3.45, +8.930,+10.128,+0.934
1668981840,+3.45, +8.921,+10.163,+0.934
1668981900,+3.45, +8.911,+10.189,+0.934
1668981960,+3.45, +8.902,+10.280,+0.934
1668982020,+3.44, +8.883,+10.325,+0.934
1668982080,+3.44, +8.874,+10.319,+0.934
1668982140,+3.45, +8.902,+10.302,+0.934
1668982200,+3.45, +8.893,+10.327,+0.934
1668982260,+3.44, +8.883,+10.321,+0.934
1668982320,+3.44, +8.865,+10.316,+0.934
1668982380,+3.44, +8.874,+10.296,+0.934
1668982440,+3.44, +8.855,+10.297,+0.934
1668982500,+3.44, +8.846,+10.315,+0.934
1668982560,+3.44, +8.846,+10.318,+0.934
1668982620,+3.44, +8.855,+10.325,+0.934
1668982680,+3.44, +8.855,+10.336,+0.934
1668982740,+3.44, +8.828,+10.345,+0.934
1668982800,+3.44, +8.837,+10.329,+0.934
1668982860,+3.44, +8.837,+10.323,+0.934
1668982920,+3.44, +8.809,+10.329,+0.934
1668982980,+3.44, +8.828,+10.297,+0.934
1668983040,+3.44, +8.828,+10.266,+0.934
1668983100,+3.44, +8.818,+10.235,+0.934
1668983160,+3.44, +8.818,+10.212,+0.934
1668983220,+3.44, +8.818,+10.187,+0.934
1668983280,+3.44, +8.828,+10.189,+0.934
1668983340,+3.44, +8.837,+10.184,+0.934
1668983400,+3.44, +8.800,+10.196,+0.934
1668983460,+3.44, +8.837,+10.182,+0.934
1668983520,+3.44, +8.828,+10.225,+0.934
1668983580,+3.44, +8.828,+10.229,+0.934
1668983640,+3.44, +8.818,+10.249,+0.934
1668983700,+3.44, +8.818,+10.247,+0.934
1668983760,+3.44, +8.818,+10.244,+0.934
1668983820,+3.44, +8.818,+10.232,+0.934
1668983880,+3.44, +8.828,+10.254,+0.934
1668983940,+3.44, +8.818,+10.293,+0.934
1668984000,+3.44, +8.800,+10.330,+0.934
1668984060,+3.44, +8.809,+10.342,+0.934
1668984120,+3.44, +8.800,+10.350,+0.934
1668984180,+3.44, +8.809,+10.347,+0.934
1668984240,+3.44, +8.818,+10.354,+0.934
1668984300,+3.44, +8.781,+10.376,+0.934
1668984360,+3.44, +8.781,+10.377,+0.934
1668984420,+3.44, +8.809,+10.371,+0.934
1668984480,+3.44, +8.772,+10.379,+0.934
1668984540,+3.44, +8.790,+10.351,+0.934
1668984600,+3.44, +8.762,+10.345,+0.934
1668984660,+3.44, +8.800,+10.303,+0.934
1668984720,+3.44, +8.790,+10.275,+0.934
1668984780,+3.44, +8.772,+10.287,+0.934
1668984840,+3.44, +8.762,+10.307,+0.934
1668984900,+3.44, +8.772,+10.307,+0.934
1668984960,+3.44, +8.781,+10.325,+0.934
1668985020,+3.44, +8.772,+10.341,+0.934
1668985080,+3.44, +8.781,+10.320,+0.934
1668985140,+3.44, +8.772,+10.326,+0.934
1668985200,+3.44, +8.772,+10.365,+0.934
1668985260,+3.44, +8.781,+10.392,+0.934
1668985320,+3.44, +8.753,+10.398,+0.934
1668985380,+3.44, +8.762,+10.426,+0.934
1668985440,+3.44, +8.781,+10.431,+0.934
1668985500,+3.44, +8.753,+10.446,+0.934
1668985560,+3.44, +8.753,+10.434,+0.934
1668985620,+3.44, +8.753,+10.439,+0.934
1668985680,+3.44, +8.744,+10.441,+0.934
1668985740,+3.44, +8.725,+10.465,+0.934
1668985800,+3.44, +8.753,+10.443,+0.934
1668985860,+3.44, +8.734,+10.452,+0.934
1668985920,+3.44, +8.725,+10.501,+0.934
1668985980,+3.44, +8.744,+10.518,+0.934
1668986040,+3.44, +8.734,+10.514,+0.934
1668986100,+3.44, +8.725,+10.534,+0.934
1668986160,+3.44, +8.744,+10.555,+0.934
1668986220,+3.44, +8.753,+10.573,+0.934
1668986280,+3.44, +8.762,+10.526,+0.934
1668986340,+3.44, +8.753,+10.498,+0.934
1668986400,+3.44, +8.716,+10.547,+0.934
1668986460,+3.44, +8.725,+10.581,+0.934
1668986520,+3.44, +8.734,+10.617,+0.934
1668986580,+3.44, +8.706,+10.646,+0.934
1668986640,+3.44, +8.706,+10.653,+0.934
1668986700,+3.44, +8.697,+10.661,+0.934
1668986760,+3.44, +8.697,+10.619,+0.934
1668986820,+3.44, +8.688,+10.639,+0.934
1668986880,+3.44, +8.660,+10.655,+0.934
1668986940,+3.44, +8.678,+10.643,+0.934
1668987000,+3.44, +8.650,+10.635,+0.934
1668987060,+3.44, +8.669,+10.614,+0.934
1668987120,+3.44, +8.622,+10.634,+0.934
1668987180,+3.44, +8.632,+10.650,+0.934
1668987240,+3.44, +8.641,+10.667,+0.934
1668987300,+3.44, +8.641,+10.700,+0.934
1668987360,+3.44, +8.632,+10.719,+0.934
1668987420,+3.44, +8.632,+10.722,+0.934
1668987480,+3.44, +8.632,+10.742,+0.934
1668987540,+3.44, +8.622,+10.741,+0.934
1668987600,+3.44, +8.613,+10.739,+0.934
1668987660,+3.44, +8.641,+10.746,+0.934
1668987720,+3.44, +8.613,+10.786,+0.934
1668987780,+3.44, +8.613,+10.806,+0.934
1668987840,+3.44, +8.650,+10.790,+0.934
1668987900,+3.44, +8.613,+10.757,+0.934
1668987960,+3.44, +8.604,+10.714,+0.934
1668988020,+3.44, +8.632,+10.687,+0.934
1668988080,+3.44, +8.632,+10.693,+0.934
1668988140,+3.44, +8.622,+10.708,+0.934
1668988200,+3.44, +8.622,+10.729,+0.934
1668988260,+3.44, +8.632,+10.737,+0.934
1668988320,+3.44, +8.632,+10.702,+0.934
1668988380,+3.44, +8.632,+10.712,+0.934
1668988440,+3.44, +8.641,+10.709,+0.934
1668988500,+3.44, +8.641,+10.696,+0.934
1668988560,+3.44, +8.632,+10.702,+0.934
1668988620,+3.44, +8.650,+10.665,+0.934
1668988680,+3.44, +8.622,+10.667,+0.934
1668988740,+3.44, +8.641,+10.628,+0.934
1668988800,+3.44, +8.641,+10.599,+0.934
1668988860,+3.44, +8.669, +8.030,+0.933
1668988920,+3.44, +8.650, +8.168,+0.933
1668988980,+3.44, +8.660, +8.457,+0.933
1668989040,+3.44, +8.660, +8.770,+0.933
1668989100,+3.44, +8.650, +9.027,+0.933
1668989160,+3.44, +8.660, +9.202,+0.933
1668989220,+3.44, +8.669, +9.383,+0.934
1668989280,+3.44, +8.669, +9.599,+0.934
1668989340,+3.44, +8.678, +9.645,+0.934
1668989400,+3.44, +8.678, +9.645,+0.934
1668989460,+3.44, +8.688, +9.630,+0.934
1668989520,+3.44, +8.688, +9.649,+0.934
1668989580,+3.44, +8.706, +9.701,+0.934
1668989640,+3.44, +8.688, +9.759,+0.934
1668989700,+3.44, +8.725, +9.860,+0.934
1668989760,+3.44, +8.725, +9.962,+0.934
1668989820,+3.44, +8.725,+10.095,+0.934
1668989880,+3.44, +8.734,+10.215,+0.934
1668989940,+3.44, +8.772,+10.299,+0.934
1668990000,+3.44, +8.781,+10.327,+0.934
1668990060,+3.44, +8.828,+10.283,+0.934
1668990120,+3.44, +8.837,+10.312,+0.934
1668990180,+3.44, +8.846,+10.329,+0.934
1668990240,+3.44, +8.893,+10.292,+0.934
1668990300,+3.44, +8.921,+10.322,+0.934
1668990360,+3.45, +8.958,+10.324,+0.934
1668990420,+3.45, +9.004,+10.316,+0.934
1668990480,+3.45, +9.097,+10.313,+0.934
1668990540,+3.45, +9.153,+10.372,+0.934
1668990600,+3.45, +9.245,+10.364,+0.934
1668990660,+3.45, +9.338,+10.341,+0.934
1668990720,+3.45, +9.393,+10.273,+0.934
1668990780,+3.45, +9.412,+10.197,+0.934
1668990840,+3.44, +9.449,+10.153,+0.934
1668990900,+3.44, +9.495,+10.116,+0.934
1668990960,+3.44, +9.495,+10.124,+0.934
1668991020,+3.44, +9.522,+10.080,+0.934
1668991080,+3.44, +9.522,+10.035,+0.934
1668991140,+3.44, +9.513,+10.000,+0.934
1668991200,+3.44, +9.522, +9.983,+0.934
1668991260,+3.44, +9.495, +9.910,+0.934
1668991320,+3.44, +9.513, +9.792,+0.934
1668991380,+3.44, +9.522, +9.714,+0.934
1668991440,+3.44, +9.531, +9.680,+0.934
1668991500,+3.44, +9.559, +9.644,+0.934
1668991560,+3.44, +9.550, +9.606,+0.934
1668991620,+3.44, +9.531, +9.621,+0.934
1668991680,+3.44, +9.568, +9.619,+0.933
1668991740,+3.44, +9.578, +9.664,+0.934
1668991800,+3.44, +9.596, +9.713,+0.934
1668991860,+3.44, +9.596, +9.675,+0.934
1668991920,+3.44, +9.587, +9.704,+0.934
1668991980,+3.44, +9.596, +9.557,+0.933
1668992040,+3.44, +9.559, +9.683,+0.933
1668992100,+3.44, +9.522, +9.738,+0.934
1668992160,+3.44, +9.504, +9.613,+0.934
1668992220,+3.44, +9.467, +9.595,+0.934
1668992280,+3.45, +9.430, +9.537,+0.933
1668992340,+3.45, +9.412, +9.503,+0.933
1668992400,+3.45, +9.356, +9.551,+0.933
1668992460,+3.45, +9.301, +9.640,+0.933
1668992520,+3.45, +9.264, +9.833,+0.933
1668992580,+3.45, +9.227,+10.008,+0.933
1668992640,+3.45, +9.190,+10.101,+0.933
1668992700,+3.45, +9.116,+10.165,+0.934
1668992760,+3.45, +9.079,+10.131,+0.934
1668992820,+3.45, +9.041,+10.084,+0.934
1668992880,+3.45, +9.004,+10.087,+0.934
1668992940,+3.45, +8.986,+10.104,+0.934
1668993000,+3.45, +8.958,+10.070,+0.933
1668993060,+3.45, +8.939, +9.957,+0.933
1668993120,+3.44, +8.893, +9.857,+0.934
1668993180,+3.44, +8.883, +9.727,+0.934
1668993240,+3.44, +8.855, +9.778,+0.933
1668993300,+3.44, +8.855, +9.859,+0.933
1668993360,+3.44, +8.846, +9.844,+0.934
1668993420,+3.44, +8.837, +9.875,+0.934
1668993480,+3.44, +8.818, +9.873,+0.934
1668993540,+3.44, +8.818, +9.856,+0.934
1668993600,+3.44, +8.809, +9.864,+0.934
1668993660,+3.44, +8.809, +9.856,+0.934
1668993720,+3.44, +8.790, +9.873,+0.934
1668993780,+3.44, +8.800, +9.921,+0.934
1668993840,+3.44, +8.809, +9.934,+0.933
1668993900,+3.44, +8.800, +9.999,+0.934
1668993960,+3.44, +8.800,+10.042,+0.934
1668994020,+3.44, +8.762,+10.073,+0.934
1668994080,+3.44, +8.781,+10.105,+0.934
1668994140,+3.44, +8.790,+10.124,+0.934
1668994200,+3.44, +8.781,+10.115,+0.934
1668994260,+3.44, +8.772,+10.064,+0.934
1668994320,+3.44, +8.781,+10.031,+0.934
1668994380,+3.44, +8.772, +9.994,+0.934
1668994440,+3.44, +8.772, +9.982,+0.934
1668994500,+3.44, +8.772, +9.953,+0.934
1668994560,+3.44, +8.762, +9.923,+0.934
1668994620,+3.44, +8.753, +9.936,+0.934
1668994680,+3.44, +8.744, +9.904,+0.934
1668994740,+3.44, +8.753, +9.892,+0.934
1668994800,+3.44, +8.762, +9.855,+0.934
1668994860,+3.44, +8.753, +9.810,+0.933
1668994920,+3.44, +8.772, +9.754,+0.934
1668994980,+3.44, +8.744, +9.717,+0.934
1668995040,+3.44, +8.772, +9.710,+0.934
1668995100,+3.44, +8.753, +9.727,+0.934
1668995160,+3.44, +8.762, +9.750,+0.934
1668995220,+3.44, +8.762, +9.774,+0.934
1668995280,+3.44, +8.772, +9.802,+0.934
1668995340,+3.44, +8.772, +9.819,+0.934
1668995400,+3.44, +8.772, +9.884,+0.934
1668995460,+3.44, +8.753, +9.959,+0.934
1668995520,+3.44, +8.762,+10.018,+0.934
1668995580,+3.44, +8.772,+10.030,+0.934
1668995640,+3.44, +8.772, +9.989,+0.934
1668995700,+3.44, +8.753, +9.919,+0.934
1668995760,+3.44, +8.772, +9.830,+0.934
1668995820,+3.44, +8.781, +9.745,+0.934
1668995880,+3.44, +8.800, +9.876,+0.934
1668995940,+3.44, +8.800, +9.835,+0.933
1668996000,+3.44, +8.790, +9.787,+0.934
1668996060,+3.44, +8.790, +9.737,+0.934
1668996120,+3.44, +8.837, +9.710,+0.934
1668996180,+3.44, +8.828, +9.753,+0.934
1668996240,+3.44, +8.837, +9.771,+0.934
1668996300,+3.44, +8.846, +9.777,+0.934
1668996360,+3.44, +8.828, +9.841,+0.934
1668996420,+3.44, +8.874, +9.838,+0.934
1668996480,+3.44, +8.837, +9.916,+0.933
1668996540,+3.44, +8.855, +9.936,+0.934
1668996600,+3.44, +8.874, +9.916,+0.934
1668996660,+3.44, +8.874, +9.857,+0.934
1668996720,+3.44, +8.846, +9.827,+0.934
1668996780,+3.44, +8.846, +9.865,+0.933
1668996840,+3.44, +8.846, +9.876,+0.934
1668996900,+3.44, +8.837, +9.868,+0.933
1668996960,+3.44, +8.837, +9.941,+0.934
1668997020,+3.44, +8.818,+10.000,+0.933
1668997080,+3.44, +8.837, +9.994,+0.934
1668997140,+3.44, +8.800,+10.005,+0.934
1668997200,+3.44, +8.809, +9.981,+0.934
1668997260,+3.44, +8.800, +9.978,+0.934
1668997320,+3.44, +8.790, +9.991,+0.933
1668997380,+3.44, +8.790,+10.029,+0.934
1668997440,+3.44, +8.781,+10.059,+0.934
1668997500,+3.44, +8.762,+10.057,+0.934
1668997560,+3.44, +8.772,+10.046,+0.934
1668997620,+3.44, +8.772,+10.075,+0.934
1668997680,+3.44, +8.772,+10.073,+0.933
1668997740,+3.44, +8.762,+10.111,+0.933
1668997800,+3.44, +8.781,+10.113,+0.934
1668997860,+3.44, +8.762,+10.117,+0.934
1668997920,+3.44, +8.744,+10.109,+0.934
1668997980,+3.44, +8.762,+10.107,+0.934
1668998040,+3.44, +8.772,+10.056,+0.934
1668998100,+3.44, +8.753,+10.007,+0.934
1668998160,+3.44, +8.781, +9.989,+0.934
1668998220,+3.44, +8.781, +9.952,+0.933
1668998280,+3.44, +8.762, +9.967,+0.934
1668998340,+3.44, +8.762, +9.964,+0.934
1668998400,+3.44, +8.753, +9.943,+0.934
1668998460,+3.44, +8.772, +9.968,+0.934
1668998520,+3.44, +8.772, +9.999,+0.934
1668998580,+3.44, +8.790,+10.051,+0.934
1668998640,+3.44, +8.790,+10.073,+0.934
1668998700,+3.44, +8.809,+10.046,+0.934
1668998760,+3.44, +8.818,+10.066,+0.934
1668998820,+3.44, +8.837,+10.014,+0.933
1668998880,+3.44, +8.828, +9.968,+0.934
1668998940,+3.44, +8.837, +9.938,+0.934
1668999000,+3.44, +8.828, +9.916,+0.934
1668999060,+3.44, +8.846, +9.901,+0.934
1668999120,+3.44, +8.865, +9.911,+0.934
1668999180,+3.44, +8.846, +9.923,+0.934
1668999240,+3.44, +8.874, +9.908,+0.934
1668999300,+3.44, +8.874, +9.894,+0.934
1668999360,+3.44, +8.893, +9.849,+0.934
1668999420,+3.44, +8.865, +9.824,+0.933
1668999480,+3.44, +8.874, +9.823,+0.934
1668999540,+3.44, +8.893, +9.796,+0.934
1668999600,+3.44, +8.902, +9.814,+0.934
1668999660,+3.44, +8.893, +9.037,+0.934
1668999720,+3.44, +8.911, +9.296,+0.933
1668999780,+3.44, +8.902, +9.656,+0.934
1668999840,+3.44, +8.921, +9.867,+0.933
1668999900,+3.44, +8.911,+10.010,+0.934
1668999960,+3.44, +8.921,+10.086,+0.934
1669000020,+3.45, +8.930,+10.116,+0.934
1669000080,+3.45, +8.949,+10.137,+0.934
1669000140,+3.45, +8.921,+10.183,+0.934
1669000200,+3.45, +8.930,+10.224,+0.934
1669000260,+3.45, +8.949,+10.242,+0.934
1669000320,+3.45, +8.949,+10.236,+0.934
1669000380,+3.45, +8.958,+10.235,+0.934
1669000440,+3.45, +8.949,+10.252,+0.934
1669000500,+3.45, +8.949,+10.260,+0.934
1669000560,+3.45, +8.958,+10.249,+0.934
1669000620,+3.45, +8.949,+10.288,+0.934
1669000680,+3.45, +8.967,+10.279,+0.934
1669000740,+3.45, +8.958,+10.294,+0.934
1669000800,+3.45, +8.967,+10.252,+0.934
1669000860,+3.45, +8.949,+10.217,+0.934
1669000920,+3.45, +8.949,+10.197,+0.934
1669000980,+3.45, +8.958,+10.193,+0.934
1669001040,+3.45, +8.949,+10.197,+0.934
1669001100,+3.45, +8.976,+10.162,+0.934
1669001160,+3.45, +8.967,+10.179,+0.934
1669001220,+3.45, +8.967,+10.212,+0.934
1669001280,+3.45, +8.958,+10.195,+0.934
1669001340,+3.45, +8.967,+10.162,+0.934
1669001400,+3.45, +8.976,+10.129,+0.934
1669001460,+3.45, +8.967,+10.104,+0.934
1669001520,+3.45, +8.976,+10.082,+0.934
1669001580,+3.45, +8.986,+10.066,+0.934
1669001640,+3.45, +8.986,+10.057,+0.934
1669001700,+3.45, +8.976,+10.053,+0.934
1669001760,+3.45, +8.995,+10.049,+0.934
1669001820,+3.45, +9.004,+10.005,+0.934
1669001880,+3.45, +9.023, +9.999,+0.934
1669001940,+3.45, +9.023,+10.019,+0.934
1669002000,+3.45, +9.032,+10.037,+0.934
1669002060,+3.45, +9.023,+10.042,+0.934
1669002120,+3.45, +9.041,+10.020,+0.934
1669002180,+3.45, +9.032,+10.009,+0.933
1669002240,+3.45, +9.041, +9.996,+0.934
1669002300,+3.45, +9.041, +9.991,+0.934
1669002360,+3.45, +9.041, +9.981,+0.934
1669002420,+3.45, +9.032, +9.985,+0.934
1669002480,+3.45, +9.051, +9.977,+0.934
1669002540,+3.45, +9.023, +9.962,+0.934
1669002600,+3.45, +9.032, +9.937,+0.933
1669002660,+3.45, +9.060, +9.944,+0.934
1669002720,+3.45, +9.023, +9.965,+0.934
1669002780,+3.45, +9.069, +9.950,+0.934
1669002840,+3.45, +9.060, +9.944,+0.934
1669002900,+3.45, +9.041, +9.950,+0.934
1669002960,+3.45, +9.051, +9.919,+0.934
1669003020,+3.45, +9.041, +9.874,+0.934
1669003080,+3.45, +9.051, +9.797,+0.933
1669003140,+3.45, +9.069, +9.824,+0.934
1669003200,+3.45, +9.041, +9.892,+0.934
1669003260,+3.45, +9.060, +9.885,+0.933
1669003320,+3.45, +9.060, +9.897,+0.934
1669003380,+3.45, +9.041, +9.878,+0.934
1669003440,+3.45, +9.041, +9.911,+0.934
1669003500,+3.45, +9.060, +9.877,+0.933
1669003560,+3.45, +9.051, +9.906,+0.934
1669003620,+3.45, +9.041, +9.959,+0.934
1669003680,+3.45, +9.060, +9.979,+0.934
1669003740,+3.45, +9.060, +9.984,+0.934
1669003800,+3.45, +9.051, +9.939,+0.934
1669003860,+3.45, +9.051, +9.986,+0.934
1669003920,+3.45, +9.060,+10.020,+0.933
1669003980,+3.45, +9.051,+10.021,+0.934
1669004040,+3.45, +9.060,+10.064,+0.934
1669004100,+3.45, +9.060,+10.118,+0.934
1669004160,+3.45, +9.069,+10.137,+0.934
1669004220,+3.45, +9.032,+10.176,+0.934
1669004280,+3.45, +9.069,+10.171,+0.934
1669004340,+3.45, +9.032,+10.178,+0.934
1669004400,+3.45, +9.041,+10.174,+0.934
1669004460,+3.45, +9.051,+10.175,+0.934
1669004520,+3.45, +9.032,+10.190,+0.934
1669004580,+3.45, +9.032,+10.170,+0.934
1669004640,+3.45, +9.051,+10.143,+0.934
1669004700,+3.45, +9.032,+10.127,+0.934
1669004760,+3.45, +9.051,+10.110,+0.934
1669004820,+3.45, +9.041,+10.064,+0.934
1669004880,+3.45, +9.023,+10.026,+0.934
1669004940,+3.45, +9.041,+10.013,+0.934
1669005000,+3.45, +9.032, +9.997,+0.934
1669005060,+3.45, +9.041, +9.988,+0.934
1669005120,+3.45, +9.051, +9.964,+0.934
1669005180,+3.45, +9.051, +9.970,+0.934
1669005240,+3.45, +9.023, +9.958,+0.934
1669005300,+3.45, +9.023, +9.873,+0.934
1669005360,+3.45, +9.023, +9.909,+0.934
1669005420,+3.45, +9.023, +9.990,+0.934
1669005480,+3.45, +9.023,+10.002,+0.934
1669005540,+3.45, +9.004, +9.989,+0.934
1669005600,+3.45, +9.004, +9.991,+0.934
1669005660,+3.45, +8.995,+10.011,+0.934
1669005720,+3.45, +9.004, +9.930,+0.933
1669005780,+3.45, +8.986, +9.988,+0.934
1669005840,+3.45, +8.986,+10.050,+0.934
1669005900,+3.45, +9.004,+10.077,+0.934
1669005960,+3.45, +8.976,+10.095,+0.934
1669006020,+3.45, +8.986,+10.100,+0.934
1669006080,+3.45, +8.958,+10.135,+0.934
1669006140,+3.45, +8.986,+10.148,+0.934
1669006200,+3.45, +8.986,+10.139,+0.934
1669006260,+3.45, +8.986,+10.161,+0.934
1669006320,+3.45, +8.986,+10.146,+0.934
1669006380,+3.45, +8.976,+10.138,+0.934
1669006440,+3.45, +8.986,+10.130,+0.934
1669006500,+3.45, +8.976,+10.111,+0.934
1669006560,+3.45, +8.958,+10.086,+0.934
1669006620,+3.45, +8.949,+10.081,+0.934
1669006680,+3.45, +8.949,+10.095,+0.934
1669006740,+3.45, +8.930,+10.116,+0.934
1669006800,+3.45, +8.911,+10.141,+0.934
1669006860,+3.44, +8.930,+10.149,+0.934
1669006920,+3.44, +8.902,+10.167,+0.934
1669006980,+3.44, +8.883,+10.173,+0.934
1669007040,+3.44, +8.874,+10.186,+0.934
1669007100,+3.44, +8.893,+10.168,+0.934
1669007160,+3.44, +8.846,+10.164,+0.934
1669007220,+3.44, +8.855,+10.134,+0.934
1669007280,+3.44, +8.846,+10.105,+0.933
1669007340,+3.44, +8.837,+10.091,+0.934
1669007400,+3.44, +8.818,+10.097,+0.934
1669007460,+3.44, +8.846,+10.100,+0.933
1669007520,+3.44, +8.828,+10.069,+0.934
1669007580,+3.44, +8.809,+10.059,+0.934
1669007640,+3.44, +8.800,+10.011,+0.934
1669007700,+3.44, +8.809, +9.986,+0.934
1669007760,+3.44, +8.800, +9.970,+0.934
1669007820,+3.44, +8.790, +9.967,+0.934
1669007880,+3.44, +8.790, +9.953,+0.933
1669007940,+3.44, +8.790, +9.946,+0.934
1669008000,+3.44, +8.762, +9.974,+0.934
1669008060,+3.44, +8.772, +9.985,+0.934
1669008120,+3.44, +8.772,+10.005,+0.933
1669008180,+3.44, +8.762,+10.023,+0.933
1669008240,+3.44, +8.762,+10.027,+0.934
1669008300,+3.44, +8.744,+10.035,+0.934
1669008360,+3.44, +8.753,+10.038,+0.934
1669008420,+3.44, +8.734,+10.044,+0.934
1669008480,+3.44, +8.725,+10.002,+0.934
1669008540,+3.44, +8.734, +9.953,+0.934
1669008600,+3.44, +8.734, +9.922,+0.934
1669008660,+3.44, +8.734, +9.908,+0.934
1669008720,+3.44, +8.716, +9.914,+0.934
1669008780,+3.44, +8.706, +9.919,+0.934
1669008840,+3.44, +8.678, +9.939,+0.933
1669008900,+3.44, +8.716, +9.937,+0.933
1669008960,+3.44, +8.697, +9.959,+0.933
1669009020,+3.44, +8.669, +9.983,+0.934
1669009080,+3.44, +8.678, +9.978,+0.933
1669009140,+3.44, +8.706, +9.971,+0.933
1669009200,+3.44, +8.697, +9.960,+0.933
1669009260,+3.44, +8.688, +9.973,+0.934
1669009320,+3.44, +8.660, +9.988,+0.934
1669009380,+3.44, +8.678, +9.974,+0.934
1669009440,+3.44, +8.660, +9.977,+0.934
1669009500,+3.44, +8.660, +9.975,+0.934
1669009560,+3.44, +8.678, +9.956,+0.934
1669009620,+3.44, +8.660, +9.962,+0.934
1669009680,+3.44, +8.641, +9.962,+0.934
1669009740,+3.44, +8.641, +9.975,+0.934
1669009800,+3.44, +8.678, +9.968,+0.934
1669009860,+3.44, +8.641, +9.976,+0.934
1669009920,+3.44, +8.641, +9.953,+0.933
1669009980,+3.44, +8.632, +9.954,+0.933
1669010040,+3.44, +8.660, +9.947,+0.934
1669010100,+3.44, +8.641, +9.932,+0.934
1669010160,+3.44, +8.632, +9.921,+0.934
1669010220,+3.44, +8.641, +9.909,+0.934
1669010280,+3.44, +8.613, +9.903,+0.933
1669010340,+3.44, +8.641, +9.887,+0.934
1669010400,+3.44, +8.632, +9.872,+0.933
1669010460,+3.44, +8.613, +7.475,+0.933
1669010520,+3.44, +8.641, +7.877,+0.933
1669010580,+3.44, +8.622, +8.443,+0.933
1669010640,+3.44, +8.604, +8.901,+0.933
1669010700,+3.44, +8.613, +9.190,+0.933
1669010760,+3.44, +8.613, +9.404,+0.933
1669010820,+3.44, +8.622, +9.572,+0.934
1669010880,+3.44, +8.613, +9.724,+0.933
1669010940,+3.44, +8.622, +9.789,+0.934
1669011000,+3.44, +8.613, +9.871,+0.934
1669011060,+3.44, +8.613, +9.900,+0.934
1669011120,+3.44, +8.613, +9.906,+0.934
1669011180,+3.44, +8.613, +9.906,+0.934
1669011240,+3.44, +8.613, +9.884,+0.934
1669011300,+3.44, +8.613, +9.862,+0.933
1669011360,+3.44, +8.622, +9.867,+0.934
1669011420,+3.44, +8.622, +9.863,+0.933
1669011480,+3.44, +8.641, +9.868,+0.934
1669011540,+3.44, +8.622, +9.863,+0.934
1669011600,+3.44, +8.641, +9.833,+0.933
1669011660,+3.44, +8.622, +9.826,+0.934
1669011720,+3.44, +8.622, +9.790,+0.934
1669011780,+3.44, +8.622, +9.775,+0.934
1669011840,+3.44, +8.632, +9.733,+0.933
1669011900,+3.44, +8.641, +9.708,+0.933
1669011960,+3.44, +8.632, +9.710,+0.933
1669012020,+3.44, +8.622, +9.729,+0.933
1669012080,+3.44, +8.622, +9.697,+0.933
1669012140,+3.44, +8.622, +9.710,+0.934
1669012200,+3.44, +8.622, +9.694,+0.934
1669012260,+3.44, +8.622, +9.706,+0.934
1669012320,+3.44, +8.632, +9.693,+0.933
1669012380,+3.44, +8.641, +9.697,+0.934
1669012440,+3.44, +8.622, +9.701,+0.933
1669012500,+3.44, +8.622, +9.684,+0.934
1669012560,+3.44, +8.660, +9.600,+0.934
1669012620,+3.44, +8.641, +9.556,+0.933
1669012680,+3.44, +8.650, +9.543,+0.934
1669012740,+3.44, +8.641, +9.532,+0.933
1669012800,+3.44, +8.650, +9.557,+0.933
1669012860,+3.44, +8.650, +9.634,+0.934
1669012920,+3.44, +8.613, +9.681,+0.933
1669012980,+3.44, +8.632, +9.690,+0.934
1669013040,+3.44, +8.641, +9.758,+0.934
1669013100,+3.44, +8.641, +9.802,+0.934
1669013160,+3.44, +8.632, +9.821,+0.933
1669013220,+3.44, +8.594, +9.774,+0.934
1669013280,+3.44, +8.613, +9.740,+0.933
1669013340,+3.44, +8.604, +9.777,+0.933
1669013400,+3.44, +8.585, +9.820,+0.933
1669013460,+3.44, +8.594, +9.815,+0.933
1669013520,+3.44, +8.566, +9.798,+0.934
1669013580,+3.44, +8.575, +9.762,+0.933
1669013640,+3.44, +8.604, +9.735,+0.934
1669013700,+3.44, +8.566, +9.733,+0.933
1669013760,+3.44, +8.575, +9.722,+0.933
1669013820,+3.44, +8.575, +9.706,+0.933
1669013880,+3.44, +8.575, +9.700,+0.933
1669013940,+3.44, +8.575, +9.692,+0.933
1669014000,+3.44, +8.594, +9.697,+0.934
1669014060,+3.44, +8.585, +9.700,+0.933
1669014120,+3.44, +8.575, +9.721,+0.934
1669014180,+3.44, +8.575, +9.729,+0.934
1669014240,+3.44, +8.575, +9.749,+0.934
1669014300,+3.44, +8.585, +9.764,+0.934
1669014360,+3.44, +8.594, +9.776,+0.933
1669014420,+3.44, +8.575, +9.797,+0.933
1669014480,+3.44, +8.585, +9.804,+0.934
1669014540,+3.44, +8.575, +9.811,+0.933
1669014600,+3.44, +8.585, +9.806,+0.933
1669014660,+3.44, +8.604, +9.809,+0.933
1669014720,+3.44, +8.585, +9.809,+0.933
1669014780,+3.44, +8.575, +9.801,+0.933
1669014840,+3.44, +8.585, +9.787,+0.934
1669014900,+3.44, +8.557, +9.784,+0.934
1669014960,+3.44, +8.585, +9.761,+0.933
1669015020,+3.44, +8.604, +9.753,+0.934
1669015080,+3.44, +8.594, +9.736,+0.933
1669015140,+3.44, +8.585, +9.698,+0.933
1669015200,+3.44, +8.594, +9.667,+0.933
1669015260,+3.44, +8.585, +9.665,+0.933
1669015320,+3.44, +8.585, +9.667,+0.934
1669015380,+3.44, +8.594, +9.640,+0.933
1669015440,+3.44, +8.594, +9.611,+0.933
1669015500,+3.44, +8.585, +9.608,+0.933
1669015560,+3.44, +8.566, +9.638,+0.933
1669015620,+3.44, +8.575, +9.653,+0.934
1669015680,+3.44, +8.585, +9.659,+0.933
1669015740,+3.44, +8.585, +9.677,+0.933
1669015800,+3.44, +8.585, +9.684,+0.933
1669015860,+3.44, +8.594, +9.679,+0.934
1669015920,+3.44, +8.585, +9.688,+0.933
1669015980,+3.44, +8.575, +9.701,+0.933
1669016040,+3.44, +8.575, +9.700,+0.934
1669016100,+3.44, +8.566, +9.696,+0.934
1669016160,+3.44, +8.585, +9.675,+0.934
1669016220,+3.44, +8.594, +9.666,+0.933
1669016280,+3.44, +8.604, +9.665,+0.933
1669016340,+3.44, +8.604, +9.661,+0.933
1669016400,+3.44, +8.622, +9.464,+0.933
1669016460,+3.44, +8.613, +9.513,+0.933
1669016520,+3.44, +8.594, +9.433,+0.933
1669016580,+3.44, +8.594, +9.516,+0.933
1669016640,+3.44, +8.585, +9.624,+0.933
1669016700,+3.44, +8.575, +9.738,+0.933
1669016760,+3.44, +8.557, +9.822,+0.933
1669016820,+3.44, +8.566, +9.877,+0.934
1669016880,+3.44, +8.547, +9.890,+0.933
1669016940,+3.44, +8.566, +9.886,+0.933
1669017000,+3.44, +8.538, +9.902,+0.933
1669017060,+3.44, +8.547, +9.911,+0.934
1669017120,+3.44, +8.538, +9.919,+0.933
1669017180,+3.44, +8.538, +9.922,+0.933
1669017240,+3.44, +8.547, +9.927,+0.933
1669017300,+3.44, +8.538, +9.934,+0.933
1669017360,+3.44, +8.538, +9.946,+0.934
1669017420,+3.44, +8.529, +9.956,+0.933
1669017480,+3.44, +8.529, +9.962,+0.933
1669017540,+3.44, +8.501,+10.002,+0.934
1669017600,+3.44, +8.519,+10.011,+0.934
1669017660,+3.44, +8.519,+10.036,+0.933
1669017720,+3.44, +8.529,+10.053,+0.933
1669017780,+3.44, +8.510,+10.081,+0.934
1669017840,+3.44, +8.538,+10.107,+0.933
1669017900,+3.44, +8.519,+10.142,+0.933
1669017960,+3.44, +8.510,+10.154,+0.933
1669018020,+3.44, +8.529,+10.176,+0.934
1669018080,+3.44, +8.538,+10.157,+0.933
1669018140,+3.44, +8.529,+10.152,+0.934
1669018200,+3.44, +8.519,+10.155,+0.934
1669018260,+3.44, +8.510,+10.148,+0.934
1669018320,+3.44, +8.482,+10.164,+0.934
1669018380,+3.44, +8.510,+10.142,+0.933
1669018440,+3.44, +8.510,+10.157,+0.934
1669018500,+3.44, +8.491,+10.188,+0.934
1669018560,+3.44, +8.501,+10.216,+0.934
1669018620,+3.44, +8.501,+10.219,+0.934
1669018680,+3.44, +8.510,+10.192,+0.934
1669018740,+3.44, +8.501,+10.180,+0.934
1669018800,+3.44, +8.501,+10.145,+0.934
1669018860,+3.44, +8.510,+10.118,+0.934
1669018920,+3.44, +8.491,+10.113,+0.934
1669018980,+3.44, +8.482,+10.116,+0.934
1669019040,+3.44, +8.482,+10.084,+0.934
1669019100,+3.44, +8.491,+10.100,+0.933
1669019160,+3.44, +8.491,+10.143,+0.934
1669019220,+3.44, +8.510,+10.160,+0.933
1669019280,+3.44, +8.491,+10.193,+0.934
1669019340,+3.44, +8.482,+10.209,+0.934
1669019400,+3.44, +8.472,+10.213,+0.933
1669019460,+3.44, +8.482,+10.217,+0.934
1669019520,+3.44, +8.482,+10.201,+0.933
1669019580,+3.44, +8.472,+10.196,+0.934
1669019640,+3.44, +8.491,+10.171,+0.934
1669019700,+3.44, +8.472,+10.160,+0.934
1669019760,+3.44, +8.482,+10.173,+0.934
1669019820,+3.44, +8.463,+10.182,+0.933
1669019880,+3.44, +8.491,+10.151,+0.934
1669019940,+3.44, +8.472,+10.117,+0.934
1669020000,+3.44, +8.472,+10.077,+0.934
1669020060,+3.44, +8.463,+10.029,+0.934
1669020120,+3.44, +8.454,+10.013,+0.934
1669020180,+3.44, +8.463,+10.040,+0.934
1669020240,+3.44, +8.472,+10.102,+0.934
1669020300,+3.44, +8.482,+10.141,+0.933
1669020360,+3.44, +8.454,+10.179,+0.934
1669020420,+3.44, +8.472,+10.153,+0.934
1669020480,+3.44, +8.472,+10.144,+0.934
1669020540,+3.44, +8.472,+10.127,+0.933
1669020600,+3.44, +8.454,+10.122,+0.933
1669020660,+3.44, +8.454,+10.109,+0.934
1669020720,+3.44, +8.472,+10.105,+0.934
1669020780,+3.44, +8.444,+10.122,+0.934
1669020840,+3.44, +8.463,+10.135,+0.934
1669020900,+3.44, +8.463,+10.134,+0.934
1669020960,+3.44, +8.435,+10.110,+0.934
1669021020,+3.44, +8.435,+10.110,+0.934
1669021080,+3.44, +8.454,+10.047,+0.933
1669021140,+3.44, +8.426,+10.081,+0.933
1669021200,+3.44, +8.444,+10.138,+0.933
1669021260,+3.44, +8.435, +6.853,+0.932
1669021320,+3.44, +8.435, +6.861,+0.932
1669021380,+3.44, +8.444, +6.924,+0.933
1669021440,+3.44, +8.426, +6.965,+0.933
1669021500,+3.44, +8.444, +7.087,+0.932
1669021560,+3.44, +8.435, +7.421,+0.933
1669021620,+3.44, +8.444, +7.867,+0.933
1669021680,+3.44, +8.472, +8.295,+0.933
1669021740,+3.44, +8.435, +8.704,+0.933
1669021800,+3.44, +8.454, +9.011,+0.933
1669021860,+3.44, +8.454, +9.274,+0.933
1669021920,+3.44, +8.426, +9.480,+0.933
1669021980,+3.44, +8.454, +9.606,+0.933
1669022040,+3.44, +8.444, +9.681,+0.934
1669022100,+3.44, +8.416, +9.738,+0.934
1669022160,+3.44, +8.416, +9.763,+0.933
1669022220,+3.44, +8.426, +9.779,+0.933
1669022280,+3.44, +8.407, +9.795,+0.933
1669022340,+3.44, +8.426, +9.809,+0.933
1669022400,+3.44, +8.426, +9.827,+0.934
1669022460,+3.44, +8.407, +9.833,+0.933
1669022520,+3.44, +8.416, +9.833,+0.933
1669022580,+3.44, +8.426, +9.829,+0.933
1669022640,+3.44, +8.397, +9.855,+0.934
1669022700,+3.44, +8.416, +9.854,+0.934
1669022760,+3.44, +8.397, +9.871,+0.933
1669022820,+3.44, +8.388, +9.852,+0.933
1669022880,+3.44, +8.397, +9.834,+0.933
1669022940,+3.44, +8.397, +9.795,+0.933
1669023000,+3.44, +8.388, +9.678,+0.933
1669023060,+3.44, +8.379, +9.422,+0.932
1669023120,+3.44, +8.388, +9.353,+0.931
1669023180,+3.44, +8.369, +9.256,+0.931
1669023240,+3.44, +8.360, +9.085,+0.929
1669023300,+3.44, +8.369, +9.033,+0.928
1669023360,+3.44, +8.388, +8.656,+0.927
1669023420,+3.44, +8.360, +8.010,+0.926
1669023480,+3.44, +8.369, +7.234,+0.928
1669023540,+3.44, +8.351, +6.988,+0.929
1669023600,+3.44, +8.341, +6.807,+0.929
1669023660,+3.44, +8.313, +7.246,+0.929
1669023720,+3.44, +8.285, +7.901,+0.929
1669023780,+3.44, +8.181, +8.742,+0.931
1669023840,+3.45, +8.115, +9.327,+0.932
1669023900,+3.45, +8.040, +9.695,+0.933
1669023960,+3.45, +7.983, +9.948,+0.933
1669024020,+3.45, +7.945,+10.088,+0.933
1669024080,+3.45, +7.908,+10.143,+0.934
1669024140,+3.45, +7.870,+10.158,+0.933
1669024200,+3.45, +7.813,+10.170,+0.934
1669024260,+3.45, +7.794, +9.994,+0.933
1669024320,+3.45, +7.737, +9.684,+0.933
1669024380,+3.44, +7.699, +9.414,+0.933
1669024440,+3.44, +7.661, +9.218,+0.933
1669024500,+3.44, +7.632, +9.198,+0.933
1669024560,+3.44, +7.613, +9.265,+0.933
1669024620,+3.44, +7.594, +9.298,+0.933
1669024680,+3.44, +7.575, +9.362,+0.933
1669024740,+3.44, +7.556, +9.510,+0.933
1669024800,+3.44, +7.537, +9.676,+0.933
1669024860,+3.44, +7.518, +9.786,+0.933
1669024920,+3.44, +7.537, +9.882,+0.933
1669024980,+3.44, +7.499,+10.016,+0.933
1669025040,+3.44, +7.490,+10.151,+0.934
1669025100,+3.44, +7.499,+10.187,+0.934
1669025160,+3.44, +7.480,+10.048,+0.934
1669025220,+3.44, +7.490, +9.994,+0.934
1669025280,+3.44, +7.509, +9.909,+0.933
1669025340,+3.44, +7.509, +9.842,+0.933
1669025400,+3.44, +7.499, +9.653,+0.934
1669025460,+3.44, +7.499, +9.429,+0.933
1669025520,+3.44, +7.490, +9.329,+0.933
1669025580,+3.44, +7.499, +9.304,+0.933
1669025640,+3.44, +7.471, +9.354,+0.934
1669025700,+3.44, +7.499, +9.332,+0.933
1669025760,+3.44, +7.509, +9.319,+0.933
1669025820,+3.44, +7.490, +9.297,+0.933
1669025880,+3.44, +7.480, +9.292,+0.933
1669025940,+3.44, +7.499, +9.289,+0.933
1669026000,+3.44, +7.499, +9.307,+0.933
1669026060,+3.44, +7.490, +9.329,+0.933
1669026120,+3.44, +7.471, +9.343,+0.934
1669026180,+3.44, +7.480, +9.330,+0.933
1669026240,+3.44, +7.480, +9.332,+0.933
1669026300,+3.44, +7.461, +9.251,+0.933
1669026360,+3.44, +7.471, +9.187,+0.933
1669026420,+3.44, +7.480, +9.168,+0.933
1669026480,+3.44, +7.471, +9.166,+0.933
1669026540,+3.44, +7.471, +9.139,+0.933
1669026600,+3.44, +7.461, +9.134,+0.933
1669026660,+3.44, +7.452, +9.167,+0.933
1669026720,+3.44, +7.480, +9.202,+0.933
1669026780,+3.44, +7.432, +9.301,+0.933
1669026840,+3.44, +7.452, +9.362,+0.933
1669026900,+3.44, +7.461, +9.409,+0.933
1669026960,+3.44, +7.442, +9.457,+0.933
1669027020,+3.44, +7.461, +9.506,+0.933
1669027080,+3.44, +7.452, +9.590,+0.933
1669027140,+3.44, +7.442, +9.647,+0.933
1669027200,+3.44, +7.461, +9.675,+0.933
1669027260,+3.44, +7.432, +9.749,+0.933
1669027320,+3.44, +7.423, +9.768,+0.933
1669027380,+3.44, +7.432, +9.718,+0.933
1669027440,+3.44, +7.452, +9.699,+0.933
1669027500,+3.44, +7.432, +9.707,+0.933
1669027560,+3.44, +7.442, +9.686,+0.933
1669027620,+3.44, +7.413, +9.660,+0.933
1669027680,+3.44, +7.423, +9.643,+0.933
1669027740,+3.44, +7.432, +9.599,+0.933
1669027800,+3.44, +7.413, +9.543,+0.933
1669027860,+3.44, +7.423, +9.509,+0.933
1669027920,+3.44, +7.404, +9.494,+0.933
1669027980,+3.44, +7.394, +9.498,+0.933
1669028040,+3.44, +7.394, +9.494,+0.933
1669028100,+3.44, +7.404, +9.512,+0.933
1669028160,+3.44, +7.394, +9.564,+0.933
1669028220,+3.44, +7.394, +9.612,+0.933
1669028280,+3.44, +7.375, +9.662,+0.933
1669028340,+3.44, +7.375, +9.698,+0.933
1669028400,+3.44, +7.347, +9.745,+0.933
1669028460,+3.44, +7.385, +9.751,+0.933
1669028520,+3.44, +7.356, +9.763,+0.933
1669028580,+3.44, +7.356, +9.767,+0.933
1669028640,+3.44, +7.356, +9.770,+0.933
1669028700,+3.44, +7.347, +9.759,+0.933
1669028760,+3.44, +7.356, +9.755,+0.933
1669028820,+3.44, +7.347, +9.735,+0.933
1669028880,+3.44, +7.366, +9.724,+0.933
1669028940,+3.44, +7.337, +9.725,+0.933
1669029000,+3.44, +7.347, +9.717,+0.933
1669029060,+3.44, +7.366, +9.699,+0.933
1669029120,+3.44, +7.327, +9.829,+0.933
1669029180,+3.44, +7.327, +9.967,+0.933
1669029240,+3.44, +7.318,+10.045,+0.933
1669029300,+3.44, +7.327,+10.027,+0.933
1669029360,+3.44, +7.327,+10.032,+0.933
1669029420,+3.44, +7.327,+10.034,+0.933
1669029480,+3.44, +7.327,+10.049,+0.933
1669029540,+3.44, +7.337,+10.075,+0.933
1669029600,+3.44, +7.327,+10.115,+0.933
1669029660,+3.44, +7.347,+10.127,+0.933
1669029720,+3.44, +7.318,+10.161,+0.933
1669029780,+3.44, +7.347,+10.096,+0.933
1669029840,+3.44, +7.347,+10.013,+0.933
1669029900,+3.44, +7.337, +9.953,+0.933
1669029960,+3.44, +7.356, +9.866,+0.933
1669030020,+3.44, +7.375, +9.806,+0.933
1669030080,+3.44, +7.366, +9.752,+0.933
1669030140,+3.44, +7.394, +9.673,+0.933
1669030200,+3.44, +7.404, +9.602,+0.933
1669030260,+3.44, +7.394, +9.576,+0.933
1669030320,+3.44, +7.413, +9.607,+0.933
1669030380,+3.44, +7.452, +9.644,+0.933
1669030440,+3.44, +7.432, +9.655,+0.933
1669030500,+3.44, +7.452, +9.629,+0.933
1669030560,+3.44, +7.471, +9.662,+0.933
1669030620,+3.44, +7.452, +9.698,+0.933
1669030680,+3.44, +7.490, +9.669,+0.933
1669030740,+3.44, +7.471, +9.658,+0.933
1669030800,+3.44, +7.490, +9.646,+0.933
1669030860,+3.44, +7.499, +9.635,+0.933
1669030920,+3.44, +7.528, +9.605,+0.933
1669030980,+3.44, +7.509, +9.607,+0.933
1669031040,+3.44, +7.547, +9.578,+0.933
1669031100,+3.44, +7.537, +9.574,+0.933
1669031160,+3.44, +7.556, +9.527,+0.933
1669031220,+3.44, +7.528, +9.503,+0.933
1669031280,+3.44, +7.566, +9.438,+0.933
1669031340,+3.44, +7.556, +9.400,+0.933
1669031400,+3.44, +7.556, +9.380,+0.933
1669031460,+3.44, +7.585, +9.340,+0.933
1669031520,+3.44, +7.585, +9.334,+0.933
1669031580,+3.44, +7.566, +9.362,+0.933
1669031640,+3.44, +7.575, +9.398,+0.933
1669031700,+3.44, +7.556, +9.456,+0.933
1669031760,+3.44, +7.575, +9.543,+0.933
1669031820,+3.44, +7.594, +9.604,+0.933
1669031880,+3.44, +7.585, +9.653,+0.933
1669031940,+3.44, +7.594, +9.689,+0.933
1669032000,+3.44, +7.623, +9.707,+0.933
1669032060,+3.44, +7.613, +8.961,+0.933
1669032120,+3.44, +7.585, +8.945,+0.933
1669032180,+3.44, +7.604, +8.973,+0.933
1669032240,+3.44, +7.613, +9.142,+0.933
1669032300,+3.44, +7.613, +9.299,+0.933
1669032360,+3.44, +7.613, +9.458,+0.933
1669032420,+3.44, +7.623, +9.644,+0.933
1669032480,+3.44, +7.585, +9.681,+0.933
1669032540,+3.44, +7.613, +9.594,+0.933
1669032600,+3.44, +7.604, +9.529,+0.933
1669032660,+3.44, +7.585, +9.773,+0.933
1669032720,+3.44, +7.623, +9.932,+0.933
1669032780,+3.44, +7.604,+10.039,+0.933
1669032840,+3.44, +7.604,+10.121,+0.933
1669032900,+3.44, +7.613,+10.174,+0.933
1669032960,+3.44, +7.613,+10.236,+0.933
1669033020,+3.44, +7.604,+10.153,+0.933
1669033080,+3.44, +7.585, +9.983,+0.933
1669033140,+3.44, +7.566, +9.932,+0.933
1669033200,+3.44, +7.556, +9.950,+0.933
1669033260,+3.44, +7.537, +9.994,+0.933
1669033320,+3.44, +7.518,+10.117,+0.933
1669033380,+3.44, +7.518,+10.140,+0.933
1669033440,+3.44, +7.499,+10.190,+0.933
1669033500,+3.44, +7.480,+10.236,+0.933
1669033560,+3.44, +7.499,+10.284,+0.933
1669033620,+3.44, +7.480,+10.312,+0.933
1669033680,+3.44, +7.461,+10.314,+0.933
1669033740,+3.44, +7.452,+10.296,+0.933
1669033800,+3.44, +7.452,+10.320,+0.933
1669033860,+3.44, +7.404,+10.317,+0.933
1669033920,+3.44, +7.413,+10.316,+0.933
1669033980,+3.44, +7.404,+10.283,+0.934
1669034040,+3.44, +7.404,+10.221,+0.933
1669034100,+3.44, +7.394,+10.220,+0.933
1669034160,+3.44, +7.385,+10.285,+0.934
1669034220,+3.44, +7.385,+10.305,+0.933
1669034280,+3.44, +7.394,+10.332,+0.933
1669034340,+3.44, +7.385,+10.358,+0.933
1669034400,+3.44, +7.385,+10.312,+0.933
1669034460,+3.44, +7.375,+10.220,+0.934
1669034520,+3.44, +7.394,+10.134,+0.933
1669034580,+3.44, +7.366,+10.141,+0.933
1669034640,+3.44, +7.356,+10.227,+0.933
1669034700,+3.44, +7.375,+10.295,+0.933
1669034760,+3.44, +7.347,+10.291,+0.933
1669034820,+3.44, +7.337,+10.265,+0.933
1669034880,+3.44, +7.366,+10.288,+0.933
1669034940,+3.44, +7.366,+10.338,+0.933
1669035000,+3.44, +7.356,+10.403,+0.934
1669035060,+3.44, +7.385,+10.446,+0.934
1669035120,+3.44, +7.366,+10.478,+0.933
1669035180,+3.44, +7.394,+10.474,+0.933
1669035240,+3.44, +7.404,+10.461,+0.933
1669035300,+3.44, +7.385,+10.740,+0.934
1669035360,+3.44, +7.404,+10.855,+0.933
1669035420,+3.44, +7.385,+10.896,+0.934
1669035480,+3.44, +7.385,+10.876,+0.934
1669035540,+3.44, +7.394,+10.800,+0.934
1669035600,+3.44, +7.413,+11.137,+0.934
1669035660,+3.44, +7.423,+11.164,+0.934
1669035720,+3.44, +7.385,+11.170,+0.934
1669035780,+3.44, +7.385,+11.168,+0.934
1669035840,+3.44, +7.385,+11.084,+0.934
1669035900,+3.44, +7.413,+10.944,+0.934
1669035960,+3.44, +7.394,+10.890,+0.934
1669036020,+3.44, +7.404,+10.837,+0.933
1669036080,+3.44, +7.413,+10.828,+0.934
1669036140,+3.44, +7.394,+10.834,+0.933
1669036200,+3.44, +7.413,+10.848,+0.934
1669036260,+3.44, +7.432,+10.834,+0.934
1669036320,+3.44, +7.432,+10.798,+0.934
1669036380,+3.44, +7.461,+10.766,+0.933
1669036440,+3.44, +7.461,+10.825,+0.934
1669036500,+3.44, +7.432,+10.941,+0.934
1669036560,+3.44, +7.452,+11.038,+0.934
1669036620,+3.44, +7.452,+11.110,+0.934
1669036680,+3.44, +7.442,+11.181,+0.933
1669036740,+3.44, +7.432,+11.325,+0.934
1669036800,+3.44, +7.442,+11.987,+0.934
1669036860,+3.44, +7.452,+12.792,+0.935
1669036920,+3.44, +7.423,+12.741,+0.934
1669036980,+3.44, +7.452,+12.087,+0.934
1669037040,+3.44, +7.432,+11.259,+0.933
1669037100,+3.44, +7.452,+10.703,+0.934
1669037160,+3.44, +7.413,+10.564,+0.933
1669037220,+3.44, +7.442,+11.017,+0.934
1669037280,+3.44, +7.442,+11.256,+0.934
1669037340,+3.44, +7.432,+11.273,+0.934
1669037400,+3.44, +7.432,+11.195,+0.934
1669037460,+3.44, +7.452,+11.145,+0.934
1669037520,+3.44, +7.452,+11.110,+0.934
1669037580,+3.44, +7.499,+11.051,+0.934
1669037640,+3.44, +7.518,+10.973,+0.934
1669037700,+3.44, +7.480,+10.940,+0.934
1669037760,+3.44, +7.518,+10.892,+0.934
1669037820,+3.44, +7.518,+10.912,+0.934
1669037880,+3.44, +7.528,+10.960,+0.934
1669037940,+3.44, +7.518,+11.002,+0.934
1669038000,+3.44, +7.528,+11.044,+0.934
1669038060,+3.44, +7.537,+11.121,+0.934
1669038120,+3.44, +7.547,+11.176,+0.934
1669038180,+3.44, +7.556,+11.210,+0.934
1669038240,+3.44, +7.575,+11.220,+0.934
1669038300,+3.44, +7.585,+11.275,+0.934
1669038360,+3.44, +7.613,+11.291,+0.934
1669038420,+3.44, +7.604,+11.316,+0.934
1669038480,+3.44, +7.670,+11.251,+0.934
1669038540,+3.44, +7.661,+11.239,+0.934
1669038600,+3.44, +7.670,+11.159,+0.934
1669038660,+3.44, +7.689,+10.991,+0.934
1669038720,+3.44, +7.670,+11.162,+0.934
1669038780,+3.44, +7.708,+11.151,+0.934
1669038840,+3.44, +7.680,+11.132,+0.934
1669038900,+3.44, +7.708,+10.709,+0.933
1669038960,+3.44, +7.699,+10.282,+0.933
1669039020,+3.44, +7.727, +9.943,+0.933
1669039080,+3.44, +7.727, +9.818,+0.933
1669039140,+3.44, +7.746, +9.875,+0.933
1669039200,+3.44, +7.765, +9.931,+0.933
1669039260,+3.44, +7.775, +9.906,+0.933
1669039320,+3.44, +7.784,+10.203,+0.933
1669039380,+3.44, +7.803,+11.212,+0.934
1669039440,+3.44, +7.832,+11.781,+0.934
1669039500,+3.44, +7.813,+12.578,+0.934
1669039560,+3.44, +7.822,+12.961,+0.935
1669039620,+3.44, +7.851,+12.923,+0.935
1669039680,+3.44, +7.841,+12.873,+0.935
1669039740,+3.44, +7.860,+12.695,+0.935
1669039800,+3.44, +7.851,+12.468,+0.935
1669039860,+3.44, +7.879,+11.923,+0.934
1669039920,+3.44, +7.870,+11.399,+0.934
1669039980,+3.44, +7.879,+10.854,+0.934
1669040040,+3.44, +7.879,+10.451,+0.933
1669040100,+3.44, +7.908,+11.064,+0.934
1669040160,+3.44, +7.898,+11.635,+0.934
1669040220,+3.44, +7.898,+12.129,+0.934
1669040280,+3.44, +7.936,+12.291,+0.935
1669040340,+3.44, +7.945,+12.283,+0.934
1669040400,+3.44, +7.936,+12.282,+0.934
1669040460,+3.44, +7.964,+12.199,+0.935
1669040520,+3.44, +7.936,+12.180,+0.934
1669040580,+3.44, +7.945,+12.048,+0.934
1669040640,+3.44, +7.974,+11.992,+0.935
1669040700,+3.44, +8.002,+11.950,+0.935
1669040760,+3.44, +7.983,+11.672,+0.934
1669040820,+3.44, +7.983,+11.586,+0.934
1669040880,+3.44, +7.983,+11.622,+0.934
1669040940,+3.44, +7.983,+11.565,+0.934
1669041000,+3.44, +7.993,+11.390,+0.934
1669041060,+3.44, +7.983,+11.157,+0.933
1669041120,+3.44, +7.974,+10.795,+0.934
1669041180,+3.44, +7.955,+10.300,+0.933
1669041240,+3.44, +7.964,+10.038,+0.933
1669041300,+3.44, +7.945, +9.807,+0.933
1669041360,+3.44, +7.955, +9.515,+0.933
1669041420,+3.44, +7.955, +9.343,+0.933
1669041480,+3.44, +7.983, +9.602,+0.933
1669041540,+3.44, +7.964,+10.361,+0.933
1669041600,+3.44, +7.974,+11.372,+0.934
1669041660,+3.44, +7.945,+12.519,+0.934
1669041720,+3.44, +7.964,+13.104,+0.935
1669041780,+3.44, +7.983,+13.180,+0.935
1669041840,+3.44, +7.955,+13.170,+0.935
1669041900,+3.44, +7.945,+13.134,+0.935
1669041960,+3.44, +7.993,+12.620,+0.935
1669042020,+3.44, +7.974,+11.950,+0.934
1669042080,+3.44, +7.964,+11.426,+0.933
1669042140,+3.44, +7.993,+11.081,+0.934
1669042200,+3.44, +7.983,+10.861,+0.934
1669042260,+3.44, +7.964,+10.713,+0.933
1669042320,+3.44, +7.974,+10.530,+0.934
1669042380,+3.44, +7.955,+10.465,+0.933
1669042440,+3.44, +7.964,+10.419,+0.933
1669042500,+3.44, +7.974,+10.360,+0.933
1669042560,+3.44, +7.955,+10.296,+0.933
1669042620,+3.44, +7.955,+10.264,+0.933
1669042680,+3.44, +7.936,+10.210,+0.934
1669042740,+3.44, +7.936, +9.924,+0.933
1669042800,+3.44, +7.926, +9.748,+0.933
1669042860,+3.44, +7.917, +9.739,+0.933
1669042920,+3.44, +7.917, +9.903,+0.933
1669042980,+3.44, +7.908, +9.964,+0.933
1669043040,+3.44, +7.936,+10.153,+0.933
1669043100,+3.44, +7.917,+10.230,+0.933
1669043160,+3.44, +7.917,+10.264,+0.933
1669043220,+3.44, +7.917,+10.411,+0.933
1669043280,+3.44, +7.917,+10.571,+0.934
1669043340,+3.44, +7.908,+10.663,+0.934
1669043400,+3.44, +7.889,+10.679,+0.933
1669043460,+3.44, +7.898,+10.676,+0.934
1669043520,+3.44, +7.898,+10.613,+0.933
1669043580,+3.44, +7.879,+10.408,+0.933
1669043640,+3.44, +7.889,+10.223,+0.933
1669043700,+3.44, +7.889,+10.214,+0.934
1669043760,+3.44, +7.889,+10.196,+0.933
1669043820,+3.44, +7.889,+10.172,+0.933
1669043880,+3.44, +7.879,+10.166,+0.933
1669043940,+3.44, +7.889,+10.105,+0.934
1669044000,+3.44, +7.889,+10.131,+0.933
1669044060,+3.44, +7.908,+10.152,+0.934
1669044120,+3.44, +7.889,+10.191,+0.933
1669044180,+3.44, +7.898,+10.174,+0.933
1669044240,+3.44, +7.908,+10.219,+0.933
1669044300,+3.44, +7.908,+10.370,+0.933
1669044360,+3.44, +7.936,+10.440,+0.933
1669044420,+3.44, +7.926,+10.491,+0.933
1669044480,+3.44, +7.936,+10.515,+0.933
1669044540,+3.44, +7.926,+10.531,+0.934
1669044600,+3.44, +7.926,+10.512,+0.934
1669044660,+3.44, +7.936,+10.498,+0.934
1669044720,+3.44, +7.926,+10.470,+0.933
1669044780,+3.44, +7.908,+10.409,+0.934
1669044840,+3.44, +7.889,+10.280,+0.933
1669044900,+3.44, +7.889,+10.144,+0.933
1669044960,+3.44, +7.898,+10.042,+0.933
1669045020,+3.44, +7.860,+10.028,+0.933
1669045080,+3.44, +7.860, +9.944,+0.933
1669045140,+3.44, +7.841, +9.897,+0.933
1669045200,+3.44, +7.822, +9.852,+0.933
1669045260,+3.44, +7.832, +9.864,+0.933
1669045320,+3.44, +7.851, +9.929,+0.933
1669045380,+3.44, +7.813,+10.005,+0.933
1669045440,+3.44, +7.832,+10.067,+0.933
1669045500,+3.44, +7.841,+10.188,+0.933
1669045560,+3.44, +7.841,+10.281,+0.933
1669045620,+3.44, +7.822,+10.265,+0.933
1669045680,+3.44, +7.832,+10.160,+0.934
1669045740,+3.44, +7.841,+10.026,+0.933
1669045800,+3.44, +7.822, +9.907,+0.933
1669045860,+3.44, +7.841, +9.718,+0.933
1669045920,+3.44, +7.822, +9.425,+0.933
1669045980,+3.44, +7.822, +9.177,+0.933
1669046040,+3.44, +7.803, +9.048,+0.933
1669046100,+3.44, +7.832, +9.054,+0.933
1669046160,+3.44, +7.822, +9.155,+0.933
1669046220,+3.44, +7.832, +9.348,+0.933
1669046280,+3.44, +7.813, +9.556,+0.933
1669046340,+3.44, +7.832, +9.766,+0.933
1669046400,+3.44, +7.832, +9.870,+0.933
1669046460,+3.44, +7.803, +9.888,+0.933
1669046520,+3.44, +7.813, +9.887,+0.933
1669046580,+3.44, +7.822, +9.897,+0.933
1669046640,+3.44, +7.822,+10.030,+0.933
1669046700,+3.44, +7.832,+10.323,+0.933
1669046760,+3.44, +7.841,+10.560,+0.934
1669046820,+3.44, +7.813,+10.779,+0.934
1669046880,+3.44, +7.851,+10.800,+0.934
1669046940,+3.44, +7.813,+10.662,+0.934
1669047000,+3.44, +7.784,+10.653,+0.933
1669047060,+3.44, +7.803,+10.706,+0.934
1669047120,+3.44, +7.813,+10.783,+0.933
1669047180,+3.44, +7.784,+10.682,+0.934
1669047240,+3.44, +7.784,+10.615,+0.934
1669047300,+3.44, +7.765,+10.544,+0.934
1669047360,+3.44, +7.765,+10.494,+0.933
1669047420,+3.44, +7.727,+10.475,+0.934
1669047480,+3.44, +7.737,+10.432,+0.934
1669047540,+3.44, +7.756,+10.399,+0.933
1669047600,+3.44, +7.718,+10.449,+0.933
1669047660,+3.44, +7.737,+10.412,+0.933
1669047720,+3.44, +7.727,+10.389,+0.933
1669047780,+3.44, +7.699,+10.364,+0.933
1669047840,+3.44, +7.718,+10.342,+0.933
1669047900,+3.44, +7.727,+10.324,+0.933
1669047960,+3.44, +7.708,+10.303,+0.933
1669048020,+3.44, +7.699,+10.240,+0.933
1669048080,+3.44, +7.718,+10.150,+0.933
1669048140,+3.44, +7.708,+10.036,+0.933
1669048200,+3.44, +7.708, +9.945,+0.933
1669048260,+3.44, +7.670, +9.865,+0.933
1669048320,+3.44, +7.708, +9.858,+0.933
1669048380,+3.44, +7.689, +9.833,+0.933
1669048440,+3.44, +7.699, +9.876,+0.933
1669048500,+3.44, +7.670, +9.963,+0.933
1669048560,+3.44, +7.680,+10.013,+0.933
1669048620,+3.44, +7.661,+10.123,+0.933
1669048680,+3.44, +7.632,+10.247,+0.934
1669048740,+3.44, +7.642,+10.373,+0.933
1669048800,+3.44, +7.661,+10.517,+0.933
1669048860,+3.44, +7.632,+10.619,+0.933
1669048920,+3.44, +7.632,+10.710,+0.933
1669048980,+3.44, +7.642,+10.748,+0.933
1669049040,+3.44, +7.632,+10.793,+0.934
1669049100,+3.44, +7.632,+10.852,+0.934
1669049160,+3.44, +7.651,+10.788,+0.934
1669049220,+3.44, +7.642,+10.826,+0.934
1669049280,+3.44, +7.632,+10.877,+0.933
1669049340,+3.44, +7.651,+10.903,+0.934
1669049400,+3.44, +7.661,+10.942,+0.934
