7450-364333
OS REV: 1.05 Sensor Cal: 1644948279
Time (sec),  BV (Volts),  T (deg C),  DO (mg/l),  Q ()
1665679860,+3.47,+16.716, +9.478,+0.941
1665679920,+3.47,+16.724, +9.475,+0.941
1665679980,+3.47,+16.716, +9.473,+0.941
1665680040,+3.47,+16.724, +9.474,+0.941
1665680100,+3.47,+16.707, +9.474,+0.941
1665680160,+3.47,+16.724, +9.490,+0.941
1665680220,+3.47,+16.724, +9.486,+0.941
1665680280,+3.47,+16.724, +9.480,+0.941
1665680340,+3.47,+16.724, +9.498,+0.941
1665680400,+3.47,+16.724, +9.520,+0.941
1665680460,+3.47,+16.724, +9.536,+0.941
1665680520,+3.47,+16.750, +9.548,+0.942
1665680580,+3.47,+16.741, +9.542,+0.941
1665680640,+3.47,+16.741, +9.547,+0.941
1665680700,+3.47,+16.733, +9.556,+0.941
1665680760,+3.47,+16.733, +9.550,+0.941
1665680820,+3.47,+16.750, +9.549,+0.941
1665680880,+3.47,+16.750, +9.542,+0.941
1665680940,+3.47,+16.724, +9.551,+0.941
1665681000,+3.47,+16.733, +9.563,+0.941
1665681060,+3.47,+16.733, +9.558,+0.941
1665681120,+3.47,+16.750, +9.571,+0.941
1665681180,+3.47,+16.767, +9.569,+0.941
1665681240,+3.47,+16.758, +9.559,+0.941
1665681300,+3.47,+16.767, +9.560,+0.941
1665681360,+3.47,+16.750, +9.564,+0.941
1665681420,+3.47,+16.733, +9.564,+0.941
1665681480,+3.47,+16.750, +9.576,+0.941
1665681540,+3.47,+16.767, +9.570,+0.941
1665681600,+3.47,+16.784, +9.561,+0.941
1665681660,+3.47,+16.775, +9.573,+0.941
1665681720,+3.47,+16.767, +9.569,+0.941
1665681780,+3.47,+16.775, +9.562,+0.941
1665681840,+3.47,+16.775, +9.567,+0.941
1665681900,+3.47,+16.784, +9.559,+0.941
1665681960,+3.47,+16.784, +9.567,+0.941
1665682020,+3.47,+16.801, +9.551,+0.941
1665682080,+3.47,+16.784, +9.527,+0.941
1665682140,+3.47,+16.784, +9.518,+0.941
1665682200,+3.47,+16.784, +9.513,+0.941
1665682260,+3.47,+16.792, +9.534,+0.941
1665682320,+3.47,+16.809, +9.518,+0.941
1665682380,+3.47,+16.818, +9.509,+0.941
1665682440,+3.47,+16.809, +9.530,+0.941
1665682500,+3.47,+16.826, +9.536,+0.941
1665682560,+3.47,+16.835, +9.554,+0.941
1665682620,+3.47,+16.843, +9.554,+0.941
1665682680,+3.47,+16.843, +9.555,+0.941
1665682740,+3.47,+16.843, +9.550,+0.941
1665682800,+3.47,+16.835, +9.563,+0.941
1665682860,+3.48,+16.843, +9.562,+0.941
1665682920,+3.47,+16.826, +9.574,+0.941
1665682980,+3.47,+16.826, +9.574,+0.941
1665683040,+3.47,+16.843, +9.572,+0.941
1665683100,+3.47,+16.852, +9.576,+0.941
1665683160,+3.48,+16.860, +9.578,+0.941
1665683220,+3.48,+16.852, +9.584,+0.941
1665683280,+3.48,+16.843, +9.577,+0.941
1665683340,+3.48,+16.843, +9.577,+0.941
1665683400,+3.48,+16.843, +9.595,+0.941
1665683460,+3.48,+16.852, +9.593,+0.941
1665683520,+3.48,+16.843, +9.607,+0.942
1665683580,+3.48,+16.835, +9.601,+0.941
1665683640,+3.48,+16.877, +9.587,+0.941
1665683700,+3.47,+16.860, +9.606,+0.941
1665683760,+3.48,+16.869, +9.607,+0.941
1665683820,+3.48,+16.843, +9.607,+0.941
1665683880,+3.47,+16.852, +9.597,+0.941
1665683940,+3.48,+16.852, +9.600,+0.941
1665684000,+3.48,+16.869, +9.597,+0.941
1665684060,+3.48,+16.852, +9.598,+0.941
1665684120,+3.48,+16.860, +9.599,+0.941
1665684180,+3.48,+16.860, +9.597,+0.941
1665684240,+3.48,+16.852, +9.606,+0.941
1665684300,+3.48,+16.877, +9.594,+0.941
1665684360,+3.48,+16.877, +9.597,+0.941
1665684420,+3.48,+16.869, +9.597,+0.941
1665684480,+3.48,+16.886, +9.587,+0.941
1665684540,+3.48,+16.877, +9.608,+0.941
1665684600,+3.48,+16.860, +9.619,+0.941
1665684660,+3.48,+16.869, +9.611,+0.940
1665684720,+3.48,+16.877, +9.625,+0.942
1665684780,+3.48,+16.877, +9.611,+0.941
1665684840,+3.48,+16.877, +9.613,+0.941
1665684900,+3.48,+16.877, +9.616,+0.941
1665684960,+3.48,+16.869, +9.611,+0.941
1665685020,+3.48,+16.894, +9.609,+0.941
1665685080,+3.48,+16.886, +9.619,+0.941
1665685140,+3.48,+16.886, +9.627,+0.941
1665685200,+3.48,+16.869, +9.622,+0.941
1665685260,+3.48,+16.869, +9.658,+0.941
1665685320,+3.48,+16.877, +9.687,+0.941
1665685380,+3.48,+16.869, +9.678,+0.941
1665685440,+3.48,+16.894, +9.662,+0.941
1665685500,+3.48,+16.877, +9.692,+0.942
1665685560,+3.48,+16.852, +9.710,+0.942
1665685620,+3.48,+16.877, +9.690,+0.941
1665685680,+3.48,+16.860, +9.711,+0.941
1665685740,+3.48,+16.886, +9.708,+0.941
1665685800,+3.48,+16.877, +9.719,+0.941
1665685860,+3.48,+16.860, +9.743,+0.941
1665685920,+3.48,+16.877, +9.753,+0.941
1665685980,+3.48,+16.877, +9.791,+0.941
1665686040,+3.48,+16.869, +9.796,+0.942
1665686100,+3.48,+16.860, +9.793,+0.941
1665686160,+3.48,+16.886, +9.800,+0.942
1665686220,+3.48,+16.869, +9.807,+0.941
1665686280,+3.48,+16.877, +9.808,+0.941
1665686340,+3.48,+16.894, +9.800,+0.941
1665686400,+3.48,+16.869, +9.803,+0.941
1665686460,+3.48,+16.877, +9.816,+0.941
1665686520,+3.48,+16.869, +9.825,+0.941
1665686580,+3.48,+16.869, +9.839,+0.941
1665686640,+3.48,+16.877, +9.840,+0.942
1665686700,+3.48,+16.877, +9.853,+0.942
1665686760,+3.48,+16.894, +9.852,+0.941
1665686820,+3.48,+16.903, +9.852,+0.942
1665686880,+3.48,+16.903, +9.871,+0.942
1665686940,+3.48,+16.886, +9.871,+0.941
1665687000,+3.48,+16.903, +9.863,+0.941
1665687060,+3.48,+16.903, +9.883,+0.941
1665687120,+3.48,+16.886, +9.879,+0.941
1665687180,+3.48,+16.920, +9.881,+0.941
1665687240,+3.48,+16.903, +9.888,+0.941
1665687300,+3.48,+16.894, +9.895,+0.942
1665687360,+3.48,+16.894, +9.879,+0.941
1665687420,+3.48,+16.894, +9.881,+0.941
1665687480,+3.48,+16.903, +9.873,+0.941
1665687540,+3.48,+16.894, +9.882,+0.942
1665687600,+3.48,+16.894, +9.877,+0.942
1665687660,+3.48,+16.903, +9.868,+0.941
1665687720,+3.48,+16.894, +9.862,+0.941
1665687780,+3.48,+16.894, +9.837,+0.941
1665687840,+3.48,+16.903, +9.842,+0.941
1665687900,+3.48,+16.894, +9.838,+0.941
1665687960,+3.48,+16.886, +9.835,+0.941
1665688020,+3.48,+16.903, +9.825,+0.942
1665688080,+3.48,+16.886, +9.814,+0.941
1665688140,+3.48,+16.903, +9.798,+0.941
1665688200,+3.48,+16.869, +9.771,+0.941
1665688260,+3.48,+16.877, +9.769,+0.941
1665688320,+3.48,+16.877, +9.757,+0.941
1665688380,+3.48,+16.869, +9.759,+0.941
1665688440,+3.48,+16.869, +9.695,+0.941
1665688500,+3.48,+16.869, +9.725,+0.942
1665688560,+3.48,+16.869, +9.666,+0.941
1665688620,+3.48,+16.869, +9.694,+0.941
1665688680,+3.48,+16.860, +9.683,+0.941
1665688740,+3.48,+16.860, +9.687,+0.941
1665688800,+3.48,+16.860, +9.654,+0.941
1665688860,+3.48,+16.860, +9.623,+0.941
1665688920,+3.48,+16.860, +9.613,+0.941
1665688980,+3.48,+16.869, +9.610,+0.941
1665689040,+3.48,+16.869, +9.620,+0.941
1665689100,+3.48,+16.869, +9.593,+0.941
1665689160,+3.48,+16.894, +9.567,+0.941
1665689220,+3.48,+16.886, +9.557,+0.941
1665689280,+3.48,+16.903, +9.556,+0.941
1665689340,+3.48,+16.886, +9.552,+0.941
1665689400,+3.48,+16.894, +9.535,+0.941
1665689460,+3.48,+16.903, +9.526,+0.941
1665689520,+3.48,+16.903, +9.501,+0.941
1665689580,+3.48,+16.903, +9.508,+0.941
1665689640,+3.48,+16.903, +9.494,+0.941
1665689700,+3.48,+16.920, +9.503,+0.941
1665689760,+3.48,+16.920, +9.498,+0.941
1665689820,+3.48,+16.928, +9.473,+0.941
1665689880,+3.48,+16.928, +9.437,+0.941
1665689940,+3.48,+16.928, +9.424,+0.941
1665690000,+3.48,+16.937, +9.429,+0.941
1665690060,+3.48,+16.937, +9.421,+0.941
1665690120,+3.48,+16.954, +9.410,+0.941
1665690180,+3.48,+16.954, +9.388,+0.941
1665690240,+3.48,+16.962, +9.363,+0.941
1665690300,+3.48,+16.954, +9.369,+0.941
1665690360,+3.48,+16.971, +9.364,+0.941
1665690420,+3.48,+16.979, +9.356,+0.941
1665690480,+3.48,+16.988, +9.358,+0.941
1665690540,+3.48,+16.996, +9.358,+0.941
1665690600,+3.48,+16.971, +9.366,+0.941
1665690660,+3.48,+16.954, +9.375,+0.941
1665690720,+3.48,+16.962, +9.373,+0.941
1665690780,+3.48,+16.971, +9.374,+0.941
1665690840,+3.48,+16.979, +9.389,+0.941
1665690900,+3.48,+16.971, +9.388,+0.941
1665690960,+3.48,+16.971, +9.408,+0.941
1665691020,+3.48,+16.979, +9.407,+0.941
1665691080,+3.48,+16.971, +9.407,+0.941
1665691140,+3.48,+16.979, +9.401,+0.941
1665691200,+3.48,+16.996, +9.413,+0.941
1665691260,+3.48,+16.971, +9.422,+0.941
1665691320,+3.48,+16.971, +9.422,+0.941
1665691380,+3.48,+16.971, +9.453,+0.941
1665691440,+3.48,+16.962, +9.438,+0.941
1665691500,+3.48,+16.971, +9.433,+0.941
1665691560,+3.48,+16.954, +9.460,+0.941
1665691620,+3.48,+16.937, +9.446,+0.941
1665691680,+3.48,+16.954, +9.446,+0.941
1665691740,+3.48,+16.945, +9.451,+0.941
1665691800,+3.48,+16.962, +9.464,+0.942
1665691860,+3.48,+16.954, +9.476,+0.941
1665691920,+3.48,+16.937, +9.483,+0.941
1665691980,+3.48,+16.945, +9.482,+0.941
1665692040,+3.48,+16.937, +9.483,+0.941
1665692100,+3.48,+16.911, +9.488,+0.941
1665692160,+3.48,+16.920, +9.468,+0.941
1665692220,+3.48,+16.928, +9.467,+0.941
1665692280,+3.48,+16.911, +9.492,+0.941
1665692340,+3.48,+16.920, +9.486,+0.941
1665692400,+3.48,+16.920, +9.478,+0.941
1665692460,+3.48,+16.937, +9.469,+0.941
1665692520,+3.48,+16.945, +9.481,+0.941
1665692580,+3.48,+16.945, +9.488,+0.941
1665692640,+3.48,+16.945, +9.481,+0.941
1665692700,+3.48,+16.937, +9.467,+0.941
1665692760,+3.48,+16.945, +9.465,+0.941
1665692820,+3.48,+16.971, +9.439,+0.941
1665692880,+3.48,+16.988, +9.451,+0.941
1665692940,+3.48,+16.979, +9.447,+0.941
1665693000,+3.48,+16.979, +9.438,+0.941
1665693060,+3.48,+16.971, +9.408,+0.941
1665693120,+3.48,+16.988, +9.410,+0.941
1665693180,+3.48,+16.996, +9.422,+0.941
1665693240,+3.48,+17.005, +9.397,+0.941
1665693300,+3.48,+17.013, +9.399,+0.941
1665693360,+3.48,+17.021, +9.378,+0.941
1665693420,+3.48,+17.038, +9.383,+0.941
1665693480,+3.48,+17.013, +9.372,+0.940
1665693540,+3.48,+17.030, +9.364,+0.941
1665693600,+3.48,+17.030, +9.360,+0.941
1665693660,+3.48,+17.047, +9.311,+0.941
1665693720,+3.48,+17.064, +9.306,+0.941
1665693780,+3.48,+17.047, +9.297,+0.941
1665693840,+3.48,+17.072, +9.271,+0.941
1665693900,+3.48,+17.081, +9.280,+0.941
1665693960,+3.48,+17.081, +9.294,+0.941
1665694020,+3.48,+17.072, +9.299,+0.941
1665694080,+3.48,+17.098, +9.285,+0.941
1665694140,+3.48,+17.098, +9.279,+0.941
1665694200,+3.48,+17.089, +9.277,+0.941
1665694260,+3.48,+17.081, +9.287,+0.941
1665694320,+3.48,+17.106, +9.269,+0.941
1665694380,+3.48,+17.098, +9.282,+0.941
1665694440,+3.48,+17.115, +9.280,+0.941
1665694500,+3.48,+17.123, +9.280,+0.941
1665694560,+3.48,+17.106, +9.292,+0.941
1665694620,+3.48,+17.115, +9.294,+0.941
1665694680,+3.48,+17.115, +9.297,+0.941
1665694740,+3.48,+17.123, +9.298,+0.941
1665694800,+3.48,+17.115, +9.293,+0.941
1665694860,+3.48,+17.132, +9.285,+0.941
1665694920,+3.48,+17.123, +9.281,+0.941
1665694980,+3.48,+17.132, +9.292,+0.941
1665695040,+3.48,+17.123, +9.274,+0.941
1665695100,+3.48,+17.123, +9.297,+0.941
1665695160,+3.48,+17.132, +9.293,+0.941
1665695220,+3.48,+17.132, +9.260,+0.941
1665695280,+3.48,+17.140, +9.258,+0.941
1665695340,+3.48,+17.140, +9.245,+0.941
1665695400,+3.48,+17.149, +9.236,+0.941
1665695460,+3.48,+17.157, +9.230,+0.941
1665695520,+3.48,+17.166, +9.228,+0.941
1665695580,+3.48,+17.149, +9.233,+0.941
1665695640,+3.48,+17.140, +9.246,+0.941
1665695700,+3.48,+17.166, +9.230,+0.941
1665695760,+3.48,+17.166, +9.224,+0.941
1665695820,+3.48,+17.174, +9.226,+0.941
1665695880,+3.48,+17.157, +9.228,+0.941
1665695940,+3.48,+17.166, +9.209,+0.941
1665696000,+3.48,+17.174, +9.199,+0.941
1665696060,+3.48,+17.166, +9.207,+0.941
1665696120,+3.48,+17.149, +9.229,+0.941
1665696180,+3.48,+17.157, +9.221,+0.941
1665696240,+3.48,+17.174, +9.206,+0.940
1665696300,+3.48,+17.166, +9.219,+0.941
1665696360,+3.48,+17.157, +9.205,+0.941
1665696420,+3.48,+17.157, +9.216,+0.941
1665696480,+3.48,+17.149, +9.215,+0.941
1665696540,+3.48,+17.166, +9.225,+0.941
1665696600,+3.48,+17.166, +9.238,+0.941
1665696660,+3.48,+17.149, +9.243,+0.941
1665696720,+3.48,+17.123, +9.272,+0.941
1665696780,+3.48,+17.132, +9.260,+0.941
1665696840,+3.48,+17.115, +9.292,+0.941
1665696900,+3.48,+17.098, +9.293,+0.941
1665696960,+3.48,+17.106, +9.301,+0.941
1665697020,+3.48,+17.098, +9.293,+0.941
1665697080,+3.48,+17.098, +9.297,+0.941
1665697140,+3.48,+17.098, +9.308,+0.941
1665697200,+3.48,+17.081, +9.309,+0.941
1665697260,+3.48,+17.098, +9.323,+0.941
1665697320,+3.48,+17.072, +9.327,+0.941
1665697380,+3.48,+17.072, +9.322,+0.941
1665697440,+3.48,+17.064, +9.326,+0.941
1665697500,+3.48,+17.081, +9.307,+0.941
1665697560,+3.48,+17.072, +9.309,+0.941
1665697620,+3.48,+17.081, +9.291,+0.941
1665697680,+3.48,+17.072, +9.294,+0.941
1665697740,+3.48,+17.098, +9.301,+0.942
1665697800,+3.48,+17.106, +9.294,+0.941
1665697860,+3.48,+17.081, +9.291,+0.941
1665697920,+3.48,+17.098, +9.286,+0.941
1665697980,+3.48,+17.089, +9.283,+0.941
1665698040,+3.48,+17.089, +9.274,+0.941
1665698100,+3.48,+17.098, +9.260,+0.941
1665698160,+3.48,+17.115, +9.244,+0.941
1665698220,+3.48,+17.081, +9.245,+0.941
1665698280,+3.48,+17.106, +9.226,+0.941
1665698340,+3.48,+17.115, +9.224,+0.941
1665698400,+3.48,+17.123, +9.235,+0.941
1665698460,+3.48,+17.089, +9.244,+0.941
1665698520,+3.48,+17.106, +9.240,+0.941
1665698580,+3.48,+17.115, +9.243,+0.941
1665698640,+3.48,+17.115, +9.253,+0.941
1665698700,+3.48,+17.149, +9.243,+0.941
1665698760,+3.48,+17.140, +9.250,+0.941
1665698820,+3.48,+17.140, +9.267,+0.941
1665698880,+3.48,+17.140, +9.260,+0.941
1665698940,+3.48,+17.149, +9.255,+0.941
1665699000,+3.48,+17.140, +9.265,+0.941
1665699060,+3.48,+17.157, +9.279,+0.941
1665699120,+3.48,+17.123, +9.289,+0.941
1665699180,+3.48,+17.106, +9.292,+0.941
1665699240,+3.48,+17.115, +9.277,+0.941
1665699300,+3.48,+17.123, +9.276,+0.941
1665699360,+3.48,+17.132, +9.285,+0.941
1665699420,+3.48,+17.123, +9.277,+0.941
1665699480,+3.48,+17.089, +9.287,+0.941
1665699540,+3.48,+17.081, +9.307,+0.941
1665699600,+3.48,+17.081, +9.306,+0.941
1665699660,+3.48,+17.072, +9.303,+0.941
1665699720,+3.48,+17.089, +9.285,+0.941
1665699780,+3.48,+17.098, +9.275,+0.941
1665699840,+3.48,+17.106, +9.275,+0.941
1665699900,+3.48,+17.106, +9.275,+0.941
1665699960,+3.48,+17.098, +9.274,+0.941
1665700020,+3.48,+17.089, +9.288,+0.941
1665700080,+3.48,+17.089, +9.289,+0.941
1665700140,+3.48,+17.115, +9.275,+0.941
1665700200,+3.48,+17.106, +9.284,+0.941
1665700260,+3.48,+17.106, +9.282,+0.941
1665700320,+3.48,+17.072, +9.284,+0.941
1665700380,+3.48,+17.072, +9.282,+0.940
1665700440,+3.48,+17.089, +9.286,+0.941
1665700500,+3.48,+17.072, +9.306,+0.941
1665700560,+3.48,+17.089, +9.303,+0.942
1665700620,+3.48,+17.072, +9.298,+0.941
1665700680,+3.48,+17.081, +9.284,+0.941
1665700740,+3.48,+17.089, +9.295,+0.941
1665700800,+3.48,+17.072, +9.293,+0.941
1665700860,+3.48,+17.081, +9.298,+0.941
1665700920,+3.48,+17.072, +9.304,+0.941
1665700980,+3.48,+17.089, +9.285,+0.941
1665701040,+3.48,+17.089, +9.284,+0.941
1665701100,+3.48,+17.123, +9.273,+0.941
1665701160,+3.48,+17.106, +9.276,+0.941
1665701220,+3.48,+17.106, +9.275,+0.941
1665701280,+3.48,+17.089, +9.283,+0.941
1665701340,+3.48,+17.098, +9.284,+0.941
1665701400,+3.48,+17.089, +9.280,+0.941
1665701460,+3.48,+17.072, +9.288,+0.941
1665701520,+3.48,+17.064, +9.290,+0.941
1665701580,+3.48,+17.047, +9.292,+0.941
1665701640,+3.48,+17.038, +9.299,+0.941
1665701700,+3.48,+17.030, +9.305,+0.941
1665701760,+3.48,+17.030, +9.298,+0.941
1665701820,+3.48,+17.038, +9.284,+0.941
1665701880,+3.48,+17.021, +9.307,+0.941
1665701940,+3.48,+17.030, +9.274,+0.941
1665702000,+3.48,+17.038, +9.277,+0.941
1665702060,+3.48,+17.047, +9.253,+0.940
1665702120,+3.48,+17.055, +9.248,+0.941
1665702180,+3.48,+17.064, +9.226,+0.941
1665702240,+3.48,+17.072, +9.215,+0.941
1665702300,+3.48,+17.081, +9.201,+0.941
1665702360,+3.48,+17.106, +9.208,+0.941
1665702420,+3.48,+17.123, +9.181,+0.941
1665702480,+3.48,+17.132, +9.191,+0.941
1665702540,+3.48,+17.132, +9.198,+0.941
1665702600,+3.48,+17.140, +9.190,+0.941
1665702660,+3.48,+17.140, +9.189,+0.940
1665702720,+3.48,+17.132, +9.201,+0.941
1665702780,+3.48,+17.157, +9.173,+0.941
1665702840,+3.48,+17.166, +9.174,+0.941
1665702900,+3.48,+17.182, +9.164,+0.941
1665702960,+3.48,+17.199, +9.166,+0.941
1665703020,+3.48,+17.199, +9.158,+0.941
1665703080,+3.48,+17.208, +9.143,+0.941
1665703140,+3.48,+17.208, +9.150,+0.941
1665703200,+3.48,+17.242, +9.139,+0.941
1665703260,+3.48,+17.225, +9.136,+0.941
1665703320,+3.48,+17.250, +9.124,+0.941
1665703380,+3.48,+17.250, +9.121,+0.941
1665703440,+3.48,+17.250, +9.115,+0.941
1665703500,+3.48,+17.242, +9.123,+0.941
1665703560,+3.48,+17.259, +9.107,+0.941
1665703620,+3.48,+17.259, +9.111,+0.941
1665703680,+3.48,+17.250, +9.098,+0.941
1665703740,+3.48,+17.242, +9.119,+0.941
1665703800,+3.48,+17.250, +9.096,+0.941
1665703860,+3.48,+17.259, +9.071,+0.941
1665703920,+3.48,+17.250, +9.112,+0.941
1665703980,+3.48,+17.233, +9.091,+0.940
1665704040,+3.48,+17.233, +9.116,+0.941
1665704100,+3.48,+17.208, +9.109,+0.941
1665704160,+3.48,+17.233, +9.102,+0.941
1665704220,+3.48,+17.233, +9.081,+0.941
1665704280,+3.48,+17.242, +9.079,+0.941
1665704340,+3.48,+17.233, +9.090,+0.941
1665704400,+3.48,+17.267, +9.088,+0.941
1665704460,+3.48,+17.242, +9.102,+0.941
1665704520,+3.48,+17.242, +9.094,+0.941
1665704580,+3.48,+17.225, +9.130,+0.941
1665704640,+3.48,+17.199, +9.112,+0.940
1665704700,+3.48,+17.216, +9.121,+0.941
1665704760,+3.48,+17.225, +9.101,+0.941
1665704820,+3.48,+17.216, +9.110,+0.940
1665704880,+3.48,+17.208, +9.111,+0.941
1665704940,+3.48,+17.199, +9.117,+0.940
1665705000,+3.48,+17.191, +9.123,+0.940
1665705060,+3.48,+17.166, +9.156,+0.940
1665705120,+3.48,+17.166, +9.132,+0.941
1665705180,+3.48,+17.166, +9.144,+0.941
1665705240,+3.48,+17.182, +9.158,+0.941
1665705300,+3.48,+17.149, +9.162,+0.940
1665705360,+3.48,+17.166, +9.176,+0.941
1665705420,+3.48,+17.149, +9.179,+0.941
1665705480,+3.48,+17.149, +9.168,+0.941
1665705540,+3.48,+17.149, +9.170,+0.941
1665705600,+3.48,+17.157, +9.148,+0.941
1665705660,+3.48,+17.140, +9.173,+0.941
1665705720,+3.48,+17.140, +9.171,+0.941
1665705780,+3.48,+17.157, +9.166,+0.941
1665705840,+3.48,+17.140, +9.141,+0.941
1665705900,+3.48,+17.140, +9.148,+0.941
1665705960,+3.48,+17.149, +9.125,+0.941
1665706020,+3.48,+17.166, +9.128,+0.941
1665706080,+3.48,+17.149, +9.125,+0.941
1665706140,+3.48,+17.149, +9.115,+0.941
1665706200,+3.48,+17.157, +9.108,+0.940
1665706260,+3.48,+17.157, +9.121,+0.941
1665706320,+3.48,+17.149, +9.084,+0.941
1665706380,+3.48,+17.149, +9.082,+0.941
1665706440,+3.48,+17.157, +9.064,+0.941
1665706500,+3.48,+17.166, +9.073,+0.941
1665706560,+3.48,+17.174, +9.049,+0.940
1665706620,+3.48,+17.157, +9.092,+0.941
1665706680,+3.48,+17.157, +9.114,+0.941
1665706740,+3.48,+17.149, +9.091,+0.940
1665706800,+3.48,+17.157, +9.063,+0.940
1665706860,+3.48,+17.149, +9.098,+0.941
1665706920,+3.48,+17.149, +9.108,+0.941
1665706980,+3.48,+17.157, +9.130,+0.941
1665707040,+3.48,+17.140, +9.139,+0.941
1665707100,+3.48,+17.149, +9.118,+0.941
1665707160,+3.48,+17.123, +9.158,+0.941
1665707220,+3.48,+17.132, +9.151,+0.941
1665707280,+3.48,+17.140, +9.152,+0.940
1665707340,+3.48,+17.132, +9.155,+0.941
1665707400,+3.48,+17.115, +9.174,+0.941
1665707460,+3.48,+17.115, +9.170,+0.941
1665707520,+3.48,+17.140, +9.144,+0.940
1665707580,+3.48,+17.140, +9.148,+0.941
1665707640,+3.48,+17.157, +9.131,+0.941
1665707700,+3.48,+17.174, +9.112,+0.941
1665707760,+3.48,+17.140, +9.129,+0.941
1665707820,+3.48,+17.132, +9.155,+0.941
1665707880,+3.48,+17.149, +9.135,+0.941
1665707940,+3.48,+17.157, +9.136,+0.941
1665708000,+3.48,+17.174, +9.145,+0.941
1665708060,+3.48,+17.157, +9.147,+0.941
1665708120,+3.48,+17.132, +9.158,+0.941
1665708180,+3.48,+17.140, +9.162,+0.941
1665708240,+3.48,+17.132, +9.164,+0.941
1665708300,+3.48,+17.123, +9.164,+0.941
1665708360,+3.48,+17.132, +9.170,+0.941
1665708420,+3.48,+17.123, +9.156,+0.941
1665708480,+3.48,+17.132, +9.165,+0.941
1665708540,+3.48,+17.123, +9.158,+0.940
1665708600,+3.48,+17.106, +9.169,+0.941
1665708660,+3.48,+17.115, +9.171,+0.941
1665708720,+3.48,+17.115, +9.166,+0.941
1665708780,+3.48,+17.115, +9.159,+0.941
1665708840,+3.48,+17.123, +9.156,+0.940
1665708900,+3.48,+17.115, +9.158,+0.940
1665708960,+3.48,+17.115, +9.160,+0.941
1665709020,+3.48,+17.132, +9.158,+0.941
1665709080,+3.48,+17.115, +9.178,+0.941
1665709140,+3.48,+17.115, +9.160,+0.941
1665709200,+3.48,+17.098, +9.180,+0.941
1665709260,+3.48,+17.106, +9.185,+0.941
1665709320,+3.48,+17.115, +9.170,+0.941
1665709380,+3.48,+17.123, +9.159,+0.941
1665709440,+3.48,+17.106, +9.168,+0.941
1665709500,+3.48,+17.115, +9.172,+0.941
1665709560,+3.48,+17.123, +9.151,+0.941
1665709620,+3.48,+17.098, +9.156,+0.941
1665709680,+3.48,+17.115, +9.157,+0.941
1665709740,+3.48,+17.115, +9.164,+0.941
1665709800,+3.48,+17.115, +9.148,+0.941
1665709860,+3.48,+17.115, +9.159,+0.941
1665709920,+3.48,+17.081, +9.166,+0.940
1665709980,+3.48,+17.115, +9.174,+0.941
1665710040,+3.48,+17.098, +9.176,+0.941
1665710100,+3.48,+17.115, +9.178,+0.941
1665710160,+3.48,+17.106, +9.173,+0.941
1665710220,+3.48,+17.106, +9.172,+0.941
1665710280,+3.48,+17.115, +9.153,+0.941
1665710340,+3.48,+17.106, +9.166,+0.941
1665710400,+3.48,+17.098, +9.180,+0.941
1665710460,+3.48,+17.098, +9.164,+0.940
1665710520,+3.48,+17.098, +9.164,+0.941
1665710580,+3.48,+17.123, +9.151,+0.941
1665710640,+3.48,+17.098, +9.173,+0.941
1665710700,+3.48,+17.106, +9.145,+0.941
1665710760,+3.48,+17.089, +9.197,+0.941
1665710820,+3.48,+17.081, +9.185,+0.941
1665710880,+3.48,+17.089, +9.193,+0.941
1665710940,+3.48,+17.089, +9.180,+0.941
1665711000,+3.48,+17.081, +9.186,+0.941
1665711060,+3.48,+17.072, +9.188,+0.941
1665711120,+3.48,+17.064, +9.208,+0.941
1665711180,+3.48,+17.072, +9.182,+0.941
1665711240,+3.48,+17.081, +9.177,+0.941
1665711300,+3.48,+17.115, +9.170,+0.941
1665711360,+3.48,+17.064, +9.215,+0.941
1665711420,+3.48,+17.072, +9.215,+0.941
1665711480,+3.48,+17.064, +9.198,+0.941
1665711540,+3.48,+17.081, +9.182,+0.941
1665711600,+3.48,+17.081, +9.175,+0.941
1665711660,+3.48,+17.047, +9.191,+0.940
1665711720,+3.48,+17.072, +9.195,+0.941
1665711780,+3.48,+17.064, +9.208,+0.941
1665711840,+3.48,+17.081, +9.195,+0.941
1665711900,+3.48,+17.081, +9.185,+0.940
1665711960,+3.48,+17.064, +9.194,+0.941
1665712020,+3.48,+17.072, +9.193,+0.941
1665712080,+3.48,+17.047, +9.203,+0.941
1665712140,+3.48,+17.064, +9.193,+0.941
1665712200,+3.48,+17.055, +9.203,+0.941
1665712260,+3.48,+17.047, +9.198,+0.940
1665712320,+3.48,+17.047, +9.206,+0.941
1665712380,+3.48,+17.030, +9.224,+0.941
1665712440,+3.48,+17.055, +9.230,+0.941
1665712500,+3.48,+17.038, +9.214,+0.941
1665712560,+3.48,+17.038, +9.208,+0.941
1665712620,+3.48,+17.038, +9.211,+0.941
1665712680,+3.48,+17.013, +9.213,+0.941
1665712740,+3.48,+17.038, +9.221,+0.941
1665712800,+3.48,+17.038, +9.210,+0.941
1665712860,+3.48,+17.030, +9.214,+0.941
1665712920,+3.48,+17.047, +9.201,+0.941
1665712980,+3.48,+17.038, +9.201,+0.941
1665713040,+3.48,+17.047, +9.210,+0.941
1665713100,+3.48,+17.038, +9.210,+0.941
1665713160,+3.48,+17.038, +9.204,+0.941
1665713220,+3.48,+17.047, +9.218,+0.941
1665713280,+3.48,+17.013, +9.230,+0.941
1665713340,+3.48,+17.038, +9.215,+0.941
1665713400,+3.48,+17.038, +9.207,+0.941
1665713460,+3.48,+17.038, +9.207,+0.941
1665713520,+3.48,+17.047, +9.208,+0.941
1665713580,+3.48,+17.047, +9.207,+0.941
1665713640,+3.48,+17.030, +9.225,+0.941
1665713700,+3.48,+17.047, +9.189,+0.940
1665713760,+3.48,+17.030, +9.199,+0.941
1665713820,+3.48,+17.038, +9.189,+0.941
1665713880,+3.48,+17.055, +9.189,+0.941
1665713940,+3.48,+17.047, +9.194,+0.941
1665714000,+3.48,+17.047, +9.198,+0.941
1665714060,+3.48,+17.047, +9.194,+0.941
1665714120,+3.48,+17.047, +9.179,+0.941
1665714180,+3.48,+17.047, +9.180,+0.941
1665714240,+3.48,+17.047, +9.189,+0.940
1665714300,+3.48,+17.038, +9.191,+0.941
1665714360,+3.48,+17.047, +9.180,+0.941
1665714420,+3.48,+17.055, +9.174,+0.941
1665714480,+3.48,+17.047, +9.169,+0.941
1665714540,+3.48,+17.072, +9.157,+0.940
1665714600,+3.48,+17.064, +9.152,+0.940
1665714660,+3.48,+17.072, +9.107,+0.941
1665714720,+3.48,+17.072, +9.079,+0.941
1665714780,+3.48,+17.106, +9.012,+0.941
1665714840,+3.48,+17.140, +8.930,+0.940
1665714900,+3.48,+17.149, +8.890,+0.940
1665714960,+3.48,+17.149, +8.893,+0.940
1665715020,+3.48,+17.157, +8.941,+0.941
1665715080,+3.48,+17.182, +8.907,+0.941
1665715140,+3.48,+17.174, +8.921,+0.941
1665715200,+3.48,+17.166, +8.921,+0.940
1665715260,+3.48,+17.166, +8.900,+0.941
1665715320,+3.48,+17.191, +8.856,+0.940
1665715380,+3.48,+17.182, +8.872,+0.941
1665715440,+3.48,+17.182, +8.861,+0.940
1665715500,+3.48,+17.182, +8.869,+0.940
1665715560,+3.48,+17.191, +8.854,+0.941
1665715620,+3.48,+17.208, +8.856,+0.940
1665715680,+3.48,+17.166, +8.886,+0.941
1665715740,+3.48,+17.199, +8.872,+0.940
1665715800,+3.48,+17.191, +8.883,+0.941
1665715860,+3.48,+17.174, +8.919,+0.941
1665715920,+3.48,+17.191, +8.885,+0.941
1665715980,+3.48,+17.166, +8.889,+0.940
1665716040,+3.48,+17.166, +8.915,+0.941
1665716100,+3.48,+17.157, +8.910,+0.940
1665716160,+3.48,+17.174, +8.905,+0.941
1665716220,+3.48,+17.166, +8.858,+0.941
1665716280,+3.48,+17.182, +8.860,+0.940
1665716340,+3.48,+17.157, +8.886,+0.941
1665716400,+3.48,+17.191, +8.829,+0.941
1665716460,+3.48,+17.182, +8.807,+0.941
1665716520,+3.48,+17.191, +8.812,+0.941
1665716580,+3.48,+17.191, +8.809,+0.941
1665716640,+3.48,+17.174, +8.786,+0.941
1665716700,+3.48,+17.191, +8.781,+0.941
1665716760,+3.48,+17.199, +8.758,+0.941
1665716820,+3.48,+17.182, +8.757,+0.940
1665716880,+3.48,+17.191, +8.768,+0.941
1665716940,+3.48,+17.199, +8.745,+0.940
1665717000,+3.48,+17.216, +8.742,+0.941
1665717060,+3.48,+17.199, +8.735,+0.941
1665717120,+3.48,+17.216, +8.722,+0.941
1665717180,+3.48,+17.225, +8.708,+0.940
1665717240,+3.48,+17.208, +8.720,+0.941
1665717300,+3.48,+17.225, +8.728,+0.941
1665717360,+3.48,+17.208, +8.742,+0.941
1665717420,+3.48,+17.199, +8.759,+0.940
1665717480,+3.48,+17.208, +8.757,+0.940
1665717540,+3.48,+17.199, +8.790,+0.941
1665717600,+3.48,+17.191, +8.791,+0.940
1665717660,+3.48,+17.208, +8.802,+0.941
1665717720,+3.48,+17.191, +8.814,+0.941
1665717780,+3.48,+17.208, +8.828,+0.941
1665717840,+3.48,+17.166, +8.855,+0.941
1665717900,+3.48,+17.166, +8.899,+0.940
1665717960,+3.48,+17.132, +8.939,+0.941
1665718020,+3.48,+17.123, +8.928,+0.941
1665718080,+3.48,+17.140, +8.929,+0.940
1665718140,+3.48,+17.123, +8.983,+0.941
1665718200,+3.48,+17.081, +8.989,+0.941
1665718260,+3.48,+17.123, +8.991,+0.940
1665718320,+3.48,+17.106, +9.016,+0.941
1665718380,+3.48,+17.098, +9.075,+0.941
1665718440,+3.48,+17.081, +9.077,+0.941
1665718500,+3.48,+17.072, +9.056,+0.941
1665718560,+3.48,+17.089, +9.085,+0.941
1665718620,+3.48,+17.089, +9.104,+0.941
1665718680,+3.48,+17.089, +9.092,+0.941
1665718740,+3.48,+17.089, +9.069,+0.940
1665718800,+3.48,+17.072, +9.045,+0.940
1665718860,+3.48,+17.081, +9.083,+0.941
1665718920,+3.48,+17.072, +9.044,+0.941
1665718980,+3.48,+17.072, +9.057,+0.941
1665719040,+3.48,+17.081, +9.076,+0.941
1665719100,+3.48,+17.064, +9.074,+0.941
1665719160,+3.48,+17.081, +9.067,+0.941
1665719220,+3.48,+17.081, +9.044,+0.941
1665719280,+3.48,+17.081, +9.048,+0.941
1665719340,+3.48,+17.072, +9.053,+0.941
1665719400,+3.48,+17.089, +9.024,+0.940
1665719460,+3.48,+17.089, +9.022,+0.941
1665719520,+3.48,+17.081, +9.026,+0.940
1665719580,+3.48,+17.081, +9.054,+0.941
1665719640,+3.48,+17.089, +9.042,+0.940
1665719700,+3.48,+17.081, +9.052,+0.941
1665719760,+3.48,+17.081, +9.033,+0.941
1665719820,+3.48,+17.089, +9.009,+0.940
1665719880,+3.48,+17.115, +8.982,+0.941
1665719940,+3.48,+17.106, +8.967,+0.941
1665720000,+3.48,+17.098, +8.964,+0.941
1665720060,+3.48,+17.098, +8.969,+0.940
1665720120,+3.48,+17.106, +8.978,+0.941
1665720180,+3.48,+17.081, +9.001,+0.941
1665720240,+3.48,+17.098, +9.028,+0.941
1665720300,+3.48,+17.072, +9.049,+0.941
1665720360,+3.48,+17.081, +9.023,+0.941
1665720420,+3.48,+17.098, +8.988,+0.940
1665720480,+3.48,+17.072, +8.992,+0.941
1665720540,+3.48,+17.072, +8.993,+0.941
1665720600,+3.48,+17.055, +8.999,+0.940
1665720660,+3.48,+17.064, +9.017,+0.941
1665720720,+3.48,+17.047, +9.009,+0.940
1665720780,+3.48,+17.072, +9.009,+0.941
1665720840,+3.48,+17.064, +9.013,+0.941
1665720900,+3.48,+17.089, +9.002,+0.941
1665720960,+3.48,+17.081, +9.001,+0.941
1665721020,+3.48,+17.081, +8.995,+0.940
1665721080,+3.48,+17.064, +9.012,+0.941
1665721140,+3.48,+17.081, +9.012,+0.941
1665721200,+3.48,+17.072, +9.009,+0.941
1665721260,+3.48,+17.081, +9.008,+0.941
1665721320,+3.48,+17.081, +8.993,+0.940
1665721380,+3.48,+17.089, +8.999,+0.941
1665721440,+3.48,+17.072, +9.004,+0.941
1665721500,+3.48,+17.089, +8.992,+0.941
1665721560,+3.48,+17.081, +8.983,+0.941
1665721620,+3.48,+17.098, +8.960,+0.941
1665721680,+3.48,+17.132, +8.912,+0.941
1665721740,+3.48,+17.149, +8.907,+0.940
1665721800,+3.48,+17.149, +8.900,+0.941
1665721860,+3.48,+17.157, +8.918,+0.940
1665721920,+3.48,+17.140, +8.909,+0.941
1665721980,+3.48,+17.149, +8.909,+0.941
1665722040,+3.48,+17.166, +8.922,+0.941
1665722100,+3.48,+17.174, +8.883,+0.941
1665722160,+3.48,+17.182, +8.890,+0.941
1665722220,+3.48,+17.191, +8.905,+0.941
1665722280,+3.48,+17.166, +8.911,+0.940
1665722340,+3.48,+17.166, +8.903,+0.941
1665722400,+3.48,+17.182, +8.880,+0.941
1665722460,+3.48,+17.191, +8.885,+0.941
1665722520,+3.48,+17.166, +8.878,+0.940
1665722580,+3.48,+17.157, +8.874,+0.940
1665722640,+3.48,+17.182, +8.866,+0.940
1665722700,+3.48,+17.174, +8.873,+0.941
1665722760,+3.48,+17.166, +8.873,+0.940
1665722820,+3.48,+17.182, +8.870,+0.940
1665722880,+3.48,+17.174, +8.893,+0.941
1665722940,+3.48,+17.149, +8.902,+0.941
1665723000,+3.48,+17.157, +8.910,+0.940
1665723060,+3.48,+17.140, +8.939,+0.941
1665723120,+3.48,+17.140, +8.939,+0.941
1665723180,+3.48,+17.157, +8.938,+0.941
1665723240,+3.48,+17.132, +8.951,+0.940
1665723300,+3.48,+17.115, +8.961,+0.941
1665723360,+3.48,+17.115, +8.961,+0.941
1665723420,+3.48,+17.132, +8.958,+0.941
1665723480,+3.48,+17.132, +8.947,+0.941
1665723540,+3.48,+17.115, +8.944,+0.941
1665723600,+3.48,+17.106, +8.948,+0.941
1665723660,+3.48,+17.132, +8.947,+0.941
1665723720,+3.48,+17.106, +8.956,+0.941
1665723780,+3.48,+17.106, +8.947,+0.940
1665723840,+3.48,+17.132, +8.942,+0.941
1665723900,+3.48,+17.106, +8.942,+0.940
1665723960,+3.48,+17.098, +8.944,+0.941
1665724020,+3.48,+17.106, +8.949,+0.940
1665724080,+3.48,+17.123, +8.949,+0.941
1665724140,+3.48,+17.106, +8.945,+0.940
1665724200,+3.48,+17.106, +8.953,+0.941
1665724260,+3.48,+17.106, +8.951,+0.941
1665724320,+3.48,+17.098, +8.953,+0.941
1665724380,+3.48,+17.115, +8.955,+0.941
1665724440,+3.48,+17.098, +8.957,+0.941
1665724500,+3.48,+17.098, +8.952,+0.940
1665724560,+3.48,+17.106, +8.956,+0.941
1665724620,+3.48,+17.089, +8.944,+0.940
1665724680,+3.48,+17.098, +8.951,+0.941
1665724740,+3.48,+17.089, +8.966,+0.941
1665724800,+3.48,+17.089, +8.970,+0.941
1665724860,+3.48,+17.081, +8.972,+0.941
1665724920,+3.48,+17.081, +8.970,+0.941
1665724980,+3.48,+17.106, +8.957,+0.940
1665725040,+3.48,+17.106, +8.966,+0.941
1665725100,+3.48,+17.106, +8.966,+0.941
1665725160,+3.48,+17.081, +8.975,+0.940
1665725220,+3.48,+17.098, +8.966,+0.941
1665725280,+3.48,+17.140, +8.935,+0.940
1665725340,+3.48,+17.132, +8.937,+0.941
1665725400,+3.48,+17.166, +8.894,+0.940
1665725460,+3.48,+17.208, +8.892,+0.940
1665725520,+3.48,+17.166, +8.936,+0.940
1665725580,+3.48,+17.174, +8.922,+0.941
1665725640,+3.48,+17.199, +8.908,+0.941
1665725700,+3.48,+17.216, +8.890,+0.941
1665725760,+3.48,+17.191, +8.921,+0.941
1665725820,+3.48,+17.182, +8.946,+0.941
1665725880,+3.48,+17.157, +8.948,+0.940
1665725940,+3.48,+17.157, +8.952,+0.941
1665726000,+3.48,+17.149, +8.965,+0.941
1665726060,+3.48,+17.140, +8.947,+0.941
1665726120,+3.48,+17.191, +8.901,+0.940
1665726180,+3.48,+17.225, +8.849,+0.941
1665726240,+3.48,+17.259, +8.856,+0.940
1665726300,+3.48,+17.276, +8.832,+0.940
1665726360,+3.48,+17.259, +8.868,+0.940
1665726420,+3.48,+17.233, +8.894,+0.940
1665726480,+3.48,+17.225, +8.877,+0.940
1665726540,+3.48,+17.233, +8.870,+0.940
1665726600,+3.48,+17.242, +8.882,+0.941
1665726660,+3.48,+17.208, +8.889,+0.941
1665726720,+3.48,+17.259, +8.851,+0.941
1665726780,+3.48,+17.233, +8.861,+0.940
1665726840,+3.48,+17.242, +8.883,+0.940
1665726900,+3.48,+17.216, +8.924,+0.941
1665726960,+3.48,+17.216, +8.868,+0.940
1665727020,+3.48,+17.250, +8.837,+0.941
1665727080,+3.48,+17.267, +8.841,+0.940
1665727140,+3.48,+17.242, +8.877,+0.940
1665727200,+3.48,+17.233, +8.874,+0.941
1665727260,+3.48,+17.242, +8.871,+0.941
1665727320,+3.48,+17.233, +8.865,+0.941
1665727380,+3.48,+17.242, +8.848,+0.941
1665727440,+3.48,+17.242, +8.840,+0.940
1665727500,+3.48,+17.250, +8.862,+0.940
1665727560,+3.48,+17.216, +8.890,+0.941
1665727620,+3.48,+17.250, +8.860,+0.941
1665727680,+3.48,+17.242, +8.878,+0.941
1665727740,+3.48,+17.276, +8.836,+0.941
1665727800,+3.48,+17.276, +8.827,+0.941
1665727860,+3.48,+17.276, +8.818,+0.941
1665727920,+3.48,+17.301, +8.809,+0.940
1665727980,+3.48,+17.301, +8.834,+0.940
1665728040,+3.48,+17.293, +8.821,+0.940
1665728100,+3.48,+17.293, +8.829,+0.940
1665728160,+3.48,+17.284, +8.829,+0.940
1665728220,+3.48,+17.267, +8.821,+0.941
1665728280,+3.48,+17.301, +8.804,+0.941
1665728340,+3.48,+17.310, +8.797,+0.941
1665728400,+3.48,+17.301, +8.799,+0.941
1665728460,+3.48,+17.343, +8.783,+0.941
1665728520,+3.48,+17.318, +8.787,+0.941
1665728580,+3.48,+17.352, +8.761,+0.941
1665728640,+3.48,+17.326, +8.796,+0.940
1665728700,+3.48,+17.301, +8.826,+0.940
1665728760,+3.48,+17.310, +8.816,+0.940
1665728820,+3.48,+17.293, +8.817,+0.941
1665728880,+3.48,+17.293, +8.817,+0.941
1665728940,+3.48,+17.301, +8.813,+0.941
1665729000,+3.48,+17.310, +8.808,+0.941
1665729060,+3.48,+17.293, +8.829,+0.941
1665729120,+3.48,+17.301, +8.812,+0.940
1665729180,+3.48,+17.293, +8.809,+0.941
1665729240,+3.48,+17.284, +8.797,+0.941
1665729300,+3.48,+17.293, +8.799,+0.940
1665729360,+3.48,+17.301, +8.797,+0.941
1665729420,+3.48,+17.293, +8.795,+0.940
1665729480,+3.48,+17.301, +8.794,+0.940
1665729540,+3.48,+17.293, +8.788,+0.941
1665729600,+3.48,+17.301, +8.780,+0.941
1665729660,+3.48,+17.318, +8.741,+0.940
1665729720,+3.48,+17.343, +8.739,+0.941
1665729780,+3.48,+17.360, +8.717,+0.940
1665729840,+3.48,+17.360, +8.713,+0.940
1665729900,+3.48,+17.360, +8.719,+0.941
1665729960,+3.48,+17.343, +8.734,+0.940
1665730020,+3.48,+17.369, +8.707,+0.940
1665730080,+3.48,+17.352, +8.727,+0.941
1665730140,+3.47,+17.369, +8.707,+0.940
1665730200,+3.47,+17.377, +8.705,+0.940
1665730260,+3.48,+17.386, +8.699,+0.940
1665730320,+3.47,+17.369, +8.708,+0.940
1665730380,+3.47,+17.377, +8.692,+0.941
1665730440,+3.48,+17.403, +8.695,+0.941
1665730500,+3.48,+17.377, +8.690,+0.940
1665730560,+3.47,+17.377, +8.681,+0.941
1665730620,+3.48,+17.377, +8.686,+0.940
1665730680,+3.48,+17.394, +8.670,+0.940
1665730740,+3.48,+17.377, +8.670,+0.940
1665730800,+3.48,+17.386, +8.682,+0.941
1665730860,+3.47,+17.394, +8.691,+0.941
1665730920,+3.48,+17.386, +8.715,+0.941
1665730980,+3.47,+17.377, +8.715,+0.940
1665731040,+3.48,+17.377, +8.717,+0.941
1665731100,+3.48,+17.377, +8.706,+0.940
1665731160,+3.47,+17.377, +8.724,+0.940
1665731220,+3.48,+17.360, +8.735,+0.941
1665731280,+3.48,+17.377, +8.724,+0.941
1665731340,+3.48,+17.377, +8.705,+0.941
1665731400,+3.47,+17.369, +8.704,+0.940
1665731460,+3.48,+17.386, +8.712,+0.940
1665731520,+3.48,+17.386, +8.701,+0.940
1665731580,+3.47,+17.377, +8.709,+0.940
1665731640,+3.48,+17.386, +8.708,+0.941
1665731700,+3.48,+17.377, +8.705,+0.941
1665731760,+3.48,+17.369, +8.713,+0.941
1665731820,+3.48,+17.369, +8.703,+0.940
1665731880,+3.48,+17.386, +8.698,+0.941
1665731940,+3.48,+17.369, +8.703,+0.941
1665732000,+3.48,+17.394, +8.695,+0.941
1665732060,+3.48,+17.369, +8.700,+0.941
1665732120,+3.47,+17.394, +8.688,+0.940
1665732180,+3.47,+17.394, +8.694,+0.941
1665732240,+3.47,+17.394, +8.689,+0.940
1665732300,+3.47,+17.403, +8.680,+0.941
1665732360,+3.47,+17.403, +8.674,+0.940
1665732420,+3.47,+17.403, +8.684,+0.941
1665732480,+3.48,+17.394, +8.673,+0.940
1665732540,+3.47,+17.420, +8.661,+0.940
1665732600,+3.47,+17.428, +8.669,+0.940
1665732660,+3.47,+17.436, +8.665,+0.940
1665732720,+3.47,+17.420, +8.678,+0.941
1665732780,+3.47,+17.428, +8.660,+0.940
1665732840,+3.47,+17.420, +8.675,+0.940
1665732900,+3.47,+17.436, +8.671,+0.940
1665732960,+3.48,+17.411, +8.674,+0.940
1665733020,+3.47,+17.394, +8.682,+0.941
1665733080,+3.48,+17.420, +8.684,+0.940
1665733140,+3.47,+17.420, +8.688,+0.941
1665733200,+3.48,+17.411, +8.693,+0.941
1665733260,+3.47,+17.411, +8.704,+0.941
1665733320,+3.48,+17.403, +8.693,+0.940
1665733380,+3.48,+17.411, +8.697,+0.940
1665733440,+3.47,+17.394, +8.701,+0.941
1665733500,+3.48,+17.411, +8.694,+0.940
1665733560,+3.48,+17.403, +8.702,+0.941
1665733620,+3.47,+17.403, +8.692,+0.940
1665733680,+3.47,+17.403, +8.687,+0.940
1665733740,+3.47,+17.420, +8.679,+0.941
1665733800,+3.48,+17.403, +8.672,+0.941
1665733860,+3.48,+17.394, +8.678,+0.941
1665733920,+3.47,+17.411, +8.678,+0.941
1665733980,+3.48,+17.411, +8.679,+0.940
1665734040,+3.47,+17.420, +8.680,+0.941
1665734100,+3.47,+17.420, +8.666,+0.940
1665734160,+3.47,+17.428, +8.670,+0.940
1665734220,+3.47,+17.436, +8.666,+0.941
1665734280,+3.47,+17.411, +8.670,+0.940
1665734340,+3.47,+17.420, +8.678,+0.941
1665734400,+3.48,+17.403, +8.678,+0.940
1665734460,+3.48,+17.420, +8.678,+0.941
1665734520,+3.48,+17.420, +8.666,+0.941
1665734580,+3.48,+17.428, +8.673,+0.941
1665734640,+3.48,+17.436, +8.675,+0.941
1665734700,+3.48,+17.436, +8.668,+0.941
1665734760,+3.48,+17.420, +8.664,+0.940
1665734820,+3.47,+17.420, +8.668,+0.940
1665734880,+3.47,+17.420, +8.679,+0.941
1665734940,+3.48,+17.428, +8.664,+0.941
1665735000,+3.47,+17.436, +8.661,+0.941
1665735060,+3.47,+17.428, +8.665,+0.940
1665735120,+3.48,+17.436, +8.672,+0.941
1665735180,+3.48,+17.436, +8.672,+0.941
1665735240,+3.48,+17.394, +8.672,+0.940
1665735300,+3.48,+17.403, +8.673,+0.941
1665735360,+3.48,+17.420, +8.664,+0.940
1665735420,+3.47,+17.428, +8.667,+0.940
1665735480,+3.47,+17.411, +8.674,+0.941
1665735540,+3.47,+17.436, +8.663,+0.941
1665735600,+3.48,+17.428, +8.652,+0.941
1665735660,+3.47,+17.420, +8.651,+0.940
1665735720,+3.48,+17.428, +8.655,+0.941
1665735780,+3.47,+17.428, +8.658,+0.940
1665735840,+3.47,+17.428, +8.652,+0.940
1665735900,+3.47,+17.428, +8.657,+0.941
1665735960,+3.47,+17.428, +8.653,+0.940
1665736020,+3.48,+17.428, +8.648,+0.940
1665736080,+3.48,+17.428, +8.654,+0.940
1665736140,+3.48,+17.403, +8.652,+0.940
1665736200,+3.48,+17.420, +8.664,+0.940
1665736260,+3.48,+17.428, +8.660,+0.941
1665736320,+3.48,+17.411, +8.668,+0.941
1665736380,+3.48,+17.411, +8.663,+0.940
1665736440,+3.48,+17.428, +8.653,+0.940
1665736500,+3.48,+17.420, +8.662,+0.941
1665736560,+3.48,+17.420, +8.656,+0.941
1665736620,+3.48,+17.411, +8.648,+0.940
1665736680,+3.48,+17.411, +8.648,+0.940
1665736740,+3.48,+17.428, +8.654,+0.941
1665736800,+3.48,+17.411, +8.656,+0.940
1665736860,+3.47,+17.420, +8.662,+0.941
1665736920,+3.47,+17.428, +8.643,+0.940
1665736980,+3.48,+17.420, +8.652,+0.940
1665737040,+3.47,+17.420, +8.653,+0.940
1665737100,+3.47,+17.411, +8.663,+0.941
1665737160,+3.48,+17.436, +8.645,+0.941
1665737220,+3.47,+17.428, +8.632,+0.940
1665737280,+3.48,+17.411, +8.652,+0.940
1665737340,+3.48,+17.403, +8.656,+0.940
1665737400,+3.48,+17.411, +8.644,+0.940
1665737460,+3.48,+17.428, +8.645,+0.941
1665737520,+3.48,+17.420, +8.642,+0.940
1665737580,+3.48,+17.428, +8.630,+0.940
1665737640,+3.48,+17.420, +8.638,+0.940
1665737700,+3.48,+17.411, +8.648,+0.940
1665737760,+3.48,+17.420, +8.637,+0.940
1665737820,+3.48,+17.411, +8.633,+0.940
1665737880,+3.48,+17.411, +8.645,+0.940
1665737940,+3.48,+17.403, +8.648,+0.941
1665738000,+3.48,+17.420, +8.636,+0.940
1665738060,+3.48,+17.420, +8.633,+0.940
1665738120,+3.48,+17.420, +8.630,+0.940
1665738180,+3.48,+17.428, +8.638,+0.940
1665738240,+3.47,+17.428, +8.637,+0.941
1665738300,+3.48,+17.403, +8.637,+0.941
1665738360,+3.48,+17.420, +8.624,+0.941
1665738420,+3.48,+17.411, +8.630,+0.940
1665738480,+3.48,+17.428, +8.625,+0.940
1665738540,+3.48,+17.436, +8.628,+0.941
1665738600,+3.48,+17.411, +8.636,+0.940
1665738660,+3.48,+17.420, +8.639,+0.941
1665738720,+3.48,+17.411, +8.621,+0.940
1665738780,+3.48,+17.411, +8.621,+0.941
1665738840,+3.48,+17.411, +8.624,+0.941
1665738900,+3.48,+17.420, +8.602,+0.940
1665738960,+3.48,+17.420, +8.600,+0.940
1665739020,+3.48,+17.436, +8.598,+0.940
1665739080,+3.48,+17.411, +8.598,+0.940
1665739140,+3.48,+17.428, +8.569,+0.940
1665739200,+3.48,+17.411, +8.585,+0.940
1665739260,+3.48,+17.428, +8.581,+0.940
1665739320,+3.48,+17.420, +8.577,+0.941
1665739380,+3.48,+17.403, +8.544,+0.940
1665739440,+3.48,+17.428, +8.541,+0.940
1665739500,+3.48,+17.411, +8.544,+0.940
1665739560,+3.48,+17.411, +8.552,+0.940
1665739620,+3.48,+17.403, +8.548,+0.940
1665739680,+3.48,+17.436, +8.527,+0.941
1665739740,+3.48,+17.420, +8.516,+0.940
1665739800,+3.48,+17.420, +8.523,+0.940
1665739860,+3.47,+17.436, +8.496,+0.940
1665739920,+3.48,+17.403, +8.511,+0.940
1665739980,+3.48,+17.411, +8.548,+0.941
1665740040,+3.48,+17.428, +8.575,+0.940
1665740100,+3.48,+17.403, +8.601,+0.940
1665740160,+3.48,+17.403, +8.553,+0.940
1665740220,+3.48,+17.403, +8.592,+0.941
1665740280,+3.48,+17.411, +8.605,+0.940
1665740340,+3.48,+17.428, +8.604,+0.940
1665740400,+3.48,+17.403, +8.619,+0.940
1665740460,+3.48,+17.420, +8.601,+0.940
1665740520,+3.48,+17.420, +8.610,+0.940
1665740580,+3.48,+17.420, +8.617,+0.941
1665740640,+3.48,+17.394, +8.618,+0.941
1665740700,+3.48,+17.386, +8.621,+0.940
1665740760,+3.48,+17.403, +8.613,+0.940
1665740820,+3.48,+17.369, +8.606,+0.940
1665740880,+3.48,+17.403, +8.607,+0.940
1665740940,+3.48,+17.394, +8.614,+0.941
1665741000,+3.48,+17.377, +8.600,+0.941
1665741060,+3.48,+17.369, +8.609,+0.940
1665741120,+3.48,+17.386, +8.604,+0.941
1665741180,+3.48,+17.369, +8.606,+0.941
1665741240,+3.48,+17.360, +8.610,+0.941
1665741300,+3.48,+17.310, +8.649,+0.940
1665741360,+3.48,+17.310, +8.654,+0.941
1665741420,+3.48,+17.259, +8.715,+0.941
1665741480,+3.48,+17.242, +8.696,+0.941
1665741540,+3.48,+17.199, +8.717,+0.940
1665741600,+3.48,+17.182, +8.731,+0.941
1665741660,+3.48,+17.166, +8.727,+0.941
1665741720,+3.48,+17.166, +8.719,+0.941
1665741780,+3.48,+17.157, +8.731,+0.940
1665741840,+3.48,+17.199, +8.713,+0.940
1665741900,+3.48,+17.216, +8.691,+0.941
1665741960,+3.48,+17.242, +8.658,+0.941
1665742020,+3.48,+17.242, +8.651,+0.941
1665742080,+3.48,+17.276, +8.632,+0.941
1665742140,+3.48,+17.284, +8.616,+0.940
1665742200,+3.48,+17.276, +8.613,+0.941
1665742260,+3.48,+17.301, +8.600,+0.940
1665742320,+3.48,+17.284, +8.609,+0.940
1665742380,+3.48,+17.310, +8.602,+0.940
1665742440,+3.48,+17.301, +8.592,+0.941
1665742500,+3.48,+17.310, +8.594,+0.941
1665742560,+3.48,+17.293, +8.595,+0.940
1665742620,+3.48,+17.301, +8.582,+0.940
1665742680,+3.48,+17.301, +8.577,+0.940
1665742740,+3.48,+17.301, +8.569,+0.940
1665742800,+3.48,+17.301, +8.585,+0.940
1665742860,+3.48,+17.310, +8.587,+0.940
1665742920,+3.48,+17.293, +8.584,+0.940
1665742980,+3.48,+17.284, +8.597,+0.941
1665743040,+3.48,+17.293, +8.592,+0.940
1665743100,+3.48,+17.293, +8.604,+0.941
1665743160,+3.48,+17.310, +8.595,+0.941
1665743220,+3.48,+17.301, +8.602,+0.940
1665743280,+3.48,+17.276, +8.607,+0.940
1665743340,+3.48,+17.276, +8.614,+0.941
1665743400,+3.48,+17.276, +8.613,+0.941
1665743460,+3.48,+17.293, +8.607,+0.941
1665743520,+3.48,+17.284, +8.603,+0.940
1665743580,+3.48,+17.284, +8.604,+0.940
1665743640,+3.48,+17.301, +8.595,+0.940
1665743700,+3.48,+17.267, +8.609,+0.941
1665743760,+3.48,+17.293, +8.597,+0.940
1665743820,+3.48,+17.284, +8.598,+0.941
1665743880,+3.48,+17.293, +8.588,+0.940
1665743940,+3.48,+17.276, +8.593,+0.941
1665744000,+3.48,+17.293, +8.582,+0.940
1665744060,+3.48,+17.293, +8.594,+0.940
1665744120,+3.48,+17.310, +8.577,+0.940
1665744180,+3.48,+17.293, +8.576,+0.940
1665744240,+3.48,+17.310, +8.588,+0.941
1665744300,+3.48,+17.301, +8.582,+0.940
1665744360,+3.48,+17.310, +8.561,+0.940
1665744420,+3.48,+17.284, +8.570,+0.940
1665744480,+3.48,+17.318, +8.554,+0.940
1665744540,+3.48,+17.293, +8.556,+0.940
1665744600,+3.48,+17.318, +8.554,+0.941
1665744660,+3.48,+17.301, +8.571,+0.941
1665744720,+3.48,+17.318, +8.570,+0.941
1665744780,+3.48,+17.326, +8.565,+0.940
1665744840,+3.48,+17.318, +8.559,+0.940
1665744900,+3.48,+17.293, +8.560,+0.940
1665744960,+3.48,+17.293, +8.559,+0.941
1665745020,+3.48,+17.301, +8.549,+0.940
1665745080,+3.48,+17.301, +8.566,+0.940
1665745140,+3.48,+17.293, +8.573,+0.940
1665745200,+3.48,+17.301, +8.569,+0.940
1665745260,+3.48,+17.284, +8.570,+0.940
1665745320,+3.48,+17.293, +8.574,+0.940
1665745380,+3.48,+17.284, +8.579,+0.940
1665745440,+3.48,+17.284, +8.567,+0.940
1665745500,+3.48,+17.284, +8.568,+0.940
1665745560,+3.48,+17.293, +8.558,+0.940
1665745620,+3.48,+17.284, +8.553,+0.940
1665745680,+3.48,+17.293, +8.555,+0.940
1665745740,+3.48,+17.301, +8.545,+0.940
1665745800,+3.48,+17.276, +8.555,+0.940
1665745860,+3.48,+17.284, +8.552,+0.940
1665745920,+3.48,+17.267, +8.560,+0.940
1665745980,+3.48,+17.276, +8.554,+0.941
1665746040,+3.48,+17.301, +8.541,+0.941
1665746100,+3.48,+17.284, +8.531,+0.940
1665746160,+3.48,+17.293, +8.522,+0.940
1665746220,+3.48,+17.276, +8.531,+0.940
1665746280,+3.48,+17.284, +8.540,+0.941
1665746340,+3.48,+17.284, +8.512,+0.940
1665746400,+3.48,+17.276, +8.509,+0.940
1665746460,+3.48,+17.293, +8.488,+0.940
1665746520,+3.48,+17.276, +8.505,+0.941
1665746580,+3.48,+17.276, +8.498,+0.940
1665746640,+3.48,+17.284, +8.509,+0.940
1665746700,+3.48,+17.276, +8.525,+0.940
1665746760,+3.48,+17.284, +8.527,+0.940
1665746820,+3.48,+17.293, +8.533,+0.940
1665746880,+3.48,+17.284, +8.556,+0.941
1665746940,+3.48,+17.267, +8.559,+0.940
1665747000,+3.48,+17.259, +8.571,+0.941
1665747060,+3.48,+17.259, +8.576,+0.941
1665747120,+3.48,+17.267, +8.572,+0.940
1665747180,+3.48,+17.259, +8.570,+0.940
1665747240,+3.48,+17.259, +8.566,+0.940
1665747300,+3.48,+17.233, +8.586,+0.940
1665747360,+3.48,+17.233, +8.588,+0.940
1665747420,+3.48,+17.242, +8.570,+0.941
1665747480,+3.48,+17.242, +8.567,+0.940
1665747540,+3.48,+17.233, +8.570,+0.940
1665747600,+3.48,+17.250, +8.560,+0.940
1665747660,+3.48,+17.250, +8.542,+0.940
1665747720,+3.48,+17.225, +8.561,+0.941
1665747780,+3.48,+17.225, +8.556,+0.941
1665747840,+3.48,+17.242, +8.535,+0.940
1665747900,+3.48,+17.233, +8.529,+0.940
1665747960,+3.48,+17.242, +8.548,+0.940
1665748020,+3.48,+17.233, +8.550,+0.940
1665748080,+3.48,+17.242, +8.562,+0.940
1665748140,+3.48,+17.208, +8.576,+0.941
1665748200,+3.48,+17.250, +8.568,+0.941
1665748260,+3.48,+17.208, +8.561,+0.940
1665748320,+3.48,+17.216, +8.568,+0.940
1665748380,+3.48,+17.225, +8.567,+0.940
1665748440,+3.48,+17.233, +8.572,+0.941
1665748500,+3.48,+17.216, +8.574,+0.941
1665748560,+3.48,+17.208, +8.574,+0.940
1665748620,+3.48,+17.225, +8.553,+0.940
1665748680,+3.48,+17.208, +8.564,+0.940
1665748740,+3.48,+17.199, +8.564,+0.940
1665748800,+3.48,+17.216, +8.551,+0.940
1665748860,+3.48,+17.191, +8.567,+0.940
1665748920,+3.48,+17.208, +8.554,+0.940
1665748980,+3.48,+17.199, +8.552,+0.941
1665749040,+3.48,+17.208, +8.562,+0.940
1665749100,+3.48,+17.182, +8.582,+0.940
1665749160,+3.48,+17.191, +8.585,+0.940
1665749220,+3.48,+17.208, +8.573,+0.941
1665749280,+3.48,+17.182, +8.585,+0.940
1665749340,+3.48,+17.191, +8.578,+0.940
1665749400,+3.48,+17.174, +8.579,+0.940
1665749460,+3.48,+17.166, +8.570,+0.940
1665749520,+3.48,+17.191, +8.578,+0.941
1665749580,+3.48,+17.182, +8.578,+0.940
1665749640,+3.48,+17.174, +8.578,+0.940
1665749700,+3.48,+17.191, +8.578,+0.941
1665749760,+3.48,+17.199, +8.576,+0.941
1665749820,+3.48,+17.174, +8.589,+0.941
1665749880,+3.48,+17.166, +8.611,+0.941
1665749940,+3.48,+17.166, +8.595,+0.941
1665750000,+3.48,+17.182, +8.598,+0.941
1665750060,+3.48,+17.182, +8.595,+0.941
1665750120,+3.48,+17.199, +8.583,+0.940
1665750180,+3.48,+17.174, +8.609,+0.940
1665750240,+3.48,+17.182, +8.628,+0.941
1665750300,+3.48,+17.182, +8.620,+0.940
1665750360,+3.48,+17.182, +8.627,+0.940
1665750420,+3.48,+17.182, +8.613,+0.940
1665750480,+3.48,+17.216, +8.612,+0.941
1665750540,+3.48,+17.182, +8.613,+0.940
1665750600,+3.48,+17.182, +8.604,+0.940
1665750660,+3.48,+17.191, +8.610,+0.941
1665750720,+3.48,+17.191, +8.611,+0.940
1665750780,+3.48,+17.208, +8.615,+0.940
1665750840,+3.48,+17.199, +8.617,+0.940
1665750900,+3.48,+17.191, +8.608,+0.941
1665750960,+3.48,+17.208, +8.611,+0.941
1665751020,+3.48,+17.199, +8.610,+0.941
1665751080,+3.48,+17.225, +8.601,+0.940
1665751140,+3.48,+17.233, +8.590,+0.940
1665751200,+3.48,+17.250, +8.586,+0.940
1665751260,+3.48,+17.233, +8.589,+0.940
1665751320,+3.48,+17.233, +8.595,+0.940
1665751380,+3.48,+17.242, +8.592,+0.940
1665751440,+3.48,+17.208, +8.610,+0.940
1665751500,+3.48,+17.233, +8.599,+0.940
1665751560,+3.48,+17.233, +8.603,+0.941
1665751620,+3.48,+17.199, +8.613,+0.940
1665751680,+3.48,+17.225, +8.612,+0.940
1665751740,+3.48,+17.208, +8.622,+0.941
1665751800,+3.48,+17.225, +8.619,+0.940
1665751860,+3.48,+17.216, +8.613,+0.940
1665751920,+3.48,+17.216, +8.619,+0.940
1665751980,+3.48,+17.208, +8.629,+0.940
1665752040,+3.48,+17.225, +8.646,+0.941
1665752100,+3.48,+17.199, +8.645,+0.940
1665752160,+3.48,+17.191, +8.670,+0.940
1665752220,+3.48,+17.199, +8.649,+0.940
1665752280,+3.48,+17.208, +8.643,+0.940
1665752340,+3.48,+17.191, +8.657,+0.941
1665752400,+3.48,+17.199, +8.664,+0.940
1665752460,+3.48,+17.191, +8.673,+0.941
1665752520,+3.48,+17.191, +8.701,+0.941
1665752580,+3.48,+17.182, +8.699,+0.940
1665752640,+3.48,+17.182, +8.694,+0.941
1665752700,+3.48,+17.191, +8.684,+0.940
1665752760,+3.48,+17.191, +8.689,+0.940
1665752820,+3.48,+17.174, +8.705,+0.941
1665752880,+3.48,+17.199, +8.688,+0.941
1665752940,+3.48,+17.182, +8.695,+0.941
1665753000,+3.48,+17.182, +8.693,+0.941
1665753060,+3.48,+17.182, +8.710,+0.941
1665753120,+3.48,+17.182, +8.710,+0.940
1665753180,+3.48,+17.174, +8.714,+0.941
1665753240,+3.48,+17.191, +8.715,+0.940
1665753300,+3.48,+17.191, +8.725,+0.941
1665753360,+3.48,+17.174, +8.735,+0.941
1665753420,+3.48,+17.182, +8.734,+0.941
1665753480,+3.48,+17.191, +8.723,+0.941
1665753540,+3.48,+17.182, +8.728,+0.940
1665753600,+3.48,+17.191, +8.734,+0.941
1665753660,+3.48,+17.199, +8.734,+0.940
1665753720,+3.48,+17.199, +8.738,+0.941
1665753780,+3.48,+17.199, +8.734,+0.940
1665753840,+3.48,+17.182, +8.752,+0.941
1665753900,+3.48,+17.216, +8.748,+0.940
1665753960,+3.48,+17.199, +8.746,+0.940
1665754020,+3.48,+17.182, +8.760,+0.941
1665754080,+3.48,+17.182, +8.768,+0.941
1665754140,+3.48,+17.191, +8.757,+0.941
1665754200,+3.48,+17.191, +8.754,+0.941
1665754260,+3.48,+17.191, +8.749,+0.940
1665754320,+3.48,+17.208, +8.748,+0.941
1665754380,+3.48,+17.199, +8.755,+0.940
1665754440,+3.48,+17.182, +8.751,+0.940
1665754500,+3.48,+17.182, +8.757,+0.940
1665754560,+3.48,+17.191, +8.749,+0.940
1665754620,+3.48,+17.208, +8.745,+0.941
1665754680,+3.48,+17.191, +8.764,+0.941
1665754740,+3.48,+17.191, +8.776,+0.940
1665754800,+3.48,+17.199, +8.780,+0.941
1665754860,+3.48,+17.174, +8.775,+0.940
1665754920,+3.48,+17.199, +8.755,+0.940
1665754980,+3.48,+17.191, +8.759,+0.940
1665755040,+3.48,+17.182, +8.767,+0.941
1665755100,+3.48,+17.208, +8.760,+0.940
1665755160,+3.48,+17.191, +8.774,+0.941
1665755220,+3.48,+17.225, +8.765,+0.940
1665755280,+3.48,+17.182, +8.771,+0.940
1665755340,+3.48,+17.182, +8.757,+0.940
1665755400,+3.48,+17.191, +8.769,+0.940
1665755460,+3.48,+17.216, +8.764,+0.941
1665755520,+3.48,+17.208, +8.758,+0.940
1665755580,+3.48,+17.216, +8.761,+0.940
1665755640,+3.48,+17.225, +8.765,+0.940
1665755700,+3.48,+17.216, +8.770,+0.940
1665755760,+3.48,+17.216, +8.767,+0.941
1665755820,+3.48,+17.208, +8.777,+0.941
1665755880,+3.48,+17.208, +8.773,+0.940
1665755940,+3.48,+17.208, +8.776,+0.940
1665756000,+3.48,+17.208, +8.792,+0.941
1665756060,+3.48,+17.225, +8.788,+0.940
1665756120,+3.48,+17.208, +8.793,+0.940
1665756180,+3.48,+17.225, +8.803,+0.940
1665756240,+3.48,+17.216, +8.809,+0.940
1665756300,+3.48,+17.208, +8.812,+0.940
1665756360,+3.48,+17.182, +8.834,+0.941
1665756420,+3.48,+17.182, +8.843,+0.941
1665756480,+3.48,+17.191, +8.851,+0.941
1665756540,+3.48,+17.182, +8.846,+0.941
1665756600,+3.48,+17.182, +8.838,+0.940
1665756660,+3.48,+17.174, +8.848,+0.940
1665756720,+3.48,+17.166, +8.859,+0.941
1665756780,+3.48,+17.174, +8.855,+0.941
1665756840,+3.48,+17.166, +8.861,+0.941
1665756900,+3.48,+17.166, +8.874,+0.941
1665756960,+3.48,+17.157, +8.879,+0.941
1665757020,+3.48,+17.157, +8.875,+0.941
1665757080,+3.48,+17.166, +8.875,+0.940
1665757140,+3.48,+17.166, +8.870,+0.940
1665757200,+3.48,+17.157, +8.883,+0.940
1665757260,+3.48,+17.149, +8.870,+0.940
1665757320,+3.48,+17.132, +8.882,+0.940
1665757380,+3.48,+17.140, +8.883,+0.941
1665757440,+3.48,+17.132, +8.889,+0.941
1665757500,+3.48,+17.132, +8.882,+0.940
1665757560,+3.48,+17.140, +8.878,+0.940
1665757620,+3.48,+17.132, +8.879,+0.941
1665757680,+3.48,+17.140, +8.877,+0.941
1665757740,+3.48,+17.132, +8.883,+0.941
1665757800,+3.48,+17.132, +8.882,+0.940
1665757860,+3.48,+17.123, +8.890,+0.941
1665757920,+3.48,+17.115, +8.900,+0.941
1665757980,+3.48,+17.123, +8.917,+0.941
1665758040,+3.48,+17.140, +8.894,+0.940
1665758100,+3.48,+17.106, +8.920,+0.941
1665758160,+3.48,+17.132, +8.914,+0.941
1665758220,+3.48,+17.123, +8.913,+0.941
1665758280,+3.48,+17.106, +8.923,+0.941
1665758340,+3.48,+17.106, +8.934,+0.940
1665758400,+3.48,+17.115, +8.941,+0.940
1665758460,+3.48,+17.115, +8.940,+0.940
1665758520,+3.48,+17.089, +8.956,+0.941
1665758580,+3.48,+17.106, +8.953,+0.941
1665758640,+3.48,+17.123, +8.948,+0.940
1665758700,+3.48,+17.106, +8.954,+0.940
1665758760,+3.48,+17.106, +8.973,+0.941
1665758820,+3.48,+17.106, +8.959,+0.940
1665758880,+3.48,+17.098, +8.970,+0.941
1665758940,+3.48,+17.098, +8.964,+0.940
1665759000,+3.48,+17.123, +8.966,+0.941
1665759060,+3.48,+17.115, +8.973,+0.940
1665759120,+3.48,+17.089, +8.986,+0.941
1665759180,+3.48,+17.106, +8.985,+0.940
1665759240,+3.48,+17.106, +8.990,+0.941
1665759300,+3.48,+17.072, +9.016,+0.941
1665759360,+3.48,+17.098, +8.999,+0.941
1665759420,+3.48,+17.098, +9.016,+0.941
1665759480,+3.48,+17.098, +9.009,+0.941
1665759540,+3.48,+17.098, +9.001,+0.941
1665759600,+3.48,+17.106, +9.009,+0.941
1665759660,+3.48,+17.098, +8.932,+0.940
1665759720,+3.48,+17.098, +9.000,+0.941
1665759780,+3.48,+17.106, +9.013,+0.940
1665759840,+3.48,+17.106, +9.030,+0.941
1665759900,+3.48,+17.115, +9.031,+0.940
1665759960,+3.48,+17.115, +9.038,+0.941
1665760020,+3.48,+17.123, +9.032,+0.941
1665760080,+3.48,+17.123, +9.033,+0.941
1665760140,+3.48,+17.123, +9.041,+0.941
1665760200,+3.48,+17.132, +9.037,+0.940
1665760260,+3.48,+17.157, +9.053,+0.941
1665760320,+3.48,+17.157, +9.055,+0.941
1665760380,+3.48,+17.149, +9.051,+0.941
1665760440,+3.48,+17.149, +9.041,+0.941
1665760500,+3.48,+17.149, +9.055,+0.941
1665760560,+3.48,+17.149, +9.047,+0.941
1665760620,+3.48,+17.149, +9.067,+0.940
1665760680,+3.48,+17.132, +9.063,+0.940
1665760740,+3.48,+17.157, +9.041,+0.940
1665760800,+3.48,+17.157, +9.044,+0.941
1665760860,+3.48,+17.140, +9.057,+0.941
1665760920,+3.48,+17.157, +9.072,+0.941
1665760980,+3.48,+17.166, +9.063,+0.941
1665761040,+3.48,+17.166, +9.048,+0.940
1665761100,+3.48,+17.182, +9.033,+0.941
1665761160,+3.48,+17.208, +9.024,+0.940
1665761220,+3.48,+17.225, +8.992,+0.941
1665761280,+3.48,+17.216, +9.002,+0.941
1665761340,+3.48,+17.225, +8.985,+0.940
1665761400,+3.48,+17.250, +8.995,+0.940
1665761460,+3.48,+17.250, +8.979,+0.940
1665761520,+3.48,+17.242, +8.980,+0.941
1665761580,+3.48,+17.267, +8.984,+0.941
1665761640,+3.48,+17.267, +9.006,+0.940
1665761700,+3.48,+17.267, +9.002,+0.941
1665761760,+3.48,+17.259, +9.006,+0.940
1665761820,+3.48,+17.276, +9.006,+0.941
1665761880,+3.48,+17.335, +8.954,+0.941
1665761940,+3.48,+17.369, +8.905,+0.940
1665762000,+3.48,+17.394, +8.888,+0.940
1665762060,+3.48,+17.386, +8.891,+0.941
1665762120,+3.48,+17.352, +8.951,+0.941
1665762180,+3.47,+17.411, +8.901,+0.941
1665762240,+3.47,+17.411, +8.912,+0.941
1665762300,+3.48,+17.377, +8.963,+0.940
1665762360,+3.48,+17.360, +8.988,+0.941
1665762420,+3.48,+17.343, +8.996,+0.941
1665762480,+3.48,+17.343, +8.972,+0.940
1665762540,+3.48,+17.369, +8.966,+0.941
1665762600,+3.47,+17.394, +8.927,+0.941
1665762660,+3.48,+17.403, +8.902,+0.940
1665762720,+3.47,+17.411, +8.902,+0.941
1665762780,+3.47,+17.453, +8.873,+0.941
1665762840,+3.47,+17.470, +8.850,+0.941
1665762900,+3.47,+17.521, +8.825,+0.941
1665762960,+3.47,+17.538, +8.808,+0.941
1665763020,+3.47,+17.546, +8.807,+0.941
1665763080,+3.47,+17.546, +8.802,+0.941
1665763140,+3.47,+17.538, +8.805,+0.941
1665763200,+3.47,+17.555, +8.777,+0.941
1665763260,+3.47,+17.572, +8.748,+0.941
1665763320,+3.47,+17.563, +8.749,+0.941
1665763380,+3.47,+17.572, +8.740,+0.941
1665763440,+3.47,+17.563, +8.718,+0.940
1665763500,+3.47,+17.589, +8.740,+0.940
1665763560,+3.47,+17.563, +8.787,+0.941
1665763620,+3.47,+17.572, +8.793,+0.941
1665763680,+3.47,+17.589, +8.746,+0.940
1665763740,+3.47,+17.597, +8.737,+0.940
1665763800,+3.47,+17.572, +8.764,+0.941
1665763860,+3.47,+17.597, +8.773,+0.941
1665763920,+3.47,+17.597, +8.795,+0.940
1665763980,+3.47,+17.597, +8.832,+0.940
1665764040,+3.47,+17.580, +8.842,+0.940
1665764100,+3.47,+17.580, +8.841,+0.941
1665764160,+3.47,+17.572, +8.832,+0.940
1665764220,+3.47,+17.589, +8.838,+0.941
1665764280,+3.47,+17.572, +8.848,+0.940
1665764340,+3.47,+17.580, +8.861,+0.940
1665764400,+3.47,+17.555, +8.873,+0.941
1665764460,+3.47,+17.555, +8.899,+0.940
1665764520,+3.47,+17.546, +8.902,+0.941
1665764580,+3.47,+17.529, +8.906,+0.940
1665764640,+3.47,+17.521, +8.915,+0.940
1665764700,+3.47,+17.521, +8.932,+0.941
1665764760,+3.47,+17.504, +8.939,+0.941
1665764820,+3.47,+17.487, +8.973,+0.941
1665764880,+3.47,+17.479, +8.976,+0.940
1665764940,+3.47,+17.462, +8.971,+0.940
1665765000,+3.47,+17.487, +8.969,+0.940
1665765060,+3.47,+17.487, +8.977,+0.941
1665765120,+3.47,+17.487, +8.975,+0.941
1665765180,+3.47,+17.479, +8.981,+0.941
1665765240,+3.47,+17.479, +8.986,+0.940
1665765300,+3.47,+17.462, +8.996,+0.941
1665765360,+3.47,+17.479, +8.988,+0.940
1665765420,+3.47,+17.470, +8.990,+0.941
1665765480,+3.47,+17.470, +8.998,+0.941
1665765540,+3.48,+17.453, +9.014,+0.941
1665765600,+3.48,+17.445, +9.014,+0.940
1665765660,+3.47,+17.470, +9.028,+0.941
1665765720,+3.47,+17.462, +9.025,+0.941
1665765780,+3.47,+17.445, +9.028,+0.941
1665765840,+3.48,+17.453, +9.037,+0.941
1665765900,+3.48,+17.436, +9.054,+0.941
1665765960,+3.48,+17.445, +9.048,+0.941
1665766020,+3.47,+17.445, +9.036,+0.940
1665766080,+3.48,+17.428, +9.063,+0.941
1665766140,+3.47,+17.436, +9.069,+0.941
1665766200,+3.48,+17.420, +9.073,+0.940
