7450-364333
OS REV: 1.05 Sensor Cal: 1644948279
Time (sec),  BV (Volts),  T (deg C),  DO (mg/l),  Q ()
1666284660,+3.47,+16.486, +9.779,+0.940
1666284720,+3.47,+16.503, +9.768,+0.940
1666284780,+3.47,+16.486, +9.789,+0.940
1666284840,+3.47,+16.503, +9.784,+0.940
1666284900,+3.47,+16.495, +9.797,+0.940
1666284960,+3.47,+16.520, +9.837,+0.940
1666285020,+3.47,+16.537, +9.819,+0.940
1666285080,+3.47,+16.537, +9.836,+0.940
1666285140,+3.47,+16.520, +9.835,+0.940
1666285200,+3.47,+16.529, +9.853,+0.940
1666285260,+3.47,+16.554, +9.858,+0.940
1666285320,+3.47,+16.571, +9.856,+0.940
1666285380,+3.47,+16.571, +9.868,+0.940
1666285440,+3.47,+16.580, +9.900,+0.940
1666285500,+3.47,+16.571, +9.886,+0.940
1666285560,+3.47,+16.588, +9.908,+0.940
1666285620,+3.47,+16.580, +9.914,+0.940
1666285680,+3.47,+16.571, +9.914,+0.940
1666285740,+3.47,+16.588, +9.918,+0.940
1666285800,+3.47,+16.614, +9.923,+0.940
1666285860,+3.47,+16.605, +9.913,+0.940
1666285920,+3.47,+16.631, +9.925,+0.941
1666285980,+3.47,+16.656, +9.942,+0.941
1666286040,+3.47,+16.656, +9.929,+0.940
1666286100,+3.47,+16.648, +9.931,+0.940
1666286160,+3.47,+16.665, +9.913,+0.940
1666286220,+3.47,+16.682, +9.918,+0.940
1666286280,+3.47,+16.690, +9.917,+0.941
1666286340,+3.47,+16.682, +9.930,+0.940
1666286400,+3.47,+16.690, +9.931,+0.940
1666286460,+3.47,+16.707, +9.959,+0.940
1666286520,+3.47,+16.690, +9.963,+0.940
1666286580,+3.47,+16.716, +9.949,+0.940
1666286640,+3.47,+16.716, +9.917,+0.940
1666286700,+3.47,+16.716, +9.884,+0.940
1666286760,+3.47,+16.682, +9.874,+0.940
1666286820,+3.47,+16.665, +9.897,+0.940
1666286880,+3.47,+16.690, +9.902,+0.940
1666286940,+3.47,+16.699, +9.906,+0.940
1666287000,+3.47,+16.682, +9.949,+0.940
1666287060,+3.47,+16.690, +9.937,+0.940
1666287120,+3.47,+16.673, +9.952,+0.940
1666287180,+3.47,+16.690, +9.928,+0.940
1666287240,+3.47,+16.682, +9.962,+0.941
1666287300,+3.47,+16.716, +9.952,+0.940
1666287360,+3.47,+16.690, +9.992,+0.940
1666287420,+3.47,+16.707, +9.975,+0.941
1666287480,+3.47,+16.716, +9.964,+0.940
1666287540,+3.47,+16.699, +9.956,+0.941
1666287600,+3.47,+16.699, +9.944,+0.940
1666287660,+3.47,+16.716, +9.957,+0.940
1666287720,+3.47,+16.716, +9.941,+0.940
1666287780,+3.47,+16.707, +9.934,+0.941
1666287840,+3.47,+16.716, +9.930,+0.941
1666287900,+3.47,+16.707, +9.950,+0.941
1666287960,+3.47,+16.724, +9.955,+0.941
1666288020,+3.47,+16.716, +9.992,+0.940
1666288080,+3.47,+16.733, +9.955,+0.941
1666288140,+3.47,+16.724, +9.915,+0.941
1666288200,+3.47,+16.750, +9.880,+0.940
1666288260,+3.47,+16.733, +9.870,+0.940
1666288320,+3.47,+16.750, +9.886,+0.940
1666288380,+3.47,+16.750, +9.904,+0.940
1666288440,+3.47,+16.750, +9.923,+0.940
1666288500,+3.47,+16.775, +9.900,+0.940
1666288560,+3.47,+16.758, +9.898,+0.940
1666288620,+3.47,+16.758, +9.870,+0.940
1666288680,+3.47,+16.775, +9.865,+0.940
1666288740,+3.47,+16.758, +9.847,+0.941
1666288800,+3.47,+16.741, +9.842,+0.941
1666288860,+3.47,+16.750, +9.778,+0.940
1666288920,+3.47,+16.741, +9.820,+0.941
1666288980,+3.47,+16.758, +9.812,+0.940
1666289040,+3.47,+16.758, +9.828,+0.941
1666289100,+3.47,+16.750, +9.821,+0.940
1666289160,+3.47,+16.741, +9.827,+0.940
1666289220,+3.47,+16.741, +9.831,+0.940
1666289280,+3.47,+16.750, +9.784,+0.941
1666289340,+3.47,+16.724, +9.795,+0.940
1666289400,+3.47,+16.741, +9.802,+0.940
1666289460,+3.47,+16.741, +9.819,+0.940
1666289520,+3.47,+16.741, +9.832,+0.941
1666289580,+3.47,+16.741, +9.807,+0.940
1666289640,+3.47,+16.724, +9.824,+0.940
1666289700,+3.47,+16.724, +9.811,+0.940
1666289760,+3.47,+16.724, +9.802,+0.940
1666289820,+3.47,+16.707, +9.784,+0.940
1666289880,+3.47,+16.707, +9.774,+0.940
1666289940,+3.47,+16.716, +9.794,+0.940
1666290000,+3.47,+16.699, +9.810,+0.940
1666290060,+3.47,+16.699, +9.831,+0.940
1666290120,+3.47,+16.690, +9.877,+0.941
1666290180,+3.47,+16.690, +9.870,+0.940
1666290240,+3.47,+16.690, +9.867,+0.941
1666290300,+3.47,+16.665, +9.863,+0.940
1666290360,+3.47,+16.656, +9.850,+0.940
1666290420,+3.47,+16.631, +9.847,+0.940
1666290480,+3.47,+16.622, +9.846,+0.940
1666290540,+3.47,+16.605, +9.854,+0.940
1666290600,+3.47,+16.597, +9.858,+0.940
1666290660,+3.47,+16.588, +9.843,+0.940
1666290720,+3.47,+16.605, +9.859,+0.940
1666290780,+3.47,+16.597, +9.843,+0.940
1666290840,+3.47,+16.605, +9.854,+0.940
1666290900,+3.47,+16.605, +9.846,+0.941
1666290960,+3.47,+16.622, +9.854,+0.940
1666291020,+3.47,+16.605, +9.870,+0.940
1666291080,+3.47,+16.614, +9.894,+0.940
1666291140,+3.47,+16.656, +9.887,+0.940
1666291200,+3.47,+16.639, +9.916,+0.940
1666291260,+3.47,+16.648, +9.928,+0.940
1666291320,+3.47,+16.648, +9.927,+0.940
1666291380,+3.47,+16.656, +9.926,+0.940
1666291440,+3.47,+16.673, +9.928,+0.940
1666291500,+3.47,+16.656, +9.958,+0.940
1666291560,+3.47,+16.665, +9.916,+0.940
1666291620,+3.47,+16.665, +9.883,+0.940
1666291680,+3.47,+16.656, +9.889,+0.940
1666291740,+3.47,+16.656, +9.885,+0.940
1666291800,+3.47,+16.631, +9.852,+0.940
1666291860,+3.47,+16.614, +9.840,+0.940
1666291920,+3.47,+16.597, +9.841,+0.940
1666291980,+3.47,+16.597, +9.863,+0.940
1666292040,+3.47,+16.605, +9.864,+0.940
1666292100,+3.47,+16.597, +9.854,+0.940
1666292160,+3.47,+16.580, +9.888,+0.940
1666292220,+3.47,+16.554, +9.870,+0.940
1666292280,+3.47,+16.537, +9.862,+0.940
1666292340,+3.47,+16.520, +9.888,+0.940
1666292400,+3.47,+16.512, +9.893,+0.940
1666292460,+3.47,+16.495, +9.915,+0.940
1666292520,+3.47,+16.512, +9.897,+0.940
1666292580,+3.47,+16.512, +9.916,+0.940
1666292640,+3.47,+16.495, +9.904,+0.940
1666292700,+3.47,+16.486, +9.893,+0.940
1666292760,+3.47,+16.461, +9.944,+0.940
1666292820,+3.47,+16.478, +9.940,+0.940
1666292880,+3.47,+16.478, +9.942,+0.940
1666292940,+3.47,+16.469, +9.952,+0.940
1666293000,+3.47,+16.469, +9.955,+0.940
1666293060,+3.47,+16.452,+10.009,+0.941
1666293120,+3.47,+16.461, +9.956,+0.940
1666293180,+3.47,+16.452, +9.919,+0.940
1666293240,+3.47,+16.444, +9.929,+0.940
1666293300,+3.47,+16.418, +9.940,+0.940
1666293360,+3.47,+16.444, +9.927,+0.940
1666293420,+3.47,+16.435, +9.929,+0.940
1666293480,+3.47,+16.401, +9.933,+0.940
1666293540,+3.47,+16.410, +9.937,+0.940
1666293600,+3.47,+16.418, +9.963,+0.941
1666293660,+3.47,+16.401, +9.942,+0.940
1666293720,+3.47,+16.427, +9.984,+0.941
1666293780,+3.47,+16.435, +9.973,+0.940
1666293840,+3.47,+16.435, +9.951,+0.940
1666293900,+3.47,+16.418, +9.978,+0.940
1666293960,+3.47,+16.401, +9.991,+0.941
1666294020,+3.47,+16.435, +9.966,+0.940
1666294080,+3.47,+16.427, +9.981,+0.940
1666294140,+3.47,+16.427,+10.002,+0.941
1666294200,+3.47,+16.452, +9.983,+0.940
1666294260,+3.47,+16.435, +9.986,+0.940
1666294320,+3.47,+16.427,+10.006,+0.941
1666294380,+3.47,+16.427,+10.010,+0.940
1666294440,+3.47,+16.435,+10.013,+0.940
1666294500,+3.47,+16.461,+10.024,+0.940
1666294560,+3.47,+16.452,+10.023,+0.940
1666294620,+3.47,+16.444,+10.053,+0.941
1666294680,+3.47,+16.461,+10.062,+0.940
1666294740,+3.47,+16.444,+10.049,+0.940
1666294800,+3.47,+16.461,+10.057,+0.940
1666294860,+3.47,+16.444, +9.992,+0.940
1666294920,+3.47,+16.435, +9.980,+0.940
1666294980,+3.47,+16.427, +9.983,+0.940
1666295040,+3.47,+16.435, +9.967,+0.940
1666295100,+3.47,+16.418, +9.959,+0.940
1666295160,+3.47,+16.418, +9.964,+0.940
1666295220,+3.47,+16.401, +9.975,+0.941
1666295280,+3.47,+16.418, +9.966,+0.940
1666295340,+3.47,+16.410, +9.994,+0.941
1666295400,+3.47,+16.410, +9.992,+0.940
1666295460,+3.47,+16.410,+10.023,+0.940
1666295520,+3.47,+16.393, +9.988,+0.940
1666295580,+3.47,+16.401, +9.978,+0.940
1666295640,+3.47,+16.393, +9.984,+0.940
1666295700,+3.47,+16.384, +9.993,+0.940
1666295760,+3.47,+16.384, +9.991,+0.940
1666295820,+3.47,+16.401, +9.987,+0.940
1666295880,+3.47,+16.384, +9.988,+0.940
1666295940,+3.47,+16.376, +9.977,+0.940
1666296000,+3.47,+16.393, +9.987,+0.940
1666296060,+3.47,+16.359,+10.004,+0.940
1666296120,+3.47,+16.367,+10.007,+0.940
1666296180,+3.47,+16.367, +9.993,+0.940
1666296240,+3.47,+16.359, +9.989,+0.940
1666296300,+3.47,+16.367, +9.988,+0.940
1666296360,+3.47,+16.367,+10.009,+0.940
1666296420,+3.47,+16.367,+10.035,+0.941
1666296480,+3.47,+16.384,+10.023,+0.940
1666296540,+3.47,+16.376,+10.008,+0.941
1666296600,+3.47,+16.359,+10.020,+0.940
1666296660,+3.47,+16.384,+10.004,+0.940
1666296720,+3.47,+16.359,+10.013,+0.940
1666296780,+3.47,+16.333,+10.016,+0.940
1666296840,+3.47,+16.350,+10.011,+0.940
1666296900,+3.47,+16.350,+10.016,+0.941
1666296960,+3.47,+16.350,+10.025,+0.941
1666297020,+3.47,+16.350,+10.024,+0.940
1666297080,+3.47,+16.316,+10.041,+0.940
1666297140,+3.47,+16.333,+10.019,+0.940
1666297200,+3.47,+16.325,+10.013,+0.940
1666297260,+3.47,+16.325,+10.037,+0.941
1666297320,+3.47,+16.325,+10.044,+0.940
1666297380,+3.47,+16.316,+10.065,+0.940
1666297440,+3.47,+16.316,+10.036,+0.941
1666297500,+3.47,+16.299,+10.011,+0.940
1666297560,+3.47,+16.299,+10.000,+0.940
1666297620,+3.47,+16.316,+10.010,+0.940
1666297680,+3.47,+16.325,+10.010,+0.941
1666297740,+3.47,+16.316,+10.014,+0.940
1666297800,+3.47,+16.308,+10.035,+0.940
1666297860,+3.47,+16.308,+10.012,+0.940
1666297920,+3.47,+16.316, +9.998,+0.940
1666297980,+3.47,+16.291,+10.010,+0.940
1666298040,+3.47,+16.299,+10.012,+0.940
1666298100,+3.47,+16.308,+10.010,+0.940
1666298160,+3.47,+16.299,+10.002,+0.941
1666298220,+3.47,+16.299,+10.013,+0.941
1666298280,+3.47,+16.308,+10.027,+0.940
1666298340,+3.47,+16.282,+10.029,+0.940
1666298400,+3.47,+16.299,+10.024,+0.940
1666298460,+3.47,+16.282,+10.033,+0.940
1666298520,+3.47,+16.274,+10.029,+0.940
1666298580,+3.47,+16.291,+10.028,+0.940
1666298640,+3.47,+16.291,+10.044,+0.940
1666298700,+3.47,+16.291,+10.035,+0.940
1666298760,+3.47,+16.282,+10.047,+0.940
1666298820,+3.47,+16.282,+10.037,+0.940
1666298880,+3.47,+16.291,+10.036,+0.941
1666298940,+3.47,+16.265,+10.044,+0.940
1666299000,+3.47,+16.291,+10.062,+0.940
1666299060,+3.47,+16.274,+10.037,+0.940
1666299120,+3.47,+16.291,+10.030,+0.940
1666299180,+3.47,+16.291,+10.022,+0.940
1666299240,+3.47,+16.274,+10.050,+0.940
1666299300,+3.47,+16.274,+10.060,+0.940
1666299360,+3.47,+16.282,+10.075,+0.941
1666299420,+3.47,+16.265,+10.080,+0.940
1666299480,+3.47,+16.256,+10.081,+0.940
1666299540,+3.47,+16.248,+10.094,+0.940
1666299600,+3.47,+16.239,+10.082,+0.940
1666299660,+3.47,+16.239,+10.063,+0.940
1666299720,+3.47,+16.239,+10.035,+0.940
1666299780,+3.47,+16.214,+10.091,+0.940
1666299840,+3.47,+16.197,+10.080,+0.940
1666299900,+3.47,+16.180,+10.103,+0.940
1666299960,+3.47,+16.188,+10.084,+0.940
1666300020,+3.47,+16.188,+10.074,+0.941
1666300080,+3.47,+16.171,+10.077,+0.940
1666300140,+3.47,+16.154,+10.081,+0.940
1666300200,+3.47,+16.137,+10.085,+0.940
1666300260,+3.47,+16.137,+10.095,+0.940
1666300320,+3.47,+16.154,+10.092,+0.940
1666300380,+3.47,+16.154,+10.085,+0.940
1666300440,+3.47,+16.120,+10.095,+0.940
1666300500,+3.47,+16.120,+10.086,+0.940
1666300560,+3.47,+16.112,+10.080,+0.940
1666300620,+3.47,+16.112,+10.087,+0.941
1666300680,+3.47,+16.120,+10.088,+0.941
1666300740,+3.47,+16.103,+10.093,+0.940
1666300800,+3.47,+16.120,+10.102,+0.941
1666300860,+3.47,+16.103,+10.126,+0.941
1666300920,+3.47,+16.094,+10.139,+0.941
1666300980,+3.47,+16.069,+10.150,+0.940
1666301040,+3.47,+16.052,+10.172,+0.941
1666301100,+3.47,+16.043,+10.189,+0.941
1666301160,+3.47,+16.043,+10.188,+0.941
1666301220,+3.47,+16.052,+10.191,+0.940
1666301280,+3.47,+16.043,+10.190,+0.941
1666301340,+3.47,+16.052,+10.215,+0.941
1666301400,+3.47,+16.018,+10.236,+0.940
1666301460,+3.47,+16.009,+10.265,+0.940
1666301520,+3.47,+15.992,+10.269,+0.941
1666301580,+3.47,+15.966,+10.279,+0.940
1666301640,+3.47,+15.984,+10.287,+0.941
1666301700,+3.48,+15.984,+10.282,+0.941
1666301760,+3.48,+15.975,+10.276,+0.941
1666301820,+3.48,+15.958,+10.282,+0.940
1666301880,+3.48,+15.992,+10.248,+0.940
1666301940,+3.48,+15.949,+10.285,+0.941
1666302000,+3.47,+15.958,+10.276,+0.940
1666302060,+3.48,+15.941,+10.283,+0.940
1666302120,+3.47,+15.958,+10.275,+0.940
1666302180,+3.48,+15.949,+10.269,+0.940
1666302240,+3.48,+15.949,+10.272,+0.940
1666302300,+3.48,+15.915,+10.294,+0.941
1666302360,+3.47,+15.941,+10.271,+0.941
1666302420,+3.48,+15.949,+10.248,+0.941
1666302480,+3.48,+15.958,+10.261,+0.941
1666302540,+3.48,+15.949,+10.266,+0.940
1666302600,+3.48,+15.924,+10.278,+0.941
1666302660,+3.48,+15.932,+10.256,+0.940
1666302720,+3.47,+15.941,+10.264,+0.940
1666302780,+3.48,+15.898,+10.310,+0.940
1666302840,+3.48,+15.915,+10.305,+0.940
1666302900,+3.48,+15.881,+10.290,+0.940
1666302960,+3.48,+15.898,+10.292,+0.941
1666303020,+3.48,+15.890,+10.251,+0.940
1666303080,+3.48,+15.898,+10.273,+0.940
1666303140,+3.48,+15.872,+10.302,+0.941
1666303200,+3.48,+15.898,+10.271,+0.940
1666303260,+3.48,+15.864,+10.274,+0.940
1666303320,+3.48,+15.872,+10.282,+0.940
1666303380,+3.48,+15.855,+10.275,+0.940
1666303440,+3.48,+15.847,+10.255,+0.940
1666303500,+3.48,+15.830,+10.272,+0.940
1666303560,+3.48,+15.821,+10.284,+0.941
1666303620,+3.48,+15.838,+10.267,+0.940
1666303680,+3.48,+15.813,+10.266,+0.940
1666303740,+3.48,+15.813,+10.286,+0.940
1666303800,+3.48,+15.838,+10.264,+0.940
1666303860,+3.48,+15.813,+10.263,+0.941
1666303920,+3.48,+15.787,+10.270,+0.941
1666303980,+3.48,+15.787,+10.286,+0.941
1666304040,+3.48,+15.787,+10.277,+0.940
1666304100,+3.48,+15.813,+10.248,+0.941
1666304160,+3.48,+15.804,+10.240,+0.940
1666304220,+3.48,+15.770,+10.239,+0.940
1666304280,+3.48,+15.770,+10.216,+0.940
1666304340,+3.48,+15.770,+10.231,+0.940
1666304400,+3.48,+15.744,+10.242,+0.941
1666304460,+3.47,+15.744,+10.242,+0.941
1666304520,+3.47,+15.761,+10.223,+0.940
1666304580,+3.47,+15.753,+10.239,+0.941
1666304640,+3.47,+15.753,+10.214,+0.941
1666304700,+3.47,+15.736,+10.227,+0.941
1666304760,+3.47,+15.736,+10.217,+0.941
1666304820,+3.47,+15.736,+10.205,+0.940
1666304880,+3.47,+15.753,+10.206,+0.940
1666304940,+3.47,+15.719,+10.229,+0.941
1666305000,+3.47,+15.744,+10.210,+0.940
1666305060,+3.47,+15.719,+10.234,+0.941
1666305120,+3.47,+15.727,+10.233,+0.941
1666305180,+3.47,+15.736,+10.223,+0.940
1666305240,+3.47,+15.736,+10.228,+0.940
1666305300,+3.47,+15.727,+10.217,+0.940
1666305360,+3.47,+15.710,+10.231,+0.940
1666305420,+3.47,+15.701,+10.218,+0.941
1666305480,+3.47,+15.710,+10.221,+0.940
1666305540,+3.47,+15.710,+10.212,+0.940
1666305600,+3.47,+15.684,+10.205,+0.940
1666305660,+3.47,+15.693,+10.206,+0.940
1666305720,+3.47,+15.693,+10.218,+0.940
1666305780,+3.47,+15.667,+10.231,+0.941
1666305840,+3.47,+15.684,+10.217,+0.940
1666305900,+3.47,+15.693,+10.214,+0.940
1666305960,+3.47,+15.701,+10.202,+0.940
1666306020,+3.47,+15.684,+10.218,+0.941
1666306080,+3.47,+15.676,+10.207,+0.940
1666306140,+3.47,+15.693,+10.213,+0.940
1666306200,+3.47,+15.693,+10.202,+0.940
1666306260,+3.47,+15.719,+10.209,+0.940
1666306320,+3.47,+15.701,+10.221,+0.940
1666306380,+3.47,+15.719,+10.194,+0.940
1666306440,+3.47,+15.719,+10.215,+0.941
1666306500,+3.47,+15.701,+10.205,+0.940
1666306560,+3.47,+15.727,+10.211,+0.940
1666306620,+3.47,+15.719,+10.207,+0.941
1666306680,+3.47,+15.719,+10.201,+0.940
1666306740,+3.47,+15.744,+10.192,+0.940
1666306800,+3.47,+15.727,+10.200,+0.940
1666306860,+3.47,+15.744,+10.182,+0.940
1666306920,+3.47,+15.744,+10.179,+0.940
1666306980,+3.47,+15.736,+10.175,+0.940
1666307040,+3.47,+15.736,+10.168,+0.940
1666307100,+3.47,+15.727,+10.190,+0.941
1666307160,+3.47,+15.736,+10.175,+0.940
1666307220,+3.47,+15.744,+10.167,+0.940
1666307280,+3.47,+15.736,+10.167,+0.940
1666307340,+3.47,+15.744,+10.179,+0.940
1666307400,+3.47,+15.753,+10.183,+0.940
1666307460,+3.47,+15.744,+10.175,+0.940
1666307520,+3.47,+15.770,+10.155,+0.941
1666307580,+3.48,+15.770,+10.150,+0.940
1666307640,+3.48,+15.778,+10.169,+0.940
1666307700,+3.47,+15.770,+10.178,+0.940
1666307760,+3.48,+15.787,+10.181,+0.941
1666307820,+3.48,+15.787,+10.174,+0.940
1666307880,+3.47,+15.770,+10.170,+0.940
1666307940,+3.47,+15.796,+10.168,+0.940
1666308000,+3.48,+15.804,+10.160,+0.940
1666308060,+3.48,+15.813,+10.154,+0.940
1666308120,+3.47,+15.796,+10.162,+0.940
1666308180,+3.47,+15.813,+10.161,+0.941
1666308240,+3.47,+15.821,+10.148,+0.940
1666308300,+3.48,+15.813,+10.156,+0.940
1666308360,+3.47,+15.804,+10.147,+0.940
1666308420,+3.47,+15.813,+10.157,+0.941
1666308480,+3.48,+15.813,+10.147,+0.940
1666308540,+3.47,+15.821,+10.111,+0.940
1666308600,+3.48,+15.821,+10.118,+0.940
1666308660,+3.47,+15.838,+10.119,+0.940
1666308720,+3.48,+15.821,+10.108,+0.940
1666308780,+3.47,+15.821,+10.101,+0.940
1666308840,+3.47,+15.804,+10.112,+0.940
1666308900,+3.47,+15.804,+10.105,+0.940
1666308960,+3.47,+15.821,+10.093,+0.940
1666309020,+3.47,+15.821,+10.091,+0.940
1666309080,+3.48,+15.821,+10.099,+0.940
1666309140,+3.48,+15.813,+10.080,+0.940
1666309200,+3.47,+15.804,+10.091,+0.940
1666309260,+3.47,+15.813,+10.080,+0.940
1666309320,+3.47,+15.796,+10.077,+0.940
1666309380,+3.47,+15.796,+10.064,+0.940
1666309440,+3.47,+15.796,+10.065,+0.940
1666309500,+3.48,+15.796,+10.060,+0.940
1666309560,+3.48,+15.813,+10.043,+0.940
1666309620,+3.47,+15.813,+10.039,+0.940
1666309680,+3.47,+15.796,+10.047,+0.940
1666309740,+3.47,+15.770,+10.070,+0.940
1666309800,+3.47,+15.770,+10.078,+0.940
1666309860,+3.47,+15.778,+10.059,+0.940
1666309920,+3.47,+15.778,+10.069,+0.941
1666309980,+3.47,+15.761,+10.062,+0.940
1666310040,+3.47,+15.787,+10.051,+0.940
1666310100,+3.47,+15.744,+10.068,+0.940
1666310160,+3.47,+15.736,+10.067,+0.940
1666310220,+3.47,+15.719,+10.067,+0.940
1666310280,+3.47,+15.701,+10.075,+0.940
1666310340,+3.47,+15.701,+10.078,+0.940
1666310400,+3.47,+15.701,+10.069,+0.940
1666310460,+3.47,+15.710,+10.060,+0.940
1666310520,+3.47,+15.701,+10.066,+0.940
1666310580,+3.47,+15.684,+10.071,+0.940
1666310640,+3.47,+15.676,+10.062,+0.940
1666310700,+3.47,+15.659,+10.065,+0.940
1666310760,+3.47,+15.676,+10.080,+0.941
1666310820,+3.47,+15.676,+10.069,+0.940
1666310880,+3.47,+15.667,+10.061,+0.940
1666310940,+3.47,+15.676,+10.048,+0.940
1666311000,+3.47,+15.684,+10.036,+0.941
1666311060,+3.47,+15.642,+10.058,+0.941
1666311120,+3.47,+15.667,+10.038,+0.940
1666311180,+3.47,+15.650,+10.050,+0.940
1666311240,+3.47,+15.659,+10.033,+0.940
1666311300,+3.47,+15.667,+10.031,+0.940
1666311360,+3.47,+15.642,+10.041,+0.940
1666311420,+3.47,+15.650,+10.028,+0.940
1666311480,+3.47,+15.667,+10.003,+0.940
1666311540,+3.47,+15.667,+10.011,+0.940
1666311600,+3.47,+15.650,+10.008,+0.940
1666311660,+3.47,+15.650, +9.998,+0.940
1666311720,+3.47,+15.650,+10.001,+0.940
1666311780,+3.47,+15.676, +9.986,+0.940
1666311840,+3.47,+15.667, +9.983,+0.940
1666311900,+3.47,+15.676, +9.977,+0.940
1666311960,+3.47,+15.684, +9.971,+0.940
1666312020,+3.47,+15.659, +9.976,+0.940
1666312080,+3.47,+15.676, +9.976,+0.940
1666312140,+3.47,+15.667, +9.980,+0.940
1666312200,+3.47,+15.684, +9.953,+0.940
1666312260,+3.47,+15.676, +9.968,+0.940
1666312320,+3.47,+15.667, +9.963,+0.940
1666312380,+3.47,+15.684, +9.965,+0.940
1666312440,+3.47,+15.684, +9.960,+0.940
1666312500,+3.47,+15.693, +9.950,+0.940
1666312560,+3.47,+15.650, +9.963,+0.940
1666312620,+3.47,+15.684, +9.967,+0.940
1666312680,+3.47,+15.642, +9.968,+0.940
1666312740,+3.47,+15.659, +9.966,+0.940
1666312800,+3.47,+15.659, +9.976,+0.940
1666312860,+3.47,+15.642, +9.973,+0.940
1666312920,+3.47,+15.650, +9.971,+0.940
1666312980,+3.47,+15.650, +9.958,+0.940
1666313040,+3.47,+15.642, +9.950,+0.940
1666313100,+3.47,+15.633, +9.960,+0.940
1666313160,+3.47,+15.616, +9.954,+0.940
1666313220,+3.47,+15.642, +9.930,+0.940
1666313280,+3.47,+15.642, +9.914,+0.940
1666313340,+3.47,+15.633, +9.918,+0.940
1666313400,+3.47,+15.624, +9.925,+0.940
1666313460,+3.47,+15.642, +9.917,+0.940
1666313520,+3.47,+15.633, +9.915,+0.940
1666313580,+3.47,+15.650, +9.913,+0.940
1666313640,+3.47,+15.624, +9.937,+0.940
1666313700,+3.47,+15.616, +9.935,+0.940
1666313760,+3.47,+15.624, +9.939,+0.940
1666313820,+3.47,+15.624, +9.948,+0.940
1666313880,+3.47,+15.624, +9.943,+0.940
1666313940,+3.47,+15.642, +9.925,+0.940
1666314000,+3.47,+15.624, +9.925,+0.940
1666314060,+3.47,+15.642, +9.933,+0.940
1666314120,+3.47,+15.633, +9.916,+0.940
1666314180,+3.47,+15.642, +9.912,+0.940
1666314240,+3.47,+15.642, +9.904,+0.940
1666314300,+3.47,+15.624, +9.892,+0.940
1666314360,+3.47,+15.633, +9.889,+0.940
1666314420,+3.47,+15.650, +9.874,+0.940
1666314480,+3.47,+15.633, +9.894,+0.940
1666314540,+3.47,+15.650, +9.863,+0.940
1666314600,+3.47,+15.642, +9.884,+0.940
1666314660,+3.47,+15.633, +9.883,+0.940
1666314720,+3.47,+15.633, +9.886,+0.940
1666314780,+3.47,+15.650, +9.894,+0.940
1666314840,+3.47,+15.642, +9.880,+0.940
1666314900,+3.47,+15.659, +9.861,+0.940
1666314960,+3.47,+15.642, +9.900,+0.940
1666315020,+3.47,+15.633, +9.903,+0.940
1666315080,+3.47,+15.659, +9.891,+0.940
1666315140,+3.47,+15.642, +9.882,+0.940
1666315200,+3.47,+15.650, +9.865,+0.940
1666315260,+3.47,+15.633, +9.885,+0.940
1666315320,+3.47,+15.642, +9.882,+0.940
1666315380,+3.47,+15.624, +9.894,+0.940
1666315440,+3.47,+15.633, +9.865,+0.940
1666315500,+3.47,+15.616, +9.877,+0.940
1666315560,+3.47,+15.616, +9.882,+0.940
1666315620,+3.47,+15.624, +9.864,+0.940
1666315680,+3.47,+15.624, +9.865,+0.940
1666315740,+3.47,+15.616, +9.857,+0.940
1666315800,+3.47,+15.633, +9.852,+0.940
1666315860,+3.47,+15.633, +9.842,+0.940
1666315920,+3.47,+15.633, +9.840,+0.940
1666315980,+3.47,+15.616, +9.849,+0.940
1666316040,+3.47,+15.607, +9.859,+0.940
1666316100,+3.47,+15.616, +9.832,+0.940
1666316160,+3.47,+15.624, +9.844,+0.940
1666316220,+3.47,+15.616, +9.853,+0.940
1666316280,+3.47,+15.616, +9.866,+0.940
1666316340,+3.47,+15.624, +9.852,+0.940
1666316400,+3.47,+15.642, +9.849,+0.940
1666316460,+3.47,+15.624, +9.845,+0.940
1666316520,+3.47,+15.642, +9.830,+0.940
1666316580,+3.47,+15.650, +9.830,+0.940
1666316640,+3.47,+15.633, +9.822,+0.940
1666316700,+3.47,+15.642, +9.817,+0.940
1666316760,+3.47,+15.650, +9.823,+0.940
1666316820,+3.47,+15.642, +9.829,+0.940
1666316880,+3.47,+15.650, +9.829,+0.940
1666316940,+3.47,+15.624, +9.838,+0.940
1666317000,+3.47,+15.633, +9.844,+0.940
1666317060,+3.47,+15.659, +9.826,+0.940
1666317120,+3.47,+15.667, +9.823,+0.940
1666317180,+3.47,+15.667, +9.796,+0.940
1666317240,+3.47,+15.676, +9.800,+0.940
1666317300,+3.47,+15.676, +9.798,+0.940
1666317360,+3.47,+15.684, +9.792,+0.940
1666317420,+3.47,+15.676, +9.798,+0.940
1666317480,+3.47,+15.701, +9.783,+0.940
1666317540,+3.47,+15.676, +9.766,+0.940
1666317600,+3.47,+15.693, +9.780,+0.940
1666317660,+3.47,+15.693, +9.776,+0.940
1666317720,+3.47,+15.684, +9.785,+0.940
1666317780,+3.47,+15.676, +9.778,+0.940
1666317840,+3.47,+15.676, +9.759,+0.940
1666317900,+3.47,+15.659, +9.769,+0.940
1666317960,+3.47,+15.659, +9.785,+0.940
1666318020,+3.47,+15.659, +9.813,+0.940
1666318080,+3.47,+15.676, +9.820,+0.940
1666318140,+3.47,+15.667, +9.820,+0.940
1666318200,+3.47,+15.667, +9.820,+0.940
1666318260,+3.47,+15.659, +9.830,+0.940
1666318320,+3.47,+15.650, +9.828,+0.940
1666318380,+3.47,+15.650, +9.820,+0.940
1666318440,+3.47,+15.676, +9.804,+0.940
1666318500,+3.47,+15.684, +9.802,+0.940
1666318560,+3.47,+15.659, +9.813,+0.940
1666318620,+3.47,+15.667, +9.790,+0.940
1666318680,+3.47,+15.659, +9.787,+0.940
1666318740,+3.47,+15.659, +9.773,+0.940
1666318800,+3.47,+15.676, +9.777,+0.940
1666318860,+3.47,+15.667, +9.768,+0.940
1666318920,+3.47,+15.693, +9.753,+0.940
1666318980,+3.47,+15.684, +9.734,+0.940
1666319040,+3.47,+15.701, +9.736,+0.940
1666319100,+3.47,+15.693, +9.730,+0.941
1666319160,+3.47,+15.727, +9.682,+0.940
1666319220,+3.47,+15.736, +9.677,+0.940
1666319280,+3.47,+15.736, +9.667,+0.940
1666319340,+3.47,+15.736, +9.669,+0.940
1666319400,+3.47,+15.736, +9.663,+0.940
1666319460,+3.47,+15.744, +9.659,+0.940
1666319520,+3.47,+15.770, +9.647,+0.940
1666319580,+3.47,+15.770, +9.639,+0.940
1666319640,+3.47,+15.778, +9.629,+0.940
1666319700,+3.48,+15.770, +9.634,+0.940
1666319760,+3.47,+15.778, +9.616,+0.940
1666319820,+3.47,+15.770, +9.632,+0.940
1666319880,+3.47,+15.778, +9.604,+0.940
1666319940,+3.47,+15.787, +9.581,+0.940
1666320000,+3.47,+15.804, +9.585,+0.940
1666320060,+3.47,+15.804, +9.560,+0.940
1666320120,+3.47,+15.804, +9.565,+0.940
1666320180,+3.47,+15.830, +9.543,+0.940
1666320240,+3.47,+15.821, +9.559,+0.940
1666320300,+3.47,+15.804, +9.556,+0.940
1666320360,+3.47,+15.838, +9.534,+0.939
1666320420,+3.47,+15.813, +9.547,+0.939
1666320480,+3.47,+15.804, +9.566,+0.940
1666320540,+3.47,+15.804, +9.565,+0.940
1666320600,+3.47,+15.813, +9.558,+0.940
1666320660,+3.47,+15.830, +9.531,+0.940
1666320720,+3.47,+15.821, +9.534,+0.940
1666320780,+3.47,+15.855, +9.516,+0.940
1666320840,+3.47,+15.847, +9.509,+0.940
1666320900,+3.47,+15.847, +9.494,+0.940
1666320960,+3.47,+15.830, +9.491,+0.940
1666321020,+3.47,+15.838, +9.496,+0.940
1666321080,+3.47,+15.838, +9.506,+0.940
1666321140,+3.47,+15.864, +9.478,+0.940
1666321200,+3.47,+15.847, +9.504,+0.940
1666321260,+3.47,+15.847, +9.487,+0.939
1666321320,+3.47,+15.847, +9.502,+0.940
1666321380,+3.47,+15.830, +9.513,+0.940
1666321440,+3.47,+15.864, +9.484,+0.940
1666321500,+3.47,+15.855, +9.477,+0.940
1666321560,+3.47,+15.838, +9.473,+0.940
1666321620,+3.47,+15.864, +9.468,+0.940
1666321680,+3.47,+15.872, +9.476,+0.940
1666321740,+3.47,+15.881, +9.473,+0.940
1666321800,+3.47,+15.881, +9.463,+0.940
1666321860,+3.47,+15.881, +9.474,+0.940
1666321920,+3.47,+15.898, +9.456,+0.940
1666321980,+3.47,+15.890, +9.468,+0.940
1666322040,+3.47,+15.907, +9.449,+0.940
1666322100,+3.47,+15.898, +9.454,+0.940
1666322160,+3.47,+15.924, +9.438,+0.940
1666322220,+3.47,+15.915, +9.437,+0.940
1666322280,+3.47,+15.941, +9.419,+0.940
1666322340,+3.47,+15.941, +9.441,+0.940
1666322400,+3.47,+15.949, +9.436,+0.940
1666322460,+3.47,+15.966, +9.403,+0.939
1666322520,+3.47,+15.975, +9.407,+0.940
1666322580,+3.47,+15.958, +9.377,+0.939
1666322640,+3.47,+15.984, +9.368,+0.940
1666322700,+3.47,+15.975, +9.393,+0.939
1666322760,+3.47,+15.984, +9.361,+0.939
1666322820,+3.47,+16.001, +9.364,+0.940
1666322880,+3.47,+15.984, +9.365,+0.939
1666322940,+3.47,+16.018, +9.352,+0.940
1666323000,+3.47,+16.001, +9.314,+0.939
1666323060,+3.47,+16.001, +9.288,+0.940
1666323120,+3.47,+16.001, +9.284,+0.940
1666323180,+3.47,+16.009, +9.321,+0.940
1666323240,+3.47,+15.975, +9.348,+0.940
1666323300,+3.47,+16.001, +9.357,+0.940
1666323360,+3.47,+15.992, +9.350,+0.939
1666323420,+3.47,+16.018, +9.338,+0.940
1666323480,+3.47,+16.001, +9.344,+0.940
1666323540,+3.47,+16.001, +9.329,+0.939
1666323600,+3.47,+15.992, +9.377,+0.940
1666323660,+3.47,+15.992, +9.375,+0.940
1666323720,+3.47,+15.975, +9.350,+0.940
1666323780,+3.47,+16.001, +9.323,+0.939
1666323840,+3.47,+15.975, +9.308,+0.939
1666323900,+3.47,+15.992, +9.297,+0.940
1666323960,+3.47,+16.001, +9.275,+0.940
1666324020,+3.47,+15.966, +9.269,+0.939
1666324080,+3.47,+15.992, +9.262,+0.940
1666324140,+3.47,+15.992, +9.243,+0.940
1666324200,+3.47,+15.975, +9.245,+0.940
1666324260,+3.47,+15.984, +9.275,+0.940
1666324320,+3.47,+15.975, +9.265,+0.939
1666324380,+3.47,+15.966, +9.222,+0.939
1666324440,+3.47,+16.001, +9.220,+0.940
1666324500,+3.47,+15.975, +9.216,+0.939
1666324560,+3.47,+15.975, +9.200,+0.940
1666324620,+3.47,+15.975, +9.193,+0.939
1666324680,+3.47,+15.975, +9.190,+0.940
1666324740,+3.47,+15.975, +9.200,+0.940
1666324800,+3.47,+15.949, +9.189,+0.939
1666324860,+3.47,+15.975, +9.180,+0.939
1666324920,+3.47,+15.984, +9.221,+0.939
1666324980,+3.47,+15.966, +9.214,+0.940
1666325040,+3.47,+15.966, +9.188,+0.940
1666325100,+3.47,+15.984, +9.119,+0.939
1666325160,+3.47,+15.958, +9.117,+0.939
1666325220,+3.47,+15.949, +9.145,+0.939
1666325280,+3.47,+15.966, +9.189,+0.940
1666325340,+3.47,+15.958, +9.187,+0.939
1666325400,+3.47,+15.949, +9.210,+0.939
1666325460,+3.47,+15.966, +9.171,+0.939
1666325520,+3.47,+15.941, +9.174,+0.939
1666325580,+3.47,+15.949, +9.121,+0.939
1666325640,+3.47,+15.932, +9.178,+0.939
1666325700,+3.47,+15.907, +9.203,+0.939
1666325760,+3.47,+15.907, +9.157,+0.939
1666325820,+3.47,+15.907, +9.117,+0.939
1666325880,+3.47,+15.898, +9.088,+0.939
1666325940,+3.47,+15.872, +9.126,+0.939
1666326000,+3.47,+15.872, +9.085,+0.940
1666326060,+3.47,+15.872, +9.010,+0.940
1666326120,+3.47,+15.881, +9.006,+0.940
1666326180,+3.47,+15.855, +9.037,+0.939
1666326240,+3.47,+15.881, +8.987,+0.939
1666326300,+3.47,+15.898, +8.953,+0.939
1666326360,+3.47,+15.890, +8.924,+0.939
1666326420,+3.47,+15.898, +8.876,+0.939
1666326480,+3.47,+15.907, +8.874,+0.940
1666326540,+3.47,+15.907, +8.878,+0.939
1666326600,+3.47,+15.932, +8.873,+0.939
1666326660,+3.47,+15.907, +8.932,+0.939
1666326720,+3.47,+15.949, +8.915,+0.939
1666326780,+3.47,+15.941, +8.910,+0.940
1666326840,+3.47,+15.924, +8.946,+0.939
1666326900,+3.47,+15.915, +8.992,+0.939
1666326960,+3.47,+15.915, +8.983,+0.939
1666327020,+3.47,+15.890, +8.971,+0.940
1666327080,+3.47,+15.881, +8.938,+0.939
1666327140,+3.47,+15.890, +8.902,+0.939
1666327200,+3.47,+15.881, +8.894,+0.939
1666327260,+3.47,+15.881, +8.888,+0.940
1666327320,+3.47,+15.881, +8.880,+0.939
1666327380,+3.47,+15.881, +8.893,+0.939
1666327440,+3.47,+15.898, +8.822,+0.939
1666327500,+3.47,+15.915, +8.808,+0.939
1666327560,+3.47,+15.907, +8.831,+0.939
1666327620,+3.47,+15.898, +8.858,+0.939
1666327680,+3.47,+15.890, +8.818,+0.939
1666327740,+3.47,+15.890, +8.795,+0.939
1666327800,+3.47,+15.915, +8.814,+0.939
1666327860,+3.47,+15.915, +8.886,+0.940
1666327920,+3.47,+15.881, +8.878,+0.939
1666327980,+3.47,+15.932, +8.861,+0.939
1666328040,+3.47,+15.932, +8.855,+0.939
1666328100,+3.47,+15.958, +8.853,+0.939
1666328160,+3.47,+15.992, +8.790,+0.939
1666328220,+3.47,+15.984, +8.817,+0.939
1666328280,+3.47,+15.984, +8.811,+0.939
1666328340,+3.47,+15.984, +8.724,+0.939
1666328400,+3.47,+16.009, +8.682,+0.939
1666328460,+3.47,+16.001, +8.670,+0.939
1666328520,+3.47,+15.975, +8.682,+0.939
1666328580,+3.47,+15.992, +8.672,+0.939
1666328640,+3.47,+15.966, +8.695,+0.939
1666328700,+3.47,+15.966, +8.691,+0.939
1666328760,+3.47,+15.958, +8.736,+0.939
1666328820,+3.47,+15.975, +8.806,+0.939
1666328880,+3.47,+15.958, +8.811,+0.939
1666328940,+3.47,+15.915, +8.820,+0.939
1666329000,+3.47,+15.907, +8.794,+0.939
1666329060,+3.47,+15.881, +8.812,+0.939
1666329120,+3.47,+15.898, +8.800,+0.939
1666329180,+3.47,+15.881, +8.750,+0.939
1666329240,+3.47,+15.847, +8.783,+0.939
1666329300,+3.47,+15.855, +8.774,+0.939
1666329360,+3.47,+15.838, +8.767,+0.939
1666329420,+3.47,+15.838, +8.733,+0.939
1666329480,+3.47,+15.838, +8.692,+0.939
1666329540,+3.47,+15.830, +8.592,+0.939
1666329600,+3.47,+15.821, +8.612,+0.939
1666329660,+3.47,+15.838, +8.584,+0.939
1666329720,+3.47,+15.821, +8.592,+0.939
1666329780,+3.47,+15.804, +8.649,+0.939
1666329840,+3.47,+15.813, +8.696,+0.939
1666329900,+3.47,+15.796, +8.679,+0.939
1666329960,+3.47,+15.804, +8.637,+0.939
1666330020,+3.47,+15.796, +8.660,+0.939
1666330080,+3.47,+15.787, +8.664,+0.939
1666330140,+3.47,+15.770, +8.607,+0.939
1666330200,+3.47,+15.761, +8.592,+0.939
1666330260,+3.47,+15.770, +8.605,+0.939
1666330320,+3.47,+15.770, +8.582,+0.939
1666330380,+3.47,+15.761, +8.589,+0.939
1666330440,+3.47,+15.770, +8.777,+0.940
1666330500,+3.47,+15.778, +8.871,+0.939
1666330560,+3.47,+15.770, +8.951,+0.939
1666330620,+3.47,+15.761, +8.991,+0.939
1666330680,+3.47,+15.744, +9.010,+0.940
1666330740,+3.47,+15.736, +8.891,+0.939
1666330800,+3.47,+15.761, +8.914,+0.939
1666330860,+3.47,+15.753, +8.920,+0.940
1666330920,+3.47,+15.770, +8.926,+0.940
1666330980,+3.47,+15.778, +8.829,+0.939
1666331040,+3.47,+15.787, +8.756,+0.939
1666331100,+3.47,+15.787, +8.851,+0.939
1666331160,+3.47,+15.770, +8.943,+0.940
1666331220,+3.47,+15.778, +8.951,+0.939
1666331280,+3.47,+15.778, +8.935,+0.939
1666331340,+3.47,+15.787, +8.866,+0.939
1666331400,+3.47,+15.796, +8.789,+0.939
1666331460,+3.47,+15.804, +8.660,+0.939
1666331520,+3.47,+15.821, +8.487,+0.939
1666331580,+3.47,+15.787, +8.538,+0.939
1666331640,+3.47,+15.761, +8.575,+0.939
1666331700,+3.47,+15.744, +8.591,+0.939
1666331760,+3.47,+15.701, +8.595,+0.939
1666331820,+3.47,+15.659, +8.724,+0.939
1666331880,+3.47,+15.616, +8.730,+0.939
1666331940,+3.47,+15.599, +8.756,+0.939
1666332000,+3.47,+15.564, +8.770,+0.939
1666332060,+3.47,+15.513, +8.067,+0.939
1666332120,+3.47,+15.513, +8.308,+0.939
1666332180,+3.47,+15.496, +8.488,+0.939
1666332240,+3.47,+15.470, +8.644,+0.939
1666332300,+3.47,+15.419, +8.782,+0.939
1666332360,+3.47,+15.402, +8.821,+0.939
1666332420,+3.47,+15.384, +8.819,+0.939
1666332480,+3.47,+15.384, +8.672,+0.940
1666332540,+3.47,+15.384, +8.613,+0.939
1666332600,+3.47,+15.376, +8.677,+0.939
1666332660,+3.47,+15.384, +8.793,+0.939
1666332720,+3.47,+15.393, +8.856,+0.939
1666332780,+3.47,+15.410, +8.877,+0.939
1666332840,+3.47,+15.393, +8.931,+0.940
1666332900,+3.47,+15.393, +8.844,+0.939
1666332960,+3.47,+15.410, +8.659,+0.939
1666333020,+3.47,+15.436, +8.719,+0.939
1666333080,+3.47,+15.427, +8.659,+0.939
1666333140,+3.47,+15.436, +8.633,+0.939
1666333200,+3.47,+15.436, +8.611,+0.939
1666333260,+3.47,+15.427, +8.614,+0.939
1666333320,+3.47,+15.444, +8.627,+0.939
1666333380,+3.47,+15.453, +8.695,+0.940
1666333440,+3.47,+15.462, +8.607,+0.939
1666333500,+3.47,+15.487, +8.550,+0.939
1666333560,+3.47,+15.479, +8.608,+0.939
1666333620,+3.47,+15.487, +8.686,+0.939
1666333680,+3.47,+15.496, +8.734,+0.940
1666333740,+3.47,+15.496, +8.785,+0.939
1666333800,+3.47,+15.496, +8.886,+0.939
1666333860,+3.47,+15.522, +8.898,+0.940
1666333920,+3.47,+15.513, +8.939,+0.939
1666333980,+3.47,+15.530, +8.998,+0.940
1666334040,+3.47,+15.522, +8.933,+0.939
1666334100,+3.47,+15.539, +8.969,+0.939
1666334160,+3.47,+15.530, +8.980,+0.939
1666334220,+3.47,+15.539, +9.027,+0.939
1666334280,+3.47,+15.556, +9.019,+0.939
1666334340,+3.47,+15.564, +8.959,+0.939
1666334400,+3.47,+15.556, +8.909,+0.939
1666334460,+3.47,+15.556, +8.875,+0.939
1666334520,+3.47,+15.564, +8.849,+0.939
1666334580,+3.47,+15.564, +8.846,+0.939
1666334640,+3.47,+15.547, +8.878,+0.939
1666334700,+3.47,+15.556, +8.676,+0.939
1666334760,+3.47,+15.556, +8.508,+0.939
1666334820,+3.47,+15.556, +8.589,+0.939
1666334880,+3.47,+15.564, +8.639,+0.939
1666334940,+3.47,+15.547, +8.683,+0.939
1666335000,+3.47,+15.547, +8.738,+0.939
1666335060,+3.47,+15.573, +8.781,+0.939
1666335120,+3.47,+15.564, +8.788,+0.939
1666335180,+3.47,+15.573, +8.829,+0.939
1666335240,+3.47,+15.564, +8.666,+0.940
1666335300,+3.47,+15.556, +8.685,+0.939
1666335360,+3.47,+15.564, +8.719,+0.939
1666335420,+3.47,+15.547, +8.643,+0.939
1666335480,+3.47,+15.547, +8.723,+0.939
1666335540,+3.47,+15.556, +8.881,+0.940
1666335600,+3.47,+15.547, +8.934,+0.939
1666335660,+3.47,+15.564, +9.023,+0.940
1666335720,+3.47,+15.564, +8.802,+0.939
1666335780,+3.47,+15.564, +8.935,+0.940
1666335840,+3.47,+15.547, +9.003,+0.939
1666335900,+3.47,+15.573, +8.947,+0.939
1666335960,+3.47,+15.539, +9.088,+0.940
1666336020,+3.47,+15.564, +9.075,+0.940
1666336080,+3.47,+15.564, +8.986,+0.939
1666336140,+3.47,+15.556, +8.953,+0.939
1666336200,+3.47,+15.547, +8.804,+0.939
1666336260,+3.47,+15.530, +8.720,+0.939
1666336320,+3.47,+15.547, +8.681,+0.939
1666336380,+3.47,+15.564, +8.750,+0.939
1666336440,+3.47,+15.547, +8.846,+0.939
1666336500,+3.47,+15.547, +8.716,+0.939
1666336560,+3.47,+15.530, +8.730,+0.939
1666336620,+3.47,+15.530, +8.877,+0.939
1666336680,+3.47,+15.504, +8.985,+0.939
1666336740,+3.47,+15.513, +9.035,+0.939
1666336800,+3.47,+15.496, +9.024,+0.939
1666336860,+3.47,+15.513, +8.992,+0.939
1666336920,+3.47,+15.522, +8.966,+0.939
1666336980,+3.47,+15.522, +8.973,+0.939
1666337040,+3.47,+15.547, +8.939,+0.939
1666337100,+3.47,+15.513, +8.887,+0.939
1666337160,+3.47,+15.530, +8.990,+0.939
1666337220,+3.47,+15.513, +9.036,+0.939
1666337280,+3.47,+15.513, +8.922,+0.939
1666337340,+3.47,+15.504, +8.958,+0.939
1666337400,+3.47,+15.513, +9.055,+0.940
1666337460,+3.47,+15.522, +8.815,+0.939
1666337520,+3.47,+15.496, +8.675,+0.939
1666337580,+3.47,+15.479, +8.628,+0.939
1666337640,+3.47,+15.513, +8.535,+0.939
1666337700,+3.47,+15.496, +8.482,+0.939
1666337760,+3.47,+15.487, +8.134,+0.939
1666337820,+3.47,+15.487, +8.072,+0.939
1666337880,+3.47,+15.487, +8.265,+0.939
1666337940,+3.47,+15.479, +8.225,+0.939
1666338000,+3.47,+15.487, +8.454,+0.939
1666338060,+3.47,+15.513, +8.612,+0.939
1666338120,+3.47,+15.496, +8.610,+0.939
1666338180,+3.47,+15.496, +8.722,+0.939
1666338240,+3.47,+15.479, +8.836,+0.939
1666338300,+3.47,+15.470, +8.920,+0.939
1666338360,+3.47,+15.462, +8.935,+0.939
1666338420,+3.47,+15.444, +9.123,+0.940
1666338480,+3.47,+15.444, +8.961,+0.939
1666338540,+3.47,+15.444, +8.766,+0.939
1666338600,+3.47,+15.419, +8.827,+0.939
1666338660,+3.47,+15.427, +8.815,+0.939
1666338720,+3.47,+15.410, +8.774,+0.939
1666338780,+3.47,+15.410, +8.763,+0.939
1666338840,+3.47,+15.393, +8.763,+0.939
1666338900,+3.47,+15.376, +8.772,+0.939
1666338960,+3.47,+15.367, +8.579,+0.939
1666339020,+3.47,+15.376, +8.304,+0.939
1666339080,+3.47,+15.384, +8.216,+0.939
1666339140,+3.47,+15.376, +8.112,+0.939
1666339200,+3.47,+15.359, +8.099,+0.939
1666339260,+3.47,+15.350, +8.231,+0.939
1666339320,+3.47,+15.333, +8.339,+0.939
1666339380,+3.47,+15.333, +8.347,+0.939
1666339440,+3.47,+15.333, +8.302,+0.939
1666339500,+3.47,+15.324, +8.213,+0.939
1666339560,+3.47,+15.316, +8.202,+0.939
1666339620,+3.47,+15.307, +8.124,+0.939
1666339680,+3.47,+15.299, +8.047,+0.939
1666339740,+3.47,+15.290, +8.037,+0.939
1666339800,+3.47,+15.290, +8.069,+0.939
1666339860,+3.47,+15.273, +8.133,+0.939
1666339920,+3.47,+15.273, +8.186,+0.939
1666339980,+3.47,+15.290, +8.223,+0.939
1666340040,+3.47,+15.273, +8.711,+0.939
1666340100,+3.47,+15.247, +8.915,+0.939
1666340160,+3.47,+15.264, +8.887,+0.939
1666340220,+3.47,+15.247, +8.937,+0.939
1666340280,+3.47,+15.256, +9.155,+0.940
1666340340,+3.47,+15.256, +9.158,+0.939
1666340400,+3.47,+15.247, +9.007,+0.939
1666340460,+3.47,+15.221, +8.971,+0.939
1666340520,+3.47,+15.213, +8.993,+0.939
1666340580,+3.47,+15.213, +8.914,+0.939
1666340640,+3.47,+15.221, +8.860,+0.939
1666340700,+3.47,+15.196, +8.805,+0.939
1666340760,+3.47,+15.196, +8.782,+0.939
1666340820,+3.47,+15.178, +8.700,+0.939
1666340880,+3.47,+15.187, +8.744,+0.939
1666340940,+3.47,+15.178, +8.834,+0.939
1666341000,+3.47,+15.153, +8.918,+0.939
1666341060,+3.47,+15.161, +8.871,+0.939
1666341120,+3.47,+15.161, +8.825,+0.939
1666341180,+3.47,+15.153, +8.759,+0.940
1666341240,+3.47,+15.135, +8.718,+0.940
1666341300,+3.47,+15.144, +8.721,+0.939
1666341360,+3.47,+15.153, +8.675,+0.939
1666341420,+3.47,+15.144, +8.718,+0.939
1666341480,+3.47,+15.144, +8.750,+0.939
1666341540,+3.47,+15.135, +8.817,+0.939
1666341600,+3.47,+15.118, +8.916,+0.939
1666341660,+3.47,+15.127, +9.058,+0.940
1666341720,+3.47,+15.127, +9.075,+0.939
1666341780,+3.47,+15.118, +8.986,+0.939
1666341840,+3.47,+15.110, +8.951,+0.939
1666341900,+3.47,+15.127, +8.919,+0.939
1666341960,+3.47,+15.135, +8.927,+0.939
1666342020,+3.47,+15.135, +8.940,+0.939
1666342080,+3.47,+15.110, +9.008,+0.939
1666342140,+3.47,+15.127, +9.044,+0.939
1666342200,+3.47,+15.144, +9.017,+0.940
1666342260,+3.47,+15.144, +8.912,+0.939
1666342320,+3.47,+15.118, +8.843,+0.939
1666342380,+3.47,+15.110, +9.072,+0.939
1666342440,+3.47,+15.092, +9.170,+0.940
1666342500,+3.47,+15.067, +9.088,+0.939
1666342560,+3.47,+15.024, +9.107,+0.939
1666342620,+3.47,+15.015, +9.028,+0.940
1666342680,+3.47,+14.989, +8.936,+0.939
1666342740,+3.47,+14.963, +8.889,+0.939
1666342800,+3.47,+14.972, +8.857,+0.939
1666342860,+3.47,+14.963, +8.928,+0.940
1666342920,+3.47,+14.946, +9.031,+0.939
1666342980,+3.47,+14.937, +9.089,+0.939
1666343040,+3.47,+14.946, +9.241,+0.939
1666343100,+3.47,+14.955, +9.329,+0.940
1666343160,+3.47,+14.963, +9.407,+0.939
1666343220,+3.47,+14.981, +9.461,+0.940
1666343280,+3.47,+14.981, +9.529,+0.940
1666343340,+3.47,+14.998, +9.609,+0.940
1666343400,+3.47,+15.041, +9.620,+0.940
1666343460,+3.47,+15.075, +9.593,+0.940
1666343520,+3.47,+15.067, +9.566,+0.939
1666343580,+3.47,+15.075, +9.628,+0.940
1666343640,+3.47,+15.084, +9.656,+0.940
1666343700,+3.47,+15.110, +9.636,+0.939
1666343760,+3.47,+15.127, +9.652,+0.940
1666343820,+3.47,+15.144, +9.678,+0.940
1666343880,+3.47,+15.153, +9.675,+0.940
1666343940,+3.47,+15.170, +9.584,+0.940
1666344000,+3.47,+15.144, +9.534,+0.940
1666344060,+3.47,+15.135, +9.520,+0.940
1666344120,+3.47,+15.127, +9.543,+0.939
1666344180,+3.47,+15.127, +9.509,+0.939
1666344240,+3.47,+15.127, +9.477,+0.939
1666344300,+3.47,+15.161, +9.470,+0.940
1666344360,+3.47,+15.153, +9.471,+0.940
1666344420,+3.47,+15.144, +9.530,+0.939
1666344480,+3.47,+15.161, +9.521,+0.940
1666344540,+3.47,+15.135, +9.571,+0.940
1666344600,+3.47,+15.144, +9.552,+0.940
1666344660,+3.47,+15.144, +9.544,+0.940
1666344720,+3.47,+15.161, +9.515,+0.940
1666344780,+3.47,+15.144, +9.504,+0.940
1666344840,+3.47,+15.178, +9.535,+0.940
1666344900,+3.47,+15.153, +9.509,+0.940
1666344960,+3.47,+15.127, +9.517,+0.939
1666345020,+3.47,+15.127, +9.458,+0.939
1666345080,+3.47,+15.127, +9.497,+0.940
1666345140,+3.47,+15.110, +9.437,+0.939
1666345200,+3.47,+15.101, +9.442,+0.940
1666345260,+3.47,+15.067, +9.406,+0.939
1666345320,+3.47,+15.032, +9.363,+0.939
1666345380,+3.47,+15.015, +9.398,+0.939
1666345440,+3.47,+15.006, +9.487,+0.939
1666345500,+3.47,+14.972, +9.514,+0.939
1666345560,+3.47,+14.929, +9.487,+0.940
1666345620,+3.47,+14.912, +9.482,+0.940
1666345680,+3.47,+14.894, +9.459,+0.940
1666345740,+3.47,+14.877, +9.469,+0.940
1666345800,+3.47,+14.860, +9.426,+0.940
1666345860,+3.47,+14.825, +9.388,+0.940
1666345920,+3.47,+14.808, +9.386,+0.939
1666345980,+3.47,+14.800, +9.359,+0.939
1666346040,+3.47,+14.791, +9.356,+0.939
1666346100,+3.47,+14.825, +9.470,+0.940
1666346160,+3.47,+14.903, +9.533,+0.939
1666346220,+3.47,+14.929, +9.550,+0.940
1666346280,+3.47,+14.972, +9.573,+0.940
1666346340,+3.47,+15.006, +9.609,+0.940
1666346400,+3.47,+15.058, +9.578,+0.940
1666346460,+3.47,+15.067, +9.591,+0.940
1666346520,+3.47,+15.101, +9.526,+0.939
1666346580,+3.47,+15.075, +9.511,+0.940
1666346640,+3.47,+15.135, +9.485,+0.940
1666346700,+3.47,+15.127, +9.485,+0.940
1666346760,+3.47,+15.144, +9.504,+0.940
1666346820,+3.47,+15.153, +9.503,+0.940
1666346880,+3.47,+15.178, +9.502,+0.940
1666346940,+3.47,+15.187, +9.497,+0.940
1666347000,+3.47,+15.187, +9.401,+0.940
1666347060,+3.47,+15.187, +9.191,+0.940
1666347120,+3.47,+15.221, +9.040,+0.939
1666347180,+3.47,+15.221, +8.937,+0.939
1666347240,+3.47,+15.221, +8.870,+0.939
1666347300,+3.47,+15.213, +8.910,+0.939
1666347360,+3.47,+15.204, +9.073,+0.940
1666347420,+3.47,+15.204, +8.942,+0.939
1666347480,+3.47,+15.213, +8.941,+0.939
1666347540,+3.47,+15.204, +8.928,+0.939
1666347600,+3.47,+15.196, +8.922,+0.939
1666347660,+3.47,+15.204, +8.948,+0.939
1666347720,+3.47,+15.230, +9.186,+0.939
1666347780,+3.47,+15.213, +9.303,+0.939
1666347840,+3.47,+15.221, +9.464,+0.939
1666347900,+3.47,+15.204, +9.579,+0.939
1666347960,+3.47,+15.213, +9.630,+0.940
1666348020,+3.47,+15.196, +9.645,+0.940
1666348080,+3.47,+15.213, +9.654,+0.940
1666348140,+3.47,+15.204, +9.637,+0.939
1666348200,+3.47,+15.213, +9.639,+0.939
1666348260,+3.47,+15.213, +9.606,+0.940
1666348320,+3.47,+15.204, +9.586,+0.939
1666348380,+3.47,+15.221, +9.556,+0.939
1666348440,+3.47,+15.230, +9.535,+0.939
1666348500,+3.47,+15.221, +9.545,+0.940
1666348560,+3.47,+15.221, +9.606,+0.940
1666348620,+3.47,+15.239, +9.621,+0.940
1666348680,+3.47,+15.239, +9.604,+0.940
1666348740,+3.47,+15.256, +9.576,+0.940
1666348800,+3.47,+15.239, +9.518,+0.940
1666348860,+3.47,+15.247, +9.497,+0.939
1666348920,+3.47,+15.239, +9.476,+0.940
1666348980,+3.47,+15.239, +9.485,+0.940
1666349040,+3.47,+15.239, +9.468,+0.940
1666349100,+3.47,+15.264, +9.419,+0.939
1666349160,+3.47,+15.256, +9.384,+0.939
1666349220,+3.47,+15.264, +9.354,+0.939
1666349280,+3.47,+15.256, +9.295,+0.940
1666349340,+3.47,+15.256, +9.174,+0.939
1666349400,+3.47,+15.256, +9.038,+0.939
1666349460,+3.47,+15.239, +9.036,+0.939
1666349520,+3.47,+15.256, +8.985,+0.939
1666349580,+3.47,+15.256, +8.925,+0.939
1666349640,+3.47,+15.273, +8.907,+0.939
1666349700,+3.47,+15.247, +8.782,+0.939
1666349760,+3.47,+15.256, +8.786,+0.939
1666349820,+3.47,+15.256, +8.790,+0.939
1666349880,+3.47,+15.221, +8.765,+0.939
1666349940,+3.47,+15.230, +8.844,+0.939
1666350000,+3.47,+15.230, +9.036,+0.939
1666350060,+3.47,+15.230, +9.152,+0.939
1666350120,+3.47,+15.221, +9.234,+0.940
1666350180,+3.47,+15.221, +9.276,+0.939
1666350240,+3.47,+15.239, +9.266,+0.940
1666350300,+3.47,+15.221, +9.196,+0.940
1666350360,+3.47,+15.221, +9.225,+0.939
1666350420,+3.47,+15.221, +9.286,+0.939
1666350480,+3.47,+15.230, +9.313,+0.940
1666350540,+3.47,+15.239, +9.289,+0.940
1666350600,+3.47,+15.221, +9.234,+0.939
1666350660,+3.47,+15.230, +9.181,+0.940
1666350720,+3.47,+15.213, +9.235,+0.940
1666350780,+3.47,+15.213, +9.269,+0.940
1666350840,+3.47,+15.196, +9.255,+0.939
1666350900,+3.47,+15.230, +9.078,+0.939
1666350960,+3.47,+15.204, +8.813,+0.939
1666351020,+3.47,+15.221, +8.713,+0.939
1666351080,+3.47,+15.221, +8.473,+0.939
1666351140,+3.47,+15.204, +8.513,+0.939
1666351200,+3.47,+15.204, +8.505,+0.939
1666351260,+3.47,+15.196, +8.503,+0.939
1666351320,+3.47,+15.204, +8.530,+0.939
1666351380,+3.47,+15.196, +8.588,+0.939
1666351440,+3.47,+15.187, +8.642,+0.939
1666351500,+3.47,+15.178, +8.705,+0.940
1666351560,+3.47,+15.187, +8.724,+0.939
1666351620,+3.47,+15.187, +8.659,+0.939
1666351680,+3.47,+15.204, +8.599,+0.939
1666351740,+3.47,+15.196, +8.487,+0.939
1666351800,+3.47,+15.204, +8.552,+0.939
1666351860,+3.47,+15.204, +8.698,+0.939
1666351920,+3.47,+15.239, +8.695,+0.939
1666351980,+3.47,+15.213, +8.829,+0.939
1666352040,+3.47,+15.239, +8.615,+0.939
1666352100,+3.47,+15.239, +8.784,+0.939
1666352160,+3.47,+15.230, +8.811,+0.939
1666352220,+3.47,+15.239, +8.824,+0.939
1666352280,+3.47,+15.239, +8.972,+0.939
1666352340,+3.47,+15.221, +8.986,+0.939
1666352400,+3.47,+15.239, +8.918,+0.939
1666352460,+3.47,+15.230, +9.051,+0.939
1666352520,+3.47,+15.213, +9.164,+0.939
1666352580,+3.47,+15.213, +9.201,+0.939
1666352640,+3.47,+15.213, +9.279,+0.939
1666352700,+3.47,+15.221, +9.342,+0.939
1666352760,+3.47,+15.196, +9.316,+0.939
1666352820,+3.47,+15.196, +9.295,+0.940
1666352880,+3.47,+15.213, +9.252,+0.939
1666352940,+3.47,+15.221, +9.232,+0.939
1666353000,+3.47,+15.213, +9.167,+0.940
1666353060,+3.47,+15.230, +9.122,+0.939
1666353120,+3.47,+15.264, +9.149,+0.939
1666353180,+3.47,+15.247, +9.174,+0.939
1666353240,+3.47,+15.247, +9.214,+0.940
1666353300,+3.47,+15.247, +9.256,+0.939
1666353360,+3.47,+15.239, +9.284,+0.939
1666353420,+3.47,+15.221, +9.284,+0.940
1666353480,+3.47,+15.213, +9.303,+0.939
1666353540,+3.47,+15.196, +9.299,+0.940
1666353600,+3.47,+15.187, +9.326,+0.940
1666353660,+3.47,+15.187, +9.196,+0.939
1666353720,+3.47,+15.187, +9.273,+0.939
1666353780,+3.47,+15.230, +9.291,+0.939
1666353840,+3.47,+15.256, +9.300,+0.940
1666353900,+3.47,+15.264, +9.318,+0.940
1666353960,+3.47,+15.333, +9.253,+0.939
1666354020,+3.47,+15.333, +9.245,+0.939
1666354080,+3.47,+15.333, +9.268,+0.939
1666354140,+3.47,+15.342, +9.240,+0.940
1666354200,+3.47,+15.324, +9.226,+0.940
1666354260,+3.47,+15.350, +9.182,+0.939
1666354320,+3.47,+15.333, +9.131,+0.940
1666354380,+3.47,+15.342, +9.124,+0.939
1666354440,+3.47,+15.342, +9.098,+0.939
1666354500,+3.47,+15.342, +9.170,+0.940
1666354560,+3.47,+15.324, +9.207,+0.939
1666354620,+3.47,+15.333, +9.215,+0.939
1666354680,+3.47,+15.342, +9.405,+0.940
1666354740,+3.47,+15.359, +9.480,+0.940
1666354800,+3.47,+15.376, +9.515,+0.940
1666354860,+3.47,+15.350, +9.511,+0.940
1666354920,+3.47,+15.376, +9.449,+0.940
1666354980,+3.47,+15.359, +9.344,+0.940
1666355040,+3.47,+15.350, +9.268,+0.939
1666355100,+3.47,+15.350, +9.196,+0.939
1666355160,+3.47,+15.367, +9.157,+0.940
1666355220,+3.47,+15.367, +9.187,+0.939
1666355280,+3.47,+15.367, +9.244,+0.940
1666355340,+3.47,+15.367, +9.241,+0.940
1666355400,+3.47,+15.367, +9.200,+0.939
1666355460,+3.47,+15.333, +9.155,+0.939
1666355520,+3.47,+15.324, +9.123,+0.939
1666355580,+3.47,+15.333, +9.148,+0.940
1666355640,+3.47,+15.299, +9.199,+0.939
1666355700,+3.47,+15.307, +9.201,+0.940
1666355760,+3.47,+15.307, +9.149,+0.939
1666355820,+3.47,+15.333, +9.113,+0.940
1666355880,+3.47,+15.350, +9.239,+0.939
1666355940,+3.47,+15.376, +9.203,+0.940
1666356000,+3.47,+15.367, +9.209,+0.939
1666356060,+3.47,+15.367, +9.257,+0.939
1666356120,+3.47,+15.384, +9.210,+0.939
1666356180,+3.47,+15.384, +9.244,+0.939
1666356240,+3.47,+15.419, +9.339,+0.939
1666356300,+3.47,+15.402, +9.302,+0.939
1666356360,+3.47,+15.402, +9.231,+0.939
1666356420,+3.47,+15.419, +9.188,+0.939
1666356480,+3.47,+15.402, +9.274,+0.939
1666356540,+3.47,+15.393, +9.413,+0.939
1666356600,+3.47,+15.359, +9.560,+0.939
1666356660,+3.47,+15.367, +9.629,+0.939
1666356720,+3.47,+15.359, +9.684,+0.940
1666356780,+3.47,+15.333, +9.717,+0.940
1666356840,+3.47,+15.350, +9.646,+0.939
1666356900,+3.47,+15.316, +9.719,+0.940
1666356960,+3.47,+15.324, +9.701,+0.940
1666357020,+3.47,+15.307, +9.697,+0.940
1666357080,+3.47,+15.307, +9.710,+0.940
1666357140,+3.47,+15.299, +9.708,+0.940
1666357200,+3.47,+15.299, +9.620,+0.940
1666357260,+3.47,+15.307, +9.521,+0.939
1666357320,+3.47,+15.316, +9.434,+0.940
1666357380,+3.47,+15.299, +9.393,+0.939
1666357440,+3.47,+15.307, +9.373,+0.940
1666357500,+3.47,+15.299, +9.444,+0.939
1666357560,+3.47,+15.307, +9.824,+0.940
1666357620,+3.47,+15.290, +9.705,+0.940
1666357680,+3.47,+15.299, +9.660,+0.940
1666357740,+3.47,+15.324, +9.627,+0.940
1666357800,+3.47,+15.299, +9.579,+0.940
1666357860,+3.47,+15.307, +9.538,+0.940
1666357920,+3.47,+15.324, +9.498,+0.940
1666357980,+3.47,+15.316, +9.532,+0.940
1666358040,+3.47,+15.350, +9.483,+0.940
1666358100,+3.47,+15.367, +9.396,+0.939
1666358160,+3.47,+15.367, +9.485,+0.940
1666358220,+3.47,+15.350, +9.600,+0.940
1666358280,+3.47,+15.350, +9.591,+0.940
1666358340,+3.47,+15.350, +9.558,+0.940
1666358400,+3.47,+15.342, +9.564,+0.940
1666358460,+3.47,+15.333, +9.543,+0.940
1666358520,+3.47,+15.342, +9.655,+0.939
1666358580,+3.47,+15.350, +9.666,+0.940
1666358640,+3.47,+15.316, +9.682,+0.940
1666358700,+3.47,+15.307, +9.673,+0.940
1666358760,+3.47,+15.316, +9.703,+0.939
1666358820,+3.47,+15.299, +9.722,+0.940
1666358880,+3.47,+15.316, +9.680,+0.940
1666358940,+3.47,+15.299, +9.709,+0.939
1666359000,+3.47,+15.316, +9.702,+0.940
1666359060,+3.47,+15.299, +9.620,+0.940
1666359120,+3.47,+15.307, +9.593,+0.940
1666359180,+3.47,+15.307, +9.528,+0.940
1666359240,+3.47,+15.290, +9.467,+0.940
1666359300,+3.47,+15.324, +9.366,+0.940
1666359360,+3.47,+15.299, +9.721,+0.940
1666359420,+3.47,+15.316, +9.805,+0.940
1666359480,+3.47,+15.299, +9.836,+0.940
1666359540,+3.47,+15.316, +9.885,+0.940
1666359600,+3.47,+15.307, +9.900,+0.940
1666359660,+3.47,+15.307, +9.876,+0.940
1666359720,+3.47,+15.333, +9.726,+0.940
1666359780,+3.47,+15.316, +9.683,+0.940
1666359840,+3.47,+15.359, +9.644,+0.940
1666359900,+3.47,+15.350, +9.613,+0.940
1666359960,+3.47,+15.324, +9.586,+0.940
1666360020,+3.47,+15.367, +9.558,+0.940
1666360080,+3.47,+15.384, +9.545,+0.940
1666360140,+3.47,+15.393, +9.504,+0.940
1666360200,+3.47,+15.384, +9.516,+0.939
1666360260,+3.47,+15.393, +9.559,+0.939
1666360320,+3.47,+15.393, +9.606,+0.939
1666360380,+3.47,+15.410, +9.662,+0.940
1666360440,+3.47,+15.393, +9.622,+0.939
1666360500,+3.47,+15.367, +9.649,+0.940
1666360560,+3.47,+15.393, +9.659,+0.939
1666360620,+3.47,+15.384, +9.638,+0.939
1666360680,+3.47,+15.367, +9.635,+0.940
1666360740,+3.47,+15.359, +9.714,+0.939
1666360800,+3.47,+15.367, +9.686,+0.940
1666360860,+3.47,+15.359, +9.685,+0.940
1666360920,+3.47,+15.350, +9.658,+0.940
1666360980,+3.47,+15.359, +9.579,+0.940
1666361040,+3.47,+15.367, +9.492,+0.940
1666361100,+3.47,+15.359, +9.370,+0.939
1666361160,+3.47,+15.342, +9.337,+0.940
1666361220,+3.47,+15.333, +9.333,+0.939
1666361280,+3.47,+15.333, +9.437,+0.940
1666361340,+3.47,+15.367, +9.527,+0.940
1666361400,+3.47,+15.359, +9.671,+0.940
1666361460,+3.47,+15.367, +9.706,+0.939
1666361520,+3.47,+15.350, +9.708,+0.940
1666361580,+3.47,+15.367, +9.700,+0.940
1666361640,+3.47,+15.359, +9.662,+0.940
1666361700,+3.47,+15.367, +9.562,+0.940
1666361760,+3.47,+15.376, +9.494,+0.940
1666361820,+3.47,+15.376, +9.436,+0.939
1666361880,+3.47,+15.376, +9.403,+0.940
1666361940,+3.47,+15.410, +9.362,+0.939
1666362000,+3.47,+15.419, +9.303,+0.940
1666362060,+3.47,+15.427, +9.243,+0.939
1666362120,+3.47,+15.444, +9.177,+0.940
1666362180,+3.47,+15.453, +9.014,+0.939
1666362240,+3.47,+15.462, +8.895,+0.939
1666362300,+3.47,+15.453, +8.789,+0.939
1666362360,+3.47,+15.453, +8.845,+0.939
1666362420,+3.47,+15.453, +8.853,+0.940
1666362480,+3.47,+15.436, +8.892,+0.939
1666362540,+3.47,+15.436, +8.911,+0.940
1666362600,+3.47,+15.419, +8.900,+0.939
1666362660,+3.47,+15.402, +8.874,+0.939
1666362720,+3.47,+15.384, +8.902,+0.939
1666362780,+3.47,+15.359, +9.000,+0.939
1666362840,+3.47,+15.342, +9.093,+0.939
1666362900,+3.47,+15.333, +9.290,+0.939
1666362960,+3.47,+15.316, +9.347,+0.939
1666363020,+3.47,+15.299, +9.345,+0.939
1666363080,+3.47,+15.316, +9.338,+0.939
1666363140,+3.47,+15.316, +9.265,+0.940
1666363200,+3.47,+15.273, +9.234,+0.939
1666363260,+3.47,+15.290, +9.296,+0.939
1666363320,+3.47,+15.247, +9.369,+0.939
1666363380,+3.47,+15.221, +9.533,+0.939
1666363440,+3.47,+15.187, +9.413,+0.939
1666363500,+3.47,+15.178, +9.342,+0.939
1666363560,+3.47,+15.196, +9.312,+0.940
1666363620,+3.47,+15.187, +9.317,+0.939
1666363680,+3.47,+15.196, +9.312,+0.940
1666363740,+3.47,+15.247, +9.306,+0.939
1666363800,+3.47,+15.307, +9.301,+0.940
1666363860,+3.47,+15.359, +9.319,+0.940
1666363920,+3.47,+15.402, +9.374,+0.940
1666363980,+3.47,+15.410, +9.358,+0.939
1666364040,+3.47,+15.427, +9.341,+0.939
1666364100,+3.47,+15.453, +9.467,+0.939
1666364160,+3.47,+15.393, +9.480,+0.940
1666364220,+3.47,+15.393, +9.466,+0.939
1666364280,+3.47,+15.342, +9.462,+0.939
1666364340,+3.47,+15.273, +9.447,+0.940
1666364400,+3.47,+15.239, +9.419,+0.939
1666364460,+3.47,+15.187, +9.388,+0.940
1666364520,+3.47,+15.135, +9.541,+0.939
1666364580,+3.47,+15.084, +9.627,+0.939
1666364640,+3.47,+15.032, +9.654,+0.939
1666364700,+3.47,+14.998, +9.675,+0.939
1666364760,+3.47,+14.981, +9.657,+0.939
1666364820,+3.47,+14.963, +9.689,+0.939
1666364880,+3.47,+14.946, +9.736,+0.940
1666364940,+3.47,+14.955, +9.771,+0.940
1666365000,+3.47,+14.955, +9.827,+0.940
1666365060,+3.47,+14.963, +9.823,+0.940
1666365120,+3.47,+14.981, +9.818,+0.940
1666365180,+3.47,+14.955, +9.815,+0.940
1666365240,+3.47,+14.937, +9.820,+0.940
1666365300,+3.47,+14.937, +9.793,+0.940
1666365360,+3.47,+14.937, +9.800,+0.940
1666365420,+3.47,+14.929, +9.816,+0.940
1666365480,+3.47,+14.929, +9.829,+0.940
1666365540,+3.47,+14.981, +9.856,+0.940
1666365600,+3.47,+15.024, +9.876,+0.940
1666365660,+3.47,+15.041, +9.982,+0.940
1666365720,+3.47,+15.101,+10.098,+0.940
1666365780,+3.47,+15.221,+10.113,+0.941
1666365840,+3.47,+15.324,+10.085,+0.940
1666365900,+3.47,+15.367,+10.117,+0.941
1666365960,+3.47,+15.393, +9.995,+0.940
1666366020,+3.47,+15.453,+10.026,+0.940
1666366080,+3.47,+15.462, +9.921,+0.940
1666366140,+3.47,+15.436, +9.881,+0.940
1666366200,+3.47,+15.376, +9.871,+0.940
1666366260,+3.47,+15.342, +9.904,+0.940
1666366320,+3.47,+15.307, +9.862,+0.940
1666366380,+3.47,+15.264, +9.833,+0.940
1666366440,+3.47,+15.221, +9.830,+0.939
1666366500,+3.47,+15.204, +9.856,+0.940
1666366560,+3.47,+15.153, +9.846,+0.940
1666366620,+3.47,+15.110, +9.865,+0.940
1666366680,+3.47,+15.084, +9.903,+0.940
1666366740,+3.47,+15.092, +9.930,+0.940
1666366800,+3.47,+15.067, +9.958,+0.940
1666366860,+3.47,+15.041, +9.994,+0.940
1666366920,+3.47,+15.049,+10.011,+0.940
1666366980,+3.47,+15.084,+10.104,+0.940
1666367040,+3.47,+15.101,+10.093,+0.940
1666367100,+3.47,+15.092,+10.107,+0.940
1666367160,+3.47,+15.084,+10.069,+0.940
1666367220,+3.47,+15.041,+10.026,+0.940
1666367280,+3.47,+15.110,+10.215,+0.941
1666367340,+3.47,+15.256,+10.259,+0.941
1666367400,+3.47,+15.470,+10.246,+0.941
1666367460,+3.47,+15.616,+10.190,+0.941
1666367520,+3.47,+15.701,+10.152,+0.941
1666367580,+3.47,+15.778,+10.149,+0.941
1666367640,+3.47,+15.804,+10.120,+0.940
1666367700,+3.47,+15.847,+10.095,+0.940
1666367760,+3.47,+15.890,+10.082,+0.940
1666367820,+3.47,+15.915,+10.085,+0.940
1666367880,+3.47,+15.949,+10.107,+0.940
1666367940,+3.47,+15.975,+10.121,+0.940
1666368000,+3.47,+16.018,+10.126,+0.940
1666368060,+3.47,+16.052,+10.124,+0.940
1666368120,+3.47,+16.060,+10.125,+0.941
1666368180,+3.47,+16.077,+10.107,+0.940
1666368240,+3.47,+16.077,+10.112,+0.940
1666368300,+3.47,+16.052,+10.105,+0.940
1666368360,+3.47,+16.052,+10.105,+0.940
1666368420,+3.47,+16.077,+10.086,+0.940
1666368480,+3.47,+16.052,+10.086,+0.940
1666368540,+3.47,+16.026,+10.087,+0.941
1666368600,+3.47,+16.043,+10.074,+0.940
1666368660,+3.47,+16.060,+10.080,+0.940
1666368720,+3.47,+16.069,+10.059,+0.940
1666368780,+3.47,+16.060,+10.074,+0.940
1666368840,+3.47,+16.060,+10.091,+0.940
1666368900,+3.47,+16.043,+10.159,+0.940
1666368960,+3.47,+16.069,+10.142,+0.940
1666369020,+3.47,+16.077,+10.140,+0.940
1666369080,+3.47,+16.086,+10.129,+0.941
1666369140,+3.47,+16.103,+10.142,+0.940
1666369200,+3.47,+16.103,+10.152,+0.940
1666369260,+3.47,+16.112,+10.173,+0.940
1666369320,+3.47,+16.112,+10.158,+0.940
1666369380,+3.47,+16.120,+10.181,+0.940
1666369440,+3.47,+16.146,+10.160,+0.940
1666369500,+3.47,+16.120,+10.183,+0.940
1666369560,+3.47,+16.129,+10.176,+0.940
1666369620,+3.47,+16.137,+10.163,+0.940
1666369680,+3.47,+16.129,+10.172,+0.940
1666369740,+3.47,+16.137,+10.144,+0.940
1666369800,+3.47,+16.129,+10.147,+0.940
1666369860,+3.47,+16.137,+10.150,+0.940
1666369920,+3.47,+16.120,+10.180,+0.940
1666369980,+3.47,+16.146,+10.151,+0.940
1666370040,+3.47,+16.146,+10.142,+0.940
1666370100,+3.47,+16.154,+10.179,+0.940
1666370160,+3.47,+16.146,+10.189,+0.940
1666370220,+3.47,+16.154,+10.200,+0.940
1666370280,+3.47,+16.154,+10.249,+0.940
1666370340,+3.47,+16.146,+10.258,+0.940
1666370400,+3.47,+16.154,+10.269,+0.940
1666370460,+3.47,+16.163,+10.241,+0.940
1666370520,+3.47,+16.154,+10.234,+0.940
1666370580,+3.47,+16.163,+10.219,+0.941
1666370640,+3.47,+16.171,+10.248,+0.941
1666370700,+3.47,+16.180,+10.244,+0.940
1666370760,+3.47,+16.197,+10.234,+0.940
1666370820,+3.47,+16.197,+10.221,+0.940
1666370880,+3.47,+16.205,+10.199,+0.940
1666370940,+3.47,+16.188,+10.231,+0.940
1666371000,+3.47,+16.205,+10.235,+0.940
