7450-364333
OS REV: 1.05 Sensor Cal: 1644948279
Time (sec),  BV (Volts),  T (deg C),  DO (mg/l),  Q ()
1668099060,+3.46,+14.090,+10.214,+0.937
1668099120,+3.46,+14.073,+10.215,+0.937
1668099180,+3.46,+14.082,+10.136,+0.937
1668099240,+3.46,+14.056,+10.141,+0.937
1668099300,+3.46,+14.038,+10.148,+0.937
1668099360,+3.46,+14.029,+10.134,+0.937
1668099420,+3.46,+14.038,+10.150,+0.937
1668099480,+3.46,+14.038,+10.168,+0.937
1668099540,+3.46,+14.038,+10.156,+0.937
1668099600,+3.46,+14.012,+10.145,+0.937
1668099660,+3.46,+14.021,+10.161,+0.937
1668099720,+3.46,+14.029,+10.159,+0.937
1668099780,+3.46,+14.012,+10.177,+0.937
1668099840,+3.46,+14.056,+10.164,+0.937
1668099900,+3.46,+14.064,+10.148,+0.937
1668099960,+3.46,+14.056,+10.171,+0.937
1668100020,+3.46,+14.056,+10.161,+0.937
1668100080,+3.46,+14.073,+10.158,+0.936
1668100140,+3.46,+14.073,+10.196,+0.937
1668100200,+3.46,+14.056,+10.184,+0.937
1668100260,+3.46,+14.056,+10.205,+0.937
1668100320,+3.46,+14.064,+10.236,+0.937
1668100380,+3.46,+14.082,+10.295,+0.937
1668100440,+3.46,+14.082,+10.333,+0.937
1668100500,+3.46,+14.116,+10.372,+0.937
1668100560,+3.46,+14.116,+10.374,+0.937
1668100620,+3.46,+14.125,+10.357,+0.937
1668100680,+3.46,+14.116,+10.341,+0.937
1668100740,+3.46,+14.116,+10.298,+0.937
1668100800,+3.46,+14.108,+10.288,+0.937
1668100860,+3.46,+14.108,+10.271,+0.937
1668100920,+3.46,+14.125,+10.224,+0.937
1668100980,+3.46,+14.090,+10.233,+0.937
1668101040,+3.46,+14.108,+10.221,+0.937
1668101100,+3.46,+14.116,+10.194,+0.937
1668101160,+3.46,+14.108,+10.212,+0.937
1668101220,+3.46,+14.090,+10.180,+0.936
1668101280,+3.46,+14.099,+10.184,+0.937
1668101340,+3.46,+14.090,+10.226,+0.937
1668101400,+3.46,+14.099,+10.226,+0.937
1668101460,+3.46,+14.116,+10.273,+0.937
1668101520,+3.46,+14.082,+10.281,+0.937
1668101580,+3.46,+14.090,+10.251,+0.937
1668101640,+3.46,+14.099,+10.225,+0.937
1668101700,+3.46,+14.099,+10.252,+0.937
1668101760,+3.46,+14.090,+10.202,+0.937
1668101820,+3.46,+14.090,+10.193,+0.937
1668101880,+3.46,+14.090,+10.185,+0.937
1668101940,+3.46,+14.108,+10.195,+0.937
1668102000,+3.46,+14.108,+10.205,+0.937
1668102060,+3.46,+14.099,+10.224,+0.937
1668102120,+3.46,+14.082,+10.196,+0.937
1668102180,+3.46,+14.082,+10.175,+0.937
1668102240,+3.46,+14.090,+10.172,+0.937
1668102300,+3.46,+14.082,+10.159,+0.936
1668102360,+3.46,+14.090,+10.243,+0.937
1668102420,+3.46,+14.090,+10.286,+0.937
1668102480,+3.46,+14.090,+10.315,+0.937
1668102540,+3.46,+14.090,+10.335,+0.937
1668102600,+3.46,+14.082,+10.318,+0.937
1668102660,+3.46,+14.099,+10.318,+0.937
1668102720,+3.46,+14.116,+10.286,+0.937
1668102780,+3.46,+14.151,+10.308,+0.937
1668102840,+3.46,+14.151,+10.344,+0.937
1668102900,+3.46,+14.142,+10.316,+0.937
1668102960,+3.46,+14.160,+10.275,+0.937
1668103020,+3.46,+14.160,+10.245,+0.937
1668103080,+3.46,+14.168,+10.184,+0.937
1668103140,+3.46,+14.160,+10.171,+0.937
1668103200,+3.46,+14.168,+10.160,+0.937
1668103260,+3.46,+14.160,+10.136,+0.937
1668103320,+3.46,+14.160,+10.205,+0.937
1668103380,+3.46,+14.177,+10.172,+0.937
1668103440,+3.46,+14.168,+10.167,+0.937
1668103500,+3.46,+14.160,+10.202,+0.937
1668103560,+3.46,+14.151,+10.186,+0.937
1668103620,+3.46,+14.160,+10.216,+0.937
1668103680,+3.46,+14.160,+10.221,+0.937
1668103740,+3.46,+14.160,+10.211,+0.937
1668103800,+3.46,+14.151,+10.245,+0.937
1668103860,+3.46,+14.151,+10.263,+0.937
1668103920,+3.46,+14.160,+10.203,+0.937
1668103980,+3.46,+14.168,+10.213,+0.937
1668104040,+3.46,+14.168,+10.235,+0.937
1668104100,+3.46,+14.168,+10.173,+0.937
1668104160,+3.46,+14.177,+10.265,+0.937
1668104220,+3.46,+14.151,+10.293,+0.937
1668104280,+3.46,+14.151,+10.247,+0.937
1668104340,+3.46,+14.142,+10.245,+0.937
1668104400,+3.46,+14.160,+10.275,+0.937
1668104460,+3.46,+14.160,+10.233,+0.937
1668104520,+3.46,+14.142,+10.264,+0.937
1668104580,+3.46,+14.151,+10.256,+0.937
1668104640,+3.46,+14.151,+10.215,+0.937
1668104700,+3.46,+14.160,+10.195,+0.937
1668104760,+3.46,+14.151,+10.177,+0.937
1668104820,+3.46,+14.177,+10.313,+0.937
1668104880,+3.46,+14.160,+10.357,+0.937
1668104940,+3.46,+14.168,+10.384,+0.937
1668105000,+3.46,+14.186,+10.436,+0.937
1668105060,+3.46,+14.194,+10.367,+0.937
1668105120,+3.46,+14.203,+10.454,+0.937
1668105180,+3.46,+14.203,+10.414,+0.937
1668105240,+3.46,+14.186,+10.329,+0.937
1668105300,+3.46,+14.194,+10.279,+0.937
1668105360,+3.46,+14.186,+10.209,+0.937
1668105420,+3.46,+14.177,+10.194,+0.937
1668105480,+3.46,+14.151,+10.176,+0.937
1668105540,+3.46,+14.151,+10.205,+0.937
1668105600,+3.46,+14.160,+10.221,+0.937
1668105660,+3.46,+14.168,+10.294,+0.937
1668105720,+3.46,+14.142,+10.300,+0.937
1668105780,+3.46,+14.168,+10.297,+0.937
1668105840,+3.46,+14.142,+10.298,+0.937
1668105900,+3.46,+14.160,+10.277,+0.937
1668105960,+3.46,+14.151,+10.286,+0.937
1668106020,+3.46,+14.151,+10.238,+0.937
1668106080,+3.46,+14.142,+10.245,+0.937
1668106140,+3.46,+14.134,+10.214,+0.937
1668106200,+3.46,+14.142,+10.187,+0.937
1668106260,+3.46,+14.160,+10.219,+0.937
1668106320,+3.46,+14.116,+10.296,+0.937
1668106380,+3.46,+14.142,+10.308,+0.937
1668106440,+3.46,+14.125,+10.332,+0.937
1668106500,+3.46,+14.142,+10.415,+0.937
1668106560,+3.46,+14.134,+10.426,+0.937
1668106620,+3.46,+14.125,+10.403,+0.937
1668106680,+3.46,+14.116,+10.401,+0.937
1668106740,+3.46,+14.116,+10.430,+0.937
1668106800,+3.46,+14.134,+10.367,+0.937
1668106860,+3.46,+14.116,+10.380,+0.937
1668106920,+3.46,+14.125,+10.364,+0.937
1668106980,+3.46,+14.142,+10.311,+0.937
1668107040,+3.46,+14.125,+10.294,+0.937
1668107100,+3.46,+14.134,+10.310,+0.937
1668107160,+3.46,+14.151,+10.321,+0.937
1668107220,+3.46,+14.151,+10.339,+0.937
1668107280,+3.46,+14.151,+10.371,+0.937
1668107340,+3.46,+14.134,+10.373,+0.937
1668107400,+3.46,+14.142,+10.376,+0.937
1668107460,+3.46,+14.142,+10.364,+0.937
1668107520,+3.46,+14.134,+10.381,+0.937
1668107580,+3.46,+14.116,+10.362,+0.937
1668107640,+3.46,+14.116,+10.379,+0.937
1668107700,+3.46,+14.142,+10.367,+0.937
1668107760,+3.46,+14.125,+10.377,+0.937
1668107820,+3.46,+14.134,+10.321,+0.937
1668107880,+3.46,+14.134,+10.372,+0.937
1668107940,+3.46,+14.134,+10.387,+0.937
1668108000,+3.46,+14.134,+10.335,+0.937
1668108060,+3.46,+14.125,+10.310,+0.937
1668108120,+3.46,+14.116,+10.284,+0.937
1668108180,+3.46,+14.125,+10.274,+0.937
1668108240,+3.46,+14.116,+10.267,+0.937
1668108300,+3.46,+14.099,+10.264,+0.937
1668108360,+3.46,+14.099,+10.255,+0.937
1668108420,+3.46,+14.099,+10.240,+0.937
1668108480,+3.46,+14.116,+10.207,+0.937
1668108540,+3.46,+14.116,+10.264,+0.937
1668108600,+3.46,+14.108,+10.251,+0.937
1668108660,+3.46,+14.125,+10.251,+0.937
1668108720,+3.46,+14.134,+10.258,+0.937
1668108780,+3.46,+14.134,+10.224,+0.937
1668108840,+3.46,+14.142,+10.299,+0.936
1668108900,+3.46,+14.151,+10.319,+0.937
1668108960,+3.46,+14.142,+10.320,+0.937
1668109020,+3.46,+14.125,+10.253,+0.938
1668109080,+3.46,+14.125,+10.316,+0.938
1668109140,+3.46,+14.134,+10.265,+0.937
1668109200,+3.46,+14.116,+10.366,+0.937
1668109260,+3.46,+14.116,+10.380,+0.937
1668109320,+3.46,+14.142,+10.372,+0.937
1668109380,+3.46,+14.142,+10.370,+0.937
1668109440,+3.46,+14.125,+10.376,+0.937
1668109500,+3.46,+14.134,+10.383,+0.937
1668109560,+3.46,+14.134,+10.405,+0.937
1668109620,+3.46,+14.134,+10.380,+0.937
1668109680,+3.46,+14.134,+10.351,+0.937
1668109740,+3.46,+14.125,+10.367,+0.937
1668109800,+3.46,+14.108,+10.371,+0.937
1668109860,+3.46,+14.108,+10.407,+0.937
1668109920,+3.46,+14.073,+10.389,+0.937
1668109980,+3.46,+14.090,+10.424,+0.937
1668110040,+3.46,+14.090,+10.422,+0.937
1668110100,+3.46,+14.073,+10.465,+0.937
1668110160,+3.46,+14.090,+10.451,+0.937
1668110220,+3.46,+14.090,+10.447,+0.938
1668110280,+3.46,+14.082,+10.412,+0.937
1668110340,+3.46,+14.073,+10.406,+0.937
1668110400,+3.46,+14.090,+10.425,+0.937
1668110460,+3.46,+14.090,+10.464,+0.937
1668110520,+3.46,+14.090,+10.442,+0.937
1668110580,+3.46,+14.099,+10.435,+0.937
1668110640,+3.46,+14.116,+10.385,+0.937
1668110700,+3.46,+14.090,+10.365,+0.937
1668110760,+3.46,+14.099,+10.342,+0.937
1668110820,+3.46,+14.099,+10.342,+0.937
1668110880,+3.46,+14.082,+10.295,+0.937
1668110940,+3.46,+14.073,+10.245,+0.937
1668111000,+3.46,+14.056,+10.263,+0.937
1668111060,+3.46,+14.012,+10.401,+0.937
1668111120,+3.46,+14.056,+10.395,+0.937
1668111180,+3.46,+14.056,+10.405,+0.937
1668111240,+3.46,+14.056,+10.380,+0.937
1668111300,+3.46,+14.047,+10.364,+0.937
1668111360,+3.46,+14.038,+10.376,+0.938
1668111420,+3.46,+14.056,+10.355,+0.937
1668111480,+3.46,+14.038,+10.407,+0.937
1668111540,+3.46,+14.047,+10.394,+0.937
1668111600,+3.46,+14.038,+10.342,+0.937
1668111660,+3.46,+14.047,+10.285,+0.937
1668111720,+3.46,+14.029,+10.267,+0.937
1668111780,+3.46,+14.012,+10.337,+0.937
1668111840,+3.46,+14.012,+10.352,+0.937
1668111900,+3.47,+13.977,+10.318,+0.937
1668111960,+3.47,+13.951,+10.287,+0.937
1668112020,+3.46,+13.960,+10.276,+0.937
1668112080,+3.47,+13.960,+10.286,+0.937
1668112140,+3.47,+13.925,+10.240,+0.937
1668112200,+3.47,+13.908,+10.190,+0.936
1668112260,+3.47,+13.882,+10.163,+0.937
1668112320,+3.47,+13.873,+10.147,+0.937
1668112380,+3.47,+13.864,+10.135,+0.937
1668112440,+3.47,+13.882,+10.147,+0.937
1668112500,+3.47,+13.873,+10.144,+0.937
1668112560,+3.47,+13.856,+10.108,+0.936
1668112620,+3.47,+13.873,+10.125,+0.937
1668112680,+3.47,+13.856,+10.093,+0.937
1668112740,+3.47,+13.847,+10.081,+0.936
1668112800,+3.47,+13.829,+10.099,+0.937
1668112860,+3.47,+13.803,+10.098,+0.936
1668112920,+3.47,+13.821,+10.054,+0.936
1668112980,+3.47,+13.803,+10.083,+0.937
1668113040,+3.47,+13.829,+10.081,+0.936
1668113100,+3.47,+13.803,+10.079,+0.937
1668113160,+3.47,+13.812,+10.123,+0.937
1668113220,+3.47,+13.803,+10.137,+0.937
1668113280,+3.47,+13.812,+10.136,+0.937
1668113340,+3.47,+13.812,+10.177,+0.937
1668113400,+3.47,+13.847,+10.215,+0.937
1668113460,+3.47,+13.795,+10.279,+0.937
1668113520,+3.47,+13.829,+10.194,+0.937
1668113580,+3.47,+13.821,+10.173,+0.937
1668113640,+3.47,+13.812,+10.153,+0.937
1668113700,+3.47,+13.821,+10.135,+0.937
1668113760,+3.47,+13.838,+10.168,+0.937
1668113820,+3.47,+13.838,+10.167,+0.936
1668113880,+3.47,+13.821,+10.200,+0.937
1668113940,+3.47,+13.829,+10.106,+0.937
1668114000,+3.47,+13.829,+10.177,+0.937
1668114060,+3.47,+13.821, +9.631,+0.937
1668114120,+3.47,+13.821, +9.637,+0.936
1668114180,+3.47,+13.829, +9.640,+0.937
1668114240,+3.47,+13.812, +9.623,+0.937
1668114300,+3.47,+13.812, +9.636,+0.936
1668114360,+3.47,+13.803, +9.655,+0.936
1668114420,+3.47,+13.786, +9.717,+0.937
1668114480,+3.47,+13.803, +9.964,+0.937
1668114540,+3.47,+13.795,+10.126,+0.937
1668114600,+3.47,+13.795,+10.031,+0.936
1668114660,+3.47,+13.795, +9.924,+0.937
1668114720,+3.47,+13.795, +9.782,+0.937
1668114780,+3.47,+13.786, +9.717,+0.937
1668114840,+3.47,+13.777, +9.719,+0.937
1668114900,+3.47,+13.786, +9.716,+0.937
1668114960,+3.47,+13.795,+10.093,+0.937
1668115020,+3.47,+13.786,+10.289,+0.937
1668115080,+3.47,+13.795,+10.201,+0.937
1668115140,+3.47,+13.795, +9.991,+0.937
1668115200,+3.47,+13.795, +9.820,+0.936
1668115260,+3.47,+13.777, +9.899,+0.937
1668115320,+3.47,+13.795, +9.825,+0.937
1668115380,+3.47,+13.795, +9.738,+0.936
1668115440,+3.47,+13.803, +9.730,+0.937
1668115500,+3.47,+13.795, +9.730,+0.937
1668115560,+3.47,+13.777, +9.751,+0.937
1668115620,+3.47,+13.795, +9.760,+0.936
1668115680,+3.47,+13.786, +9.774,+0.937
1668115740,+3.47,+13.803, +9.734,+0.936
1668115800,+3.47,+13.777, +9.775,+0.937
1668115860,+3.47,+13.786, +9.787,+0.937
1668115920,+3.47,+13.795, +9.760,+0.936
1668115980,+3.47,+13.795, +9.786,+0.937
1668116040,+3.47,+13.777, +9.787,+0.937
1668116100,+3.47,+13.795, +9.836,+0.936
1668116160,+3.47,+13.786, +9.882,+0.937
1668116220,+3.47,+13.795, +9.861,+0.937
1668116280,+3.47,+13.786, +9.850,+0.937
1668116340,+3.47,+13.769, +9.816,+0.937
1668116400,+3.47,+13.777, +9.750,+0.937
1668116460,+3.47,+13.786, +9.740,+0.937
1668116520,+3.47,+13.769, +9.720,+0.936
1668116580,+3.47,+13.769, +9.632,+0.937
1668116640,+3.47,+13.769, +9.506,+0.936
1668116700,+3.47,+13.769, +9.411,+0.937
1668116760,+3.47,+13.769, +9.262,+0.937
1668116820,+3.47,+13.769, +9.187,+0.936
1668116880,+3.47,+13.795, +9.125,+0.936
1668116940,+3.47,+13.795, +9.092,+0.936
1668117000,+3.47,+13.786, +9.094,+0.936
1668117060,+3.47,+13.795, +8.996,+0.936
1668117120,+3.47,+13.803, +8.920,+0.937
1668117180,+3.47,+13.829, +8.842,+0.936
1668117240,+3.47,+13.821, +8.828,+0.936
1668117300,+3.47,+13.812, +8.978,+0.936
1668117360,+3.47,+13.821, +8.989,+0.936
1668117420,+3.47,+13.821, +9.008,+0.936
1668117480,+3.47,+13.821, +9.183,+0.936
1668117540,+3.47,+13.812, +9.355,+0.936
1668117600,+3.47,+13.812, +9.418,+0.937
1668117660,+3.47,+13.838, +9.430,+0.937
1668117720,+3.47,+13.838, +9.408,+0.937
1668117780,+3.47,+13.856, +9.358,+0.936
1668117840,+3.47,+13.829, +9.456,+0.937
1668117900,+3.47,+13.856, +9.527,+0.936
1668117960,+3.47,+13.864, +9.467,+0.936
1668118020,+3.47,+13.856, +9.355,+0.936
1668118080,+3.47,+13.847, +9.377,+0.937
1668118140,+3.47,+13.873, +9.394,+0.936
1668118200,+3.47,+13.873, +9.367,+0.937
1668118260,+3.46,+13.873, +9.548,+0.936
1668118320,+3.47,+13.882, +9.665,+0.937
1668118380,+3.47,+13.890, +9.906,+0.937
1668118440,+3.47,+13.899,+10.037,+0.937
1668118500,+3.47,+13.925,+10.044,+0.937
1668118560,+3.47,+13.908,+10.007,+0.937
1668118620,+3.47,+13.899, +9.765,+0.937
1668118680,+3.47,+13.908, +9.850,+0.937
1668118740,+3.46,+13.908, +9.943,+0.937
1668118800,+3.47,+13.908, +9.749,+0.937
1668118860,+3.46,+13.934, +9.575,+0.937
1668118920,+3.47,+13.934, +9.488,+0.936
1668118980,+3.47,+13.925, +9.687,+0.937
1668119040,+3.46,+13.943, +9.790,+0.937
1668119100,+3.46,+13.934, +9.748,+0.937
1668119160,+3.47,+13.925, +9.571,+0.937
1668119220,+3.46,+13.960, +9.315,+0.936
1668119280,+3.47,+13.943, +9.202,+0.936
1668119340,+3.46,+13.960, +9.232,+0.936
1668119400,+3.46,+13.960, +9.271,+0.936
1668119460,+3.47,+13.951, +9.460,+0.936
1668119520,+3.46,+13.977, +9.615,+0.936
1668119580,+3.46,+13.969, +9.453,+0.936
1668119640,+3.46,+13.977, +9.534,+0.936
1668119700,+3.46,+13.977, +9.559,+0.936
1668119760,+3.46,+13.969, +9.580,+0.937
1668119820,+3.46,+13.969, +9.614,+0.937
1668119880,+3.46,+13.977, +9.736,+0.936
1668119940,+3.47,+13.995, +9.633,+0.936
1668120000,+3.46,+13.995, +9.668,+0.937
1668120060,+3.46,+13.995, +9.709,+0.937
1668120120,+3.46,+13.995, +9.926,+0.937
1668120180,+3.46,+13.986, +9.897,+0.937
1668120240,+3.46,+14.021,+10.033,+0.937
1668120300,+3.46,+14.021,+10.021,+0.937
1668120360,+3.46,+14.012, +9.963,+0.937
1668120420,+3.46,+14.003, +9.909,+0.937
1668120480,+3.46,+14.012, +9.810,+0.936
1668120540,+3.46,+14.012, +9.796,+0.936
1668120600,+3.46,+13.995, +9.871,+0.937
1668120660,+3.46,+13.986, +9.943,+0.936
1668120720,+3.46,+13.995, +9.998,+0.936
1668120780,+3.46,+13.969, +9.989,+0.937
1668120840,+3.46,+13.986, +9.926,+0.937
1668120900,+3.47,+13.969, +9.922,+0.937
1668120960,+3.47,+13.943, +9.903,+0.937
1668121020,+3.47,+13.943, +9.910,+0.937
1668121080,+3.47,+13.934, +9.917,+0.937
1668121140,+3.47,+13.934, +9.906,+0.937
1668121200,+3.47,+13.934, +9.916,+0.937
1668121260,+3.47,+13.925, +9.903,+0.937
1668121320,+3.46,+13.925, +9.923,+0.937
1668121380,+3.47,+13.934, +9.971,+0.937
1668121440,+3.47,+13.943,+10.040,+0.937
1668121500,+3.47,+13.925,+10.127,+0.937
1668121560,+3.47,+13.925,+10.231,+0.937
1668121620,+3.47,+13.925,+10.309,+0.937
1668121680,+3.47,+13.925,+10.411,+0.937
1668121740,+3.47,+13.934,+10.425,+0.937
1668121800,+3.47,+13.925,+10.375,+0.937
1668121860,+3.47,+13.934,+10.223,+0.937
1668121920,+3.47,+13.951,+10.174,+0.937
1668121980,+3.47,+13.934,+10.125,+0.937
1668122040,+3.47,+13.943,+10.166,+0.937
1668122100,+3.47,+13.934,+10.136,+0.936
1668122160,+3.47,+13.925,+10.124,+0.937
1668122220,+3.47,+13.925,+10.155,+0.937
1668122280,+3.47,+13.925,+10.182,+0.937
1668122340,+3.47,+13.943,+10.264,+0.937
1668122400,+3.47,+13.943,+10.260,+0.937
1668122460,+3.47,+13.969,+10.268,+0.937
1668122520,+3.46,+13.977,+10.257,+0.937
1668122580,+3.46,+13.977,+10.290,+0.937
1668122640,+3.47,+13.969,+10.312,+0.937
1668122700,+3.47,+13.960,+10.292,+0.937
1668122760,+3.47,+13.977,+10.294,+0.937
1668122820,+3.47,+13.969,+10.298,+0.937
1668122880,+3.47,+13.960,+10.301,+0.938
1668122940,+3.47,+13.977,+10.269,+0.937
1668123000,+3.47,+13.969,+10.256,+0.937
1668123060,+3.46,+13.969,+10.202,+0.937
1668123120,+3.47,+13.951,+10.181,+0.937
1668123180,+3.47,+13.916,+10.194,+0.936
1668123240,+3.47,+13.916,+10.241,+0.937
1668123300,+3.47,+13.951,+10.256,+0.937
1668123360,+3.47,+13.925,+10.265,+0.937
1668123420,+3.47,+13.925,+10.286,+0.937
1668123480,+3.47,+13.925,+10.282,+0.937
1668123540,+3.47,+13.925,+10.255,+0.937
1668123600,+3.47,+13.925,+10.252,+0.937
1668123660,+3.47,+13.934,+10.251,+0.937
1668123720,+3.47,+13.934,+10.185,+0.937
1668123780,+3.47,+13.934,+10.185,+0.937
1668123840,+3.47,+13.934,+10.157,+0.937
1668123900,+3.47,+13.916,+10.152,+0.937
1668123960,+3.47,+13.925,+10.094,+0.937
1668124020,+3.47,+13.916,+10.079,+0.936
1668124080,+3.47,+13.890,+10.089,+0.937
1668124140,+3.47,+13.899,+10.102,+0.937
1668124200,+3.47,+13.899,+10.132,+0.937
1668124260,+3.47,+13.890,+10.158,+0.937
1668124320,+3.47,+13.890,+10.108,+0.937
1668124380,+3.47,+13.873,+10.086,+0.937
1668124440,+3.47,+13.882,+10.133,+0.937
1668124500,+3.47,+13.864,+10.121,+0.937
1668124560,+3.47,+13.890,+10.118,+0.937
1668124620,+3.47,+13.882,+10.120,+0.937
1668124680,+3.47,+13.890,+10.098,+0.937
1668124740,+3.47,+13.873,+10.093,+0.937
1668124800,+3.47,+13.856,+10.079,+0.937
1668124860,+3.47,+13.856,+10.119,+0.937
1668124920,+3.47,+13.864,+10.161,+0.937
1668124980,+3.47,+13.882,+10.161,+0.937
1668125040,+3.47,+13.873,+10.225,+0.937
1668125100,+3.47,+13.882,+10.258,+0.937
1668125160,+3.47,+13.890,+10.210,+0.937
1668125220,+3.47,+13.890,+10.262,+0.937
1668125280,+3.47,+13.856,+10.289,+0.937
1668125340,+3.47,+13.856,+10.291,+0.937
1668125400,+3.47,+13.864,+10.285,+0.937
1668125460,+3.47,+13.847,+10.304,+0.937
1668125520,+3.47,+13.873,+10.312,+0.937
1668125580,+3.47,+13.856,+10.320,+0.937
1668125640,+3.47,+13.864,+10.333,+0.937
1668125700,+3.47,+13.856,+10.331,+0.937
1668125760,+3.47,+13.838,+10.363,+0.937
1668125820,+3.47,+13.864,+10.309,+0.937
1668125880,+3.47,+13.856,+10.291,+0.937
1668125940,+3.47,+13.882,+10.223,+0.937
1668126000,+3.47,+13.873,+10.169,+0.937
1668126060,+3.47,+13.882,+10.152,+0.937
1668126120,+3.47,+13.890,+10.146,+0.937
1668126180,+3.47,+13.873,+10.155,+0.937
1668126240,+3.47,+13.882,+10.176,+0.937
1668126300,+3.47,+13.873,+10.203,+0.937
1668126360,+3.47,+13.890,+10.204,+0.937
1668126420,+3.47,+13.856,+10.188,+0.937
1668126480,+3.47,+13.864,+10.169,+0.937
1668126540,+3.47,+13.882,+10.170,+0.937
1668126600,+3.47,+13.864,+10.188,+0.937
1668126660,+3.47,+13.856,+10.173,+0.937
1668126720,+3.47,+13.864,+10.192,+0.937
1668126780,+3.47,+13.873,+10.208,+0.936
1668126840,+3.47,+13.864,+10.199,+0.937
1668126900,+3.47,+13.856,+10.192,+0.937
1668126960,+3.47,+13.873,+10.197,+0.937
1668127020,+3.47,+13.864,+10.211,+0.937
1668127080,+3.47,+13.847,+10.232,+0.937
1668127140,+3.47,+13.873,+10.231,+0.937
1668127200,+3.47,+13.873,+10.185,+0.937
1668127260,+3.47,+13.864,+10.193,+0.937
1668127320,+3.47,+13.856,+10.218,+0.937
1668127380,+3.47,+13.856,+10.217,+0.937
1668127440,+3.47,+13.856,+10.217,+0.937
1668127500,+3.47,+13.864,+10.196,+0.937
1668127560,+3.47,+13.856,+10.186,+0.937
1668127620,+3.47,+13.873,+10.169,+0.937
1668127680,+3.47,+13.873,+10.177,+0.937
1668127740,+3.47,+13.864,+10.186,+0.937
1668127800,+3.47,+13.847,+10.169,+0.937
1668127860,+3.47,+13.864,+10.144,+0.937
1668127920,+3.47,+13.864,+10.139,+0.937
1668127980,+3.47,+13.856,+10.090,+0.937
1668128040,+3.47,+13.864, +9.772,+0.937
1668128100,+3.47,+13.838, +9.551,+0.936
1668128160,+3.47,+13.864, +9.673,+0.937
1668128220,+3.47,+13.864, +9.832,+0.937
1668128280,+3.47,+13.882, +9.908,+0.937
1668128340,+3.47,+13.864, +9.964,+0.937
1668128400,+3.47,+13.908, +9.980,+0.937
1668128460,+3.47,+13.890, +9.987,+0.937
1668128520,+3.47,+13.890,+10.010,+0.936
1668128580,+3.47,+13.882,+10.018,+0.937
1668128640,+3.47,+13.890,+10.016,+0.937
1668128700,+3.47,+13.899, +9.988,+0.937
1668128760,+3.47,+13.882, +9.992,+0.937
1668128820,+3.47,+13.899, +9.964,+0.937
1668128880,+3.47,+13.882, +9.939,+0.937
1668128940,+3.47,+13.882, +9.941,+0.937
1668129000,+3.47,+13.890, +9.928,+0.937
1668129060,+3.47,+13.864, +9.962,+0.937
1668129120,+3.47,+13.882, +9.875,+0.936
1668129180,+3.47,+13.873, +9.943,+0.937
1668129240,+3.47,+13.873, +9.898,+0.936
1668129300,+3.47,+13.873, +9.749,+0.936
1668129360,+3.47,+13.847, +9.849,+0.937
1668129420,+3.47,+13.847, +9.877,+0.937
1668129480,+3.47,+13.847, +9.905,+0.937
1668129540,+3.47,+13.873, +9.871,+0.936
1668129600,+3.47,+13.838, +9.953,+0.937
1668129660,+3.47,+13.847, +9.931,+0.936
1668129720,+3.47,+13.856, +9.967,+0.937
1668129780,+3.47,+13.864, +9.965,+0.937
1668129840,+3.47,+13.838, +9.926,+0.937
1668129900,+3.47,+13.838, +9.938,+0.936
1668129960,+3.47,+13.856, +9.966,+0.937
1668130020,+3.47,+13.847, +9.961,+0.937
1668130080,+3.47,+13.864, +9.911,+0.937
1668130140,+3.47,+13.864, +9.911,+0.936
1668130200,+3.47,+13.873, +9.900,+0.937
1668130260,+3.47,+13.847, +9.906,+0.937
1668130320,+3.47,+13.856, +9.861,+0.936
1668130380,+3.47,+13.882, +9.848,+0.937
1668130440,+3.47,+13.864, +9.851,+0.937
1668130500,+3.47,+13.847, +9.875,+0.937
1668130560,+3.47,+13.882, +9.885,+0.937
1668130620,+3.47,+13.856, +9.936,+0.937
1668130680,+3.47,+13.864, +9.921,+0.937
1668130740,+3.47,+13.856, +9.940,+0.936
1668130800,+3.47,+13.864, +9.938,+0.937
1668130860,+3.47,+13.847, +9.963,+0.937
1668130920,+3.47,+13.856, +9.950,+0.937
1668130980,+3.47,+13.847, +9.952,+0.937
1668131040,+3.47,+13.847, +9.954,+0.936
1668131100,+3.47,+13.856, +9.927,+0.936
1668131160,+3.47,+13.847, +9.910,+0.936
1668131220,+3.47,+13.838, +9.915,+0.937
1668131280,+3.47,+13.856, +9.920,+0.937
1668131340,+3.47,+13.847, +9.925,+0.937
1668131400,+3.47,+13.847, +9.935,+0.937
1668131460,+3.47,+13.838, +9.971,+0.937
1668131520,+3.47,+13.847, +9.926,+0.937
1668131580,+3.47,+13.838, +9.936,+0.936
1668131640,+3.47,+13.829, +9.923,+0.936
1668131700,+3.47,+13.838, +9.931,+0.936
1668131760,+3.47,+13.838, +9.918,+0.937
1668131820,+3.47,+13.838, +9.932,+0.937
1668131880,+3.47,+13.856, +9.963,+0.937
1668131940,+3.47,+13.829, +9.991,+0.937
1668132000,+3.47,+13.856, +9.962,+0.937
1668132060,+3.47,+13.856, +9.966,+0.937
1668132120,+3.47,+13.829, +9.951,+0.937
1668132180,+3.47,+13.838, +9.936,+0.937
1668132240,+3.47,+13.838, +9.895,+0.937
1668132300,+3.47,+13.838, +9.673,+0.937
1668132360,+3.47,+13.838, +9.781,+0.937
1668132420,+3.47,+13.829, +9.772,+0.937
1668132480,+3.47,+13.847, +9.844,+0.936
1668132540,+3.47,+13.829, +9.899,+0.937
1668132600,+3.47,+13.838, +9.891,+0.937
1668132660,+3.47,+13.829, +9.874,+0.937
1668132720,+3.47,+13.847, +9.900,+0.937
1668132780,+3.47,+13.838, +9.939,+0.937
1668132840,+3.47,+13.821, +9.934,+0.936
1668132900,+3.47,+13.829, +9.929,+0.936
1668132960,+3.47,+13.829, +9.936,+0.937
1668133020,+3.47,+13.838, +9.949,+0.937
1668133080,+3.47,+13.829, +9.949,+0.937
1668133140,+3.47,+13.847, +9.885,+0.936
1668133200,+3.47,+13.829, +9.874,+0.936
1668133260,+3.47,+13.838, +9.807,+0.936
1668133320,+3.47,+13.812, +9.858,+0.937
1668133380,+3.47,+13.838, +9.864,+0.936
1668133440,+3.47,+13.829, +9.864,+0.937
1668133500,+3.47,+13.812, +9.875,+0.937
1668133560,+3.47,+13.829, +9.883,+0.937
1668133620,+3.47,+13.838, +9.910,+0.937
1668133680,+3.47,+13.838, +9.912,+0.937
1668133740,+3.47,+13.838, +9.913,+0.936
1668133800,+3.47,+13.821, +9.864,+0.937
1668133860,+3.47,+13.812, +9.893,+0.937
1668133920,+3.47,+13.821, +9.865,+0.937
1668133980,+3.47,+13.829, +9.832,+0.937
1668134040,+3.47,+13.829, +9.852,+0.937
1668134100,+3.47,+13.838, +9.836,+0.937
1668134160,+3.47,+13.829, +9.890,+0.937
1668134220,+3.47,+13.838, +9.846,+0.936
1668134280,+3.47,+13.821, +9.793,+0.937
1668134340,+3.47,+13.838, +9.718,+0.937
1668134400,+3.47,+13.829, +9.591,+0.936
1668134460,+3.47,+13.838, +9.607,+0.936
1668134520,+3.47,+13.821, +9.669,+0.936
1668134580,+3.47,+13.829, +9.430,+0.936
1668134640,+3.47,+13.821, +9.636,+0.936
1668134700,+3.47,+13.829, +9.744,+0.937
1668134760,+3.47,+13.821, +9.806,+0.937
1668134820,+3.47,+13.821, +9.802,+0.937
1668134880,+3.47,+13.838, +9.492,+0.937
1668134940,+3.47,+13.812, +9.472,+0.936
1668135000,+3.47,+13.838, +9.494,+0.937
1668135060,+3.47,+13.821, +9.172,+0.936
1668135120,+3.47,+13.838, +8.877,+0.936
1668135180,+3.47,+13.812, +8.956,+0.936
1668135240,+3.47,+13.821, +8.902,+0.936
1668135300,+3.47,+13.812, +8.848,+0.936
1668135360,+3.47,+13.821, +8.973,+0.936
1668135420,+3.47,+13.812, +8.949,+0.936
1668135480,+3.47,+13.829, +9.075,+0.936
1668135540,+3.47,+13.821, +9.194,+0.936
1668135600,+3.47,+13.821, +8.938,+0.936
1668135660,+3.47,+13.812, +8.540,+0.936
1668135720,+3.47,+13.812, +8.409,+0.935
1668135780,+3.47,+13.803, +8.487,+0.936
1668135840,+3.47,+13.803, +8.575,+0.935
1668135900,+3.47,+13.821, +8.595,+0.936
1668135960,+3.47,+13.803, +8.551,+0.936
1668136020,+3.47,+13.803, +8.546,+0.936
1668136080,+3.47,+13.812, +8.626,+0.936
1668136140,+3.47,+13.812, +8.594,+0.936
1668136200,+3.47,+13.812, +8.534,+0.936
1668136260,+3.47,+13.812, +8.431,+0.936
1668136320,+3.47,+13.795, +8.298,+0.936
1668136380,+3.47,+13.803, +8.207,+0.936
1668136440,+3.47,+13.795, +8.170,+0.936
1668136500,+3.47,+13.795, +8.129,+0.936
1668136560,+3.47,+13.786, +8.087,+0.936
1668136620,+3.47,+13.795, +8.086,+0.936
1668136680,+3.47,+13.777, +8.115,+0.936
1668136740,+3.47,+13.777, +8.111,+0.936
1668136800,+3.47,+13.786, +8.112,+0.936
1668136860,+3.47,+13.769, +8.120,+0.936
1668136920,+3.47,+13.795, +8.147,+0.936
1668136980,+3.47,+13.795, +8.106,+0.936
1668137040,+3.47,+13.786, +8.105,+0.935
1668137100,+3.47,+13.786, +8.144,+0.936
1668137160,+3.47,+13.795, +8.197,+0.936
1668137220,+3.47,+13.786, +8.266,+0.936
1668137280,+3.47,+13.803, +8.263,+0.936
1668137340,+3.47,+13.777, +8.199,+0.936
1668137400,+3.47,+13.786, +8.094,+0.935
1668137460,+3.47,+13.777, +7.831,+0.936
1668137520,+3.47,+13.786, +7.729,+0.936
1668137580,+3.47,+13.769, +7.696,+0.936
1668137640,+3.47,+13.769, +7.624,+0.935
1668137700,+3.47,+13.769, +7.655,+0.935
1668137760,+3.47,+13.769, +7.478,+0.935
1668137820,+3.47,+13.751, +7.325,+0.935
1668137880,+3.47,+13.769, +7.389,+0.935
1668137940,+3.47,+13.769, +7.470,+0.935
1668138000,+3.47,+13.751, +7.442,+0.935
1668138060,+3.47,+13.769, +7.411,+0.935
1668138120,+3.47,+13.760, +7.242,+0.934
1668138180,+3.47,+13.760, +7.005,+0.934
1668138240,+3.47,+13.751, +7.187,+0.934
1668138300,+3.47,+13.769, +7.506,+0.935
1668138360,+3.47,+13.742, +7.540,+0.935
1668138420,+3.47,+13.734, +7.053,+0.934
1668138480,+3.47,+13.734, +7.241,+0.935
1668138540,+3.47,+13.734, +7.493,+0.935
1668138600,+3.47,+13.751, +7.381,+0.934
1668138660,+3.47,+13.751, +6.994,+0.934
1668138720,+3.47,+13.742, +6.685,+0.934
1668138780,+3.47,+13.742, +6.401,+0.933
1668138840,+3.47,+13.734, +6.778,+0.934
1668138900,+3.47,+13.716, +7.233,+0.935
1668138960,+3.47,+13.716, +7.637,+0.936
1668139020,+3.47,+13.734, +7.909,+0.935
1668139080,+3.47,+13.734, +8.092,+0.936
1668139140,+3.47,+13.725, +8.225,+0.936
1668139200,+3.47,+13.716, +8.292,+0.936
1668139260,+3.47,+13.708, +8.341,+0.936
1668139320,+3.47,+13.751, +8.359,+0.936
1668139380,+3.47,+13.734, +8.363,+0.936
1668139440,+3.47,+13.734, +8.352,+0.936
1668139500,+3.47,+13.708, +8.020,+0.935
1668139560,+3.47,+13.716, +7.981,+0.935
1668139620,+3.47,+13.699, +8.020,+0.936
1668139680,+3.47,+13.716, +8.093,+0.936
1668139740,+3.47,+13.699, +8.160,+0.936
1668139800,+3.47,+13.716, +8.176,+0.936
1668139860,+3.47,+13.699, +8.207,+0.936
1668139920,+3.47,+13.708, +8.263,+0.936
1668139980,+3.47,+13.699, +8.334,+0.936
1668140040,+3.47,+13.699, +8.418,+0.936
1668140100,+3.47,+13.699, +8.433,+0.936
1668140160,+3.47,+13.699, +8.422,+0.936
1668140220,+3.47,+13.699, +8.355,+0.936
1668140280,+3.47,+13.690, +8.255,+0.936
1668140340,+3.47,+13.673, +8.207,+0.936
1668140400,+3.47,+13.681, +8.224,+0.935
1668140460,+3.47,+13.690, +8.270,+0.936
1668140520,+3.47,+13.690, +8.289,+0.936
1668140580,+3.47,+13.681, +8.380,+0.936
1668140640,+3.47,+13.681, +8.408,+0.936
1668140700,+3.47,+13.681, +8.405,+0.936
1668140760,+3.47,+13.673, +8.389,+0.936
1668140820,+3.47,+13.673, +8.428,+0.936
1668140880,+3.47,+13.681, +8.448,+0.936
1668140940,+3.47,+13.664, +8.484,+0.936
1668141000,+3.47,+13.673, +8.421,+0.936
1668141060,+3.47,+13.673, +8.452,+0.936
1668141120,+3.47,+13.690, +7.947,+0.935
1668141180,+3.47,+13.690, +6.629,+0.935
1668141240,+3.47,+13.690, +5.648,+0.935
1668141300,+3.47,+13.664, +5.219,+0.935
1668141360,+3.47,+13.681, +4.768,+0.935
1668141420,+3.47,+13.673, +4.778,+0.935
1668141480,+3.47,+13.655, +5.134,+0.935
1668141540,+3.47,+13.673, +5.419,+0.935
1668141600,+3.47,+13.673, +5.231,+0.934
1668141660,+3.47,+13.647, +5.525,+0.934
1668141720,+3.47,+13.673, +5.811,+0.934
1668141780,+3.47,+13.664, +6.176,+0.934
1668141840,+3.47,+13.681, +6.567,+0.935
1668141900,+3.47,+13.673, +6.853,+0.935
1668141960,+3.47,+13.673, +7.121,+0.935
1668142020,+3.47,+13.673, +7.356,+0.936
1668142080,+3.47,+13.673, +7.485,+0.936
1668142140,+3.47,+13.664, +7.587,+0.936
1668142200,+3.47,+13.664, +7.706,+0.936
1668142260,+3.47,+13.664, +7.771,+0.936
1668142320,+3.47,+13.673, +7.843,+0.936
1668142380,+3.47,+13.664, +7.860,+0.936
1668142440,+3.47,+13.681, +7.765,+0.935
1668142500,+3.47,+13.699, +7.705,+0.936
1668142560,+3.47,+13.681, +7.622,+0.936
1668142620,+3.47,+13.681, +7.441,+0.935
1668142680,+3.47,+13.690, +7.333,+0.935
1668142740,+3.47,+13.681, +7.144,+0.935
1668142800,+3.47,+13.690, +7.045,+0.935
1668142860,+3.47,+13.690, +7.238,+0.936
1668142920,+3.47,+13.681, +7.464,+0.936
1668142980,+3.47,+13.690, +7.564,+0.936
1668143040,+3.47,+13.708, +7.589,+0.936
1668143100,+3.47,+13.690, +7.558,+0.936
1668143160,+3.47,+13.673, +7.482,+0.936
1668143220,+3.47,+13.681, +7.444,+0.936
1668143280,+3.47,+13.690, +7.698,+0.936
1668143340,+3.47,+13.681, +7.823,+0.935
1668143400,+3.47,+13.708, +7.903,+0.936
1668143460,+3.47,+13.681, +7.886,+0.935
1668143520,+3.47,+13.725, +8.089,+0.935
1668143580,+3.47,+13.699, +8.217,+0.936
1668143640,+3.47,+13.673, +8.410,+0.936
1668143700,+3.47,+13.699, +8.636,+0.936
1668143760,+3.47,+13.690, +8.682,+0.936
1668143820,+3.47,+13.699, +8.628,+0.936
1668143880,+3.47,+13.690, +8.308,+0.936
1668143940,+3.47,+13.681, +8.360,+0.936
1668144000,+3.47,+13.681, +8.446,+0.936
1668144060,+3.47,+13.673, +8.522,+0.936
1668144120,+3.47,+13.664, +8.396,+0.936
1668144180,+3.47,+13.673, +8.235,+0.936
1668144240,+3.47,+13.690, +8.162,+0.936
1668144300,+3.47,+13.681, +8.270,+0.936
1668144360,+3.47,+13.664, +8.465,+0.936
1668144420,+3.47,+13.681, +8.463,+0.936
1668144480,+3.47,+13.681, +8.355,+0.936
1668144540,+3.47,+13.690, +8.414,+0.936
1668144600,+3.47,+13.699, +8.506,+0.936
1668144660,+3.47,+13.673, +8.583,+0.936
1668144720,+3.47,+13.699, +8.632,+0.936
1668144780,+3.47,+13.681, +8.609,+0.936
1668144840,+3.47,+13.690, +8.692,+0.936
1668144900,+3.47,+13.673, +9.067,+0.936
1668144960,+3.47,+13.681, +9.270,+0.936
1668145020,+3.47,+13.681, +8.713,+0.936
1668145080,+3.47,+13.681, +8.462,+0.936
1668145140,+3.47,+13.681, +8.406,+0.936
1668145200,+3.47,+13.664, +8.428,+0.936
1668145260,+3.47,+13.690, +8.380,+0.936
1668145320,+3.47,+13.681, +8.346,+0.936
1668145380,+3.47,+13.673, +8.469,+0.936
1668145440,+3.47,+13.681, +8.566,+0.936
1668145500,+3.47,+13.673, +8.634,+0.936
1668145560,+3.47,+13.673, +8.389,+0.936
1668145620,+3.47,+13.673, +8.298,+0.936
1668145680,+3.47,+13.690, +8.309,+0.936
1668145740,+3.47,+13.681, +8.324,+0.936
1668145800,+3.47,+13.681, +8.392,+0.936
1668145860,+3.47,+13.681, +8.528,+0.936
1668145920,+3.47,+13.664, +8.581,+0.936
1668145980,+3.47,+13.690, +8.648,+0.935
1668146040,+3.47,+13.681, +8.692,+0.936
1668146100,+3.47,+13.681, +8.714,+0.936
1668146160,+3.47,+13.681, +8.674,+0.936
1668146220,+3.47,+13.664, +8.608,+0.936
1668146280,+3.47,+13.681, +8.441,+0.936
1668146340,+3.47,+13.664, +8.284,+0.936
1668146400,+3.47,+13.655, +7.772,+0.935
1668146460,+3.47,+13.664, +7.620,+0.936
1668146520,+3.47,+13.699, +7.923,+0.935
1668146580,+3.47,+13.664, +7.984,+0.935
1668146640,+3.47,+13.655, +7.839,+0.936
1668146700,+3.47,+13.664, +7.714,+0.936
1668146760,+3.47,+13.647, +7.716,+0.936
1668146820,+3.47,+13.638, +7.727,+0.935
1668146880,+3.47,+13.629, +7.714,+0.935
1668146940,+3.47,+13.655, +7.653,+0.936
1668147000,+3.47,+13.655, +7.763,+0.936
1668147060,+3.47,+13.647, +7.889,+0.936
1668147120,+3.47,+13.638, +7.975,+0.936
1668147180,+3.47,+13.620, +7.926,+0.935
1668147240,+3.47,+13.638, +8.016,+0.936
1668147300,+3.47,+13.629, +7.996,+0.935
1668147360,+3.47,+13.612, +8.031,+0.936
1668147420,+3.47,+13.638, +7.985,+0.936
1668147480,+3.47,+13.612, +7.930,+0.936
1668147540,+3.47,+13.612, +7.843,+0.936
1668147600,+3.47,+13.612, +7.824,+0.935
1668147660,+3.47,+13.612, +7.920,+0.936
1668147720,+3.47,+13.620, +7.909,+0.935
1668147780,+3.47,+13.620, +7.862,+0.935
1668147840,+3.47,+13.603, +7.956,+0.935
1668147900,+3.47,+13.603, +7.835,+0.936
1668147960,+3.47,+13.603, +7.964,+0.936
1668148020,+3.47,+13.612, +8.151,+0.936
1668148080,+3.47,+13.612, +8.275,+0.936
1668148140,+3.47,+13.603, +8.019,+0.936
1668148200,+3.47,+13.603, +7.494,+0.935
1668148260,+3.47,+13.612, +7.264,+0.935
1668148320,+3.47,+13.603, +7.191,+0.935
1668148380,+3.47,+13.620, +7.317,+0.936
1668148440,+3.47,+13.612, +7.477,+0.935
1668148500,+3.47,+13.612, +7.645,+0.936
1668148560,+3.47,+13.603, +7.755,+0.936
1668148620,+3.47,+13.620, +7.827,+0.935
1668148680,+3.47,+13.612, +7.900,+0.936
1668148740,+3.47,+13.594, +8.010,+0.936
1668148800,+3.47,+13.647, +8.064,+0.936
1668148860,+3.47,+13.612, +8.137,+0.936
1668148920,+3.47,+13.612, +8.117,+0.936
1668148980,+3.47,+13.612, +8.143,+0.936
1668149040,+3.47,+13.620, +8.155,+0.936
1668149100,+3.47,+13.620, +8.028,+0.936
1668149160,+3.47,+13.638, +8.026,+0.936
1668149220,+3.47,+13.620, +8.061,+0.935
1668149280,+3.47,+13.620, +8.125,+0.936
1668149340,+3.47,+13.629, +8.170,+0.935
1668149400,+3.47,+13.620, +8.187,+0.936
1668149460,+3.47,+13.655, +8.238,+0.936
1668149520,+3.47,+13.647, +8.218,+0.936
1668149580,+3.47,+13.612, +8.048,+0.936
1668149640,+3.47,+13.647, +7.900,+0.935
1668149700,+3.47,+13.629, +7.870,+0.936
1668149760,+3.47,+13.629, +8.000,+0.935
1668149820,+3.47,+13.647, +8.036,+0.935
1668149880,+3.47,+13.647, +8.022,+0.935
1668149940,+3.47,+13.638, +8.037,+0.935
1668150000,+3.47,+13.629, +8.067,+0.936
1668150060,+3.47,+13.629, +8.001,+0.936
1668150120,+3.47,+13.655, +7.979,+0.936
1668150180,+3.47,+13.655, +7.953,+0.936
1668150240,+3.47,+13.638, +7.958,+0.936
1668150300,+3.47,+13.655, +7.990,+0.936
1668150360,+3.47,+13.629, +8.046,+0.936
1668150420,+3.47,+13.629, +8.041,+0.936
1668150480,+3.47,+13.638, +7.879,+0.936
1668150540,+3.47,+13.638, +8.092,+0.936
1668150600,+3.47,+13.638, +8.168,+0.936
1668150660,+3.47,+13.647, +8.364,+0.936
1668150720,+3.47,+13.655, +7.780,+0.935
1668150780,+3.47,+13.638, +7.376,+0.935
1668150840,+3.47,+13.638, +7.420,+0.935
1668150900,+3.47,+13.655, +7.425,+0.935
1668150960,+3.47,+13.638, +7.430,+0.936
1668151020,+3.47,+13.629, +7.914,+0.935
1668151080,+3.47,+13.638, +7.969,+0.935
1668151140,+3.47,+13.638, +7.926,+0.935
1668151200,+3.47,+13.655, +8.050,+0.935
1668151260,+3.47,+13.638, +7.999,+0.935
1668151320,+3.47,+13.647, +8.117,+0.935
1668151380,+3.47,+13.655, +8.087,+0.936
1668151440,+3.47,+13.655, +8.027,+0.935
1668151500,+3.47,+13.647, +7.997,+0.936
1668151560,+3.47,+13.638, +7.779,+0.935
1668151620,+3.47,+13.629, +7.728,+0.936
1668151680,+3.47,+13.647, +7.866,+0.936
1668151740,+3.47,+13.638, +7.869,+0.936
1668151800,+3.47,+13.638, +8.054,+0.936
1668151860,+3.47,+13.647, +8.282,+0.935
1668151920,+3.47,+13.647, +8.227,+0.936
1668151980,+3.47,+13.638, +8.230,+0.936
1668152040,+3.47,+13.638, +8.135,+0.936
1668152100,+3.47,+13.647, +7.976,+0.936
1668152160,+3.47,+13.664, +7.923,+0.936
1668152220,+3.47,+13.647, +7.937,+0.935
1668152280,+3.47,+13.647, +7.936,+0.936
1668152340,+3.47,+13.647, +8.004,+0.935
1668152400,+3.47,+13.655, +8.272,+0.936
1668152460,+3.47,+13.647, +8.436,+0.936
1668152520,+3.47,+13.638, +8.563,+0.936
1668152580,+3.47,+13.629, +8.655,+0.936
1668152640,+3.47,+13.647, +8.548,+0.936
1668152700,+3.47,+13.655, +8.364,+0.936
1668152760,+3.47,+13.638, +8.209,+0.936
1668152820,+3.47,+13.655, +8.114,+0.935
1668152880,+3.47,+13.638, +8.087,+0.935
1668152940,+3.47,+13.638, +8.012,+0.935
1668153000,+3.47,+13.638, +8.013,+0.936
1668153060,+3.47,+13.638, +8.005,+0.936
1668153120,+3.47,+13.629, +7.992,+0.936
1668153180,+3.47,+13.629, +7.949,+0.936
1668153240,+3.47,+13.638, +7.883,+0.935
1668153300,+3.47,+13.638, +7.882,+0.936
1668153360,+3.47,+13.638, +7.819,+0.936
1668153420,+3.47,+13.647, +7.691,+0.935
1668153480,+3.47,+13.629, +7.577,+0.936
1668153540,+3.47,+13.629, +7.570,+0.936
1668153600,+3.47,+13.664, +7.645,+0.935
1668153660,+3.47,+13.647, +7.680,+0.936
1668153720,+3.47,+13.620, +7.663,+0.935
1668153780,+3.47,+13.638, +7.702,+0.936
1668153840,+3.47,+13.638, +7.649,+0.936
1668153900,+3.47,+13.620, +7.597,+0.936
1668153960,+3.47,+13.638, +7.587,+0.936
1668154020,+3.47,+13.629, +7.625,+0.935
1668154080,+3.47,+13.629, +7.678,+0.935
1668154140,+3.47,+13.638, +7.685,+0.935
1668154200,+3.47,+13.647, +7.744,+0.935
1668154260,+3.47,+13.638, +7.813,+0.936
1668154320,+3.47,+13.655, +7.795,+0.936
1668154380,+3.47,+13.629, +7.826,+0.935
1668154440,+3.47,+13.638, +7.674,+0.936
1668154500,+3.47,+13.638, +7.799,+0.936
1668154560,+3.47,+13.638, +7.945,+0.936
1668154620,+3.47,+13.629, +7.679,+0.936
1668154680,+3.47,+13.629, +7.411,+0.935
1668154740,+3.47,+13.629, +7.227,+0.935
1668154800,+3.47,+13.638, +7.132,+0.935
1668154860,+3.47,+13.638, +7.177,+0.935
1668154920,+3.47,+13.629, +7.339,+0.935
1668154980,+3.47,+13.638, +7.310,+0.935
1668155040,+3.47,+13.620, +7.288,+0.935
1668155100,+3.47,+13.638, +7.305,+0.935
1668155160,+3.47,+13.638, +7.327,+0.935
1668155220,+3.47,+13.638, +7.510,+0.936
1668155280,+3.47,+13.664, +7.752,+0.936
1668155340,+3.47,+13.647, +7.756,+0.936
1668155400,+3.47,+13.655, +7.726,+0.936
1668155460,+3.47,+13.638, +7.482,+0.935
1668155520,+3.47,+13.629, +7.542,+0.936
1668155580,+3.47,+13.638, +7.735,+0.936
1668155640,+3.47,+13.655, +7.597,+0.936
1668155700,+3.47,+13.655, +7.709,+0.936
1668155760,+3.47,+13.620, +7.886,+0.936
1668155820,+3.47,+13.638, +8.074,+0.936
1668155880,+3.47,+13.647, +8.136,+0.936
1668155940,+3.47,+13.629, +7.979,+0.936
1668156000,+3.47,+13.638, +7.951,+0.936
1668156060,+3.47,+13.620, +7.954,+0.936
1668156120,+3.47,+13.638, +7.896,+0.935
1668156180,+3.47,+13.638, +8.056,+0.936
1668156240,+3.47,+13.638, +8.134,+0.936
1668156300,+3.47,+13.629, +8.144,+0.936
1668156360,+3.47,+13.638, +8.088,+0.936
1668156420,+3.47,+13.638, +8.109,+0.936
1668156480,+3.47,+13.647, +8.163,+0.936
1668156540,+3.47,+13.638, +8.193,+0.936
1668156600,+3.47,+13.629, +8.165,+0.936
1668156660,+3.47,+13.638, +8.197,+0.936
1668156720,+3.47,+13.647, +8.214,+0.936
1668156780,+3.47,+13.647, +8.258,+0.936
1668156840,+3.47,+13.647, +8.286,+0.936
1668156900,+3.47,+13.638, +8.336,+0.936
1668156960,+3.47,+13.647, +8.272,+0.936
1668157020,+3.47,+13.647, +8.272,+0.936
1668157080,+3.47,+13.629, +8.373,+0.936
1668157140,+3.47,+13.629, +8.400,+0.936
1668157200,+3.47,+13.647, +8.379,+0.936
1668157260,+3.47,+13.638, +7.670,+0.936
1668157320,+3.47,+13.655, +7.772,+0.936
1668157380,+3.47,+13.638, +8.003,+0.935
1668157440,+3.47,+13.647, +8.054,+0.936
1668157500,+3.47,+13.655, +7.960,+0.936
1668157560,+3.47,+13.655, +7.827,+0.936
1668157620,+3.47,+13.638, +7.639,+0.936
1668157680,+3.47,+13.638, +7.439,+0.936
1668157740,+3.47,+13.620, +7.241,+0.935
1668157800,+3.47,+13.647, +7.024,+0.935
1668157860,+3.47,+13.647, +6.908,+0.935
1668157920,+3.47,+13.647, +6.871,+0.935
1668157980,+3.47,+13.629, +6.941,+0.935
1668158040,+3.47,+13.620, +6.882,+0.935
1668158100,+3.47,+13.638, +6.850,+0.935
1668158160,+3.47,+13.612, +6.899,+0.936
1668158220,+3.47,+13.612, +6.842,+0.935
1668158280,+3.47,+13.629, +6.771,+0.935
1668158340,+3.47,+13.612, +6.878,+0.936
1668158400,+3.47,+13.612, +6.976,+0.935
1668158460,+3.47,+13.620, +7.025,+0.935
1668158520,+3.47,+13.594, +7.362,+0.936
1668158580,+3.47,+13.612, +7.337,+0.935
1668158640,+3.47,+13.594, +6.562,+0.935
1668158700,+3.47,+13.603, +6.897,+0.935
1668158760,+3.47,+13.612, +7.215,+0.935
1668158820,+3.47,+13.603, +7.483,+0.935
1668158880,+3.47,+13.594, +7.690,+0.935
1668158940,+3.47,+13.594, +7.855,+0.935
1668159000,+3.47,+13.594, +7.931,+0.936
1668159060,+3.47,+13.603, +8.049,+0.936
1668159120,+3.47,+13.612, +8.128,+0.936
1668159180,+3.47,+13.594, +8.225,+0.936
1668159240,+3.47,+13.594, +8.243,+0.936
1668159300,+3.47,+13.612, +8.177,+0.936
1668159360,+3.47,+13.612, +8.088,+0.936
1668159420,+3.47,+13.594, +8.009,+0.935
1668159480,+3.47,+13.603, +7.975,+0.936
1668159540,+3.47,+13.612, +7.985,+0.936
1668159600,+3.47,+13.585, +7.975,+0.935
1668159660,+3.47,+13.594, +7.958,+0.936
1668159720,+3.47,+13.594, +7.892,+0.935
1668159780,+3.47,+13.603, +7.866,+0.935
1668159840,+3.47,+13.594, +7.823,+0.936
1668159900,+3.47,+13.603, +7.843,+0.936
1668159960,+3.47,+13.594, +7.841,+0.935
1668160020,+3.47,+13.585, +7.668,+0.936
1668160080,+3.47,+13.577, +7.357,+0.935
1668160140,+3.47,+13.594, +7.247,+0.935
1668160200,+3.47,+13.585, +7.124,+0.935
1668160260,+3.47,+13.577, +7.073,+0.935
1668160320,+3.47,+13.568, +7.129,+0.935
1668160380,+3.47,+13.577, +7.096,+0.935
1668160440,+3.47,+13.585, +7.216,+0.935
1668160500,+3.47,+13.577, +7.281,+0.936
1668160560,+3.47,+13.577, +7.458,+0.935
1668160620,+3.47,+13.568, +7.526,+0.935
1668160680,+3.47,+13.568, +7.400,+0.935
1668160740,+3.47,+13.568, +7.396,+0.936
1668160800,+3.47,+13.585, +7.495,+0.935
1668160860,+3.47,+13.568, +7.539,+0.935
1668160920,+3.47,+13.568, +7.498,+0.935
1668160980,+3.47,+13.542, +7.481,+0.935
1668161040,+3.47,+13.559, +7.658,+0.935
1668161100,+3.47,+13.585, +7.779,+0.936
1668161160,+3.47,+13.577, +7.760,+0.935
1668161220,+3.47,+13.568, +7.705,+0.935
1668161280,+3.47,+13.585, +7.752,+0.935
1668161340,+3.47,+13.577, +7.839,+0.935
1668161400,+3.47,+13.594, +7.845,+0.935
1668161460,+3.47,+13.577, +7.674,+0.936
1668161520,+3.47,+13.568, +7.444,+0.936
1668161580,+3.47,+13.577, +7.304,+0.935
1668161640,+3.47,+13.568, +7.264,+0.935
1668161700,+3.47,+13.594, +7.273,+0.935
1668161760,+3.47,+13.551, +7.317,+0.935
1668161820,+3.47,+13.568, +7.302,+0.935
1668161880,+3.47,+13.577, +7.199,+0.935
1668161940,+3.47,+13.577, +6.941,+0.935
1668162000,+3.47,+13.577, +6.662,+0.935
1668162060,+3.47,+13.585, +6.551,+0.935
1668162120,+3.47,+13.585, +6.440,+0.935
1668162180,+3.47,+13.585, +6.381,+0.935
1668162240,+3.47,+13.577, +6.309,+0.935
1668162300,+3.47,+13.585, +6.601,+0.934
1668162360,+3.47,+13.603, +7.028,+0.934
1668162420,+3.47,+13.603, +7.540,+0.934
1668162480,+3.47,+13.577, +8.100,+0.935
1668162540,+3.47,+13.603, +8.240,+0.935
1668162600,+3.47,+13.585, +7.965,+0.935
1668162660,+3.47,+13.577, +7.817,+0.935
1668162720,+3.47,+13.594, +8.260,+0.935
1668162780,+3.47,+13.612, +8.638,+0.936
1668162840,+3.47,+13.594, +8.727,+0.936
1668162900,+3.47,+13.559, +8.685,+0.935
1668162960,+3.47,+13.568, +8.853,+0.936
1668163020,+3.47,+13.577, +8.870,+0.936
1668163080,+3.47,+13.577, +8.942,+0.936
1668163140,+3.47,+13.585, +8.958,+0.936
1668163200,+3.47,+13.577, +8.958,+0.936
1668163260,+3.47,+13.603, +8.875,+0.936
1668163320,+3.47,+13.577, +8.541,+0.936
1668163380,+3.47,+13.577, +8.423,+0.936
1668163440,+3.47,+13.577, +8.586,+0.935
1668163500,+3.47,+13.577, +8.686,+0.936
1668163560,+3.47,+13.577, +8.640,+0.936
1668163620,+3.47,+13.585, +8.501,+0.936
1668163680,+3.47,+13.568, +8.374,+0.936
1668163740,+3.47,+13.585, +8.224,+0.936
1668163800,+3.47,+13.585, +8.069,+0.936
1668163860,+3.47,+13.577, +8.075,+0.936
1668163920,+3.47,+13.568, +8.040,+0.936
1668163980,+3.47,+13.568, +8.004,+0.936
1668164040,+3.47,+13.577, +8.038,+0.936
1668164100,+3.47,+13.585, +7.997,+0.936
1668164160,+3.47,+13.559, +7.832,+0.935
1668164220,+3.47,+13.577, +7.688,+0.936
1668164280,+3.47,+13.594, +7.571,+0.935
1668164340,+3.47,+13.585, +7.697,+0.935
1668164400,+3.47,+13.577, +7.841,+0.936
1668164460,+3.47,+13.585, +7.918,+0.936
1668164520,+3.47,+13.585, +7.946,+0.936
1668164580,+3.47,+13.585, +7.924,+0.936
1668164640,+3.47,+13.577, +7.431,+0.935
1668164700,+3.47,+13.577, +7.389,+0.936
1668164760,+3.47,+13.577, +7.456,+0.935
1668164820,+3.47,+13.577, +7.635,+0.936
1668164880,+3.47,+13.568, +7.775,+0.936
1668164940,+3.47,+13.585, +7.857,+0.936
1668165000,+3.47,+13.612, +7.939,+0.935
1668165060,+3.47,+13.577, +7.988,+0.936
1668165120,+3.47,+13.585, +8.001,+0.936
1668165180,+3.47,+13.585, +8.029,+0.935
1668165240,+3.47,+13.594, +8.080,+0.936
1668165300,+3.47,+13.594, +8.113,+0.935
1668165360,+3.47,+13.594, +8.070,+0.936
1668165420,+3.47,+13.594, +8.038,+0.936
1668165480,+3.47,+13.594, +7.941,+0.936
1668165540,+3.47,+13.603, +7.862,+0.935
1668165600,+3.47,+13.585, +7.715,+0.936
1668165660,+3.47,+13.603, +7.642,+0.936
1668165720,+3.47,+13.629, +7.768,+0.936
1668165780,+3.47,+13.594, +8.002,+0.935
1668165840,+3.47,+13.603, +8.060,+0.935
1668165900,+3.47,+13.629, +8.116,+0.935
1668165960,+3.47,+13.603, +8.242,+0.936
1668166020,+3.47,+13.603, +8.195,+0.936
1668166080,+3.47,+13.603, +8.021,+0.936
1668166140,+3.47,+13.629, +7.744,+0.935
1668166200,+3.47,+13.603, +7.606,+0.936
1668166260,+3.47,+13.612, +7.590,+0.935
1668166320,+3.47,+13.603, +7.627,+0.936
1668166380,+3.47,+13.612, +7.651,+0.935
1668166440,+3.47,+13.612, +7.682,+0.935
1668166500,+3.47,+13.612, +7.758,+0.936
1668166560,+3.47,+13.585, +7.852,+0.936
1668166620,+3.47,+13.603, +7.916,+0.935
1668166680,+3.47,+13.594, +8.017,+0.936
1668166740,+3.47,+13.594, +8.020,+0.935
1668166800,+3.47,+13.585, +8.241,+0.936
1668166860,+3.47,+13.603, +8.534,+0.936
1668166920,+3.47,+13.603, +8.675,+0.936
1668166980,+3.47,+13.603, +8.590,+0.936
1668167040,+3.47,+13.603, +8.318,+0.935
1668167100,+3.47,+13.612, +8.017,+0.936
1668167160,+3.47,+13.603, +7.831,+0.936
1668167220,+3.47,+13.612, +7.777,+0.936
1668167280,+3.47,+13.603, +7.836,+0.936
1668167340,+3.47,+13.577, +7.943,+0.936
1668167400,+3.47,+13.612, +8.104,+0.936
1668167460,+3.47,+13.594, +8.203,+0.936
1668167520,+3.47,+13.594, +7.995,+0.936
1668167580,+3.47,+13.594, +7.740,+0.935
1668167640,+3.47,+13.612, +8.370,+0.936
1668167700,+3.47,+13.594, +9.462,+0.936
1668167760,+3.47,+13.577, +9.533,+0.936
1668167820,+3.47,+13.568, +9.417,+0.936
1668167880,+3.47,+13.577, +9.258,+0.936
1668167940,+3.47,+13.559, +9.172,+0.936
1668168000,+3.47,+13.568, +9.163,+0.936
1668168060,+3.47,+13.577, +8.740,+0.936
1668168120,+3.47,+13.577, +8.787,+0.936
1668168180,+3.47,+13.577, +8.813,+0.936
1668168240,+3.47,+13.568, +8.772,+0.936
1668168300,+3.47,+13.568, +8.703,+0.936
1668168360,+3.47,+13.585, +8.605,+0.936
1668168420,+3.47,+13.568, +8.499,+0.936
1668168480,+3.47,+13.568, +8.508,+0.936
1668168540,+3.47,+13.568, +8.529,+0.936
1668168600,+3.47,+13.585, +8.513,+0.936
1668168660,+3.47,+13.577, +8.467,+0.936
1668168720,+3.47,+13.577, +8.406,+0.936
1668168780,+3.47,+13.559, +8.356,+0.936
1668168840,+3.47,+13.568, +8.225,+0.936
1668168900,+3.47,+13.542, +8.148,+0.935
1668168960,+3.47,+13.551, +8.097,+0.936
1668169020,+3.47,+13.533, +7.969,+0.935
1668169080,+3.46,+13.524, +7.900,+0.936
1668169140,+3.46,+13.524, +7.834,+0.935
1668169200,+3.46,+13.507, +7.876,+0.935
1668169260,+3.46,+13.524, +8.023,+0.936
1668169320,+3.46,+13.507, +8.034,+0.936
1668169380,+3.46,+13.516, +7.910,+0.935
1668169440,+3.46,+13.516, +7.791,+0.936
1668169500,+3.46,+13.507, +7.780,+0.935
1668169560,+3.46,+13.524, +7.819,+0.936
1668169620,+3.46,+13.533, +7.984,+0.936
1668169680,+3.46,+13.524, +8.000,+0.936
1668169740,+3.46,+13.542, +8.013,+0.936
1668169800,+3.47,+13.533, +8.110,+0.936
1668169860,+3.47,+13.551, +8.204,+0.936
1668169920,+3.47,+13.551, +8.274,+0.936
1668169980,+3.47,+13.542, +8.342,+0.936
1668170040,+3.47,+13.577, +8.359,+0.936
1668170100,+3.47,+13.559, +8.384,+0.936
1668170160,+3.47,+13.568, +8.404,+0.936
1668170220,+3.47,+13.577, +8.388,+0.936
1668170280,+3.47,+13.559, +8.356,+0.936
1668170340,+3.47,+13.577, +8.324,+0.936
1668170400,+3.47,+13.594, +8.324,+0.936
1668170460,+3.47,+13.585, +8.323,+0.936
1668170520,+3.47,+13.603, +8.325,+0.935
1668170580,+3.47,+13.585, +8.313,+0.935
1668170640,+3.47,+13.620, +8.888,+0.936
1668170700,+3.47,+13.603, +9.499,+0.936
1668170760,+3.47,+13.603, +9.411,+0.936
1668170820,+3.47,+13.629, +9.281,+0.936
1668170880,+3.47,+13.620, +9.143,+0.936
1668170940,+3.47,+13.620, +8.975,+0.936
1668171000,+3.46,+13.629, +8.804,+0.936
1668171060,+3.46,+13.629, +8.616,+0.936
1668171120,+3.46,+13.620, +8.453,+0.936
1668171180,+3.46,+13.620, +8.304,+0.935
1668171240,+3.46,+13.629, +8.054,+0.935
1668171300,+3.46,+13.629, +7.899,+0.935
1668171360,+3.46,+13.603, +7.870,+0.935
1668171420,+3.46,+13.629, +7.850,+0.936
1668171480,+3.46,+13.620, +7.711,+0.936
1668171540,+3.46,+13.647, +7.555,+0.935
1668171600,+3.46,+13.612, +7.480,+0.935
1668171660,+3.46,+13.620, +7.440,+0.936
1668171720,+3.47,+13.655, +7.484,+0.935
1668171780,+3.46,+13.620, +7.603,+0.936
1668171840,+3.46,+13.638, +7.674,+0.936
1668171900,+3.46,+13.620, +7.691,+0.935
1668171960,+3.46,+13.629, +7.559,+0.935
1668172020,+3.46,+13.629, +7.388,+0.935
1668172080,+3.46,+13.638, +7.316,+0.936
1668172140,+3.46,+13.655, +7.241,+0.936
1668172200,+3.46,+13.629, +7.216,+0.935
1668172260,+3.46,+13.629, +7.236,+0.935
1668172320,+3.46,+13.620, +7.368,+0.935
1668172380,+3.46,+13.638, +7.550,+0.936
1668172440,+3.46,+13.647, +7.637,+0.936
1668172500,+3.46,+13.647, +7.625,+0.935
1668172560,+3.46,+13.647, +7.645,+0.936
1668172620,+3.46,+13.647, +7.690,+0.936
1668172680,+3.46,+13.655, +7.661,+0.935
1668172740,+3.46,+13.655, +7.638,+0.935
1668172800,+3.46,+13.655, +7.646,+0.936
1668172860,+3.46,+13.647, +7.673,+0.936
1668172920,+3.46,+13.647, +7.803,+0.936
1668172980,+3.47,+13.647, +7.872,+0.936
1668173040,+3.46,+13.647, +7.870,+0.936
1668173100,+3.46,+13.655, +7.822,+0.935
1668173160,+3.46,+13.647, +7.756,+0.935
1668173220,+3.46,+13.647, +7.668,+0.935
1668173280,+3.46,+13.647, +7.512,+0.936
1668173340,+3.46,+13.647, +7.358,+0.935
1668173400,+3.46,+13.647, +7.338,+0.936
1668173460,+3.46,+13.655, +7.308,+0.935
1668173520,+3.46,+13.647, +7.351,+0.935
1668173580,+3.46,+13.647, +7.382,+0.935
1668173640,+3.46,+13.647, +7.446,+0.935
1668173700,+3.46,+13.655, +7.494,+0.935
1668173760,+3.46,+13.655, +7.534,+0.935
1668173820,+3.46,+13.664, +7.559,+0.936
1668173880,+3.46,+13.638, +7.585,+0.936
1668173940,+3.46,+13.638, +7.577,+0.935
1668174000,+3.46,+13.664, +7.594,+0.936
1668174060,+3.46,+13.681, +7.597,+0.936
1668174120,+3.46,+13.647, +7.740,+0.936
1668174180,+3.46,+13.664, +7.861,+0.935
1668174240,+3.46,+13.681, +8.020,+0.935
1668174300,+3.46,+13.664, +8.145,+0.936
1668174360,+3.46,+13.673, +8.264,+0.936
1668174420,+3.46,+13.664, +8.226,+0.936
1668174480,+3.46,+13.681, +8.157,+0.936
1668174540,+3.46,+13.673, +8.025,+0.936
1668174600,+3.46,+13.699, +7.932,+0.935
1668174660,+3.46,+13.673, +7.809,+0.936
1668174720,+3.46,+13.690, +7.728,+0.935
1668174780,+3.46,+13.690, +7.822,+0.935
1668174840,+3.46,+13.690, +7.924,+0.936
1668174900,+3.46,+13.708, +8.036,+0.936
1668174960,+3.46,+13.681, +8.181,+0.936
1668175020,+3.46,+13.699, +8.248,+0.936
1668175080,+3.46,+13.681, +8.271,+0.936
1668175140,+3.46,+13.699, +8.242,+0.936
1668175200,+3.46,+13.699, +8.319,+0.936
1668175260,+3.46,+13.699, +8.701,+0.936
1668175320,+3.46,+13.708, +8.879,+0.936
1668175380,+3.46,+13.708, +8.784,+0.936
1668175440,+3.46,+13.716, +8.459,+0.936
1668175500,+3.46,+13.716, +8.208,+0.936
1668175560,+3.46,+13.708, +8.082,+0.936
1668175620,+3.46,+13.708, +8.026,+0.935
1668175680,+3.46,+13.725, +8.011,+0.936
1668175740,+3.46,+13.716, +8.041,+0.936
1668175800,+3.46,+13.708, +8.050,+0.936
1668175860,+3.46,+13.699, +8.055,+0.936
1668175920,+3.46,+13.725, +7.988,+0.936
1668175980,+3.46,+13.716, +7.894,+0.936
1668176040,+3.46,+13.725, +7.835,+0.935
1668176100,+3.46,+13.708, +7.710,+0.936
1668176160,+3.46,+13.699, +7.734,+0.935
1668176220,+3.46,+13.725, +7.476,+0.936
1668176280,+3.46,+13.699, +7.388,+0.935
1668176340,+3.46,+13.716, +7.586,+0.936
1668176400,+3.46,+13.725, +7.629,+0.936
1668176460,+3.46,+13.699, +7.634,+0.936
1668176520,+3.46,+13.716, +7.615,+0.936
1668176580,+3.46,+13.708, +7.621,+0.936
1668176640,+3.46,+13.708, +7.579,+0.935
1668176700,+3.46,+13.699, +7.453,+0.935
1668176760,+3.47,+13.734, +7.349,+0.935
1668176820,+3.46,+13.716, +7.273,+0.935
1668176880,+3.46,+13.690, +7.354,+0.935
1668176940,+3.47,+13.725, +7.330,+0.935
1668177000,+3.46,+13.708, +7.150,+0.935
1668177060,+3.46,+13.708, +7.090,+0.935
1668177120,+3.46,+13.708, +7.102,+0.935
1668177180,+3.46,+13.716, +7.130,+0.935
1668177240,+3.46,+13.742, +7.239,+0.936
1668177300,+3.46,+13.716, +7.373,+0.936
1668177360,+3.46,+13.716, +7.424,+0.935
1668177420,+3.46,+13.699, +7.437,+0.936
1668177480,+3.46,+13.734, +7.428,+0.935
1668177540,+3.46,+13.725, +7.453,+0.935
1668177600,+3.46,+13.725, +7.487,+0.935
1668177660,+3.46,+13.725, +7.596,+0.935
1668177720,+3.46,+13.725, +7.742,+0.935
1668177780,+3.46,+13.734, +7.847,+0.935
1668177840,+3.46,+13.742, +8.010,+0.936
1668177900,+3.46,+13.734, +8.201,+0.936
1668177960,+3.46,+13.751, +8.254,+0.935
1668178020,+3.46,+13.742, +9.400,+0.936
1668178080,+3.46,+13.725, +9.998,+0.937
1668178140,+3.46,+13.725, +9.828,+0.936
1668178200,+3.46,+13.742, +9.612,+0.936
1668178260,+3.46,+13.725, +9.527,+0.936
1668178320,+3.46,+13.742, +9.480,+0.937
1668178380,+3.46,+13.734, +9.626,+0.937
1668178440,+3.46,+13.725, +9.839,+0.937
1668178500,+3.46,+13.716, +9.810,+0.937
1668178560,+3.46,+13.734, +9.919,+0.936
1668178620,+3.46,+13.725,+10.022,+0.937
1668178680,+3.46,+13.734, +9.995,+0.937
1668178740,+3.46,+13.725,+10.009,+0.936
1668178800,+3.46,+13.734, +9.987,+0.936
1668178860,+3.46,+13.716, +9.938,+0.937
1668178920,+3.46,+13.725, +9.926,+0.936
1668178980,+3.46,+13.751, +9.934,+0.937
1668179040,+3.46,+13.742, +9.955,+0.937
1668179100,+3.46,+13.769, +9.950,+0.937
1668179160,+3.46,+13.760, +9.905,+0.937
1668179220,+3.46,+13.725, +9.916,+0.936
1668179280,+3.46,+13.742, +9.916,+0.937
1668179340,+3.46,+13.742, +9.931,+0.937
1668179400,+3.46,+13.742, +9.942,+0.937
1668179460,+3.46,+13.751, +9.944,+0.937
1668179520,+3.47,+13.725, +9.953,+0.936
1668179580,+3.46,+13.742, +9.910,+0.937
1668179640,+3.46,+13.742, +9.893,+0.936
1668179700,+3.46,+13.742, +9.886,+0.936
1668179760,+3.46,+13.725, +9.846,+0.936
1668179820,+3.46,+13.742, +9.853,+0.937
1668179880,+3.46,+13.751, +9.866,+0.937
1668179940,+3.46,+13.751, +9.874,+0.937
1668180000,+3.46,+13.760, +9.876,+0.936
1668180060,+3.46,+13.769, +9.859,+0.937
1668180120,+3.46,+13.751, +9.859,+0.937
1668180180,+3.46,+13.760, +9.773,+0.936
1668180240,+3.46,+13.742, +9.705,+0.937
1668180300,+3.46,+13.760, +9.803,+0.936
1668180360,+3.46,+13.777, +9.735,+0.936
1668180420,+3.47,+13.769, +9.507,+0.936
1668180480,+3.46,+13.760, +9.493,+0.936
1668180540,+3.46,+13.777, +9.383,+0.936
1668180600,+3.46,+13.760, +9.358,+0.936
1668180660,+3.46,+13.769, +9.328,+0.936
1668180720,+3.46,+13.777, +9.454,+0.936
1668180780,+3.46,+13.751, +9.510,+0.936
1668180840,+3.46,+13.760, +9.480,+0.936
1668180900,+3.46,+13.786, +9.649,+0.936
1668180960,+3.46,+13.769,+10.011,+0.936
1668181020,+3.46,+13.777,+10.024,+0.937
1668181080,+3.46,+13.777,+10.001,+0.937
1668181140,+3.46,+13.777, +9.982,+0.936
1668181200,+3.46,+13.786, +9.988,+0.937
1668181260,+3.46,+13.795, +9.969,+0.936
1668181320,+3.46,+13.795, +9.968,+0.936
1668181380,+3.46,+13.786, +9.972,+0.937
1668181440,+3.46,+13.786, +9.868,+0.937
1668181500,+3.46,+13.786, +9.732,+0.937
1668181560,+3.46,+13.786, +9.581,+0.936
1668181620,+3.46,+13.777, +9.581,+0.937
1668181680,+3.46,+13.803, +9.614,+0.936
1668181740,+3.46,+13.786, +9.657,+0.936
1668181800,+3.46,+13.803, +9.697,+0.936
1668181860,+3.46,+13.803, +9.619,+0.936
1668181920,+3.46,+13.786, +9.520,+0.936
1668181980,+3.46,+13.795, +9.507,+0.936
1668182040,+3.46,+13.777, +9.607,+0.937
1668182100,+3.46,+13.803, +9.385,+0.936
1668182160,+3.46,+13.777, +9.383,+0.936
1668182220,+3.46,+13.786, +9.341,+0.936
1668182280,+3.46,+13.786, +9.068,+0.936
1668182340,+3.46,+13.786, +8.857,+0.936
1668182400,+3.46,+13.795, +8.803,+0.936
1668182460,+3.46,+13.795, +8.932,+0.936
1668182520,+3.46,+13.795, +9.254,+0.936
1668182580,+3.46,+13.803, +9.251,+0.936
1668182640,+3.46,+13.812, +8.981,+0.936
1668182700,+3.46,+13.812, +8.887,+0.936
1668182760,+3.46,+13.821, +8.838,+0.936
1668182820,+3.46,+13.829, +9.012,+0.936
1668182880,+3.46,+13.847, +9.159,+0.936
1668182940,+3.46,+13.829, +9.333,+0.936
1668183000,+3.46,+13.829, +9.634,+0.936
1668183060,+3.46,+13.821, +9.929,+0.937
1668183120,+3.46,+13.829, +9.967,+0.937
1668183180,+3.46,+13.847,+10.048,+0.937
1668183240,+3.46,+13.856,+10.212,+0.937
1668183300,+3.46,+13.882,+10.345,+0.937
1668183360,+3.46,+13.925,+10.235,+0.937
1668183420,+3.46,+13.916,+10.124,+0.937
1668183480,+3.46,+13.925, +9.990,+0.937
1668183540,+3.46,+13.899, +9.946,+0.937
1668183600,+3.46,+13.899, +9.858,+0.937
1668183660,+3.46,+13.925, +9.624,+0.936
1668183720,+3.46,+13.943, +9.435,+0.936
1668183780,+3.46,+13.943, +9.993,+0.936
1668183840,+3.46,+13.943,+10.251,+0.937
1668183900,+3.46,+13.925,+10.065,+0.937
1668183960,+3.46,+13.925, +9.947,+0.937
1668184020,+3.46,+13.951, +9.917,+0.937
1668184080,+3.46,+13.934, +9.921,+0.936
1668184140,+3.46,+13.934, +9.995,+0.937
1668184200,+3.46,+13.925, +9.948,+0.937
1668184260,+3.46,+13.943, +9.934,+0.936
1668184320,+3.46,+13.934, +9.990,+0.937
1668184380,+3.46,+13.960,+10.024,+0.936
1668184440,+3.46,+13.951, +9.948,+0.937
1668184500,+3.46,+13.951, +9.949,+0.936
1668184560,+3.46,+13.951,+10.029,+0.937
1668184620,+3.46,+13.943,+10.073,+0.937
1668184680,+3.46,+13.951,+10.256,+0.937
1668184740,+3.46,+13.960,+10.168,+0.937
1668184800,+3.46,+13.951,+10.212,+0.937
1668184860,+3.46,+13.969,+10.246,+0.937
1668184920,+3.46,+13.969,+10.227,+0.936
1668184980,+3.46,+13.986,+10.223,+0.937
1668185040,+3.46,+13.995,+10.153,+0.937
1668185100,+3.46,+13.977,+10.213,+0.937
1668185160,+3.46,+13.986,+10.236,+0.936
1668185220,+3.46,+13.977,+10.197,+0.937
1668185280,+3.46,+13.960,+10.218,+0.937
1668185340,+3.46,+13.943,+10.197,+0.936
1668185400,+3.46,+13.951,+10.166,+0.937
