7450-364333
OS REV: 1.05 Sensor Cal: 1644948279
Time (sec),  BV (Volts),  T (deg C),  DO (mg/l),  Q ()
1665852660,+3.47,+17.741,+10.442,+0.942
1665852720,+3.47,+17.758,+10.442,+0.941
1665852780,+3.47,+17.775,+10.382,+0.942
1665852840,+3.47,+17.775,+10.458,+0.942
1665852900,+3.47,+17.800,+10.451,+0.942
1665852960,+3.47,+17.825,+10.531,+0.942
1665853020,+3.47,+17.834,+10.512,+0.942
1665853080,+3.47,+17.876,+10.566,+0.942
1665853140,+3.47,+17.825,+10.137,+0.941
1665853200,+3.47,+17.775,+10.056,+0.941
1665853260,+3.47,+17.758,+10.092,+0.941
1665853320,+3.47,+17.741,+10.178,+0.942
1665853380,+3.47,+17.791,+10.183,+0.941
1665853440,+3.47,+17.791,+10.398,+0.942
1665853500,+3.47,+17.775,+10.071,+0.941
1665853560,+3.47,+17.758,+10.051,+0.942
1665853620,+3.47,+17.758,+10.037,+0.941
1665853680,+3.47,+17.775,+10.575,+0.942
1665853740,+3.47,+17.808,+10.276,+0.942
1665853800,+3.47,+17.783,+10.203,+0.942
1665853860,+3.47,+17.817,+10.185,+0.942
1665853920,+3.47,+17.817,+10.340,+0.942
1665853980,+3.47,+17.834,+10.277,+0.942
1665854040,+3.47,+17.859,+10.267,+0.942
1665854100,+3.47,+17.842,+10.198,+0.941
1665854160,+3.47,+17.834,+10.194,+0.942
1665854220,+3.47,+17.825,+10.219,+0.942
1665854280,+3.47,+17.834,+10.211,+0.941
1665854340,+3.47,+17.817,+10.198,+0.942
1665854400,+3.47,+17.800,+10.102,+0.942
1665854460,+3.47,+17.791,+10.105,+0.941
1665854520,+3.47,+17.783,+10.104,+0.942
1665854580,+3.47,+17.783,+10.100,+0.941
1665854640,+3.47,+17.766,+10.084,+0.941
1665854700,+3.47,+17.766,+10.117,+0.941
1665854760,+3.47,+17.783,+10.124,+0.942
1665854820,+3.47,+17.766,+10.109,+0.941
1665854880,+3.47,+17.791,+10.129,+0.942
1665854940,+3.47,+17.808,+10.133,+0.941
1665855000,+3.47,+17.800,+10.140,+0.941
1665855060,+3.47,+17.800,+10.241,+0.942
1665855120,+3.47,+17.808,+10.180,+0.942
1665855180,+3.47,+17.842,+10.392,+0.941
1665855240,+3.47,+17.842,+10.247,+0.942
1665855300,+3.47,+17.834,+10.170,+0.941
1665855360,+3.47,+17.834,+10.185,+0.942
1665855420,+3.47,+17.834,+10.203,+0.942
1665855480,+3.47,+17.834,+10.212,+0.942
1665855540,+3.47,+17.825,+10.189,+0.941
1665855600,+3.47,+17.817,+10.194,+0.941
1665855660,+3.47,+17.842,+10.206,+0.942
1665855720,+3.47,+17.834,+10.198,+0.942
1665855780,+3.47,+17.834,+10.187,+0.941
1665855840,+3.47,+17.834,+10.256,+0.942
1665855900,+3.47,+17.842,+10.277,+0.942
1665855960,+3.47,+17.842,+10.262,+0.941
1665856020,+3.47,+17.834,+10.231,+0.941
1665856080,+3.47,+17.851,+10.278,+0.942
1665856140,+3.47,+17.842,+10.246,+0.942
1665856200,+3.47,+17.851,+10.245,+0.942
1665856260,+3.47,+17.851,+10.233,+0.942
1665856320,+3.47,+17.842,+10.243,+0.942
1665856380,+3.47,+17.851,+10.238,+0.942
1665856440,+3.47,+17.842,+10.257,+0.942
1665856500,+3.47,+17.842,+10.242,+0.942
1665856560,+3.47,+17.867,+10.223,+0.942
1665856620,+3.47,+17.859,+10.233,+0.942
1665856680,+3.47,+17.851,+10.215,+0.942
1665856740,+3.47,+17.842,+10.208,+0.941
1665856800,+3.47,+17.859,+10.229,+0.941
1665856860,+3.47,+17.859,+10.214,+0.941
1665856920,+3.47,+17.859,+10.223,+0.942
1665856980,+3.48,+17.867,+10.224,+0.942
1665857040,+3.48,+17.893,+10.188,+0.942
1665857100,+3.48,+17.876,+10.210,+0.941
1665857160,+3.48,+17.893,+10.203,+0.942
1665857220,+3.48,+17.876,+10.199,+0.942
1665857280,+3.48,+17.876,+10.206,+0.942
1665857340,+3.48,+17.867,+10.219,+0.942
1665857400,+3.48,+17.876,+10.217,+0.942
1665857460,+3.48,+17.910,+10.198,+0.942
1665857520,+3.48,+17.918,+10.205,+0.942
1665857580,+3.48,+17.901,+10.220,+0.942
1665857640,+3.48,+17.910,+10.204,+0.941
1665857700,+3.48,+17.910,+10.215,+0.942
1665857760,+3.48,+17.901,+10.204,+0.942
1665857820,+3.48,+17.901,+10.201,+0.942
1665857880,+3.48,+17.918,+10.188,+0.942
1665857940,+3.48,+17.901,+10.210,+0.942
1665858000,+3.48,+17.910,+10.220,+0.942
1665858060,+3.48,+17.893,+10.269,+0.942
1665858120,+3.48,+17.918,+10.230,+0.942
1665858180,+3.48,+17.926,+10.288,+0.942
1665858240,+3.48,+17.918,+10.280,+0.942
1665858300,+3.48,+17.918,+10.290,+0.942
1665858360,+3.48,+17.918,+10.237,+0.942
1665858420,+3.48,+17.918,+10.248,+0.942
1665858480,+3.48,+17.935,+10.241,+0.942
1665858540,+3.48,+17.935,+10.243,+0.942
1665858600,+3.48,+17.935,+10.230,+0.942
1665858660,+3.48,+17.943,+10.150,+0.941
1665858720,+3.48,+17.952,+10.153,+0.942
1665858780,+3.48,+17.943,+10.179,+0.941
1665858840,+3.48,+17.943,+10.211,+0.942
1665858900,+3.48,+17.943,+10.277,+0.942
1665858960,+3.48,+17.935,+10.210,+0.941
1665859020,+3.48,+17.952,+10.195,+0.942
1665859080,+3.48,+17.935,+10.241,+0.942
1665859140,+3.48,+17.943,+10.252,+0.942
1665859200,+3.48,+17.952,+10.284,+0.942
1665859260,+3.48,+17.969,+10.240,+0.942
1665859320,+3.48,+17.977,+10.275,+0.942
1665859380,+3.48,+17.977,+10.258,+0.941
1665859440,+3.48,+17.977,+10.246,+0.941
1665859500,+3.48,+17.960,+10.256,+0.942
1665859560,+3.48,+17.986,+10.253,+0.942
1665859620,+3.48,+17.977,+10.247,+0.942
1665859680,+3.48,+17.977,+10.267,+0.942
1665859740,+3.48,+17.969,+10.278,+0.942
1665859800,+3.48,+17.969,+10.275,+0.941
1665859860,+3.48,+17.969,+10.281,+0.942
1665859920,+3.48,+17.986,+10.272,+0.942
1665859980,+3.48,+17.986,+10.269,+0.941
1665860040,+3.48,+17.969,+10.277,+0.941
1665860100,+3.48,+17.977,+10.266,+0.942
1665860160,+3.48,+17.969,+10.240,+0.941
1665860220,+3.48,+17.977,+10.266,+0.942
1665860280,+3.48,+17.969,+10.252,+0.942
1665860340,+3.48,+17.994,+10.191,+0.942
1665860400,+3.48,+17.994,+10.226,+0.942
1665860460,+3.48,+17.986,+10.207,+0.941
1665860520,+3.48,+17.994,+10.159,+0.941
1665860580,+3.48,+17.969,+10.194,+0.942
1665860640,+3.48,+17.977,+10.191,+0.942
1665860700,+3.48,+18.002,+10.180,+0.942
1665860760,+3.48,+17.977,+10.156,+0.941
1665860820,+3.48,+17.994,+10.143,+0.941
1665860880,+3.48,+17.986,+10.161,+0.942
1665860940,+3.48,+17.994,+10.163,+0.942
1665861000,+3.48,+17.977,+10.190,+0.942
1665861060,+3.48,+18.002,+10.178,+0.942
1665861120,+3.48,+18.011,+10.202,+0.942
1665861180,+3.48,+18.002,+10.234,+0.942
1665861240,+3.48,+18.002,+10.200,+0.942
1665861300,+3.48,+18.002,+10.197,+0.942
1665861360,+3.48,+17.994,+10.192,+0.942
1665861420,+3.48,+18.011,+10.197,+0.941
1665861480,+3.48,+18.011,+10.234,+0.942
1665861540,+3.48,+18.019,+10.230,+0.942
1665861600,+3.48,+18.028,+10.227,+0.942
1665861660,+3.48,+18.036,+10.223,+0.942
1665861720,+3.48,+18.011,+10.229,+0.942
1665861780,+3.48,+18.019,+10.214,+0.941
1665861840,+3.48,+18.019,+10.215,+0.941
1665861900,+3.48,+18.028,+10.243,+0.942
1665861960,+3.48,+18.019,+10.259,+0.942
1665862020,+3.48,+18.028,+10.254,+0.942
1665862080,+3.48,+18.019,+10.240,+0.942
1665862140,+3.48,+18.011,+10.265,+0.942
1665862200,+3.48,+18.011,+10.268,+0.941
1665862260,+3.48,+18.036,+10.255,+0.942
1665862320,+3.48,+18.019,+10.267,+0.942
1665862380,+3.48,+18.028,+10.267,+0.942
1665862440,+3.48,+18.028,+10.275,+0.941
1665862500,+3.48,+18.019,+10.285,+0.942
1665862560,+3.48,+18.019,+10.258,+0.941
1665862620,+3.48,+17.994,+10.262,+0.942
1665862680,+3.48,+18.002,+10.250,+0.941
1665862740,+3.48,+18.011,+10.279,+0.942
1665862800,+3.48,+18.019,+10.305,+0.942
1665862860,+3.48,+18.011,+10.291,+0.942
1665862920,+3.48,+18.002,+10.296,+0.942
1665862980,+3.48,+18.036,+10.298,+0.942
1665863040,+3.48,+18.036,+10.309,+0.941
1665863100,+3.48,+18.019,+10.319,+0.942
1665863160,+3.48,+18.028,+10.296,+0.941
1665863220,+3.48,+18.019,+10.325,+0.941
1665863280,+3.48,+18.045,+10.302,+0.941
1665863340,+3.48,+18.036,+10.325,+0.942
1665863400,+3.48,+18.028,+10.354,+0.941
1665863460,+3.48,+18.045,+10.316,+0.941
1665863520,+3.48,+18.045,+10.350,+0.941
1665863580,+3.48,+18.011,+10.287,+0.941
1665863640,+3.48,+18.019,+10.272,+0.942
1665863700,+3.48,+17.994,+10.247,+0.941
1665863760,+3.48,+18.028,+10.231,+0.941
1665863820,+3.48,+18.011,+10.261,+0.941
1665863880,+3.48,+18.011,+10.278,+0.942
1665863940,+3.48,+17.994,+10.276,+0.942
1665864000,+3.48,+17.994,+10.244,+0.941
1665864060,+3.48,+18.011,+10.273,+0.941
1665864120,+3.48,+18.002,+10.202,+0.941
1665864180,+3.48,+18.002,+10.220,+0.942
1665864240,+3.48,+17.986,+10.181,+0.942
1665864300,+3.48,+17.977,+10.171,+0.941
1665864360,+3.48,+17.977,+10.186,+0.942
1665864420,+3.48,+17.977,+10.173,+0.942
1665864480,+3.48,+17.952,+10.189,+0.942
1665864540,+3.48,+17.960,+10.168,+0.942
1665864600,+3.48,+17.952,+10.150,+0.941
1665864660,+3.48,+17.943,+10.138,+0.941
1665864720,+3.48,+17.952,+10.110,+0.941
1665864780,+3.48,+17.926,+10.134,+0.942
1665864840,+3.48,+17.943,+10.133,+0.941
1665864900,+3.48,+17.926,+10.159,+0.942
1665864960,+3.48,+17.926,+10.184,+0.941
1665865020,+3.48,+17.952,+10.161,+0.941
1665865080,+3.48,+17.935,+10.134,+0.942
1665865140,+3.48,+17.935,+10.102,+0.941
1665865200,+3.48,+17.935,+10.109,+0.942
1665865260,+3.48,+17.943,+10.112,+0.941
1665865320,+3.48,+17.935,+10.137,+0.942
1665865380,+3.48,+17.952,+10.140,+0.942
1665865440,+3.48,+17.943,+10.164,+0.941
1665865500,+3.48,+17.943,+10.219,+0.942
1665865560,+3.48,+17.943,+10.174,+0.942
1665865620,+3.48,+17.926,+10.133,+0.942
1665865680,+3.48,+17.952,+10.102,+0.941
1665865740,+3.48,+17.943,+10.120,+0.941
1665865800,+3.48,+17.926,+10.093,+0.941
1665865860,+3.48,+17.901,+10.075,+0.941
1665865920,+3.48,+17.918,+10.072,+0.941
1665865980,+3.48,+17.901,+10.087,+0.942
1665866040,+3.48,+17.918,+10.129,+0.942
1665866100,+3.48,+17.935,+10.150,+0.941
1665866160,+3.48,+17.943,+10.123,+0.941
1665866220,+3.48,+17.926,+10.202,+0.942
1665866280,+3.48,+17.943,+10.196,+0.942
1665866340,+3.48,+17.943,+10.176,+0.941
1665866400,+3.48,+17.952,+10.168,+0.942
1665866460,+3.48,+17.926,+10.199,+0.942
1665866520,+3.48,+17.952,+10.187,+0.942
1665866580,+3.48,+17.960,+10.202,+0.942
1665866640,+3.48,+17.943,+10.170,+0.941
1665866700,+3.48,+17.935,+10.143,+0.941
1665866760,+3.48,+17.935,+10.140,+0.941
1665866820,+3.48,+17.935,+10.165,+0.942
1665866880,+3.48,+17.960,+10.200,+0.942
1665866940,+3.48,+17.952,+10.200,+0.942
1665867000,+3.48,+17.926,+10.162,+0.942
1665867060,+3.48,+17.926,+10.139,+0.941
1665867120,+3.48,+17.910,+10.137,+0.941
1665867180,+3.48,+17.926,+10.207,+0.941
1665867240,+3.48,+17.943,+10.230,+0.942
1665867300,+3.48,+17.943,+10.196,+0.942
1665867360,+3.48,+17.935,+10.187,+0.942
1665867420,+3.48,+17.935,+10.177,+0.941
1665867480,+3.48,+17.926,+10.177,+0.942
1665867540,+3.48,+17.918,+10.165,+0.941
1665867600,+3.48,+17.918,+10.201,+0.942
1665867660,+3.48,+17.935,+10.128,+0.941
1665867720,+3.48,+17.918,+10.175,+0.942
1665867780,+3.48,+17.910,+10.189,+0.941
1665867840,+3.48,+17.926,+10.235,+0.942
1665867900,+3.48,+17.943,+10.213,+0.941
1665867960,+3.48,+17.935,+10.187,+0.942
1665868020,+3.48,+17.910,+10.165,+0.941
1665868080,+3.48,+17.893,+10.190,+0.942
1665868140,+3.48,+17.910,+10.218,+0.941
1665868200,+3.48,+17.926,+10.226,+0.941
1665868260,+3.48,+17.910,+10.178,+0.942
1665868320,+3.48,+17.910,+10.185,+0.941
1665868380,+3.48,+17.918,+10.182,+0.941
1665868440,+3.48,+17.901,+10.184,+0.942
1665868500,+3.48,+17.926,+10.184,+0.941
1665868560,+3.48,+17.901,+10.183,+0.941
1665868620,+3.48,+17.910,+10.168,+0.942
1665868680,+3.48,+17.884,+10.186,+0.941
1665868740,+3.48,+17.910,+10.180,+0.941
1665868800,+3.48,+17.910,+10.155,+0.942
1665868860,+3.48,+17.876,+10.172,+0.942
1665868920,+3.48,+17.901,+10.189,+0.941
1665868980,+3.48,+17.910,+10.203,+0.942
1665869040,+3.48,+17.893,+10.148,+0.942
1665869100,+3.48,+17.918,+10.221,+0.942
1665869160,+3.48,+17.918,+10.226,+0.941
1665869220,+3.48,+17.918,+10.196,+0.941
1665869280,+3.48,+17.910,+10.184,+0.942
1665869340,+3.48,+17.935,+10.224,+0.942
1665869400,+3.48,+17.910,+10.212,+0.942
1665869460,+3.48,+17.910,+10.194,+0.941
1665869520,+3.48,+17.901,+10.183,+0.941
1665869580,+3.48,+17.893,+10.220,+0.941
1665869640,+3.48,+17.901,+10.209,+0.942
1665869700,+3.48,+17.884,+10.195,+0.941
1665869760,+3.48,+17.893,+10.186,+0.941
1665869820,+3.48,+17.884,+10.189,+0.942
1665869880,+3.48,+17.867,+10.204,+0.942
1665869940,+3.48,+17.893,+10.188,+0.942
1665870000,+3.48,+17.876,+10.158,+0.941
1665870060,+3.48,+17.867,+10.160,+0.942
1665870120,+3.48,+17.867,+10.167,+0.941
1665870180,+3.48,+17.876,+10.166,+0.942
1665870240,+3.48,+17.876,+10.202,+0.942
1665870300,+3.48,+17.893,+10.228,+0.941
1665870360,+3.48,+17.910,+10.230,+0.941
1665870420,+3.48,+17.918,+10.201,+0.941
1665870480,+3.48,+17.901,+10.175,+0.941
1665870540,+3.48,+17.884,+10.150,+0.941
1665870600,+3.48,+17.893,+10.151,+0.941
1665870660,+3.48,+17.901,+10.215,+0.942
1665870720,+3.48,+17.901,+10.208,+0.941
1665870780,+3.48,+17.926,+10.183,+0.942
1665870840,+3.48,+17.918,+10.150,+0.942
1665870900,+3.48,+17.901,+10.145,+0.942
1665870960,+3.48,+17.893,+10.172,+0.941
1665871020,+3.48,+17.867,+10.169,+0.942
1665871080,+3.48,+17.884,+10.150,+0.941
1665871140,+3.48,+17.884,+10.148,+0.941
1665871200,+3.48,+17.876,+10.131,+0.941
1665871260,+3.48,+17.893,+10.117,+0.942
1665871320,+3.48,+17.910,+10.117,+0.942
1665871380,+3.48,+17.884,+10.126,+0.942
1665871440,+3.48,+17.910,+10.095,+0.942
1665871500,+3.48,+17.884,+10.087,+0.942
1665871560,+3.48,+17.893,+10.084,+0.942
1665871620,+3.48,+17.893,+10.068,+0.942
1665871680,+3.48,+17.884,+10.104,+0.941
1665871740,+3.48,+17.901,+10.098,+0.942
1665871800,+3.48,+17.910,+10.054,+0.942
1665871860,+3.48,+17.901,+10.038,+0.941
1665871920,+3.48,+17.893,+10.035,+0.942
1665871980,+3.48,+17.901,+10.031,+0.941
1665872040,+3.48,+17.918,+10.037,+0.942
1665872100,+3.48,+17.893, +9.983,+0.941
1665872160,+3.48,+17.926, +9.929,+0.941
1665872220,+3.48,+17.901, +9.972,+0.942
1665872280,+3.48,+17.918,+10.034,+0.942
1665872340,+3.48,+17.910,+10.054,+0.941
1665872400,+3.48,+17.910,+10.041,+0.942
1665872460,+3.48,+17.918,+10.037,+0.942
1665872520,+3.48,+17.943,+10.050,+0.942
1665872580,+3.48,+17.935,+10.060,+0.941
1665872640,+3.48,+17.952,+10.051,+0.941
1665872700,+3.48,+17.935,+10.044,+0.941
1665872760,+3.48,+17.910,+10.033,+0.942
1665872820,+3.48,+17.935,+10.005,+0.941
1665872880,+3.48,+17.943, +9.976,+0.941
1665872940,+3.48,+17.935,+10.010,+0.941
1665873000,+3.48,+17.943, +9.972,+0.941
1665873060,+3.48,+17.935, +9.972,+0.941
1665873120,+3.48,+17.926, +9.985,+0.941
1665873180,+3.48,+17.926,+10.025,+0.942
1665873240,+3.48,+17.943,+10.039,+0.942
1665873300,+3.48,+17.935,+10.049,+0.941
1665873360,+3.48,+17.935,+10.028,+0.941
1665873420,+3.48,+17.960,+10.028,+0.941
1665873480,+3.48,+17.935,+10.025,+0.941
1665873540,+3.48,+17.952,+10.023,+0.942
1665873600,+3.48,+17.943,+10.001,+0.941
1665873660,+3.48,+17.943, +9.996,+0.941
1665873720,+3.48,+17.935,+10.003,+0.942
1665873780,+3.48,+17.943,+10.026,+0.941
1665873840,+3.48,+17.935,+10.022,+0.941
1665873900,+3.48,+17.952, +9.993,+0.941
1665873960,+3.48,+17.926, +9.993,+0.942
1665874020,+3.48,+17.943,+10.005,+0.942
1665874080,+3.48,+17.943, +9.984,+0.941
1665874140,+3.48,+17.952, +9.973,+0.942
1665874200,+3.48,+17.969, +9.961,+0.941
1665874260,+3.48,+17.960,+10.064,+0.941
1665874320,+3.48,+17.986,+10.073,+0.941
1665874380,+3.48,+17.986,+10.090,+0.942
1665874440,+3.48,+17.986,+10.052,+0.941
1665874500,+3.48,+17.994,+10.046,+0.941
1665874560,+3.48,+17.994,+10.207,+0.941
1665874620,+3.48,+18.002,+10.252,+0.942
1665874680,+3.48,+18.002,+10.282,+0.941
1665874740,+3.48,+18.019,+10.280,+0.942
1665874800,+3.48,+18.002,+10.214,+0.942
1665874860,+3.48,+18.002,+10.178,+0.942
1665874920,+3.48,+17.994,+10.338,+0.942
1665874980,+3.48,+18.011,+10.332,+0.942
1665875040,+3.48,+17.994,+10.314,+0.942
1665875100,+3.48,+17.986,+10.267,+0.942
1665875160,+3.48,+18.002,+10.220,+0.942
1665875220,+3.48,+17.994,+10.197,+0.942
1665875280,+3.48,+18.002,+10.233,+0.942
1665875340,+3.48,+18.028,+10.308,+0.942
1665875400,+3.48,+18.045,+10.314,+0.942
1665875460,+3.48,+18.036,+10.318,+0.942
1665875520,+3.48,+18.036,+10.313,+0.942
1665875580,+3.48,+18.053,+10.256,+0.941
1665875640,+3.48,+18.061,+10.322,+0.942
1665875700,+3.48,+18.070,+10.350,+0.941
1665875760,+3.48,+18.053,+10.305,+0.941
1665875820,+3.48,+18.070,+10.113,+0.941
1665875880,+3.48,+18.036,+10.060,+0.942
1665875940,+3.48,+18.019, +9.955,+0.941
1665876000,+3.48,+18.019, +9.744,+0.941
1665876060,+3.48,+18.011, +9.675,+0.941
1665876120,+3.48,+18.011, +9.743,+0.941
1665876180,+3.48,+18.019, +9.773,+0.941
1665876240,+3.48,+18.028, +9.790,+0.941
1665876300,+3.48,+18.061, +9.834,+0.941
1665876360,+3.48,+18.045, +9.805,+0.942
1665876420,+3.48,+18.036, +9.685,+0.941
1665876480,+3.48,+18.045, +9.678,+0.941
1665876540,+3.48,+18.061, +9.821,+0.941
1665876600,+3.48,+18.053,+10.008,+0.941
1665876660,+3.48,+18.028, +9.925,+0.942
1665876720,+3.48,+18.053, +9.565,+0.941
1665876780,+3.48,+18.036, +9.221,+0.940
1665876840,+3.48,+18.036, +8.947,+0.940
1665876900,+3.48,+18.036, +8.764,+0.940
1665876960,+3.48,+18.061, +9.181,+0.941
1665877020,+3.48,+18.053, +9.526,+0.941
1665877080,+3.48,+18.061, +9.675,+0.941
1665877140,+3.48,+18.045, +9.590,+0.941
1665877200,+3.48,+18.053, +9.337,+0.941
1665877260,+3.48,+18.036, +9.150,+0.941
1665877320,+3.48,+18.061, +8.867,+0.940
1665877380,+3.48,+18.061, +8.672,+0.940
1665877440,+3.48,+18.061, +8.679,+0.940
1665877500,+3.48,+18.019, +8.642,+0.940
1665877560,+3.48,+18.028, +8.509,+0.940
1665877620,+3.48,+18.028, +8.552,+0.940
1665877680,+3.48,+18.045, +8.650,+0.940
1665877740,+3.48,+18.036, +8.508,+0.940
1665877800,+3.48,+18.036, +8.353,+0.940
1665877860,+3.48,+18.036, +8.662,+0.940
1665877920,+3.48,+18.036, +8.976,+0.940
1665877980,+3.48,+18.036, +9.181,+0.941
1665878040,+3.48,+18.036, +9.024,+0.940
1665878100,+3.48,+18.045, +8.950,+0.940
1665878160,+3.48,+18.028, +8.928,+0.940
1665878220,+3.48,+18.028, +8.967,+0.940
1665878280,+3.48,+18.036, +9.098,+0.941
1665878340,+3.48,+18.045, +9.027,+0.940
1665878400,+3.48,+18.036, +9.000,+0.940
1665878460,+3.48,+18.045, +9.116,+0.941
1665878520,+3.48,+18.045, +9.234,+0.941
1665878580,+3.48,+18.036, +9.252,+0.941
1665878640,+3.48,+18.045, +9.262,+0.941
1665878700,+3.48,+18.045, +9.303,+0.941
1665878760,+3.48,+18.053, +9.382,+0.941
1665878820,+3.48,+18.045, +9.351,+0.941
1665878880,+3.48,+18.036, +9.302,+0.941
1665878940,+3.48,+18.036, +9.331,+0.940
1665879000,+3.48,+18.045, +9.157,+0.941
1665879060,+3.48,+18.061, +9.053,+0.941
1665879120,+3.48,+18.045, +9.102,+0.941
1665879180,+3.48,+18.045, +9.174,+0.940
1665879240,+3.48,+18.045, +9.303,+0.941
1665879300,+3.48,+18.053, +9.336,+0.941
1665879360,+3.48,+18.045, +9.221,+0.941
1665879420,+3.48,+18.036, +8.959,+0.941
1665879480,+3.48,+18.053, +8.832,+0.940
1665879540,+3.48,+18.036, +8.798,+0.940
1665879600,+3.48,+18.053, +8.753,+0.940
1665879660,+3.48,+18.053, +8.781,+0.940
1665879720,+3.48,+18.061, +8.795,+0.940
1665879780,+3.48,+18.061, +9.005,+0.941
1665879840,+3.48,+18.061, +9.188,+0.941
1665879900,+3.48,+18.061, +9.284,+0.941
1665879960,+3.48,+18.045, +9.471,+0.941
1665880020,+3.48,+18.045, +9.638,+0.941
1665880080,+3.48,+18.061, +9.708,+0.941
1665880140,+3.48,+18.061, +9.588,+0.941
1665880200,+3.48,+18.061, +9.382,+0.941
1665880260,+3.48,+18.053, +9.153,+0.941
1665880320,+3.48,+18.061, +9.018,+0.940
1665880380,+3.48,+18.053, +8.965,+0.941
1665880440,+3.48,+18.036, +9.030,+0.941
1665880500,+3.48,+18.053, +9.104,+0.940
1665880560,+3.48,+18.045, +9.252,+0.940
1665880620,+3.48,+18.045, +9.372,+0.941
1665880680,+3.48,+18.036, +9.604,+0.941
1665880740,+3.48,+18.045, +9.611,+0.941
1665880800,+3.48,+18.028, +9.287,+0.941
1665880860,+3.48,+18.036, +9.036,+0.941
1665880920,+3.48,+18.028, +8.471,+0.940
1665880980,+3.48,+18.002, +8.153,+0.940
1665881040,+3.48,+17.994, +8.166,+0.940
1665881100,+3.48,+17.994, +8.070,+0.940
1665881160,+3.48,+18.011, +8.035,+0.939
1665881220,+3.48,+18.002, +8.233,+0.940
1665881280,+3.48,+17.994, +8.506,+0.940
1665881340,+3.48,+17.986, +8.649,+0.940
1665881400,+3.48,+18.002, +8.935,+0.940
1665881460,+3.48,+17.977, +9.220,+0.941
1665881520,+3.48,+17.994, +9.375,+0.941
1665881580,+3.48,+17.994, +9.399,+0.941
1665881640,+3.48,+17.977, +9.358,+0.941
1665881700,+3.48,+17.977, +9.298,+0.941
1665881760,+3.48,+17.977, +9.536,+0.941
1665881820,+3.48,+17.977, +9.690,+0.941
1665881880,+3.48,+17.960, +9.801,+0.941
1665881940,+3.48,+17.926, +9.927,+0.941
1665882000,+3.48,+17.918, +9.975,+0.941
1665882060,+3.48,+17.910,+10.005,+0.942
1665882120,+3.48,+17.926, +9.743,+0.941
1665882180,+3.48,+17.943, +9.402,+0.941
1665882240,+3.48,+17.926, +9.215,+0.940
1665882300,+3.48,+17.943, +9.258,+0.941
1665882360,+3.48,+17.935, +9.447,+0.941
1665882420,+3.48,+17.960, +9.373,+0.941
1665882480,+3.48,+17.952, +9.464,+0.941
1665882540,+3.48,+17.943, +9.377,+0.941
1665882600,+3.48,+17.910, +9.268,+0.941
1665882660,+3.48,+17.935, +9.348,+0.941
1665882720,+3.48,+17.935, +9.329,+0.940
1665882780,+3.48,+17.926, +9.287,+0.940
1665882840,+3.48,+17.926, +9.303,+0.940
1665882900,+3.48,+17.935, +9.421,+0.941
1665882960,+3.48,+17.918, +9.412,+0.940
1665883020,+3.48,+17.935, +9.248,+0.940
1665883080,+3.48,+17.901, +9.154,+0.941
1665883140,+3.48,+17.918, +9.063,+0.941
1665883200,+3.48,+17.901, +9.198,+0.940
1665883260,+3.48,+17.910, +9.399,+0.941
1665883320,+3.48,+17.910, +9.466,+0.941
1665883380,+3.48,+17.918, +9.380,+0.941
1665883440,+3.48,+17.876, +9.428,+0.941
1665883500,+3.48,+17.876, +9.516,+0.941
1665883560,+3.48,+17.884, +9.662,+0.941
1665883620,+3.48,+17.876, +9.571,+0.941
1665883680,+3.48,+17.884, +9.462,+0.941
1665883740,+3.48,+17.893, +9.229,+0.941
1665883800,+3.48,+17.867, +9.125,+0.940
1665883860,+3.48,+17.859, +9.159,+0.941
1665883920,+3.48,+17.842, +9.463,+0.941
1665883980,+3.47,+17.825, +9.693,+0.941
1665884040,+3.47,+17.808, +9.860,+0.941
1665884100,+3.47,+17.783, +9.708,+0.941
1665884160,+3.47,+17.775, +9.603,+0.941
1665884220,+3.47,+17.775, +9.579,+0.941
1665884280,+3.47,+17.775, +9.523,+0.941
1665884340,+3.47,+17.741, +9.583,+0.941
1665884400,+3.48,+17.741, +9.702,+0.941
1665884460,+3.47,+17.732, +9.770,+0.940
1665884520,+3.47,+17.699, +9.854,+0.942
1665884580,+3.48,+17.707, +9.798,+0.941
1665884640,+3.48,+17.724, +9.758,+0.941
1665884700,+3.48,+17.707, +9.682,+0.941
1665884760,+3.48,+17.699, +9.737,+0.941
1665884820,+3.48,+17.699, +9.781,+0.941
1665884880,+3.48,+17.690, +9.852,+0.941
1665884940,+3.48,+17.665, +9.854,+0.941
1665885000,+3.48,+17.699, +9.722,+0.941
1665885060,+3.48,+17.690, +9.839,+0.941
1665885120,+3.48,+17.690, +9.962,+0.942
1665885180,+3.48,+17.707, +9.894,+0.941
1665885240,+3.47,+17.724, +9.915,+0.942
1665885300,+3.47,+17.741, +9.831,+0.941
1665885360,+3.48,+17.724, +9.835,+0.941
1665885420,+3.47,+17.724, +9.842,+0.941
1665885480,+3.48,+17.707, +9.910,+0.941
1665885540,+3.48,+17.690, +9.996,+0.941
1665885600,+3.48,+17.707,+10.043,+0.941
1665885660,+3.48,+17.707, +9.986,+0.941
1665885720,+3.48,+17.724, +9.994,+0.942
1665885780,+3.47,+17.758, +9.967,+0.941
1665885840,+3.47,+17.791, +9.939,+0.941
1665885900,+3.47,+17.817, +9.886,+0.941
1665885960,+3.48,+17.842, +9.721,+0.941
1665886020,+3.47,+17.825, +9.736,+0.941
1665886080,+3.47,+17.834, +9.557,+0.941
1665886140,+3.47,+17.834, +9.530,+0.941
1665886200,+3.47,+17.800, +9.487,+0.941
1665886260,+3.48,+17.808, +9.403,+0.941
1665886320,+3.47,+17.791, +9.310,+0.941
1665886380,+3.47,+17.808, +9.293,+0.941
1665886440,+3.47,+17.791, +9.126,+0.941
1665886500,+3.47,+17.783, +8.992,+0.941
1665886560,+3.47,+17.775, +8.993,+0.940
1665886620,+3.47,+17.783, +9.171,+0.941
1665886680,+3.47,+17.775, +9.261,+0.941
1665886740,+3.47,+17.766, +9.308,+0.941
1665886800,+3.47,+17.766, +9.349,+0.941
1665886860,+3.47,+17.775, +9.386,+0.941
1665886920,+3.47,+17.783, +9.347,+0.941
1665886980,+3.47,+17.800, +9.399,+0.941
1665887040,+3.47,+17.808, +9.415,+0.941
1665887100,+3.47,+17.791, +9.363,+0.941
1665887160,+3.47,+17.783, +9.382,+0.941
1665887220,+3.47,+17.766, +9.318,+0.941
1665887280,+3.47,+17.783, +9.389,+0.941
1665887340,+3.48,+17.775, +9.398,+0.941
1665887400,+3.47,+17.783, +9.433,+0.940
1665887460,+3.47,+17.766, +9.479,+0.941
1665887520,+3.47,+17.749, +9.453,+0.941
1665887580,+3.47,+17.800, +9.445,+0.941
1665887640,+3.47,+17.758, +9.628,+0.941
1665887700,+3.47,+17.775, +9.802,+0.941
1665887760,+3.47,+17.783, +9.794,+0.941
1665887820,+3.47,+17.791, +9.742,+0.941
1665887880,+3.47,+17.775, +9.745,+0.941
1665887940,+3.47,+17.791, +9.723,+0.942
1665888000,+3.47,+17.783, +9.712,+0.941
1665888060,+3.47,+17.808, +9.665,+0.941
1665888120,+3.47,+17.808, +9.569,+0.941
1665888180,+3.47,+17.808, +9.498,+0.941
1665888240,+3.47,+17.775, +9.394,+0.940
1665888300,+3.47,+17.800, +9.330,+0.941
1665888360,+3.47,+17.775, +9.293,+0.941
1665888420,+3.47,+17.783, +9.377,+0.941
1665888480,+3.47,+17.775, +9.652,+0.941
1665888540,+3.47,+17.749, +9.709,+0.941
1665888600,+3.47,+17.724, +9.737,+0.941
1665888660,+3.48,+17.732, +9.820,+0.941
1665888720,+3.48,+17.724, +9.872,+0.941
1665888780,+3.48,+17.732,+10.036,+0.941
1665888840,+3.47,+17.707,+10.002,+0.941
1665888900,+3.48,+17.690,+10.100,+0.942
1665888960,+3.48,+17.699,+10.111,+0.941
1665889020,+3.48,+17.699,+10.159,+0.941
1665889080,+3.47,+17.665,+10.221,+0.941
1665889140,+3.48,+17.648,+10.244,+0.941
1665889200,+3.48,+17.656,+10.164,+0.941
1665889260,+3.48,+17.656, +9.660,+0.941
1665889320,+3.48,+17.665, +9.805,+0.942
1665889380,+3.48,+17.682, +9.868,+0.941
1665889440,+3.48,+17.665, +9.939,+0.942
1665889500,+3.48,+17.665, +9.879,+0.941
1665889560,+3.48,+17.673, +9.869,+0.941
1665889620,+3.48,+17.682, +9.901,+0.941
1665889680,+3.47,+17.682, +9.955,+0.941
1665889740,+3.48,+17.715,+10.035,+0.942
1665889800,+3.48,+17.699, +9.941,+0.941
1665889860,+3.48,+17.690, +9.927,+0.942
1665889920,+3.48,+17.656,+10.004,+0.941
1665889980,+3.48,+17.690,+10.030,+0.942
1665890040,+3.48,+17.682,+10.058,+0.941
1665890100,+3.48,+17.690,+10.020,+0.941
1665890160,+3.48,+17.682,+10.083,+0.942
1665890220,+3.47,+17.699,+10.076,+0.941
1665890280,+3.48,+17.673,+10.145,+0.942
1665890340,+3.48,+17.656,+10.112,+0.941
1665890400,+3.48,+17.665,+10.124,+0.941
1665890460,+3.47,+17.690,+10.026,+0.942
1665890520,+3.47,+17.715, +9.851,+0.941
1665890580,+3.47,+17.724, +9.814,+0.941
1665890640,+3.47,+17.724, +9.849,+0.941
1665890700,+3.48,+17.749, +9.808,+0.941
1665890760,+3.47,+17.732, +9.766,+0.941
1665890820,+3.47,+17.741, +9.766,+0.941
1665890880,+3.47,+17.749, +9.760,+0.941
1665890940,+3.47,+17.749, +9.708,+0.941
1665891000,+3.47,+17.732, +9.674,+0.941
1665891060,+3.47,+17.707, +9.760,+0.941
1665891120,+3.47,+17.732, +9.820,+0.941
1665891180,+3.47,+17.724, +9.787,+0.942
1665891240,+3.47,+17.741, +9.766,+0.941
1665891300,+3.47,+17.741, +9.752,+0.941
1665891360,+3.47,+17.741, +9.817,+0.941
1665891420,+3.47,+17.741, +9.851,+0.941
1665891480,+3.47,+17.766, +9.743,+0.941
1665891540,+3.47,+17.783, +9.679,+0.941
1665891600,+3.47,+17.749, +9.733,+0.941
1665891660,+3.47,+17.732, +9.870,+0.941
1665891720,+3.47,+17.758, +9.828,+0.941
1665891780,+3.47,+17.791, +9.683,+0.941
1665891840,+3.47,+17.808, +9.565,+0.941
1665891900,+3.47,+17.808, +9.563,+0.941
1665891960,+3.47,+17.825, +9.653,+0.941
1665892020,+3.47,+17.817, +9.624,+0.941
1665892080,+3.47,+17.842, +9.600,+0.941
1665892140,+3.47,+17.808, +9.599,+0.941
1665892200,+3.47,+17.825, +9.616,+0.941
1665892260,+3.47,+17.834, +9.612,+0.941
1665892320,+3.47,+17.817, +9.588,+0.941
1665892380,+3.47,+17.825, +9.569,+0.941
1665892440,+3.47,+17.817, +9.464,+0.941
1665892500,+3.48,+17.842, +9.067,+0.940
1665892560,+3.47,+17.808, +8.858,+0.940
1665892620,+3.47,+17.817, +8.885,+0.940
1665892680,+3.47,+17.825, +8.946,+0.940
1665892740,+3.47,+17.791, +9.068,+0.941
1665892800,+3.47,+17.817, +9.127,+0.941
1665892860,+3.47,+17.783, +9.235,+0.941
1665892920,+3.47,+17.783, +9.397,+0.941
1665892980,+3.47,+17.783, +9.518,+0.941
1665893040,+3.47,+17.775, +9.627,+0.941
1665893100,+3.47,+17.749, +9.697,+0.941
1665893160,+3.47,+17.758, +9.771,+0.941
1665893220,+3.47,+17.749, +9.833,+0.941
1665893280,+3.47,+17.758, +9.853,+0.941
1665893340,+3.47,+17.741, +9.897,+0.941
1665893400,+3.47,+17.758, +9.867,+0.941
1665893460,+3.48,+17.758, +9.879,+0.941
1665893520,+3.48,+17.758, +9.880,+0.941
1665893580,+3.47,+17.749, +9.882,+0.941
1665893640,+3.47,+17.741, +9.855,+0.941
1665893700,+3.47,+17.741, +9.800,+0.941
1665893760,+3.48,+17.741, +9.768,+0.941
1665893820,+3.48,+17.724, +9.801,+0.941
1665893880,+3.47,+17.732, +9.830,+0.941
1665893940,+3.47,+17.741, +9.842,+0.941
1665894000,+3.48,+17.724, +9.848,+0.941
1665894060,+3.47,+17.741, +9.840,+0.941
1665894120,+3.48,+17.715, +9.893,+0.942
1665894180,+3.48,+17.724, +9.928,+0.942
1665894240,+3.47,+17.732, +9.963,+0.941
1665894300,+3.48,+17.741, +9.992,+0.942
1665894360,+3.47,+17.732, +9.995,+0.941
1665894420,+3.48,+17.741, +9.986,+0.941
1665894480,+3.47,+17.741, +9.952,+0.941
1665894540,+3.48,+17.749, +9.928,+0.942
1665894600,+3.47,+17.758, +9.869,+0.941
1665894660,+3.47,+17.758, +9.847,+0.942
1665894720,+3.47,+17.791, +9.792,+0.941
1665894780,+3.47,+17.766, +9.765,+0.941
1665894840,+3.47,+17.741, +9.729,+0.941
1665894900,+3.48,+17.724, +9.707,+0.941
1665894960,+3.47,+17.707, +9.678,+0.941
1665895020,+3.48,+17.690, +9.657,+0.941
1665895080,+3.48,+17.665, +9.633,+0.940
1665895140,+3.48,+17.648, +9.654,+0.941
1665895200,+3.48,+17.631, +9.671,+0.941
1665895260,+3.48,+17.606, +9.667,+0.942
1665895320,+3.48,+17.597, +9.777,+0.941
1665895380,+3.48,+17.563, +9.835,+0.941
1665895440,+3.48,+17.589, +9.887,+0.941
1665895500,+3.48,+17.538, +9.939,+0.941
1665895560,+3.48,+17.538,+10.009,+0.941
1665895620,+3.48,+17.546,+10.031,+0.941
1665895680,+3.48,+17.504,+10.092,+0.941
1665895740,+3.48,+17.479,+10.149,+0.942
1665895800,+3.48,+17.462,+10.148,+0.941
1665895860,+3.48,+17.453,+10.128,+0.941
1665895920,+3.48,+17.479,+10.109,+0.941
1665895980,+3.48,+17.453,+10.120,+0.942
1665896040,+3.48,+17.445,+10.100,+0.941
1665896100,+3.48,+17.445,+10.098,+0.941
1665896160,+3.48,+17.428,+10.101,+0.941
1665896220,+3.48,+17.420,+10.114,+0.941
1665896280,+3.48,+17.420,+10.114,+0.942
1665896340,+3.48,+17.394,+10.086,+0.941
1665896400,+3.48,+17.403,+10.072,+0.942
1665896460,+3.48,+17.403,+10.052,+0.941
1665896520,+3.48,+17.377,+10.042,+0.941
1665896580,+3.48,+17.386,+10.045,+0.941
1665896640,+3.48,+17.369,+10.023,+0.941
1665896700,+3.48,+17.343, +9.930,+0.941
1665896760,+3.48,+17.310, +9.891,+0.941
1665896820,+3.48,+17.318, +9.901,+0.942
1665896880,+3.48,+17.310, +9.901,+0.941
1665896940,+3.48,+17.310, +9.878,+0.941
1665897000,+3.48,+17.326, +9.869,+0.941
1665897060,+3.48,+17.310, +9.875,+0.941
1665897120,+3.48,+17.318, +9.861,+0.941
1665897180,+3.48,+17.293, +9.870,+0.941
1665897240,+3.48,+17.301, +9.881,+0.941
1665897300,+3.48,+17.301, +9.913,+0.941
1665897360,+3.48,+17.301, +9.924,+0.942
1665897420,+3.48,+17.310, +9.919,+0.941
1665897480,+3.48,+17.310, +9.910,+0.941
1665897540,+3.48,+17.318, +9.945,+0.942
1665897600,+3.48,+17.335, +9.955,+0.941
1665897660,+3.48,+17.335, +9.948,+0.941
1665897720,+3.48,+17.343, +9.948,+0.941
1665897780,+3.48,+17.335, +9.877,+0.941
1665897840,+3.48,+17.335, +9.774,+0.941
1665897900,+3.48,+17.343, +9.724,+0.941
1665897960,+3.48,+17.335, +9.724,+0.941
1665898020,+3.48,+17.318, +9.748,+0.941
1665898080,+3.48,+17.310, +9.822,+0.941
1665898140,+3.48,+17.318, +9.837,+0.941
1665898200,+3.48,+17.301, +9.832,+0.942
1665898260,+3.48,+17.301, +9.809,+0.941
1665898320,+3.48,+17.301, +9.787,+0.941
1665898380,+3.48,+17.301, +9.868,+0.942
1665898440,+3.48,+17.284, +9.824,+0.941
1665898500,+3.48,+17.301, +9.821,+0.941
1665898560,+3.48,+17.310, +9.837,+0.941
1665898620,+3.48,+17.284, +9.864,+0.941
1665898680,+3.48,+17.293, +9.861,+0.941
1665898740,+3.48,+17.301, +9.849,+0.941
1665898800,+3.48,+17.301, +9.840,+0.941
1665898860,+3.48,+17.284, +9.828,+0.941
1665898920,+3.48,+17.293, +9.822,+0.942
1665898980,+3.48,+17.293, +9.821,+0.941
1665899040,+3.48,+17.293, +9.840,+0.941
1665899100,+3.48,+17.310, +9.855,+0.941
1665899160,+3.48,+17.310, +9.867,+0.941
1665899220,+3.48,+17.310, +9.879,+0.941
1665899280,+3.48,+17.318, +9.831,+0.941
1665899340,+3.48,+17.310, +9.844,+0.941
1665899400,+3.48,+17.326, +9.873,+0.941
1665899460,+3.48,+17.293, +9.803,+0.941
1665899520,+3.48,+17.293, +9.785,+0.941
1665899580,+3.48,+17.301, +9.741,+0.941
1665899640,+3.48,+17.318, +9.750,+0.941
1665899700,+3.48,+17.326, +9.746,+0.941
1665899760,+3.48,+17.343, +9.682,+0.941
1665899820,+3.48,+17.369, +9.610,+0.941
1665899880,+3.48,+17.360, +9.607,+0.941
1665899940,+3.48,+17.377, +9.643,+0.941
1665900000,+3.48,+17.386, +9.581,+0.941
1665900060,+3.48,+17.377, +8.699,+0.940
1665900120,+3.48,+17.403, +8.890,+0.940
1665900180,+3.48,+17.394, +9.061,+0.941
1665900240,+3.48,+17.411, +9.124,+0.941
1665900300,+3.48,+17.453, +9.203,+0.941
1665900360,+3.48,+17.453, +9.290,+0.940
1665900420,+3.48,+17.470, +9.325,+0.941
1665900480,+3.48,+17.487, +9.399,+0.940
1665900540,+3.48,+17.470, +9.512,+0.941
1665900600,+3.48,+17.504, +9.579,+0.941
1665900660,+3.48,+17.521, +9.635,+0.942
1665900720,+3.48,+17.538, +9.655,+0.941
1665900780,+3.48,+17.538, +9.629,+0.941
1665900840,+3.48,+17.529, +9.572,+0.941
1665900900,+3.48,+17.563, +9.498,+0.941
1665900960,+3.48,+17.563, +9.426,+0.941
1665901020,+3.48,+17.555, +9.377,+0.941
1665901080,+3.48,+17.572, +9.365,+0.941
1665901140,+3.48,+17.563, +9.340,+0.941
1665901200,+3.48,+17.563, +9.323,+0.940
1665901260,+3.48,+17.563, +9.332,+0.941
1665901320,+3.48,+17.572, +9.302,+0.941
1665901380,+3.48,+17.563, +9.266,+0.941
1665901440,+3.48,+17.546, +9.172,+0.940
1665901500,+3.48,+17.572, +9.121,+0.941
1665901560,+3.48,+17.580, +9.215,+0.940
1665901620,+3.48,+17.589, +9.342,+0.941
1665901680,+3.48,+17.572, +9.261,+0.941
1665901740,+3.48,+17.580, +9.257,+0.941
1665901800,+3.48,+17.580, +9.361,+0.940
1665901860,+3.48,+17.580, +9.397,+0.941
1665901920,+3.48,+17.589, +9.412,+0.940
1665901980,+3.48,+17.572, +9.314,+0.941
1665902040,+3.48,+17.589, +9.052,+0.941
1665902100,+3.48,+17.597, +9.149,+0.941
1665902160,+3.48,+17.580, +9.338,+0.941
1665902220,+3.48,+17.614, +9.447,+0.940
1665902280,+3.48,+17.614, +9.504,+0.941
1665902340,+3.47,+17.639, +9.503,+0.941
1665902400,+3.48,+17.631, +9.520,+0.941
1665902460,+3.48,+17.614, +9.522,+0.941
1665902520,+3.48,+17.631, +9.484,+0.941
1665902580,+3.48,+17.631, +9.469,+0.940
1665902640,+3.48,+17.614, +9.476,+0.941
1665902700,+3.48,+17.639, +9.458,+0.941
1665902760,+3.47,+17.614, +9.427,+0.941
1665902820,+3.48,+17.597, +9.361,+0.941
1665902880,+3.48,+17.597, +9.339,+0.940
1665902940,+3.48,+17.572, +9.308,+0.941
1665903000,+3.48,+17.555, +9.294,+0.941
1665903060,+3.48,+17.555, +9.208,+0.941
1665903120,+3.48,+17.538, +9.161,+0.940
1665903180,+3.48,+17.538, +9.120,+0.940
1665903240,+3.48,+17.538, +9.096,+0.940
1665903300,+3.48,+17.546, +9.074,+0.941
1665903360,+3.48,+17.546, +9.081,+0.940
1665903420,+3.48,+17.521, +9.116,+0.940
1665903480,+3.48,+17.529, +9.117,+0.941
1665903540,+3.48,+17.521, +9.146,+0.941
1665903600,+3.48,+17.521, +9.162,+0.941
1665903660,+3.48,+17.513, +9.197,+0.940
1665903720,+3.48,+17.529, +9.248,+0.941
1665903780,+3.48,+17.538, +9.294,+0.941
1665903840,+3.48,+17.521, +9.333,+0.940
1665903900,+3.48,+17.504, +9.262,+0.941
1665903960,+3.48,+17.521, +9.189,+0.941
1665904020,+3.48,+17.496, +9.083,+0.940
1665904080,+3.48,+17.521, +9.072,+0.940
1665904140,+3.48,+17.496, +9.095,+0.941
1665904200,+3.48,+17.504, +9.115,+0.941
1665904260,+3.48,+17.496, +9.149,+0.941
1665904320,+3.48,+17.504, +9.144,+0.941
1665904380,+3.48,+17.487, +9.179,+0.940
1665904440,+3.48,+17.521, +9.188,+0.940
1665904500,+3.48,+17.504, +9.210,+0.940
1665904560,+3.48,+17.504, +9.153,+0.940
1665904620,+3.48,+17.504, +9.089,+0.941
1665904680,+3.48,+17.504, +9.066,+0.940
1665904740,+3.48,+17.504, +9.034,+0.941
1665904800,+3.48,+17.496, +9.041,+0.941
1665904860,+3.48,+17.513, +9.099,+0.940
1665904920,+3.48,+17.496, +9.242,+0.941
1665904980,+3.48,+17.504, +9.319,+0.941
1665905040,+3.48,+17.496, +9.275,+0.941
1665905100,+3.48,+17.504, +9.262,+0.941
1665905160,+3.48,+17.513, +9.239,+0.940
1665905220,+3.48,+17.513, +9.279,+0.940
1665905280,+3.48,+17.504, +9.271,+0.941
1665905340,+3.48,+17.504, +9.224,+0.941
1665905400,+3.48,+17.496, +9.205,+0.941
1665905460,+3.48,+17.496, +9.227,+0.941
1665905520,+3.48,+17.496, +9.234,+0.940
1665905580,+3.48,+17.496, +9.260,+0.941
1665905640,+3.48,+17.513, +9.293,+0.941
1665905700,+3.48,+17.521, +9.360,+0.941
1665905760,+3.48,+17.521, +9.386,+0.941
1665905820,+3.48,+17.487, +9.318,+0.941
1665905880,+3.48,+17.496, +9.190,+0.940
1665905940,+3.48,+17.496, +9.121,+0.941
1665906000,+3.48,+17.504, +9.098,+0.940
1665906060,+3.48,+17.487, +9.082,+0.941
1665906120,+3.48,+17.496, +9.057,+0.941
1665906180,+3.48,+17.513, +9.047,+0.940
1665906240,+3.48,+17.538, +9.101,+0.941
1665906300,+3.48,+17.513, +9.124,+0.941
1665906360,+3.48,+17.529, +9.124,+0.941
1665906420,+3.48,+17.513, +9.162,+0.941
1665906480,+3.48,+17.529, +9.167,+0.940
1665906540,+3.48,+17.529, +9.174,+0.940
1665906600,+3.48,+17.538, +9.170,+0.941
1665906660,+3.48,+17.555, +9.109,+0.941
1665906720,+3.48,+17.538, +9.049,+0.941
1665906780,+3.48,+17.529, +8.975,+0.940
1665906840,+3.48,+17.529, +8.981,+0.940
1665906900,+3.48,+17.529, +8.987,+0.940
1665906960,+3.48,+17.513, +9.039,+0.941
1665907020,+3.48,+17.513, +9.087,+0.940
1665907080,+3.48,+17.521, +9.134,+0.941
1665907140,+3.48,+17.479, +9.189,+0.941
1665907200,+3.48,+17.496, +9.212,+0.941
1665907260,+3.48,+17.513, +9.207,+0.941
1665907320,+3.48,+17.513, +9.200,+0.940
1665907380,+3.48,+17.504, +9.214,+0.940
1665907440,+3.48,+17.504, +9.237,+0.941
1665907500,+3.48,+17.470, +9.249,+0.941
1665907560,+3.48,+17.487, +9.262,+0.940
1665907620,+3.48,+17.487, +9.264,+0.941
1665907680,+3.48,+17.504, +9.281,+0.941
1665907740,+3.48,+17.513, +9.329,+0.941
1665907800,+3.48,+17.487, +9.367,+0.941
1665907860,+3.48,+17.521, +9.392,+0.941
1665907920,+3.48,+17.513, +9.410,+0.940
1665907980,+3.48,+17.496, +9.424,+0.941
1665908040,+3.48,+17.513, +9.424,+0.941
1665908100,+3.48,+17.470, +9.452,+0.941
1665908160,+3.48,+17.470, +9.434,+0.941
1665908220,+3.48,+17.453, +9.429,+0.941
1665908280,+3.48,+17.453, +9.442,+0.941
1665908340,+3.48,+17.462, +9.424,+0.941
1665908400,+3.48,+17.462, +9.404,+0.940
1665908460,+3.48,+17.470, +9.375,+0.941
1665908520,+3.48,+17.487, +9.346,+0.941
1665908580,+3.48,+17.470, +9.317,+0.941
1665908640,+3.48,+17.487, +9.301,+0.940
1665908700,+3.48,+17.496, +9.268,+0.940
1665908760,+3.48,+17.496, +9.245,+0.941
1665908820,+3.48,+17.470, +9.231,+0.941
1665908880,+3.48,+17.479, +9.185,+0.940
1665908940,+3.48,+17.462, +9.169,+0.940
1665909000,+3.48,+17.470, +9.138,+0.940
1665909060,+3.48,+17.470, +9.083,+0.940
1665909120,+3.48,+17.453, +9.070,+0.940
1665909180,+3.48,+17.462, +9.109,+0.941
1665909240,+3.48,+17.453, +9.147,+0.941
1665909300,+3.48,+17.470, +9.145,+0.940
1665909360,+3.48,+17.436, +9.162,+0.940
1665909420,+3.48,+17.445, +9.201,+0.941
1665909480,+3.48,+17.445, +9.209,+0.940
1665909540,+3.48,+17.453, +9.211,+0.940
1665909600,+3.48,+17.462, +9.190,+0.941
1665909660,+3.48,+17.487, +9.181,+0.941
1665909720,+3.48,+17.487, +9.192,+0.940
1665909780,+3.48,+17.479, +9.202,+0.941
1665909840,+3.48,+17.479, +9.196,+0.940
1665909900,+3.48,+17.470, +9.160,+0.941
1665909960,+3.48,+17.453, +9.146,+0.940
1665910020,+3.48,+17.462, +9.086,+0.941
1665910080,+3.48,+17.445, +9.014,+0.940
1665910140,+3.48,+17.470, +8.993,+0.940
1665910200,+3.48,+17.453, +8.947,+0.940
1665910260,+3.48,+17.470, +8.911,+0.940
1665910320,+3.48,+17.470, +8.926,+0.940
1665910380,+3.48,+17.479, +8.922,+0.940
1665910440,+3.48,+17.487, +8.895,+0.940
1665910500,+3.48,+17.470, +8.897,+0.941
1665910560,+3.48,+17.487, +8.932,+0.940
1665910620,+3.48,+17.487, +9.056,+0.940
1665910680,+3.48,+17.496, +9.076,+0.940
1665910740,+3.48,+17.521, +9.038,+0.940
1665910800,+3.48,+17.546, +8.961,+0.940
1665910860,+3.48,+17.538, +8.925,+0.941
1665910920,+3.48,+17.513, +9.108,+0.941
1665910980,+3.48,+17.538, +9.183,+0.941
1665911040,+3.48,+17.538, +9.243,+0.941
1665911100,+3.48,+17.521, +9.286,+0.941
1665911160,+3.48,+17.521, +9.295,+0.941
1665911220,+3.48,+17.529, +9.307,+0.941
1665911280,+3.48,+17.555, +9.327,+0.941
1665911340,+3.48,+17.589, +9.366,+0.941
1665911400,+3.47,+17.597, +9.354,+0.941
1665911460,+3.47,+17.622, +9.387,+0.941
1665911520,+3.47,+17.648, +9.321,+0.941
1665911580,+3.47,+17.614, +9.305,+0.941
1665911640,+3.47,+17.639, +9.329,+0.941
1665911700,+3.47,+17.631, +9.337,+0.940
1665911760,+3.47,+17.631, +9.325,+0.941
1665911820,+3.47,+17.614, +9.275,+0.941
1665911880,+3.48,+17.622, +9.237,+0.941
1665911940,+3.48,+17.589, +9.196,+0.941
1665912000,+3.48,+17.597, +9.198,+0.941
1665912060,+3.47,+17.606, +9.222,+0.941
1665912120,+3.48,+17.631, +9.208,+0.940
1665912180,+3.48,+17.589, +9.208,+0.941
1665912240,+3.47,+17.606, +9.232,+0.941
1665912300,+3.47,+17.614, +9.258,+0.940
1665912360,+3.47,+17.639, +9.310,+0.941
1665912420,+3.47,+17.665, +9.418,+0.941
1665912480,+3.47,+17.682, +9.466,+0.941
1665912540,+3.47,+17.690, +9.482,+0.941
1665912600,+3.47,+17.699, +9.470,+0.941
1665912660,+3.47,+17.707, +9.440,+0.941
1665912720,+3.47,+17.715, +9.461,+0.941
1665912780,+3.47,+17.732, +9.457,+0.941
1665912840,+3.47,+17.724, +9.439,+0.940
1665912900,+3.47,+17.724, +9.382,+0.941
1665912960,+3.47,+17.732, +9.414,+0.941
1665913020,+3.47,+17.715, +9.382,+0.941
1665913080,+3.47,+17.707, +9.409,+0.941
1665913140,+3.47,+17.707, +9.415,+0.941
1665913200,+3.47,+17.741, +9.409,+0.941
1665913260,+3.47,+17.699, +9.401,+0.941
1665913320,+3.47,+17.682, +9.446,+0.941
1665913380,+3.47,+17.699, +9.368,+0.941
1665913440,+3.47,+17.682, +9.340,+0.941
1665913500,+3.47,+17.690, +9.303,+0.941
1665913560,+3.47,+17.699, +9.287,+0.941
1665913620,+3.47,+17.690, +9.266,+0.941
1665913680,+3.47,+17.699, +9.245,+0.941
1665913740,+3.47,+17.690, +9.214,+0.940
1665913800,+3.47,+17.699, +9.184,+0.941
1665913860,+3.47,+17.690, +9.102,+0.941
1665913920,+3.47,+17.690, +9.075,+0.941
1665913980,+3.47,+17.707, +9.122,+0.940
1665914040,+3.48,+17.673, +9.173,+0.940
1665914100,+3.47,+17.656, +9.219,+0.941
1665914160,+3.47,+17.665, +9.217,+0.941
1665914220,+3.47,+17.682, +9.213,+0.941
1665914280,+3.47,+17.665, +9.114,+0.940
1665914340,+3.47,+17.639, +9.103,+0.941
1665914400,+3.47,+17.665, +9.154,+0.941
1665914460,+3.47,+17.665, +9.085,+0.940
1665914520,+3.47,+17.665, +9.185,+0.940
1665914580,+3.47,+17.656, +9.127,+0.940
1665914640,+3.47,+17.656, +8.900,+0.941
1665914700,+3.47,+17.665, +8.689,+0.940
1665914760,+3.47,+17.665, +8.591,+0.940
1665914820,+3.47,+17.665, +8.593,+0.940
1665914880,+3.47,+17.665, +8.571,+0.940
1665914940,+3.47,+17.639, +8.635,+0.940
1665915000,+3.47,+17.665, +8.640,+0.940
1665915060,+3.47,+17.673, +8.593,+0.940
1665915120,+3.47,+17.639, +8.554,+0.940
1665915180,+3.47,+17.648, +8.514,+0.940
1665915240,+3.47,+17.656, +8.473,+0.940
1665915300,+3.47,+17.656, +8.502,+0.940
1665915360,+3.47,+17.656, +8.547,+0.940
1665915420,+3.47,+17.648, +8.682,+0.940
1665915480,+3.47,+17.665, +8.622,+0.940
1665915540,+3.48,+17.665, +8.749,+0.940
1665915600,+3.48,+17.631, +8.770,+0.940
1665915660,+3.47,+17.639, +8.808,+0.941
1665915720,+3.47,+17.631, +8.855,+0.940
1665915780,+3.48,+17.622, +8.998,+0.940
1665915840,+3.48,+17.631, +9.016,+0.940
1665915900,+3.48,+17.631, +9.105,+0.940
1665915960,+3.48,+17.614, +9.198,+0.941
1665916020,+3.48,+17.589, +9.248,+0.941
1665916080,+3.48,+17.580, +9.250,+0.940
1665916140,+3.47,+17.597, +9.230,+0.941
1665916200,+3.48,+17.606, +9.095,+0.940
1665916260,+3.48,+17.614, +9.281,+0.941
1665916320,+3.47,+17.648, +9.396,+0.941
1665916380,+3.47,+17.639, +9.376,+0.942
1665916440,+3.48,+17.665, +9.361,+0.941
1665916500,+3.47,+17.690, +9.365,+0.941
1665916560,+3.47,+17.699, +9.268,+0.941
1665916620,+3.47,+17.673, +9.214,+0.941
1665916680,+3.47,+17.682, +9.230,+0.941
1665916740,+3.47,+17.715, +9.205,+0.940
1665916800,+3.47,+17.673, +9.118,+0.941
1665916860,+3.47,+17.656, +9.053,+0.940
1665916920,+3.47,+17.639, +9.040,+0.941
1665916980,+3.47,+17.639, +9.031,+0.940
1665917040,+3.47,+17.656, +9.066,+0.940
1665917100,+3.47,+17.656, +9.044,+0.940
1665917160,+3.47,+17.665, +9.063,+0.940
1665917220,+3.47,+17.648, +9.096,+0.941
1665917280,+3.47,+17.656, +9.069,+0.940
1665917340,+3.48,+17.639, +9.032,+0.941
1665917400,+3.48,+17.622, +8.976,+0.940
1665917460,+3.48,+17.606, +8.938,+0.940
1665917520,+3.48,+17.589, +8.936,+0.940
1665917580,+3.48,+17.563, +9.001,+0.941
1665917640,+3.48,+17.572, +9.011,+0.940
1665917700,+3.48,+17.546, +9.021,+0.940
1665917760,+3.48,+17.546, +9.012,+0.941
1665917820,+3.48,+17.546, +9.002,+0.940
1665917880,+3.48,+17.563, +9.004,+0.940
1665917940,+3.48,+17.580, +9.090,+0.940
1665918000,+3.48,+17.597, +9.108,+0.940
1665918060,+3.47,+17.648, +9.136,+0.940
1665918120,+3.48,+17.614, +9.184,+0.941
1665918180,+3.48,+17.631, +9.210,+0.941
1665918240,+3.47,+17.665, +9.189,+0.941
1665918300,+3.47,+17.673, +9.233,+0.940
1665918360,+3.47,+17.665, +9.267,+0.941
1665918420,+3.47,+17.673, +9.274,+0.940
1665918480,+3.47,+17.673, +9.257,+0.941
1665918540,+3.47,+17.682, +9.241,+0.941
1665918600,+3.47,+17.690, +9.229,+0.941
1665918660,+3.47,+17.715, +9.152,+0.940
1665918720,+3.47,+17.707, +9.130,+0.940
1665918780,+3.47,+17.699, +9.154,+0.941
1665918840,+3.47,+17.707, +9.184,+0.941
1665918900,+3.47,+17.715, +9.201,+0.941
1665918960,+3.47,+17.732, +9.181,+0.940
1665919020,+3.47,+17.682, +9.210,+0.940
1665919080,+3.47,+17.682, +9.243,+0.941
1665919140,+3.47,+17.682, +9.243,+0.940
1665919200,+3.47,+17.665, +9.236,+0.941
1665919260,+3.47,+17.690, +9.245,+0.940
1665919320,+3.47,+17.690, +9.219,+0.941
1665919380,+3.47,+17.690, +9.173,+0.940
1665919440,+3.47,+17.707, +9.131,+0.941
1665919500,+3.47,+17.699, +9.092,+0.940
1665919560,+3.47,+17.707, +9.117,+0.941
1665919620,+3.47,+17.699, +9.167,+0.940
1665919680,+3.47,+17.690, +9.220,+0.941
1665919740,+3.47,+17.707, +9.206,+0.940
1665919800,+3.47,+17.715, +9.205,+0.941
1665919860,+3.47,+17.724, +9.170,+0.940
1665919920,+3.47,+17.724, +9.157,+0.941
1665919980,+3.47,+17.715, +9.124,+0.940
1665920040,+3.47,+17.715, +9.062,+0.941
1665920100,+3.47,+17.707, +9.026,+0.940
1665920160,+3.47,+17.724, +9.007,+0.940
1665920220,+3.47,+17.707, +9.016,+0.940
1665920280,+3.47,+17.732, +8.993,+0.941
1665920340,+3.47,+17.715, +9.009,+0.941
1665920400,+3.47,+17.741, +9.013,+0.940
1665920460,+3.47,+17.732, +9.011,+0.940
1665920520,+3.47,+17.732, +9.016,+0.940
1665920580,+3.47,+17.741, +9.044,+0.940
1665920640,+3.47,+17.715, +9.049,+0.941
1665920700,+3.47,+17.732, +9.029,+0.940
1665920760,+3.47,+17.699, +9.046,+0.941
1665920820,+3.47,+17.707, +9.027,+0.940
1665920880,+3.47,+17.699, +9.041,+0.940
1665920940,+3.47,+17.724, +8.992,+0.941
1665921000,+3.47,+17.715, +8.936,+0.940
1665921060,+3.47,+17.724, +8.864,+0.941
1665921120,+3.47,+17.741, +9.138,+0.941
1665921180,+3.47,+17.732, +9.152,+0.941
1665921240,+3.47,+17.749, +9.063,+0.940
1665921300,+3.47,+17.741, +9.050,+0.940
1665921360,+3.47,+17.724, +9.042,+0.940
1665921420,+3.47,+17.741, +9.074,+0.940
1665921480,+3.47,+17.749, +9.044,+0.940
1665921540,+3.47,+17.749, +9.006,+0.940
1665921600,+3.47,+17.749, +8.992,+0.940
1665921660,+3.47,+17.758, +8.579,+0.940
1665921720,+3.47,+17.775, +8.725,+0.940
1665921780,+3.47,+17.749, +8.892,+0.940
1665921840,+3.47,+17.758, +9.026,+0.940
1665921900,+3.47,+17.741, +9.079,+0.941
1665921960,+3.47,+17.758, +9.068,+0.940
1665922020,+3.47,+17.758, +9.050,+0.940
1665922080,+3.47,+17.766, +9.106,+0.941
1665922140,+3.47,+17.775, +9.100,+0.940
1665922200,+3.47,+17.766, +9.091,+0.940
1665922260,+3.47,+17.766, +9.109,+0.940
1665922320,+3.47,+17.749, +9.070,+0.941
1665922380,+3.47,+17.766, +9.051,+0.941
1665922440,+3.47,+17.775, +8.980,+0.940
1665922500,+3.47,+17.766, +8.953,+0.941
1665922560,+3.47,+17.783, +8.961,+0.940
1665922620,+3.47,+17.775, +8.973,+0.940
1665922680,+3.47,+17.775, +8.929,+0.940
1665922740,+3.47,+17.766, +8.882,+0.941
1665922800,+3.47,+17.783, +8.786,+0.940
1665922860,+3.47,+17.783, +8.755,+0.940
1665922920,+3.47,+17.758, +8.850,+0.941
1665922980,+3.47,+17.749, +8.839,+0.940
1665923040,+3.47,+17.783, +8.761,+0.940
1665923100,+3.47,+17.766, +8.688,+0.940
1665923160,+3.47,+17.783, +8.561,+0.940
1665923220,+3.47,+17.783, +8.511,+0.940
1665923280,+3.47,+17.783, +8.512,+0.940
1665923340,+3.47,+17.783, +8.575,+0.940
1665923400,+3.47,+17.775, +8.646,+0.940
1665923460,+3.47,+17.783, +8.724,+0.940
1665923520,+3.47,+17.783, +8.771,+0.940
1665923580,+3.47,+17.758, +8.768,+0.940
1665923640,+3.47,+17.783, +8.749,+0.941
1665923700,+3.47,+17.783, +8.713,+0.940
1665923760,+3.47,+17.766, +8.693,+0.940
1665923820,+3.47,+17.791, +8.677,+0.940
1665923880,+3.47,+17.766, +8.614,+0.940
1665923940,+3.47,+17.783, +8.572,+0.941
1665924000,+3.47,+17.766, +8.603,+0.940
1665924060,+3.47,+17.766, +8.636,+0.940
1665924120,+3.47,+17.766, +8.653,+0.940
1665924180,+3.47,+17.783, +8.563,+0.940
1665924240,+3.47,+17.791, +8.476,+0.940
1665924300,+3.47,+17.783, +8.404,+0.940
1665924360,+3.47,+17.783, +8.309,+0.940
1665924420,+3.47,+17.791, +8.228,+0.940
1665924480,+3.47,+17.758, +8.165,+0.940
1665924540,+3.47,+17.791, +8.118,+0.940
1665924600,+3.47,+17.783, +8.348,+0.940
1665924660,+3.47,+17.741, +8.669,+0.940
1665924720,+3.47,+17.775, +8.769,+0.941
1665924780,+3.47,+17.758, +8.750,+0.940
1665924840,+3.47,+17.758, +8.712,+0.940
1665924900,+3.47,+17.758, +8.775,+0.940
1665924960,+3.47,+17.749, +8.949,+0.940
1665925020,+3.47,+17.724, +8.979,+0.940
1665925080,+3.47,+17.732, +8.955,+0.941
1665925140,+3.47,+17.749, +8.916,+0.940
1665925200,+3.47,+17.732, +8.926,+0.940
1665925260,+3.47,+17.766, +8.922,+0.940
1665925320,+3.47,+17.699, +9.019,+0.941
1665925380,+3.47,+17.656, +9.040,+0.940
1665925440,+3.47,+17.648, +8.979,+0.940
1665925500,+3.47,+17.614, +9.041,+0.940
1665925560,+3.47,+17.589, +9.099,+0.941
1665925620,+3.47,+17.580, +9.064,+0.940
1665925680,+3.47,+17.572, +9.043,+0.940
1665925740,+3.47,+17.580, +9.013,+0.940
1665925800,+3.47,+17.606, +8.941,+0.940
1665925860,+3.47,+17.639, +8.902,+0.940
1665925920,+3.47,+17.648, +8.884,+0.940
1665925980,+3.47,+17.656, +8.869,+0.940
1665926040,+3.47,+17.673, +8.876,+0.940
1665926100,+3.47,+17.656, +8.891,+0.940
1665926160,+3.47,+17.648, +8.914,+0.940
1665926220,+3.47,+17.631, +8.926,+0.941
1665926280,+3.47,+17.606, +8.950,+0.940
1665926340,+3.47,+17.589, +9.038,+0.941
1665926400,+3.47,+17.580, +9.123,+0.941
1665926460,+3.47,+17.589, +9.158,+0.940
1665926520,+3.47,+17.606, +9.231,+0.941
1665926580,+3.47,+17.606, +9.196,+0.940
1665926640,+3.47,+17.614, +9.104,+0.940
1665926700,+3.47,+17.580, +9.068,+0.941
1665926760,+3.47,+17.580, +9.025,+0.940
1665926820,+3.47,+17.631, +9.009,+0.940
1665926880,+3.47,+17.614, +9.006,+0.941
1665926940,+3.47,+17.622, +8.983,+0.940
1665927000,+3.47,+17.622, +8.975,+0.940
1665927060,+3.47,+17.631, +8.946,+0.940
1665927120,+3.47,+17.614, +8.936,+0.940
1665927180,+3.47,+17.589, +8.911,+0.940
1665927240,+3.47,+17.580, +8.950,+0.940
1665927300,+3.47,+17.572, +8.971,+0.940
1665927360,+3.47,+17.563, +9.002,+0.941
1665927420,+3.47,+17.546, +8.985,+0.941
1665927480,+3.47,+17.513, +8.997,+0.940
1665927540,+3.47,+17.563, +9.038,+0.940
1665927600,+3.47,+17.529, +9.116,+0.940
1665927660,+3.48,+17.453, +9.158,+0.940
1665927720,+3.48,+17.377, +9.212,+0.940
1665927780,+3.48,+17.326, +9.257,+0.940
1665927840,+3.48,+17.301, +9.287,+0.940
1665927900,+3.48,+17.411, +9.314,+0.941
1665927960,+3.48,+17.462, +9.223,+0.940
1665928020,+3.48,+17.470, +9.181,+0.941
1665928080,+3.48,+17.504, +9.176,+0.940
1665928140,+3.48,+17.479, +9.233,+0.941
1665928200,+3.47,+17.589, +9.352,+0.941
1665928260,+3.47,+17.631, +9.285,+0.940
1665928320,+3.47,+17.631, +9.229,+0.940
1665928380,+3.47,+17.639, +9.151,+0.940
1665928440,+3.47,+17.572, +9.162,+0.940
1665928500,+3.47,+17.496, +9.216,+0.940
1665928560,+3.48,+17.420, +9.212,+0.940
1665928620,+3.48,+17.369, +9.261,+0.940
1665928680,+3.48,+17.326, +9.256,+0.940
1665928740,+3.48,+17.284, +9.285,+0.941
1665928800,+3.48,+17.301, +9.303,+0.941
1665928860,+3.48,+17.310, +9.311,+0.941
1665928920,+3.48,+17.293, +9.311,+0.941
1665928980,+3.48,+17.318, +9.256,+0.941
1665929040,+3.48,+17.326, +9.224,+0.941
1665929100,+3.48,+17.318, +9.227,+0.941
1665929160,+3.48,+17.301, +9.266,+0.941
1665929220,+3.48,+17.352, +9.298,+0.941
1665929280,+3.48,+17.394, +9.318,+0.941
1665929340,+3.48,+17.436, +9.292,+0.940
1665929400,+3.48,+17.411, +9.305,+0.940
1665929460,+3.48,+17.377, +9.313,+0.941
1665929520,+3.48,+17.377, +9.297,+0.941
1665929580,+3.48,+17.369, +9.262,+0.941
1665929640,+3.48,+17.352, +9.230,+0.941
1665929700,+3.48,+17.326, +9.365,+0.941
1665929760,+3.48,+17.293, +9.416,+0.941
1665929820,+3.48,+17.267, +9.432,+0.941
1665929880,+3.48,+17.267, +9.409,+0.941
1665929940,+3.48,+17.293, +9.382,+0.941
1665930000,+3.48,+17.276, +9.433,+0.941
1665930060,+3.48,+17.293, +9.462,+0.941
1665930120,+3.48,+17.293, +9.454,+0.941
1665930180,+3.48,+17.310, +9.497,+0.941
1665930240,+3.48,+17.335, +9.598,+0.942
1665930300,+3.48,+17.386, +9.621,+0.941
1665930360,+3.48,+17.386, +9.563,+0.941
1665930420,+3.48,+17.360, +9.486,+0.941
1665930480,+3.48,+17.335, +9.622,+0.941
1665930540,+3.48,+17.352, +9.661,+0.941
1665930600,+3.48,+17.369, +9.736,+0.941
1665930660,+3.48,+17.403, +9.746,+0.941
1665930720,+3.48,+17.470, +9.757,+0.942
1665930780,+3.48,+17.479, +9.721,+0.941
1665930840,+3.48,+17.479, +9.613,+0.941
1665930900,+3.48,+17.445, +9.550,+0.941
1665930960,+3.48,+17.428, +9.512,+0.941
1665931020,+3.48,+17.386, +9.447,+0.940
1665931080,+3.48,+17.377, +9.427,+0.941
1665931140,+3.48,+17.377, +9.405,+0.940
1665931200,+3.48,+17.352, +9.395,+0.941
1665931260,+3.48,+17.343, +9.496,+0.941
1665931320,+3.48,+17.318, +9.488,+0.941
1665931380,+3.48,+17.318, +9.490,+0.941
1665931440,+3.48,+17.310, +9.528,+0.940
1665931500,+3.48,+17.318, +9.572,+0.941
1665931560,+3.48,+17.310, +9.585,+0.941
1665931620,+3.48,+17.310, +9.575,+0.941
1665931680,+3.48,+17.310, +9.569,+0.941
1665931740,+3.48,+17.318, +9.576,+0.941
1665931800,+3.48,+17.284, +9.603,+0.941
1665931860,+3.48,+17.310, +9.539,+0.941
1665931920,+3.48,+17.326, +9.554,+0.941
1665931980,+3.48,+17.301, +9.576,+0.940
1665932040,+3.48,+17.318, +9.598,+0.941
1665932100,+3.48,+17.335, +9.594,+0.941
1665932160,+3.48,+17.335, +9.630,+0.941
1665932220,+3.48,+17.369, +9.627,+0.941
1665932280,+3.48,+17.377, +9.591,+0.941
1665932340,+3.48,+17.386, +9.568,+0.941
1665932400,+3.48,+17.403, +9.527,+0.940
1665932460,+3.48,+17.428, +9.349,+0.941
1665932520,+3.48,+17.462, +9.464,+0.941
1665932580,+3.48,+17.453, +9.544,+0.941
1665932640,+3.47,+17.513, +9.640,+0.942
1665932700,+3.47,+17.622, +9.677,+0.941
1665932760,+3.47,+17.665, +9.674,+0.941
1665932820,+3.47,+17.589, +9.587,+0.941
1665932880,+3.47,+17.513, +9.586,+0.941
1665932940,+3.47,+17.487, +9.585,+0.941
1665933000,+3.48,+17.453, +9.591,+0.941
1665933060,+3.48,+17.462, +9.598,+0.940
1665933120,+3.48,+17.436, +9.647,+0.941
1665933180,+3.48,+17.445, +9.628,+0.941
1665933240,+3.48,+17.445, +9.603,+0.941
1665933300,+3.48,+17.436, +9.617,+0.941
1665933360,+3.48,+17.436, +9.675,+0.941
1665933420,+3.48,+17.428, +9.694,+0.941
1665933480,+3.48,+17.445, +9.706,+0.941
1665933540,+3.48,+17.445, +9.715,+0.941
1665933600,+3.48,+17.445, +9.732,+0.941
1665933660,+3.48,+17.462, +9.719,+0.941
1665933720,+3.48,+17.462, +9.734,+0.941
1665933780,+3.48,+17.470, +9.731,+0.941
1665933840,+3.48,+17.470, +9.720,+0.942
1665933900,+3.48,+17.479, +9.713,+0.941
1665933960,+3.48,+17.470, +9.721,+0.941
1665934020,+3.48,+17.470, +9.637,+0.941
1665934080,+3.48,+17.470, +9.627,+0.941
1665934140,+3.48,+17.479, +9.640,+0.941
1665934200,+3.48,+17.462, +9.729,+0.941
1665934260,+3.48,+17.487, +9.754,+0.941
1665934320,+3.47,+17.496, +9.734,+0.941
1665934380,+3.48,+17.504, +9.710,+0.941
1665934440,+3.47,+17.513, +9.663,+0.941
1665934500,+3.47,+17.521, +9.655,+0.941
1665934560,+3.47,+17.496, +9.637,+0.941
1665934620,+3.48,+17.479, +9.622,+0.941
1665934680,+3.47,+17.496, +9.609,+0.941
1665934740,+3.48,+17.470, +9.604,+0.941
1665934800,+3.48,+17.479, +9.613,+0.941
1665934860,+3.48,+17.487, +9.586,+0.941
1665934920,+3.48,+17.470, +9.633,+0.941
1665934980,+3.48,+17.470, +9.602,+0.941
1665935040,+3.48,+17.445, +9.573,+0.941
1665935100,+3.48,+17.411, +9.592,+0.941
1665935160,+3.48,+17.403, +9.590,+0.941
1665935220,+3.48,+17.360, +9.570,+0.941
1665935280,+3.48,+17.386, +9.538,+0.941
1665935340,+3.48,+17.411, +9.495,+0.941
1665935400,+3.48,+17.386, +9.515,+0.941
1665935460,+3.48,+17.369, +9.499,+0.941
1665935520,+3.48,+17.420, +9.483,+0.941
1665935580,+3.48,+17.360, +9.502,+0.940
1665935640,+3.48,+17.343, +9.529,+0.940
1665935700,+3.48,+17.352, +9.511,+0.941
1665935760,+3.48,+17.335, +9.491,+0.941
1665935820,+3.48,+17.326, +9.461,+0.941
1665935880,+3.48,+17.352, +9.431,+0.940
1665935940,+3.48,+17.360, +9.441,+0.941
1665936000,+3.48,+17.377, +9.432,+0.941
1665936060,+3.48,+17.428, +9.396,+0.941
1665936120,+3.48,+17.411, +9.391,+0.941
1665936180,+3.48,+17.403, +9.414,+0.941
1665936240,+3.48,+17.436, +9.444,+0.941
1665936300,+3.48,+17.445, +9.505,+0.941
1665936360,+3.48,+17.470, +9.507,+0.941
1665936420,+3.48,+17.479, +9.507,+0.941
1665936480,+3.48,+17.462, +9.483,+0.941
1665936540,+3.48,+17.453, +9.432,+0.941
1665936600,+3.48,+17.420, +9.447,+0.941
1665936660,+3.48,+17.411, +9.472,+0.941
1665936720,+3.48,+17.411, +9.397,+0.941
1665936780,+3.48,+17.403, +9.363,+0.940
1665936840,+3.48,+17.411, +9.353,+0.941
1665936900,+3.48,+17.420, +9.350,+0.941
1665936960,+3.48,+17.420, +9.356,+0.941
1665937020,+3.48,+17.420, +9.357,+0.940
1665937080,+3.48,+17.411, +9.340,+0.941
1665937140,+3.48,+17.403, +9.392,+0.941
1665937200,+3.48,+17.411, +9.373,+0.940
1665937260,+3.48,+17.403, +9.385,+0.941
1665937320,+3.48,+17.403, +9.366,+0.941
1665937380,+3.48,+17.411, +9.368,+0.941
1665937440,+3.48,+17.436, +9.391,+0.940
1665937500,+3.48,+17.436, +9.382,+0.941
1665937560,+3.48,+17.420, +9.379,+0.941
1665937620,+3.48,+17.420, +9.428,+0.941
1665937680,+3.48,+17.436, +9.405,+0.941
1665937740,+3.48,+17.403, +9.453,+0.941
1665937800,+3.48,+17.403, +9.498,+0.941
1665937860,+3.48,+17.394, +9.443,+0.941
1665937920,+3.48,+17.377, +9.437,+0.940
1665937980,+3.48,+17.403, +9.406,+0.941
1665938040,+3.48,+17.394, +9.412,+0.941
1665938100,+3.48,+17.394, +9.472,+0.941
1665938160,+3.48,+17.411, +9.450,+0.941
1665938220,+3.48,+17.411, +9.443,+0.941
1665938280,+3.48,+17.394, +9.599,+0.941
1665938340,+3.48,+17.369, +9.662,+0.940
1665938400,+3.48,+17.377, +9.603,+0.941
1665938460,+3.48,+17.369, +9.564,+0.941
1665938520,+3.48,+17.360, +9.517,+0.941
1665938580,+3.48,+17.377, +9.478,+0.940
1665938640,+3.48,+17.377, +9.483,+0.941
1665938700,+3.48,+17.386, +9.453,+0.941
1665938760,+3.48,+17.411, +9.407,+0.941
1665938820,+3.48,+17.394, +9.417,+0.941
1665938880,+3.48,+17.394, +9.495,+0.941
1665938940,+3.48,+17.369, +9.520,+0.941
1665939000,+3.48,+17.352, +9.538,+0.941
