7450-364333
OS REV: 1.05 Sensor Cal: 1644948279
Time (sec),  BV (Volts),  T (deg C),  DO (mg/l),  Q ()
1666543860,+3.47,+15.727, +9.513,+0.939
1666543920,+3.47,+15.736, +9.522,+0.939
1666543980,+3.47,+15.744, +9.500,+0.939
1666544040,+3.47,+15.744, +9.536,+0.939
1666544100,+3.47,+15.710, +9.518,+0.939
1666544160,+3.47,+15.710, +9.538,+0.939
1666544220,+3.47,+15.701, +9.469,+0.939
1666544280,+3.47,+15.684, +9.498,+0.939
1666544340,+3.47,+15.667, +9.462,+0.940
1666544400,+3.47,+15.676, +9.432,+0.939
1666544460,+3.47,+15.667, +9.462,+0.939
1666544520,+3.47,+15.676, +9.465,+0.939
1666544580,+3.47,+15.676, +9.479,+0.939
1666544640,+3.47,+15.676, +9.460,+0.939
1666544700,+3.47,+15.676, +9.537,+0.939
1666544760,+3.47,+15.693, +9.515,+0.939
1666544820,+3.47,+15.676, +9.525,+0.939
1666544880,+3.47,+15.684, +9.537,+0.939
1666544940,+3.47,+15.667, +9.522,+0.939
1666545000,+3.47,+15.667, +9.605,+0.939
1666545060,+3.47,+15.676, +9.696,+0.939
1666545120,+3.47,+15.650, +9.785,+0.940
1666545180,+3.47,+15.667, +9.757,+0.940
1666545240,+3.47,+15.667, +9.743,+0.939
1666545300,+3.47,+15.676, +9.692,+0.939
1666545360,+3.47,+15.667, +9.606,+0.939
1666545420,+3.47,+15.667, +9.651,+0.939
1666545480,+3.47,+15.650, +9.609,+0.940
1666545540,+3.47,+15.650, +9.576,+0.939
1666545600,+3.47,+15.667, +9.579,+0.939
1666545660,+3.47,+15.684, +9.540,+0.939
1666545720,+3.47,+15.667, +9.604,+0.939
1666545780,+3.47,+15.684, +9.608,+0.940
1666545840,+3.47,+15.693, +9.586,+0.939
1666545900,+3.47,+15.684, +9.571,+0.939
1666545960,+3.47,+15.710, +9.551,+0.939
1666546020,+3.47,+15.684, +9.568,+0.939
1666546080,+3.47,+15.710, +9.588,+0.939
1666546140,+3.47,+15.719, +9.528,+0.939
1666546200,+3.47,+15.719, +9.497,+0.940
1666546260,+3.47,+15.744, +9.439,+0.939
1666546320,+3.47,+15.727, +9.405,+0.939
1666546380,+3.47,+15.727, +9.479,+0.939
1666546440,+3.47,+15.736, +9.491,+0.939
1666546500,+3.47,+15.727, +9.500,+0.939
1666546560,+3.47,+15.710, +9.529,+0.940
1666546620,+3.47,+15.693, +9.457,+0.939
1666546680,+3.47,+15.710, +9.422,+0.939
1666546740,+3.47,+15.676, +9.326,+0.939
1666546800,+3.47,+15.676, +9.242,+0.939
1666546860,+3.47,+15.650, +9.252,+0.939
1666546920,+3.47,+15.642, +9.260,+0.939
1666546980,+3.47,+15.624, +9.244,+0.939
1666547040,+3.47,+15.633, +9.204,+0.939
1666547100,+3.47,+15.624, +9.200,+0.939
1666547160,+3.47,+15.633, +9.181,+0.939
1666547220,+3.47,+15.616, +9.171,+0.939
1666547280,+3.47,+15.624, +9.158,+0.939
1666547340,+3.47,+15.607, +9.244,+0.939
1666547400,+3.47,+15.633, +9.307,+0.940
1666547460,+3.47,+15.633, +9.376,+0.939
1666547520,+3.47,+15.633, +9.395,+0.939
1666547580,+3.47,+15.624, +9.384,+0.939
1666547640,+3.47,+15.633, +9.386,+0.939
1666547700,+3.47,+15.633, +9.390,+0.939
1666547760,+3.47,+15.633, +9.352,+0.939
1666547820,+3.47,+15.624, +9.332,+0.940
1666547880,+3.47,+15.590, +9.259,+0.939
1666547940,+3.47,+15.607, +9.261,+0.939
1666548000,+3.47,+15.599, +9.245,+0.939
1666548060,+3.47,+15.607, +8.844,+0.939
1666548120,+3.47,+15.607, +9.119,+0.939
1666548180,+3.47,+15.599, +9.474,+0.939
1666548240,+3.47,+15.599, +9.557,+0.940
1666548300,+3.47,+15.590, +9.578,+0.939
1666548360,+3.47,+15.582, +9.589,+0.939
1666548420,+3.47,+15.564, +9.587,+0.939
1666548480,+3.47,+15.564, +9.533,+0.939
1666548540,+3.47,+15.582, +9.467,+0.939
1666548600,+3.47,+15.556, +9.506,+0.940
1666548660,+3.47,+15.547, +9.518,+0.940
1666548720,+3.47,+15.556, +9.595,+0.939
1666548780,+3.47,+15.564, +9.600,+0.940
1666548840,+3.47,+15.582, +9.595,+0.939
1666548900,+3.47,+15.599, +9.554,+0.939
1666548960,+3.47,+15.590, +9.527,+0.940
1666549020,+3.47,+15.599, +9.504,+0.939
1666549080,+3.47,+15.582, +9.515,+0.939
1666549140,+3.47,+15.582, +9.515,+0.939
1666549200,+3.47,+15.590, +9.404,+0.939
1666549260,+3.47,+15.582, +9.385,+0.939
1666549320,+3.47,+15.590, +9.223,+0.939
1666549380,+3.47,+15.590, +9.186,+0.939
1666549440,+3.47,+15.573, +9.207,+0.939
1666549500,+3.47,+15.573, +9.109,+0.939
1666549560,+3.47,+15.599, +9.001,+0.939
1666549620,+3.47,+15.599, +8.940,+0.939
1666549680,+3.47,+15.607, +8.889,+0.939
1666549740,+3.47,+15.573, +8.833,+0.939
1666549800,+3.47,+15.582, +8.841,+0.939
1666549860,+3.47,+15.573, +8.596,+0.938
1666549920,+3.47,+15.573, +8.370,+0.938
1666549980,+3.47,+15.590, +8.453,+0.938
1666550040,+3.47,+15.582, +8.616,+0.939
1666550100,+3.47,+15.590, +8.825,+0.938
1666550160,+3.47,+15.582, +9.213,+0.939
1666550220,+3.47,+15.582, +9.434,+0.939
1666550280,+3.47,+15.556, +9.568,+0.940
1666550340,+3.47,+15.573, +9.620,+0.940
1666550400,+3.47,+15.564, +9.617,+0.939
1666550460,+3.47,+15.564, +9.558,+0.939
1666550520,+3.47,+15.573, +9.512,+0.939
1666550580,+3.47,+15.564, +9.473,+0.939
1666550640,+3.47,+15.582, +9.199,+0.939
1666550700,+3.47,+15.590, +9.221,+0.939
1666550760,+3.47,+15.582, +9.657,+0.940
1666550820,+3.47,+15.590, +9.716,+0.940
1666550880,+3.47,+15.590, +9.689,+0.939
1666550940,+3.47,+15.582, +9.746,+0.940
1666551000,+3.47,+15.599, +9.718,+0.939
1666551060,+3.47,+15.573, +9.673,+0.939
1666551120,+3.47,+15.573, +9.665,+0.940
1666551180,+3.47,+15.573, +9.656,+0.940
1666551240,+3.47,+15.582, +9.641,+0.939
1666551300,+3.47,+15.590, +9.643,+0.939
1666551360,+3.47,+15.573, +9.642,+0.939
1666551420,+3.47,+15.590, +9.647,+0.940
1666551480,+3.47,+15.590, +9.593,+0.939
1666551540,+3.47,+15.573, +9.595,+0.940
1666551600,+3.47,+15.599, +9.451,+0.939
1666551660,+3.47,+15.599, +9.205,+0.939
1666551720,+3.47,+15.624, +8.854,+0.939
1666551780,+3.47,+15.642, +8.686,+0.939
1666551840,+3.47,+15.642, +8.608,+0.939
1666551900,+3.47,+15.659, +8.652,+0.939
1666551960,+3.47,+15.650, +8.916,+0.939
1666552020,+3.47,+15.659, +9.520,+0.939
1666552080,+3.47,+15.633, +9.602,+0.939
1666552140,+3.47,+15.642, +9.478,+0.939
1666552200,+3.47,+15.659, +9.397,+0.939
1666552260,+3.47,+15.633, +9.369,+0.939
1666552320,+3.47,+15.633, +9.561,+0.939
1666552380,+3.47,+15.650, +9.636,+0.939
1666552440,+3.47,+15.659, +9.616,+0.939
1666552500,+3.47,+15.650, +9.585,+0.939
1666552560,+3.47,+15.650, +9.572,+0.939
1666552620,+3.47,+15.667, +9.527,+0.939
1666552680,+3.47,+15.659, +9.470,+0.939
1666552740,+3.47,+15.650, +9.395,+0.939
1666552800,+3.47,+15.659, +9.331,+0.939
1666552860,+3.47,+15.667, +9.286,+0.939
1666552920,+3.47,+15.659, +9.236,+0.939
1666552980,+3.47,+15.659, +9.301,+0.939
1666553040,+3.47,+15.676, +9.437,+0.939
1666553100,+3.47,+15.650, +9.521,+0.939
1666553160,+3.47,+15.659, +9.550,+0.939
1666553220,+3.47,+15.650, +9.539,+0.939
1666553280,+3.47,+15.650, +9.441,+0.939
1666553340,+3.47,+15.676, +9.369,+0.939
1666553400,+3.47,+15.659, +9.269,+0.939
1666553460,+3.47,+15.659, +9.231,+0.939
1666553520,+3.47,+15.676, +9.184,+0.939
1666553580,+3.47,+15.659, +9.149,+0.939
1666553640,+3.47,+15.659, +9.161,+0.939
1666553700,+3.47,+15.667, +9.246,+0.939
1666553760,+3.47,+15.659, +9.271,+0.939
1666553820,+3.47,+15.642, +9.328,+0.939
1666553880,+3.47,+15.642, +9.335,+0.939
1666553940,+3.47,+15.659, +9.248,+0.939
1666554000,+3.47,+15.642, +9.236,+0.939
1666554060,+3.47,+15.642, +9.333,+0.939
1666554120,+3.47,+15.650, +9.388,+0.939
1666554180,+3.47,+15.633, +9.485,+0.939
1666554240,+3.47,+15.599, +9.527,+0.939
1666554300,+3.47,+15.607, +9.554,+0.939
1666554360,+3.47,+15.624, +9.548,+0.939
1666554420,+3.47,+15.616, +9.580,+0.939
1666554480,+3.47,+15.599, +9.603,+0.939
1666554540,+3.47,+15.590, +9.612,+0.939
1666554600,+3.47,+15.599, +9.591,+0.939
1666554660,+3.47,+15.573, +9.572,+0.939
1666554720,+3.47,+15.582, +9.595,+0.939
1666554780,+3.47,+15.582, +9.624,+0.940
1666554840,+3.47,+15.582, +9.584,+0.939
1666554900,+3.47,+15.607, +9.472,+0.939
1666554960,+3.47,+15.599, +9.402,+0.939
1666555020,+3.47,+15.582, +9.486,+0.939
1666555080,+3.47,+15.573, +9.560,+0.939
1666555140,+3.47,+15.582, +9.594,+0.939
1666555200,+3.47,+15.573, +9.506,+0.939
1666555260,+3.47,+15.573, +9.481,+0.939
1666555320,+3.47,+15.607, +9.420,+0.939
1666555380,+3.47,+15.582, +9.296,+0.939
1666555440,+3.47,+15.590, +9.180,+0.939
1666555500,+3.47,+15.599, +9.073,+0.939
1666555560,+3.47,+15.582, +9.036,+0.939
1666555620,+3.47,+15.590, +9.020,+0.938
1666555680,+3.47,+15.573, +9.037,+0.939
1666555740,+3.47,+15.582, +9.328,+0.939
1666555800,+3.47,+15.582, +9.534,+0.939
1666555860,+3.47,+15.582, +9.644,+0.939
1666555920,+3.47,+15.547, +9.697,+0.939
1666555980,+3.47,+15.582, +9.677,+0.939
1666556040,+3.47,+15.556, +9.694,+0.939
1666556100,+3.47,+15.556, +9.724,+0.939
1666556160,+3.47,+15.564, +9.707,+0.939
1666556220,+3.47,+15.573, +9.700,+0.939
1666556280,+3.47,+15.573, +9.679,+0.939
1666556340,+3.47,+15.564, +9.699,+0.939
1666556400,+3.47,+15.564, +9.700,+0.939
1666556460,+3.47,+15.573, +9.705,+0.939
1666556520,+3.47,+15.547, +9.700,+0.939
1666556580,+3.47,+15.573, +9.686,+0.939
1666556640,+3.47,+15.556, +9.694,+0.939
1666556700,+3.47,+15.564, +9.695,+0.939
1666556760,+3.47,+15.564, +9.592,+0.939
1666556820,+3.47,+15.547, +9.537,+0.939
1666556880,+3.47,+15.573, +9.524,+0.939
1666556940,+3.47,+15.539, +9.526,+0.939
1666557000,+3.47,+15.564, +9.469,+0.939
1666557060,+3.47,+15.547, +9.432,+0.939
1666557120,+3.47,+15.564, +9.405,+0.939
1666557180,+3.47,+15.530, +9.435,+0.939
1666557240,+3.47,+15.547, +9.364,+0.939
1666557300,+3.47,+15.556, +9.404,+0.939
1666557360,+3.47,+15.547, +9.520,+0.939
1666557420,+3.47,+15.539, +9.642,+0.939
1666557480,+3.47,+15.556, +9.692,+0.940
1666557540,+3.47,+15.564, +9.715,+0.940
1666557600,+3.47,+15.539, +9.706,+0.939
1666557660,+3.47,+15.539, +9.700,+0.940
1666557720,+3.47,+15.530, +9.681,+0.939
1666557780,+3.47,+15.547, +9.686,+0.939
1666557840,+3.47,+15.564, +9.691,+0.939
1666557900,+3.47,+15.530, +9.694,+0.939
1666557960,+3.47,+15.522, +9.703,+0.939
1666558020,+3.47,+15.530, +9.711,+0.939
1666558080,+3.47,+15.522, +9.715,+0.939
1666558140,+3.47,+15.539, +9.698,+0.939
1666558200,+3.47,+15.513, +9.720,+0.940
1666558260,+3.47,+15.530, +9.722,+0.939
1666558320,+3.47,+15.522, +9.691,+0.939
1666558380,+3.47,+15.530, +9.694,+0.940
1666558440,+3.47,+15.513, +9.683,+0.940
1666558500,+3.47,+15.513, +9.650,+0.939
1666558560,+3.47,+15.513, +9.698,+0.940
1666558620,+3.47,+15.513, +9.652,+0.939
1666558680,+3.47,+15.496, +9.665,+0.940
1666558740,+3.47,+15.504, +9.685,+0.939
1666558800,+3.47,+15.522, +9.666,+0.939
1666558860,+3.47,+15.504, +9.632,+0.939
1666558920,+3.47,+15.530, +9.722,+0.939
1666558980,+3.47,+15.513, +9.747,+0.940
1666559040,+3.47,+15.513, +9.756,+0.940
1666559100,+3.47,+15.513, +9.756,+0.940
1666559160,+3.47,+15.513, +9.746,+0.939
1666559220,+3.47,+15.513, +9.708,+0.939
1666559280,+3.47,+15.513, +9.692,+0.939
1666559340,+3.47,+15.504, +9.663,+0.940
1666559400,+3.47,+15.513, +9.725,+0.940
1666559460,+3.47,+15.513, +9.744,+0.940
1666559520,+3.47,+15.504, +9.668,+0.939
1666559580,+3.47,+15.504, +9.718,+0.940
1666559640,+3.47,+15.496, +9.720,+0.939
1666559700,+3.47,+15.504, +9.684,+0.939
1666559760,+3.47,+15.504, +9.641,+0.940
1666559820,+3.47,+15.504, +9.552,+0.939
1666559880,+3.47,+15.479, +9.528,+0.940
1666559940,+3.47,+15.504, +9.475,+0.939
1666560000,+3.47,+15.496, +9.505,+0.939
1666560060,+3.47,+15.513, +9.574,+0.939
1666560120,+3.47,+15.504, +9.746,+0.939
1666560180,+3.47,+15.513, +9.837,+0.940
1666560240,+3.47,+15.513, +9.857,+0.939
1666560300,+3.47,+15.504, +9.857,+0.939
1666560360,+3.47,+15.504, +9.856,+0.940
1666560420,+3.47,+15.504, +9.828,+0.939
1666560480,+3.47,+15.479, +9.800,+0.939
1666560540,+3.47,+15.487, +9.841,+0.939
1666560600,+3.47,+15.522, +9.850,+0.940
1666560660,+3.47,+15.504, +9.853,+0.940
1666560720,+3.47,+15.513, +9.837,+0.939
1666560780,+3.47,+15.496, +9.829,+0.939
1666560840,+3.47,+15.504, +9.841,+0.940
1666560900,+3.47,+15.496, +9.805,+0.939
1666560960,+3.47,+15.504, +9.800,+0.940
1666561020,+3.47,+15.504, +9.749,+0.939
1666561080,+3.47,+15.504, +9.722,+0.939
1666561140,+3.47,+15.513, +9.661,+0.940
1666561200,+3.47,+15.504, +9.602,+0.939
1666561260,+3.47,+15.487, +9.545,+0.940
1666561320,+3.47,+15.479, +9.490,+0.939
1666561380,+3.47,+15.522, +9.472,+0.939
1666561440,+3.47,+15.496, +9.496,+0.939
1666561500,+3.47,+15.496, +9.513,+0.939
1666561560,+3.47,+15.504, +9.570,+0.939
1666561620,+3.47,+15.513, +9.546,+0.939
1666561680,+3.47,+15.487, +9.520,+0.939
1666561740,+3.47,+15.470, +9.471,+0.939
1666561800,+3.47,+15.470, +9.460,+0.939
1666561860,+3.47,+15.462, +9.418,+0.939
1666561920,+3.47,+15.453, +9.426,+0.940
1666561980,+3.47,+15.462, +9.465,+0.939
1666562040,+3.47,+15.444, +9.418,+0.939
1666562100,+3.47,+15.470, +9.488,+0.939
1666562160,+3.47,+15.436, +9.540,+0.939
1666562220,+3.47,+15.427, +9.587,+0.939
1666562280,+3.47,+15.444, +9.597,+0.939
1666562340,+3.47,+15.436, +9.609,+0.939
1666562400,+3.47,+15.444, +9.591,+0.939
1666562460,+3.47,+15.436, +9.578,+0.939
1666562520,+3.47,+15.436, +9.584,+0.939
1666562580,+3.47,+15.427, +9.582,+0.939
1666562640,+3.47,+15.427, +9.572,+0.939
1666562700,+3.47,+15.402, +9.596,+0.939
1666562760,+3.47,+15.410, +9.626,+0.939
1666562820,+3.47,+15.427, +9.649,+0.939
1666562880,+3.47,+15.410, +9.700,+0.939
1666562940,+3.47,+15.427, +9.714,+0.939
1666563000,+3.47,+15.436, +9.670,+0.939
1666563060,+3.47,+15.419, +9.674,+0.939
1666563120,+3.47,+15.410, +9.685,+0.939
1666563180,+3.47,+15.436, +9.688,+0.940
1666563240,+3.47,+15.419, +9.688,+0.939
1666563300,+3.47,+15.444, +9.652,+0.939
1666563360,+3.47,+15.427, +9.593,+0.939
1666563420,+3.47,+15.427, +9.475,+0.939
1666563480,+3.47,+15.427, +9.415,+0.939
1666563540,+3.47,+15.427, +9.414,+0.939
1666563600,+3.47,+15.427, +9.352,+0.939
1666563660,+3.47,+15.419, +9.289,+0.939
1666563720,+3.47,+15.402, +9.191,+0.939
1666563780,+3.47,+15.410, +9.252,+0.939
1666563840,+3.47,+15.410, +9.375,+0.939
1666563900,+3.47,+15.384, +9.466,+0.939
1666563960,+3.47,+15.384, +9.466,+0.939
1666564020,+3.47,+15.384, +9.444,+0.939
1666564080,+3.47,+15.393, +9.517,+0.939
1666564140,+3.47,+15.384, +9.612,+0.939
1666564200,+3.47,+15.376, +9.739,+0.939
1666564260,+3.47,+15.384, +9.846,+0.939
1666564320,+3.47,+15.376, +9.910,+0.940
1666564380,+3.47,+15.393, +9.952,+0.940
1666564440,+3.47,+15.402, +9.948,+0.940
1666564500,+3.47,+15.384, +9.898,+0.940
1666564560,+3.47,+15.376, +9.880,+0.940
1666564620,+3.47,+15.402, +9.933,+0.939
1666564680,+3.47,+15.410, +9.984,+0.940
1666564740,+3.47,+15.393, +9.993,+0.940
1666564800,+3.47,+15.419,+10.043,+0.940
1666564860,+3.47,+15.410,+10.010,+0.940
1666564920,+3.47,+15.419,+10.001,+0.940
1666564980,+3.47,+15.393, +9.953,+0.940
1666565040,+3.47,+15.402, +9.961,+0.939
1666565100,+3.47,+15.410, +9.980,+0.940
1666565160,+3.47,+15.402, +9.957,+0.940
1666565220,+3.47,+15.410, +9.956,+0.940
1666565280,+3.47,+15.384, +9.970,+0.939
1666565340,+3.47,+15.384, +9.982,+0.940
1666565400,+3.47,+15.384, +9.999,+0.940
1666565460,+3.47,+15.393, +9.942,+0.940
1666565520,+3.47,+15.384, +9.947,+0.939
1666565580,+3.47,+15.393, +9.983,+0.939
1666565640,+3.47,+15.376, +9.970,+0.940
1666565700,+3.47,+15.376,+10.001,+0.940
1666565760,+3.47,+15.367,+10.025,+0.940
1666565820,+3.47,+15.359,+10.035,+0.939
1666565880,+3.47,+15.367,+10.043,+0.940
1666565940,+3.47,+15.350,+10.020,+0.940
1666566000,+3.47,+15.359,+10.027,+0.940
1666566060,+3.47,+15.359,+10.040,+0.940
1666566120,+3.47,+15.359,+10.037,+0.939
1666566180,+3.47,+15.350,+10.056,+0.939
1666566240,+3.47,+15.342,+10.086,+0.940
1666566300,+3.47,+15.359,+10.056,+0.939
1666566360,+3.47,+15.350,+10.060,+0.940
1666566420,+3.47,+15.350,+10.065,+0.940
1666566480,+3.47,+15.350,+10.066,+0.940
1666566540,+3.47,+15.350,+10.058,+0.940
1666566600,+3.47,+15.350,+10.019,+0.940
1666566660,+3.47,+15.350, +9.995,+0.940
1666566720,+3.47,+15.333,+10.062,+0.940
1666566780,+3.47,+15.333,+10.083,+0.940
1666566840,+3.47,+15.342,+10.082,+0.940
1666566900,+3.47,+15.350,+10.072,+0.940
1666566960,+3.47,+15.350,+10.084,+0.940
1666567020,+3.47,+15.333,+10.079,+0.939
1666567080,+3.47,+15.342,+10.088,+0.940
1666567140,+3.47,+15.342,+10.093,+0.940
1666567200,+3.47,+15.359,+10.045,+0.940
1666567260,+3.47,+15.333,+10.057,+0.940
1666567320,+3.47,+15.333,+10.055,+0.940
1666567380,+3.47,+15.307,+10.064,+0.940
1666567440,+3.47,+15.324,+10.036,+0.940
1666567500,+3.47,+15.324,+10.029,+0.940
1666567560,+3.47,+15.324,+10.059,+0.940
1666567620,+3.47,+15.342,+10.056,+0.940
1666567680,+3.47,+15.350,+10.052,+0.939
1666567740,+3.47,+15.359,+10.041,+0.940
1666567800,+3.47,+15.342, +9.987,+0.940
1666567860,+3.47,+15.367, +9.946,+0.940
1666567920,+3.47,+15.376, +9.955,+0.939
1666567980,+3.47,+15.376, +9.938,+0.940
1666568040,+3.47,+15.367, +9.930,+0.940
1666568100,+3.47,+15.376, +9.958,+0.940
1666568160,+3.47,+15.367, +9.955,+0.940
1666568220,+3.47,+15.350, +9.964,+0.939
1666568280,+3.47,+15.376, +9.952,+0.939
1666568340,+3.47,+15.376,+10.025,+0.940
1666568400,+3.47,+15.376,+10.007,+0.940
1666568460,+3.47,+15.393,+10.006,+0.940
1666568520,+3.47,+15.384, +9.988,+0.940
1666568580,+3.47,+15.410, +9.941,+0.940
1666568640,+3.47,+15.384, +9.868,+0.939
1666568700,+3.47,+15.384, +9.891,+0.940
1666568760,+3.47,+15.402, +9.913,+0.940
1666568820,+3.47,+15.402, +9.959,+0.940
1666568880,+3.47,+15.410, +9.937,+0.939
1666568940,+3.47,+15.384, +9.969,+0.940
1666569000,+3.47,+15.393,+10.004,+0.940
1666569060,+3.47,+15.384, +9.976,+0.940
1666569120,+3.47,+15.402, +9.945,+0.939
1666569180,+3.47,+15.393, +9.962,+0.940
1666569240,+3.47,+15.402, +9.901,+0.939
1666569300,+3.47,+15.402, +9.901,+0.940
1666569360,+3.47,+15.402, +9.934,+0.939
1666569420,+3.47,+15.393, +9.918,+0.940
1666569480,+3.47,+15.410, +9.880,+0.940
1666569540,+3.47,+15.410, +9.950,+0.939
1666569600,+3.47,+15.419, +9.989,+0.940
1666569660,+3.47,+15.402, +9.724,+0.939
1666569720,+3.47,+15.419, +9.903,+0.939
1666569780,+3.47,+15.419, +9.943,+0.940
1666569840,+3.47,+15.384, +9.972,+0.940
1666569900,+3.47,+15.393, +9.961,+0.940
1666569960,+3.47,+15.402, +9.937,+0.940
1666570020,+3.47,+15.410, +9.956,+0.940
1666570080,+3.47,+15.410, +9.928,+0.940
1666570140,+3.47,+15.402, +9.916,+0.940
1666570200,+3.47,+15.419, +9.931,+0.939
1666570260,+3.47,+15.402, +9.947,+0.940
1666570320,+3.47,+15.427, +9.961,+0.940
1666570380,+3.47,+15.436, +9.962,+0.940
1666570440,+3.47,+15.419, +9.988,+0.939
1666570500,+3.47,+15.427,+10.003,+0.940
1666570560,+3.47,+15.419,+10.016,+0.939
1666570620,+3.47,+15.444,+10.006,+0.940
1666570680,+3.47,+15.427,+10.018,+0.940
1666570740,+3.47,+15.419,+10.027,+0.940
1666570800,+3.47,+15.427,+10.002,+0.939
1666570860,+3.47,+15.393,+10.027,+0.940
1666570920,+3.47,+15.402,+10.034,+0.940
1666570980,+3.47,+15.402,+10.028,+0.939
1666571040,+3.47,+15.410,+10.033,+0.939
1666571100,+3.47,+15.376,+10.070,+0.940
1666571160,+3.47,+15.384,+10.058,+0.940
1666571220,+3.47,+15.359,+10.056,+0.939
1666571280,+3.47,+15.350,+10.041,+0.940
1666571340,+3.47,+15.359,+10.043,+0.939
1666571400,+3.47,+15.324,+10.075,+0.939
1666571460,+3.47,+15.316,+10.066,+0.940
1666571520,+3.47,+15.333,+10.038,+0.939
1666571580,+3.47,+15.342,+10.022,+0.939
1666571640,+3.47,+15.299,+10.016,+0.939
1666571700,+3.47,+15.316, +9.970,+0.940
1666571760,+3.47,+15.307, +9.950,+0.940
1666571820,+3.47,+15.316, +9.927,+0.940
1666571880,+3.47,+15.299, +9.973,+0.939
1666571940,+3.47,+15.316,+10.017,+0.940
1666572000,+3.47,+15.333,+10.019,+0.940
1666572060,+3.47,+15.359, +9.985,+0.940
1666572120,+3.47,+15.376, +9.932,+0.940
1666572180,+3.47,+15.367, +9.977,+0.940
1666572240,+3.47,+15.359, +9.991,+0.940
1666572300,+3.47,+15.342,+10.027,+0.940
1666572360,+3.47,+15.342,+10.011,+0.939
1666572420,+3.47,+15.324, +9.913,+0.939
1666572480,+3.47,+15.324, +9.916,+0.939
1666572540,+3.47,+15.316, +9.912,+0.940
1666572600,+3.47,+15.299, +9.919,+0.939
1666572660,+3.47,+15.273, +9.882,+0.939
1666572720,+3.47,+15.281, +9.909,+0.939
1666572780,+3.47,+15.290, +9.882,+0.939
1666572840,+3.47,+15.281, +9.884,+0.940
1666572900,+3.47,+15.264, +9.894,+0.939
1666572960,+3.47,+15.256, +9.919,+0.940
1666573020,+3.47,+15.256, +9.972,+0.940
1666573080,+3.47,+15.273,+10.001,+0.939
1666573140,+3.47,+15.264,+10.009,+0.940
1666573200,+3.47,+15.273, +9.993,+0.939
1666573260,+3.47,+15.290, +9.997,+0.940
1666573320,+3.47,+15.281, +9.999,+0.940
1666573380,+3.47,+15.290,+10.000,+0.940
1666573440,+3.47,+15.324, +9.992,+0.940
1666573500,+3.47,+15.307, +9.974,+0.939
1666573560,+3.47,+15.324, +9.978,+0.940
1666573620,+3.47,+15.307, +9.984,+0.940
1666573680,+3.47,+15.324, +9.989,+0.940
1666573740,+3.47,+15.316, +9.989,+0.939
1666573800,+3.47,+15.333,+10.003,+0.939
1666573860,+3.47,+15.316,+10.016,+0.939
1666573920,+3.47,+15.307, +9.993,+0.940
1666573980,+3.47,+15.367, +9.946,+0.940
1666574040,+3.47,+15.367, +9.888,+0.939
1666574100,+3.47,+15.376, +9.884,+0.940
1666574160,+3.47,+15.367, +9.869,+0.939
1666574220,+3.47,+15.367, +9.872,+0.940
1666574280,+3.47,+15.410, +9.793,+0.940
1666574340,+3.47,+15.427, +9.713,+0.939
1666574400,+3.47,+15.410, +9.717,+0.939
1666574460,+3.47,+15.393, +9.724,+0.939
1666574520,+3.47,+15.384, +9.753,+0.939
1666574580,+3.47,+15.376, +9.819,+0.940
1666574640,+3.47,+15.384, +9.734,+0.939
1666574700,+3.47,+15.393, +9.771,+0.939
1666574760,+3.47,+15.402, +9.798,+0.939
1666574820,+3.47,+15.367, +9.832,+0.939
1666574880,+3.47,+15.376, +9.819,+0.939
1666574940,+3.47,+15.367, +9.816,+0.939
1666575000,+3.47,+15.367, +9.810,+0.939
1666575060,+3.47,+15.376, +9.769,+0.939
1666575120,+3.47,+15.376, +9.733,+0.939
1666575180,+3.47,+15.376, +9.695,+0.940
1666575240,+3.47,+15.393, +9.648,+0.939
1666575300,+3.47,+15.384, +9.671,+0.939
1666575360,+3.47,+15.384, +9.691,+0.940
1666575420,+3.47,+15.393, +9.646,+0.939
1666575480,+3.47,+15.427, +9.666,+0.939
1666575540,+3.47,+15.436, +9.598,+0.939
1666575600,+3.47,+15.427, +9.538,+0.939
1666575660,+3.47,+15.436, +9.502,+0.939
1666575720,+3.47,+15.453, +9.495,+0.939
1666575780,+3.47,+15.444, +9.565,+0.939
1666575840,+3.47,+15.470, +9.639,+0.940
1666575900,+3.47,+15.470, +9.680,+0.939
1666575960,+3.47,+15.462, +9.656,+0.939
1666576020,+3.47,+15.487, +9.592,+0.939
1666576080,+3.47,+15.487, +9.529,+0.939
1666576140,+3.47,+15.504, +9.470,+0.940
1666576200,+3.47,+15.487, +9.452,+0.939
1666576260,+3.47,+15.513, +9.435,+0.939
1666576320,+3.47,+15.496, +9.459,+0.939
1666576380,+3.47,+15.487, +9.559,+0.939
1666576440,+3.47,+15.513, +9.576,+0.939
1666576500,+3.47,+15.496, +9.607,+0.940
1666576560,+3.47,+15.462, +9.606,+0.939
1666576620,+3.47,+15.487, +9.488,+0.939
1666576680,+3.47,+15.496, +9.435,+0.939
1666576740,+3.47,+15.504, +9.434,+0.939
1666576800,+3.47,+15.496, +9.369,+0.939
1666576860,+3.47,+15.513, +9.333,+0.939
1666576920,+3.47,+15.513, +9.417,+0.939
1666576980,+3.47,+15.496, +9.459,+0.939
1666577040,+3.47,+15.462, +9.549,+0.939
1666577100,+3.47,+15.444, +9.565,+0.939
1666577160,+3.47,+15.444, +9.552,+0.939
1666577220,+3.47,+15.453, +9.531,+0.939
1666577280,+3.47,+15.436, +9.568,+0.939
1666577340,+3.47,+15.436, +9.583,+0.939
1666577400,+3.47,+15.419, +9.637,+0.939
1666577460,+3.47,+15.402, +9.645,+0.939
1666577520,+3.47,+15.427, +9.645,+0.939
1666577580,+3.47,+15.402, +9.613,+0.939
1666577640,+3.47,+15.427, +9.523,+0.939
1666577700,+3.47,+15.419, +9.541,+0.939
1666577760,+3.47,+15.427, +9.434,+0.939
1666577820,+3.47,+15.427, +9.462,+0.939
1666577880,+3.47,+15.470, +9.434,+0.939
1666577940,+3.47,+15.453, +9.431,+0.939
1666578000,+3.47,+15.453, +9.418,+0.939
1666578060,+3.47,+15.470, +9.436,+0.939
1666578120,+3.47,+15.470, +9.429,+0.939
1666578180,+3.47,+15.487, +9.387,+0.939
1666578240,+3.47,+15.479, +9.363,+0.939
1666578300,+3.47,+15.479, +9.353,+0.939
1666578360,+3.47,+15.496, +9.332,+0.939
1666578420,+3.47,+15.470, +9.308,+0.939
1666578480,+3.47,+15.462, +9.322,+0.939
1666578540,+3.47,+15.479, +9.279,+0.939
1666578600,+3.47,+15.496, +9.264,+0.939
1666578660,+3.47,+15.487, +9.201,+0.939
1666578720,+3.47,+15.453, +9.265,+0.939
1666578780,+3.47,+15.479, +9.256,+0.939
1666578840,+3.47,+15.479, +9.255,+0.939
1666578900,+3.47,+15.419, +9.449,+0.939
1666578960,+3.47,+15.427, +9.509,+0.939
1666579020,+3.47,+15.410, +9.535,+0.939
1666579080,+3.47,+15.384, +9.544,+0.939
1666579140,+3.47,+15.393, +9.547,+0.939
1666579200,+3.47,+15.410, +9.512,+0.939
1666579260,+3.47,+15.384, +9.566,+0.940
1666579320,+3.47,+15.393, +9.563,+0.939
1666579380,+3.47,+15.402, +9.581,+0.939
1666579440,+3.47,+15.410, +9.552,+0.939
1666579500,+3.47,+15.410, +9.546,+0.939
1666579560,+3.47,+15.410, +9.532,+0.939
1666579620,+3.47,+15.402, +9.491,+0.939
1666579680,+3.47,+15.410, +9.432,+0.939
1666579740,+3.47,+15.410, +9.455,+0.939
1666579800,+3.47,+15.402, +9.472,+0.939
1666579860,+3.47,+15.427, +9.500,+0.939
1666579920,+3.47,+15.410, +9.543,+0.939
1666579980,+3.47,+15.436, +9.526,+0.939
1666580040,+3.47,+15.419, +9.551,+0.939
1666580100,+3.47,+15.436, +9.537,+0.939
1666580160,+3.47,+15.427, +9.533,+0.939
1666580220,+3.47,+15.436, +9.521,+0.939
1666580280,+3.47,+15.436, +9.536,+0.939
1666580340,+3.47,+15.436, +9.536,+0.939
1666580400,+3.47,+15.444, +9.546,+0.939
1666580460,+3.47,+15.436, +9.474,+0.940
1666580520,+3.47,+15.444, +9.476,+0.939
1666580580,+3.47,+15.462, +9.400,+0.940
1666580640,+3.47,+15.470, +9.359,+0.939
1666580700,+3.47,+15.462, +9.310,+0.939
1666580760,+3.47,+15.479, +9.268,+0.939
1666580820,+3.47,+15.479, +9.239,+0.939
1666580880,+3.47,+15.487, +9.171,+0.939
1666580940,+3.47,+15.496, +9.118,+0.939
1666581000,+3.47,+15.487, +9.111,+0.939
1666581060,+3.47,+15.479, +9.086,+0.939
1666581120,+3.47,+15.479, +9.052,+0.939
1666581180,+3.47,+15.496, +9.034,+0.939
1666581240,+3.47,+15.496, +9.040,+0.939
1666581300,+3.47,+15.522, +9.047,+0.939
1666581360,+3.47,+15.444, +9.201,+0.939
1666581420,+3.47,+15.402, +9.394,+0.938
1666581480,+3.47,+15.393, +9.426,+0.939
1666581540,+3.47,+15.350, +9.499,+0.939
1666581600,+3.47,+15.359, +9.458,+0.939
1666581660,+3.47,+15.342, +9.448,+0.939
1666581720,+3.47,+15.333, +9.462,+0.939
1666581780,+3.47,+15.333, +9.465,+0.939
1666581840,+3.47,+15.359, +9.414,+0.939
1666581900,+3.47,+15.342, +9.397,+0.939
1666581960,+3.47,+15.342, +9.332,+0.939
1666582020,+3.47,+15.342, +9.323,+0.940
1666582080,+3.47,+15.342, +9.311,+0.939
1666582140,+3.47,+15.350, +9.369,+0.939
1666582200,+3.47,+15.350, +9.392,+0.939
1666582260,+3.47,+15.350, +9.396,+0.939
1666582320,+3.47,+15.376, +9.363,+0.939
1666582380,+3.47,+15.376, +9.449,+0.939
1666582440,+3.47,+15.376, +9.619,+0.939
1666582500,+3.47,+15.376, +9.609,+0.939
1666582560,+3.47,+15.367, +9.567,+0.939
1666582620,+3.47,+15.359, +9.595,+0.939
1666582680,+3.47,+15.367, +9.558,+0.939
1666582740,+3.47,+15.350, +9.560,+0.940
1666582800,+3.47,+15.359, +9.578,+0.939
1666582860,+3.47,+15.367, +9.582,+0.939
1666582920,+3.47,+15.367, +9.594,+0.939
1666582980,+3.47,+15.359, +9.591,+0.939
1666583040,+3.47,+15.367, +9.585,+0.939
1666583100,+3.47,+15.359, +9.572,+0.939
1666583160,+3.47,+15.350, +9.577,+0.939
1666583220,+3.47,+15.342, +9.584,+0.939
1666583280,+3.47,+15.342, +9.589,+0.939
1666583340,+3.47,+15.342, +9.589,+0.939
1666583400,+3.47,+15.359, +9.565,+0.940
1666583460,+3.47,+15.350, +9.544,+0.939
1666583520,+3.47,+15.342, +9.541,+0.939
1666583580,+3.47,+15.367, +9.596,+0.939
1666583640,+3.47,+15.359, +9.668,+0.940
1666583700,+3.47,+15.333, +9.666,+0.939
1666583760,+3.47,+15.316, +9.635,+0.939
1666583820,+3.47,+15.307, +9.598,+0.939
1666583880,+3.47,+15.316, +9.610,+0.939
1666583940,+3.47,+15.307, +9.603,+0.939
1666584000,+3.47,+15.299, +9.606,+0.940
1666584060,+3.47,+15.307, +9.589,+0.939
1666584120,+3.47,+15.324, +9.598,+0.939
1666584180,+3.47,+15.299, +9.616,+0.939
1666584240,+3.47,+15.299, +9.606,+0.939
1666584300,+3.47,+15.299, +9.605,+0.939
1666584360,+3.47,+15.316, +9.577,+0.939
1666584420,+3.47,+15.307, +9.523,+0.939
1666584480,+3.47,+15.290, +9.506,+0.939
1666584540,+3.47,+15.307, +9.499,+0.939
1666584600,+3.47,+15.316, +9.539,+0.939
1666584660,+3.47,+15.299, +9.522,+0.939
1666584720,+3.47,+15.299, +9.550,+0.939
1666584780,+3.47,+15.299, +9.535,+0.939
1666584840,+3.47,+15.307, +9.530,+0.940
1666584900,+3.47,+15.307, +9.551,+0.940
1666584960,+3.47,+15.307, +9.553,+0.940
1666585020,+3.47,+15.299, +9.497,+0.939
1666585080,+3.47,+15.281, +9.494,+0.939
1666585140,+3.47,+15.290, +9.513,+0.939
1666585200,+3.47,+15.299, +9.581,+0.939
1666585260,+3.47,+15.299, +9.584,+0.939
1666585320,+3.47,+15.290, +9.574,+0.939
1666585380,+3.47,+15.290, +9.575,+0.939
1666585440,+3.47,+15.290, +9.565,+0.939
1666585500,+3.47,+15.281, +9.563,+0.939
1666585560,+3.47,+15.273, +9.494,+0.939
1666585620,+3.47,+15.273, +9.461,+0.939
1666585680,+3.47,+15.281, +9.421,+0.939
1666585740,+3.47,+15.256, +9.437,+0.939
1666585800,+3.47,+15.256, +9.403,+0.939
1666585860,+3.47,+15.264, +9.339,+0.939
1666585920,+3.47,+15.264, +9.308,+0.939
1666585980,+3.47,+15.264, +9.304,+0.939
1666586040,+3.47,+15.256, +9.352,+0.939
1666586100,+3.47,+15.256, +9.379,+0.939
1666586160,+3.47,+15.273, +9.389,+0.939
1666586220,+3.47,+15.256, +9.419,+0.939
1666586280,+3.47,+15.264, +9.414,+0.939
1666586340,+3.47,+15.273, +9.359,+0.939
1666586400,+3.47,+15.273, +9.320,+0.939
1666586460,+3.47,+15.264, +9.280,+0.939
1666586520,+3.47,+15.273, +9.297,+0.939
1666586580,+3.47,+15.247, +9.384,+0.940
1666586640,+3.47,+15.239, +9.463,+0.940
1666586700,+3.47,+15.247, +9.432,+0.939
1666586760,+3.47,+15.221, +9.391,+0.939
1666586820,+3.47,+15.230, +9.331,+0.939
1666586880,+3.47,+15.247, +9.333,+0.939
1666586940,+3.47,+15.239, +9.332,+0.939
1666587000,+3.47,+15.230, +9.366,+0.939
1666587060,+3.47,+15.239, +9.377,+0.939
1666587120,+3.47,+15.256, +9.351,+0.939
1666587180,+3.47,+15.239, +9.370,+0.939
1666587240,+3.47,+15.256, +9.372,+0.939
1666587300,+3.47,+15.256, +9.451,+0.939
1666587360,+3.47,+15.256, +9.479,+0.939
1666587420,+3.47,+15.239, +9.475,+0.939
1666587480,+3.47,+15.239, +9.464,+0.939
1666587540,+3.47,+15.256, +9.483,+0.939
1666587600,+3.47,+15.247, +9.509,+0.939
1666587660,+3.47,+15.273, +9.454,+0.939
1666587720,+3.47,+15.230, +9.493,+0.939
1666587780,+3.47,+15.247, +9.530,+0.939
1666587840,+3.47,+15.230, +9.525,+0.939
1666587900,+3.47,+15.247, +9.475,+0.939
1666587960,+3.47,+15.264, +9.437,+0.939
1666588020,+3.47,+15.256, +9.448,+0.940
1666588080,+3.47,+15.247, +9.422,+0.939
1666588140,+3.47,+15.256, +9.372,+0.938
1666588200,+3.47,+15.239, +9.409,+0.939
1666588260,+3.47,+15.264, +9.410,+0.939
1666588320,+3.47,+15.281, +9.351,+0.939
1666588380,+3.47,+15.264, +9.295,+0.939
1666588440,+3.47,+15.281, +9.267,+0.939
1666588500,+3.47,+15.273, +9.302,+0.939
1666588560,+3.47,+15.256, +9.339,+0.939
1666588620,+3.47,+15.281, +9.345,+0.939
1666588680,+3.47,+15.290, +9.345,+0.939
1666588740,+3.47,+15.273, +9.346,+0.939
1666588800,+3.47,+15.299, +9.354,+0.939
1666588860,+3.47,+15.290, +9.345,+0.940
1666588920,+3.47,+15.290, +9.308,+0.939
1666588980,+3.47,+15.290, +9.292,+0.939
1666589040,+3.47,+15.290, +9.267,+0.939
1666589100,+3.47,+15.290, +9.305,+0.939
1666589160,+3.47,+15.273, +9.359,+0.939
1666589220,+3.47,+15.264, +9.328,+0.939
1666589280,+3.47,+15.281, +9.287,+0.939
1666589340,+3.47,+15.273, +9.286,+0.939
1666589400,+3.47,+15.290, +9.302,+0.939
1666589460,+3.47,+15.299, +9.314,+0.939
1666589520,+3.47,+15.299, +9.311,+0.939
1666589580,+3.47,+15.307, +9.324,+0.939
1666589640,+3.47,+15.290, +9.318,+0.939
1666589700,+3.47,+15.299, +9.289,+0.939
1666589760,+3.47,+15.307, +9.288,+0.939
1666589820,+3.47,+15.299, +9.297,+0.939
1666589880,+3.47,+15.316, +9.264,+0.939
1666589940,+3.47,+15.307, +9.258,+0.939
1666590000,+3.47,+15.299, +9.284,+0.939
1666590060,+3.47,+15.299, +9.291,+0.939
1666590120,+3.47,+15.307, +9.242,+0.939
1666590180,+3.47,+15.316, +9.218,+0.939
1666590240,+3.47,+15.324, +9.186,+0.939
1666590300,+3.47,+15.333, +9.206,+0.939
1666590360,+3.47,+15.290, +9.196,+0.939
1666590420,+3.47,+15.307, +9.236,+0.939
1666590480,+3.47,+15.307, +9.195,+0.939
1666590540,+3.47,+15.299, +9.212,+0.939
1666590600,+3.47,+15.290, +9.226,+0.939
1666590660,+3.47,+15.281, +9.264,+0.939
1666590720,+3.47,+15.299, +9.307,+0.939
1666590780,+3.47,+15.281, +9.306,+0.939
1666590840,+3.47,+15.273, +9.290,+0.939
1666590900,+3.47,+15.264, +9.334,+0.939
1666590960,+3.47,+15.247, +9.417,+0.939
1666591020,+3.47,+15.256, +9.490,+0.939
1666591080,+3.47,+15.230, +9.524,+0.939
1666591140,+3.47,+15.230, +9.558,+0.939
1666591200,+3.47,+15.239, +9.564,+0.939
1666591260,+3.47,+15.239, +9.446,+0.939
1666591320,+3.47,+15.239, +9.507,+0.939
1666591380,+3.47,+15.213, +9.533,+0.939
1666591440,+3.47,+15.213, +9.515,+0.939
1666591500,+3.47,+15.213, +9.502,+0.939
1666591560,+3.47,+15.213, +9.518,+0.939
1666591620,+3.47,+15.221, +9.498,+0.939
1666591680,+3.47,+15.204, +9.461,+0.939
1666591740,+3.47,+15.230, +9.407,+0.939
1666591800,+3.47,+15.213, +9.366,+0.939
1666591860,+3.47,+15.213, +9.355,+0.939
1666591920,+3.47,+15.187, +9.337,+0.939
1666591980,+3.47,+15.213, +9.295,+0.939
1666592040,+3.47,+15.196, +9.234,+0.939
1666592100,+3.47,+15.204, +9.244,+0.939
1666592160,+3.47,+15.196, +9.294,+0.939
1666592220,+3.47,+15.204, +9.293,+0.939
1666592280,+3.47,+15.187, +9.317,+0.940
1666592340,+3.47,+15.213, +9.270,+0.939
1666592400,+3.47,+15.204, +9.268,+0.939
1666592460,+3.47,+15.213, +9.337,+0.939
1666592520,+3.47,+15.204, +9.359,+0.939
1666592580,+3.47,+15.178, +9.350,+0.939
1666592640,+3.47,+15.221, +9.341,+0.939
1666592700,+3.47,+15.196, +9.395,+0.939
1666592760,+3.47,+15.204, +9.416,+0.939
1666592820,+3.47,+15.178, +9.380,+0.939
1666592880,+3.47,+15.196, +9.355,+0.939
1666592940,+3.47,+15.196, +9.352,+0.939
1666593000,+3.47,+15.187, +9.374,+0.939
1666593060,+3.47,+15.196, +9.344,+0.939
1666593120,+3.47,+15.187, +9.331,+0.939
1666593180,+3.47,+15.187, +9.424,+0.939
1666593240,+3.47,+15.204, +9.436,+0.939
1666593300,+3.47,+15.196, +9.420,+0.939
1666593360,+3.47,+15.213, +9.480,+0.939
1666593420,+3.47,+15.239, +9.482,+0.939
1666593480,+3.47,+15.239, +9.473,+0.939
1666593540,+3.47,+15.256, +9.450,+0.939
1666593600,+3.47,+15.239, +9.480,+0.939
1666593660,+3.47,+15.230, +9.476,+0.939
1666593720,+3.47,+15.239, +9.481,+0.939
1666593780,+3.47,+15.256, +9.493,+0.939
1666593840,+3.47,+15.256, +9.483,+0.939
1666593900,+3.47,+15.247, +9.484,+0.939
1666593960,+3.47,+15.256, +9.472,+0.939
1666594020,+3.47,+15.264, +9.449,+0.939
1666594080,+3.47,+15.264, +9.403,+0.939
1666594140,+3.47,+15.290, +9.332,+0.939
1666594200,+3.47,+15.256, +9.306,+0.939
1666594260,+3.47,+15.273, +9.279,+0.939
1666594320,+3.47,+15.299, +9.273,+0.939
1666594380,+3.47,+15.299, +9.268,+0.939
1666594440,+3.47,+15.281, +9.308,+0.939
1666594500,+3.47,+15.273, +9.287,+0.939
1666594560,+3.47,+15.273, +9.269,+0.939
1666594620,+3.47,+15.273, +9.267,+0.939
1666594680,+3.47,+15.256, +9.328,+0.939
1666594740,+3.47,+15.273, +9.330,+0.939
1666594800,+3.47,+15.264, +9.369,+0.939
1666594860,+3.47,+15.264, +9.410,+0.939
1666594920,+3.47,+15.256, +9.445,+0.939
1666594980,+3.47,+15.264, +9.405,+0.939
1666595040,+3.47,+15.273, +9.332,+0.939
1666595100,+3.47,+15.290, +9.240,+0.939
1666595160,+3.47,+15.281, +9.190,+0.939
1666595220,+3.47,+15.290, +9.185,+0.939
1666595280,+3.47,+15.299, +9.182,+0.939
1666595340,+3.47,+15.307, +9.174,+0.939
1666595400,+3.47,+15.307, +9.102,+0.939
1666595460,+3.47,+15.299, +9.113,+0.939
1666595520,+3.47,+15.281, +9.093,+0.939
1666595580,+3.47,+15.281, +9.081,+0.938
1666595640,+3.47,+15.273, +9.088,+0.939
1666595700,+3.47,+15.281, +9.071,+0.939
1666595760,+3.47,+15.290, +9.041,+0.939
1666595820,+3.47,+15.281, +8.984,+0.939
1666595880,+3.47,+15.273, +8.972,+0.939
1666595940,+3.47,+15.264, +9.059,+0.939
1666596000,+3.47,+15.281, +9.112,+0.939
1666596060,+3.47,+15.281, +9.165,+0.939
1666596120,+3.47,+15.299, +9.182,+0.939
1666596180,+3.47,+15.290, +9.231,+0.939
1666596240,+3.47,+15.316, +9.228,+0.939
1666596300,+3.47,+15.307, +9.278,+0.939
1666596360,+3.47,+15.299, +9.292,+0.939
1666596420,+3.47,+15.299, +9.276,+0.939
1666596480,+3.47,+15.307, +9.246,+0.939
1666596540,+3.47,+15.307, +9.204,+0.939
1666596600,+3.47,+15.307, +9.090,+0.939
1666596660,+3.47,+15.307, +9.079,+0.939
1666596720,+3.47,+15.299, +9.076,+0.939
1666596780,+3.47,+15.316, +9.029,+0.939
1666596840,+3.47,+15.307, +9.010,+0.939
1666596900,+3.47,+15.307, +9.011,+0.939
1666596960,+3.47,+15.316, +8.969,+0.939
1666597020,+3.47,+15.324, +9.037,+0.939
1666597080,+3.47,+15.307, +9.102,+0.939
1666597140,+3.47,+15.290, +9.157,+0.939
1666597200,+3.47,+15.299, +9.159,+0.939
1666597260,+3.47,+15.316, +9.173,+0.938
1666597320,+3.47,+15.307, +9.164,+0.939
1666597380,+3.47,+15.299, +9.187,+0.939
1666597440,+3.47,+15.316, +9.251,+0.939
1666597500,+3.47,+15.299, +9.300,+0.939
1666597560,+3.47,+15.316, +9.303,+0.939
1666597620,+3.47,+15.316, +9.302,+0.939
1666597680,+3.47,+15.307, +9.308,+0.939
1666597740,+3.47,+15.290, +9.280,+0.939
1666597800,+3.47,+15.299, +9.297,+0.939
1666597860,+3.47,+15.299, +9.263,+0.939
1666597920,+3.47,+15.307, +9.225,+0.939
1666597980,+3.47,+15.299, +9.202,+0.939
1666598040,+3.47,+15.290, +9.186,+0.939
1666598100,+3.47,+15.281, +9.185,+0.939
1666598160,+3.47,+15.299, +9.192,+0.939
1666598220,+3.47,+15.290, +9.194,+0.939
1666598280,+3.47,+15.299, +9.174,+0.939
1666598340,+3.47,+15.307, +9.116,+0.939
1666598400,+3.47,+15.290, +9.077,+0.939
1666598460,+3.47,+15.307, +9.125,+0.939
1666598520,+3.47,+15.299, +9.145,+0.939
1666598580,+3.47,+15.290, +9.135,+0.939
1666598640,+3.47,+15.299, +9.095,+0.939
1666598700,+3.47,+15.273, +9.115,+0.939
1666598760,+3.47,+15.264, +9.192,+0.939
1666598820,+3.47,+15.290, +9.201,+0.939
1666598880,+3.47,+15.281, +9.244,+0.939
1666598940,+3.47,+15.264, +9.261,+0.939
1666599000,+3.47,+15.290, +9.266,+0.939
1666599060,+3.47,+15.281, +9.264,+0.940
1666599120,+3.47,+15.307, +9.202,+0.939
1666599180,+3.47,+15.290, +9.197,+0.939
1666599240,+3.47,+15.307, +9.133,+0.939
1666599300,+3.47,+15.307, +9.110,+0.939
1666599360,+3.47,+15.299, +9.151,+0.939
1666599420,+3.47,+15.281, +9.174,+0.939
1666599480,+3.47,+15.290, +9.184,+0.939
1666599540,+3.47,+15.281, +9.200,+0.939
1666599600,+3.47,+15.299, +9.230,+0.939
1666599660,+3.47,+15.290, +9.214,+0.939
1666599720,+3.47,+15.299, +9.233,+0.939
1666599780,+3.47,+15.290, +9.236,+0.939
1666599840,+3.47,+15.290, +9.198,+0.939
1666599900,+3.47,+15.299, +9.143,+0.939
1666599960,+3.47,+15.290, +9.157,+0.939
1666600020,+3.47,+15.299, +9.131,+0.939
1666600080,+3.47,+15.299, +9.126,+0.939
1666600140,+3.47,+15.307, +9.098,+0.939
1666600200,+3.47,+15.290, +9.142,+0.938
1666600260,+3.47,+15.290, +9.144,+0.939
1666600320,+3.47,+15.299, +9.108,+0.939
1666600380,+3.47,+15.281, +9.072,+0.939
1666600440,+3.47,+15.299, +8.968,+0.939
1666600500,+3.47,+15.290, +8.934,+0.939
1666600560,+3.47,+15.299, +8.928,+0.939
1666600620,+3.47,+15.307, +8.922,+0.939
1666600680,+3.47,+15.307, +8.886,+0.939
1666600740,+3.47,+15.307, +8.886,+0.938
1666600800,+3.47,+15.316, +8.861,+0.939
1666600860,+3.47,+15.316, +8.893,+0.938
1666600920,+3.47,+15.316, +8.902,+0.938
1666600980,+3.47,+15.316, +8.916,+0.939
1666601040,+3.47,+15.307, +8.963,+0.939
1666601100,+3.47,+15.307, +8.950,+0.939
1666601160,+3.47,+15.290, +8.970,+0.939
1666601220,+3.47,+15.290, +9.037,+0.939
1666601280,+3.47,+15.281, +9.067,+0.939
1666601340,+3.47,+15.290, +9.070,+0.939
1666601400,+3.47,+15.290, +9.030,+0.939
1666601460,+3.47,+15.290, +8.976,+0.939
1666601520,+3.47,+15.307, +8.977,+0.939
1666601580,+3.47,+15.307, +8.981,+0.939
1666601640,+3.47,+15.316, +8.974,+0.939
1666601700,+3.47,+15.324, +8.995,+0.938
1666601760,+3.47,+15.307, +9.006,+0.939
1666601820,+3.47,+15.316, +9.052,+0.939
1666601880,+3.47,+15.299, +9.055,+0.939
1666601940,+3.47,+15.299, +9.075,+0.939
1666602000,+3.47,+15.307, +9.141,+0.939
1666602060,+3.47,+15.307, +8.858,+0.939
1666602120,+3.47,+15.299, +9.054,+0.939
1666602180,+3.47,+15.307, +9.158,+0.939
1666602240,+3.47,+15.299, +9.200,+0.939
1666602300,+3.47,+15.299, +9.193,+0.939
1666602360,+3.47,+15.290, +9.181,+0.939
1666602420,+3.47,+15.299, +9.183,+0.939
1666602480,+3.47,+15.316, +9.154,+0.939
1666602540,+3.47,+15.316, +9.155,+0.939
1666602600,+3.47,+15.324, +9.119,+0.939
1666602660,+3.47,+15.324, +9.117,+0.939
1666602720,+3.47,+15.307, +9.107,+0.939
1666602780,+3.47,+15.342, +9.091,+0.939
1666602840,+3.47,+15.324, +9.123,+0.940
1666602900,+3.47,+15.324, +9.125,+0.939
1666602960,+3.47,+15.342, +9.120,+0.939
1666603020,+3.47,+15.324, +9.132,+0.939
1666603080,+3.47,+15.316, +9.180,+0.939
1666603140,+3.47,+15.307, +9.170,+0.939
1666603200,+3.47,+15.299, +9.182,+0.939
1666603260,+3.47,+15.281, +9.217,+0.939
1666603320,+3.47,+15.281, +9.211,+0.939
1666603380,+3.47,+15.290, +9.184,+0.938
1666603440,+3.47,+15.281, +9.211,+0.939
1666603500,+3.47,+15.273, +9.214,+0.939
1666603560,+3.47,+15.281, +9.235,+0.939
1666603620,+3.47,+15.247, +9.258,+0.939
1666603680,+3.47,+15.256, +9.240,+0.939
1666603740,+3.47,+15.247, +9.256,+0.939
1666603800,+3.47,+15.230, +9.264,+0.939
1666603860,+3.47,+15.247, +9.224,+0.939
1666603920,+3.47,+15.230, +9.214,+0.939
1666603980,+3.47,+15.239, +9.243,+0.939
1666604040,+3.47,+15.213, +9.237,+0.939
1666604100,+3.47,+15.187, +9.263,+0.939
1666604160,+3.47,+15.187, +9.282,+0.939
1666604220,+3.47,+15.196, +9.329,+0.939
1666604280,+3.47,+15.204, +9.305,+0.939
1666604340,+3.47,+15.196, +9.341,+0.939
1666604400,+3.47,+15.178, +9.374,+0.939
1666604460,+3.47,+15.187, +9.369,+0.939
1666604520,+3.47,+15.170, +9.390,+0.940
1666604580,+3.47,+15.170, +9.351,+0.939
1666604640,+3.47,+15.170, +9.310,+0.939
1666604700,+3.47,+15.170, +9.329,+0.939
1666604760,+3.47,+15.204, +9.280,+0.939
1666604820,+3.47,+15.204, +9.296,+0.939
1666604880,+3.47,+15.204, +9.314,+0.939
1666604940,+3.47,+15.196, +9.354,+0.939
1666605000,+3.47,+15.196, +9.393,+0.939
1666605060,+3.47,+15.196, +9.381,+0.939
1666605120,+3.47,+15.196, +9.383,+0.939
1666605180,+3.47,+15.178, +9.402,+0.939
1666605240,+3.47,+15.170, +9.408,+0.939
1666605300,+3.47,+15.187, +9.342,+0.939
1666605360,+3.47,+15.196, +9.298,+0.940
1666605420,+3.47,+15.187, +9.314,+0.939
1666605480,+3.47,+15.178, +9.368,+0.939
1666605540,+3.47,+15.161, +9.439,+0.939
1666605600,+3.47,+15.187, +9.446,+0.939
1666605660,+3.47,+15.178, +9.457,+0.939
1666605720,+3.47,+15.161, +9.431,+0.939
1666605780,+3.47,+15.170, +9.419,+0.939
1666605840,+3.47,+15.204, +9.373,+0.939
1666605900,+3.47,+15.187, +9.363,+0.939
1666605960,+3.47,+15.187, +9.337,+0.939
1666606020,+3.47,+15.213, +9.306,+0.939
1666606080,+3.47,+15.213, +9.312,+0.939
1666606140,+3.47,+15.178, +9.316,+0.939
1666606200,+3.47,+15.196, +9.316,+0.939
1666606260,+3.47,+15.204, +9.328,+0.939
1666606320,+3.47,+15.187, +9.366,+0.939
1666606380,+3.47,+15.196, +9.364,+0.939
1666606440,+3.47,+15.196, +9.359,+0.939
1666606500,+3.47,+15.187, +9.344,+0.939
1666606560,+3.47,+15.178, +9.340,+0.939
1666606620,+3.47,+15.204, +9.322,+0.939
1666606680,+3.47,+15.196, +9.327,+0.939
1666606740,+3.47,+15.204, +9.324,+0.939
1666606800,+3.47,+15.221, +9.296,+0.939
1666606860,+3.47,+15.213, +9.268,+0.939
1666606920,+3.47,+15.204, +9.284,+0.939
1666606980,+3.47,+15.230, +9.279,+0.939
1666607040,+3.47,+15.221, +9.282,+0.939
1666607100,+3.47,+15.239, +9.269,+0.939
1666607160,+3.47,+15.230, +9.269,+0.939
1666607220,+3.47,+15.221, +9.267,+0.939
1666607280,+3.47,+15.247, +9.246,+0.939
1666607340,+3.47,+15.230, +9.227,+0.939
1666607400,+3.47,+15.221, +9.197,+0.939
1666607460,+3.47,+15.239, +9.097,+0.939
1666607520,+3.47,+15.230, +9.112,+0.939
1666607580,+3.47,+15.213, +9.182,+0.939
1666607640,+3.47,+15.196, +9.339,+0.939
1666607700,+3.47,+15.187, +9.293,+0.939
1666607760,+3.47,+15.178, +9.255,+0.939
1666607820,+3.47,+15.170, +9.296,+0.939
1666607880,+3.47,+15.187, +9.331,+0.939
1666607940,+3.47,+15.170, +9.360,+0.939
1666608000,+3.47,+15.170, +9.383,+0.939
1666608060,+3.47,+15.178, +9.384,+0.939
1666608120,+3.47,+15.187, +9.389,+0.939
1666608180,+3.47,+15.153, +9.351,+0.939
1666608240,+3.47,+15.170, +9.390,+0.939
1666608300,+3.47,+15.161, +9.417,+0.939
1666608360,+3.47,+15.153, +9.428,+0.939
1666608420,+3.47,+15.170, +9.417,+0.939
1666608480,+3.47,+15.161, +9.418,+0.939
1666608540,+3.47,+15.161, +9.426,+0.939
1666608600,+3.47,+15.161, +9.423,+0.939
1666608660,+3.47,+15.135, +9.428,+0.939
1666608720,+3.47,+15.153, +9.407,+0.939
1666608780,+3.47,+15.144, +9.380,+0.939
1666608840,+3.47,+15.161, +9.383,+0.939
1666608900,+3.47,+15.153, +9.407,+0.939
1666608960,+3.47,+15.135, +9.431,+0.939
1666609020,+3.47,+15.153, +9.431,+0.939
1666609080,+3.47,+15.153, +9.442,+0.939
1666609140,+3.47,+15.153, +9.444,+0.939
1666609200,+3.47,+15.161, +9.436,+0.939
1666609260,+3.47,+15.178, +9.420,+0.939
1666609320,+3.47,+15.170, +9.426,+0.939
1666609380,+3.47,+15.170, +9.423,+0.939
1666609440,+3.47,+15.178, +9.404,+0.939
1666609500,+3.47,+15.170, +9.376,+0.939
1666609560,+3.47,+15.170, +9.350,+0.939
1666609620,+3.47,+15.178, +9.329,+0.939
1666609680,+3.47,+15.161, +9.340,+0.939
1666609740,+3.47,+15.178, +9.351,+0.939
1666609800,+3.47,+15.170, +9.358,+0.939
1666609860,+3.47,+15.161, +9.342,+0.939
1666609920,+3.47,+15.153, +9.328,+0.939
1666609980,+3.47,+15.178, +9.318,+0.939
1666610040,+3.47,+15.170, +9.361,+0.939
1666610100,+3.47,+15.178, +9.366,+0.939
1666610160,+3.47,+15.178, +9.381,+0.939
1666610220,+3.47,+15.196, +9.359,+0.939
1666610280,+3.47,+15.161, +9.389,+0.939
1666610340,+3.47,+15.161, +9.391,+0.939
1666610400,+3.47,+15.178, +9.384,+0.939
1666610460,+3.47,+15.153, +9.420,+0.939
1666610520,+3.47,+15.161, +9.416,+0.939
1666610580,+3.47,+15.170, +9.442,+0.939
1666610640,+3.47,+15.144, +9.458,+0.939
1666610700,+3.47,+15.153, +9.449,+0.939
1666610760,+3.47,+15.153, +9.437,+0.939
1666610820,+3.47,+15.135, +9.431,+0.939
1666610880,+3.47,+15.170, +9.415,+0.939
1666610940,+3.47,+15.144, +9.403,+0.939
1666611000,+3.47,+15.153, +9.402,+0.939
1666611060,+3.47,+15.144, +9.385,+0.939
1666611120,+3.47,+15.153, +9.388,+0.939
1666611180,+3.47,+15.161, +9.413,+0.939
1666611240,+3.47,+15.161, +9.410,+0.939
1666611300,+3.47,+15.153, +9.409,+0.939
1666611360,+3.47,+15.153, +9.380,+0.938
1666611420,+3.47,+15.135, +9.374,+0.939
1666611480,+3.47,+15.135, +9.366,+0.939
1666611540,+3.47,+15.127, +9.361,+0.939
1666611600,+3.47,+15.153, +9.346,+0.939
1666611660,+3.47,+15.144, +9.323,+0.939
1666611720,+3.47,+15.135, +9.304,+0.939
1666611780,+3.47,+15.127, +9.309,+0.939
1666611840,+3.47,+15.127, +9.340,+0.939
1666611900,+3.47,+15.135, +9.343,+0.939
1666611960,+3.47,+15.135, +9.311,+0.939
1666612020,+3.47,+15.144, +9.322,+0.939
1666612080,+3.47,+15.144, +9.339,+0.939
1666612140,+3.47,+15.144, +9.354,+0.939
1666612200,+3.47,+15.161, +9.329,+0.939
1666612260,+3.47,+15.135, +9.340,+0.939
1666612320,+3.47,+15.127, +9.284,+0.939
1666612380,+3.47,+15.135, +9.303,+0.939
1666612440,+3.47,+15.144, +9.292,+0.939
1666612500,+3.47,+15.135, +9.291,+0.939
1666612560,+3.47,+15.144, +9.308,+0.939
1666612620,+3.47,+15.153, +9.316,+0.939
1666612680,+3.47,+15.153, +9.340,+0.939
1666612740,+3.47,+15.144, +9.332,+0.939
1666612800,+3.47,+15.144, +9.333,+0.939
1666612860,+3.47,+15.127, +9.256,+0.939
1666612920,+3.47,+15.161, +9.321,+0.939
1666612980,+3.47,+15.144, +9.350,+0.939
1666613040,+3.47,+15.153, +9.355,+0.939
1666613100,+3.47,+15.170, +9.348,+0.939
1666613160,+3.47,+15.161, +9.331,+0.939
1666613220,+3.47,+15.161, +9.347,+0.939
1666613280,+3.47,+15.153, +9.347,+0.939
1666613340,+3.47,+15.135, +9.362,+0.939
1666613400,+3.47,+15.144, +9.374,+0.939
1666613460,+3.47,+15.161, +9.361,+0.939
1666613520,+3.47,+15.187, +9.329,+0.939
1666613580,+3.47,+15.153, +9.299,+0.939
1666613640,+3.47,+15.153, +9.341,+0.939
1666613700,+3.47,+15.153, +9.316,+0.939
1666613760,+3.47,+15.161, +9.347,+0.939
1666613820,+3.47,+15.178, +9.348,+0.939
1666613880,+3.47,+15.170, +9.327,+0.939
1666613940,+3.47,+15.161, +9.349,+0.939
1666614000,+3.47,+15.144, +9.350,+0.939
1666614060,+3.47,+15.153, +9.360,+0.939
1666614120,+3.47,+15.161, +9.384,+0.939
1666614180,+3.47,+15.144, +9.409,+0.939
1666614240,+3.47,+15.153, +9.380,+0.939
1666614300,+3.47,+15.144, +9.347,+0.939
1666614360,+3.47,+15.161, +9.363,+0.939
1666614420,+3.47,+15.144, +9.368,+0.939
1666614480,+3.47,+15.153, +9.361,+0.939
1666614540,+3.47,+15.170, +9.354,+0.939
1666614600,+3.47,+15.170, +9.365,+0.940
1666614660,+3.47,+15.170, +9.324,+0.939
1666614720,+3.47,+15.161, +9.303,+0.939
1666614780,+3.47,+15.170, +9.303,+0.939
1666614840,+3.47,+15.161, +9.328,+0.939
1666614900,+3.47,+15.178, +9.321,+0.939
1666614960,+3.47,+15.170, +9.328,+0.939
1666615020,+3.47,+15.161, +9.344,+0.939
1666615080,+3.47,+15.161, +9.325,+0.939
1666615140,+3.47,+15.170, +9.320,+0.939
1666615200,+3.47,+15.204, +9.309,+0.939
1666615260,+3.47,+15.187, +9.290,+0.939
1666615320,+3.47,+15.196, +9.274,+0.939
1666615380,+3.47,+15.187, +9.275,+0.939
1666615440,+3.47,+15.196, +9.276,+0.939
1666615500,+3.47,+15.196, +9.266,+0.939
1666615560,+3.47,+15.178, +9.265,+0.939
1666615620,+3.47,+15.178, +9.266,+0.939
1666615680,+3.47,+15.178, +9.264,+0.939
1666615740,+3.47,+15.187, +9.270,+0.939
1666615800,+3.47,+15.178, +9.274,+0.939
1666615860,+3.47,+15.196, +9.268,+0.939
1666615920,+3.47,+15.178, +9.238,+0.939
1666615980,+3.47,+15.170, +9.245,+0.939
1666616040,+3.47,+15.204, +9.236,+0.939
1666616100,+3.47,+15.196, +9.219,+0.939
1666616160,+3.47,+15.187, +9.215,+0.939
1666616220,+3.47,+15.196, +9.204,+0.939
1666616280,+3.47,+15.178, +9.216,+0.939
1666616340,+3.47,+15.187, +9.164,+0.939
1666616400,+3.47,+15.170, +9.164,+0.939
1666616460,+3.47,+15.187, +9.165,+0.939
1666616520,+3.47,+15.178, +9.204,+0.939
1666616580,+3.47,+15.161, +9.203,+0.938
1666616640,+3.47,+15.170, +9.216,+0.939
1666616700,+3.47,+15.153, +9.220,+0.938
1666616760,+3.47,+15.170, +9.249,+0.939
1666616820,+3.47,+15.178, +9.255,+0.939
1666616880,+3.47,+15.178, +9.256,+0.939
1666616940,+3.47,+15.187, +9.248,+0.939
1666617000,+3.47,+15.196, +9.252,+0.939
1666617060,+3.47,+15.161, +9.244,+0.939
1666617120,+3.47,+15.170, +9.231,+0.939
1666617180,+3.47,+15.170, +9.211,+0.939
1666617240,+3.47,+15.187, +9.217,+0.939
1666617300,+3.47,+15.178, +9.248,+0.939
1666617360,+3.47,+15.178, +9.269,+0.939
1666617420,+3.47,+15.178, +9.281,+0.939
1666617480,+3.47,+15.178, +9.275,+0.939
1666617540,+3.47,+15.161, +9.291,+0.939
1666617600,+3.47,+15.135, +9.276,+0.939
1666617660,+3.47,+15.144, +9.309,+0.939
1666617720,+3.47,+15.144, +9.301,+0.939
1666617780,+3.47,+15.135, +9.293,+0.939
1666617840,+3.47,+15.153, +9.268,+0.939
1666617900,+3.47,+15.127, +9.260,+0.939
1666617960,+3.47,+15.144, +9.244,+0.939
1666618020,+3.47,+15.144, +9.227,+0.939
1666618080,+3.47,+15.153, +9.205,+0.939
1666618140,+3.47,+15.161, +9.171,+0.939
1666618200,+3.47,+15.153, +9.184,+0.939
1666618260,+3.47,+15.161, +9.163,+0.939
1666618320,+3.47,+15.170, +9.153,+0.939
1666618380,+3.47,+15.178, +9.168,+0.939
1666618440,+3.47,+15.170, +9.130,+0.939
1666618500,+3.47,+15.178, +9.122,+0.939
1666618560,+3.47,+15.196, +9.110,+0.939
1666618620,+3.47,+15.187, +9.125,+0.939
1666618680,+3.47,+15.196, +9.169,+0.939
1666618740,+3.47,+15.178, +9.177,+0.939
1666618800,+3.47,+15.161, +9.158,+0.939
1666618860,+3.47,+15.187, +9.150,+0.939
1666618920,+3.47,+15.178, +9.136,+0.939
1666618980,+3.47,+15.204, +9.125,+0.939
1666619040,+3.47,+15.213, +9.141,+0.939
1666619100,+3.47,+15.187, +9.153,+0.939
1666619160,+3.47,+15.196, +9.146,+0.939
1666619220,+3.47,+15.187, +9.128,+0.939
1666619280,+3.47,+15.213, +9.108,+0.939
1666619340,+3.47,+15.213, +9.127,+0.939
1666619400,+3.47,+15.221, +9.135,+0.939
1666619460,+3.47,+15.204, +9.111,+0.939
1666619520,+3.47,+15.221, +9.103,+0.939
1666619580,+3.47,+15.213, +9.097,+0.939
1666619640,+3.47,+15.221, +9.097,+0.939
1666619700,+3.47,+15.213, +9.105,+0.939
1666619760,+3.47,+15.204, +9.115,+0.939
1666619820,+3.47,+15.239, +9.104,+0.939
1666619880,+3.47,+15.230, +9.099,+0.939
1666619940,+3.47,+15.256, +9.096,+0.939
1666620000,+3.47,+15.221, +9.128,+0.939
1666620060,+3.47,+15.230, +9.118,+0.939
1666620120,+3.47,+15.247, +9.114,+0.939
1666620180,+3.47,+15.239, +9.090,+0.938
1666620240,+3.47,+15.256, +9.064,+0.939
1666620300,+3.47,+15.247, +9.069,+0.939
1666620360,+3.47,+15.239, +9.096,+0.939
1666620420,+3.47,+15.230, +9.116,+0.939
1666620480,+3.47,+15.230, +9.111,+0.939
1666620540,+3.47,+15.239, +9.109,+0.939
1666620600,+3.47,+15.247, +9.118,+0.939
1666620660,+3.47,+15.239, +9.117,+0.939
1666620720,+3.47,+15.230, +9.086,+0.939
1666620780,+3.47,+15.256, +9.055,+0.939
1666620840,+3.47,+15.221, +9.031,+0.939
1666620900,+3.47,+15.230, +9.007,+0.938
1666620960,+3.47,+15.221, +9.026,+0.939
1666621020,+3.47,+15.230, +9.023,+0.939
1666621080,+3.47,+15.221, +9.046,+0.939
1666621140,+3.47,+15.239, +9.047,+0.939
1666621200,+3.47,+15.230, +9.084,+0.939
1666621260,+3.47,+15.230, +9.089,+0.939
1666621320,+3.47,+15.239, +9.051,+0.939
1666621380,+3.47,+15.239, +9.058,+0.939
1666621440,+3.47,+15.230, +9.048,+0.939
1666621500,+3.47,+15.239, +8.986,+0.938
1666621560,+3.47,+15.256, +8.999,+0.939
1666621620,+3.47,+15.247, +9.003,+0.939
1666621680,+3.47,+15.239, +9.003,+0.939
1666621740,+3.47,+15.239, +9.011,+0.939
1666621800,+3.47,+15.247, +9.000,+0.939
1666621860,+3.47,+15.239, +8.948,+0.939
1666621920,+3.47,+15.247, +8.829,+0.939
1666621980,+3.47,+15.239, +8.763,+0.938
1666622040,+3.47,+15.239, +8.835,+0.939
1666622100,+3.47,+15.247, +8.838,+0.938
1666622160,+3.47,+15.230, +8.812,+0.939
1666622220,+3.47,+15.247, +8.832,+0.939
1666622280,+3.47,+15.247, +8.906,+0.939
1666622340,+3.47,+15.239, +8.938,+0.938
1666622400,+3.47,+15.247, +8.905,+0.938
1666622460,+3.47,+15.230, +8.878,+0.939
1666622520,+3.47,+15.239, +8.849,+0.939
1666622580,+3.47,+15.264, +8.811,+0.939
1666622640,+3.47,+15.239, +8.852,+0.939
1666622700,+3.47,+15.247, +8.847,+0.939
1666622760,+3.47,+15.264, +8.793,+0.939
1666622820,+3.47,+15.264, +8.728,+0.939
1666622880,+3.47,+15.247, +8.676,+0.939
1666622940,+3.47,+15.239, +8.620,+0.938
1666623000,+3.47,+15.239, +8.662,+0.939
1666623060,+3.47,+15.264, +8.799,+0.939
1666623120,+3.47,+15.264, +8.885,+0.939
1666623180,+3.47,+15.247, +8.911,+0.938
1666623240,+3.47,+15.239, +8.939,+0.939
1666623300,+3.47,+15.264, +8.953,+0.939
1666623360,+3.47,+15.256, +8.952,+0.939
1666623420,+3.47,+15.247, +8.952,+0.939
1666623480,+3.47,+15.256, +8.910,+0.939
1666623540,+3.47,+15.264, +8.906,+0.939
1666623600,+3.47,+15.247, +8.925,+0.939
1666623660,+3.47,+15.256, +8.731,+0.939
1666623720,+3.47,+15.230, +8.876,+0.939
1666623780,+3.47,+15.256, +8.952,+0.939
1666623840,+3.47,+15.264, +8.962,+0.939
1666623900,+3.47,+15.256, +8.977,+0.939
1666623960,+3.47,+15.273, +8.889,+0.938
1666624020,+3.47,+15.264, +8.929,+0.939
1666624080,+3.47,+15.264, +8.929,+0.939
1666624140,+3.47,+15.273, +8.895,+0.939
1666624200,+3.47,+15.256, +8.863,+0.939
1666624260,+3.47,+15.264, +8.774,+0.938
1666624320,+3.47,+15.256, +8.809,+0.939
1666624380,+3.47,+15.264, +8.849,+0.939
1666624440,+3.47,+15.273, +8.837,+0.939
1666624500,+3.47,+15.256, +8.761,+0.939
1666624560,+3.47,+15.281, +8.687,+0.939
1666624620,+3.47,+15.256, +8.646,+0.938
1666624680,+3.47,+15.264, +8.655,+0.939
1666624740,+3.47,+15.264, +8.755,+0.939
1666624800,+3.47,+15.256, +8.844,+0.938
1666624860,+3.47,+15.264, +8.927,+0.939
1666624920,+3.47,+15.273, +8.950,+0.939
1666624980,+3.47,+15.290, +8.910,+0.939
1666625040,+3.47,+15.281, +8.840,+0.939
1666625100,+3.47,+15.273, +8.750,+0.939
1666625160,+3.47,+15.290, +8.755,+0.939
1666625220,+3.47,+15.273, +8.817,+0.939
1666625280,+3.47,+15.273, +8.848,+0.939
1666625340,+3.47,+15.273, +8.841,+0.939
1666625400,+3.47,+15.264, +8.844,+0.939
1666625460,+3.47,+15.264, +8.817,+0.938
1666625520,+3.47,+15.264, +8.842,+0.939
1666625580,+3.47,+15.264, +8.643,+0.939
1666625640,+3.47,+15.256, +8.503,+0.939
1666625700,+3.47,+15.273, +8.759,+0.939
1666625760,+3.47,+15.230, +8.963,+0.939
1666625820,+3.47,+15.230, +9.055,+0.939
1666625880,+3.47,+15.204, +9.033,+0.939
1666625940,+3.47,+15.221, +9.053,+0.939
1666626000,+3.47,+15.239, +8.952,+0.939
1666626060,+3.47,+15.239, +8.820,+0.939
1666626120,+3.47,+15.221, +8.974,+0.939
1666626180,+3.47,+15.213, +9.017,+0.939
1666626240,+3.47,+15.221, +9.054,+0.939
1666626300,+3.47,+15.247, +9.094,+0.939
1666626360,+3.47,+15.247, +9.145,+0.939
1666626420,+3.47,+15.221, +9.161,+0.939
1666626480,+3.47,+15.247, +8.999,+0.939
1666626540,+3.47,+15.239, +9.009,+0.939
1666626600,+3.47,+15.273, +8.976,+0.939
1666626660,+3.47,+15.256, +8.906,+0.939
1666626720,+3.47,+15.256, +8.795,+0.939
1666626780,+3.47,+15.247, +8.727,+0.939
1666626840,+3.47,+15.264, +8.598,+0.939
1666626900,+3.47,+15.247, +8.443,+0.938
1666626960,+3.47,+15.273, +8.456,+0.938
1666627020,+3.47,+15.256, +8.639,+0.938
1666627080,+3.47,+15.247, +8.726,+0.939
1666627140,+3.47,+15.256, +8.737,+0.938
1666627200,+3.47,+15.256, +8.757,+0.938
1666627260,+3.47,+15.256, +8.792,+0.939
1666627320,+3.47,+15.264, +8.814,+0.939
1666627380,+3.47,+15.273, +8.870,+0.939
1666627440,+3.47,+15.273, +9.022,+0.939
1666627500,+3.47,+15.256, +9.097,+0.939
1666627560,+3.47,+15.256, +9.169,+0.939
1666627620,+3.47,+15.239, +9.176,+0.939
1666627680,+3.47,+15.221, +9.194,+0.939
1666627740,+3.47,+15.247, +9.196,+0.939
1666627800,+3.47,+15.230, +9.184,+0.939
1666627860,+3.47,+15.247, +9.199,+0.939
1666627920,+3.47,+15.247, +9.202,+0.939
1666627980,+3.47,+15.264, +9.149,+0.939
1666628040,+3.47,+15.239, +8.967,+0.939
1666628100,+3.47,+15.230, +8.887,+0.939
1666628160,+3.47,+15.256, +8.831,+0.939
1666628220,+3.47,+15.239, +8.873,+0.939
1666628280,+3.47,+15.247, +8.978,+0.939
1666628340,+3.47,+15.247, +8.975,+0.939
1666628400,+3.47,+15.256, +8.989,+0.939
1666628460,+3.47,+15.264, +8.971,+0.939
1666628520,+3.47,+15.247, +8.890,+0.939
1666628580,+3.47,+15.247, +8.860,+0.939
1666628640,+3.47,+15.256, +8.855,+0.939
1666628700,+3.47,+15.264, +8.777,+0.938
1666628760,+3.47,+15.256, +8.731,+0.939
1666628820,+3.47,+15.256, +8.691,+0.939
1666628880,+3.47,+15.264, +8.720,+0.938
1666628940,+3.47,+15.264, +8.679,+0.938
1666629000,+3.47,+15.256, +8.659,+0.938
1666629060,+3.47,+15.264, +8.646,+0.939
1666629120,+3.47,+15.256, +8.629,+0.938
1666629180,+3.47,+15.239, +8.611,+0.939
1666629240,+3.47,+15.264, +8.598,+0.939
1666629300,+3.47,+15.256, +8.573,+0.938
1666629360,+3.47,+15.256, +8.557,+0.939
1666629420,+3.47,+15.264, +8.536,+0.939
1666629480,+3.47,+15.256, +8.483,+0.939
1666629540,+3.47,+15.264, +8.483,+0.938
1666629600,+3.47,+15.273, +8.520,+0.939
1666629660,+3.47,+15.256, +8.570,+0.938
1666629720,+3.47,+15.256, +8.566,+0.939
1666629780,+3.47,+15.273, +8.541,+0.938
1666629840,+3.47,+15.273, +8.559,+0.939
1666629900,+3.47,+15.256, +8.641,+0.938
1666629960,+3.47,+15.264, +8.642,+0.939
1666630020,+3.47,+15.264, +8.605,+0.938
1666630080,+3.47,+15.256, +8.655,+0.939
1666630140,+3.47,+15.256, +8.636,+0.939
1666630200,+3.47,+15.264, +8.582,+0.938
