7450-364333
OS REV: 1.05 Sensor Cal: 1644948279
Time (sec),  BV (Volts),  T (deg C),  DO (mg/l),  Q ()
1668012660,+3.47,+14.731, +9.711,+0.937
1668012720,+3.47,+14.722, +9.704,+0.937
1668012780,+3.47,+14.687, +9.611,+0.937
1668012840,+3.47,+14.662, +9.602,+0.937
1668012900,+3.47,+14.627, +9.552,+0.937
1668012960,+3.47,+14.610, +9.566,+0.937
1668013020,+3.46,+14.592, +9.554,+0.936
1668013080,+3.46,+14.584, +9.536,+0.937
1668013140,+3.46,+14.567, +9.496,+0.937
1668013200,+3.46,+14.532, +9.446,+0.937
1668013260,+3.46,+14.480, +9.406,+0.936
1668013320,+3.46,+14.437, +9.433,+0.937
1668013380,+3.46,+14.411, +9.450,+0.937
1668013440,+3.46,+14.385, +9.411,+0.937
1668013500,+3.46,+14.402, +9.375,+0.937
1668013560,+3.46,+14.437, +9.385,+0.937
1668013620,+3.46,+14.480, +9.403,+0.937
1668013680,+3.46,+14.506, +9.465,+0.937
1668013740,+3.46,+14.489, +9.490,+0.937
1668013800,+3.46,+14.506, +9.449,+0.937
1668013860,+3.46,+14.497, +9.447,+0.937
1668013920,+3.46,+14.515, +9.445,+0.937
1668013980,+3.46,+14.515, +9.539,+0.937
1668014040,+3.46,+14.497, +9.595,+0.937
1668014100,+3.46,+14.489, +9.692,+0.937
1668014160,+3.46,+14.489, +9.767,+0.937
1668014220,+3.46,+14.506, +9.834,+0.937
1668014280,+3.46,+14.515, +9.866,+0.937
1668014340,+3.46,+14.558, +9.989,+0.938
1668014400,+3.46,+14.558, +9.993,+0.937
1668014460,+3.46,+14.558, +9.972,+0.937
1668014520,+3.46,+14.601, +9.980,+0.937
1668014580,+3.47,+14.601, +9.966,+0.937
1668014640,+3.46,+14.575, +9.934,+0.937
1668014700,+3.47,+14.601, +9.907,+0.937
1668014760,+3.46,+14.601, +9.919,+0.937
1668014820,+3.47,+14.601, +9.979,+0.937
1668014880,+3.46,+14.575, +9.996,+0.937
1668014940,+3.46,+14.567, +9.953,+0.937
1668015000,+3.46,+14.506, +9.971,+0.937
1668015060,+3.46,+14.463, +9.952,+0.936
1668015120,+3.46,+14.428, +9.927,+0.937
1668015180,+3.46,+14.402, +9.931,+0.937
1668015240,+3.46,+14.402, +9.887,+0.937
1668015300,+3.46,+14.376, +9.910,+0.937
1668015360,+3.46,+14.402, +9.890,+0.937
1668015420,+3.46,+14.368, +9.914,+0.937
1668015480,+3.46,+14.385, +9.903,+0.937
1668015540,+3.46,+14.420, +9.905,+0.937
1668015600,+3.46,+14.428,+10.039,+0.937
1668015660,+3.46,+14.463,+10.016,+0.937
1668015720,+3.46,+14.480,+10.030,+0.937
1668015780,+3.46,+14.489,+10.015,+0.937
1668015840,+3.46,+14.480, +9.953,+0.937
1668015900,+3.46,+14.480, +9.962,+0.937
1668015960,+3.46,+14.497, +9.992,+0.937
1668016020,+3.46,+14.523,+10.061,+0.938
1668016080,+3.46,+14.558,+10.027,+0.937
1668016140,+3.46,+14.567,+10.041,+0.937
1668016200,+3.46,+14.575,+10.053,+0.937
1668016260,+3.47,+14.610,+10.091,+0.938
1668016320,+3.47,+14.627,+10.131,+0.937
1668016380,+3.47,+14.636,+10.151,+0.937
1668016440,+3.47,+14.670,+10.175,+0.937
1668016500,+3.47,+14.687,+10.166,+0.937
1668016560,+3.47,+14.662,+10.127,+0.937
1668016620,+3.47,+14.636,+10.147,+0.937
1668016680,+3.47,+14.644,+10.140,+0.938
1668016740,+3.46,+14.592,+10.110,+0.937
1668016800,+3.46,+14.549,+10.038,+0.937
1668016860,+3.46,+14.523, +9.978,+0.937
1668016920,+3.46,+14.480, +9.919,+0.937
1668016980,+3.46,+14.411, +9.916,+0.937
1668017040,+3.46,+14.420, +9.897,+0.937
1668017100,+3.46,+14.368, +9.907,+0.937
1668017160,+3.46,+14.368, +9.975,+0.937
1668017220,+3.46,+14.376, +9.954,+0.937
1668017280,+3.46,+14.359, +9.958,+0.937
1668017340,+3.46,+14.333, +9.959,+0.937
1668017400,+3.46,+14.307, +9.970,+0.937
1668017460,+3.46,+14.298, +9.949,+0.937
1668017520,+3.46,+14.298, +9.940,+0.937
1668017580,+3.46,+14.316, +9.910,+0.937
1668017640,+3.46,+14.316, +9.927,+0.937
1668017700,+3.46,+14.342, +9.924,+0.937
1668017760,+3.46,+14.359,+10.013,+0.937
1668017820,+3.46,+14.437,+10.363,+0.938
1668017880,+3.46,+14.480,+10.255,+0.938
1668017940,+3.46,+14.506,+10.319,+0.937
1668018000,+3.46,+14.489,+10.240,+0.937
1668018060,+3.46,+14.523,+10.393,+0.938
1668018120,+3.46,+14.575,+10.416,+0.938
1668018180,+3.47,+14.687,+10.316,+0.938
1668018240,+3.47,+14.731,+10.315,+0.938
1668018300,+3.47,+14.791,+10.314,+0.937
1668018360,+3.47,+14.817,+10.339,+0.938
1668018420,+3.47,+14.825,+10.323,+0.938
1668018480,+3.47,+14.834,+10.343,+0.938
1668018540,+3.47,+14.860,+10.312,+0.937
1668018600,+3.47,+14.808,+10.203,+0.937
1668018660,+3.47,+14.653,+10.104,+0.937
1668018720,+3.47,+14.601,+10.188,+0.937
1668018780,+3.46,+14.532, +9.986,+0.937
1668018840,+3.46,+14.463, +9.927,+0.937
1668018900,+3.46,+14.385, +9.919,+0.937
1668018960,+3.46,+14.394, +9.909,+0.937
1668019020,+3.46,+14.350, +9.924,+0.937
1668019080,+3.46,+14.350, +9.984,+0.937
1668019140,+3.46,+14.342, +9.991,+0.937
1668019200,+3.46,+14.350, +9.996,+0.937
1668019260,+3.46,+14.359,+10.018,+0.937
1668019320,+3.46,+14.350,+10.068,+0.937
1668019380,+3.46,+14.385,+10.190,+0.938
1668019440,+3.46,+14.454,+10.377,+0.938
1668019500,+3.46,+14.446,+10.358,+0.937
1668019560,+3.46,+14.446,+10.344,+0.938
1668019620,+3.46,+14.446,+10.400,+0.938
1668019680,+3.46,+14.515,+10.572,+0.938
1668019740,+3.46,+14.584,+10.525,+0.938
1668019800,+3.46,+14.541,+10.483,+0.938
1668019860,+3.46,+14.584,+10.634,+0.938
1668019920,+3.47,+14.627,+10.681,+0.938
1668019980,+3.47,+14.713,+10.715,+0.938
1668020040,+3.47,+14.765,+10.734,+0.938
1668020100,+3.47,+14.765,+10.843,+0.938
1668020160,+3.47,+14.817,+10.752,+0.938
1668020220,+3.47,+14.808,+10.781,+0.938
1668020280,+3.47,+14.825,+10.835,+0.938
1668020340,+3.47,+14.834,+10.863,+0.938
1668020400,+3.47,+14.851,+10.791,+0.938
1668020460,+3.47,+14.808,+10.692,+0.938
1668020520,+3.47,+14.774,+10.519,+0.938
1668020580,+3.47,+14.774,+10.560,+0.938
1668020640,+3.47,+14.731,+10.468,+0.938
1668020700,+3.47,+14.713,+10.537,+0.937
1668020760,+3.47,+14.722,+10.622,+0.938
1668020820,+3.47,+14.722,+10.665,+0.938
1668020880,+3.47,+14.705,+10.626,+0.937
1668020940,+3.47,+14.662,+10.586,+0.938
1668021000,+3.47,+14.636,+10.622,+0.938
1668021060,+3.46,+14.549,+10.352,+0.937
1668021120,+3.46,+14.489,+10.198,+0.937
1668021180,+3.46,+14.446,+10.140,+0.937
1668021240,+3.46,+14.437,+10.097,+0.937
1668021300,+3.46,+14.428,+10.073,+0.937
1668021360,+3.46,+14.394,+10.061,+0.937
1668021420,+3.46,+14.394,+10.027,+0.937
1668021480,+3.46,+14.368, +9.976,+0.937
1668021540,+3.46,+14.333, +9.958,+0.937
1668021600,+3.46,+14.342, +9.944,+0.937
1668021660,+3.46,+14.350, +9.935,+0.937
1668021720,+3.46,+14.359, +9.962,+0.937
1668021780,+3.46,+14.342,+10.035,+0.937
1668021840,+3.46,+14.437,+10.410,+0.938
1668021900,+3.46,+14.601,+10.692,+0.938
1668021960,+3.47,+14.670,+10.739,+0.938
1668022020,+3.46,+14.567,+10.535,+0.937
1668022080,+3.47,+14.636,+10.670,+0.938
1668022140,+3.47,+14.670,+10.814,+0.938
1668022200,+3.47,+14.705,+10.832,+0.938
1668022260,+3.47,+14.722,+10.819,+0.938
1668022320,+3.47,+14.739,+10.804,+0.938
1668022380,+3.47,+14.739,+10.786,+0.938
1668022440,+3.47,+14.748,+10.743,+0.938
1668022500,+3.47,+14.696,+10.620,+0.938
1668022560,+3.47,+14.627,+10.484,+0.938
1668022620,+3.47,+14.592,+10.441,+0.937
1668022680,+3.46,+14.541,+10.303,+0.937
1668022740,+3.46,+14.515,+10.273,+0.937
1668022800,+3.46,+14.471,+10.211,+0.937
1668022860,+3.46,+14.454,+10.203,+0.937
1668022920,+3.46,+14.437,+10.146,+0.937
1668022980,+3.46,+14.428,+10.118,+0.937
1668023040,+3.46,+14.385,+10.139,+0.937
1668023100,+3.46,+14.394,+10.138,+0.938
1668023160,+3.46,+14.350,+10.151,+0.937
1668023220,+3.46,+14.385,+10.171,+0.937
1668023280,+3.46,+14.376,+10.289,+0.938
1668023340,+3.46,+14.394,+10.241,+0.937
1668023400,+3.46,+14.411,+10.386,+0.938
1668023460,+3.46,+14.497,+10.559,+0.938
1668023520,+3.46,+14.515,+10.713,+0.938
1668023580,+3.46,+14.592,+10.840,+0.938
1668023640,+3.46,+14.627,+10.862,+0.938
1668023700,+3.47,+14.662,+10.851,+0.938
1668023760,+3.47,+14.687,+10.852,+0.938
1668023820,+3.47,+14.705,+10.839,+0.938
1668023880,+3.47,+14.774,+10.761,+0.938
1668023940,+3.47,+14.800,+10.704,+0.938
1668024000,+3.47,+14.851,+10.603,+0.938
1668024060,+3.47,+14.851,+10.551,+0.938
1668024120,+3.47,+14.843,+10.538,+0.937
1668024180,+3.47,+14.860,+10.539,+0.938
1668024240,+3.47,+14.851,+10.566,+0.938
1668024300,+3.47,+14.843,+10.680,+0.938
1668024360,+3.47,+14.869,+10.605,+0.938
1668024420,+3.47,+14.860,+10.658,+0.938
1668024480,+3.47,+14.851,+10.726,+0.937
1668024540,+3.47,+14.860,+10.660,+0.938
1668024600,+3.47,+14.825,+10.688,+0.938
1668024660,+3.47,+14.860,+10.663,+0.938
1668024720,+3.47,+14.843,+10.873,+0.938
1668024780,+3.47,+14.851,+10.882,+0.938
1668024840,+3.47,+14.851,+10.748,+0.938
1668024900,+3.47,+14.869,+10.620,+0.938
1668024960,+3.47,+14.877,+10.587,+0.938
1668025020,+3.47,+14.860,+10.633,+0.937
1668025080,+3.47,+14.860,+10.629,+0.938
1668025140,+3.47,+14.851,+10.701,+0.938
1668025200,+3.47,+14.834,+10.785,+0.938
1668025260,+3.47,+14.851,+10.669,+0.938
1668025320,+3.47,+14.825,+10.616,+0.938
1668025380,+3.47,+14.808,+10.726,+0.937
1668025440,+3.47,+14.800,+10.656,+0.938
1668025500,+3.47,+14.808,+10.617,+0.938
1668025560,+3.47,+14.817,+10.625,+0.938
1668025620,+3.47,+14.817,+10.593,+0.937
1668025680,+3.47,+14.782,+10.577,+0.938
1668025740,+3.47,+14.765,+10.653,+0.937
1668025800,+3.47,+14.774,+10.573,+0.938
1668025860,+3.47,+14.782,+10.528,+0.937
1668025920,+3.47,+14.791,+10.497,+0.937
1668025980,+3.47,+14.808,+10.456,+0.938
1668026040,+3.47,+14.800,+10.419,+0.937
1668026100,+3.47,+14.800,+10.429,+0.938
1668026160,+3.47,+14.782,+10.362,+0.937
1668026220,+3.47,+14.774,+10.236,+0.937
1668026280,+3.47,+14.765,+10.143,+0.937
1668026340,+3.47,+14.722,+10.293,+0.937
1668026400,+3.47,+14.687,+10.400,+0.937
1668026460,+3.47,+14.679,+10.390,+0.937
1668026520,+3.47,+14.653,+10.432,+0.937
1668026580,+3.47,+14.627,+10.530,+0.937
1668026640,+3.47,+14.601,+10.475,+0.938
1668026700,+3.46,+14.592,+10.397,+0.937
1668026760,+3.46,+14.575,+10.451,+0.938
1668026820,+3.46,+14.541,+10.306,+0.937
1668026880,+3.46,+14.532,+10.159,+0.937
1668026940,+3.46,+14.480, +9.990,+0.937
1668027000,+3.46,+14.463, +9.832,+0.937
1668027060,+3.46,+14.420, +9.720,+0.937
1668027120,+3.46,+14.394, +9.774,+0.937
1668027180,+3.46,+14.368,+10.014,+0.937
1668027240,+3.46,+14.350,+10.007,+0.937
1668027300,+3.46,+14.350,+10.072,+0.938
1668027360,+3.46,+14.420,+10.360,+0.938
1668027420,+3.46,+14.489,+10.502,+0.938
1668027480,+3.46,+14.506,+10.479,+0.938
1668027540,+3.46,+14.549,+10.372,+0.938
1668027600,+3.46,+14.584,+10.352,+0.937
1668027660,+3.47,+14.592,+10.009,+0.937
1668027720,+3.47,+14.618,+10.038,+0.937
1668027780,+3.47,+14.627,+10.074,+0.937
1668027840,+3.47,+14.627,+10.037,+0.937
1668027900,+3.47,+14.627, +9.947,+0.937
1668027960,+3.47,+14.653, +9.850,+0.937
1668028020,+3.47,+14.636, +9.835,+0.937
1668028080,+3.47,+14.627, +9.865,+0.937
1668028140,+3.47,+14.627, +9.973,+0.938
1668028200,+3.47,+14.601, +9.929,+0.937
1668028260,+3.47,+14.592, +9.886,+0.937
1668028320,+3.46,+14.541,+10.166,+0.937
1668028380,+3.46,+14.532,+10.322,+0.937
1668028440,+3.46,+14.532,+10.431,+0.937
1668028500,+3.46,+14.541,+10.457,+0.937
1668028560,+3.46,+14.541,+10.448,+0.937
1668028620,+3.46,+14.532,+10.036,+0.937
1668028680,+3.46,+14.532, +9.824,+0.937
1668028740,+3.46,+14.506, +9.776,+0.937
1668028800,+3.46,+14.523,+10.035,+0.937
1668028860,+3.46,+14.532,+10.325,+0.937
1668028920,+3.46,+14.523,+10.346,+0.937
1668028980,+3.46,+14.523,+10.135,+0.937
1668029040,+3.46,+14.506,+10.065,+0.937
1668029100,+3.46,+14.523,+10.098,+0.938
1668029160,+3.46,+14.523,+10.158,+0.937
1668029220,+3.46,+14.567, +9.976,+0.937
1668029280,+3.46,+14.549, +9.747,+0.937
1668029340,+3.46,+14.575, +9.477,+0.936
1668029400,+3.46,+14.575, +9.375,+0.937
1668029460,+3.46,+14.575, +9.221,+0.937
1668029520,+3.46,+14.584, +9.265,+0.937
1668029580,+3.46,+14.584, +9.411,+0.937
1668029640,+3.47,+14.592, +9.483,+0.937
1668029700,+3.47,+14.592, +9.472,+0.937
1668029760,+3.47,+14.584, +9.483,+0.937
1668029820,+3.47,+14.601, +9.509,+0.937
1668029880,+3.47,+14.601, +9.324,+0.937
1668029940,+3.47,+14.601, +9.253,+0.937
1668030000,+3.47,+14.592, +9.340,+0.937
1668030060,+3.47,+14.601, +9.526,+0.937
1668030120,+3.47,+14.584, +9.807,+0.937
1668030180,+3.46,+14.584,+10.303,+0.937
1668030240,+3.46,+14.567,+10.467,+0.938
1668030300,+3.46,+14.549,+10.574,+0.938
1668030360,+3.46,+14.567,+10.602,+0.937
1668030420,+3.46,+14.549,+10.616,+0.938
1668030480,+3.46,+14.549,+10.625,+0.937
1668030540,+3.46,+14.584,+10.648,+0.938
1668030600,+3.46,+14.567,+10.629,+0.938
1668030660,+3.46,+14.558,+10.594,+0.938
1668030720,+3.46,+14.575,+10.543,+0.937
1668030780,+3.46,+14.558,+10.540,+0.938
1668030840,+3.46,+14.567,+10.558,+0.938
1668030900,+3.46,+14.567,+10.542,+0.937
1668030960,+3.46,+14.549,+10.577,+0.938
1668031020,+3.46,+14.558,+10.523,+0.937
1668031080,+3.46,+14.575,+10.486,+0.937
1668031140,+3.46,+14.584,+10.451,+0.938
1668031200,+3.46,+14.575,+10.494,+0.938
1668031260,+3.46,+14.601,+10.475,+0.937
1668031320,+3.46,+14.567,+10.530,+0.937
1668031380,+3.46,+14.567,+10.658,+0.938
1668031440,+3.46,+14.584,+10.666,+0.938
1668031500,+3.46,+14.567,+10.575,+0.938
1668031560,+3.46,+14.558,+10.473,+0.937
1668031620,+3.46,+14.558,+10.421,+0.938
1668031680,+3.46,+14.532,+10.321,+0.938
1668031740,+3.46,+14.558,+10.180,+0.937
1668031800,+3.46,+14.558,+10.108,+0.937
1668031860,+3.46,+14.549,+10.124,+0.937
1668031920,+3.46,+14.549, +9.897,+0.937
1668031980,+3.46,+14.549, +9.574,+0.936
1668032040,+3.46,+14.541, +9.488,+0.937
1668032100,+3.46,+14.558, +9.512,+0.936
1668032160,+3.46,+14.523, +9.627,+0.937
1668032220,+3.46,+14.523, +9.671,+0.937
1668032280,+3.46,+14.523, +9.619,+0.936
1668032340,+3.46,+14.506, +9.630,+0.937
1668032400,+3.46,+14.480, +9.609,+0.937
1668032460,+3.46,+14.463, +9.735,+0.937
1668032520,+3.46,+14.480, +9.641,+0.937
1668032580,+3.46,+14.480, +9.693,+0.937
1668032640,+3.46,+14.463, +9.799,+0.937
1668032700,+3.46,+14.480, +9.604,+0.937
1668032760,+3.46,+14.471, +9.317,+0.936
1668032820,+3.46,+14.471, +9.179,+0.936
1668032880,+3.46,+14.471, +9.195,+0.937
1668032940,+3.46,+14.471, +9.269,+0.937
1668033000,+3.46,+14.480, +9.324,+0.937
1668033060,+3.46,+14.463, +9.465,+0.937
1668033120,+3.46,+14.463, +9.518,+0.937
1668033180,+3.46,+14.480, +9.448,+0.937
1668033240,+3.46,+14.471, +9.277,+0.937
1668033300,+3.46,+14.463, +9.115,+0.936
1668033360,+3.46,+14.471, +8.984,+0.936
1668033420,+3.46,+14.463, +8.951,+0.937
1668033480,+3.46,+14.471, +9.008,+0.936
1668033540,+3.46,+14.471, +9.271,+0.937
1668033600,+3.46,+14.446, +9.564,+0.937
1668033660,+3.46,+14.471, +9.624,+0.937
1668033720,+3.46,+14.454, +9.587,+0.937
1668033780,+3.46,+14.463, +9.585,+0.937
1668033840,+3.46,+14.446, +9.577,+0.937
1668033900,+3.46,+14.454, +9.566,+0.937
1668033960,+3.46,+14.454, +9.528,+0.937
1668034020,+3.46,+14.446, +9.467,+0.937
1668034080,+3.46,+14.446, +9.429,+0.937
1668034140,+3.46,+14.446, +9.379,+0.937
1668034200,+3.46,+14.437, +9.342,+0.936
1668034260,+3.46,+14.454, +9.282,+0.937
1668034320,+3.46,+14.420, +9.353,+0.937
1668034380,+3.46,+14.437, +9.339,+0.937
1668034440,+3.46,+14.446, +9.406,+0.936
1668034500,+3.46,+14.420, +9.397,+0.937
1668034560,+3.46,+14.420, +9.475,+0.937
1668034620,+3.46,+14.402, +9.489,+0.937
1668034680,+3.46,+14.420, +9.378,+0.937
1668034740,+3.46,+14.420, +9.298,+0.936
1668034800,+3.46,+14.420, +9.353,+0.937
1668034860,+3.46,+14.402, +9.365,+0.937
1668034920,+3.46,+14.420, +9.361,+0.936
1668034980,+3.46,+14.411, +9.277,+0.936
1668035040,+3.46,+14.402, +9.211,+0.937
1668035100,+3.46,+14.411, +9.059,+0.937
1668035160,+3.46,+14.394, +8.917,+0.937
1668035220,+3.46,+14.420, +8.894,+0.937
1668035280,+3.46,+14.385, +8.855,+0.936
1668035340,+3.46,+14.368, +8.743,+0.936
1668035400,+3.46,+14.385, +8.764,+0.936
1668035460,+3.46,+14.368, +8.673,+0.937
1668035520,+3.46,+14.359, +8.488,+0.936
1668035580,+3.46,+14.368, +8.331,+0.936
1668035640,+3.47,+14.333, +8.202,+0.936
1668035700,+3.46,+14.342, +8.100,+0.936
1668035760,+3.46,+14.333, +7.995,+0.936
1668035820,+3.46,+14.324, +8.175,+0.936
1668035880,+3.46,+14.316, +8.300,+0.936
1668035940,+3.46,+14.333, +8.422,+0.936
1668036000,+3.47,+14.298, +8.598,+0.936
1668036060,+3.46,+14.272, +8.762,+0.936
1668036120,+3.47,+14.264, +8.769,+0.936
1668036180,+3.47,+14.264, +8.860,+0.936
1668036240,+3.47,+14.255, +8.769,+0.936
1668036300,+3.47,+14.246, +8.537,+0.936
1668036360,+3.47,+14.255, +8.545,+0.936
1668036420,+3.47,+14.246, +8.698,+0.936
1668036480,+3.47,+14.229, +9.017,+0.936
1668036540,+3.47,+14.238, +8.865,+0.936
1668036600,+3.47,+14.220, +8.686,+0.936
1668036660,+3.47,+14.203, +8.727,+0.936
1668036720,+3.47,+14.229, +8.877,+0.937
1668036780,+3.47,+14.212, +8.951,+0.936
1668036840,+3.47,+14.212, +9.213,+0.937
1668036900,+3.47,+14.212, +9.111,+0.937
1668036960,+3.47,+14.203, +8.890,+0.936
1668037020,+3.47,+14.194, +8.964,+0.936
1668037080,+3.47,+14.203, +8.863,+0.936
1668037140,+3.47,+14.186, +8.751,+0.936
1668037200,+3.47,+14.186, +9.064,+0.936
1668037260,+3.47,+14.168, +9.058,+0.936
1668037320,+3.47,+14.142, +9.059,+0.936
1668037380,+3.47,+14.177, +9.000,+0.936
1668037440,+3.47,+14.168, +8.976,+0.936
1668037500,+3.47,+14.177, +8.972,+0.937
1668037560,+3.47,+14.177, +9.106,+0.936
1668037620,+3.47,+14.186, +9.226,+0.937
1668037680,+3.47,+14.160, +9.445,+0.937
1668037740,+3.47,+14.151, +9.662,+0.937
1668037800,+3.47,+14.142, +9.794,+0.937
1668037860,+3.47,+14.116, +9.847,+0.937
1668037920,+3.47,+14.108, +9.993,+0.937
1668037980,+3.47,+14.082,+10.043,+0.937
1668038040,+3.47,+14.064,+10.019,+0.937
1668038100,+3.47,+14.073,+10.173,+0.937
1668038160,+3.47,+14.073,+10.178,+0.937
1668038220,+3.47,+14.064,+10.239,+0.937
1668038280,+3.47,+14.056,+10.236,+0.937
1668038340,+3.47,+14.064,+10.253,+0.937
1668038400,+3.47,+14.064,+10.315,+0.937
1668038460,+3.47,+14.056, +9.744,+0.937
1668038520,+3.47,+14.064,+10.052,+0.937
1668038580,+3.47,+14.082,+10.216,+0.937
1668038640,+3.47,+14.056,+10.272,+0.937
1668038700,+3.47,+14.064,+10.251,+0.937
1668038760,+3.47,+14.056,+10.240,+0.937
1668038820,+3.47,+14.056,+10.197,+0.938
1668038880,+3.47,+14.073,+10.011,+0.937
1668038940,+3.47,+14.064, +9.799,+0.937
1668039000,+3.47,+14.064, +9.622,+0.937
1668039060,+3.47,+14.082, +9.526,+0.937
1668039120,+3.47,+14.073, +9.397,+0.937
1668039180,+3.47,+14.073, +9.152,+0.937
1668039240,+3.47,+14.064, +9.091,+0.936
1668039300,+3.47,+14.082, +8.877,+0.937
1668039360,+3.47,+14.064, +8.833,+0.936
1668039420,+3.47,+14.082, +8.904,+0.936
1668039480,+3.47,+14.082, +9.022,+0.936
1668039540,+3.47,+14.099, +8.764,+0.937
1668039600,+3.47,+14.099, +8.711,+0.936
1668039660,+3.47,+14.090, +8.514,+0.937
1668039720,+3.47,+14.082, +8.336,+0.936
1668039780,+3.47,+14.064, +8.248,+0.936
1668039840,+3.47,+14.099, +8.145,+0.936
1668039900,+3.47,+14.082, +8.099,+0.936
1668039960,+3.47,+14.090, +8.061,+0.936
1668040020,+3.47,+14.090, +8.105,+0.936
1668040080,+3.47,+14.090, +8.104,+0.936
1668040140,+3.47,+14.090, +7.974,+0.936
1668040200,+3.47,+14.090, +8.128,+0.936
1668040260,+3.47,+14.073, +8.352,+0.936
1668040320,+3.47,+14.082, +8.574,+0.937
1668040380,+3.47,+14.082, +8.885,+0.937
1668040440,+3.47,+14.099, +8.583,+0.936
1668040500,+3.47,+14.099, +8.428,+0.936
1668040560,+3.47,+14.082, +8.272,+0.936
1668040620,+3.47,+14.082, +8.853,+0.936
1668040680,+3.47,+14.082, +8.918,+0.937
1668040740,+3.47,+14.073, +8.886,+0.936
1668040800,+3.47,+14.073, +8.520,+0.936
1668040860,+3.47,+14.090, +8.657,+0.936
1668040920,+3.47,+14.099, +9.131,+0.936
1668040980,+3.47,+14.099, +9.422,+0.937
1668041040,+3.47,+14.064, +9.569,+0.937
1668041100,+3.47,+14.090, +9.459,+0.936
1668041160,+3.47,+14.099, +9.529,+0.937
1668041220,+3.47,+14.108, +9.571,+0.937
1668041280,+3.47,+14.108, +9.625,+0.937
1668041340,+3.47,+14.099, +9.607,+0.937
1668041400,+3.47,+14.099, +9.222,+0.937
1668041460,+3.47,+14.099, +9.460,+0.937
1668041520,+3.47,+14.099, +9.651,+0.937
1668041580,+3.47,+14.108, +9.671,+0.937
1668041640,+3.47,+14.108, +9.642,+0.937
1668041700,+3.47,+14.116, +9.641,+0.937
1668041760,+3.47,+14.099, +9.590,+0.937
1668041820,+3.47,+14.108, +9.350,+0.937
1668041880,+3.47,+14.082, +9.403,+0.937
1668041940,+3.47,+14.099, +9.459,+0.937
1668042000,+3.47,+14.090, +9.540,+0.937
1668042060,+3.47,+14.090, +9.516,+0.937
1668042120,+3.47,+14.090, +9.602,+0.937
1668042180,+3.47,+14.116, +9.525,+0.937
1668042240,+3.47,+14.090, +9.495,+0.937
1668042300,+3.47,+14.090, +9.458,+0.937
1668042360,+3.47,+14.099, +9.439,+0.937
1668042420,+3.47,+14.116, +9.447,+0.937
1668042480,+3.47,+14.090, +9.367,+0.937
1668042540,+3.47,+14.082, +9.357,+0.937
1668042600,+3.47,+14.108, +9.368,+0.937
1668042660,+3.47,+14.082, +9.350,+0.937
1668042720,+3.47,+14.108, +9.384,+0.937
1668042780,+3.47,+14.082, +9.165,+0.937
1668042840,+3.47,+14.099, +9.191,+0.936
1668042900,+3.47,+14.090, +9.135,+0.937
1668042960,+3.47,+14.090, +9.026,+0.937
1668043020,+3.47,+14.082, +9.282,+0.937
1668043080,+3.47,+14.073, +9.361,+0.936
1668043140,+3.47,+14.082, +9.206,+0.936
1668043200,+3.47,+14.064, +9.212,+0.936
1668043260,+3.47,+14.064, +9.395,+0.937
1668043320,+3.47,+14.056, +9.517,+0.937
1668043380,+3.47,+14.064, +9.424,+0.937
1668043440,+3.47,+14.090, +9.390,+0.936
1668043500,+3.47,+14.064, +9.413,+0.937
1668043560,+3.47,+14.038, +9.486,+0.937
1668043620,+3.47,+14.064, +9.439,+0.937
1668043680,+3.47,+14.047, +9.520,+0.936
1668043740,+3.47,+14.047, +9.575,+0.937
1668043800,+3.47,+14.047, +9.484,+0.937
1668043860,+3.47,+14.029, +9.509,+0.936
1668043920,+3.47,+14.021, +9.432,+0.937
1668043980,+3.47,+14.047, +9.475,+0.937
1668044040,+3.47,+14.047, +9.460,+0.936
1668044100,+3.47,+14.038, +9.457,+0.937
1668044160,+3.47,+14.056, +9.604,+0.937
1668044220,+3.47,+14.064, +9.531,+0.937
1668044280,+3.47,+14.047, +9.452,+0.936
1668044340,+3.47,+14.047, +9.607,+0.937
1668044400,+3.47,+14.029, +9.573,+0.937
1668044460,+3.47,+14.056, +9.632,+0.937
1668044520,+3.47,+14.047, +9.629,+0.937
1668044580,+3.47,+14.047, +9.501,+0.937
1668044640,+3.47,+14.021, +9.479,+0.937
1668044700,+3.47,+14.021, +9.358,+0.937
1668044760,+3.47,+14.021, +9.536,+0.937
1668044820,+3.47,+14.029, +9.489,+0.937
1668044880,+3.47,+14.038, +9.351,+0.936
1668044940,+3.47,+14.021, +9.381,+0.937
1668045000,+3.47,+14.029, +9.383,+0.936
1668045060,+3.47,+14.003, +9.469,+0.936
1668045120,+3.47,+13.995, +9.489,+0.937
1668045180,+3.47,+13.986, +9.514,+0.937
1668045240,+3.47,+13.969, +9.469,+0.937
1668045300,+3.47,+13.960, +9.398,+0.937
1668045360,+3.47,+13.977, +9.397,+0.937
1668045420,+3.47,+13.977, +9.403,+0.937
1668045480,+3.47,+13.986, +9.340,+0.937
1668045540,+3.47,+13.969, +9.359,+0.936
1668045600,+3.47,+13.951, +9.356,+0.937
1668045660,+3.47,+13.943, +9.325,+0.936
1668045720,+3.47,+13.943, +9.337,+0.937
1668045780,+3.47,+13.925, +9.325,+0.937
1668045840,+3.47,+13.943, +9.270,+0.936
1668045900,+3.47,+13.916, +9.223,+0.937
1668045960,+3.47,+13.925, +9.177,+0.937
1668046020,+3.47,+13.916, +9.170,+0.937
1668046080,+3.47,+13.951, +9.128,+0.937
1668046140,+3.47,+13.943, +9.127,+0.936
1668046200,+3.47,+13.943, +9.184,+0.936
1668046260,+3.47,+13.934, +9.222,+0.937
1668046320,+3.47,+13.943, +9.215,+0.936
1668046380,+3.47,+13.925, +9.195,+0.937
1668046440,+3.47,+13.943, +9.192,+0.937
1668046500,+3.47,+13.925, +9.177,+0.937
1668046560,+3.47,+13.925, +9.209,+0.937
1668046620,+3.47,+13.969, +9.247,+0.937
1668046680,+3.47,+13.934, +9.266,+0.936
1668046740,+3.47,+13.943, +9.248,+0.937
1668046800,+3.47,+13.943, +9.379,+0.937
1668046860,+3.47,+13.925, +9.314,+0.936
1668046920,+3.47,+13.925, +9.316,+0.937
1668046980,+3.47,+13.934, +9.300,+0.937
1668047040,+3.47,+13.925, +9.241,+0.936
1668047100,+3.47,+13.908, +9.216,+0.936
1668047160,+3.47,+13.925, +9.177,+0.936
1668047220,+3.47,+13.908, +9.216,+0.937
1668047280,+3.47,+13.916, +9.221,+0.937
1668047340,+3.47,+13.916, +9.225,+0.936
1668047400,+3.47,+13.916, +9.208,+0.936
1668047460,+3.47,+13.916, +9.159,+0.937
1668047520,+3.47,+13.908, +9.128,+0.936
1668047580,+3.47,+13.899, +9.186,+0.936
1668047640,+3.47,+13.916, +9.209,+0.937
1668047700,+3.47,+13.899, +9.213,+0.936
1668047760,+3.47,+13.899, +9.218,+0.937
1668047820,+3.47,+13.899, +9.251,+0.937
1668047880,+3.47,+13.890, +9.292,+0.936
1668047940,+3.47,+13.882, +9.340,+0.937
1668048000,+3.47,+13.882, +9.297,+0.937
1668048060,+3.47,+13.873, +9.194,+0.937
1668048120,+3.47,+13.882, +9.239,+0.937
1668048180,+3.47,+13.864, +9.290,+0.936
1668048240,+3.47,+13.864, +9.256,+0.937
1668048300,+3.47,+13.890, +9.200,+0.937
1668048360,+3.47,+13.873, +9.218,+0.937
1668048420,+3.47,+13.873, +9.179,+0.936
1668048480,+3.47,+13.882, +9.081,+0.936
1668048540,+3.47,+13.856, +9.077,+0.936
1668048600,+3.47,+13.847, +9.139,+0.936
1668048660,+3.47,+13.873, +9.167,+0.936
1668048720,+3.47,+13.873, +9.164,+0.936
1668048780,+3.47,+13.847, +9.159,+0.936
1668048840,+3.47,+13.847, +9.168,+0.936
1668048900,+3.47,+13.856, +9.195,+0.936
1668048960,+3.47,+13.864, +9.222,+0.936
1668049020,+3.47,+13.847, +9.188,+0.937
1668049080,+3.47,+13.856, +9.061,+0.937
1668049140,+3.47,+13.856, +9.163,+0.937
1668049200,+3.47,+13.856, +9.202,+0.937
1668049260,+3.47,+13.847, +9.046,+0.936
1668049320,+3.47,+13.873, +8.906,+0.936
1668049380,+3.47,+13.856, +8.716,+0.936
1668049440,+3.47,+13.864, +8.518,+0.936
1668049500,+3.47,+13.847, +8.397,+0.936
1668049560,+3.47,+13.873, +8.192,+0.936
1668049620,+3.47,+13.856, +8.128,+0.936
1668049680,+3.47,+13.856, +8.003,+0.936
1668049740,+3.47,+13.856, +7.974,+0.936
1668049800,+3.47,+13.864, +7.925,+0.936
1668049860,+3.47,+13.856, +7.849,+0.936
1668049920,+3.47,+13.856, +7.819,+0.936
1668049980,+3.47,+13.838, +7.735,+0.936
1668050040,+3.47,+13.856, +7.628,+0.936
1668050100,+3.47,+13.856, +7.489,+0.936
1668050160,+3.47,+13.838, +7.406,+0.936
1668050220,+3.47,+13.847, +7.333,+0.936
1668050280,+3.47,+13.838, +7.237,+0.936
1668050340,+3.47,+13.847, +7.184,+0.936
1668050400,+3.47,+13.838, +7.150,+0.936
1668050460,+3.47,+13.864, +7.164,+0.936
1668050520,+3.47,+13.856, +7.104,+0.936
1668050580,+3.47,+13.856, +7.217,+0.935
1668050640,+3.47,+13.856, +7.488,+0.936
1668050700,+3.47,+13.847, +7.764,+0.936
1668050760,+3.47,+13.856, +7.919,+0.936
1668050820,+3.47,+13.838, +7.850,+0.936
1668050880,+3.47,+13.847, +7.707,+0.936
1668050940,+3.47,+13.829, +7.745,+0.936
1668051000,+3.47,+13.847, +7.459,+0.935
1668051060,+3.47,+13.847, +7.536,+0.936
1668051120,+3.47,+13.838, +8.902,+0.937
1668051180,+3.47,+13.847, +9.447,+0.937
1668051240,+3.47,+13.847, +9.606,+0.937
1668051300,+3.47,+13.838, +9.706,+0.937
1668051360,+3.47,+13.838, +9.704,+0.937
1668051420,+3.47,+13.838, +9.703,+0.937
1668051480,+3.47,+13.838, +9.727,+0.937
1668051540,+3.47,+13.838, +9.717,+0.937
1668051600,+3.47,+13.838, +9.632,+0.937
1668051660,+3.47,+13.838, +9.582,+0.937
1668051720,+3.47,+13.829, +9.472,+0.937
1668051780,+3.47,+13.838, +9.395,+0.936
1668051840,+3.47,+13.821, +9.292,+0.937
1668051900,+3.47,+13.838, +9.251,+0.936
1668051960,+3.47,+13.821, +9.305,+0.937
1668052020,+3.47,+13.838, +9.265,+0.936
1668052080,+3.47,+13.829, +9.171,+0.937
1668052140,+3.47,+13.829, +9.243,+0.937
1668052200,+3.47,+13.829, +9.349,+0.937
1668052260,+3.47,+13.838, +9.402,+0.937
1668052320,+3.47,+13.838, +9.413,+0.937
1668052380,+3.47,+13.838, +9.388,+0.936
1668052440,+3.47,+13.847, +9.276,+0.936
1668052500,+3.47,+13.829, +9.530,+0.937
1668052560,+3.47,+13.847, +9.644,+0.937
1668052620,+3.47,+13.838, +9.729,+0.937
1668052680,+3.47,+13.856, +9.767,+0.937
1668052740,+3.47,+13.864, +9.757,+0.937
1668052800,+3.47,+13.856, +9.699,+0.937
1668052860,+3.47,+13.838, +9.689,+0.937
1668052920,+3.47,+13.864, +9.666,+0.937
1668052980,+3.47,+13.856, +9.667,+0.937
1668053040,+3.47,+13.864, +9.611,+0.937
1668053100,+3.47,+13.856, +9.508,+0.937
1668053160,+3.47,+13.856, +9.366,+0.936
1668053220,+3.47,+13.856, +9.261,+0.937
1668053280,+3.47,+13.873, +9.257,+0.937
1668053340,+3.47,+13.882, +9.119,+0.937
1668053400,+3.47,+13.864, +9.119,+0.936
1668053460,+3.47,+13.864, +9.174,+0.936
1668053520,+3.47,+13.864, +9.213,+0.936
1668053580,+3.47,+13.873, +9.178,+0.936
1668053640,+3.47,+13.890, +9.195,+0.937
1668053700,+3.47,+13.899, +9.258,+0.937
1668053760,+3.47,+13.882, +9.288,+0.937
1668053820,+3.47,+13.882, +9.296,+0.937
1668053880,+3.47,+13.873, +9.259,+0.937
1668053940,+3.47,+13.882, +9.165,+0.936
1668054000,+3.47,+13.882, +9.059,+0.936
1668054060,+3.47,+13.873, +9.109,+0.936
1668054120,+3.47,+13.882, +9.091,+0.936
1668054180,+3.47,+13.890, +8.910,+0.936
1668054240,+3.47,+13.890, +8.692,+0.936
1668054300,+3.47,+13.899, +8.136,+0.936
1668054360,+3.47,+13.890, +7.600,+0.935
1668054420,+3.47,+13.882, +7.231,+0.935
1668054480,+3.47,+13.882, +7.768,+0.936
1668054540,+3.47,+13.899, +8.647,+0.936
1668054600,+3.47,+13.925, +9.122,+0.937
1668054660,+3.47,+13.908, +9.376,+0.936
1668054720,+3.47,+13.925, +9.529,+0.937
1668054780,+3.47,+13.899, +9.592,+0.937
1668054840,+3.47,+13.925, +9.591,+0.937
1668054900,+3.47,+13.916, +9.557,+0.937
1668054960,+3.47,+13.908, +9.486,+0.937
1668055020,+3.47,+13.934, +9.246,+0.937
1668055080,+3.47,+13.916, +9.146,+0.936
1668055140,+3.47,+13.925, +8.961,+0.936
1668055200,+3.47,+13.925, +9.162,+0.937
1668055260,+3.47,+13.934, +9.260,+0.936
1668055320,+3.47,+13.934, +9.413,+0.937
1668055380,+3.47,+13.951, +9.431,+0.936
1668055440,+3.47,+13.951, +8.964,+0.936
1668055500,+3.47,+13.951, +8.773,+0.936
1668055560,+3.47,+13.960, +8.651,+0.937
1668055620,+3.47,+13.943, +8.808,+0.936
1668055680,+3.47,+13.960, +8.651,+0.936
1668055740,+3.47,+13.960, +8.561,+0.936
1668055800,+3.47,+13.969, +8.475,+0.936
1668055860,+3.47,+13.986, +8.399,+0.936
1668055920,+3.47,+14.003, +8.052,+0.936
1668055980,+3.47,+13.969, +8.023,+0.936
1668056040,+3.47,+13.986, +8.008,+0.936
1668056100,+3.47,+13.977, +8.053,+0.936
1668056160,+3.47,+13.977, +7.887,+0.936
1668056220,+3.47,+13.986, +7.616,+0.936
1668056280,+3.47,+13.977, +7.374,+0.935
1668056340,+3.47,+13.960, +7.233,+0.936
1668056400,+3.47,+13.977, +7.186,+0.936
1668056460,+3.47,+13.951, +7.160,+0.936
1668056520,+3.47,+13.969, +7.186,+0.936
1668056580,+3.47,+13.951, +7.194,+0.936
1668056640,+3.47,+13.951, +7.275,+0.936
1668056700,+3.47,+13.943, +7.440,+0.936
1668056760,+3.47,+13.960, +7.633,+0.936
1668056820,+3.47,+13.960, +7.850,+0.936
1668056880,+3.47,+13.951, +8.219,+0.936
1668056940,+3.47,+13.934, +8.436,+0.936
1668057000,+3.47,+13.934, +8.499,+0.936
1668057060,+3.47,+13.960, +8.710,+0.936
1668057120,+3.47,+13.977, +8.972,+0.936
1668057180,+3.47,+13.977, +9.154,+0.937
1668057240,+3.47,+13.951, +9.217,+0.937
1668057300,+3.47,+13.977, +9.276,+0.936
1668057360,+3.47,+13.986, +9.362,+0.936
1668057420,+3.47,+13.995, +9.362,+0.937
1668057480,+3.47,+13.995, +9.391,+0.936
1668057540,+3.47,+13.977, +9.501,+0.937
1668057600,+3.47,+13.995, +9.564,+0.937
1668057660,+3.47,+13.995, +9.583,+0.937
1668057720,+3.47,+13.986, +9.569,+0.936
1668057780,+3.47,+13.986, +9.656,+0.937
1668057840,+3.47,+14.003, +9.683,+0.937
1668057900,+3.47,+13.986, +9.730,+0.937
1668057960,+3.47,+13.995, +9.775,+0.937
1668058020,+3.47,+13.986, +9.681,+0.937
1668058080,+3.47,+13.986, +9.754,+0.937
1668058140,+3.47,+13.943, +9.799,+0.937
1668058200,+3.47,+13.951, +9.742,+0.937
1668058260,+3.47,+13.943, +9.791,+0.937
1668058320,+3.47,+13.969, +9.772,+0.937
1668058380,+3.47,+13.951, +9.682,+0.937
1668058440,+3.47,+13.960, +9.647,+0.937
1668058500,+3.47,+13.969, +9.643,+0.937
1668058560,+3.47,+13.960, +9.617,+0.937
1668058620,+3.47,+13.986, +9.613,+0.937
1668058680,+3.47,+14.012, +9.610,+0.937
1668058740,+3.47,+13.995, +9.598,+0.937
1668058800,+3.47,+14.038, +9.527,+0.937
1668058860,+3.47,+14.029, +9.551,+0.937
1668058920,+3.47,+14.021, +9.591,+0.937
1668058980,+3.47,+14.021, +9.605,+0.937
1668059040,+3.47,+14.029, +9.567,+0.937
1668059100,+3.47,+14.047, +9.413,+0.937
1668059160,+3.47,+14.047, +9.415,+0.937
1668059220,+3.47,+14.047, +9.431,+0.937
1668059280,+3.47,+14.021, +9.449,+0.937
1668059340,+3.47,+14.029, +9.411,+0.937
1668059400,+3.47,+14.021, +9.385,+0.937
1668059460,+3.47,+14.047, +9.315,+0.936
1668059520,+3.47,+14.047, +9.282,+0.936
1668059580,+3.47,+14.012, +9.345,+0.936
1668059640,+3.47,+14.021, +9.219,+0.936
1668059700,+3.47,+14.021, +9.206,+0.936
1668059760,+3.47,+13.995, +9.186,+0.936
1668059820,+3.47,+13.986, +9.051,+0.936
1668059880,+3.47,+13.969, +9.176,+0.937
1668059940,+3.47,+13.969, +9.196,+0.936
1668060000,+3.47,+13.969, +9.253,+0.937
1668060060,+3.47,+13.969, +8.873,+0.937
1668060120,+3.47,+13.969, +8.865,+0.936
1668060180,+3.47,+13.986, +8.812,+0.936
1668060240,+3.47,+13.986, +8.700,+0.936
1668060300,+3.47,+13.986, +8.622,+0.936
1668060360,+3.47,+14.003, +8.790,+0.936
1668060420,+3.47,+13.977, +8.820,+0.936
1668060480,+3.47,+13.986, +8.592,+0.936
1668060540,+3.47,+13.986, +8.285,+0.936
1668060600,+3.47,+13.969, +8.320,+0.936
1668060660,+3.47,+13.986, +8.294,+0.936
1668060720,+3.47,+13.986, +8.302,+0.936
1668060780,+3.47,+14.003, +8.209,+0.936
1668060840,+3.47,+13.995, +8.372,+0.936
1668060900,+3.47,+13.977, +8.455,+0.936
1668060960,+3.47,+13.986, +8.486,+0.936
1668061020,+3.47,+13.951, +8.257,+0.936
1668061080,+3.47,+13.951, +7.890,+0.936
1668061140,+3.47,+13.960, +8.157,+0.936
1668061200,+3.47,+13.951, +8.304,+0.936
1668061260,+3.47,+13.943, +8.358,+0.936
1668061320,+3.47,+13.943, +8.260,+0.936
1668061380,+3.47,+13.960, +8.134,+0.936
1668061440,+3.47,+13.977, +8.074,+0.936
1668061500,+3.47,+13.969, +8.020,+0.936
1668061560,+3.47,+13.977, +8.224,+0.936
1668061620,+3.47,+13.977, +8.039,+0.936
1668061680,+3.47,+13.969, +8.220,+0.936
1668061740,+3.47,+13.960, +8.173,+0.936
1668061800,+3.47,+13.969, +7.967,+0.935
1668061860,+3.47,+13.960, +7.862,+0.936
1668061920,+3.47,+13.977, +7.854,+0.936
1668061980,+3.47,+13.969, +7.867,+0.935
1668062040,+3.47,+13.943, +8.008,+0.936
1668062100,+3.47,+13.969, +8.055,+0.936
1668062160,+3.47,+13.960, +7.989,+0.936
1668062220,+3.47,+13.960, +7.794,+0.936
1668062280,+3.47,+13.969, +7.690,+0.936
1668062340,+3.47,+13.960, +7.782,+0.936
1668062400,+3.47,+13.960, +7.994,+0.936
1668062460,+3.47,+13.969, +8.063,+0.936
1668062520,+3.47,+13.960, +8.052,+0.936
1668062580,+3.47,+13.943, +8.213,+0.936
1668062640,+3.47,+13.960, +8.321,+0.936
1668062700,+3.47,+13.943, +8.220,+0.936
1668062760,+3.47,+13.969, +8.114,+0.936
1668062820,+3.47,+13.960, +8.248,+0.936
1668062880,+3.47,+13.951, +8.323,+0.936
1668062940,+3.47,+13.969, +8.425,+0.936
1668063000,+3.47,+13.969, +8.453,+0.936
1668063060,+3.47,+13.986, +8.355,+0.936
1668063120,+3.47,+13.969, +8.416,+0.936
1668063180,+3.47,+13.943, +8.364,+0.936
1668063240,+3.47,+13.943, +8.490,+0.936
1668063300,+3.47,+13.934, +8.321,+0.936
1668063360,+3.47,+13.960, +8.375,+0.936
1668063420,+3.47,+13.943, +8.477,+0.936
1668063480,+3.47,+13.969, +8.617,+0.936
1668063540,+3.47,+13.943, +8.722,+0.936
1668063600,+3.47,+13.934, +8.791,+0.936
1668063660,+3.47,+13.951, +8.775,+0.936
1668063720,+3.47,+13.951, +8.754,+0.936
1668063780,+3.47,+13.943, +8.906,+0.936
1668063840,+3.47,+13.969, +9.060,+0.937
1668063900,+3.47,+14.003, +9.198,+0.937
1668063960,+3.47,+14.012, +9.309,+0.936
1668064020,+3.47,+13.995, +9.366,+0.937
1668064080,+3.47,+14.038, +9.374,+0.936
1668064140,+3.47,+14.056, +9.336,+0.937
1668064200,+3.47,+14.064, +9.328,+0.937
1668064260,+3.47,+14.082, +9.243,+0.936
1668064320,+3.47,+14.073, +9.238,+0.936
1668064380,+3.47,+14.073, +9.314,+0.936
1668064440,+3.47,+14.073, +9.348,+0.937
1668064500,+3.47,+14.073, +9.282,+0.937
1668064560,+3.46,+14.082, +9.125,+0.936
1668064620,+3.46,+14.090, +9.013,+0.936
1668064680,+3.46,+14.099, +8.905,+0.936
1668064740,+3.46,+14.099, +8.886,+0.936
1668064800,+3.46,+14.090, +8.754,+0.936
1668064860,+3.46,+14.125, +8.648,+0.936
1668064920,+3.46,+14.090, +8.554,+0.936
1668064980,+3.46,+14.090, +8.487,+0.936
1668065040,+3.46,+14.099, +8.434,+0.936
1668065100,+3.46,+14.108, +8.376,+0.936
1668065160,+3.46,+14.108, +8.341,+0.936
1668065220,+3.46,+14.082, +8.582,+0.936
1668065280,+3.47,+14.056, +9.040,+0.937
1668065340,+3.47,+14.021, +9.422,+0.937
1668065400,+3.47,+14.021, +9.620,+0.937
1668065460,+3.47,+14.012, +9.719,+0.936
1668065520,+3.47,+14.003, +9.770,+0.936
1668065580,+3.47,+14.003, +9.794,+0.937
1668065640,+3.47,+14.012, +9.798,+0.937
1668065700,+3.47,+13.995, +9.784,+0.937
1668065760,+3.47,+13.995, +9.803,+0.937
1668065820,+3.47,+13.995, +9.812,+0.937
1668065880,+3.47,+13.986, +9.797,+0.937
1668065940,+3.47,+13.986, +9.675,+0.936
1668066000,+3.47,+13.969, +9.692,+0.936
1668066060,+3.47,+13.986, +9.557,+0.936
1668066120,+3.47,+14.021, +9.433,+0.936
1668066180,+3.47,+14.003, +9.398,+0.937
1668066240,+3.47,+14.012, +9.207,+0.936
1668066300,+3.47,+14.021, +9.076,+0.936
1668066360,+3.47,+14.029, +9.157,+0.936
1668066420,+3.47,+14.003, +9.155,+0.936
1668066480,+3.47,+14.003, +9.188,+0.936
1668066540,+3.47,+14.021, +9.191,+0.936
1668066600,+3.47,+14.029, +9.108,+0.937
1668066660,+3.47,+14.038, +9.190,+0.936
1668066720,+3.46,+14.038, +9.115,+0.936
1668066780,+3.47,+14.029, +9.157,+0.937
1668066840,+3.47,+14.056, +9.190,+0.937
1668066900,+3.47,+14.038, +9.207,+0.937
1668066960,+3.47,+14.047, +9.370,+0.937
1668067020,+3.46,+14.099, +9.212,+0.936
1668067080,+3.47,+14.064, +9.184,+0.937
1668067140,+3.46,+14.064, +9.313,+0.937
1668067200,+3.46,+14.056, +9.345,+0.937
1668067260,+3.47,+14.064, +9.360,+0.936
1668067320,+3.47,+14.047, +9.318,+0.936
1668067380,+3.47,+14.003, +9.366,+0.936
1668067440,+3.47,+13.995, +9.425,+0.936
1668067500,+3.47,+13.995, +9.277,+0.936
1668067560,+3.47,+14.012, +9.157,+0.937
1668067620,+3.47,+13.943, +9.397,+0.936
1668067680,+3.47,+13.890, +9.617,+0.937
1668067740,+3.47,+13.882, +9.616,+0.937
1668067800,+3.47,+13.856, +9.662,+0.936
1668067860,+3.47,+13.864, +9.667,+0.937
1668067920,+3.47,+13.856, +9.724,+0.937
1668067980,+3.47,+13.873, +9.705,+0.937
1668068040,+3.47,+13.856, +9.757,+0.937
1668068100,+3.47,+13.838, +9.725,+0.937
1668068160,+3.47,+13.838, +9.750,+0.937
1668068220,+3.47,+13.821, +9.651,+0.937
1668068280,+3.47,+13.829, +9.674,+0.937
1668068340,+3.47,+13.803, +9.642,+0.937
1668068400,+3.47,+13.812, +9.603,+0.937
1668068460,+3.47,+13.821, +9.454,+0.937
1668068520,+3.47,+13.821, +9.237,+0.936
1668068580,+3.47,+13.812, +9.225,+0.936
1668068640,+3.47,+13.821, +9.163,+0.937
1668068700,+3.47,+13.838, +9.124,+0.937
1668068760,+3.47,+13.838, +9.085,+0.936
1668068820,+3.47,+13.838, +9.063,+0.936
1668068880,+3.47,+13.838, +8.985,+0.936
1668068940,+3.47,+13.838, +8.942,+0.937
1668069000,+3.47,+13.856, +8.893,+0.936
1668069060,+3.47,+13.856, +8.847,+0.936
1668069120,+3.47,+13.856, +8.801,+0.937
1668069180,+3.47,+13.856, +8.836,+0.936
1668069240,+3.47,+13.873, +8.804,+0.937
1668069300,+3.47,+13.864, +8.754,+0.936
1668069360,+3.47,+13.882, +8.711,+0.936
1668069420,+3.47,+13.873, +8.720,+0.936
1668069480,+3.47,+13.882, +8.696,+0.936
1668069540,+3.47,+13.864, +8.681,+0.937
1668069600,+3.47,+13.847, +8.673,+0.937
1668069660,+3.47,+13.864, +8.630,+0.936
1668069720,+3.47,+13.864, +9.278,+0.936
1668069780,+3.47,+13.856, +9.536,+0.937
1668069840,+3.47,+13.829, +9.622,+0.937
1668069900,+3.47,+13.821, +9.495,+0.937
1668069960,+3.47,+13.829, +9.378,+0.937
1668070020,+3.47,+13.838, +9.370,+0.936
1668070080,+3.47,+13.829, +9.216,+0.936
1668070140,+3.47,+13.803, +9.309,+0.936
1668070200,+3.47,+13.786, +9.367,+0.937
1668070260,+3.47,+13.803, +9.406,+0.937
1668070320,+3.47,+13.803, +9.145,+0.936
1668070380,+3.47,+13.821, +9.304,+0.937
1668070440,+3.47,+13.812, +9.034,+0.936
1668070500,+3.47,+13.829, +8.848,+0.937
1668070560,+3.47,+13.829, +8.784,+0.936
1668070620,+3.47,+13.838, +8.730,+0.936
1668070680,+3.47,+13.795, +8.707,+0.936
1668070740,+3.47,+13.786, +8.687,+0.936
1668070800,+3.47,+13.777, +8.690,+0.936
1668070860,+3.47,+13.769, +8.484,+0.936
1668070920,+3.47,+13.751, +8.521,+0.937
1668070980,+3.47,+13.760, +8.494,+0.936
1668071040,+3.47,+13.742, +8.462,+0.936
1668071100,+3.47,+13.716, +8.444,+0.936
1668071160,+3.47,+13.725, +8.375,+0.936
1668071220,+3.47,+13.681, +8.345,+0.936
1668071280,+3.47,+13.664, +8.315,+0.936
1668071340,+3.47,+13.638, +8.257,+0.936
1668071400,+3.47,+13.620, +8.177,+0.936
1668071460,+3.47,+13.594, +8.012,+0.936
1668071520,+3.47,+13.551, +8.116,+0.935
1668071580,+3.47,+13.542, +8.226,+0.936
1668071640,+3.47,+13.516, +8.225,+0.936
1668071700,+3.47,+13.481, +8.339,+0.936
1668071760,+3.46,+13.454, +8.330,+0.936
1668071820,+3.46,+13.419, +8.485,+0.936
1668071880,+3.46,+13.376, +8.663,+0.936
1668071940,+3.46,+13.393, +9.091,+0.936
1668072000,+3.46,+13.411, +9.257,+0.937
1668072060,+3.46,+13.367, +9.266,+0.936
1668072120,+3.46,+13.367, +9.119,+0.936
1668072180,+3.46,+13.402, +9.108,+0.937
1668072240,+3.46,+13.393, +9.099,+0.936
1668072300,+3.46,+13.402, +9.006,+0.936
1668072360,+3.46,+13.402, +8.973,+0.937
1668072420,+3.46,+13.428, +8.787,+0.936
1668072480,+3.46,+13.454, +8.621,+0.936
1668072540,+3.47,+13.481, +8.449,+0.936
1668072600,+3.47,+13.524, +8.482,+0.936
1668072660,+3.47,+13.542, +8.539,+0.936
1668072720,+3.47,+13.577, +8.556,+0.936
1668072780,+3.47,+13.629, +8.363,+0.936
1668072840,+3.47,+13.638, +8.207,+0.936
1668072900,+3.47,+13.655, +8.078,+0.936
1668072960,+3.47,+13.699, +7.935,+0.936
1668073020,+3.47,+13.708, +7.774,+0.935
1668073080,+3.47,+13.725, +7.668,+0.936
1668073140,+3.47,+13.716, +7.548,+0.936
1668073200,+3.47,+13.751, +7.501,+0.936
1668073260,+3.47,+13.751, +7.464,+0.936
1668073320,+3.47,+13.769, +7.322,+0.936
1668073380,+3.47,+13.795, +7.183,+0.936
1668073440,+3.47,+13.803, +7.126,+0.936
1668073500,+3.47,+13.803, +7.483,+0.936
1668073560,+3.47,+13.838, +7.456,+0.936
1668073620,+3.47,+13.829, +7.429,+0.935
1668073680,+3.47,+13.821, +7.673,+0.936
1668073740,+3.47,+13.821, +7.828,+0.936
1668073800,+3.47,+13.821, +8.058,+0.936
1668073860,+3.47,+13.838, +8.013,+0.936
1668073920,+3.47,+13.821, +7.992,+0.936
1668073980,+3.47,+13.838, +7.847,+0.936
1668074040,+3.47,+13.856, +8.032,+0.936
1668074100,+3.47,+13.864, +8.330,+0.936
1668074160,+3.47,+13.821, +8.640,+0.936
1668074220,+3.47,+13.821, +8.813,+0.936
1668074280,+3.47,+13.812, +8.943,+0.937
1668074340,+3.47,+13.812, +8.997,+0.936
1668074400,+3.47,+13.821, +8.965,+0.936
1668074460,+3.47,+13.803, +8.935,+0.936
1668074520,+3.47,+13.795, +9.025,+0.936
1668074580,+3.47,+13.795, +9.045,+0.936
1668074640,+3.47,+13.769, +9.084,+0.936
1668074700,+3.47,+13.769, +9.128,+0.936
1668074760,+3.47,+13.769, +9.081,+0.936
1668074820,+3.47,+13.742, +9.074,+0.936
1668074880,+3.47,+13.777, +9.045,+0.937
1668074940,+3.47,+13.803, +8.968,+0.936
1668075000,+3.47,+13.795, +8.821,+0.936
1668075060,+3.47,+13.803, +8.807,+0.936
1668075120,+3.47,+13.821, +8.801,+0.936
1668075180,+3.47,+13.803, +8.742,+0.936
1668075240,+3.47,+13.812, +8.706,+0.936
1668075300,+3.47,+13.812, +8.657,+0.936
1668075360,+3.47,+13.795, +8.565,+0.936
1668075420,+3.47,+13.803, +8.561,+0.936
1668075480,+3.47,+13.812, +8.553,+0.936
1668075540,+3.47,+13.812, +8.519,+0.936
1668075600,+3.47,+13.786, +8.462,+0.936
1668075660,+3.47,+13.786, +8.522,+0.936
1668075720,+3.47,+13.777, +8.438,+0.936
1668075780,+3.47,+13.769, +8.473,+0.936
1668075840,+3.47,+13.751, +8.512,+0.936
1668075900,+3.47,+13.742, +8.581,+0.936
1668075960,+3.47,+13.725, +8.611,+0.936
1668076020,+3.47,+13.734, +8.622,+0.936
1668076080,+3.47,+13.751, +8.620,+0.936
1668076140,+3.47,+13.769, +8.680,+0.936
1668076200,+3.47,+13.760, +8.646,+0.936
1668076260,+3.47,+13.751, +8.570,+0.936
1668076320,+3.47,+13.760, +8.483,+0.936
1668076380,+3.47,+13.769, +8.476,+0.936
1668076440,+3.47,+13.769, +8.462,+0.936
1668076500,+3.47,+13.769, +8.303,+0.936
1668076560,+3.47,+13.777, +8.180,+0.936
1668076620,+3.47,+13.751, +8.241,+0.936
1668076680,+3.47,+13.725, +8.203,+0.936
1668076740,+3.47,+13.734, +8.127,+0.936
1668076800,+3.47,+13.725, +8.069,+0.936
1668076860,+3.47,+13.725, +8.042,+0.936
1668076920,+3.47,+13.742, +8.075,+0.935
1668076980,+3.47,+13.725, +8.198,+0.936
1668077040,+3.47,+13.708, +8.256,+0.936
1668077100,+3.47,+13.690, +8.249,+0.936
1668077160,+3.47,+13.708, +8.251,+0.936
1668077220,+3.47,+13.690, +8.189,+0.936
1668077280,+3.47,+13.699, +8.442,+0.936
1668077340,+3.47,+13.681, +8.495,+0.936
1668077400,+3.47,+13.681, +8.577,+0.936
1668077460,+3.47,+13.690, +8.731,+0.936
1668077520,+3.47,+13.673, +8.780,+0.936
1668077580,+3.47,+13.699, +8.796,+0.936
1668077640,+3.47,+13.690, +8.819,+0.936
1668077700,+3.47,+13.699, +8.854,+0.936
1668077760,+3.47,+13.716, +8.824,+0.936
1668077820,+3.47,+13.699, +8.795,+0.936
1668077880,+3.47,+13.699, +8.810,+0.937
1668077940,+3.47,+13.708, +8.883,+0.936
1668078000,+3.47,+13.725, +8.998,+0.936
1668078060,+3.47,+13.725, +8.988,+0.936
1668078120,+3.47,+13.742, +8.871,+0.936
1668078180,+3.47,+13.734, +8.749,+0.936
1668078240,+3.47,+13.716, +8.825,+0.936
1668078300,+3.47,+13.742, +9.000,+0.937
1668078360,+3.47,+13.734, +9.064,+0.936
1668078420,+3.47,+13.734, +9.061,+0.936
1668078480,+3.47,+13.742, +9.066,+0.937
1668078540,+3.47,+13.760, +9.098,+0.937
1668078600,+3.47,+13.760, +9.104,+0.936
1668078660,+3.47,+13.769, +8.926,+0.936
1668078720,+3.47,+13.751, +8.881,+0.936
1668078780,+3.47,+13.751, +8.389,+0.936
1668078840,+3.47,+13.751, +8.329,+0.936
1668078900,+3.47,+13.734, +8.570,+0.936
1668078960,+3.47,+13.760, +8.739,+0.936
1668079020,+3.47,+13.742, +8.614,+0.936
1668079080,+3.47,+13.742, +8.383,+0.936
1668079140,+3.47,+13.742, +8.303,+0.936
1668079200,+3.47,+13.760, +8.204,+0.936
1668079260,+3.47,+13.742, +8.147,+0.936
1668079320,+3.47,+13.760, +8.140,+0.936
1668079380,+3.47,+13.751, +8.172,+0.936
1668079440,+3.47,+13.769, +8.246,+0.936
1668079500,+3.47,+13.742, +8.363,+0.936
1668079560,+3.47,+13.769, +8.558,+0.936
1668079620,+3.47,+13.769, +8.750,+0.936
1668079680,+3.47,+13.751, +8.810,+0.936
1668079740,+3.47,+13.777, +8.880,+0.936
1668079800,+3.47,+13.795, +9.044,+0.936
1668079860,+3.47,+13.812, +9.207,+0.937
1668079920,+3.47,+13.821, +9.170,+0.937
1668079980,+3.47,+13.812, +8.908,+0.937
1668080040,+3.47,+13.838, +8.864,+0.936
1668080100,+3.47,+13.838, +9.013,+0.936
1668080160,+3.47,+13.821, +9.000,+0.937
1668080220,+3.47,+13.821, +8.837,+0.936
1668080280,+3.47,+13.821, +8.538,+0.936
1668080340,+3.47,+13.821, +8.763,+0.936
1668080400,+3.47,+13.838, +8.485,+0.936
1668080460,+3.47,+13.838, +8.326,+0.936
1668080520,+3.47,+13.847, +8.218,+0.936
1668080580,+3.47,+13.847, +8.196,+0.936
1668080640,+3.47,+13.838, +8.256,+0.936
1668080700,+3.47,+13.829, +8.245,+0.936
1668080760,+3.47,+13.821, +8.261,+0.936
1668080820,+3.47,+13.829, +8.436,+0.936
1668080880,+3.47,+13.829, +8.434,+0.936
1668080940,+3.47,+13.821, +8.341,+0.936
1668081000,+3.47,+13.847, +8.432,+0.936
1668081060,+3.47,+13.847, +8.273,+0.936
1668081120,+3.47,+13.838, +8.123,+0.936
1668081180,+3.47,+13.838, +8.134,+0.936
1668081240,+3.47,+13.829, +8.061,+0.936
1668081300,+3.47,+13.838, +8.032,+0.936
1668081360,+3.47,+13.847, +8.171,+0.936
1668081420,+3.47,+13.838, +8.232,+0.936
1668081480,+3.47,+13.856, +8.242,+0.936
1668081540,+3.47,+13.856, +8.138,+0.936
1668081600,+3.47,+13.847, +8.052,+0.936
1668081660,+3.47,+13.873, +8.070,+0.936
1668081720,+3.47,+13.847, +8.120,+0.936
1668081780,+3.47,+13.873, +8.192,+0.936
1668081840,+3.47,+13.873, +8.117,+0.936
1668081900,+3.47,+13.864, +8.003,+0.936
1668081960,+3.47,+13.847, +8.052,+0.936
1668082020,+3.47,+13.864, +7.886,+0.936
1668082080,+3.47,+13.856, +8.152,+0.936
1668082140,+3.47,+13.847, +8.187,+0.936
1668082200,+3.47,+13.856, +8.472,+0.936
1668082260,+3.47,+13.847, +8.357,+0.936
1668082320,+3.47,+13.864, +8.581,+0.936
1668082380,+3.47,+13.847, +8.448,+0.936
1668082440,+3.47,+13.829, +8.298,+0.936
1668082500,+3.47,+13.847, +8.313,+0.936
1668082560,+3.47,+13.847, +8.332,+0.936
1668082620,+3.47,+13.838, +8.407,+0.936
1668082680,+3.47,+13.829, +8.588,+0.936
1668082740,+3.47,+13.838, +8.666,+0.936
1668082800,+3.47,+13.856, +8.854,+0.936
1668082860,+3.47,+13.847, +8.886,+0.936
1668082920,+3.47,+13.847, +8.874,+0.936
1668082980,+3.47,+13.856, +8.893,+0.936
1668083040,+3.47,+13.864, +9.070,+0.936
1668083100,+3.47,+13.856, +9.208,+0.936
1668083160,+3.47,+13.873, +9.159,+0.937
1668083220,+3.47,+13.890, +9.150,+0.937
1668083280,+3.47,+13.882, +9.135,+0.936
1668083340,+3.47,+13.882, +9.132,+0.936
1668083400,+3.47,+13.864, +9.093,+0.937
1668083460,+3.47,+13.838, +9.111,+0.936
1668083520,+3.47,+13.812, +8.920,+0.937
1668083580,+3.47,+13.786, +8.820,+0.936
1668083640,+3.47,+13.742, +8.868,+0.936
1668083700,+3.47,+13.655, +8.944,+0.936
1668083760,+3.47,+13.612, +8.937,+0.936
1668083820,+3.47,+13.568, +8.958,+0.936
1668083880,+3.47,+13.577, +8.728,+0.936
1668083940,+3.47,+13.551, +8.649,+0.936
1668084000,+3.46,+13.498, +8.619,+0.936
1668084060,+3.46,+13.481, +8.572,+0.936
1668084120,+3.46,+13.463, +8.500,+0.936
1668084180,+3.46,+13.472, +8.442,+0.936
1668084240,+3.46,+13.481, +8.479,+0.936
1668084300,+3.46,+13.463, +8.542,+0.936
1668084360,+3.46,+13.463, +8.536,+0.936
1668084420,+3.46,+13.454, +8.467,+0.936
1668084480,+3.46,+13.472, +8.364,+0.936
1668084540,+3.46,+13.446, +8.332,+0.936
1668084600,+3.46,+13.437, +8.309,+0.936
1668084660,+3.46,+13.428, +8.354,+0.936
1668084720,+3.46,+13.454, +8.247,+0.936
1668084780,+3.46,+13.446, +8.321,+0.936
1668084840,+3.46,+13.411, +8.485,+0.936
1668084900,+3.46,+13.419, +8.518,+0.936
1668084960,+3.46,+13.419, +8.646,+0.936
1668085020,+3.46,+13.428, +8.765,+0.936
1668085080,+3.46,+13.419, +8.959,+0.937
1668085140,+3.46,+13.428, +9.217,+0.936
1668085200,+3.46,+13.393, +9.132,+0.936
1668085260,+3.46,+13.385, +8.818,+0.936
1668085320,+3.46,+13.402, +8.759,+0.936
1668085380,+3.46,+13.419, +8.732,+0.936
1668085440,+3.46,+13.402, +8.847,+0.936
1668085500,+3.46,+13.411, +8.980,+0.936
1668085560,+3.46,+13.393, +9.024,+0.936
1668085620,+3.46,+13.393, +9.046,+0.936
1668085680,+3.46,+13.402, +9.040,+0.936
1668085740,+3.46,+13.385, +9.051,+0.936
1668085800,+3.46,+13.385, +8.986,+0.936
1668085860,+3.46,+13.385, +8.837,+0.936
1668085920,+3.46,+13.393, +8.770,+0.936
1668085980,+3.46,+13.376, +8.683,+0.936
1668086040,+3.46,+13.393, +8.535,+0.936
1668086100,+3.46,+13.385, +8.430,+0.936
1668086160,+3.46,+13.393, +8.473,+0.936
1668086220,+3.46,+13.393, +8.645,+0.936
1668086280,+3.46,+13.402, +8.806,+0.936
1668086340,+3.46,+13.411, +8.908,+0.937
1668086400,+3.46,+13.411, +8.851,+0.936
1668086460,+3.46,+13.428, +8.759,+0.936
1668086520,+3.46,+13.419, +8.587,+0.936
1668086580,+3.46,+13.428, +8.479,+0.936
1668086640,+3.46,+13.419, +8.323,+0.936
1668086700,+3.46,+13.428, +8.352,+0.936
1668086760,+3.46,+13.437, +8.090,+0.936
1668086820,+3.46,+13.428, +7.845,+0.936
1668086880,+3.46,+13.454, +7.940,+0.936
1668086940,+3.46,+13.454, +7.948,+0.936
1668087000,+3.46,+13.437, +7.901,+0.936
1668087060,+3.46,+13.446, +8.078,+0.936
1668087120,+3.46,+13.454, +7.918,+0.936
1668087180,+3.46,+13.437, +8.156,+0.936
1668087240,+3.46,+13.463, +8.378,+0.936
1668087300,+3.46,+13.481, +8.641,+0.936
1668087360,+3.46,+13.481, +8.436,+0.936
1668087420,+3.46,+13.498, +8.742,+0.936
1668087480,+3.46,+13.472, +8.918,+0.936
1668087540,+3.46,+13.498, +8.948,+0.936
1668087600,+3.46,+13.498, +9.078,+0.937
1668087660,+3.46,+13.489, +9.059,+0.936
1668087720,+3.46,+13.516, +9.095,+0.936
1668087780,+3.46,+13.516, +9.179,+0.936
1668087840,+3.46,+13.524, +9.186,+0.936
1668087900,+3.46,+13.533, +9.209,+0.937
1668087960,+3.46,+13.516, +9.292,+0.936
1668088020,+3.46,+13.524, +9.259,+0.936
1668088080,+3.46,+13.542, +9.329,+0.936
1668088140,+3.46,+13.524, +9.300,+0.936
1668088200,+3.46,+13.542, +9.280,+0.936
1668088260,+3.46,+13.524, +9.294,+0.937
1668088320,+3.47,+13.559, +9.301,+0.936
1668088380,+3.46,+13.542, +9.341,+0.936
1668088440,+3.47,+13.559, +9.332,+0.936
1668088500,+3.47,+13.559, +9.295,+0.936
1668088560,+3.47,+13.568, +9.320,+0.937
1668088620,+3.47,+13.559, +9.351,+0.937
1668088680,+3.47,+13.559, +9.330,+0.936
1668088740,+3.47,+13.559, +9.327,+0.936
1668088800,+3.47,+13.568, +9.351,+0.936
1668088860,+3.47,+13.577, +9.389,+0.937
1668088920,+3.47,+13.568, +9.482,+0.936
1668088980,+3.47,+13.568, +9.574,+0.937
1668089040,+3.47,+13.577, +9.501,+0.936
1668089100,+3.47,+13.594, +9.460,+0.937
1668089160,+3.47,+13.594, +9.482,+0.936
1668089220,+3.47,+13.612, +9.469,+0.936
1668089280,+3.47,+13.577, +9.449,+0.937
1668089340,+3.47,+13.603, +9.443,+0.937
1668089400,+3.47,+13.577, +9.487,+0.936
1668089460,+3.47,+13.568, +9.486,+0.936
1668089520,+3.47,+13.612, +9.459,+0.936
1668089580,+3.47,+13.585, +9.513,+0.936
1668089640,+3.47,+13.594, +9.443,+0.936
1668089700,+3.47,+13.585, +9.320,+0.936
1668089760,+3.47,+13.577, +9.303,+0.937
1668089820,+3.47,+13.594, +9.340,+0.936
1668089880,+3.47,+13.585, +9.274,+0.936
1668089940,+3.47,+13.585, +9.145,+0.936
1668090000,+3.47,+13.568, +9.160,+0.936
1668090060,+3.47,+13.568, +9.100,+0.936
1668090120,+3.47,+13.577, +9.217,+0.936
1668090180,+3.47,+13.551, +9.253,+0.937
1668090240,+3.47,+13.568, +9.232,+0.936
1668090300,+3.47,+13.559, +9.242,+0.936
1668090360,+3.47,+13.559, +9.383,+0.936
1668090420,+3.47,+13.577, +9.409,+0.936
1668090480,+3.47,+13.568, +9.373,+0.937
1668090540,+3.47,+13.559, +9.400,+0.936
1668090600,+3.47,+13.568, +9.372,+0.936
1668090660,+3.47,+13.568, +9.453,+0.936
1668090720,+3.47,+13.551, +9.386,+0.936
1668090780,+3.47,+13.559, +9.315,+0.936
1668090840,+3.47,+13.585, +9.272,+0.936
1668090900,+3.47,+13.594, +9.265,+0.937
1668090960,+3.47,+13.603, +9.250,+0.936
1668091020,+3.47,+13.603, +9.239,+0.937
1668091080,+3.47,+13.612, +9.230,+0.937
1668091140,+3.47,+13.612, +9.295,+0.936
1668091200,+3.47,+13.612, +9.412,+0.936
1668091260,+3.47,+13.620, +9.527,+0.937
1668091320,+3.47,+13.638, +9.428,+0.936
1668091380,+3.47,+13.638, +9.364,+0.936
1668091440,+3.47,+13.655, +9.343,+0.936
1668091500,+3.47,+13.655, +9.340,+0.936
1668091560,+3.47,+13.655, +9.357,+0.937
1668091620,+3.47,+13.681, +9.342,+0.937
1668091680,+3.46,+13.655, +9.368,+0.937
1668091740,+3.47,+13.681, +9.393,+0.936
1668091800,+3.47,+13.681, +9.405,+0.937
1668091860,+3.47,+13.690, +9.366,+0.936
1668091920,+3.47,+13.699, +9.384,+0.937
1668091980,+3.47,+13.681, +9.416,+0.936
1668092040,+3.47,+13.681, +9.455,+0.936
1668092100,+3.47,+13.681, +9.470,+0.936
1668092160,+3.47,+13.708, +9.490,+0.936
1668092220,+3.47,+13.690, +9.582,+0.936
1668092280,+3.47,+13.690, +9.634,+0.936
1668092340,+3.47,+13.681, +9.648,+0.937
1668092400,+3.47,+13.664, +9.611,+0.936
1668092460,+3.47,+13.664, +9.526,+0.936
1668092520,+3.47,+13.664, +9.813,+0.937
1668092580,+3.47,+13.699, +9.870,+0.936
1668092640,+3.47,+13.681, +9.731,+0.937
1668092700,+3.47,+13.690, +9.663,+0.937
1668092760,+3.47,+13.708, +9.625,+0.937
1668092820,+3.47,+13.690, +9.678,+0.937
1668092880,+3.47,+13.699, +9.703,+0.937
1668092940,+3.47,+13.708, +9.674,+0.937
1668093000,+3.47,+13.725, +9.694,+0.937
1668093060,+3.47,+13.751, +9.722,+0.937
1668093120,+3.47,+13.742, +9.732,+0.936
1668093180,+3.47,+13.742, +9.731,+0.937
1668093240,+3.46,+13.742, +9.705,+0.937
1668093300,+3.47,+13.742, +9.690,+0.937
1668093360,+3.47,+13.742, +9.687,+0.937
1668093420,+3.47,+13.742, +9.688,+0.937
1668093480,+3.47,+13.769, +9.698,+0.936
1668093540,+3.47,+13.769, +9.744,+0.937
1668093600,+3.47,+13.786, +9.723,+0.936
1668093660,+3.46,+13.777, +9.743,+0.937
1668093720,+3.47,+13.777, +9.802,+0.937
1668093780,+3.47,+13.777, +9.849,+0.936
1668093840,+3.47,+13.760,+10.046,+0.937
1668093900,+3.47,+13.742,+10.158,+0.937
1668093960,+3.47,+13.760,+10.125,+0.937
1668094020,+3.47,+13.769,+10.099,+0.937
1668094080,+3.47,+13.760,+10.138,+0.937
1668094140,+3.47,+13.769,+10.167,+0.937
1668094200,+3.47,+13.760,+10.149,+0.937
1668094260,+3.47,+13.777,+10.147,+0.937
1668094320,+3.47,+13.769,+10.106,+0.937
1668094380,+3.47,+13.742,+10.118,+0.937
1668094440,+3.47,+13.786,+10.113,+0.937
1668094500,+3.47,+13.769,+10.170,+0.937
1668094560,+3.47,+13.795,+10.376,+0.937
1668094620,+3.46,+13.812,+10.314,+0.937
1668094680,+3.46,+13.812,+10.298,+0.937
1668094740,+3.46,+13.829,+10.277,+0.937
1668094800,+3.46,+13.803,+10.288,+0.937
1668094860,+3.46,+13.812,+10.282,+0.937
1668094920,+3.46,+13.838,+10.279,+0.937
1668094980,+3.46,+13.847,+10.248,+0.937
1668095040,+3.46,+13.847,+10.258,+0.937
1668095100,+3.46,+13.838,+10.261,+0.937
1668095160,+3.46,+13.847,+10.221,+0.937
1668095220,+3.46,+13.873,+10.183,+0.937
1668095280,+3.46,+13.847,+10.173,+0.937
1668095340,+3.46,+13.873,+10.159,+0.937
1668095400,+3.46,+13.864,+10.150,+0.937
1668095460,+3.46,+13.890,+10.144,+0.937
1668095520,+3.46,+13.890,+10.127,+0.937
1668095580,+3.46,+13.890,+10.112,+0.937
1668095640,+3.46,+13.847,+10.131,+0.937
1668095700,+3.46,+13.873,+10.112,+0.937
1668095760,+3.46,+13.882,+10.130,+0.937
1668095820,+3.46,+13.882,+10.135,+0.937
1668095880,+3.46,+13.908,+10.106,+0.937
1668095940,+3.46,+13.908,+10.129,+0.937
1668096000,+3.46,+13.908,+10.110,+0.937
1668096060,+3.46,+13.916,+10.101,+0.937
1668096120,+3.46,+13.925,+10.087,+0.937
1668096180,+3.46,+13.925,+10.114,+0.937
1668096240,+3.46,+13.925,+10.096,+0.937
1668096300,+3.46,+13.925,+10.094,+0.937
1668096360,+3.46,+13.943,+10.116,+0.937
1668096420,+3.46,+13.934,+10.118,+0.937
1668096480,+3.46,+13.951,+10.117,+0.937
1668096540,+3.46,+13.951,+10.093,+0.937
1668096600,+3.46,+13.943,+10.082,+0.937
1668096660,+3.46,+13.943,+10.091,+0.937
1668096720,+3.46,+13.960,+10.093,+0.937
1668096780,+3.46,+13.943,+10.109,+0.937
1668096840,+3.46,+13.943,+10.105,+0.937
1668096900,+3.46,+13.925,+10.104,+0.937
1668096960,+3.46,+13.934,+10.112,+0.937
1668097020,+3.46,+13.916,+10.131,+0.937
1668097080,+3.46,+13.925,+10.141,+0.937
1668097140,+3.46,+13.925,+10.151,+0.937
1668097200,+3.46,+13.916,+10.140,+0.937
1668097260,+3.46,+13.925,+10.135,+0.936
1668097320,+3.46,+13.908,+10.140,+0.937
1668097380,+3.46,+13.916,+10.143,+0.937
1668097440,+3.46,+13.925,+10.141,+0.937
1668097500,+3.46,+13.925,+10.159,+0.937
1668097560,+3.46,+13.916,+10.198,+0.937
1668097620,+3.46,+13.943,+10.223,+0.937
1668097680,+3.46,+13.977,+10.222,+0.937
1668097740,+3.46,+13.995,+10.209,+0.937
1668097800,+3.46,+14.012,+10.276,+0.937
1668097860,+3.46,+14.012,+10.307,+0.937
1668097920,+3.46,+14.029,+10.369,+0.937
1668097980,+3.46,+14.047,+10.404,+0.937
1668098040,+3.46,+14.056,+10.390,+0.937
1668098100,+3.46,+14.064,+10.373,+0.937
1668098160,+3.46,+14.073,+10.253,+0.937
1668098220,+3.46,+14.090,+10.159,+0.937
1668098280,+3.46,+14.082,+10.140,+0.937
1668098340,+3.46,+14.073,+10.218,+0.937
1668098400,+3.46,+14.082,+10.174,+0.937
1668098460,+3.46,+14.082,+10.132,+0.937
1668098520,+3.46,+14.082,+10.067,+0.937
1668098580,+3.46,+14.090,+10.091,+0.937
1668098640,+3.46,+14.082,+10.031,+0.937
1668098700,+3.46,+14.090,+10.122,+0.937
1668098760,+3.46,+14.090,+10.164,+0.937
1668098820,+3.46,+14.116,+10.248,+0.937
1668098880,+3.46,+14.116,+10.222,+0.937
1668098940,+3.46,+14.125,+10.270,+0.937
1668099000,+3.46,+14.099,+10.283,+0.937
