7450-364333
OS REV: 1.05 Sensor Cal: 1644948279
Time (sec),  BV (Volts),  T (deg C),  DO (mg/l),  Q ()
1668358260,+3.47,+15.376, +8.588,+0.936
1668358320,+3.47,+15.342, +8.681,+0.936
1668358380,+3.47,+15.342, +8.802,+0.936
1668358440,+3.47,+15.307, +8.944,+0.936
1668358500,+3.47,+15.299, +8.938,+0.936
1668358560,+3.47,+15.324, +8.897,+0.936
1668358620,+3.47,+15.333, +8.909,+0.936
1668358680,+3.47,+15.342, +8.896,+0.936
1668358740,+3.47,+15.350, +8.899,+0.936
1668358800,+3.47,+15.333, +8.837,+0.936
1668358860,+3.47,+15.342, +8.865,+0.936
1668358920,+3.47,+15.333, +8.888,+0.936
1668358980,+3.47,+15.342, +8.895,+0.936
1668359040,+3.47,+15.324, +8.940,+0.936
1668359100,+3.47,+15.333, +8.895,+0.935
1668359160,+3.47,+15.316, +8.885,+0.936
1668359220,+3.47,+15.324, +8.817,+0.935
1668359280,+3.47,+15.299, +8.876,+0.936
1668359340,+3.47,+15.290, +8.849,+0.936
1668359400,+3.47,+15.290, +8.812,+0.936
1668359460,+3.47,+15.273, +8.858,+0.936
1668359520,+3.47,+15.264, +8.856,+0.935
1668359580,+3.47,+15.256, +8.825,+0.936
1668359640,+3.47,+15.281, +8.796,+0.936
1668359700,+3.47,+15.247, +8.898,+0.935
1668359760,+3.47,+15.221, +8.867,+0.935
1668359820,+3.47,+15.213, +8.950,+0.936
1668359880,+3.47,+15.196, +9.009,+0.936
1668359940,+3.47,+15.213, +9.117,+0.936
1668360000,+3.47,+15.213, +9.118,+0.936
1668360060,+3.47,+15.230, +9.091,+0.936
1668360120,+3.47,+15.239, +9.055,+0.936
1668360180,+3.47,+15.247, +8.958,+0.936
1668360240,+3.47,+15.264, +9.016,+0.936
1668360300,+3.47,+15.290, +9.033,+0.936
1668360360,+3.47,+15.299, +9.062,+0.936
1668360420,+3.47,+15.333, +8.998,+0.936
1668360480,+3.47,+15.359, +8.780,+0.936
1668360540,+3.47,+15.410, +8.730,+0.936
1668360600,+3.47,+15.427, +8.729,+0.936
1668360660,+3.47,+15.419, +8.704,+0.936
1668360720,+3.47,+15.427, +8.729,+0.936
1668360780,+3.47,+15.444, +8.662,+0.936
1668360840,+3.47,+15.453, +8.694,+0.936
1668360900,+3.47,+15.444, +8.711,+0.936
1668360960,+3.47,+15.444, +8.743,+0.936
1668361020,+3.47,+15.453, +8.768,+0.936
1668361080,+3.47,+15.444, +8.787,+0.936
1668361140,+3.47,+15.436, +8.821,+0.936
1668361200,+3.47,+15.402, +8.683,+0.935
1668361260,+3.47,+15.419, +8.607,+0.935
1668361320,+3.47,+15.402, +8.660,+0.936
1668361380,+3.47,+15.384, +8.682,+0.936
1668361440,+3.47,+15.419, +8.695,+0.936
1668361500,+3.47,+15.419, +8.701,+0.936
1668361560,+3.47,+15.376, +8.923,+0.936
1668361620,+3.47,+15.359, +9.127,+0.936
1668361680,+3.47,+15.324, +9.187,+0.936
1668361740,+3.47,+15.281, +9.276,+0.936
1668361800,+3.47,+15.256, +9.333,+0.936
1668361860,+3.47,+15.247, +9.328,+0.936
1668361920,+3.47,+15.247, +9.303,+0.936
1668361980,+3.47,+15.239, +9.284,+0.936
1668362040,+3.47,+15.221, +9.332,+0.936
1668362100,+3.47,+15.204, +9.347,+0.936
1668362160,+3.47,+15.213, +9.343,+0.936
1668362220,+3.47,+15.239, +9.169,+0.936
1668362280,+3.47,+15.264, +9.155,+0.936
1668362340,+3.47,+15.299, +9.074,+0.936
1668362400,+3.47,+15.316, +8.989,+0.936
1668362460,+3.47,+15.342, +8.614,+0.936
1668362520,+3.47,+15.350, +8.726,+0.936
1668362580,+3.47,+15.359, +8.748,+0.936
1668362640,+3.47,+15.384, +8.794,+0.936
1668362700,+3.47,+15.359, +8.783,+0.936
1668362760,+3.47,+15.376, +8.697,+0.936
1668362820,+3.47,+15.367, +8.683,+0.936
1668362880,+3.47,+15.393, +8.690,+0.936
1668362940,+3.47,+15.367, +8.642,+0.936
1668363000,+3.47,+15.384, +8.562,+0.936
1668363060,+3.47,+15.376, +8.596,+0.936
1668363120,+3.47,+15.393, +8.612,+0.936
1668363180,+3.47,+15.359, +8.651,+0.936
1668363240,+3.47,+15.350, +8.768,+0.936
1668363300,+3.47,+15.333, +8.914,+0.936
1668363360,+3.47,+15.299, +9.259,+0.936
1668363420,+3.47,+15.273, +9.357,+0.937
1668363480,+3.47,+15.273, +9.412,+0.936
1668363540,+3.47,+15.256, +9.507,+0.936
1668363600,+3.47,+15.230, +9.540,+0.936
1668363660,+3.47,+15.196, +9.545,+0.937
1668363720,+3.47,+15.187, +9.542,+0.936
1668363780,+3.47,+15.161, +9.563,+0.936
1668363840,+3.47,+15.144, +9.581,+0.936
1668363900,+3.47,+15.170, +9.556,+0.936
1668363960,+3.47,+15.153, +9.551,+0.937
1668364020,+3.47,+15.170, +9.484,+0.936
1668364080,+3.47,+15.204, +9.424,+0.937
1668364140,+3.47,+15.247, +9.290,+0.936
1668364200,+3.47,+15.281, +9.123,+0.936
1668364260,+3.47,+15.299, +9.042,+0.936
1668364320,+3.47,+15.324, +8.951,+0.936
1668364380,+3.47,+15.342, +8.911,+0.936
1668364440,+3.47,+15.350, +8.892,+0.936
1668364500,+3.47,+15.359, +8.894,+0.936
1668364560,+3.47,+15.384, +8.804,+0.936
1668364620,+3.47,+15.393, +8.676,+0.936
1668364680,+3.47,+15.402, +8.716,+0.935
1668364740,+3.47,+15.410, +8.818,+0.936
1668364800,+3.47,+15.419, +8.790,+0.936
1668364860,+3.47,+15.402, +8.845,+0.936
1668364920,+3.47,+15.402, +8.918,+0.936
1668364980,+3.47,+15.410, +8.922,+0.936
1668365040,+3.47,+15.402, +8.808,+0.936
1668365100,+3.47,+15.410, +8.776,+0.936
1668365160,+3.47,+15.393, +8.735,+0.936
1668365220,+3.47,+15.410, +8.733,+0.936
1668365280,+3.47,+15.402, +8.799,+0.936
1668365340,+3.47,+15.393, +8.980,+0.936
1668365400,+3.47,+15.350, +9.175,+0.936
1668365460,+3.47,+15.333, +9.291,+0.936
1668365520,+3.47,+15.307, +9.339,+0.936
1668365580,+3.47,+15.290, +9.394,+0.936
1668365640,+3.47,+15.281, +9.413,+0.936
1668365700,+3.47,+15.290, +9.396,+0.936
1668365760,+3.47,+15.256, +9.519,+0.937
1668365820,+3.47,+15.239, +9.550,+0.937
1668365880,+3.47,+15.221, +9.480,+0.936
1668365940,+3.47,+15.221, +9.413,+0.936
1668366000,+3.47,+15.213, +9.299,+0.937
1668366060,+3.47,+15.230, +9.233,+0.936
1668366120,+3.47,+15.247, +9.355,+0.936
1668366180,+3.47,+15.256, +9.273,+0.936
1668366240,+3.47,+15.307, +9.159,+0.936
1668366300,+3.47,+15.316, +9.135,+0.936
1668366360,+3.47,+15.333, +9.107,+0.936
1668366420,+3.47,+15.350, +8.908,+0.936
1668366480,+3.47,+15.359, +8.874,+0.936
1668366540,+3.47,+15.376, +8.732,+0.936
1668366600,+3.47,+15.384, +8.762,+0.936
1668366660,+3.47,+15.359, +8.801,+0.936
1668366720,+3.47,+15.402, +8.667,+0.936
1668366780,+3.47,+15.410, +8.546,+0.935
1668366840,+3.47,+15.402, +8.632,+0.936
1668366900,+3.47,+15.410, +9.077,+0.936
1668366960,+3.47,+15.402, +8.907,+0.936
1668367020,+3.47,+15.410, +8.793,+0.936
1668367080,+3.47,+15.410, +8.728,+0.936
1668367140,+3.47,+15.384, +8.701,+0.936
1668367200,+3.47,+15.393, +8.707,+0.936
1668367260,+3.47,+15.402, +8.723,+0.936
1668367320,+3.47,+15.393, +8.703,+0.936
1668367380,+3.47,+15.393, +8.633,+0.936
1668367440,+3.47,+15.367, +8.659,+0.936
1668367500,+3.47,+15.384, +8.614,+0.936
1668367560,+3.47,+15.410, +8.597,+0.936
1668367620,+3.47,+15.376, +8.616,+0.936
1668367680,+3.47,+15.367, +8.754,+0.936
1668367740,+3.47,+15.359, +8.829,+0.935
1668367800,+3.47,+15.342, +8.936,+0.936
1668367860,+3.47,+15.367, +8.993,+0.936
1668367920,+3.47,+15.350, +9.147,+0.936
1668367980,+3.47,+15.350, +9.259,+0.936
1668368040,+3.47,+15.367, +9.228,+0.936
1668368100,+3.47,+15.342, +9.440,+0.937
1668368160,+3.47,+15.350, +9.466,+0.936
1668368220,+3.47,+15.342, +9.372,+0.936
1668368280,+3.47,+15.333, +9.096,+0.936
1668368340,+3.47,+15.342, +9.089,+0.936
1668368400,+3.47,+15.359, +9.047,+0.936
1668368460,+3.47,+15.367, +9.004,+0.936
1668368520,+3.47,+15.367, +8.970,+0.936
1668368580,+3.47,+15.376, +8.913,+0.936
1668368640,+3.47,+15.384, +8.934,+0.937
1668368700,+3.47,+15.376, +8.829,+0.936
1668368760,+3.47,+15.376, +8.678,+0.936
1668368820,+3.47,+15.367, +8.621,+0.936
1668368880,+3.47,+15.376, +8.573,+0.935
1668368940,+3.47,+15.384, +8.588,+0.936
1668369000,+3.47,+15.384, +8.617,+0.936
1668369060,+3.47,+15.393, +8.635,+0.936
1668369120,+3.47,+15.410, +8.634,+0.936
1668369180,+3.47,+15.410, +8.609,+0.936
1668369240,+3.47,+15.402, +8.526,+0.936
1668369300,+3.47,+15.402, +8.532,+0.935
1668369360,+3.47,+15.384, +8.564,+0.936
1668369420,+3.47,+15.393, +8.490,+0.936
1668369480,+3.47,+15.376, +8.565,+0.935
1668369540,+3.47,+15.350, +8.616,+0.936
1668369600,+3.47,+15.350, +8.682,+0.936
1668369660,+3.47,+15.350, +8.715,+0.936
1668369720,+3.47,+15.333, +8.659,+0.936
1668369780,+3.47,+15.342, +8.679,+0.935
1668369840,+3.47,+15.316, +8.733,+0.936
1668369900,+3.47,+15.316, +8.790,+0.936
1668369960,+3.47,+15.299, +8.967,+0.936
1668370020,+3.47,+15.290, +8.895,+0.935
1668370080,+3.47,+15.290, +8.888,+0.936
1668370140,+3.47,+15.281, +8.983,+0.936
1668370200,+3.47,+15.307, +8.898,+0.936
1668370260,+3.47,+15.264, +8.935,+0.936
1668370320,+3.47,+15.281, +8.918,+0.936
1668370380,+3.47,+15.307, +8.975,+0.936
1668370440,+3.47,+15.290, +8.904,+0.936
1668370500,+3.47,+15.316, +8.840,+0.936
1668370560,+3.47,+15.299, +8.818,+0.936
1668370620,+3.47,+15.333, +8.762,+0.936
1668370680,+3.47,+15.333, +8.713,+0.936
1668370740,+3.47,+15.342, +8.729,+0.936
1668370800,+3.47,+15.342, +8.715,+0.936
1668370860,+3.47,+15.342, +8.708,+0.936
1668370920,+3.47,+15.333, +8.714,+0.936
1668370980,+3.47,+15.350, +8.658,+0.935
1668371040,+3.47,+15.342, +8.643,+0.936
1668371100,+3.47,+15.359, +8.613,+0.935
1668371160,+3.47,+15.359, +8.645,+0.936
1668371220,+3.47,+15.376, +8.539,+0.935
1668371280,+3.47,+15.350, +8.617,+0.936
1668371340,+3.47,+15.359, +8.533,+0.936
1668371400,+3.47,+15.367, +8.481,+0.936
1668371460,+3.47,+15.342, +8.472,+0.936
1668371520,+3.47,+15.333, +8.557,+0.936
1668371580,+3.47,+15.359, +8.544,+0.936
1668371640,+3.47,+15.350, +8.614,+0.936
1668371700,+3.47,+15.324, +8.628,+0.936
1668371760,+3.47,+15.307, +8.649,+0.936
1668371820,+3.47,+15.290, +8.689,+0.936
1668371880,+3.47,+15.290, +8.846,+0.936
1668371940,+3.47,+15.247, +8.825,+0.936
1668372000,+3.47,+15.273, +8.807,+0.936
1668372060,+3.47,+15.256, +8.909,+0.936
1668372120,+3.47,+15.230, +8.952,+0.936
1668372180,+3.47,+15.247, +8.847,+0.936
1668372240,+3.47,+15.256, +8.789,+0.936
1668372300,+3.47,+15.264, +8.786,+0.936
1668372360,+3.47,+15.239, +8.775,+0.936
1668372420,+3.47,+15.256, +8.730,+0.936
1668372480,+3.47,+15.247, +8.757,+0.936
1668372540,+3.47,+15.256, +8.738,+0.936
1668372600,+3.47,+15.281, +8.710,+0.935
1668372660,+3.47,+15.273, +8.680,+0.936
1668372720,+3.47,+15.273, +8.645,+0.936
1668372780,+3.47,+15.290, +8.641,+0.936
1668372840,+3.47,+15.307, +8.618,+0.936
1668372900,+3.47,+15.316, +8.638,+0.936
1668372960,+3.47,+15.307, +8.708,+0.936
1668373020,+3.47,+15.324, +8.744,+0.936
1668373080,+3.47,+15.324, +8.808,+0.936
1668373140,+3.47,+15.367, +8.793,+0.936
1668373200,+3.47,+15.359, +8.763,+0.936
1668373260,+3.47,+15.376, +7.536,+0.935
1668373320,+3.47,+15.376, +8.184,+0.936
1668373380,+3.47,+15.359, +8.472,+0.935
1668373440,+3.47,+15.359, +8.678,+0.936
1668373500,+3.47,+15.384, +8.677,+0.936
1668373560,+3.47,+15.367, +8.828,+0.936
1668373620,+3.47,+15.393, +8.845,+0.936
1668373680,+3.47,+15.359, +8.987,+0.936
1668373740,+3.47,+15.342, +9.019,+0.936
1668373800,+3.47,+15.307, +9.127,+0.936
1668373860,+3.47,+15.264, +9.230,+0.936
1668373920,+3.47,+15.256, +9.256,+0.936
1668373980,+3.47,+15.221, +9.277,+0.936
1668374040,+3.47,+15.264, +9.251,+0.937
1668374100,+3.47,+15.247, +9.258,+0.936
1668374160,+3.47,+15.273, +9.181,+0.936
1668374220,+3.47,+15.213, +9.281,+0.936
1668374280,+3.47,+15.230, +9.294,+0.936
1668374340,+3.47,+15.204, +9.292,+0.936
1668374400,+3.47,+15.239, +9.238,+0.936
1668374460,+3.47,+15.221, +9.239,+0.936
1668374520,+3.47,+15.204, +9.251,+0.936
1668374580,+3.47,+15.230, +9.180,+0.936
1668374640,+3.47,+15.239, +9.059,+0.936
1668374700,+3.47,+15.256, +8.985,+0.936
1668374760,+3.47,+15.256, +8.970,+0.936
1668374820,+3.47,+15.256, +8.938,+0.936
1668374880,+3.47,+15.230, +8.975,+0.936
1668374940,+3.47,+15.264, +8.951,+0.936
1668375000,+3.47,+15.256, +8.928,+0.935
1668375060,+3.47,+15.239, +8.893,+0.936
1668375120,+3.47,+15.256, +8.891,+0.936
1668375180,+3.47,+15.230, +8.881,+0.935
1668375240,+3.47,+15.247, +8.879,+0.935
1668375300,+3.47,+15.221, +8.859,+0.936
1668375360,+3.47,+15.230, +8.836,+0.936
1668375420,+3.47,+15.247, +8.835,+0.936
1668375480,+3.47,+15.239, +8.806,+0.936
1668375540,+3.47,+15.247, +8.784,+0.936
1668375600,+3.47,+15.230, +8.828,+0.936
1668375660,+3.47,+15.230, +8.879,+0.936
1668375720,+3.47,+15.221, +8.909,+0.936
1668375780,+3.47,+15.221, +8.820,+0.936
1668375840,+3.47,+15.196, +8.853,+0.936
1668375900,+3.47,+15.196, +8.924,+0.936
1668375960,+3.47,+15.170, +9.050,+0.936
1668376020,+3.47,+15.170, +9.080,+0.936
1668376080,+3.47,+15.144, +9.107,+0.936
1668376140,+3.47,+15.118, +9.214,+0.936
1668376200,+3.47,+15.118, +9.238,+0.936
1668376260,+3.47,+15.101, +9.204,+0.936
1668376320,+3.47,+15.135, +9.153,+0.936
1668376380,+3.47,+15.101, +9.165,+0.937
1668376440,+3.47,+15.101, +9.200,+0.936
1668376500,+3.47,+15.092, +9.184,+0.936
1668376560,+3.47,+15.084, +9.156,+0.936
1668376620,+3.47,+15.092, +9.102,+0.936
1668376680,+3.47,+15.101, +9.067,+0.936
1668376740,+3.47,+15.101, +9.073,+0.936
1668376800,+3.47,+15.092, +9.107,+0.936
1668376860,+3.47,+15.084, +9.109,+0.936
1668376920,+3.47,+15.101, +9.089,+0.936
1668376980,+3.47,+15.110, +9.045,+0.936
1668377040,+3.47,+15.101, +9.033,+0.936
1668377100,+3.47,+15.118, +9.044,+0.936
1668377160,+3.47,+15.101, +9.081,+0.936
1668377220,+3.47,+15.118, +9.050,+0.936
1668377280,+3.47,+15.127, +9.090,+0.935
1668377340,+3.47,+15.127, +9.091,+0.936
1668377400,+3.47,+15.110, +9.060,+0.936
1668377460,+3.47,+15.127, +9.031,+0.936
1668377520,+3.47,+15.127, +9.063,+0.936
1668377580,+3.47,+15.101, +9.068,+0.936
1668377640,+3.47,+15.127, +9.065,+0.936
1668377700,+3.47,+15.118, +9.013,+0.936
1668377760,+3.47,+15.110, +8.896,+0.936
1668377820,+3.47,+15.101, +8.925,+0.936
1668377880,+3.47,+15.092, +8.938,+0.936
1668377940,+3.47,+15.075, +8.956,+0.936
1668378000,+3.47,+15.110, +8.912,+0.936
1668378060,+3.47,+15.049, +8.926,+0.936
1668378120,+3.47,+15.015, +9.001,+0.936
1668378180,+3.47,+15.006, +9.059,+0.936
1668378240,+3.47,+14.998, +9.110,+0.936
1668378300,+3.47,+14.972, +9.136,+0.936
1668378360,+3.47,+14.981, +9.131,+0.936
1668378420,+3.47,+14.972, +9.105,+0.936
1668378480,+3.47,+14.972, +9.104,+0.936
1668378540,+3.47,+14.963, +9.120,+0.936
1668378600,+3.47,+14.963, +9.116,+0.936
1668378660,+3.47,+14.981, +9.140,+0.936
1668378720,+3.47,+14.981, +9.164,+0.936
1668378780,+3.47,+14.989, +9.194,+0.936
1668378840,+3.47,+14.998, +9.159,+0.936
1668378900,+3.47,+14.998, +9.125,+0.936
1668378960,+3.47,+15.067, +9.046,+0.936
1668379020,+3.47,+15.058, +9.033,+0.936
1668379080,+3.47,+15.032, +9.117,+0.936
1668379140,+3.47,+15.041, +9.125,+0.936
1668379200,+3.47,+15.032, +9.128,+0.936
1668379260,+3.47,+15.015, +9.131,+0.936
1668379320,+3.47,+15.049, +9.095,+0.936
1668379380,+3.47,+15.084, +8.983,+0.936
1668379440,+3.47,+15.092, +8.958,+0.936
1668379500,+3.47,+15.049, +8.984,+0.936
1668379560,+3.47,+15.024, +9.043,+0.936
1668379620,+3.47,+14.998, +9.063,+0.936
1668379680,+3.47,+14.972, +9.077,+0.936
1668379740,+3.47,+14.972, +9.046,+0.936
1668379800,+3.47,+14.981, +9.037,+0.936
1668379860,+3.47,+14.981, +9.061,+0.936
1668379920,+3.47,+14.989, +9.040,+0.936
1668379980,+3.47,+15.015, +8.990,+0.936
1668380040,+3.47,+15.024, +8.988,+0.936
1668380100,+3.47,+15.032, +8.946,+0.936
1668380160,+3.47,+15.041, +8.899,+0.936
1668380220,+3.47,+15.058, +8.890,+0.936
1668380280,+3.47,+15.041, +8.909,+0.936
1668380340,+3.47,+15.049, +8.932,+0.936
1668380400,+3.47,+15.058, +8.844,+0.936
1668380460,+3.47,+15.041, +8.884,+0.936
1668380520,+3.47,+15.041, +8.903,+0.936
1668380580,+3.47,+15.032, +8.905,+0.936
1668380640,+3.47,+15.015, +8.910,+0.936
1668380700,+3.47,+15.006, +8.957,+0.936
1668380760,+3.47,+15.006, +8.952,+0.936
1668380820,+3.47,+14.989, +8.950,+0.936
1668380880,+3.47,+14.972, +8.928,+0.936
1668380940,+3.47,+14.955, +8.967,+0.936
1668381000,+3.47,+14.955, +8.956,+0.936
1668381060,+3.47,+14.937, +8.940,+0.936
1668381120,+3.47,+14.920, +8.946,+0.936
1668381180,+3.47,+14.920, +8.993,+0.936
1668381240,+3.47,+14.929, +8.979,+0.936
1668381300,+3.47,+14.894, +9.025,+0.936
1668381360,+3.47,+14.929, +8.996,+0.936
1668381420,+3.47,+14.912, +9.003,+0.936
1668381480,+3.47,+14.894, +8.962,+0.936
1668381540,+3.47,+14.886, +8.970,+0.936
1668381600,+3.47,+14.860, +8.979,+0.936
1668381660,+3.47,+14.886, +8.947,+0.936
1668381720,+3.47,+14.860, +8.948,+0.936
1668381780,+3.47,+14.851, +8.911,+0.936
1668381840,+3.47,+14.843, +8.934,+0.936
1668381900,+3.47,+14.869, +8.953,+0.936
1668381960,+3.47,+14.886, +8.926,+0.936
1668382020,+3.47,+14.886, +8.918,+0.936
1668382080,+3.47,+14.834, +8.952,+0.936
1668382140,+3.47,+14.851, +8.955,+0.936
1668382200,+3.47,+14.886, +8.963,+0.936
1668382260,+3.47,+14.894, +8.931,+0.936
1668382320,+3.47,+14.894, +8.958,+0.936
1668382380,+3.47,+14.903, +8.972,+0.936
1668382440,+3.47,+14.912, +8.937,+0.936
1668382500,+3.47,+14.903, +8.930,+0.936
1668382560,+3.47,+14.894, +8.931,+0.936
1668382620,+3.47,+14.894, +8.923,+0.936
1668382680,+3.47,+14.912, +8.928,+0.936
1668382740,+3.47,+14.894, +8.918,+0.936
1668382800,+3.47,+14.894, +8.886,+0.936
1668382860,+3.47,+14.903, +8.880,+0.936
1668382920,+3.47,+14.894, +8.857,+0.936
1668382980,+3.47,+14.912, +8.819,+0.936
1668383040,+3.47,+14.903, +8.793,+0.936
1668383100,+3.47,+14.937, +8.721,+0.936
1668383160,+3.47,+14.894, +8.705,+0.936
1668383220,+3.47,+14.903, +8.663,+0.936
1668383280,+3.47,+14.877, +8.654,+0.936
1668383340,+3.47,+14.903, +8.609,+0.936
1668383400,+3.47,+14.869, +8.598,+0.936
1668383460,+3.47,+14.877, +8.575,+0.936
1668383520,+3.47,+14.860, +8.533,+0.936
1668383580,+3.47,+14.860, +8.508,+0.936
1668383640,+3.47,+14.825, +8.497,+0.936
1668383700,+3.47,+14.825, +8.594,+0.936
1668383760,+3.47,+14.817, +8.666,+0.936
1668383820,+3.47,+14.825, +8.678,+0.936
1668383880,+3.47,+14.817, +8.655,+0.936
1668383940,+3.47,+14.808, +8.559,+0.935
1668384000,+3.47,+14.808, +8.649,+0.936
1668384060,+3.47,+14.834, +6.517,+0.935
1668384120,+3.47,+14.834, +7.284,+0.935
1668384180,+3.47,+14.843, +7.866,+0.935
1668384240,+3.47,+14.817, +8.211,+0.935
1668384300,+3.47,+14.843, +8.316,+0.936
1668384360,+3.47,+14.825, +8.455,+0.936
1668384420,+3.47,+14.825, +8.526,+0.936
1668384480,+3.47,+14.843, +8.514,+0.936
1668384540,+3.47,+14.834, +8.498,+0.936
1668384600,+3.47,+14.834, +8.471,+0.935
1668384660,+3.47,+14.843, +8.537,+0.936
1668384720,+3.47,+14.843, +8.554,+0.935
1668384780,+3.47,+14.834, +8.537,+0.936
1668384840,+3.47,+14.825, +8.599,+0.936
1668384900,+3.47,+14.843, +8.591,+0.936
1668384960,+3.47,+14.808, +8.461,+0.936
1668385020,+3.47,+14.791, +8.480,+0.936
1668385080,+3.47,+14.791, +8.466,+0.936
1668385140,+3.47,+14.739, +8.410,+0.936
1668385200,+3.47,+14.757, +8.451,+0.936
1668385260,+3.47,+14.731, +8.458,+0.936
1668385320,+3.47,+14.739, +8.509,+0.936
1668385380,+3.47,+14.713, +8.573,+0.935
1668385440,+3.47,+14.731, +8.547,+0.935
1668385500,+3.47,+14.713, +8.517,+0.936
1668385560,+3.47,+14.757, +8.474,+0.936
1668385620,+3.47,+14.739, +8.421,+0.936
1668385680,+3.47,+14.739, +8.335,+0.935
1668385740,+3.47,+14.722, +8.253,+0.935
1668385800,+3.47,+14.713, +8.237,+0.936
1668385860,+3.47,+14.722, +8.183,+0.935
1668385920,+3.47,+14.722, +8.171,+0.935
1668385980,+3.47,+14.696, +8.186,+0.935
1668386040,+3.47,+14.679, +8.206,+0.935
1668386100,+3.47,+14.687, +8.182,+0.935
1668386160,+3.47,+14.687, +8.168,+0.935
1668386220,+3.47,+14.670, +8.140,+0.935
1668386280,+3.47,+14.670, +8.163,+0.936
1668386340,+3.47,+14.679, +8.194,+0.935
1668386400,+3.47,+14.662, +8.185,+0.935
1668386460,+3.47,+14.687, +8.202,+0.935
1668386520,+3.47,+14.679, +8.182,+0.935
1668386580,+3.47,+14.679, +8.173,+0.935
1668386640,+3.47,+14.670, +8.141,+0.936
1668386700,+3.47,+14.670, +8.119,+0.936
1668386760,+3.47,+14.653, +8.126,+0.935
1668386820,+3.47,+14.627, +8.141,+0.935
1668386880,+3.47,+14.636, +8.136,+0.936
1668386940,+3.47,+14.618, +8.129,+0.936
1668387000,+3.47,+14.601, +8.114,+0.935
1668387060,+3.47,+14.618, +8.110,+0.935
1668387120,+3.47,+14.610, +8.115,+0.935
1668387180,+3.47,+14.592, +8.141,+0.936
1668387240,+3.47,+14.584, +8.147,+0.936
1668387300,+3.47,+14.567, +8.172,+0.935
1668387360,+3.47,+14.575, +8.185,+0.935
1668387420,+3.47,+14.567, +8.209,+0.935
1668387480,+3.47,+14.575, +8.193,+0.935
1668387540,+3.47,+14.584, +8.182,+0.935
1668387600,+3.47,+14.575, +8.166,+0.936
1668387660,+3.47,+14.584, +8.139,+0.935
1668387720,+3.47,+14.584, +8.124,+0.935
1668387780,+3.47,+14.558, +8.141,+0.935
1668387840,+3.47,+14.549, +8.150,+0.935
1668387900,+3.47,+14.541, +8.174,+0.935
1668387960,+3.47,+14.549, +8.170,+0.935
1668388020,+3.47,+14.532, +8.193,+0.936
1668388080,+3.47,+14.523, +8.201,+0.936
1668388140,+3.47,+14.523, +8.212,+0.936
1668388200,+3.47,+14.515, +8.198,+0.936
1668388260,+3.47,+14.523, +8.220,+0.936
1668388320,+3.47,+14.515, +8.451,+0.936
1668388380,+3.47,+14.446, +8.648,+0.936
1668388440,+3.47,+14.437, +8.679,+0.936
1668388500,+3.47,+14.420, +8.513,+0.936
1668388560,+3.47,+14.394, +8.552,+0.936
1668388620,+3.47,+14.368, +8.694,+0.936
1668388680,+3.47,+14.368, +8.716,+0.936
1668388740,+3.47,+14.333, +8.740,+0.936
1668388800,+3.47,+14.316, +8.763,+0.936
1668388860,+3.47,+14.316, +8.664,+0.935
1668388920,+3.47,+14.307, +8.581,+0.935
1668388980,+3.47,+14.281, +8.438,+0.936
1668389040,+3.47,+14.272, +8.331,+0.935
1668389100,+3.47,+14.264, +8.245,+0.936
1668389160,+3.47,+14.264, +8.251,+0.936
1668389220,+3.47,+14.255, +8.344,+0.936
1668389280,+3.47,+14.238, +8.443,+0.936
1668389340,+3.47,+14.246, +8.523,+0.936
1668389400,+3.47,+14.238, +8.481,+0.936
1668389460,+3.47,+14.229, +8.380,+0.935
1668389520,+3.47,+14.238, +8.296,+0.936
1668389580,+3.47,+14.246, +8.254,+0.936
1668389640,+3.47,+14.238, +8.242,+0.935
1668389700,+3.47,+14.229, +8.208,+0.936
1668389760,+3.47,+14.229, +8.157,+0.936
1668389820,+3.47,+14.220, +8.095,+0.936
1668389880,+3.47,+14.246, +8.064,+0.936
1668389940,+3.47,+14.238, +8.046,+0.936
1668390000,+3.47,+14.220, +8.090,+0.936
1668390060,+3.47,+14.220, +8.285,+0.936
1668390120,+3.47,+14.220, +8.435,+0.936
1668390180,+3.47,+14.203, +8.600,+0.936
1668390240,+3.47,+14.194, +8.677,+0.936
1668390300,+3.47,+14.168, +8.717,+0.936
1668390360,+3.47,+14.142, +8.742,+0.936
1668390420,+3.47,+14.151, +8.687,+0.936
1668390480,+3.47,+14.177, +8.592,+0.936
1668390540,+3.47,+14.203, +8.570,+0.936
1668390600,+3.47,+14.238, +8.490,+0.936
1668390660,+3.47,+14.272, +8.418,+0.936
1668390720,+3.47,+14.281, +8.415,+0.936
1668390780,+3.47,+14.316, +8.516,+0.935
1668390840,+3.47,+14.316, +8.506,+0.936
1668390900,+3.47,+14.324, +8.384,+0.935
1668390960,+3.47,+14.333, +8.284,+0.936
1668391020,+3.47,+14.342, +8.225,+0.936
1668391080,+3.47,+14.359, +8.170,+0.936
1668391140,+3.47,+14.342, +8.128,+0.936
1668391200,+3.47,+14.333, +8.075,+0.935
1668391260,+3.47,+14.350, +8.038,+0.935
1668391320,+3.47,+14.359, +7.981,+0.935
1668391380,+3.47,+14.342, +7.934,+0.935
1668391440,+3.47,+14.324, +7.884,+0.935
1668391500,+3.47,+14.316, +7.852,+0.935
1668391560,+3.47,+14.324, +7.826,+0.935
1668391620,+3.47,+14.316, +7.808,+0.935
1668391680,+3.47,+14.298, +7.823,+0.935
1668391740,+3.47,+14.307, +7.866,+0.936
1668391800,+3.47,+14.333, +8.145,+0.935
1668391860,+3.47,+14.333, +8.487,+0.936
1668391920,+3.47,+14.350, +8.667,+0.936
1668391980,+3.47,+14.385, +8.787,+0.936
1668392040,+3.47,+14.402, +8.835,+0.936
1668392100,+3.47,+14.420, +8.847,+0.936
1668392160,+3.47,+14.402, +8.865,+0.936
1668392220,+3.47,+14.420, +8.858,+0.936
1668392280,+3.47,+14.437, +8.843,+0.936
1668392340,+3.47,+14.437, +8.846,+0.936
1668392400,+3.47,+14.428, +8.751,+0.936
1668392460,+3.47,+14.428, +8.640,+0.936
1668392520,+3.47,+14.446, +8.590,+0.936
1668392580,+3.47,+14.428, +8.468,+0.936
1668392640,+3.47,+14.428, +8.354,+0.936
1668392700,+3.47,+14.446, +8.274,+0.935
1668392760,+3.47,+14.420, +8.239,+0.936
1668392820,+3.47,+14.420, +8.175,+0.935
1668392880,+3.47,+14.420, +8.119,+0.935
1668392940,+3.47,+14.411, +8.100,+0.935
1668393000,+3.47,+14.411, +8.068,+0.935
1668393060,+3.47,+14.411, +8.020,+0.935
1668393120,+3.47,+14.385, +7.956,+0.935
1668393180,+3.47,+14.402, +7.863,+0.935
1668393240,+3.47,+14.385, +7.805,+0.935
1668393300,+3.47,+14.376, +7.767,+0.935
1668393360,+3.47,+14.385, +7.754,+0.935
1668393420,+3.47,+14.385, +7.807,+0.935
1668393480,+3.47,+14.394, +7.893,+0.935
1668393540,+3.47,+14.385, +7.881,+0.935
1668393600,+3.47,+14.394, +7.903,+0.935
1668393660,+3.47,+14.385, +7.900,+0.935
1668393720,+3.47,+14.376, +7.900,+0.935
1668393780,+3.47,+14.385, +8.048,+0.935
1668393840,+3.47,+14.394, +8.116,+0.935
1668393900,+3.47,+14.394, +8.188,+0.936
1668393960,+3.47,+14.385, +8.195,+0.935
1668394020,+3.47,+14.376, +8.195,+0.936
1668394080,+3.47,+14.376, +8.178,+0.935
1668394140,+3.47,+14.359, +8.224,+0.935
1668394200,+3.47,+14.342, +8.172,+0.935
1668394260,+3.47,+14.342, +8.127,+0.935
1668394320,+3.47,+14.324, +8.074,+0.935
1668394380,+3.47,+14.342, +7.997,+0.936
1668394440,+3.47,+14.333, +7.891,+0.936
1668394500,+3.47,+14.324, +7.804,+0.935
1668394560,+3.47,+14.324, +7.727,+0.935
1668394620,+3.47,+14.307, +7.711,+0.935
1668394680,+3.47,+14.281, +7.709,+0.935
1668394740,+3.47,+14.290, +7.702,+0.935
1668394800,+3.47,+14.272, +7.721,+0.935
1668394860,+3.47,+14.281, +7.393,+0.936
1668394920,+3.47,+14.281, +7.863,+0.935
1668394980,+3.47,+14.281, +7.996,+0.936
1668395040,+3.47,+14.281, +7.965,+0.935
1668395100,+3.47,+14.281, +7.979,+0.935
1668395160,+3.47,+14.290, +7.852,+0.935
1668395220,+3.47,+14.307, +7.821,+0.935
1668395280,+3.47,+14.290, +7.829,+0.936
1668395340,+3.47,+14.290, +7.868,+0.935
1668395400,+3.47,+14.298, +7.672,+0.935
1668395460,+3.47,+14.290, +7.583,+0.935
1668395520,+3.47,+14.316, +7.477,+0.936
1668395580,+3.47,+14.298, +7.384,+0.935
1668395640,+3.47,+14.316, +7.332,+0.935
1668395700,+3.47,+14.316, +7.467,+0.935
1668395760,+3.47,+14.324, +7.524,+0.935
1668395820,+3.47,+14.316, +7.743,+0.935
1668395880,+3.47,+14.316, +7.989,+0.935
1668395940,+3.47,+14.324, +7.904,+0.935
1668396000,+3.47,+14.350, +8.030,+0.935
1668396060,+3.47,+14.324, +8.062,+0.935
1668396120,+3.47,+14.333, +7.946,+0.935
1668396180,+3.47,+14.359, +8.104,+0.935
1668396240,+3.47,+14.350, +8.225,+0.935
1668396300,+3.47,+14.376, +8.135,+0.935
1668396360,+3.47,+14.376, +8.329,+0.935
1668396420,+3.47,+14.376, +8.458,+0.936
1668396480,+3.47,+14.368, +8.526,+0.936
1668396540,+3.47,+14.368, +8.553,+0.935
1668396600,+3.47,+14.385, +8.511,+0.936
1668396660,+3.47,+14.368, +8.405,+0.936
1668396720,+3.47,+14.368, +8.267,+0.935
1668396780,+3.47,+14.359, +8.335,+0.936
1668396840,+3.47,+14.368, +8.189,+0.936
1668396900,+3.47,+14.342, +7.974,+0.935
1668396960,+3.47,+14.376, +8.152,+0.936
1668397020,+3.47,+14.359, +8.387,+0.936
1668397080,+3.47,+14.350, +8.373,+0.936
1668397140,+3.47,+14.376, +8.415,+0.936
1668397200,+3.47,+14.342, +8.361,+0.935
1668397260,+3.47,+14.359, +8.450,+0.935
1668397320,+3.47,+14.342, +8.589,+0.936
1668397380,+3.47,+14.333, +8.464,+0.936
1668397440,+3.47,+14.342, +8.617,+0.935
1668397500,+3.47,+14.324, +8.733,+0.936
1668397560,+3.47,+14.342, +8.701,+0.936
1668397620,+3.47,+14.333, +8.626,+0.936
1668397680,+3.47,+14.333, +8.372,+0.936
1668397740,+3.47,+14.324, +8.243,+0.935
1668397800,+3.47,+14.307, +8.220,+0.936
1668397860,+3.47,+14.316, +8.149,+0.935
1668397920,+3.47,+14.316, +8.091,+0.936
1668397980,+3.47,+14.307, +8.053,+0.935
1668398040,+3.47,+14.307, +8.091,+0.935
1668398100,+3.47,+14.316, +8.075,+0.935
1668398160,+3.47,+14.290, +8.120,+0.935
1668398220,+3.47,+14.272, +8.267,+0.936
1668398280,+3.47,+14.290, +8.400,+0.936
1668398340,+3.47,+14.255, +8.453,+0.936
1668398400,+3.47,+14.272, +8.574,+0.936
1668398460,+3.47,+14.272, +8.564,+0.935
1668398520,+3.47,+14.272, +8.556,+0.936
1668398580,+3.47,+14.255, +8.638,+0.935
1668398640,+3.47,+14.238, +8.743,+0.936
1668398700,+3.47,+14.229, +8.785,+0.936
1668398760,+3.47,+14.246, +8.692,+0.935
1668398820,+3.47,+14.238, +8.382,+0.935
1668398880,+3.47,+14.220, +7.873,+0.935
1668398940,+3.47,+14.212, +7.902,+0.935
1668399000,+3.47,+14.203, +8.093,+0.935
1668399060,+3.47,+14.186, +7.992,+0.935
1668399120,+3.47,+14.212, +8.071,+0.935
1668399180,+3.47,+14.229, +8.328,+0.936
1668399240,+3.47,+14.220, +8.288,+0.936
1668399300,+3.47,+14.246, +8.419,+0.936
1668399360,+3.47,+14.229, +8.393,+0.936
1668399420,+3.47,+14.238, +8.460,+0.935
1668399480,+3.47,+14.238, +8.531,+0.936
1668399540,+3.47,+14.246, +8.532,+0.935
1668399600,+3.47,+14.220, +8.427,+0.936
1668399660,+3.47,+14.229, +8.385,+0.935
1668399720,+3.47,+14.246, +8.310,+0.935
1668399780,+3.47,+14.229, +8.293,+0.935
1668399840,+3.47,+14.238, +8.315,+0.935
1668399900,+3.47,+14.229, +8.258,+0.935
1668399960,+3.47,+14.238, +8.187,+0.935
1668400020,+3.47,+14.246, +8.175,+0.935
1668400080,+3.47,+14.220, +8.255,+0.935
1668400140,+3.47,+14.194, +8.339,+0.935
1668400200,+3.47,+14.203, +8.433,+0.936
1668400260,+3.47,+14.194, +8.479,+0.936
1668400320,+3.47,+14.194, +8.647,+0.936
1668400380,+3.47,+14.194, +8.725,+0.935
1668400440,+3.47,+14.186, +8.802,+0.936
1668400500,+3.47,+14.177, +8.829,+0.935
1668400560,+3.47,+14.168, +8.829,+0.935
1668400620,+3.47,+14.168, +8.815,+0.935
1668400680,+3.47,+14.160, +8.732,+0.936
1668400740,+3.47,+14.142, +8.809,+0.936
1668400800,+3.47,+14.125, +8.789,+0.936
1668400860,+3.47,+14.125, +8.758,+0.936
1668400920,+3.47,+14.108, +8.757,+0.936
1668400980,+3.47,+14.082, +8.704,+0.936
1668401040,+3.47,+14.056, +8.687,+0.936
1668401100,+3.47,+14.047, +8.614,+0.936
1668401160,+3.47,+14.082, +8.684,+0.935
1668401220,+3.47,+14.056, +8.778,+0.936
1668401280,+3.47,+14.038, +8.844,+0.936
1668401340,+3.47,+14.056, +8.849,+0.936
1668401400,+3.47,+13.969, +8.851,+0.935
1668401460,+3.47,+13.977, +8.842,+0.936
1668401520,+3.47,+13.969, +8.855,+0.936
1668401580,+3.47,+13.916, +8.792,+0.935
1668401640,+3.47,+13.908, +8.767,+0.936
1668401700,+3.47,+13.890, +8.787,+0.936
1668401760,+3.47,+13.899, +8.783,+0.936
1668401820,+3.47,+13.899, +8.758,+0.936
1668401880,+3.47,+13.899, +8.763,+0.936
1668401940,+3.47,+13.890, +8.682,+0.936
1668402000,+3.47,+13.847, +8.727,+0.936
1668402060,+3.47,+13.821, +8.701,+0.936
1668402120,+3.47,+13.812, +8.715,+0.935
1668402180,+3.47,+13.795, +8.778,+0.936
1668402240,+3.47,+13.777, +8.792,+0.936
1668402300,+3.47,+13.786, +8.830,+0.936
1668402360,+3.47,+13.795, +8.827,+0.936
1668402420,+3.47,+13.803, +8.847,+0.936
1668402480,+3.47,+13.838, +8.852,+0.935
1668402540,+3.47,+13.838, +8.850,+0.936
1668402600,+3.47,+13.821, +8.876,+0.936
1668402660,+3.47,+13.838, +8.897,+0.936
1668402720,+3.47,+13.847, +8.936,+0.936
1668402780,+3.47,+13.856, +8.943,+0.936
1668402840,+3.47,+13.864, +8.943,+0.936
1668402900,+3.47,+13.899, +8.944,+0.936
1668402960,+3.47,+13.882, +8.944,+0.936
1668403020,+3.47,+13.882, +8.945,+0.936
1668403080,+3.47,+13.890, +8.948,+0.936
1668403140,+3.47,+13.899, +8.954,+0.936
1668403200,+3.47,+13.882, +8.962,+0.936
1668403260,+3.47,+13.925, +8.963,+0.936
1668403320,+3.47,+13.934, +8.981,+0.936
1668403380,+3.47,+13.960, +8.975,+0.936
1668403440,+3.47,+13.960, +8.954,+0.936
1668403500,+3.47,+13.969, +8.934,+0.936
1668403560,+3.47,+13.951, +8.973,+0.936
1668403620,+3.47,+13.977, +8.954,+0.936
1668403680,+3.47,+13.977, +8.944,+0.936
1668403740,+3.47,+13.995, +8.941,+0.936
1668403800,+3.47,+14.021, +8.929,+0.936
1668403860,+3.47,+13.986, +8.901,+0.936
1668403920,+3.47,+14.003, +8.877,+0.936
1668403980,+3.47,+14.003, +8.869,+0.936
1668404040,+3.47,+14.012, +8.843,+0.936
1668404100,+3.47,+14.038, +8.824,+0.936
1668404160,+3.47,+13.986, +8.817,+0.936
1668404220,+3.47,+13.986, +8.782,+0.936
1668404280,+3.47,+13.986, +8.778,+0.936
1668404340,+3.47,+13.969, +8.792,+0.936
1668404400,+3.47,+13.977, +8.775,+0.936
1668404460,+3.47,+13.960, +8.746,+0.936
1668404520,+3.47,+13.934, +8.733,+0.936
1668404580,+3.47,+13.916, +8.746,+0.936
1668404640,+3.47,+13.925, +8.741,+0.936
1668404700,+3.47,+13.899, +8.714,+0.935
1668404760,+3.47,+13.882, +8.788,+0.936
1668404820,+3.47,+13.899, +8.838,+0.936
1668404880,+3.47,+13.916, +8.824,+0.936
1668404940,+3.47,+13.899, +8.832,+0.935
1668405000,+3.47,+13.864, +8.877,+0.935
1668405060,+3.47,+13.890, +8.901,+0.936
1668405120,+3.47,+13.873, +8.934,+0.936
1668405180,+3.47,+13.873, +8.918,+0.935
1668405240,+3.47,+13.890, +8.923,+0.936
1668405300,+3.47,+13.908, +8.937,+0.936
1668405360,+3.47,+13.916, +8.910,+0.936
1668405420,+3.47,+13.925, +8.887,+0.935
1668405480,+3.47,+13.925, +8.901,+0.936
1668405540,+3.47,+13.916, +8.892,+0.935
1668405600,+3.47,+13.899, +8.909,+0.936
1668405660,+3.47,+13.916, +7.517,+0.935
1668405720,+3.47,+13.916, +7.872,+0.935
1668405780,+3.47,+13.899, +8.064,+0.936
1668405840,+3.47,+13.908, +8.029,+0.935
1668405900,+3.47,+13.890, +7.997,+0.935
1668405960,+3.47,+13.890, +8.037,+0.935
1668406020,+3.47,+13.890, +7.996,+0.935
1668406080,+3.47,+13.882, +7.977,+0.935
1668406140,+3.47,+13.864, +8.085,+0.936
1668406200,+3.47,+13.873, +8.067,+0.935
1668406260,+3.47,+13.864, +7.955,+0.935
1668406320,+3.47,+13.864, +7.955,+0.935
1668406380,+3.47,+13.864, +7.903,+0.935
1668406440,+3.47,+13.856, +7.953,+0.936
1668406500,+3.47,+13.847, +7.963,+0.935
1668406560,+3.47,+13.856, +8.032,+0.935
1668406620,+3.47,+13.856, +8.131,+0.935
1668406680,+3.47,+13.856, +8.316,+0.936
1668406740,+3.47,+13.856, +8.507,+0.936
1668406800,+3.47,+13.847, +8.538,+0.936
1668406860,+3.47,+13.838, +8.537,+0.936
1668406920,+3.47,+13.856, +8.564,+0.935
1668406980,+3.47,+13.838, +8.563,+0.936
1668407040,+3.47,+13.803, +8.660,+0.936
1668407100,+3.47,+13.821, +8.704,+0.936
1668407160,+3.47,+13.838, +8.744,+0.935
1668407220,+3.47,+13.821, +8.838,+0.936
1668407280,+3.47,+13.821, +8.897,+0.936
1668407340,+3.47,+13.812, +8.916,+0.936
1668407400,+3.47,+13.812, +8.923,+0.936
1668407460,+3.47,+13.821, +8.931,+0.936
1668407520,+3.47,+13.821, +8.920,+0.936
1668407580,+3.47,+13.821, +8.916,+0.936
1668407640,+3.47,+13.821, +8.902,+0.935
1668407700,+3.47,+13.829, +8.904,+0.936
1668407760,+3.47,+13.821, +8.902,+0.936
1668407820,+3.47,+13.829, +8.864,+0.936
1668407880,+3.47,+13.821, +8.741,+0.936
1668407940,+3.47,+13.821, +8.622,+0.936
1668408000,+3.47,+13.821, +8.553,+0.936
1668408060,+3.47,+13.821, +8.560,+0.936
1668408120,+3.47,+13.821, +8.399,+0.936
1668408180,+3.47,+13.829, +8.352,+0.935
1668408240,+3.47,+13.803, +8.242,+0.936
1668408300,+3.47,+13.821, +8.126,+0.936
1668408360,+3.47,+13.856, +8.222,+0.935
1668408420,+3.47,+13.821, +8.026,+0.935
1668408480,+3.47,+13.812, +8.061,+0.935
1668408540,+3.47,+13.795, +8.034,+0.936
1668408600,+3.47,+13.786, +8.006,+0.935
1668408660,+3.47,+13.777, +7.937,+0.935
1668408720,+3.47,+13.769, +8.113,+0.935
1668408780,+3.47,+13.742, +8.176,+0.935
1668408840,+3.47,+13.742, +8.411,+0.936
1668408900,+3.47,+13.725, +8.481,+0.935
1668408960,+3.47,+13.734, +8.555,+0.936
1668409020,+3.47,+13.708, +8.628,+0.936
1668409080,+3.47,+13.725, +8.649,+0.936
1668409140,+3.47,+13.716, +8.639,+0.936
1668409200,+3.47,+13.742, +8.578,+0.936
1668409260,+3.47,+13.742, +8.592,+0.936
1668409320,+3.47,+13.760, +8.677,+0.936
1668409380,+3.47,+13.777, +8.721,+0.936
1668409440,+3.47,+13.777, +8.564,+0.936
1668409500,+3.47,+13.769, +8.533,+0.936
1668409560,+3.47,+13.795, +8.564,+0.936
1668409620,+3.47,+13.786, +8.562,+0.936
1668409680,+3.47,+13.795, +8.611,+0.936
1668409740,+3.47,+13.795, +8.617,+0.936
1668409800,+3.47,+13.812, +8.440,+0.936
1668409860,+3.47,+13.812, +8.245,+0.936
1668409920,+3.47,+13.821, +8.120,+0.935
1668409980,+3.47,+13.812, +8.069,+0.935
1668410040,+3.47,+13.829, +7.891,+0.935
1668410100,+3.47,+13.838, +7.772,+0.935
1668410160,+3.47,+13.838, +7.869,+0.935
1668410220,+3.47,+13.838, +7.863,+0.935
1668410280,+3.47,+13.873, +7.865,+0.936
1668410340,+3.47,+13.856, +7.851,+0.935
1668410400,+3.47,+13.847, +8.065,+0.935
1668410460,+3.47,+13.847, +8.134,+0.935
1668410520,+3.47,+13.864, +8.071,+0.935
1668410580,+3.47,+13.856, +8.064,+0.935
1668410640,+3.47,+13.864, +7.863,+0.935
1668410700,+3.47,+13.847, +7.654,+0.935
1668410760,+3.47,+13.838, +7.581,+0.935
1668410820,+3.47,+13.873, +7.513,+0.935
1668410880,+3.47,+13.838, +7.430,+0.935
1668410940,+3.47,+13.803, +7.330,+0.935
1668411000,+3.47,+13.777, +7.139,+0.935
1668411060,+3.47,+13.786, +6.985,+0.935
1668411120,+3.47,+13.769, +6.816,+0.935
1668411180,+3.47,+13.786, +6.732,+0.935
1668411240,+3.47,+13.795, +6.767,+0.935
1668411300,+3.47,+13.795, +6.889,+0.935
1668411360,+3.47,+13.803, +6.934,+0.935
1668411420,+3.47,+13.786, +6.953,+0.935
1668411480,+3.47,+13.821, +6.927,+0.935
1668411540,+3.47,+13.812, +6.865,+0.935
1668411600,+3.47,+13.829, +6.889,+0.935
1668411660,+3.47,+13.829, +6.960,+0.935
1668411720,+3.47,+13.856, +6.986,+0.935
1668411780,+3.47,+13.856, +7.044,+0.935
1668411840,+3.47,+13.856, +7.124,+0.935
1668411900,+3.47,+13.873, +7.217,+0.935
1668411960,+3.47,+13.882, +7.234,+0.935
1668412020,+3.47,+13.890, +7.252,+0.935
1668412080,+3.47,+13.908, +7.671,+0.935
1668412140,+3.47,+13.916, +7.858,+0.936
1668412200,+3.47,+13.934, +7.930,+0.935
1668412260,+3.47,+13.916, +8.019,+0.935
1668412320,+3.47,+13.934, +7.961,+0.935
1668412380,+3.47,+13.960, +7.894,+0.935
1668412440,+3.47,+13.908, +7.872,+0.935
1668412500,+3.47,+13.925, +7.798,+0.935
1668412560,+3.47,+13.899, +7.753,+0.935
1668412620,+3.47,+13.890, +8.055,+0.935
1668412680,+3.47,+13.908, +8.271,+0.935
1668412740,+3.47,+13.873, +8.450,+0.935
1668412800,+3.47,+13.882, +8.557,+0.935
1668412860,+3.47,+13.890, +8.824,+0.936
1668412920,+3.47,+13.873, +8.785,+0.936
1668412980,+3.47,+13.890, +8.135,+0.935
1668413040,+3.47,+13.882, +7.620,+0.935
1668413100,+3.47,+13.873, +7.624,+0.935
1668413160,+3.47,+13.890, +7.842,+0.935
1668413220,+3.47,+13.899, +7.952,+0.935
1668413280,+3.47,+13.916, +8.039,+0.936
1668413340,+3.47,+13.934, +8.143,+0.935
1668413400,+3.47,+13.943, +8.114,+0.935
1668413460,+3.47,+13.943, +8.056,+0.935
1668413520,+3.47,+13.943, +7.853,+0.935
1668413580,+3.47,+13.951, +7.701,+0.935
1668413640,+3.47,+13.943, +7.667,+0.935
1668413700,+3.47,+13.951, +7.685,+0.935
1668413760,+3.47,+13.943, +7.721,+0.935
1668413820,+3.47,+13.934, +7.738,+0.935
1668413880,+3.47,+13.934, +7.709,+0.935
1668413940,+3.47,+13.960, +7.687,+0.935
1668414000,+3.47,+13.960, +7.534,+0.935
1668414060,+3.47,+13.960, +7.450,+0.935
1668414120,+3.47,+13.943, +7.452,+0.935
1668414180,+3.47,+13.943, +7.471,+0.935
1668414240,+3.47,+13.943, +7.453,+0.935
1668414300,+3.47,+13.934, +7.515,+0.935
1668414360,+3.47,+13.925, +7.490,+0.935
1668414420,+3.47,+13.908, +7.385,+0.935
1668414480,+3.47,+13.899, +7.470,+0.935
1668414540,+3.47,+13.873, +7.580,+0.935
1668414600,+3.47,+13.873, +7.631,+0.935
1668414660,+3.47,+13.856, +7.690,+0.935
1668414720,+3.47,+13.847, +7.765,+0.935
1668414780,+3.47,+13.847, +7.731,+0.936
1668414840,+3.47,+13.829, +7.324,+0.935
1668414900,+3.47,+13.847, +6.915,+0.935
1668414960,+3.47,+13.856, +6.965,+0.935
1668415020,+3.47,+13.847, +7.156,+0.935
1668415080,+3.47,+13.864, +7.178,+0.935
1668415140,+3.47,+13.873, +7.299,+0.935
1668415200,+3.47,+13.890, +7.188,+0.935
1668415260,+3.47,+13.908, +7.332,+0.935
1668415320,+3.47,+13.934, +7.561,+0.935
1668415380,+3.47,+13.977, +7.681,+0.935
1668415440,+3.47,+13.986, +7.690,+0.935
1668415500,+3.47,+14.012, +7.516,+0.935
1668415560,+3.47,+14.047, +7.284,+0.935
1668415620,+3.47,+14.064, +7.334,+0.935
1668415680,+3.47,+14.073, +7.412,+0.935
1668415740,+3.47,+14.073, +7.364,+0.935
1668415800,+3.47,+14.082, +7.400,+0.935
1668415860,+3.47,+14.082, +7.474,+0.935
1668415920,+3.47,+14.082, +7.571,+0.936
1668415980,+3.47,+14.108, +7.379,+0.935
1668416040,+3.47,+14.108, +7.234,+0.935
1668416100,+3.46,+14.090, +7.326,+0.935
1668416160,+3.47,+14.099, +7.758,+0.935
1668416220,+3.47,+14.073, +8.392,+0.935
1668416280,+3.47,+14.073, +8.285,+0.935
1668416340,+3.47,+14.082, +7.858,+0.935
1668416400,+3.47,+14.064, +7.677,+0.935
1668416460,+3.47,+14.082, +6.948,+0.935
1668416520,+3.47,+14.056, +7.343,+0.935
1668416580,+3.47,+14.056, +7.347,+0.935
1668416640,+3.47,+14.029, +7.669,+0.935
1668416700,+3.47,+14.003, +7.774,+0.935
1668416760,+3.47,+14.003, +7.457,+0.935
1668416820,+3.47,+13.977, +7.207,+0.935
1668416880,+3.47,+13.969, +7.345,+0.935
1668416940,+3.47,+13.977, +7.829,+0.935
1668417000,+3.47,+14.003, +7.672,+0.935
1668417060,+3.47,+14.056, +7.298,+0.935
1668417120,+3.47,+14.047, +7.145,+0.935
1668417180,+3.47,+14.073, +6.862,+0.935
1668417240,+3.47,+14.090, +7.119,+0.935
1668417300,+3.47,+14.090, +7.567,+0.935
1668417360,+3.47,+14.116, +7.730,+0.935
1668417420,+3.46,+14.125, +7.624,+0.935
1668417480,+3.47,+14.116, +7.434,+0.935
1668417540,+3.46,+14.116, +7.475,+0.935
1668417600,+3.46,+14.142, +7.567,+0.935
1668417660,+3.46,+14.142, +7.578,+0.935
1668417720,+3.46,+14.160, +7.505,+0.935
1668417780,+3.46,+14.134, +7.268,+0.935
1668417840,+3.46,+14.151, +7.181,+0.935
1668417900,+3.46,+14.125, +7.358,+0.935
1668417960,+3.46,+14.134, +7.516,+0.935
1668418020,+3.46,+14.125, +7.710,+0.935
1668418080,+3.46,+14.134, +7.738,+0.935
1668418140,+3.47,+14.125, +7.737,+0.935
1668418200,+3.46,+14.142, +7.701,+0.935
1668418260,+3.47,+14.125, +7.679,+0.935
1668418320,+3.47,+14.090, +7.641,+0.935
1668418380,+3.46,+14.108, +7.615,+0.935
1668418440,+3.47,+14.116, +7.594,+0.935
1668418500,+3.47,+14.108, +7.557,+0.935
1668418560,+3.47,+14.099, +7.593,+0.935
1668418620,+3.47,+14.090, +7.604,+0.935
1668418680,+3.47,+14.090, +7.627,+0.935
1668418740,+3.47,+14.073, +7.686,+0.935
1668418800,+3.47,+14.090, +7.678,+0.935
1668418860,+3.47,+14.082, +7.643,+0.935
1668418920,+3.47,+14.099, +7.622,+0.935
1668418980,+3.47,+14.082, +7.632,+0.935
1668419040,+3.47,+14.099, +7.598,+0.935
1668419100,+3.47,+14.099, +7.556,+0.935
1668419160,+3.47,+14.099, +7.391,+0.935
1668419220,+3.46,+14.142, +7.196,+0.935
1668419280,+3.47,+14.125, +7.273,+0.935
1668419340,+3.46,+14.142, +7.324,+0.935
1668419400,+3.46,+14.160, +7.361,+0.935
1668419460,+3.46,+14.142, +7.373,+0.935
1668419520,+3.47,+14.134, +7.388,+0.935
1668419580,+3.46,+14.142, +7.417,+0.935
1668419640,+3.46,+14.142, +7.438,+0.935
1668419700,+3.47,+14.142, +7.436,+0.935
1668419760,+3.46,+14.168, +7.435,+0.935
1668419820,+3.46,+14.142, +7.457,+0.935
1668419880,+3.46,+14.168, +7.458,+0.935
1668419940,+3.46,+14.160, +7.476,+0.935
1668420000,+3.46,+14.168, +7.500,+0.935
1668420060,+3.46,+14.151, +7.550,+0.935
1668420120,+3.46,+14.177, +7.535,+0.935
1668420180,+3.47,+14.134, +7.444,+0.935
1668420240,+3.46,+14.151, +7.533,+0.935
1668420300,+3.46,+14.160, +7.626,+0.935
1668420360,+3.46,+14.160, +7.685,+0.935
1668420420,+3.46,+14.151, +7.739,+0.935
1668420480,+3.46,+14.160, +7.752,+0.935
1668420540,+3.46,+14.160, +7.762,+0.935
1668420600,+3.46,+14.168, +7.742,+0.935
1668420660,+3.46,+14.151, +7.737,+0.935
1668420720,+3.47,+14.142, +7.776,+0.935
1668420780,+3.46,+14.160, +7.790,+0.935
1668420840,+3.46,+14.134, +7.851,+0.935
1668420900,+3.46,+14.151, +7.886,+0.935
1668420960,+3.46,+14.134, +7.918,+0.935
1668421020,+3.46,+14.134, +7.904,+0.935
1668421080,+3.46,+14.160, +7.875,+0.935
1668421140,+3.47,+14.134, +7.852,+0.935
1668421200,+3.46,+14.160, +7.793,+0.935
1668421260,+3.46,+14.160, +7.758,+0.935
1668421320,+3.46,+14.151, +7.716,+0.935
1668421380,+3.46,+14.160, +7.660,+0.935
1668421440,+3.46,+14.168, +7.627,+0.935
1668421500,+3.46,+14.177, +7.620,+0.935
1668421560,+3.46,+14.160, +7.636,+0.935
1668421620,+3.46,+14.160, +7.624,+0.935
1668421680,+3.46,+14.168, +7.630,+0.935
1668421740,+3.46,+14.177, +7.625,+0.935
1668421800,+3.46,+14.186, +7.635,+0.935
1668421860,+3.46,+14.186, +7.647,+0.935
1668421920,+3.46,+14.160, +7.641,+0.935
1668421980,+3.46,+14.194, +7.615,+0.935
1668422040,+3.46,+14.203, +7.571,+0.935
1668422100,+3.46,+14.186, +7.575,+0.935
1668422160,+3.46,+14.177, +7.593,+0.935
1668422220,+3.46,+14.177, +7.606,+0.935
1668422280,+3.46,+14.186, +7.579,+0.935
1668422340,+3.46,+14.186, +7.551,+0.935
1668422400,+3.46,+14.177, +7.555,+0.935
1668422460,+3.46,+14.194, +7.577,+0.935
1668422520,+3.46,+14.186, +7.620,+0.935
1668422580,+3.46,+14.194, +7.671,+0.935
1668422640,+3.46,+14.186, +7.705,+0.935
1668422700,+3.46,+14.186, +7.748,+0.935
1668422760,+3.46,+14.177, +7.747,+0.935
1668422820,+3.46,+14.194, +7.736,+0.935
1668422880,+3.46,+14.203, +7.745,+0.935
1668422940,+3.46,+14.177, +7.745,+0.935
1668423000,+3.46,+14.186, +7.706,+0.935
1668423060,+3.46,+14.168, +7.676,+0.935
1668423120,+3.46,+14.168, +7.633,+0.935
1668423180,+3.46,+14.168, +7.576,+0.935
1668423240,+3.46,+14.160, +7.547,+0.935
1668423300,+3.46,+14.160, +7.574,+0.935
1668423360,+3.46,+14.160, +7.636,+0.935
1668423420,+3.46,+14.160, +7.686,+0.935
1668423480,+3.46,+14.151, +7.753,+0.935
1668423540,+3.46,+14.168, +7.768,+0.935
1668423600,+3.46,+14.151, +7.768,+0.935
1668423660,+3.46,+14.151, +7.745,+0.935
1668423720,+3.46,+14.134, +7.725,+0.935
1668423780,+3.46,+14.151, +7.731,+0.935
1668423840,+3.47,+14.134, +7.768,+0.935
1668423900,+3.46,+14.142, +7.761,+0.935
1668423960,+3.46,+14.125, +7.749,+0.935
1668424020,+3.46,+14.125, +7.715,+0.935
1668424080,+3.47,+14.090, +7.703,+0.935
1668424140,+3.47,+14.082, +7.666,+0.935
1668424200,+3.47,+14.090, +7.642,+0.935
1668424260,+3.47,+14.108, +7.615,+0.935
1668424320,+3.47,+14.082, +7.609,+0.935
1668424380,+3.47,+14.099, +7.598,+0.935
1668424440,+3.47,+14.108, +7.591,+0.935
1668424500,+3.47,+14.099, +7.639,+0.935
1668424560,+3.47,+14.073, +7.658,+0.935
1668424620,+3.47,+14.056, +7.650,+0.935
1668424680,+3.47,+14.064, +7.666,+0.935
1668424740,+3.47,+14.047, +7.678,+0.935
1668424800,+3.47,+14.029, +7.582,+0.935
1668424860,+3.47,+14.021, +7.293,+0.935
1668424920,+3.47,+14.021, +6.953,+0.935
1668424980,+3.47,+13.986, +6.804,+0.935
1668425040,+3.47,+13.977, +6.679,+0.935
1668425100,+3.47,+13.969, +6.704,+0.935
1668425160,+3.47,+13.951, +6.857,+0.935
1668425220,+3.47,+13.951, +7.059,+0.935
1668425280,+3.47,+13.934, +7.164,+0.935
1668425340,+3.47,+13.916, +7.298,+0.935
1668425400,+3.47,+13.916, +7.408,+0.935
1668425460,+3.47,+13.925, +7.484,+0.935
1668425520,+3.47,+13.873, +7.452,+0.935
1668425580,+3.47,+13.882, +7.600,+0.935
1668425640,+3.47,+13.899, +7.709,+0.935
1668425700,+3.47,+13.908, +7.764,+0.935
1668425760,+3.47,+13.899, +7.760,+0.935
1668425820,+3.47,+13.873, +7.773,+0.935
1668425880,+3.47,+13.873, +7.796,+0.935
1668425940,+3.47,+13.882, +7.793,+0.935
1668426000,+3.47,+13.864, +7.796,+0.935
1668426060,+3.47,+13.864, +7.809,+0.936
1668426120,+3.47,+13.882, +7.773,+0.935
1668426180,+3.47,+13.864, +7.768,+0.935
1668426240,+3.47,+13.873, +7.723,+0.935
1668426300,+3.47,+13.873, +7.664,+0.935
1668426360,+3.47,+13.864, +7.619,+0.935
1668426420,+3.47,+13.856, +7.588,+0.935
1668426480,+3.47,+13.864, +7.589,+0.935
1668426540,+3.47,+13.856, +7.553,+0.935
1668426600,+3.47,+13.847, +7.570,+0.935
1668426660,+3.47,+13.856, +7.590,+0.935
1668426720,+3.47,+13.864, +7.584,+0.935
1668426780,+3.47,+13.856, +7.590,+0.935
1668426840,+3.47,+13.847, +7.624,+0.935
1668426900,+3.47,+13.821, +7.669,+0.935
1668426960,+3.47,+13.829, +7.666,+0.935
1668427020,+3.47,+13.803, +7.769,+0.935
1668427080,+3.47,+13.760, +7.743,+0.935
1668427140,+3.47,+13.734, +7.829,+0.935
1668427200,+3.47,+13.760, +7.912,+0.935
1668427260,+3.47,+13.777, +7.330,+0.935
1668427320,+3.47,+13.751, +7.657,+0.935
1668427380,+3.47,+13.734, +7.871,+0.935
1668427440,+3.47,+13.769, +7.982,+0.935
1668427500,+3.47,+13.769, +8.027,+0.936
1668427560,+3.47,+13.812, +8.020,+0.936
1668427620,+3.47,+13.821, +7.996,+0.936
1668427680,+3.47,+13.821, +7.943,+0.935
1668427740,+3.47,+13.864, +7.883,+0.936
1668427800,+3.47,+13.873, +7.928,+0.935
1668427860,+3.47,+13.847, +7.904,+0.935
1668427920,+3.47,+13.856, +7.903,+0.935
1668427980,+3.47,+13.864, +7.839,+0.935
1668428040,+3.47,+13.864, +7.845,+0.935
1668428100,+3.47,+13.864, +7.929,+0.935
1668428160,+3.47,+13.873, +7.919,+0.935
1668428220,+3.47,+13.873, +8.085,+0.935
1668428280,+3.47,+13.864, +8.207,+0.936
1668428340,+3.47,+13.856, +8.103,+0.935
1668428400,+3.47,+13.864, +7.941,+0.936
1668428460,+3.47,+13.882, +7.767,+0.935
1668428520,+3.47,+13.873, +7.719,+0.935
1668428580,+3.47,+13.873, +7.816,+0.935
1668428640,+3.47,+13.864, +7.910,+0.935
1668428700,+3.47,+13.847, +7.906,+0.935
1668428760,+3.47,+13.847, +7.912,+0.935
1668428820,+3.47,+13.829, +7.957,+0.935
1668428880,+3.47,+13.829, +7.964,+0.935
1668428940,+3.47,+13.803, +8.148,+0.935
1668429000,+3.47,+13.812, +8.241,+0.935
1668429060,+3.47,+13.812, +8.316,+0.936
1668429120,+3.47,+13.795, +8.365,+0.936
1668429180,+3.47,+13.786, +8.401,+0.935
1668429240,+3.47,+13.777, +8.353,+0.935
1668429300,+3.47,+13.777, +8.379,+0.935
1668429360,+3.47,+13.760, +8.416,+0.936
1668429420,+3.47,+13.760, +8.408,+0.935
1668429480,+3.47,+13.751, +8.370,+0.935
1668429540,+3.47,+13.716, +8.377,+0.935
1668429600,+3.47,+13.751, +8.428,+0.935
1668429660,+3.47,+13.725, +8.478,+0.936
1668429720,+3.47,+13.708, +8.469,+0.935
1668429780,+3.47,+13.716, +8.491,+0.935
1668429840,+3.47,+13.699, +8.440,+0.936
1668429900,+3.47,+13.690, +8.478,+0.936
1668429960,+3.47,+13.690, +8.492,+0.935
1668430020,+3.47,+13.673, +8.576,+0.936
1668430080,+3.47,+13.655, +8.575,+0.936
1668430140,+3.47,+13.664, +8.565,+0.935
1668430200,+3.47,+13.655, +8.547,+0.936
1668430260,+3.47,+13.664, +8.379,+0.935
1668430320,+3.47,+13.647, +8.368,+0.936
1668430380,+3.47,+13.647, +8.270,+0.935
1668430440,+3.47,+13.647, +8.366,+0.935
1668430500,+3.47,+13.638, +8.440,+0.936
1668430560,+3.47,+13.612, +8.493,+0.936
1668430620,+3.47,+13.577, +8.622,+0.936
1668430680,+3.47,+13.568, +8.602,+0.936
1668430740,+3.47,+13.577, +8.608,+0.936
1668430800,+3.47,+13.568, +8.690,+0.936
1668430860,+3.47,+13.577, +8.665,+0.936
1668430920,+3.47,+13.585, +8.692,+0.936
1668430980,+3.47,+13.577, +8.708,+0.935
1668431040,+3.47,+13.559, +8.750,+0.936
1668431100,+3.47,+13.577, +8.715,+0.935
1668431160,+3.47,+13.603, +8.716,+0.936
1668431220,+3.47,+13.620, +8.722,+0.935
1668431280,+3.47,+13.629, +8.778,+0.936
1668431340,+3.47,+13.620, +8.796,+0.936
1668431400,+3.47,+13.620, +8.798,+0.936
1668431460,+3.47,+13.629, +8.824,+0.936
1668431520,+3.47,+13.577, +8.833,+0.936
1668431580,+3.47,+13.577, +8.834,+0.936
1668431640,+3.47,+13.568, +8.790,+0.935
1668431700,+3.46,+13.533, +8.884,+0.936
1668431760,+3.47,+13.577, +8.841,+0.936
1668431820,+3.47,+13.585, +8.809,+0.936
1668431880,+3.47,+13.638, +8.718,+0.936
1668431940,+3.47,+13.638, +8.691,+0.936
1668432000,+3.47,+13.664, +8.651,+0.935
1668432060,+3.47,+13.681, +8.645,+0.936
1668432120,+3.47,+13.664, +8.661,+0.936
1668432180,+3.47,+13.681, +8.615,+0.936
1668432240,+3.47,+13.716, +8.567,+0.935
1668432300,+3.47,+13.725, +8.559,+0.936
1668432360,+3.47,+13.725, +8.538,+0.936
1668432420,+3.47,+13.777, +8.502,+0.935
1668432480,+3.47,+13.760, +8.513,+0.936
1668432540,+3.47,+13.795, +8.488,+0.936
1668432600,+3.47,+13.786, +8.463,+0.936
1668432660,+3.47,+13.812, +8.447,+0.935
1668432720,+3.46,+13.829, +8.444,+0.935
1668432780,+3.47,+13.795, +8.454,+0.935
1668432840,+3.47,+13.821, +8.447,+0.935
1668432900,+3.47,+13.786, +8.499,+0.935
1668432960,+3.47,+13.751, +8.520,+0.936
1668433020,+3.47,+13.725, +8.598,+0.935
1668433080,+3.47,+13.716, +8.582,+0.935
1668433140,+3.47,+13.725, +8.566,+0.936
1668433200,+3.47,+13.708, +8.590,+0.936
1668433260,+3.47,+13.690, +8.582,+0.936
1668433320,+3.47,+13.638, +8.653,+0.936
1668433380,+3.47,+13.620, +8.707,+0.936
1668433440,+3.47,+13.638, +8.672,+0.936
1668433500,+3.47,+13.629, +8.664,+0.936
1668433560,+3.47,+13.629, +8.673,+0.935
1668433620,+3.47,+13.603, +8.682,+0.936
1668433680,+3.47,+13.568, +8.763,+0.936
1668433740,+3.47,+13.568, +8.731,+0.936
1668433800,+3.47,+13.568, +8.710,+0.935
1668433860,+3.46,+13.524, +8.774,+0.936
1668433920,+3.46,+13.516, +8.800,+0.935
1668433980,+3.46,+13.507, +8.795,+0.936
1668434040,+3.47,+13.542, +8.765,+0.936
1668434100,+3.47,+13.577, +8.724,+0.936
1668434160,+3.47,+13.603, +8.692,+0.936
1668434220,+3.47,+13.612, +8.679,+0.935
1668434280,+3.47,+13.629, +8.713,+0.936
1668434340,+3.47,+13.612, +8.711,+0.935
1668434400,+3.47,+13.629, +8.699,+0.935
1668434460,+3.47,+13.594, +8.746,+0.935
1668434520,+3.47,+13.585, +8.823,+0.935
1668434580,+3.47,+13.568, +8.842,+0.935
1668434640,+3.47,+13.568, +8.899,+0.936
1668434700,+3.47,+13.542, +8.945,+0.936
1668434760,+3.47,+13.559, +8.919,+0.936
1668434820,+3.47,+13.533, +8.906,+0.936
1668434880,+3.46,+13.516, +8.886,+0.935
1668434940,+3.46,+13.533, +8.925,+0.936
1668435000,+3.46,+13.542, +8.891,+0.936
1668435060,+3.46,+13.533, +8.891,+0.935
1668435120,+3.46,+13.524, +8.924,+0.935
1668435180,+3.46,+13.498, +8.993,+0.936
1668435240,+3.46,+13.533, +8.997,+0.936
1668435300,+3.46,+13.516, +8.989,+0.935
1668435360,+3.46,+13.516, +9.015,+0.935
1668435420,+3.46,+13.481, +9.050,+0.936
1668435480,+3.46,+13.524, +9.047,+0.936
1668435540,+3.46,+13.524, +9.053,+0.936
1668435600,+3.46,+13.481, +9.086,+0.936
1668435660,+3.46,+13.498, +9.058,+0.936
1668435720,+3.46,+13.489, +9.069,+0.936
1668435780,+3.46,+13.472, +9.089,+0.936
1668435840,+3.46,+13.463, +9.113,+0.936
1668435900,+3.46,+13.463, +9.146,+0.936
1668435960,+3.46,+13.428, +9.161,+0.936
1668436020,+3.46,+13.411, +9.183,+0.936
1668436080,+3.46,+13.358, +9.251,+0.936
1668436140,+3.46,+13.341, +9.247,+0.936
1668436200,+3.46,+13.350, +9.238,+0.936
1668436260,+3.46,+13.350, +9.271,+0.936
1668436320,+3.46,+13.358, +9.226,+0.936
1668436380,+3.46,+13.323, +9.239,+0.936
1668436440,+3.46,+13.358, +9.241,+0.936
1668436500,+3.46,+13.341, +9.258,+0.936
1668436560,+3.46,+13.350, +9.253,+0.936
1668436620,+3.46,+13.341, +9.276,+0.936
1668436680,+3.46,+13.315, +9.305,+0.936
1668436740,+3.46,+13.358, +9.309,+0.936
1668436800,+3.46,+13.323, +9.329,+0.936
1668436860,+3.46,+13.323, +9.332,+0.936
1668436920,+3.46,+13.315, +9.297,+0.936
1668436980,+3.46,+13.332, +9.301,+0.935
1668437040,+3.46,+13.315, +9.305,+0.936
1668437100,+3.46,+13.323, +9.296,+0.936
1668437160,+3.46,+13.288, +9.335,+0.936
1668437220,+3.46,+13.306, +9.305,+0.936
1668437280,+3.46,+13.323, +9.247,+0.936
1668437340,+3.46,+13.315, +9.253,+0.936
1668437400,+3.46,+13.358, +9.198,+0.936
1668437460,+3.46,+13.376, +9.134,+0.936
1668437520,+3.46,+13.385, +9.118,+0.936
1668437580,+3.46,+13.411, +9.061,+0.935
1668437640,+3.46,+13.419, +9.077,+0.935
1668437700,+3.46,+13.428, +9.057,+0.936
1668437760,+3.46,+13.428, +9.066,+0.936
1668437820,+3.46,+13.419, +9.102,+0.936
1668437880,+3.46,+13.419, +9.106,+0.936
1668437940,+3.46,+13.419, +9.119,+0.936
1668438000,+3.46,+13.419, +9.159,+0.935
1668438060,+3.46,+13.350, +8.979,+0.936
1668438120,+3.46,+13.341, +9.148,+0.936
1668438180,+3.46,+13.358, +9.212,+0.936
1668438240,+3.46,+13.341, +9.298,+0.936
1668438300,+3.46,+13.297, +9.397,+0.936
1668438360,+3.46,+13.262, +9.408,+0.936
1668438420,+3.46,+13.253, +9.421,+0.936
1668438480,+3.46,+13.253, +9.448,+0.936
1668438540,+3.46,+13.297, +9.429,+0.936
1668438600,+3.46,+13.262, +9.450,+0.936
1668438660,+3.46,+13.280, +9.476,+0.936
1668438720,+3.46,+13.306, +9.433,+0.936
1668438780,+3.46,+13.315, +9.368,+0.936
1668438840,+3.46,+13.306, +9.365,+0.936
1668438900,+3.46,+13.306, +9.343,+0.936
1668438960,+3.46,+13.332, +9.319,+0.936
1668439020,+3.46,+13.350, +9.314,+0.936
1668439080,+3.46,+13.376, +9.313,+0.936
1668439140,+3.46,+13.385, +9.267,+0.936
1668439200,+3.46,+13.376, +9.274,+0.936
1668439260,+3.46,+13.393, +9.262,+0.936
1668439320,+3.46,+13.402, +9.243,+0.936
1668439380,+3.46,+13.411, +9.229,+0.936
1668439440,+3.46,+13.402, +9.202,+0.936
1668439500,+3.46,+13.402, +9.223,+0.936
1668439560,+3.46,+13.402, +9.227,+0.936
1668439620,+3.46,+13.419, +9.202,+0.936
1668439680,+3.46,+13.419, +9.187,+0.936
1668439740,+3.46,+13.437, +9.171,+0.936
1668439800,+3.46,+13.446, +9.166,+0.936
1668439860,+3.46,+13.446, +9.197,+0.936
1668439920,+3.46,+13.454, +9.228,+0.936
1668439980,+3.46,+13.446, +9.240,+0.936
1668440040,+3.46,+13.437, +9.158,+0.936
1668440100,+3.46,+13.454, +9.130,+0.936
1668440160,+3.46,+13.463, +9.219,+0.936
1668440220,+3.46,+13.463, +9.237,+0.936
1668440280,+3.46,+13.463, +9.255,+0.936
1668440340,+3.46,+13.472, +9.280,+0.936
1668440400,+3.46,+13.472, +9.295,+0.936
1668440460,+3.46,+13.437, +9.235,+0.936
1668440520,+3.46,+13.428, +9.267,+0.936
1668440580,+3.46,+13.454, +9.282,+0.936
1668440640,+3.46,+13.411, +9.392,+0.936
1668440700,+3.46,+13.402, +9.474,+0.936
1668440760,+3.46,+13.419, +9.501,+0.936
1668440820,+3.46,+13.411, +9.495,+0.936
1668440880,+3.46,+13.437, +9.478,+0.936
1668440940,+3.46,+13.437, +9.384,+0.936
1668441000,+3.46,+13.428, +9.434,+0.936
1668441060,+3.46,+13.446, +9.349,+0.936
1668441120,+3.46,+13.463, +9.337,+0.936
1668441180,+3.46,+13.446, +9.330,+0.936
1668441240,+3.46,+13.454, +9.251,+0.936
1668441300,+3.46,+13.463, +9.234,+0.936
1668441360,+3.46,+13.446, +9.227,+0.935
1668441420,+3.46,+13.454, +9.263,+0.936
1668441480,+3.46,+13.454, +9.291,+0.936
1668441540,+3.46,+13.472, +9.274,+0.936
1668441600,+3.46,+13.472, +9.289,+0.936
1668441660,+3.46,+13.472, +9.262,+0.936
1668441720,+3.46,+13.463, +9.296,+0.936
1668441780,+3.46,+13.489, +9.302,+0.936
1668441840,+3.46,+13.481, +9.384,+0.936
1668441900,+3.46,+13.481, +9.404,+0.936
1668441960,+3.46,+13.489, +9.321,+0.936
1668442020,+3.46,+13.481, +9.387,+0.936
1668442080,+3.46,+13.463, +9.441,+0.936
1668442140,+3.46,+13.481, +9.459,+0.936
1668442200,+3.46,+13.481, +9.424,+0.936
1668442260,+3.46,+13.463, +9.387,+0.936
1668442320,+3.46,+13.454, +9.363,+0.936
1668442380,+3.46,+13.463, +9.387,+0.936
1668442440,+3.46,+13.463, +9.414,+0.936
1668442500,+3.46,+13.463, +9.398,+0.936
1668442560,+3.46,+13.437, +9.434,+0.936
1668442620,+3.46,+13.411, +9.521,+0.936
1668442680,+3.46,+13.428, +9.497,+0.936
1668442740,+3.46,+13.428, +9.484,+0.936
1668442800,+3.46,+13.446, +9.436,+0.936
1668442860,+3.46,+13.428, +9.390,+0.936
1668442920,+3.46,+13.454, +9.354,+0.936
1668442980,+3.46,+13.446, +9.366,+0.936
1668443040,+3.46,+13.463, +9.390,+0.936
1668443100,+3.46,+13.446, +9.395,+0.936
1668443160,+3.46,+13.446, +9.360,+0.936
1668443220,+3.46,+13.463, +9.382,+0.935
1668443280,+3.46,+13.454, +9.348,+0.936
1668443340,+3.46,+13.463, +9.409,+0.936
1668443400,+3.46,+13.454, +9.443,+0.936
1668443460,+3.46,+13.454, +9.385,+0.936
1668443520,+3.46,+13.446, +9.397,+0.936
1668443580,+3.46,+13.446, +9.421,+0.936
1668443640,+3.46,+13.411, +9.423,+0.936
1668443700,+3.46,+13.428, +9.418,+0.936
1668443760,+3.46,+13.437, +9.398,+0.936
1668443820,+3.46,+13.411, +9.419,+0.936
1668443880,+3.46,+13.402, +9.482,+0.936
1668443940,+3.46,+13.402, +9.468,+0.936
1668444000,+3.46,+13.419, +9.427,+0.936
1668444060,+3.46,+13.419, +9.416,+0.936
1668444120,+3.46,+13.411, +9.431,+0.936
1668444180,+3.46,+13.411, +9.470,+0.936
1668444240,+3.46,+13.402, +9.522,+0.936
1668444300,+3.46,+13.385, +9.544,+0.936
1668444360,+3.46,+13.393, +9.528,+0.936
1668444420,+3.46,+13.385, +9.553,+0.936
1668444480,+3.46,+13.402, +9.506,+0.936
1668444540,+3.46,+13.367, +9.512,+0.936
1668444600,+3.46,+13.385, +9.535,+0.936
