7450-364333
OS REV: 1.05 Sensor Cal: 1644948279
Time (sec),  BV (Volts),  T (deg C),  DO (mg/l),  Q ()
1663865460,+3.50,+22.288, +7.574,+0.947
1663865520,+3.50,+22.271, +7.548,+0.947
1663865580,+3.50,+22.246, +7.449,+0.947
1663865640,+3.50,+22.237, +7.388,+0.947
1663865700,+3.49,+22.196, +7.283,+0.947
1663865760,+3.49,+22.229, +7.278,+0.947
1663865820,+3.49,+22.212, +7.300,+0.947
1663865880,+3.49,+22.187, +7.281,+0.947
1663865940,+3.49,+22.196, +7.280,+0.947
1663866000,+3.49,+22.196, +7.264,+0.947
1663866060,+3.49,+22.196, +7.245,+0.947
1663866120,+3.49,+22.196, +7.257,+0.947
1663866180,+3.49,+22.204, +7.224,+0.947
1663866240,+3.49,+22.204, +7.193,+0.947
1663866300,+3.49,+22.196, +7.160,+0.947
1663866360,+3.49,+22.196, +7.158,+0.947
1663866420,+3.49,+22.179, +7.155,+0.947
1663866480,+3.49,+22.187, +7.168,+0.947
1663866540,+3.49,+22.187, +7.229,+0.947
1663866600,+3.49,+22.170, +7.214,+0.947
1663866660,+3.49,+22.196, +7.189,+0.947
1663866720,+3.49,+22.196, +7.187,+0.947
1663866780,+3.49,+22.187, +7.201,+0.947
1663866840,+3.49,+22.196, +7.219,+0.947
1663866900,+3.50,+22.229, +7.227,+0.947
1663866960,+3.50,+22.262, +7.223,+0.947
1663867020,+3.50,+22.271, +7.212,+0.947
1663867080,+3.50,+22.321, +7.230,+0.947
1663867140,+3.50,+22.346, +7.186,+0.947
1663867200,+3.50,+22.355, +7.198,+0.947
1663867260,+3.50,+22.355, +7.212,+0.947
1663867320,+3.50,+22.321, +7.229,+0.947
1663867380,+3.50,+22.288, +7.294,+0.947
1663867440,+3.50,+22.279, +7.317,+0.947
1663867500,+3.50,+22.262, +7.236,+0.947
1663867560,+3.50,+22.254, +7.181,+0.947
1663867620,+3.50,+22.212, +7.154,+0.947
1663867680,+3.50,+22.204, +7.118,+0.947
1663867740,+3.49,+22.196, +7.108,+0.947
1663867800,+3.49,+22.187, +7.127,+0.947
1663867860,+3.49,+22.179, +7.124,+0.947
1663867920,+3.49,+22.179, +7.128,+0.947
1663867980,+3.49,+22.187, +7.133,+0.947
1663868040,+3.49,+22.179, +7.135,+0.947
1663868100,+3.49,+22.187, +7.110,+0.947
1663868160,+3.49,+22.187, +7.103,+0.947
1663868220,+3.49,+22.179, +7.077,+0.947
1663868280,+3.49,+22.170, +7.078,+0.947
1663868340,+3.49,+22.179, +7.073,+0.947
1663868400,+3.49,+22.170, +7.078,+0.947
1663868460,+3.49,+22.170, +7.085,+0.947
1663868520,+3.49,+22.179, +7.035,+0.947
1663868580,+3.49,+22.196, +6.941,+0.947
1663868640,+3.49,+22.204, +6.873,+0.947
1663868700,+3.49,+22.204, +6.916,+0.947
1663868760,+3.49,+22.204, +7.098,+0.947
1663868820,+3.50,+22.237, +7.290,+0.947
1663868880,+3.50,+22.279, +7.700,+0.947
1663868940,+3.50,+22.279, +7.671,+0.948
1663869000,+3.50,+22.313, +7.765,+0.948
1663869060,+3.50,+22.321, +7.926,+0.947
1663869120,+3.50,+22.329, +8.026,+0.948
1663869180,+3.50,+22.346, +7.998,+0.947
1663869240,+3.50,+22.363, +7.765,+0.948
1663869300,+3.50,+22.329, +7.597,+0.948
1663869360,+3.50,+22.321, +7.525,+0.947
1663869420,+3.50,+22.271, +7.236,+0.947
1663869480,+3.50,+22.271, +7.365,+0.947
1663869540,+3.50,+22.229, +7.176,+0.947
1663869600,+3.50,+22.229, +7.170,+0.947
1663869660,+3.49,+22.179, +7.268,+0.947
1663869720,+3.49,+22.196, +7.368,+0.947
1663869780,+3.49,+22.187, +7.238,+0.947
1663869840,+3.49,+22.162, +7.225,+0.947
1663869900,+3.49,+22.154, +7.118,+0.947
1663869960,+3.49,+22.154, +7.198,+0.947
1663870020,+3.49,+22.145, +7.267,+0.947
1663870080,+3.49,+22.120, +7.228,+0.947
1663870140,+3.49,+22.129, +7.135,+0.947
1663870200,+3.49,+22.129, +7.307,+0.947
1663870260,+3.49,+22.120, +7.252,+0.947
1663870320,+3.49,+22.137, +7.253,+0.947
1663870380,+3.49,+22.112, +7.270,+0.947
1663870440,+3.49,+22.112, +7.176,+0.947
1663870500,+3.49,+22.103, +7.247,+0.947
1663870560,+3.49,+22.137, +7.275,+0.947
1663870620,+3.49,+22.129, +7.246,+0.947
1663870680,+3.49,+22.112, +7.307,+0.947
1663870740,+3.49,+22.120, +7.430,+0.947
1663870800,+3.49,+22.137, +7.691,+0.947
1663870860,+3.49,+22.154, +7.797,+0.947
1663870920,+3.49,+22.179, +7.934,+0.948
1663870980,+3.49,+22.187, +7.941,+0.947
1663871040,+3.49,+22.170, +7.921,+0.948
1663871100,+3.49,+22.212, +7.747,+0.947
1663871160,+3.49,+22.187, +7.346,+0.947
1663871220,+3.49,+22.187, +7.367,+0.947
1663871280,+3.49,+22.154, +7.227,+0.947
1663871340,+3.49,+22.120, +7.127,+0.947
1663871400,+3.49,+22.120, +7.143,+0.947
1663871460,+3.49,+22.112, +7.163,+0.947
1663871520,+3.49,+22.129, +7.192,+0.947
1663871580,+3.49,+22.129, +7.216,+0.947
1663871640,+3.49,+22.112, +7.194,+0.947
1663871700,+3.49,+22.129, +7.221,+0.947
1663871760,+3.49,+22.120, +7.270,+0.947
1663871820,+3.49,+22.120, +7.255,+0.947
1663871880,+3.49,+22.137, +7.186,+0.947
1663871940,+3.49,+22.103, +7.292,+0.947
1663872000,+3.49,+22.137, +7.232,+0.947
1663872060,+3.49,+22.120, +7.348,+0.947
1663872120,+3.49,+22.145, +7.155,+0.947
1663872180,+3.49,+22.162, +7.227,+0.947
1663872240,+3.49,+22.137, +7.192,+0.947
1663872300,+3.49,+22.154, +7.179,+0.947
1663872360,+3.49,+22.162, +7.155,+0.947
1663872420,+3.49,+22.170, +7.422,+0.947
1663872480,+3.49,+22.179, +7.308,+0.947
1663872540,+3.49,+22.179, +7.404,+0.948
1663872600,+3.49,+22.170, +7.303,+0.947
1663872660,+3.49,+22.196, +7.433,+0.947
1663872720,+3.49,+22.187, +7.313,+0.947
1663872780,+3.49,+22.196, +7.382,+0.947
1663872840,+3.49,+22.179, +7.507,+0.947
1663872900,+3.49,+22.179, +7.637,+0.947
1663872960,+3.49,+22.179, +7.639,+0.947
1663873020,+3.49,+22.179, +7.644,+0.947
1663873080,+3.49,+22.170, +7.798,+0.948
1663873140,+3.49,+22.179, +7.781,+0.947
1663873200,+3.49,+22.179, +7.673,+0.947
1663873260,+3.49,+22.187, +7.583,+0.947
1663873320,+3.49,+22.170, +7.684,+0.947
1663873380,+3.49,+22.196, +7.693,+0.947
1663873440,+3.49,+22.187, +7.676,+0.947
1663873500,+3.49,+22.187, +7.716,+0.947
1663873560,+3.49,+22.187, +7.705,+0.947
1663873620,+3.49,+22.179, +7.794,+0.947
1663873680,+3.49,+22.179, +7.772,+0.947
1663873740,+3.49,+22.196, +7.504,+0.947
1663873800,+3.49,+22.187, +7.512,+0.947
1663873860,+3.49,+22.179, +7.423,+0.947
1663873920,+3.49,+22.204, +7.485,+0.947
1663873980,+3.49,+22.196, +7.483,+0.947
1663874040,+3.49,+22.196, +7.527,+0.947
1663874100,+3.49,+22.212, +7.439,+0.947
1663874160,+3.49,+22.196, +7.507,+0.947
1663874220,+3.50,+22.221, +7.517,+0.947
1663874280,+3.50,+22.221, +7.539,+0.947
1663874340,+3.50,+22.229, +7.555,+0.947
1663874400,+3.50,+22.237, +7.577,+0.947
1663874460,+3.50,+22.229, +7.515,+0.948
1663874520,+3.50,+22.229, +7.535,+0.947
1663874580,+3.50,+22.237, +7.440,+0.947
1663874640,+3.50,+22.229, +7.454,+0.947
1663874700,+3.50,+22.237, +7.535,+0.947
1663874760,+3.50,+22.237, +7.593,+0.947
1663874820,+3.50,+22.246, +7.544,+0.947
1663874880,+3.50,+22.254, +7.542,+0.947
1663874940,+3.50,+22.254, +7.549,+0.947
1663875000,+3.50,+22.254, +7.611,+0.947
1663875060,+3.50,+22.279, +7.597,+0.947
1663875120,+3.50,+22.254, +7.612,+0.947
1663875180,+3.50,+22.262, +7.633,+0.947
1663875240,+3.50,+22.262, +7.652,+0.947
1663875300,+3.50,+22.271, +7.699,+0.947
1663875360,+3.49,+22.196, +8.300,+0.948
1663875420,+3.49,+22.162, +8.321,+0.948
1663875480,+3.49,+22.154, +8.311,+0.948
1663875540,+3.49,+22.196, +8.037,+0.947
1663875600,+3.49,+22.196, +8.058,+0.948
1663875660,+3.49,+22.196, +8.050,+0.947
1663875720,+3.49,+22.212, +8.038,+0.948
1663875780,+3.49,+22.196, +7.994,+0.948
1663875840,+3.49,+22.204, +7.976,+0.948
1663875900,+3.49,+22.204, +7.920,+0.947
1663875960,+3.50,+22.237, +7.987,+0.947
1663876020,+3.49,+22.212, +7.978,+0.947
1663876080,+3.49,+22.221, +7.786,+0.947
1663876140,+3.50,+22.229, +7.568,+0.947
1663876200,+3.50,+22.229, +7.549,+0.947
1663876260,+3.50,+22.246, +7.516,+0.947
1663876320,+3.50,+22.246, +7.532,+0.947
1663876380,+3.50,+22.246, +7.506,+0.947
1663876440,+3.50,+22.262, +7.510,+0.948
1663876500,+3.50,+22.271, +7.512,+0.947
1663876560,+3.50,+22.254, +7.579,+0.947
1663876620,+3.50,+22.246, +7.586,+0.947
1663876680,+3.50,+22.279, +7.596,+0.947
1663876740,+3.50,+22.262, +7.652,+0.947
1663876800,+3.50,+22.262, +7.612,+0.947
1663876860,+3.50,+22.271, +7.733,+0.948
1663876920,+3.50,+22.271, +7.671,+0.948
1663876980,+3.50,+22.271, +7.671,+0.947
1663877040,+3.50,+22.271, +7.694,+0.947
1663877100,+3.50,+22.271, +7.754,+0.947
1663877160,+3.50,+22.246, +7.785,+0.947
1663877220,+3.50,+22.254, +7.851,+0.947
1663877280,+3.50,+22.246, +7.816,+0.948
1663877340,+3.50,+22.254, +7.835,+0.948
1663877400,+3.50,+22.237, +7.871,+0.948
1663877460,+3.50,+22.237, +7.884,+0.948
1663877520,+3.50,+22.246, +7.875,+0.947
1663877580,+3.50,+22.262, +7.821,+0.948
1663877640,+3.50,+22.262, +8.069,+0.948
1663877700,+3.50,+22.254, +8.030,+0.948
1663877760,+3.50,+22.229, +8.055,+0.948
1663877820,+3.50,+22.237, +8.167,+0.948
1663877880,+3.50,+22.221, +8.231,+0.948
1663877940,+3.49,+22.212, +8.289,+0.948
1663878000,+3.49,+22.221, +8.111,+0.948
1663878060,+3.49,+22.221, +7.796,+0.947
1663878120,+3.50,+22.221, +7.654,+0.948
1663878180,+3.50,+22.229, +7.624,+0.947
1663878240,+3.50,+22.237, +7.605,+0.947
1663878300,+3.50,+22.229, +7.597,+0.947
1663878360,+3.50,+22.229, +7.604,+0.948
1663878420,+3.50,+22.212, +7.594,+0.947
1663878480,+3.50,+22.237, +7.601,+0.947
1663878540,+3.49,+22.212, +7.616,+0.947
1663878600,+3.49,+22.204, +7.619,+0.947
1663878660,+3.49,+22.196, +7.615,+0.947
1663878720,+3.49,+22.204, +7.627,+0.947
1663878780,+3.49,+22.187, +7.657,+0.947
1663878840,+3.49,+22.196, +7.652,+0.947
1663878900,+3.49,+22.187, +7.660,+0.947
1663878960,+3.49,+22.179, +7.660,+0.947
1663879020,+3.49,+22.179, +7.664,+0.947
1663879080,+3.49,+22.179, +7.660,+0.947
1663879140,+3.49,+22.170, +7.647,+0.947
1663879200,+3.49,+22.179, +7.667,+0.947
1663879260,+3.49,+22.154, +7.668,+0.947
1663879320,+3.49,+22.145, +7.685,+0.947
1663879380,+3.49,+22.162, +7.697,+0.947
1663879440,+3.49,+22.170, +7.717,+0.947
1663879500,+3.49,+22.187, +7.743,+0.947
1663879560,+3.49,+22.179, +7.769,+0.947
1663879620,+3.49,+22.221, +7.836,+0.947
1663879680,+3.50,+22.229, +7.848,+0.948
1663879740,+3.50,+22.246, +7.828,+0.947
1663879800,+3.50,+22.246, +7.795,+0.947
1663879860,+3.50,+22.246, +7.858,+0.947
1663879920,+3.50,+22.271, +7.899,+0.947
1663879980,+3.50,+22.271, +7.881,+0.947
1663880040,+3.50,+22.279, +7.962,+0.948
1663880100,+3.50,+22.279, +8.014,+0.948
1663880160,+3.50,+22.313, +8.034,+0.948
1663880220,+3.50,+22.288, +8.068,+0.947
1663880280,+3.50,+22.304, +8.044,+0.948
1663880340,+3.50,+22.279, +8.151,+0.948
1663880400,+3.50,+22.288, +8.127,+0.948
1663880460,+3.50,+22.313, +8.003,+0.948
1663880520,+3.50,+22.313, +8.013,+0.947
1663880580,+3.50,+22.321, +7.993,+0.948
1663880640,+3.50,+22.329, +7.981,+0.948
1663880700,+3.50,+22.321, +7.997,+0.948
1663880760,+3.50,+22.313, +8.019,+0.947
1663880820,+3.50,+22.304, +8.059,+0.948
1663880880,+3.50,+22.304, +8.077,+0.948
1663880940,+3.50,+22.313, +8.124,+0.948
1663881000,+3.50,+22.296, +8.182,+0.948
1663881060,+3.50,+22.254, +8.260,+0.948
1663881120,+3.50,+22.296, +8.357,+0.948
1663881180,+3.50,+22.262, +8.405,+0.948
1663881240,+3.50,+22.262, +8.470,+0.948
1663881300,+3.50,+22.288, +8.501,+0.948
1663881360,+3.50,+22.271, +8.528,+0.948
1663881420,+3.50,+22.288, +8.546,+0.948
1663881480,+3.50,+22.288, +8.514,+0.948
1663881540,+3.50,+22.288, +8.459,+0.948
1663881600,+3.50,+22.279, +8.446,+0.948
1663881660,+3.50,+22.304, +8.456,+0.948
1663881720,+3.50,+22.279, +8.471,+0.948
1663881780,+3.50,+22.296, +8.518,+0.948
1663881840,+3.50,+22.288, +8.602,+0.948
1663881900,+3.50,+22.254, +8.673,+0.948
1663881960,+3.50,+22.279, +8.653,+0.948
1663882020,+3.50,+22.271, +8.666,+0.948
1663882080,+3.50,+22.279, +8.637,+0.948
1663882140,+3.50,+22.246, +8.649,+0.948
1663882200,+3.50,+22.262, +8.643,+0.949
1663882260,+3.50,+22.271, +8.606,+0.948
1663882320,+3.50,+22.262, +8.589,+0.948
1663882380,+3.50,+22.262, +8.605,+0.948
1663882440,+3.50,+22.246, +8.655,+0.948
1663882500,+3.50,+22.254, +8.689,+0.948
1663882560,+3.50,+22.262, +8.767,+0.948
1663882620,+3.50,+22.254, +8.809,+0.949
1663882680,+3.50,+22.237, +8.854,+0.948
1663882740,+3.50,+22.262, +8.893,+0.948
1663882800,+3.50,+22.246, +8.938,+0.948
1663882860,+3.50,+22.246, +8.943,+0.949
1663882920,+3.50,+22.237, +8.934,+0.948
1663882980,+3.50,+22.212, +8.928,+0.949
1663883040,+3.49,+22.221, +8.927,+0.949
1663883100,+3.50,+22.221, +8.943,+0.949
1663883160,+3.49,+22.221, +8.936,+0.948
1663883220,+3.49,+22.204, +8.962,+0.949
1663883280,+3.50,+22.237, +8.946,+0.948
1663883340,+3.50,+22.229, +8.948,+0.949
1663883400,+3.50,+22.237, +8.934,+0.948
1663883460,+3.50,+22.246, +8.940,+0.949
1663883520,+3.50,+22.246, +8.956,+0.949
1663883580,+3.50,+22.254, +8.955,+0.949
1663883640,+3.50,+22.254, +8.970,+0.949
1663883700,+3.50,+22.246, +8.964,+0.948
1663883760,+3.50,+22.254, +8.961,+0.948
1663883820,+3.50,+22.262, +8.960,+0.948
1663883880,+3.50,+22.271, +8.993,+0.949
1663883940,+3.50,+22.271, +9.009,+0.949
1663884000,+3.50,+22.271, +9.006,+0.949
1663884060,+3.50,+22.262, +8.994,+0.949
1663884120,+3.50,+22.288, +9.017,+0.949
1663884180,+3.50,+22.279, +9.028,+0.949
1663884240,+3.50,+22.271, +9.028,+0.948
1663884300,+3.50,+22.246, +9.033,+0.948
1663884360,+3.50,+22.229, +9.037,+0.949
1663884420,+3.49,+22.204, +9.043,+0.948
1663884480,+3.50,+22.212, +9.048,+0.948
1663884540,+3.50,+22.212, +9.055,+0.949
1663884600,+3.50,+22.221, +9.045,+0.949
1663884660,+3.50,+22.229, +9.044,+0.948
1663884720,+3.50,+22.237, +9.037,+0.949
1663884780,+3.50,+22.246, +9.027,+0.949
1663884840,+3.50,+22.237, +9.026,+0.949
1663884900,+3.50,+22.254, +9.019,+0.949
1663884960,+3.50,+22.254, +9.019,+0.948
1663885020,+3.50,+22.237, +9.039,+0.949
1663885080,+3.50,+22.246, +9.042,+0.949
1663885140,+3.49,+22.204, +9.055,+0.948
1663885200,+3.50,+22.229, +9.058,+0.949
1663885260,+3.49,+22.212, +9.062,+0.949
1663885320,+3.49,+22.204, +9.052,+0.949
1663885380,+3.49,+22.204, +9.064,+0.949
1663885440,+3.49,+22.196, +9.057,+0.948
1663885500,+3.49,+22.170, +9.076,+0.949
1663885560,+3.49,+22.179, +9.081,+0.949
1663885620,+3.49,+22.196, +9.054,+0.948
1663885680,+3.49,+22.187, +9.054,+0.949
1663885740,+3.49,+22.196, +9.062,+0.949
1663885800,+3.49,+22.187, +9.069,+0.949
1663885860,+3.49,+22.179, +9.064,+0.949
1663885920,+3.49,+22.179, +9.050,+0.948
1663885980,+3.49,+22.162, +9.060,+0.949
1663886040,+3.49,+22.179, +9.056,+0.949
1663886100,+3.49,+22.179, +9.058,+0.949
1663886160,+3.49,+22.196, +9.037,+0.948
1663886220,+3.49,+22.187, +9.048,+0.949
1663886280,+3.49,+22.162, +9.049,+0.948
1663886340,+3.49,+22.170, +9.048,+0.949
1663886400,+3.49,+22.154, +9.044,+0.948
1663886460,+3.49,+22.145, +9.067,+0.949
1663886520,+3.49,+22.154, +9.081,+0.949
1663886580,+3.49,+22.154, +9.080,+0.948
1663886640,+3.49,+22.154, +9.080,+0.948
1663886700,+3.49,+22.162, +9.089,+0.949
1663886760,+3.49,+22.162, +9.086,+0.949
1663886820,+3.49,+22.162, +9.090,+0.949
1663886880,+3.49,+22.154, +9.086,+0.949
1663886940,+3.49,+22.145, +9.086,+0.948
1663887000,+3.49,+22.137, +9.078,+0.949
1663887060,+3.49,+22.145, +9.075,+0.949
1663887120,+3.49,+22.145, +9.068,+0.948
1663887180,+3.49,+22.120, +9.084,+0.949
1663887240,+3.49,+22.154, +9.066,+0.948
1663887300,+3.49,+22.137, +9.062,+0.949
1663887360,+3.49,+22.137, +9.045,+0.948
1663887420,+3.49,+22.129, +9.046,+0.948
1663887480,+3.49,+22.145, +9.030,+0.948
1663887540,+3.49,+22.129, +9.051,+0.948
1663887600,+3.49,+22.145, +9.042,+0.949
1663887660,+3.49,+22.145, +9.033,+0.948
1663887720,+3.49,+22.137, +9.035,+0.948
1663887780,+3.49,+22.129, +9.038,+0.948
1663887840,+3.49,+22.112, +9.042,+0.949
1663887900,+3.49,+22.112, +9.036,+0.949
1663887960,+3.49,+22.120, +9.041,+0.949
1663888020,+3.49,+22.112, +9.032,+0.949
1663888080,+3.49,+22.103, +9.038,+0.948
1663888140,+3.49,+22.120, +9.037,+0.948
1663888200,+3.49,+22.103, +9.043,+0.949
1663888260,+3.49,+22.120, +9.032,+0.948
1663888320,+3.49,+22.103, +9.034,+0.949
1663888380,+3.49,+22.120, +9.024,+0.948
1663888440,+3.49,+22.120, +9.017,+0.949
1663888500,+3.49,+22.112, +8.997,+0.949
1663888560,+3.49,+22.129, +8.987,+0.948
1663888620,+3.49,+22.120, +9.019,+0.949
1663888680,+3.49,+22.112, +8.998,+0.948
1663888740,+3.49,+22.120, +9.002,+0.948
1663888800,+3.49,+22.120, +9.003,+0.949
1663888860,+3.49,+22.103, +9.014,+0.949
1663888920,+3.49,+22.120, +9.009,+0.948
1663888980,+3.49,+22.112, +9.010,+0.948
1663889040,+3.49,+22.087, +9.025,+0.949
1663889100,+3.49,+22.095, +9.013,+0.948
1663889160,+3.49,+22.095, +9.010,+0.949
1663889220,+3.49,+22.103, +8.975,+0.948
1663889280,+3.49,+22.112, +8.962,+0.948
1663889340,+3.49,+22.129, +8.948,+0.948
1663889400,+3.49,+22.129, +8.956,+0.948
1663889460,+3.49,+22.120, +8.953,+0.948
1663889520,+3.49,+22.112, +8.957,+0.948
1663889580,+3.49,+22.095, +8.957,+0.948
1663889640,+3.49,+22.087, +8.973,+0.949
1663889700,+3.49,+22.053, +9.019,+0.948
1663889760,+3.49,+22.045, +8.998,+0.949
1663889820,+3.49,+22.045, +8.992,+0.948
1663889880,+3.49,+22.037, +9.032,+0.949
1663889940,+3.49,+22.028, +9.030,+0.949
1663890000,+3.49,+22.020, +9.016,+0.949
1663890060,+3.49,+22.037, +9.027,+0.949
1663890120,+3.49,+22.037, +9.015,+0.949
1663890180,+3.49,+22.045, +9.012,+0.949
1663890240,+3.49,+22.045, +9.003,+0.949
1663890300,+3.49,+22.053, +8.972,+0.948
1663890360,+3.49,+22.062, +8.967,+0.948
1663890420,+3.49,+22.045, +8.985,+0.949
1663890480,+3.49,+22.070, +8.945,+0.948
1663890540,+3.49,+22.062, +8.907,+0.948
1663890600,+3.49,+22.062, +8.891,+0.948
1663890660,+3.49,+22.053, +8.865,+0.948
1663890720,+3.49,+22.053, +8.859,+0.948
1663890780,+3.49,+22.070, +8.824,+0.948
1663890840,+3.49,+22.062, +8.846,+0.948
1663890900,+3.49,+22.070, +8.903,+0.949
1663890960,+3.49,+22.053, +8.923,+0.948
1663891020,+3.49,+22.070, +8.921,+0.948
1663891080,+3.49,+22.070, +8.886,+0.948
1663891140,+3.49,+22.062, +8.908,+0.948
1663891200,+3.49,+22.045, +8.898,+0.948
1663891260,+3.49,+22.028, +8.886,+0.949
1663891320,+3.49,+22.028, +8.905,+0.949
1663891380,+3.49,+22.020, +8.892,+0.948
1663891440,+3.49,+22.020, +8.939,+0.948
1663891500,+3.49,+22.028, +8.946,+0.948
1663891560,+3.49,+22.028, +8.929,+0.949
1663891620,+3.49,+22.037, +8.917,+0.949
1663891680,+3.49,+22.037, +8.937,+0.948
1663891740,+3.49,+22.028, +8.952,+0.948
1663891800,+3.49,+22.053, +8.955,+0.949
1663891860,+3.49,+22.045, +8.942,+0.948
1663891920,+3.49,+22.070, +8.942,+0.949
1663891980,+3.49,+22.062, +8.942,+0.949
1663892040,+3.49,+22.062, +8.925,+0.948
1663892100,+3.49,+22.062, +8.914,+0.948
1663892160,+3.49,+22.078, +8.900,+0.949
1663892220,+3.49,+22.053, +8.901,+0.948
1663892280,+3.49,+22.087, +8.903,+0.949
1663892340,+3.49,+22.070, +8.880,+0.948
1663892400,+3.49,+22.078, +8.852,+0.948
1663892460,+3.49,+22.087, +8.831,+0.948
1663892520,+3.49,+22.087, +8.834,+0.948
1663892580,+3.49,+22.103, +8.837,+0.948
1663892640,+3.49,+22.120, +8.807,+0.948
1663892700,+3.49,+22.112, +8.795,+0.948
1663892760,+3.49,+22.095, +8.788,+0.948
1663892820,+3.49,+22.112, +8.768,+0.948
1663892880,+3.49,+22.129, +8.771,+0.948
1663892940,+3.49,+22.095, +8.793,+0.948
1663893000,+3.49,+22.120, +8.776,+0.948
1663893060,+3.49,+22.112, +8.787,+0.948
1663893120,+3.49,+22.120, +8.803,+0.948
1663893180,+3.49,+22.112, +8.812,+0.948
1663893240,+3.49,+22.120, +8.800,+0.948
1663893300,+3.49,+22.112, +8.800,+0.948
1663893360,+3.49,+22.112, +8.812,+0.948
1663893420,+3.49,+22.095, +8.830,+0.948
1663893480,+3.49,+22.087, +8.837,+0.949
1663893540,+3.49,+22.095, +8.826,+0.949
1663893600,+3.49,+22.095, +8.814,+0.948
1663893660,+3.49,+22.103, +8.809,+0.948
1663893720,+3.49,+22.112, +8.804,+0.948
1663893780,+3.49,+22.120, +8.801,+0.948
1663893840,+3.49,+22.129, +8.780,+0.948
1663893900,+3.49,+22.095, +8.780,+0.948
1663893960,+3.49,+22.112, +8.781,+0.949
1663894020,+3.49,+22.103, +8.770,+0.948
1663894080,+3.49,+22.112, +8.782,+0.948
1663894140,+3.49,+22.112, +8.790,+0.948
1663894200,+3.49,+22.112, +8.784,+0.948
1663894260,+3.49,+22.078, +8.788,+0.948
1663894320,+3.49,+22.095, +8.778,+0.948
1663894380,+3.49,+22.112, +8.776,+0.948
1663894440,+3.49,+22.112, +8.767,+0.948
1663894500,+3.49,+22.095, +8.756,+0.948
1663894560,+3.49,+22.103, +8.734,+0.948
1663894620,+3.49,+22.095, +8.735,+0.948
1663894680,+3.49,+22.103, +8.716,+0.948
1663894740,+3.49,+22.103, +8.710,+0.948
1663894800,+3.49,+22.103, +8.710,+0.948
1663894860,+3.49,+22.103, +8.702,+0.948
1663894920,+3.49,+22.103, +8.701,+0.948
1663894980,+3.49,+22.095, +8.656,+0.948
1663895040,+3.49,+22.103, +8.606,+0.948
1663895100,+3.49,+22.120, +8.587,+0.949
1663895160,+3.49,+22.112, +8.489,+0.948
1663895220,+3.49,+22.137, +8.426,+0.948
1663895280,+3.49,+22.129, +8.418,+0.948
1663895340,+3.49,+22.137, +8.477,+0.948
1663895400,+3.49,+22.137, +8.375,+0.948
1663895460,+3.49,+22.137, +8.306,+0.948
1663895520,+3.49,+22.137, +8.384,+0.947
1663895580,+3.49,+22.145, +8.329,+0.948
1663895640,+3.49,+22.145, +8.228,+0.947
1663895700,+3.49,+22.162, +8.259,+0.948
1663895760,+3.49,+22.154, +8.321,+0.947
1663895820,+3.49,+22.154, +8.377,+0.948
1663895880,+3.49,+22.162, +8.375,+0.948
1663895940,+3.49,+22.145, +8.411,+0.948
1663896000,+3.49,+22.162, +8.429,+0.948
1663896060,+3.49,+22.154, +8.425,+0.948
1663896120,+3.49,+22.154, +8.417,+0.948
1663896180,+3.49,+22.145, +8.444,+0.948
1663896240,+3.49,+22.145, +8.412,+0.948
1663896300,+3.49,+22.154, +8.389,+0.947
1663896360,+3.49,+22.154, +8.413,+0.948
1663896420,+3.49,+22.154, +8.419,+0.947
1663896480,+3.49,+22.154, +8.432,+0.948
1663896540,+3.49,+22.145, +8.436,+0.948
1663896600,+3.49,+22.154, +8.430,+0.948
1663896660,+3.49,+22.145, +8.439,+0.948
1663896720,+3.49,+22.154, +8.439,+0.948
1663896780,+3.49,+22.162, +8.407,+0.948
1663896840,+3.49,+22.162, +8.383,+0.948
1663896900,+3.49,+22.162, +8.320,+0.948
1663896960,+3.49,+22.170, +8.322,+0.948
1663897020,+3.49,+22.162, +8.261,+0.948
1663897080,+3.49,+22.154, +8.251,+0.948
1663897140,+3.49,+22.112, +8.240,+0.948
1663897200,+3.49,+22.129, +8.207,+0.948
1663897260,+3.49,+22.137, +8.113,+0.948
1663897320,+3.49,+22.137, +8.055,+0.947
1663897380,+3.49,+22.154, +8.031,+0.948
1663897440,+3.49,+22.196, +8.022,+0.947
1663897500,+3.49,+22.196, +8.016,+0.948
1663897560,+3.49,+22.196, +8.003,+0.947
1663897620,+3.49,+22.204, +7.985,+0.948
1663897680,+3.49,+22.204, +7.976,+0.948
1663897740,+3.49,+22.196, +7.961,+0.947
1663897800,+3.49,+22.204, +7.947,+0.947
1663897860,+3.49,+22.204, +8.001,+0.947
1663897920,+3.49,+22.212, +8.046,+0.947
1663897980,+3.49,+22.187, +8.112,+0.948
1663898040,+3.49,+22.170, +8.134,+0.947
1663898100,+3.49,+22.196, +8.115,+0.948
1663898160,+3.49,+22.187, +8.113,+0.947
1663898220,+3.49,+22.196, +8.187,+0.948
1663898280,+3.49,+22.179, +8.237,+0.948
1663898340,+3.49,+22.187, +8.210,+0.948
1663898400,+3.49,+22.170, +8.220,+0.948
1663898460,+3.49,+22.162, +8.239,+0.948
1663898520,+3.49,+22.154, +8.264,+0.948
1663898580,+3.49,+22.170, +8.223,+0.948
1663898640,+3.49,+22.154, +8.179,+0.948
1663898700,+3.49,+22.154, +8.192,+0.947
1663898760,+3.49,+22.162, +8.188,+0.947
1663898820,+3.49,+22.162, +8.186,+0.948
1663898880,+3.49,+22.154, +8.153,+0.948
1663898940,+3.49,+22.137, +8.141,+0.947
1663899000,+3.49,+22.137, +8.121,+0.948
1663899060,+3.49,+22.137, +8.060,+0.947
1663899120,+3.49,+22.095, +7.992,+0.947
1663899180,+3.49,+22.053, +7.931,+0.947
1663899240,+3.49,+21.995, +7.921,+0.947
1663899300,+3.49,+21.944, +7.905,+0.947
1663899360,+3.49,+21.953, +7.921,+0.947
1663899420,+3.49,+21.953, +7.945,+0.947
1663899480,+3.49,+21.978, +8.002,+0.948
1663899540,+3.49,+22.028, +8.076,+0.948
1663899600,+3.49,+22.053, +8.073,+0.947
1663899660,+3.49,+22.053, +8.081,+0.947
1663899720,+3.49,+22.070, +8.106,+0.948
1663899780,+3.49,+22.103, +8.151,+0.947
1663899840,+3.49,+22.095, +8.154,+0.947
1663899900,+3.49,+22.103, +8.151,+0.948
1663899960,+3.49,+22.103, +8.137,+0.947
1663900020,+3.49,+22.112, +8.118,+0.948
1663900080,+3.49,+22.129, +8.046,+0.947
1663900140,+3.49,+22.103, +7.969,+0.947
1663900200,+3.49,+22.095, +8.000,+0.948
1663900260,+3.49,+22.120, +7.949,+0.947
1663900320,+3.49,+22.120, +7.884,+0.947
1663900380,+3.49,+22.112, +7.943,+0.947
1663900440,+3.49,+22.137, +7.961,+0.948
1663900500,+3.49,+22.120, +7.947,+0.947
1663900560,+3.49,+22.129, +7.953,+0.947
1663900620,+3.49,+22.112, +7.934,+0.947
1663900680,+3.49,+22.103, +7.960,+0.947
1663900740,+3.49,+22.112, +7.942,+0.947
1663900800,+3.49,+22.078, +7.968,+0.947
1663900860,+3.49,+22.078, +7.951,+0.947
1663900920,+3.49,+22.112, +7.932,+0.947
1663900980,+3.49,+22.078, +7.959,+0.947
1663901040,+3.49,+22.062, +7.981,+0.948
1663901100,+3.49,+22.045, +7.990,+0.948
1663901160,+3.49,+22.053, +7.977,+0.947
1663901220,+3.49,+22.028, +7.976,+0.948
1663901280,+3.49,+22.053, +7.951,+0.947
1663901340,+3.49,+22.062, +7.942,+0.947
1663901400,+3.49,+22.053, +7.927,+0.947
1663901460,+3.49,+22.045, +7.935,+0.948
1663901520,+3.49,+22.062, +7.922,+0.947
1663901580,+3.49,+22.062, +7.911,+0.947
1663901640,+3.49,+22.078, +7.915,+0.947
1663901700,+3.49,+22.070, +7.916,+0.947
1663901760,+3.49,+22.078, +7.897,+0.947
1663901820,+3.49,+22.087, +7.885,+0.947
1663901880,+3.49,+22.095, +7.897,+0.948
1663901940,+3.49,+22.078, +7.893,+0.947
1663902000,+3.49,+22.087, +7.867,+0.947
1663902060,+3.49,+22.095, +7.826,+0.947
1663902120,+3.49,+22.103, +7.817,+0.947
1663902180,+3.49,+22.103, +7.793,+0.947
1663902240,+3.49,+22.112, +7.771,+0.947
1663902300,+3.49,+22.137, +7.793,+0.947
1663902360,+3.49,+22.112, +7.770,+0.947
1663902420,+3.49,+22.103, +7.774,+0.947
1663902480,+3.49,+22.112, +7.769,+0.947
1663902540,+3.49,+22.112, +7.787,+0.947
1663902600,+3.49,+22.087, +7.813,+0.947
1663902660,+3.49,+22.120, +7.793,+0.947
1663902720,+3.49,+22.112, +7.804,+0.947
1663902780,+3.49,+22.103, +7.811,+0.947
1663902840,+3.49,+22.103, +7.821,+0.947
1663902900,+3.49,+22.062, +7.854,+0.947
1663902960,+3.49,+22.053, +7.852,+0.947
1663903020,+3.49,+22.062, +7.867,+0.948
1663903080,+3.49,+22.037, +7.851,+0.947
1663903140,+3.49,+22.028, +7.833,+0.947
1663903200,+3.49,+22.011, +7.809,+0.947
1663903260,+3.49,+21.970, +7.805,+0.947
1663903320,+3.49,+21.903, +7.851,+0.947
1663903380,+3.49,+21.869, +7.861,+0.947
1663903440,+3.49,+21.852, +7.885,+0.947
1663903500,+3.49,+21.936, +7.835,+0.947
1663903560,+3.49,+21.944, +7.823,+0.947
1663903620,+3.49,+21.953, +7.799,+0.947
1663903680,+3.49,+21.970, +7.813,+0.947
1663903740,+3.49,+21.970, +7.806,+0.947
1663903800,+3.49,+22.011, +7.771,+0.947
1663903860,+3.49,+21.986, +7.787,+0.947
1663903920,+3.49,+22.020, +7.769,+0.947
1663903980,+3.49,+22.003, +7.803,+0.947
1663904040,+3.49,+22.011, +7.804,+0.947
1663904100,+3.49,+22.020, +7.800,+0.947
1663904160,+3.49,+22.045, +7.805,+0.947
1663904220,+3.49,+22.028, +7.804,+0.947
1663904280,+3.49,+22.053, +7.789,+0.947
1663904340,+3.49,+22.045, +7.770,+0.947
1663904400,+3.49,+22.070, +7.727,+0.947
1663904460,+3.49,+22.053, +7.707,+0.947
1663904520,+3.49,+22.078, +7.682,+0.947
1663904580,+3.49,+22.062, +7.732,+0.947
1663904640,+3.49,+22.020, +7.734,+0.947
1663904700,+3.49,+22.020, +7.699,+0.947
1663904760,+3.49,+22.020, +7.692,+0.947
1663904820,+3.49,+22.003, +7.707,+0.947
1663904880,+3.49,+21.978, +7.695,+0.947
1663904940,+3.49,+21.986, +7.666,+0.947
1663905000,+3.49,+21.995, +7.587,+0.947
1663905060,+3.49,+21.978, +7.634,+0.947
1663905120,+3.49,+21.953, +7.627,+0.947
1663905180,+3.49,+21.944, +7.589,+0.947
1663905240,+3.49,+21.903, +7.598,+0.947
1663905300,+3.49,+21.886, +7.601,+0.947
1663905360,+3.49,+21.836, +7.633,+0.947
1663905420,+3.49,+21.794, +7.698,+0.947
1663905480,+3.49,+21.777, +7.692,+0.947
1663905540,+3.49,+21.760, +7.701,+0.947
1663905600,+3.49,+21.802, +7.647,+0.947
1663905660,+3.49,+21.827, +7.627,+0.947
1663905720,+3.49,+21.852, +7.599,+0.947
1663905780,+3.49,+21.894, +7.564,+0.947
1663905840,+3.49,+21.869, +7.593,+0.947
1663905900,+3.49,+21.919, +7.581,+0.947
1663905960,+3.49,+21.936, +7.561,+0.947
1663906020,+3.49,+21.953, +7.539,+0.947
1663906080,+3.49,+21.961, +7.538,+0.947
1663906140,+3.49,+21.970, +7.525,+0.947
1663906200,+3.49,+21.970, +7.508,+0.947
1663906260,+3.49,+21.986, +7.471,+0.947
1663906320,+3.49,+22.003, +7.492,+0.947
1663906380,+3.49,+21.995, +7.477,+0.947
1663906440,+3.49,+22.003, +7.470,+0.947
1663906500,+3.49,+22.011, +7.452,+0.947
1663906560,+3.49,+22.011, +7.443,+0.946
1663906620,+3.49,+22.011, +7.407,+0.947
1663906680,+3.49,+22.037, +7.387,+0.947
1663906740,+3.49,+22.020, +7.396,+0.947
1663906800,+3.49,+22.028, +7.397,+0.947
1663906860,+3.49,+22.037, +7.422,+0.947
1663906920,+3.49,+21.970, +7.446,+0.946
1663906980,+3.49,+21.944, +7.445,+0.946
1663907040,+3.49,+21.928, +7.443,+0.947
1663907100,+3.49,+21.928, +7.427,+0.947
1663907160,+3.49,+21.944, +7.395,+0.946
1663907220,+3.49,+21.903, +7.410,+0.946
1663907280,+3.49,+21.827, +7.474,+0.947
1663907340,+3.49,+21.811, +7.459,+0.947
1663907400,+3.49,+21.786, +7.476,+0.947
1663907460,+3.49,+21.769, +7.487,+0.947
1663907520,+3.49,+21.752, +7.483,+0.946
1663907580,+3.49,+21.760, +7.464,+0.947
1663907640,+3.49,+21.852, +7.392,+0.947
1663907700,+3.49,+21.878, +7.359,+0.947
1663907760,+3.49,+21.894, +7.336,+0.947
1663907820,+3.49,+21.919, +7.303,+0.947
1663907880,+3.49,+21.944, +7.282,+0.946
1663907940,+3.49,+21.953, +7.262,+0.947
1663908000,+3.49,+21.970, +7.243,+0.947
1663908060,+3.49,+21.953, +7.218,+0.946
1663908120,+3.49,+21.928, +7.222,+0.946
1663908180,+3.49,+21.936, +7.201,+0.947
1663908240,+3.49,+21.919, +7.209,+0.946
1663908300,+3.49,+21.911, +7.211,+0.946
1663908360,+3.49,+21.903, +7.196,+0.946
1663908420,+3.49,+21.903, +7.186,+0.946
1663908480,+3.49,+21.903, +7.165,+0.947
1663908540,+3.49,+21.894, +7.166,+0.947
1663908600,+3.49,+21.894, +7.151,+0.946
1663908660,+3.49,+21.878, +7.223,+0.947
1663908720,+3.49,+21.894, +7.192,+0.946
1663908780,+3.49,+21.878, +7.195,+0.947
1663908840,+3.49,+21.869, +7.183,+0.947
1663908900,+3.49,+21.878, +7.177,+0.947
1663908960,+3.49,+21.844, +7.194,+0.946
1663909020,+3.49,+21.852, +7.173,+0.947
1663909080,+3.49,+21.836, +7.154,+0.946
1663909140,+3.49,+21.811, +7.195,+0.946
1663909200,+3.49,+21.794, +7.183,+0.946
1663909260,+3.49,+21.752, +7.213,+0.947
1663909320,+3.49,+21.727, +7.222,+0.946
1663909380,+3.49,+21.702, +7.250,+0.946
1663909440,+3.49,+21.660, +7.322,+0.946
1663909500,+3.49,+21.652, +7.299,+0.947
1663909560,+3.49,+21.685, +7.258,+0.947
1663909620,+3.49,+21.693, +7.237,+0.947
1663909680,+3.49,+21.727, +7.181,+0.946
1663909740,+3.49,+21.752, +7.154,+0.947
1663909800,+3.49,+21.786, +7.125,+0.946
1663909860,+3.49,+21.802, +7.109,+0.947
1663909920,+3.49,+21.794, +7.148,+0.946
1663909980,+3.49,+21.760, +7.163,+0.946
1663910040,+3.49,+21.744, +7.155,+0.947
1663910100,+3.49,+21.744, +7.187,+0.946
1663910160,+3.49,+21.710, +7.188,+0.947
1663910220,+3.49,+21.677, +7.224,+0.947
1663910280,+3.49,+21.685, +7.197,+0.946
1663910340,+3.49,+21.693, +7.180,+0.946
1663910400,+3.49,+21.685, +7.197,+0.946
1663910460,+3.49,+21.668, +7.202,+0.946
1663910520,+3.49,+21.668, +7.194,+0.947
1663910580,+3.49,+21.652, +7.173,+0.946
1663910640,+3.49,+21.652, +7.167,+0.946
1663910700,+3.49,+21.660, +7.171,+0.947
1663910760,+3.49,+21.660, +7.154,+0.947
1663910820,+3.49,+21.652, +7.157,+0.947
1663910880,+3.49,+21.660, +7.144,+0.947
1663910940,+3.49,+21.702, +7.089,+0.946
1663911000,+3.49,+21.685, +7.133,+0.946
1663911060,+3.49,+21.652, +7.141,+0.947
1663911120,+3.49,+21.652, +7.146,+0.947
1663911180,+3.49,+21.643, +7.153,+0.946
1663911240,+3.49,+21.610, +7.170,+0.946
1663911300,+3.49,+21.585, +7.233,+0.946
1663911360,+3.49,+21.551, +7.265,+0.947
1663911420,+3.49,+21.551, +7.274,+0.946
1663911480,+3.49,+21.526, +7.277,+0.946
1663911540,+3.50,+21.509, +7.294,+0.946
1663911600,+3.50,+21.476, +7.310,+0.946
1663911660,+3.50,+21.476, +7.323,+0.946
1663911720,+3.50,+21.468, +7.307,+0.947
1663911780,+3.50,+21.484, +7.271,+0.947
1663911840,+3.50,+21.484, +7.262,+0.946
1663911900,+3.49,+21.484, +7.275,+0.946
1663911960,+3.49,+21.493, +7.233,+0.946
1663912020,+3.50,+21.518, +7.213,+0.947
1663912080,+3.49,+21.518, +7.201,+0.946
1663912140,+3.49,+21.518, +7.198,+0.946
1663912200,+3.49,+21.535, +7.192,+0.946
1663912260,+3.49,+21.518, +7.192,+0.946
1663912320,+3.49,+21.509, +7.198,+0.946
1663912380,+3.50,+21.509, +7.189,+0.946
1663912440,+3.49,+21.526, +7.183,+0.946
1663912500,+3.49,+21.509, +7.172,+0.946
1663912560,+3.49,+21.543, +7.164,+0.947
1663912620,+3.49,+21.551, +7.165,+0.947
1663912680,+3.49,+21.551, +7.167,+0.946
1663912740,+3.49,+21.551, +7.166,+0.946
1663912800,+3.49,+21.543, +7.187,+0.946
1663912860,+3.49,+21.543, +7.198,+0.946
1663912920,+3.49,+21.560, +7.189,+0.946
1663912980,+3.49,+21.551, +7.194,+0.947
1663913040,+3.49,+21.568, +7.198,+0.946
1663913100,+3.49,+21.568, +7.201,+0.946
1663913160,+3.49,+21.560, +7.210,+0.947
1663913220,+3.49,+21.576, +7.205,+0.947
1663913280,+3.49,+21.560, +7.200,+0.946
1663913340,+3.49,+21.526, +7.206,+0.946
1663913400,+3.49,+21.543, +7.225,+0.946
1663913460,+3.49,+21.560, +7.216,+0.946
1663913520,+3.49,+21.526, +7.228,+0.946
1663913580,+3.49,+21.560, +7.236,+0.946
1663913640,+3.49,+21.535, +7.247,+0.946
1663913700,+3.49,+21.535, +7.243,+0.946
1663913760,+3.49,+21.535, +7.225,+0.946
1663913820,+3.49,+21.535, +7.227,+0.946
1663913880,+3.49,+21.551, +7.233,+0.946
1663913940,+3.49,+21.576, +7.225,+0.947
1663914000,+3.49,+21.551, +7.210,+0.946
1663914060,+3.49,+21.551, +7.220,+0.946
1663914120,+3.49,+21.551, +7.203,+0.946
1663914180,+3.49,+21.551, +7.189,+0.946
1663914240,+3.49,+21.543, +7.176,+0.946
1663914300,+3.49,+21.543, +7.180,+0.947
1663914360,+3.49,+21.543, +7.148,+0.946
1663914420,+3.49,+21.535, +7.161,+0.947
1663914480,+3.49,+21.509, +7.154,+0.946
1663914540,+3.49,+21.501, +7.145,+0.946
1663914600,+3.49,+21.476, +7.153,+0.946
1663914660,+3.50,+21.443, +7.153,+0.946
1663914720,+3.50,+21.409, +7.163,+0.946
1663914780,+3.50,+21.434, +7.161,+0.946
1663914840,+3.50,+21.426, +7.163,+0.946
1663914900,+3.50,+21.451, +7.153,+0.947
1663914960,+3.50,+21.426, +7.150,+0.946
1663915020,+3.49,+21.451, +7.140,+0.946
1663915080,+3.50,+21.434, +7.156,+0.946
1663915140,+3.50,+21.434, +7.149,+0.946
1663915200,+3.50,+21.409, +7.182,+0.946
1663915260,+3.50,+21.409, +7.179,+0.946
1663915320,+3.50,+21.392, +7.188,+0.946
1663915380,+3.50,+21.367, +7.194,+0.946
1663915440,+3.50,+21.392, +7.169,+0.946
1663915500,+3.50,+21.376, +7.171,+0.946
1663915560,+3.50,+21.359, +7.172,+0.946
1663915620,+3.50,+21.376, +7.142,+0.946
1663915680,+3.50,+21.359, +7.124,+0.946
1663915740,+3.50,+21.325, +7.127,+0.946
1663915800,+3.50,+21.325, +7.131,+0.946
1663915860,+3.50,+21.334, +7.126,+0.946
1663915920,+3.50,+21.309, +7.125,+0.946
1663915980,+3.50,+21.309, +7.127,+0.946
1663916040,+3.50,+21.292, +7.138,+0.946
1663916100,+3.50,+21.317, +7.126,+0.946
1663916160,+3.50,+21.317, +7.123,+0.946
1663916220,+3.50,+21.342, +7.114,+0.946
1663916280,+3.50,+21.350, +7.103,+0.946
1663916340,+3.50,+21.384, +7.077,+0.946
1663916400,+3.50,+21.376, +7.088,+0.946
1663916460,+3.49,+21.376, +7.071,+0.946
1663916520,+3.50,+21.401, +7.067,+0.946
1663916580,+3.49,+21.417, +7.062,+0.946
1663916640,+3.50,+21.443, +7.049,+0.946
1663916700,+3.49,+21.484, +7.048,+0.946
1663916760,+3.49,+21.493, +7.041,+0.946
1663916820,+3.49,+21.484, +7.008,+0.946
1663916880,+3.49,+21.451, +7.038,+0.946
1663916940,+3.49,+21.417, +7.040,+0.946
1663917000,+3.49,+21.459, +7.023,+0.946
1663917060,+3.49,+21.459, +7.005,+0.946
1663917120,+3.49,+21.468, +6.989,+0.946
1663917180,+3.49,+21.451, +6.994,+0.947
1663917240,+3.49,+21.451, +6.979,+0.946
1663917300,+3.49,+21.434, +6.978,+0.946
1663917360,+3.49,+21.426, +6.968,+0.946
1663917420,+3.50,+21.409, +6.963,+0.946
1663917480,+3.49,+21.384, +6.971,+0.946
1663917540,+3.49,+21.409, +6.947,+0.946
1663917600,+3.50,+21.409, +6.944,+0.946
1663917660,+3.49,+21.392, +6.939,+0.946
1663917720,+3.49,+21.417, +6.921,+0.946
1663917780,+3.50,+21.426, +6.908,+0.946
1663917840,+3.50,+21.426, +6.912,+0.946
1663917900,+3.49,+21.434, +6.897,+0.946
1663917960,+3.49,+21.443, +6.875,+0.946
1663918020,+3.49,+21.493, +6.863,+0.946
1663918080,+3.49,+21.493, +6.833,+0.946
1663918140,+3.49,+21.501, +6.806,+0.946
1663918200,+3.49,+21.476, +6.835,+0.946
1663918260,+3.49,+21.468, +6.833,+0.946
1663918320,+3.49,+21.484, +6.824,+0.946
1663918380,+3.49,+21.443, +6.823,+0.946
1663918440,+3.49,+21.468, +6.808,+0.946
1663918500,+3.49,+21.484, +6.788,+0.946
1663918560,+3.49,+21.468, +6.787,+0.946
1663918620,+3.49,+21.451, +6.794,+0.946
1663918680,+3.49,+21.443, +6.801,+0.946
1663918740,+3.49,+21.426, +6.797,+0.946
1663918800,+3.49,+21.443, +6.789,+0.946
1663918860,+3.49,+21.434, +6.796,+0.946
1663918920,+3.49,+21.451, +6.784,+0.946
1663918980,+3.49,+21.468, +6.764,+0.946
1663919040,+3.49,+21.493, +6.735,+0.946
1663919100,+3.49,+21.484, +6.736,+0.946
1663919160,+3.49,+21.493, +6.733,+0.946
1663919220,+3.49,+21.501, +6.695,+0.946
1663919280,+3.49,+21.518, +6.667,+0.946
1663919340,+3.49,+21.518, +6.657,+0.946
1663919400,+3.49,+21.526, +6.646,+0.946
1663919460,+3.49,+21.518, +6.659,+0.946
1663919520,+3.49,+21.501, +6.652,+0.946
1663919580,+3.49,+21.509, +6.668,+0.946
1663919640,+3.49,+21.468, +6.664,+0.946
1663919700,+3.49,+21.476, +6.658,+0.946
1663919760,+3.49,+21.468, +6.663,+0.946
1663919820,+3.49,+21.476, +6.660,+0.946
1663919880,+3.49,+21.459, +6.653,+0.946
1663919940,+3.49,+21.434, +6.642,+0.946
1663920000,+3.49,+21.434, +6.645,+0.946
1663920060,+3.49,+21.409, +6.631,+0.946
1663920120,+3.49,+21.392, +6.617,+0.946
1663920180,+3.49,+21.376, +6.616,+0.946
1663920240,+3.49,+21.359, +6.607,+0.946
1663920300,+3.49,+21.350, +6.623,+0.946
1663920360,+3.50,+21.300, +6.628,+0.945
1663920420,+3.50,+21.309, +6.632,+0.946
1663920480,+3.50,+21.275, +6.673,+0.946
1663920540,+3.50,+21.258, +6.670,+0.946
1663920600,+3.50,+21.275, +6.734,+0.946
1663920660,+3.50,+21.233, +6.740,+0.946
1663920720,+3.50,+21.233, +6.798,+0.946
1663920780,+3.50,+21.225, +6.913,+0.946
1663920840,+3.50,+21.200, +6.964,+0.946
1663920900,+3.50,+21.183, +6.997,+0.946
1663920960,+3.50,+21.200, +6.994,+0.946
1663921020,+3.50,+21.183, +6.979,+0.946
1663921080,+3.49,+21.158, +6.999,+0.946
1663921140,+3.49,+21.166, +7.023,+0.946
1663921200,+3.50,+21.166, +7.041,+0.946
1663921260,+3.50,+21.175, +7.007,+0.946
1663921320,+3.50,+21.166, +7.029,+0.946
1663921380,+3.49,+21.141, +7.062,+0.946
1663921440,+3.50,+21.175, +7.065,+0.946
1663921500,+3.50,+21.166, +7.124,+0.946
1663921560,+3.50,+21.158, +7.102,+0.946
1663921620,+3.50,+21.158, +7.100,+0.946
1663921680,+3.49,+21.166, +7.109,+0.946
1663921740,+3.50,+21.183, +7.158,+0.946
1663921800,+3.50,+21.133, +7.210,+0.946
1663921860,+3.49,+21.141, +7.230,+0.946
1663921920,+3.49,+21.141, +7.223,+0.946
1663921980,+3.49,+21.141, +7.233,+0.946
1663922040,+3.49,+21.125, +7.252,+0.946
1663922100,+3.49,+21.125, +7.259,+0.946
1663922160,+3.49,+21.125, +7.264,+0.946
1663922220,+3.49,+21.133, +7.257,+0.946
1663922280,+3.49,+21.125, +7.275,+0.946
1663922340,+3.49,+21.133, +7.282,+0.946
1663922400,+3.49,+21.099, +7.300,+0.946
1663922460,+3.49,+21.116, +7.294,+0.946
1663922520,+3.49,+21.116, +7.305,+0.946
1663922580,+3.49,+21.141, +7.289,+0.946
1663922640,+3.49,+21.116, +7.277,+0.946
1663922700,+3.49,+21.133, +7.257,+0.946
1663922760,+3.49,+21.125, +7.237,+0.946
1663922820,+3.49,+21.108, +7.284,+0.946
1663922880,+3.49,+21.108, +7.277,+0.946
1663922940,+3.49,+21.099, +7.253,+0.946
1663923000,+3.49,+21.083, +7.272,+0.946
1663923060,+3.49,+21.099, +7.275,+0.946
1663923120,+3.49,+21.074, +7.286,+0.946
1663923180,+3.49,+21.099, +7.283,+0.946
1663923240,+3.49,+21.083, +7.303,+0.946
1663923300,+3.49,+21.108, +7.302,+0.946
1663923360,+3.49,+21.108, +7.308,+0.946
1663923420,+3.49,+21.108, +7.303,+0.946
1663923480,+3.49,+21.133, +7.298,+0.946
1663923540,+3.49,+21.108, +7.301,+0.946
1663923600,+3.49,+21.125, +7.302,+0.946
1663923660,+3.49,+21.133, +7.309,+0.946
1663923720,+3.49,+21.133, +7.322,+0.946
1663923780,+3.49,+21.133, +7.327,+0.947
1663923840,+3.49,+21.150, +7.294,+0.946
1663923900,+3.49,+21.116, +7.302,+0.946
1663923960,+3.49,+21.091, +7.317,+0.946
1663924020,+3.49,+21.099, +7.312,+0.946
1663924080,+3.49,+21.066, +7.314,+0.946
1663924140,+3.49,+21.074, +7.322,+0.946
1663924200,+3.49,+21.083, +7.317,+0.946
1663924260,+3.49,+21.074, +7.313,+0.946
1663924320,+3.49,+21.091, +7.303,+0.946
1663924380,+3.49,+21.066, +7.314,+0.946
1663924440,+3.49,+21.083, +7.327,+0.946
1663924500,+3.49,+21.091, +7.326,+0.946
1663924560,+3.49,+21.108, +7.324,+0.946
1663924620,+3.49,+21.074, +7.335,+0.946
1663924680,+3.49,+21.083, +7.331,+0.946
1663924740,+3.49,+21.083, +7.360,+0.946
1663924800,+3.49,+21.074, +7.359,+0.946
1663924860,+3.49,+21.108, +7.365,+0.946
1663924920,+3.49,+21.108, +7.359,+0.946
1663924980,+3.49,+21.099, +7.361,+0.946
1663925040,+3.49,+21.083, +7.379,+0.946
1663925100,+3.49,+21.091, +7.383,+0.946
1663925160,+3.49,+21.099, +7.410,+0.946
1663925220,+3.49,+21.116, +7.409,+0.946
1663925280,+3.49,+21.125, +7.398,+0.946
1663925340,+3.49,+21.141, +7.396,+0.946
1663925400,+3.49,+21.150, +7.389,+0.946
1663925460,+3.49,+21.166, +7.374,+0.946
1663925520,+3.49,+21.133, +7.382,+0.946
1663925580,+3.49,+21.150, +7.376,+0.946
1663925640,+3.49,+21.141, +7.361,+0.946
1663925700,+3.49,+21.133, +7.359,+0.946
1663925760,+3.49,+21.133, +7.340,+0.945
1663925820,+3.49,+21.083, +7.350,+0.946
1663925880,+3.49,+21.074, +7.353,+0.946
1663925940,+3.49,+21.041, +7.353,+0.946
1663926000,+3.49,+21.016, +7.347,+0.946
1663926060,+3.49,+21.007, +7.350,+0.946
1663926120,+3.49,+21.007, +7.366,+0.946
1663926180,+3.49,+21.033, +7.379,+0.947
1663926240,+3.49,+21.058, +7.373,+0.946
1663926300,+3.49,+21.066, +7.373,+0.946
1663926360,+3.49,+21.058, +7.374,+0.946
1663926420,+3.49,+21.083, +7.373,+0.946
1663926480,+3.49,+21.091, +7.355,+0.946
1663926540,+3.49,+21.125, +7.349,+0.946
1663926600,+3.49,+21.116, +7.333,+0.946
1663926660,+3.49,+21.125, +7.324,+0.946
1663926720,+3.49,+21.116, +7.320,+0.946
1663926780,+3.49,+21.133, +7.312,+0.946
1663926840,+3.49,+21.125, +7.321,+0.946
1663926900,+3.49,+21.108, +7.323,+0.946
1663926960,+3.49,+21.091, +7.314,+0.946
1663927020,+3.49,+21.091, +7.320,+0.946
1663927080,+3.49,+21.108, +7.328,+0.946
1663927140,+3.49,+21.099, +7.323,+0.946
1663927200,+3.49,+21.141, +7.302,+0.946
1663927260,+3.49,+21.150, +7.287,+0.946
1663927320,+3.50,+21.158, +7.276,+0.946
1663927380,+3.49,+21.183, +7.247,+0.946
1663927440,+3.50,+21.191, +7.238,+0.946
1663927500,+3.49,+21.175, +7.239,+0.946
1663927560,+3.49,+21.183, +7.224,+0.946
1663927620,+3.50,+21.191, +7.228,+0.946
1663927680,+3.49,+21.175, +7.232,+0.946
1663927740,+3.49,+21.183, +7.226,+0.946
1663927800,+3.49,+21.175, +7.232,+0.946
1663927860,+3.49,+21.175, +7.218,+0.946
1663927920,+3.49,+21.208, +7.206,+0.946
1663927980,+3.49,+21.191, +7.211,+0.946
1663928040,+3.49,+21.217, +7.188,+0.946
1663928100,+3.49,+21.233, +7.177,+0.946
1663928160,+3.49,+21.225, +7.176,+0.946
1663928220,+3.49,+21.217, +7.181,+0.946
1663928280,+3.49,+21.208, +7.175,+0.946
1663928340,+3.49,+21.242, +7.146,+0.946
1663928400,+3.49,+21.233, +7.155,+0.946
1663928460,+3.49,+21.242, +7.153,+0.946
1663928520,+3.49,+21.275, +7.125,+0.946
1663928580,+3.49,+21.275, +7.109,+0.946
1663928640,+3.49,+21.300, +7.106,+0.946
1663928700,+3.49,+21.309, +7.093,+0.946
1663928760,+3.49,+21.317, +7.093,+0.946
1663928820,+3.49,+21.292, +7.105,+0.946
1663928880,+3.49,+21.309, +7.102,+0.946
1663928940,+3.49,+21.309, +7.104,+0.946
1663929000,+3.49,+21.300, +7.084,+0.946
1663929060,+3.49,+21.292, +7.094,+0.946
1663929120,+3.49,+21.275, +7.104,+0.946
1663929180,+3.49,+21.275, +7.097,+0.946
1663929240,+3.49,+21.267, +7.098,+0.946
1663929300,+3.49,+21.250, +7.107,+0.946
1663929360,+3.49,+21.242, +7.108,+0.946
1663929420,+3.49,+21.233, +7.106,+0.946
1663929480,+3.49,+21.225, +7.106,+0.946
1663929540,+3.49,+21.258, +7.094,+0.946
1663929600,+3.49,+21.242, +7.095,+0.946
1663929660,+3.49,+21.233, +7.094,+0.946
1663929720,+3.49,+21.233, +7.088,+0.946
1663929780,+3.49,+21.233, +7.075,+0.946
1663929840,+3.49,+21.200, +7.092,+0.946
1663929900,+3.49,+21.208, +7.090,+0.946
1663929960,+3.49,+21.200, +7.084,+0.946
1663930020,+3.49,+21.191, +7.098,+0.946
1663930080,+3.49,+21.200, +7.086,+0.946
1663930140,+3.49,+21.200, +7.084,+0.946
1663930200,+3.49,+21.191, +7.081,+0.946
1663930260,+3.49,+21.208, +7.069,+0.946
1663930320,+3.50,+21.191, +7.063,+0.946
1663930380,+3.49,+21.191, +7.074,+0.946
1663930440,+3.49,+21.217, +7.065,+0.946
1663930500,+3.49,+21.191, +7.078,+0.946
1663930560,+3.49,+21.175, +7.075,+0.946
1663930620,+3.49,+21.166, +7.063,+0.946
1663930680,+3.49,+21.175, +7.065,+0.946
1663930740,+3.50,+21.191, +7.062,+0.946
1663930800,+3.49,+21.166, +7.064,+0.946
1663930860,+3.49,+21.175, +7.048,+0.946
1663930920,+3.49,+21.191, +7.029,+0.946
1663930980,+3.49,+21.208, +7.012,+0.946
1663931040,+3.49,+21.217, +6.997,+0.946
1663931100,+3.49,+21.217, +6.989,+0.946
1663931160,+3.49,+21.242, +6.991,+0.946
1663931220,+3.49,+21.200, +7.007,+0.946
1663931280,+3.49,+21.217, +7.002,+0.946
1663931340,+3.49,+21.225, +6.989,+0.946
1663931400,+3.49,+21.208, +6.988,+0.946
1663931460,+3.49,+21.208, +6.991,+0.945
1663931520,+3.49,+21.208, +6.996,+0.946
1663931580,+3.49,+21.166, +7.016,+0.946
1663931640,+3.49,+21.166, +7.023,+0.946
1663931700,+3.49,+21.141, +7.040,+0.946
1663931760,+3.49,+21.150, +7.039,+0.946
1663931820,+3.49,+21.141, +7.057,+0.946
1663931880,+3.49,+21.133, +7.064,+0.946
1663931940,+3.49,+21.099, +7.086,+0.946
1663932000,+3.49,+21.049, +7.059,+0.946
1663932060,+3.49,+21.041, +7.009,+0.946
1663932120,+3.49,+21.058, +7.022,+0.946
1663932180,+3.49,+21.058, +7.015,+0.946
1663932240,+3.49,+21.058, +7.026,+0.946
1663932300,+3.49,+21.083, +6.990,+0.946
1663932360,+3.49,+21.024, +6.860,+0.945
1663932420,+3.49,+20.957, +6.882,+0.946
1663932480,+3.49,+20.932, +6.893,+0.946
1663932540,+3.49,+20.924, +6.919,+0.946
1663932600,+3.49,+20.915, +6.921,+0.946
1663932660,+3.49,+20.924, +6.884,+0.946
1663932720,+3.49,+20.907, +6.926,+0.946
1663932780,+3.49,+20.924, +6.926,+0.946
1663932840,+3.49,+20.932, +6.906,+0.946
1663932900,+3.49,+20.915, +6.928,+0.946
1663932960,+3.49,+20.949, +6.921,+0.946
1663933020,+3.49,+20.974, +6.968,+0.946
1663933080,+3.49,+20.966, +6.962,+0.946
1663933140,+3.49,+20.957, +6.965,+0.946
1663933200,+3.49,+20.957, +6.993,+0.946
1663933260,+3.49,+20.991, +6.997,+0.946
1663933320,+3.49,+20.974, +7.006,+0.946
1663933380,+3.49,+20.940, +7.025,+0.946
1663933440,+3.49,+20.890, +7.024,+0.946
1663933500,+3.49,+20.890, +7.033,+0.946
1663933560,+3.49,+20.899, +7.047,+0.946
1663933620,+3.49,+20.873, +7.050,+0.945
1663933680,+3.49,+20.848, +7.070,+0.946
1663933740,+3.49,+20.840, +7.087,+0.946
1663933800,+3.49,+20.807, +7.106,+0.946
1663933860,+3.49,+20.815, +7.100,+0.946
1663933920,+3.49,+20.807, +7.123,+0.946
1663933980,+3.49,+20.823, +7.111,+0.946
1663934040,+3.49,+20.848, +7.123,+0.946
1663934100,+3.49,+20.899, +7.095,+0.946
1663934160,+3.49,+20.940, +7.073,+0.946
1663934220,+3.49,+20.974, +7.057,+0.946
1663934280,+3.49,+20.991, +7.070,+0.946
1663934340,+3.49,+21.007, +7.065,+0.946
1663934400,+3.49,+20.999, +7.076,+0.946
1663934460,+3.49,+20.999, +7.085,+0.946
1663934520,+3.49,+20.991, +7.097,+0.946
1663934580,+3.49,+21.016, +7.078,+0.946
1663934640,+3.49,+21.024, +7.060,+0.946
1663934700,+3.49,+21.007, +7.088,+0.946
1663934760,+3.49,+21.033, +7.048,+0.946
1663934820,+3.49,+21.033, +7.068,+0.946
1663934880,+3.49,+21.033, +7.061,+0.946
1663934940,+3.49,+21.041, +7.060,+0.946
1663935000,+3.49,+21.024, +7.054,+0.946
1663935060,+3.49,+21.041, +7.047,+0.946
1663935120,+3.49,+21.016, +7.058,+0.946
1663935180,+3.49,+21.041, +7.057,+0.946
1663935240,+3.49,+21.024, +7.098,+0.946
1663935300,+3.49,+20.991, +7.147,+0.946
1663935360,+3.49,+20.966, +7.167,+0.946
1663935420,+3.49,+20.932, +7.184,+0.946
1663935480,+3.49,+20.932, +7.180,+0.946
1663935540,+3.49,+20.940, +7.179,+0.946
1663935600,+3.49,+20.957, +7.175,+0.946
1663935660,+3.49,+20.940, +7.161,+0.946
1663935720,+3.49,+20.974, +7.125,+0.946
1663935780,+3.49,+21.007, +7.115,+0.946
1663935840,+3.49,+20.991, +7.118,+0.946
1663935900,+3.49,+21.007, +7.102,+0.946
1663935960,+3.49,+21.016, +7.105,+0.946
1663936020,+3.49,+21.016, +7.121,+0.946
1663936080,+3.49,+20.999, +7.142,+0.946
1663936140,+3.49,+20.991, +7.155,+0.946
1663936200,+3.49,+20.982, +7.163,+0.946
1663936260,+3.49,+20.974, +7.165,+0.946
1663936320,+3.49,+20.982, +7.167,+0.946
1663936380,+3.49,+20.991, +7.165,+0.946
1663936440,+3.49,+20.991, +7.174,+0.946
1663936500,+3.49,+20.974, +7.193,+0.946
1663936560,+3.49,+20.949, +7.201,+0.946
1663936620,+3.49,+20.966, +7.181,+0.946
1663936680,+3.49,+20.991, +7.166,+0.946
1663936740,+3.49,+20.974, +7.172,+0.946
1663936800,+3.49,+20.982, +7.159,+0.946
1663936860,+3.49,+20.982, +7.168,+0.946
1663936920,+3.49,+20.957, +7.189,+0.946
1663936980,+3.49,+20.974, +7.204,+0.946
1663937040,+3.49,+20.974, +7.211,+0.946
1663937100,+3.49,+20.940, +7.204,+0.946
1663937160,+3.49,+20.949, +7.194,+0.946
1663937220,+3.49,+20.966, +7.199,+0.946
1663937280,+3.49,+20.957, +7.209,+0.946
1663937340,+3.49,+20.949, +7.218,+0.946
1663937400,+3.49,+20.949, +7.227,+0.946
1663937460,+3.49,+20.949, +7.236,+0.946
1663937520,+3.49,+20.932, +7.245,+0.946
1663937580,+3.49,+20.932, +7.258,+0.946
1663937640,+3.49,+20.932, +7.257,+0.946
1663937700,+3.49,+20.949, +7.253,+0.946
1663937760,+3.49,+20.949, +7.249,+0.946
1663937820,+3.49,+20.924, +7.253,+0.946
1663937880,+3.49,+20.932, +7.253,+0.946
1663937940,+3.49,+20.940, +7.255,+0.946
1663938000,+3.49,+20.932, +7.254,+0.946
1663938060,+3.49,+20.924, +7.255,+0.946
1663938120,+3.49,+20.907, +7.250,+0.946
1663938180,+3.49,+20.915, +7.259,+0.946
1663938240,+3.49,+20.907, +7.282,+0.946
1663938300,+3.49,+20.907, +7.307,+0.946
1663938360,+3.49,+20.899, +7.309,+0.946
1663938420,+3.49,+20.907, +7.321,+0.946
1663938480,+3.49,+20.890, +7.324,+0.946
1663938540,+3.49,+20.890, +7.345,+0.946
1663938600,+3.49,+20.865, +7.359,+0.946
1663938660,+3.49,+20.857, +7.354,+0.946
1663938720,+3.49,+20.857, +7.343,+0.946
1663938780,+3.49,+20.865, +7.352,+0.946
1663938840,+3.49,+20.865, +7.355,+0.946
1663938900,+3.49,+20.848, +7.389,+0.946
1663938960,+3.49,+20.840, +7.403,+0.946
1663939020,+3.49,+20.823, +7.468,+0.946
1663939080,+3.49,+20.857, +7.453,+0.946
1663939140,+3.49,+20.848, +7.430,+0.946
1663939200,+3.49,+20.840, +7.378,+0.946
1663939260,+3.49,+20.798, +7.394,+0.946
1663939320,+3.49,+20.790, +7.363,+0.946
1663939380,+3.49,+20.790, +7.318,+0.946
1663939440,+3.49,+20.765, +7.365,+0.946
1663939500,+3.49,+20.748, +7.452,+0.946
1663939560,+3.49,+20.781, +7.466,+0.946
1663939620,+3.49,+20.773, +7.513,+0.945
1663939680,+3.49,+20.790, +7.517,+0.946
1663939740,+3.49,+20.790, +7.527,+0.946
1663939800,+3.49,+20.773, +7.544,+0.946
1663939860,+3.49,+20.781, +7.542,+0.946
1663939920,+3.49,+20.781, +7.546,+0.945
1663939980,+3.49,+20.765, +7.558,+0.946
1663940040,+3.49,+20.756, +7.579,+0.946
1663940100,+3.49,+20.756, +7.589,+0.946
1663940160,+3.49,+20.765, +7.479,+0.946
1663940220,+3.49,+20.740, +7.473,+0.946
1663940280,+3.49,+20.748, +7.385,+0.946
1663940340,+3.49,+20.740, +7.358,+0.946
1663940400,+3.49,+20.756, +7.413,+0.946
1663940460,+3.49,+20.740, +7.424,+0.946
1663940520,+3.49,+20.731, +7.595,+0.946
1663940580,+3.49,+20.740, +7.586,+0.946
1663940640,+3.49,+20.756, +7.576,+0.946
1663940700,+3.49,+20.748, +7.590,+0.946
1663940760,+3.49,+20.765, +7.586,+0.946
1663940820,+3.49,+20.756, +7.599,+0.946
1663940880,+3.49,+20.765, +7.590,+0.946
1663940940,+3.49,+20.773, +7.576,+0.946
1663941000,+3.49,+20.781, +7.588,+0.946
1663941060,+3.49,+20.773, +7.614,+0.946
1663941120,+3.49,+20.773, +7.624,+0.946
1663941180,+3.49,+20.807, +7.623,+0.945
1663941240,+3.49,+20.790, +7.665,+0.946
1663941300,+3.49,+20.773, +7.655,+0.946
1663941360,+3.49,+20.773, +7.465,+0.946
1663941420,+3.49,+20.781, +7.428,+0.946
1663941480,+3.49,+20.781, +7.360,+0.946
1663941540,+3.49,+20.798, +7.365,+0.945
1663941600,+3.49,+20.773, +7.410,+0.946
1663941660,+3.49,+20.773, +7.483,+0.946
1663941720,+3.49,+20.790, +7.488,+0.946
1663941780,+3.49,+20.790, +7.498,+0.946
1663941840,+3.49,+20.765, +7.470,+0.946
1663941900,+3.49,+20.781, +7.536,+0.946
1663941960,+3.49,+20.756, +7.556,+0.946
1663942020,+3.49,+20.740, +7.565,+0.946
1663942080,+3.49,+20.756, +7.476,+0.946
1663942140,+3.49,+20.723, +7.464,+0.946
1663942200,+3.49,+20.740, +7.441,+0.946
1663942260,+3.49,+20.748, +7.450,+0.946
1663942320,+3.49,+20.748, +7.442,+0.946
1663942380,+3.49,+20.765, +7.450,+0.946
1663942440,+3.49,+20.748, +7.495,+0.946
1663942500,+3.49,+20.731, +7.469,+0.946
1663942560,+3.49,+20.740, +7.454,+0.946
1663942620,+3.49,+20.740, +7.472,+0.946
1663942680,+3.49,+20.731, +7.519,+0.946
1663942740,+3.49,+20.723, +7.505,+0.946
1663942800,+3.49,+20.740, +7.500,+0.946
1663942860,+3.49,+20.723, +7.512,+0.946
1663942920,+3.49,+20.740, +7.520,+0.946
1663942980,+3.49,+20.731, +7.553,+0.946
1663943040,+3.49,+20.740, +7.514,+0.946
1663943100,+3.49,+20.723, +7.505,+0.946
1663943160,+3.49,+20.740, +7.510,+0.946
1663943220,+3.49,+20.756, +7.523,+0.946
1663943280,+3.49,+20.731, +7.564,+0.946
1663943340,+3.49,+20.740, +7.566,+0.946
1663943400,+3.49,+20.740, +7.593,+0.946
1663943460,+3.49,+20.756, +7.645,+0.946
1663943520,+3.49,+20.723, +7.663,+0.946
1663943580,+3.49,+20.756, +7.696,+0.946
1663943640,+3.49,+20.731, +7.743,+0.946
1663943700,+3.49,+20.714, +7.760,+0.946
1663943760,+3.49,+20.731, +7.678,+0.946
1663943820,+3.49,+20.748, +7.649,+0.946
1663943880,+3.49,+20.740, +7.639,+0.946
1663943940,+3.49,+20.723, +7.684,+0.946
1663944000,+3.49,+20.723, +7.710,+0.946
1663944060,+3.49,+20.731, +7.664,+0.946
1663944120,+3.49,+20.723, +7.615,+0.946
1663944180,+3.49,+20.689, +7.412,+0.946
1663944240,+3.49,+20.647, +7.344,+0.946
1663944300,+3.49,+20.631, +7.329,+0.946
1663944360,+3.49,+20.581, +7.235,+0.945
1663944420,+3.49,+20.572, +7.330,+0.946
1663944480,+3.49,+20.581, +7.343,+0.946
1663944540,+3.49,+20.581, +7.260,+0.945
1663944600,+3.49,+20.539, +7.233,+0.945
1663944660,+3.49,+20.539, +7.299,+0.946
1663944720,+3.49,+20.547, +7.398,+0.946
1663944780,+3.49,+20.572, +7.452,+0.946
1663944840,+3.49,+20.572, +7.444,+0.945
1663944900,+3.49,+20.555, +7.402,+0.946
1663944960,+3.49,+20.539, +7.436,+0.946
1663945020,+3.49,+20.547, +7.505,+0.946
1663945080,+3.49,+20.572, +7.513,+0.945
1663945140,+3.49,+20.589, +7.653,+0.946
1663945200,+3.49,+20.606, +7.606,+0.946
1663945260,+3.49,+20.614, +7.626,+0.946
1663945320,+3.49,+20.581, +7.463,+0.946
1663945380,+3.49,+20.606, +7.715,+0.946
1663945440,+3.49,+20.589, +7.455,+0.946
1663945500,+3.49,+20.589, +7.459,+0.946
1663945560,+3.49,+20.555, +7.495,+0.946
1663945620,+3.49,+20.564, +7.570,+0.946
1663945680,+3.49,+20.597, +7.561,+0.946
1663945740,+3.49,+20.572, +7.473,+0.946
1663945800,+3.49,+20.547, +7.297,+0.945
1663945860,+3.49,+20.530, +7.363,+0.946
1663945920,+3.49,+20.488, +7.341,+0.945
1663945980,+3.49,+20.488, +7.384,+0.946
1663946040,+3.49,+20.497, +7.329,+0.946
1663946100,+3.49,+20.455, +7.274,+0.946
1663946160,+3.49,+20.455, +7.371,+0.946
1663946220,+3.49,+20.447, +7.298,+0.946
1663946280,+3.49,+20.447, +7.337,+0.946
1663946340,+3.49,+20.438, +7.297,+0.945
1663946400,+3.49,+20.430, +7.356,+0.946
1663946460,+3.49,+20.455, +7.417,+0.946
1663946520,+3.49,+20.447, +7.430,+0.946
1663946580,+3.49,+20.488, +7.533,+0.946
1663946640,+3.49,+20.480, +7.519,+0.945
1663946700,+3.49,+20.488, +7.568,+0.946
1663946760,+3.49,+20.505, +7.629,+0.946
1663946820,+3.49,+20.530, +7.591,+0.946
1663946880,+3.49,+20.505, +7.636,+0.946
1663946940,+3.49,+20.514, +7.637,+0.946
1663947000,+3.49,+20.514, +7.589,+0.946
1663947060,+3.49,+20.539, +7.639,+0.946
1663947120,+3.49,+20.539, +7.630,+0.946
1663947180,+3.49,+20.530, +7.590,+0.945
1663947240,+3.49,+20.539, +7.651,+0.946
1663947300,+3.49,+20.555, +7.649,+0.946
1663947360,+3.49,+20.547, +7.667,+0.946
1663947420,+3.49,+20.555, +7.633,+0.946
1663947480,+3.49,+20.530, +7.658,+0.945
1663947540,+3.49,+20.572, +7.735,+0.946
1663947600,+3.49,+20.597, +7.734,+0.946
1663947660,+3.49,+20.606, +7.726,+0.946
1663947720,+3.49,+20.597, +7.708,+0.946
1663947780,+3.49,+20.606, +7.709,+0.946
1663947840,+3.49,+20.614, +7.730,+0.946
1663947900,+3.49,+20.606, +7.750,+0.946
1663947960,+3.49,+20.606, +7.759,+0.946
1663948020,+3.49,+20.614, +7.774,+0.946
1663948080,+3.49,+20.631, +7.762,+0.946
1663948140,+3.49,+20.597, +7.783,+0.946
1663948200,+3.49,+20.581, +7.776,+0.946
1663948260,+3.49,+20.564, +7.753,+0.946
1663948320,+3.49,+20.564, +7.693,+0.946
1663948380,+3.49,+20.530, +7.720,+0.946
1663948440,+3.49,+20.530, +7.753,+0.946
1663948500,+3.49,+20.539, +7.780,+0.946
1663948560,+3.49,+20.539, +7.769,+0.946
1663948620,+3.49,+20.539, +7.756,+0.946
1663948680,+3.49,+20.530, +7.746,+0.946
1663948740,+3.49,+20.539, +7.786,+0.946
1663948800,+3.49,+20.530, +7.791,+0.946
1663948860,+3.49,+20.539, +7.827,+0.946
1663948920,+3.49,+20.530, +7.842,+0.946
1663948980,+3.49,+20.555, +7.826,+0.946
1663949040,+3.49,+20.539, +7.872,+0.946
1663949100,+3.49,+20.539, +7.846,+0.946
1663949160,+3.49,+20.564, +7.858,+0.946
1663949220,+3.49,+20.564, +7.835,+0.946
1663949280,+3.49,+20.530, +7.844,+0.946
1663949340,+3.49,+20.539, +7.850,+0.946
1663949400,+3.49,+20.539, +7.853,+0.946
1663949460,+3.49,+20.530, +7.836,+0.946
1663949520,+3.49,+20.530, +7.902,+0.946
1663949580,+3.49,+20.555, +7.999,+0.947
1663949640,+3.49,+20.606, +8.039,+0.946
1663949700,+3.49,+20.698, +8.032,+0.946
1663949760,+3.49,+20.731, +7.999,+0.946
1663949820,+3.49,+20.748, +7.985,+0.946
1663949880,+3.49,+20.781, +7.967,+0.946
1663949940,+3.49,+20.756, +7.924,+0.946
1663950000,+3.49,+20.731, +7.943,+0.946
1663950060,+3.49,+20.698, +7.930,+0.946
1663950120,+3.49,+20.673, +7.934,+0.946
1663950180,+3.49,+20.681, +7.964,+0.946
1663950240,+3.49,+20.698, +7.953,+0.946
1663950300,+3.49,+20.664, +7.958,+0.946
1663950360,+3.49,+20.664, +7.981,+0.946
1663950420,+3.49,+20.647, +7.988,+0.946
1663950480,+3.49,+20.631, +7.972,+0.946
1663950540,+3.49,+20.572, +7.980,+0.946
1663950600,+3.49,+20.539, +7.962,+0.946
1663950660,+3.49,+20.505, +7.984,+0.946
1663950720,+3.49,+20.497, +7.994,+0.946
1663950780,+3.49,+20.497, +8.048,+0.946
1663950840,+3.49,+20.514, +8.056,+0.946
1663950900,+3.49,+20.505, +8.096,+0.946
1663950960,+3.49,+20.539, +8.182,+0.946
1663951020,+3.49,+20.581, +8.182,+0.946
1663951080,+3.49,+20.597, +8.189,+0.946
1663951140,+3.49,+20.622, +8.208,+0.946
1663951200,+3.49,+20.597, +8.101,+0.946
1663951260,+3.49,+20.530, +8.080,+0.946
1663951320,+3.49,+20.514, +8.071,+0.946
1663951380,+3.49,+20.505, +8.062,+0.946
1663951440,+3.49,+20.472, +8.051,+0.945
1663951500,+3.49,+20.447, +8.065,+0.946
1663951560,+3.49,+20.438, +8.067,+0.946
1663951620,+3.49,+20.430, +8.062,+0.946
1663951680,+3.49,+20.438, +8.086,+0.946
1663951740,+3.49,+20.430, +8.103,+0.946
1663951800,+3.49,+20.447, +8.148,+0.946
