7450-364333
OS REV: 1.05 Sensor Cal: 1644948279
Time (sec),  BV (Volts),  T (deg C),  DO (mg/l),  Q ()
1665420660,+3.47,+16.495,+10.107,+0.942
1665420720,+3.47,+16.529,+10.158,+0.942
1665420780,+3.47,+16.512,+10.093,+0.942
1665420840,+3.47,+16.520,+10.094,+0.942
1665420900,+3.47,+16.520,+10.138,+0.942
1665420960,+3.47,+16.512,+10.169,+0.942
1665421020,+3.47,+16.520,+10.178,+0.942
1665421080,+3.47,+16.520,+10.285,+0.942
1665421140,+3.47,+16.546,+10.280,+0.942
1665421200,+3.47,+16.546,+10.437,+0.942
1665421260,+3.47,+16.537,+10.369,+0.942
1665421320,+3.47,+16.563,+10.441,+0.942
1665421380,+3.47,+16.520,+10.448,+0.942
1665421440,+3.47,+16.537,+10.448,+0.942
1665421500,+3.47,+16.546,+10.360,+0.942
1665421560,+3.47,+16.529,+10.378,+0.942
1665421620,+3.47,+16.512,+10.406,+0.942
1665421680,+3.47,+16.529,+10.399,+0.942
1665421740,+3.47,+16.503,+10.385,+0.942
1665421800,+3.47,+16.520,+10.354,+0.942
1665421860,+3.47,+16.495,+10.336,+0.942
1665421920,+3.47,+16.495,+10.314,+0.942
1665421980,+3.47,+16.478,+10.348,+0.943
1665422040,+3.47,+16.478,+10.354,+0.942
1665422100,+3.47,+16.478,+10.332,+0.942
1665422160,+3.47,+16.444,+10.207,+0.942
1665422220,+3.47,+16.401,+10.170,+0.942
1665422280,+3.47,+16.401,+10.097,+0.942
1665422340,+3.47,+16.350,+10.082,+0.943
1665422400,+3.47,+16.350,+10.104,+0.942
1665422460,+3.47,+16.333, +9.943,+0.941
1665422520,+3.47,+16.316, +9.996,+0.942
1665422580,+3.47,+16.325,+10.113,+0.942
1665422640,+3.47,+16.342,+10.167,+0.942
1665422700,+3.47,+16.384,+10.285,+0.942
1665422760,+3.47,+16.384,+10.229,+0.942
1665422820,+3.47,+16.401,+10.341,+0.942
1665422880,+3.47,+16.418,+10.337,+0.942
1665422940,+3.47,+16.418,+10.302,+0.942
1665423000,+3.47,+16.427,+10.337,+0.941
1665423060,+3.47,+16.461,+10.352,+0.942
1665423120,+3.47,+16.469,+10.330,+0.942
1665423180,+3.47,+16.469,+10.263,+0.942
1665423240,+3.47,+16.444,+10.254,+0.942
1665423300,+3.47,+16.435,+10.297,+0.942
1665423360,+3.47,+16.444,+10.282,+0.942
1665423420,+3.47,+16.452,+10.252,+0.942
1665423480,+3.47,+16.435,+10.235,+0.942
1665423540,+3.47,+16.427,+10.192,+0.942
1665423600,+3.47,+16.427,+10.138,+0.942
1665423660,+3.47,+16.410,+10.063,+0.942
1665423720,+3.47,+16.384,+10.054,+0.942
1665423780,+3.47,+16.376,+10.044,+0.942
1665423840,+3.47,+16.367, +9.962,+0.942
1665423900,+3.47,+16.350, +9.906,+0.942
1665423960,+3.47,+16.325, +9.820,+0.942
1665424020,+3.47,+16.308, +9.826,+0.942
1665424080,+3.47,+16.299, +9.646,+0.941
1665424140,+3.47,+16.265, +9.574,+0.941
1665424200,+3.47,+16.231, +9.568,+0.941
1665424260,+3.47,+16.231, +9.622,+0.942
1665424320,+3.47,+16.205, +9.618,+0.942
1665424380,+3.47,+16.197, +9.602,+0.941
1665424440,+3.47,+16.205, +9.711,+0.942
1665424500,+3.47,+16.231, +9.736,+0.942
1665424560,+3.47,+16.239, +9.740,+0.942
1665424620,+3.47,+16.231, +9.712,+0.942
1665424680,+3.47,+16.231, +9.712,+0.942
1665424740,+3.47,+16.274, +9.733,+0.942
1665424800,+3.47,+16.274, +9.734,+0.942
1665424860,+3.47,+16.256, +9.736,+0.942
1665424920,+3.47,+16.256, +9.729,+0.942
1665424980,+3.47,+16.231, +9.730,+0.942
1665425040,+3.47,+16.239, +9.683,+0.942
1665425100,+3.47,+16.248, +9.739,+0.942
1665425160,+3.47,+16.265, +9.735,+0.942
1665425220,+3.47,+16.265, +9.792,+0.941
1665425280,+3.47,+16.291, +9.832,+0.942
1665425340,+3.47,+16.299, +9.842,+0.942
1665425400,+3.47,+16.308, +9.837,+0.942
1665425460,+3.47,+16.299, +9.817,+0.942
1665425520,+3.47,+16.308, +9.805,+0.941
1665425580,+3.47,+16.299, +9.834,+0.942
1665425640,+3.47,+16.282, +9.717,+0.941
1665425700,+3.47,+16.248, +9.633,+0.942
1665425760,+3.47,+16.256, +9.660,+0.942
1665425820,+3.47,+16.239, +9.691,+0.942
1665425880,+3.47,+16.239, +9.707,+0.942
1665425940,+3.47,+16.239, +9.690,+0.941
1665426000,+3.47,+16.222, +9.639,+0.942
1665426060,+3.47,+16.214, +9.609,+0.942
1665426120,+3.47,+16.214, +9.666,+0.941
1665426180,+3.47,+16.197, +9.655,+0.942
1665426240,+3.47,+16.205, +9.638,+0.942
1665426300,+3.47,+16.222, +9.628,+0.941
1665426360,+3.47,+16.222, +9.625,+0.941
1665426420,+3.47,+16.214, +9.622,+0.941
1665426480,+3.47,+16.197, +9.652,+0.942
1665426540,+3.47,+16.205, +9.710,+0.942
1665426600,+3.47,+16.188, +9.711,+0.941
1665426660,+3.47,+16.197, +9.710,+0.941
1665426720,+3.47,+16.180, +9.707,+0.941
1665426780,+3.47,+16.163, +9.719,+0.942
1665426840,+3.47,+16.171, +9.726,+0.942
1665426900,+3.47,+16.163, +9.738,+0.941
1665426960,+3.47,+16.188, +9.769,+0.941
1665427020,+3.47,+16.180, +9.772,+0.942
1665427080,+3.47,+16.188, +9.791,+0.942
1665427140,+3.47,+16.205, +9.804,+0.942
1665427200,+3.47,+16.214, +9.800,+0.941
1665427260,+3.47,+16.222, +9.798,+0.941
1665427320,+3.47,+16.214, +9.760,+0.942
1665427380,+3.47,+16.231, +9.774,+0.942
1665427440,+3.47,+16.214, +9.761,+0.941
1665427500,+3.47,+16.239, +9.843,+0.941
1665427560,+3.47,+16.222, +9.796,+0.942
1665427620,+3.47,+16.214, +9.795,+0.942
1665427680,+3.47,+16.231, +9.789,+0.942
1665427740,+3.47,+16.214, +9.745,+0.942
1665427800,+3.47,+16.205, +9.749,+0.942
1665427860,+3.47,+16.222, +9.743,+0.941
1665427920,+3.47,+16.205, +9.744,+0.942
1665427980,+3.47,+16.214, +9.749,+0.942
1665428040,+3.47,+16.248, +9.748,+0.942
1665428100,+3.47,+16.265, +9.747,+0.941
1665428160,+3.47,+16.265, +9.778,+0.942
1665428220,+3.47,+16.308, +9.732,+0.941
1665428280,+3.47,+16.316, +9.727,+0.942
1665428340,+3.47,+16.299, +9.776,+0.942
1665428400,+3.47,+16.291, +9.790,+0.942
1665428460,+3.47,+16.316, +9.777,+0.942
1665428520,+3.47,+16.316, +9.785,+0.942
1665428580,+3.47,+16.325, +9.776,+0.942
1665428640,+3.47,+16.333, +9.787,+0.941
1665428700,+3.47,+16.359, +9.811,+0.942
1665428760,+3.47,+16.367, +9.790,+0.941
1665428820,+3.47,+16.384, +9.782,+0.942
1665428880,+3.47,+16.359, +9.804,+0.941
1665428940,+3.47,+16.367, +9.816,+0.942
1665429000,+3.47,+16.384, +9.810,+0.942
1665429060,+3.47,+16.384, +9.802,+0.942
1665429120,+3.47,+16.410, +9.779,+0.941
1665429180,+3.47,+16.393, +9.799,+0.942
1665429240,+3.47,+16.418, +9.763,+0.942
1665429300,+3.47,+16.435, +9.755,+0.942
1665429360,+3.47,+16.401, +9.730,+0.942
1665429420,+3.47,+16.376, +9.717,+0.941
1665429480,+3.47,+16.359, +9.699,+0.941
1665429540,+3.47,+16.376, +9.728,+0.942
1665429600,+3.47,+16.393, +9.752,+0.942
1665429660,+3.47,+16.384, +9.735,+0.942
1665429720,+3.47,+16.359, +9.723,+0.941
1665429780,+3.47,+16.325, +9.705,+0.942
1665429840,+3.47,+16.325, +9.703,+0.942
1665429900,+3.47,+16.325, +9.684,+0.942
1665429960,+3.47,+16.325, +9.692,+0.941
1665430020,+3.47,+16.342, +9.689,+0.941
1665430080,+3.47,+16.333, +9.719,+0.942
1665430140,+3.47,+16.359, +9.724,+0.942
1665430200,+3.47,+16.359, +9.733,+0.942
1665430260,+3.47,+16.401, +9.743,+0.942
1665430320,+3.47,+16.427, +9.759,+0.941
1665430380,+3.47,+16.435, +9.789,+0.942
1665430440,+3.47,+16.444, +9.776,+0.942
1665430500,+3.47,+16.444, +9.754,+0.941
1665430560,+3.47,+16.461, +9.791,+0.943
1665430620,+3.47,+16.478, +9.772,+0.942
1665430680,+3.47,+16.478, +9.769,+0.941
1665430740,+3.47,+16.486, +9.755,+0.942
1665430800,+3.47,+16.495, +9.795,+0.942
1665430860,+3.47,+16.469, +9.901,+0.941
1665430920,+3.47,+16.469, +9.890,+0.942
1665430980,+3.47,+16.461, +9.878,+0.942
1665431040,+3.47,+16.486, +9.841,+0.942
1665431100,+3.47,+16.486, +9.837,+0.942
1665431160,+3.47,+16.469, +9.862,+0.942
1665431220,+3.47,+16.478, +9.855,+0.942
1665431280,+3.47,+16.469, +9.878,+0.942
1665431340,+3.47,+16.478, +9.902,+0.941
1665431400,+3.47,+16.486, +9.854,+0.942
1665431460,+3.47,+16.469, +9.839,+0.942
1665431520,+3.47,+16.444, +9.842,+0.942
1665431580,+3.47,+16.444, +9.803,+0.942
1665431640,+3.47,+16.418, +9.812,+0.942
1665431700,+3.47,+16.401, +9.825,+0.942
1665431760,+3.47,+16.418, +9.860,+0.942
1665431820,+3.47,+16.427, +9.864,+0.941
1665431880,+3.47,+16.435, +9.867,+0.942
1665431940,+3.47,+16.427, +9.878,+0.941
1665432000,+3.47,+16.435, +9.884,+0.942
1665432060,+3.47,+16.435, +9.913,+0.942
1665432120,+3.47,+16.427, +9.904,+0.942
1665432180,+3.47,+16.435, +9.887,+0.941
1665432240,+3.47,+16.452, +9.883,+0.942
1665432300,+3.47,+16.452, +9.916,+0.942
1665432360,+3.47,+16.435, +9.930,+0.942
1665432420,+3.47,+16.461, +9.901,+0.942
1665432480,+3.47,+16.444, +9.908,+0.942
1665432540,+3.47,+16.444, +9.904,+0.942
1665432600,+3.47,+16.469, +9.895,+0.942
1665432660,+3.47,+16.469, +9.893,+0.942
1665432720,+3.47,+16.478, +9.905,+0.942
1665432780,+3.47,+16.478, +9.906,+0.942
1665432840,+3.47,+16.469, +9.927,+0.942
1665432900,+3.47,+16.478, +9.943,+0.942
1665432960,+3.47,+16.478, +9.926,+0.941
1665433020,+3.47,+16.469, +9.942,+0.942
1665433080,+3.47,+16.469, +9.961,+0.942
1665433140,+3.47,+16.469, +9.977,+0.942
1665433200,+3.47,+16.503, +9.958,+0.942
1665433260,+3.47,+16.512, +9.975,+0.942
1665433320,+3.47,+16.503, +9.972,+0.942
1665433380,+3.47,+16.495, +9.974,+0.942
1665433440,+3.47,+16.503, +9.972,+0.942
1665433500,+3.47,+16.537, +9.977,+0.942
1665433560,+3.47,+16.495,+10.002,+0.942
1665433620,+3.47,+16.495,+10.002,+0.942
1665433680,+3.47,+16.495,+10.006,+0.942
1665433740,+3.47,+16.486,+10.008,+0.942
1665433800,+3.47,+16.503, +9.999,+0.942
1665433860,+3.47,+16.495,+10.013,+0.942
1665433920,+3.47,+16.512, +9.989,+0.942
1665433980,+3.47,+16.520, +9.960,+0.942
1665434040,+3.47,+16.503, +9.967,+0.942
1665434100,+3.47,+16.503, +9.974,+0.941
1665434160,+3.47,+16.495, +9.996,+0.942
1665434220,+3.47,+16.512,+10.000,+0.942
1665434280,+3.47,+16.495,+10.013,+0.942
1665434340,+3.47,+16.520,+10.031,+0.942
1665434400,+3.47,+16.520,+10.057,+0.942
1665434460,+3.47,+16.512,+10.035,+0.942
1665434520,+3.47,+16.512,+10.044,+0.942
1665434580,+3.47,+16.512,+10.028,+0.942
1665434640,+3.47,+16.503,+10.052,+0.942
1665434700,+3.47,+16.512,+10.053,+0.942
1665434760,+3.47,+16.503,+10.053,+0.942
1665434820,+3.47,+16.503,+10.065,+0.942
1665434880,+3.47,+16.503,+10.060,+0.942
1665434940,+3.47,+16.503,+10.056,+0.942
1665435000,+3.47,+16.495,+10.264,+0.941
1665435060,+3.47,+16.503,+10.227,+0.941
1665435120,+3.47,+16.486,+10.227,+0.941
1665435180,+3.47,+16.503,+10.214,+0.942
1665435240,+3.47,+16.503,+10.216,+0.942
1665435300,+3.47,+16.520,+10.219,+0.942
1665435360,+3.47,+16.512,+10.261,+0.942
1665435420,+3.47,+16.512,+10.252,+0.942
1665435480,+3.47,+16.537,+10.240,+0.942
1665435540,+3.47,+16.520,+10.244,+0.942
1665435600,+3.47,+16.529,+10.258,+0.942
1665435660,+3.47,+16.529,+10.283,+0.942
1665435720,+3.47,+16.537,+10.311,+0.942
1665435780,+3.47,+16.537,+10.304,+0.943
1665435840,+3.47,+16.546,+10.271,+0.942
1665435900,+3.47,+16.529,+10.264,+0.942
1665435960,+3.47,+16.529,+10.284,+0.942
1665436020,+3.47,+16.529,+10.310,+0.943
1665436080,+3.47,+16.537,+10.289,+0.942
1665436140,+3.47,+16.512,+10.250,+0.942
1665436200,+3.47,+16.529,+10.212,+0.942
1665436260,+3.47,+16.554,+10.208,+0.942
1665436320,+3.47,+16.503,+10.222,+0.942
1665436380,+3.47,+16.512,+10.229,+0.943
1665436440,+3.47,+16.503,+10.238,+0.942
1665436500,+3.47,+16.520,+10.238,+0.942
1665436560,+3.47,+16.520,+10.241,+0.942
1665436620,+3.47,+16.520,+10.229,+0.942
1665436680,+3.47,+16.520,+10.236,+0.942
1665436740,+3.47,+16.529,+10.225,+0.942
1665436800,+3.47,+16.495,+10.232,+0.942
1665436860,+3.47,+16.512,+10.203,+0.942
1665436920,+3.47,+16.495,+10.230,+0.942
1665436980,+3.47,+16.520,+10.203,+0.942
1665437040,+3.47,+16.503,+10.178,+0.942
1665437100,+3.47,+16.503,+10.185,+0.942
1665437160,+3.47,+16.512,+10.174,+0.942
1665437220,+3.47,+16.503,+10.151,+0.942
1665437280,+3.47,+16.512,+10.111,+0.942
1665437340,+3.47,+16.503,+10.094,+0.942
1665437400,+3.47,+16.503,+10.087,+0.942
1665437460,+3.47,+16.486,+10.105,+0.942
1665437520,+3.47,+16.503,+10.111,+0.942
1665437580,+3.47,+16.495,+10.106,+0.942
1665437640,+3.47,+16.486,+10.106,+0.942
1665437700,+3.47,+16.495,+10.063,+0.942
1665437760,+3.47,+16.495,+10.040,+0.942
1665437820,+3.47,+16.495,+10.011,+0.942
1665437880,+3.47,+16.495, +9.997,+0.942
1665437940,+3.47,+16.478,+10.029,+0.942
1665438000,+3.47,+16.478,+10.023,+0.942
1665438060,+3.47,+16.478, +9.993,+0.942
1665438120,+3.47,+16.461, +9.965,+0.942
1665438180,+3.47,+16.478, +9.921,+0.942
1665438240,+3.47,+16.461, +9.927,+0.942
1665438300,+3.47,+16.478, +9.954,+0.942
1665438360,+3.47,+16.478, +9.992,+0.942
1665438420,+3.47,+16.478,+10.001,+0.942
1665438480,+3.47,+16.461,+10.013,+0.942
1665438540,+3.47,+16.461, +9.985,+0.942
1665438600,+3.47,+16.461, +9.981,+0.942
1665438660,+3.47,+16.461, +9.979,+0.942
1665438720,+3.47,+16.461, +9.979,+0.942
1665438780,+3.47,+16.452, +9.992,+0.942
1665438840,+3.47,+16.461, +9.961,+0.942
1665438900,+3.47,+16.461, +9.958,+0.942
1665438960,+3.47,+16.452, +9.972,+0.942
1665439020,+3.47,+16.444, +9.966,+0.942
1665439080,+3.47,+16.444, +9.933,+0.942
1665439140,+3.47,+16.461, +9.978,+0.942
1665439200,+3.47,+16.461, +9.947,+0.942
1665439260,+3.47,+16.444, +9.928,+0.941
1665439320,+3.47,+16.461, +9.913,+0.942
1665439380,+3.47,+16.444, +9.929,+0.942
1665439440,+3.47,+16.435, +9.917,+0.942
1665439500,+3.47,+16.444, +9.903,+0.942
1665439560,+3.47,+16.444, +9.898,+0.942
1665439620,+3.47,+16.435, +9.925,+0.942
1665439680,+3.47,+16.435, +9.919,+0.942
1665439740,+3.47,+16.452, +9.907,+0.942
1665439800,+3.47,+16.452, +9.887,+0.942
1665439860,+3.47,+16.435, +9.903,+0.942
1665439920,+3.47,+16.435, +9.902,+0.942
1665439980,+3.47,+16.444, +9.872,+0.942
1665440040,+3.47,+16.452, +9.892,+0.942
1665440100,+3.47,+16.452, +9.886,+0.942
1665440160,+3.47,+16.444, +9.879,+0.942
1665440220,+3.47,+16.452, +9.867,+0.942
1665440280,+3.47,+16.461, +9.882,+0.942
1665440340,+3.47,+16.452, +9.876,+0.942
1665440400,+3.47,+16.452, +9.898,+0.942
1665440460,+3.47,+16.444, +9.917,+0.942
1665440520,+3.47,+16.461, +9.891,+0.941
1665440580,+3.47,+16.444, +9.895,+0.942
1665440640,+3.47,+16.469, +9.888,+0.942
1665440700,+3.47,+16.452, +9.878,+0.942
1665440760,+3.47,+16.452, +9.859,+0.941
1665440820,+3.47,+16.452, +9.835,+0.942
1665440880,+3.47,+16.452, +9.825,+0.942
1665440940,+3.47,+16.444, +9.808,+0.942
1665441000,+3.47,+16.452, +9.825,+0.942
1665441060,+3.47,+16.461, +9.831,+0.941
1665441120,+3.47,+16.435, +9.840,+0.942
1665441180,+3.47,+16.444, +9.861,+0.942
1665441240,+3.47,+16.469, +9.938,+0.942
1665441300,+3.47,+16.461, +9.893,+0.942
1665441360,+3.47,+16.444, +9.828,+0.942
1665441420,+3.47,+16.452, +9.842,+0.942
1665441480,+3.47,+16.469, +9.801,+0.942
1665441540,+3.47,+16.469, +9.778,+0.941
1665441600,+3.47,+16.461, +9.775,+0.942
1665441660,+3.47,+16.461, +9.791,+0.942
1665441720,+3.47,+16.452, +9.945,+0.942
1665441780,+3.47,+16.452,+10.075,+0.942
1665441840,+3.47,+16.469,+10.034,+0.942
1665441900,+3.47,+16.461, +9.928,+0.942
1665441960,+3.47,+16.469, +9.889,+0.942
1665442020,+3.47,+16.461, +9.901,+0.942
1665442080,+3.47,+16.452, +9.972,+0.942
1665442140,+3.47,+16.461, +9.974,+0.942
1665442200,+3.47,+16.461,+10.026,+0.942
1665442260,+3.47,+16.478,+10.025,+0.942
1665442320,+3.47,+16.503,+10.112,+0.942
1665442380,+3.47,+16.486,+10.134,+0.942
1665442440,+3.47,+16.495,+10.095,+0.942
1665442500,+3.47,+16.512,+10.054,+0.942
1665442560,+3.47,+16.512,+10.092,+0.941
1665442620,+3.47,+16.520,+10.073,+0.942
1665442680,+3.47,+16.503,+10.079,+0.942
1665442740,+3.47,+16.503,+10.048,+0.942
1665442800,+3.47,+16.503,+10.047,+0.942
1665442860,+3.47,+16.529, +9.988,+0.942
1665442920,+3.47,+16.503,+10.043,+0.942
1665442980,+3.47,+16.503,+10.044,+0.942
1665443040,+3.47,+16.478,+10.117,+0.942
1665443100,+3.47,+16.444,+10.323,+0.942
1665443160,+3.47,+16.444,+10.316,+0.942
1665443220,+3.47,+16.478,+10.167,+0.942
1665443280,+3.47,+16.452,+10.204,+0.942
1665443340,+3.47,+16.469,+10.285,+0.942
1665443400,+3.47,+16.427,+10.339,+0.942
1665443460,+3.47,+16.435,+10.352,+0.943
1665443520,+3.47,+16.435,+10.369,+0.942
1665443580,+3.47,+16.418,+10.372,+0.942
1665443640,+3.47,+16.452,+10.293,+0.943
1665443700,+3.47,+16.452,+10.281,+0.942
1665443760,+3.47,+16.452,+10.330,+0.942
1665443820,+3.47,+16.418,+10.397,+0.942
1665443880,+3.47,+16.384,+10.440,+0.942
1665443940,+3.47,+16.393,+10.440,+0.942
1665444000,+3.47,+16.393,+10.493,+0.942
1665444060,+3.47,+16.393,+10.509,+0.942
1665444120,+3.47,+16.350,+10.588,+0.943
1665444180,+3.47,+16.376,+10.577,+0.943
1665444240,+3.47,+16.359,+10.592,+0.942
1665444300,+3.47,+16.342,+10.604,+0.942
1665444360,+3.47,+16.333,+10.607,+0.942
1665444420,+3.47,+16.359,+10.573,+0.942
1665444480,+3.47,+16.384,+10.606,+0.942
1665444540,+3.47,+16.435,+10.639,+0.942
1665444600,+3.47,+16.461,+10.597,+0.943
1665444660,+3.47,+16.452,+10.519,+0.942
1665444720,+3.47,+16.469,+10.470,+0.942
1665444780,+3.47,+16.469,+10.435,+0.942
1665444840,+3.47,+16.478,+10.390,+0.942
1665444900,+3.47,+16.495,+10.498,+0.942
1665444960,+3.47,+16.495,+10.556,+0.942
1665445020,+3.47,+16.486,+10.492,+0.942
1665445080,+3.47,+16.461,+10.557,+0.942
1665445140,+3.47,+16.444,+10.561,+0.942
1665445200,+3.47,+16.461,+10.550,+0.942
1665445260,+3.47,+16.461,+10.526,+0.942
1665445320,+3.47,+16.461,+10.501,+0.942
1665445380,+3.47,+16.444,+10.477,+0.942
1665445440,+3.47,+16.444,+10.428,+0.942
1665445500,+3.47,+16.435,+10.419,+0.942
1665445560,+3.47,+16.427,+10.412,+0.942
1665445620,+3.47,+16.444,+10.509,+0.942
1665445680,+3.47,+16.427,+10.548,+0.942
1665445740,+3.47,+16.410,+10.514,+0.943
1665445800,+3.47,+16.435,+10.471,+0.942
1665445860,+3.47,+16.435,+10.454,+0.942
1665445920,+3.47,+16.427,+10.443,+0.942
1665445980,+3.47,+16.418,+10.447,+0.942
1665446040,+3.47,+16.427,+10.433,+0.942
1665446100,+3.47,+16.384,+10.521,+0.943
1665446160,+3.47,+16.393,+10.516,+0.942
1665446220,+3.47,+16.393,+10.513,+0.942
1665446280,+3.47,+16.393,+10.499,+0.942
1665446340,+3.47,+16.384,+10.531,+0.942
1665446400,+3.47,+16.401,+10.501,+0.942
1665446460,+3.47,+16.401,+10.360,+0.942
1665446520,+3.47,+16.410,+10.427,+0.942
1665446580,+3.47,+16.418,+10.418,+0.942
1665446640,+3.47,+16.452,+10.396,+0.942
1665446700,+3.47,+16.461,+10.404,+0.943
1665446760,+3.47,+16.452,+10.399,+0.942
1665446820,+3.47,+16.418,+10.418,+0.942
1665446880,+3.47,+16.427,+10.407,+0.942
1665446940,+3.47,+16.435,+10.388,+0.942
1665447000,+3.47,+16.452,+10.379,+0.942
1665447060,+3.47,+16.461,+10.375,+0.942
1665447120,+3.47,+16.452,+10.388,+0.942
1665447180,+3.47,+16.427,+10.378,+0.942
1665447240,+3.47,+16.427,+10.355,+0.943
1665447300,+3.47,+16.427,+10.429,+0.942
1665447360,+3.47,+16.393,+10.454,+0.942
1665447420,+3.47,+16.384,+10.447,+0.942
1665447480,+3.47,+16.359,+10.500,+0.943
1665447540,+3.47,+16.316,+10.508,+0.942
1665447600,+3.47,+16.342,+10.493,+0.942
1665447660,+3.47,+16.299,+10.541,+0.942
1665447720,+3.47,+16.274,+10.556,+0.942
1665447780,+3.47,+16.274,+10.560,+0.942
1665447840,+3.47,+16.256,+10.567,+0.943
1665447900,+3.47,+16.256,+10.545,+0.942
1665447960,+3.47,+16.239,+10.565,+0.942
1665448020,+3.47,+16.265,+10.552,+0.942
1665448080,+3.47,+16.248,+10.564,+0.942
1665448140,+3.47,+16.248,+10.560,+0.942
1665448200,+3.47,+16.256,+10.560,+0.942
1665448260,+3.47,+16.256,+10.546,+0.942
1665448320,+3.47,+16.231,+10.559,+0.942
1665448380,+3.47,+16.239,+10.568,+0.943
1665448440,+3.47,+16.256,+10.521,+0.942
1665448500,+3.47,+16.256,+10.530,+0.942
1665448560,+3.47,+16.239,+10.513,+0.942
1665448620,+3.47,+16.265,+10.514,+0.942
1665448680,+3.47,+16.239,+10.501,+0.942
1665448740,+3.47,+16.248,+10.492,+0.942
1665448800,+3.47,+16.256,+10.484,+0.942
1665448860,+3.47,+16.239,+10.501,+0.942
1665448920,+3.47,+16.239,+10.521,+0.942
1665448980,+3.47,+16.239,+10.487,+0.942
1665449040,+3.47,+16.239,+10.479,+0.942
1665449100,+3.47,+16.248,+10.478,+0.943
1665449160,+3.47,+16.265,+10.464,+0.943
1665449220,+3.47,+16.274,+10.459,+0.942
1665449280,+3.47,+16.282,+10.468,+0.942
1665449340,+3.47,+16.265,+10.461,+0.942
1665449400,+3.47,+16.265,+10.467,+0.942
1665449460,+3.47,+16.265,+10.438,+0.942
1665449520,+3.47,+16.274,+10.412,+0.942
1665449580,+3.47,+16.274,+10.371,+0.942
1665449640,+3.47,+16.256,+10.399,+0.942
1665449700,+3.47,+16.248,+10.436,+0.942
1665449760,+3.47,+16.248,+10.432,+0.942
1665449820,+3.47,+16.239,+10.455,+0.942
1665449880,+3.47,+16.231,+10.455,+0.942
1665449940,+3.47,+16.256,+10.450,+0.942
1665450000,+3.47,+16.239,+10.428,+0.943
1665450060,+3.47,+16.265,+10.389,+0.942
1665450120,+3.47,+16.265,+10.412,+0.943
1665450180,+3.47,+16.248,+10.433,+0.942
1665450240,+3.47,+16.248,+10.397,+0.942
1665450300,+3.47,+16.274,+10.396,+0.942
1665450360,+3.47,+16.248,+10.426,+0.943
1665450420,+3.47,+16.248,+10.415,+0.942
1665450480,+3.47,+16.239,+10.424,+0.942
1665450540,+3.47,+16.256,+10.426,+0.943
1665450600,+3.47,+16.265,+10.385,+0.942
1665450660,+3.47,+16.265,+10.406,+0.942
1665450720,+3.47,+16.239,+10.412,+0.942
1665450780,+3.47,+16.239,+10.419,+0.942
1665450840,+3.47,+16.231,+10.434,+0.943
1665450900,+3.47,+16.231,+10.402,+0.942
1665450960,+3.47,+16.256,+10.393,+0.942
1665451020,+3.47,+16.265,+10.404,+0.942
1665451080,+3.47,+16.248,+10.418,+0.942
1665451140,+3.47,+16.222,+10.424,+0.943
1665451200,+3.47,+16.231,+10.415,+0.942
1665451260,+3.47,+16.231,+10.393,+0.943
1665451320,+3.47,+16.248,+10.369,+0.942
1665451380,+3.47,+16.205,+10.378,+0.942
1665451440,+3.47,+16.239,+10.375,+0.942
1665451500,+3.47,+16.231,+10.356,+0.942
1665451560,+3.47,+16.231,+10.340,+0.942
1665451620,+3.47,+16.222,+10.365,+0.942
1665451680,+3.47,+16.231,+10.315,+0.942
1665451740,+3.47,+16.231,+10.300,+0.942
1665451800,+3.47,+16.231,+10.293,+0.942
1665451860,+3.47,+16.231,+10.328,+0.942
1665451920,+3.47,+16.239,+10.305,+0.942
1665451980,+3.47,+16.256,+10.315,+0.942
1665452040,+3.47,+16.222,+10.342,+0.942
1665452100,+3.47,+16.231,+10.351,+0.942
1665452160,+3.47,+16.205,+10.375,+0.942
1665452220,+3.47,+16.222,+10.251,+0.942
1665452280,+3.47,+16.248,+10.270,+0.942
1665452340,+3.47,+16.239,+10.276,+0.942
1665452400,+3.47,+16.239,+10.300,+0.942
1665452460,+3.47,+16.265,+10.297,+0.942
1665452520,+3.47,+16.274,+10.260,+0.942
1665452580,+3.47,+16.282,+10.126,+0.942
1665452640,+3.47,+16.256,+10.260,+0.942
1665452700,+3.47,+16.282,+10.275,+0.942
1665452760,+3.47,+16.256,+10.293,+0.942
1665452820,+3.47,+16.291,+10.266,+0.942
1665452880,+3.47,+16.265,+10.274,+0.942
1665452940,+3.47,+16.291,+10.244,+0.942
1665453000,+3.47,+16.274,+10.188,+0.942
1665453060,+3.47,+16.299,+10.187,+0.942
1665453120,+3.47,+16.291,+10.214,+0.942
1665453180,+3.47,+16.291,+10.234,+0.942
1665453240,+3.47,+16.282,+10.246,+0.942
1665453300,+3.47,+16.256,+10.266,+0.942
1665453360,+3.47,+16.274,+10.255,+0.942
1665453420,+3.47,+16.265,+10.281,+0.942
1665453480,+3.47,+16.256,+10.288,+0.942
1665453540,+3.47,+16.265,+10.242,+0.942
1665453600,+3.47,+16.256,+10.286,+0.942
1665453660,+3.47,+16.265,+10.305,+0.942
1665453720,+3.47,+16.265,+10.279,+0.943
1665453780,+3.47,+16.274,+10.261,+0.942
1665453840,+3.47,+16.231,+10.282,+0.942
1665453900,+3.47,+16.256,+10.249,+0.942
1665453960,+3.47,+16.248,+10.290,+0.942
1665454020,+3.47,+16.274,+10.306,+0.943
1665454080,+3.47,+16.256,+10.297,+0.942
1665454140,+3.47,+16.248,+10.264,+0.942
1665454200,+3.47,+16.239,+10.252,+0.942
1665454260,+3.47,+16.239,+10.267,+0.942
1665454320,+3.47,+16.239,+10.265,+0.942
1665454380,+3.47,+16.265,+10.271,+0.942
1665454440,+3.47,+16.248,+10.235,+0.942
1665454500,+3.47,+16.248,+10.252,+0.942
1665454560,+3.47,+16.248,+10.243,+0.942
1665454620,+3.47,+16.248,+10.230,+0.942
1665454680,+3.47,+16.256,+10.222,+0.942
1665454740,+3.47,+16.231,+10.266,+0.942
1665454800,+3.47,+16.248,+10.224,+0.942
1665454860,+3.47,+16.256,+10.223,+0.942
1665454920,+3.47,+16.231,+10.194,+0.942
1665454980,+3.47,+16.239,+10.238,+0.942
1665455040,+3.47,+16.231,+10.154,+0.942
1665455100,+3.47,+16.231,+10.197,+0.942
1665455160,+3.47,+16.256,+10.245,+0.943
1665455220,+3.47,+16.239,+10.236,+0.942
1665455280,+3.47,+16.231,+10.217,+0.942
1665455340,+3.47,+16.239,+10.187,+0.942
1665455400,+3.47,+16.231,+10.030,+0.942
1665455460,+3.47,+16.265,+10.089,+0.942
1665455520,+3.47,+16.256,+10.036,+0.942
1665455580,+3.47,+16.239,+10.127,+0.942
1665455640,+3.47,+16.256,+10.201,+0.942
1665455700,+3.47,+16.256,+10.196,+0.942
1665455760,+3.47,+16.256, +9.970,+0.941
1665455820,+3.47,+16.256,+10.028,+0.942
1665455880,+3.47,+16.256, +9.981,+0.942
1665455940,+3.47,+16.248, +9.980,+0.942
1665456000,+3.47,+16.256,+10.077,+0.942
1665456060,+3.47,+16.256,+10.145,+0.942
1665456120,+3.47,+16.239,+10.172,+0.942
1665456180,+3.47,+16.265,+10.199,+0.942
1665456240,+3.47,+16.248,+10.142,+0.942
1665456300,+3.47,+16.256,+10.142,+0.942
1665456360,+3.47,+16.256,+10.081,+0.941
1665456420,+3.47,+16.248,+10.001,+0.942
1665456480,+3.47,+16.265, +9.939,+0.942
1665456540,+3.47,+16.256, +9.928,+0.941
1665456600,+3.47,+16.239, +9.846,+0.942
1665456660,+3.47,+16.265, +9.792,+0.942
1665456720,+3.47,+16.256, +9.870,+0.941
1665456780,+3.47,+16.256, +9.920,+0.942
1665456840,+3.47,+16.248, +9.862,+0.942
1665456900,+3.47,+16.256, +9.895,+0.942
1665456960,+3.47,+16.248, +9.917,+0.942
1665457020,+3.47,+16.231, +9.966,+0.942
1665457080,+3.47,+16.239, +9.989,+0.942
1665457140,+3.47,+16.239,+10.015,+0.942
1665457200,+3.47,+16.231,+10.041,+0.942
1665457260,+3.47,+16.239, +9.712,+0.942
1665457320,+3.47,+16.239, +9.829,+0.942
1665457380,+3.47,+16.239, +9.893,+0.941
1665457440,+3.47,+16.248, +9.926,+0.942
1665457500,+3.47,+16.239, +9.862,+0.942
1665457560,+3.47,+16.239, +9.883,+0.942
1665457620,+3.47,+16.214, +9.841,+0.942
1665457680,+3.47,+16.231, +9.803,+0.942
1665457740,+3.47,+16.231, +9.715,+0.941
1665457800,+3.47,+16.248, +9.677,+0.942
1665457860,+3.47,+16.248, +9.649,+0.942
1665457920,+3.47,+16.239, +9.655,+0.942
1665457980,+3.47,+16.231, +9.694,+0.942
1665458040,+3.47,+16.239, +9.721,+0.942
1665458100,+3.47,+16.231, +9.744,+0.942
1665458160,+3.47,+16.231, +9.757,+0.942
1665458220,+3.47,+16.248, +9.788,+0.942
1665458280,+3.47,+16.256, +9.802,+0.942
1665458340,+3.47,+16.231, +9.792,+0.942
1665458400,+3.47,+16.248, +9.723,+0.941
1665458460,+3.47,+16.239, +9.625,+0.942
1665458520,+3.47,+16.248, +9.577,+0.942
1665458580,+3.47,+16.231, +9.500,+0.941
1665458640,+3.47,+16.222, +9.541,+0.942
1665458700,+3.47,+16.231, +9.615,+0.942
1665458760,+3.47,+16.239, +9.658,+0.942
1665458820,+3.47,+16.231, +9.675,+0.941
1665458880,+3.47,+16.248, +9.688,+0.942
1665458940,+3.47,+16.205, +9.771,+0.942
1665459000,+3.47,+16.222, +9.846,+0.942
1665459060,+3.47,+16.171, +9.890,+0.942
1665459120,+3.47,+16.197, +9.860,+0.942
1665459180,+3.47,+16.171, +9.875,+0.942
1665459240,+3.47,+16.180, +9.835,+0.942
1665459300,+3.47,+16.180, +9.844,+0.942
1665459360,+3.47,+16.188, +9.825,+0.942
1665459420,+3.47,+16.180, +9.832,+0.941
1665459480,+3.47,+16.180, +9.845,+0.942
1665459540,+3.47,+16.180, +9.868,+0.942
1665459600,+3.47,+16.180, +9.866,+0.942
1665459660,+3.47,+16.171, +9.735,+0.941
1665459720,+3.47,+16.180, +9.679,+0.942
1665459780,+3.47,+16.197, +9.651,+0.942
1665459840,+3.47,+16.188, +9.676,+0.941
1665459900,+3.47,+16.171, +9.936,+0.942
1665459960,+3.47,+16.188,+10.023,+0.941
1665460020,+3.47,+16.180,+10.143,+0.942
1665460080,+3.47,+16.180,+10.235,+0.942
1665460140,+3.47,+16.180,+10.318,+0.942
1665460200,+3.47,+16.163,+10.369,+0.943
1665460260,+3.47,+16.154,+10.431,+0.942
1665460320,+3.47,+16.163,+10.406,+0.942
1665460380,+3.47,+16.180,+10.398,+0.943
1665460440,+3.47,+16.171,+10.373,+0.942
1665460500,+3.47,+16.137,+10.397,+0.942
1665460560,+3.47,+16.171,+10.341,+0.942
1665460620,+3.47,+16.163,+10.350,+0.942
1665460680,+3.47,+16.180,+10.297,+0.942
1665460740,+3.47,+16.180,+10.303,+0.942
1665460800,+3.47,+16.180,+10.303,+0.942
1665460860,+3.47,+16.154,+10.319,+0.942
1665460920,+3.47,+16.188,+10.355,+0.942
1665460980,+3.47,+16.188,+10.341,+0.942
1665461040,+3.47,+16.171,+10.337,+0.943
1665461100,+3.47,+16.163,+10.329,+0.942
1665461160,+3.47,+16.171,+10.285,+0.942
1665461220,+3.47,+16.188,+10.280,+0.942
1665461280,+3.47,+16.171,+10.249,+0.942
1665461340,+3.47,+16.188,+10.218,+0.942
1665461400,+3.47,+16.171,+10.228,+0.942
1665461460,+3.47,+16.171,+10.206,+0.942
1665461520,+3.47,+16.171,+10.257,+0.942
1665461580,+3.47,+16.171,+10.279,+0.943
1665461640,+3.47,+16.188,+10.247,+0.942
1665461700,+3.47,+16.188,+10.208,+0.942
1665461760,+3.47,+16.205,+10.181,+0.942
1665461820,+3.47,+16.214,+10.188,+0.942
1665461880,+3.47,+16.188,+10.218,+0.942
1665461940,+3.47,+16.197,+10.201,+0.942
1665462000,+3.47,+16.222,+10.174,+0.942
1665462060,+3.47,+16.214,+10.158,+0.942
1665462120,+3.47,+16.222,+10.155,+0.942
1665462180,+3.47,+16.214,+10.172,+0.942
1665462240,+3.47,+16.222,+10.145,+0.942
1665462300,+3.47,+16.231,+10.159,+0.942
1665462360,+3.47,+16.222,+10.168,+0.942
1665462420,+3.47,+16.222,+10.145,+0.942
1665462480,+3.47,+16.222,+10.112,+0.942
1665462540,+3.47,+16.256,+10.098,+0.942
1665462600,+3.47,+16.231,+10.121,+0.942
1665462660,+3.47,+16.265,+10.056,+0.942
1665462720,+3.47,+16.256,+10.085,+0.942
1665462780,+3.47,+16.256,+10.072,+0.942
1665462840,+3.47,+16.248,+10.063,+0.942
1665462900,+3.47,+16.256,+10.040,+0.941
1665462960,+3.47,+16.248,+10.049,+0.942
1665463020,+3.47,+16.256, +9.978,+0.942
1665463080,+3.47,+16.274, +9.903,+0.941
1665463140,+3.47,+16.274, +9.904,+0.942
1665463200,+3.47,+16.265, +9.841,+0.942
1665463260,+3.47,+16.256, +9.777,+0.942
1665463320,+3.47,+16.274, +9.742,+0.942
1665463380,+3.47,+16.256, +9.713,+0.942
1665463440,+3.47,+16.274, +9.647,+0.941
1665463500,+3.47,+16.282, +9.667,+0.941
1665463560,+3.47,+16.274, +9.681,+0.941
1665463620,+3.47,+16.248, +9.692,+0.942
1665463680,+3.47,+16.274, +9.690,+0.942
1665463740,+3.47,+16.274, +9.674,+0.941
1665463800,+3.47,+16.274, +9.715,+0.942
1665463860,+3.47,+16.256, +9.697,+0.941
1665463920,+3.47,+16.274, +9.563,+0.941
1665463980,+3.47,+16.248, +9.530,+0.941
1665464040,+3.47,+16.248, +9.506,+0.941
1665464100,+3.47,+16.274, +9.480,+0.941
1665464160,+3.47,+16.265, +9.526,+0.941
1665464220,+3.47,+16.256, +9.574,+0.941
1665464280,+3.47,+16.256, +9.638,+0.941
1665464340,+3.47,+16.265, +9.715,+0.942
1665464400,+3.47,+16.239, +9.693,+0.942
1665464460,+3.47,+16.256, +9.759,+0.942
1665464520,+3.47,+16.248, +9.794,+0.942
1665464580,+3.47,+16.214, +9.887,+0.942
1665464640,+3.47,+16.188, +9.973,+0.942
1665464700,+3.47,+16.188, +9.932,+0.941
1665464760,+3.47,+16.163, +9.900,+0.942
1665464820,+3.47,+16.163, +9.709,+0.942
1665464880,+3.47,+16.146, +9.592,+0.941
1665464940,+3.47,+16.180, +9.650,+0.941
1665465000,+3.47,+16.180, +9.707,+0.941
1665465060,+3.47,+16.188, +9.733,+0.942
1665465120,+3.47,+16.171, +9.751,+0.942
1665465180,+3.47,+16.180, +9.834,+0.941
1665465240,+3.47,+16.146, +9.926,+0.942
1665465300,+3.47,+16.137, +9.980,+0.942
1665465360,+3.47,+16.129,+10.009,+0.942
1665465420,+3.47,+16.171,+10.040,+0.941
1665465480,+3.47,+16.180,+10.083,+0.942
1665465540,+3.47,+16.205,+10.105,+0.942
1665465600,+3.47,+16.171,+10.078,+0.942
1665465660,+3.47,+16.231,+10.023,+0.941
1665465720,+3.47,+16.231, +9.967,+0.942
1665465780,+3.47,+16.239, +9.989,+0.942
1665465840,+3.47,+16.239, +9.987,+0.942
1665465900,+3.47,+16.231, +9.998,+0.942
1665465960,+3.47,+16.248, +9.981,+0.942
1665466020,+3.47,+16.265, +9.978,+0.941
1665466080,+3.47,+16.256, +9.993,+0.942
1665466140,+3.47,+16.265, +9.973,+0.942
1665466200,+3.47,+16.265, +9.933,+0.942
1665466260,+3.47,+16.248, +9.968,+0.942
1665466320,+3.47,+16.274, +9.987,+0.942
1665466380,+3.47,+16.265,+10.013,+0.942
1665466440,+3.47,+16.265, +9.990,+0.941
1665466500,+3.47,+16.239,+10.041,+0.942
1665466560,+3.47,+16.274,+10.058,+0.942
1665466620,+3.47,+16.256,+10.066,+0.942
1665466680,+3.47,+16.265,+10.070,+0.942
1665466740,+3.47,+16.265,+10.087,+0.942
1665466800,+3.47,+16.265,+10.117,+0.942
1665466860,+3.47,+16.282,+10.133,+0.942
1665466920,+3.47,+16.248,+10.162,+0.942
1665466980,+3.47,+16.248,+10.150,+0.942
1665467040,+3.47,+16.239,+10.146,+0.942
1665467100,+3.47,+16.239,+10.144,+0.942
1665467160,+3.47,+16.248,+10.164,+0.942
1665467220,+3.47,+16.231,+10.166,+0.942
1665467280,+3.47,+16.239,+10.161,+0.942
1665467340,+3.47,+16.248,+10.139,+0.941
1665467400,+3.47,+16.265,+10.150,+0.942
1665467460,+3.47,+16.256,+10.161,+0.942
1665467520,+3.47,+16.248,+10.147,+0.942
1665467580,+3.47,+16.231,+10.150,+0.942
1665467640,+3.47,+16.256,+10.142,+0.942
1665467700,+3.47,+16.222,+10.165,+0.942
1665467760,+3.47,+16.256,+10.161,+0.942
1665467820,+3.47,+16.231,+10.185,+0.942
1665467880,+3.47,+16.256,+10.162,+0.942
1665467940,+3.47,+16.248,+10.120,+0.942
1665468000,+3.47,+16.248,+10.078,+0.942
1665468060,+3.47,+16.256, +9.556,+0.941
1665468120,+3.47,+16.256, +9.781,+0.941
1665468180,+3.47,+16.231, +9.964,+0.942
1665468240,+3.47,+16.265,+10.042,+0.942
1665468300,+3.47,+16.222,+10.027,+0.942
1665468360,+3.47,+16.214,+10.029,+0.942
1665468420,+3.47,+16.205,+10.017,+0.942
1665468480,+3.47,+16.180, +9.976,+0.942
1665468540,+3.47,+16.188, +9.913,+0.942
1665468600,+3.47,+16.197, +9.748,+0.942
1665468660,+3.47,+16.180, +9.785,+0.942
1665468720,+3.47,+16.163, +9.849,+0.942
1665468780,+3.47,+16.171, +9.906,+0.941
1665468840,+3.47,+16.180,+10.030,+0.942
1665468900,+3.47,+16.188,+10.107,+0.942
1665468960,+3.47,+16.188,+10.140,+0.942
1665469020,+3.47,+16.205,+10.173,+0.942
1665469080,+3.47,+16.214,+10.177,+0.942
1665469140,+3.47,+16.231,+10.142,+0.942
1665469200,+3.47,+16.222,+10.131,+0.942
1665469260,+3.47,+16.231,+10.124,+0.942
1665469320,+3.47,+16.231,+10.100,+0.942
1665469380,+3.47,+16.239,+10.088,+0.942
1665469440,+3.47,+16.256,+10.076,+0.942
1665469500,+3.47,+16.256,+10.063,+0.942
1665469560,+3.47,+16.248,+10.052,+0.942
1665469620,+3.47,+16.248,+10.070,+0.942
1665469680,+3.47,+16.248,+10.051,+0.942
1665469740,+3.47,+16.274,+10.023,+0.942
1665469800,+3.47,+16.248,+10.041,+0.942
1665469860,+3.47,+16.248,+10.053,+0.942
1665469920,+3.47,+16.256,+10.055,+0.942
1665469980,+3.47,+16.265,+10.047,+0.942
1665470040,+3.47,+16.256,+10.022,+0.942
1665470100,+3.47,+16.265,+10.022,+0.942
1665470160,+3.47,+16.256, +9.986,+0.942
1665470220,+3.47,+16.256,+10.002,+0.942
1665470280,+3.47,+16.256, +9.971,+0.942
1665470340,+3.47,+16.274, +9.970,+0.942
1665470400,+3.47,+16.274, +9.895,+0.942
1665470460,+3.47,+16.282, +9.791,+0.942
1665470520,+3.47,+16.248, +9.838,+0.942
1665470580,+3.47,+16.265, +9.874,+0.941
1665470640,+3.47,+16.274, +9.872,+0.941
1665470700,+3.47,+16.282, +9.864,+0.941
1665470760,+3.47,+16.256, +9.880,+0.942
1665470820,+3.47,+16.274, +9.873,+0.942
1665470880,+3.47,+16.274, +9.912,+0.942
1665470940,+3.47,+16.265, +9.942,+0.941
1665471000,+3.47,+16.256, +9.984,+0.941
1665471060,+3.47,+16.274, +9.985,+0.942
1665471120,+3.47,+16.274, +9.949,+0.942
1665471180,+3.47,+16.256, +9.944,+0.942
1665471240,+3.47,+16.256, +9.911,+0.941
1665471300,+3.47,+16.282, +9.898,+0.941
1665471360,+3.47,+16.265, +9.876,+0.942
1665471420,+3.47,+16.265, +9.874,+0.942
1665471480,+3.47,+16.291, +9.832,+0.941
1665471540,+3.47,+16.274, +9.656,+0.942
1665471600,+3.47,+16.265, +9.503,+0.941
1665471660,+3.47,+16.282, +9.509,+0.942
1665471720,+3.47,+16.256, +9.555,+0.942
1665471780,+3.47,+16.265, +9.572,+0.941
1665471840,+3.47,+16.282, +9.609,+0.942
1665471900,+3.47,+16.265, +9.579,+0.941
1665471960,+3.47,+16.265, +9.556,+0.941
1665472020,+3.47,+16.265, +9.482,+0.941
1665472080,+3.47,+16.265, +9.380,+0.941
1665472140,+3.47,+16.248, +9.282,+0.940
1665472200,+3.47,+16.256, +9.166,+0.941
1665472260,+3.47,+16.265, +9.240,+0.941
1665472320,+3.47,+16.265, +9.433,+0.941
1665472380,+3.47,+16.265, +9.536,+0.941
1665472440,+3.47,+16.248, +9.514,+0.941
1665472500,+3.47,+16.274, +9.489,+0.941
1665472560,+3.47,+16.274, +9.378,+0.942
1665472620,+3.47,+16.274, +9.216,+0.941
1665472680,+3.47,+16.265, +9.146,+0.941
1665472740,+3.47,+16.256, +8.976,+0.941
1665472800,+3.47,+16.274, +9.096,+0.941
1665472860,+3.47,+16.274, +9.299,+0.941
1665472920,+3.47,+16.256, +9.419,+0.941
1665472980,+3.47,+16.265, +9.489,+0.942
1665473040,+3.47,+16.265, +9.573,+0.941
1665473100,+3.47,+16.248, +9.592,+0.942
1665473160,+3.47,+16.248, +9.506,+0.942
1665473220,+3.47,+16.265, +9.390,+0.941
1665473280,+3.47,+16.282, +9.223,+0.941
1665473340,+3.47,+16.256, +9.088,+0.941
1665473400,+3.47,+16.248, +8.977,+0.941
1665473460,+3.47,+16.274, +8.885,+0.941
1665473520,+3.47,+16.256, +8.846,+0.941
1665473580,+3.47,+16.265, +8.700,+0.941
1665473640,+3.47,+16.274, +8.738,+0.941
1665473700,+3.47,+16.256, +9.054,+0.941
1665473760,+3.47,+16.256, +9.943,+0.942
1665473820,+3.47,+16.265, +9.947,+0.941
1665473880,+3.47,+16.265, +9.917,+0.942
1665473940,+3.47,+16.274, +9.901,+0.942
1665474000,+3.47,+16.256, +9.890,+0.941
1665474060,+3.47,+16.265, +9.885,+0.942
1665474120,+3.47,+16.274, +9.836,+0.941
1665474180,+3.47,+16.274, +9.773,+0.941
1665474240,+3.47,+16.265, +9.667,+0.941
1665474300,+3.47,+16.265, +9.594,+0.941
1665474360,+3.47,+16.265, +9.624,+0.941
1665474420,+3.47,+16.256, +9.627,+0.941
1665474480,+3.47,+16.248, +9.621,+0.941
1665474540,+3.47,+16.248, +9.622,+0.941
1665474600,+3.47,+16.248, +9.687,+0.941
1665474660,+3.47,+16.248, +9.761,+0.942
1665474720,+3.47,+16.256, +9.823,+0.942
1665474780,+3.47,+16.248, +9.866,+0.941
1665474840,+3.47,+16.239, +9.903,+0.942
1665474900,+3.47,+16.256, +9.918,+0.942
1665474960,+3.47,+16.248, +9.919,+0.942
1665475020,+3.47,+16.256, +9.912,+0.942
1665475080,+3.47,+16.256, +9.880,+0.941
1665475140,+3.47,+16.256, +9.884,+0.942
1665475200,+3.47,+16.256, +9.889,+0.941
1665475260,+3.47,+16.248, +9.895,+0.942
1665475320,+3.47,+16.265, +9.876,+0.942
1665475380,+3.47,+16.256, +9.853,+0.942
1665475440,+3.47,+16.256, +9.828,+0.942
1665475500,+3.47,+16.256, +9.800,+0.941
1665475560,+3.47,+16.265, +9.791,+0.941
1665475620,+3.47,+16.265, +9.780,+0.941
1665475680,+3.47,+16.256, +9.695,+0.941
1665475740,+3.47,+16.274, +9.665,+0.941
1665475800,+3.47,+16.265, +9.663,+0.941
1665475860,+3.47,+16.274, +9.663,+0.941
1665475920,+3.47,+16.274, +9.670,+0.941
1665475980,+3.47,+16.265, +9.729,+0.942
1665476040,+3.47,+16.248, +9.742,+0.942
1665476100,+3.47,+16.239, +9.741,+0.941
1665476160,+3.47,+16.248, +9.741,+0.941
1665476220,+3.47,+16.256, +9.728,+0.941
1665476280,+3.47,+16.248, +9.746,+0.942
1665476340,+3.47,+16.265, +9.756,+0.941
1665476400,+3.47,+16.256, +9.737,+0.942
1665476460,+3.47,+16.265, +9.734,+0.942
1665476520,+3.47,+16.265, +9.704,+0.942
1665476580,+3.47,+16.265, +9.677,+0.942
1665476640,+3.47,+16.265, +9.680,+0.941
1665476700,+3.47,+16.256, +9.681,+0.942
1665476760,+3.47,+16.239, +9.682,+0.942
1665476820,+3.47,+16.248, +9.689,+0.942
1665476880,+3.47,+16.248, +9.651,+0.942
1665476940,+3.47,+16.248, +9.630,+0.941
1665477000,+3.47,+16.282, +9.620,+0.942
1665477060,+3.47,+16.256, +9.619,+0.942
1665477120,+3.47,+16.256, +9.639,+0.941
1665477180,+3.47,+16.256, +9.635,+0.942
1665477240,+3.47,+16.256, +9.574,+0.941
1665477300,+3.47,+16.231, +9.514,+0.941
1665477360,+3.47,+16.248, +9.542,+0.941
1665477420,+3.47,+16.239, +9.561,+0.941
1665477480,+3.47,+16.222, +9.599,+0.941
1665477540,+3.47,+16.197, +9.535,+0.942
1665477600,+3.47,+16.180, +9.531,+0.941
1665477660,+3.47,+16.214, +9.424,+0.942
1665477720,+3.47,+16.222, +9.225,+0.941
1665477780,+3.47,+16.231, +9.080,+0.941
1665477840,+3.47,+16.214, +8.967,+0.941
1665477900,+3.47,+16.205, +8.945,+0.941
1665477960,+3.47,+16.205, +8.961,+0.941
1665478020,+3.47,+16.214, +8.907,+0.941
1665478080,+3.47,+16.188, +9.022,+0.941
1665478140,+3.47,+16.188, +9.188,+0.941
1665478200,+3.47,+16.171, +9.330,+0.941
1665478260,+3.47,+16.180, +9.328,+0.941
1665478320,+3.47,+16.163, +9.333,+0.941
1665478380,+3.47,+16.129, +9.289,+0.941
1665478440,+3.47,+16.112, +9.348,+0.941
1665478500,+3.47,+16.112, +9.312,+0.941
1665478560,+3.47,+16.103, +9.078,+0.941
1665478620,+3.47,+16.112, +8.970,+0.941
1665478680,+3.47,+16.094, +9.090,+0.941
1665478740,+3.47,+16.086, +9.169,+0.941
1665478800,+3.47,+16.069, +9.233,+0.941
1665478860,+3.47,+16.060, +9.014,+0.941
1665478920,+3.47,+16.052, +9.141,+0.941
1665478980,+3.48,+16.018, +9.210,+0.941
1665479040,+3.48,+16.009, +9.187,+0.941
1665479100,+3.48,+16.026, +9.181,+0.941
1665479160,+3.48,+16.001, +9.247,+0.941
1665479220,+3.48,+15.992, +9.196,+0.941
1665479280,+3.48,+16.009, +9.207,+0.941
1665479340,+3.47,+15.975, +9.212,+0.941
1665479400,+3.48,+15.992, +9.128,+0.941
1665479460,+3.48,+15.966, +9.123,+0.941
1665479520,+3.48,+15.992, +9.125,+0.941
1665479580,+3.48,+15.975, +9.052,+0.941
1665479640,+3.48,+15.984, +9.058,+0.941
1665479700,+3.48,+15.966, +9.159,+0.941
1665479760,+3.48,+15.975, +9.163,+0.941
1665479820,+3.48,+15.966, +9.247,+0.941
1665479880,+3.48,+15.992, +9.251,+0.941
1665479940,+3.48,+15.992, +9.189,+0.941
1665480000,+3.48,+15.992, +9.133,+0.941
1665480060,+3.48,+15.975, +9.040,+0.941
1665480120,+3.48,+15.966, +9.042,+0.941
1665480180,+3.48,+15.975, +9.132,+0.941
1665480240,+3.48,+15.984, +9.108,+0.941
1665480300,+3.47,+15.966, +9.165,+0.941
1665480360,+3.47,+16.001, +9.170,+0.941
1665480420,+3.47,+16.009, +9.203,+0.941
1665480480,+3.48,+16.001, +9.241,+0.941
1665480540,+3.47,+16.009, +9.171,+0.941
1665480600,+3.47,+16.001, +9.189,+0.941
1665480660,+3.48,+16.009, +9.227,+0.941
1665480720,+3.47,+15.992, +9.195,+0.941
1665480780,+3.47,+15.992, +9.207,+0.941
1665480840,+3.48,+16.001, +9.126,+0.941
1665480900,+3.48,+16.009, +9.081,+0.941
1665480960,+3.47,+16.009, +9.135,+0.941
1665481020,+3.48,+16.009, +9.161,+0.941
1665481080,+3.47,+16.001, +9.079,+0.941
1665481140,+3.47,+16.009, +9.009,+0.941
1665481200,+3.48,+16.009, +8.962,+0.941
1665481260,+3.47,+16.001, +9.002,+0.941
1665481320,+3.47,+16.018, +9.046,+0.941
1665481380,+3.47,+16.018, +9.272,+0.941
1665481440,+3.47,+16.026, +9.197,+0.941
1665481500,+3.47,+16.018, +9.139,+0.941
1665481560,+3.47,+16.018, +9.206,+0.941
1665481620,+3.47,+16.009, +9.204,+0.941
1665481680,+3.48,+16.009, +9.125,+0.941
1665481740,+3.47,+15.992, +9.079,+0.941
1665481800,+3.47,+15.992, +9.201,+0.941
1665481860,+3.48,+15.992, +9.376,+0.941
1665481920,+3.48,+16.009, +9.384,+0.941
1665481980,+3.47,+15.984, +9.288,+0.941
1665482040,+3.48,+15.992, +9.198,+0.941
1665482100,+3.48,+15.975, +9.191,+0.941
1665482160,+3.48,+15.984, +9.173,+0.941
1665482220,+3.47,+15.984, +9.122,+0.941
1665482280,+3.47,+15.984, +9.243,+0.941
1665482340,+3.48,+15.992, +9.218,+0.941
1665482400,+3.48,+15.966, +9.424,+0.941
1665482460,+3.48,+15.975, +9.510,+0.941
1665482520,+3.48,+15.992, +9.561,+0.941
1665482580,+3.48,+15.984, +9.632,+0.941
1665482640,+3.48,+16.009, +9.695,+0.942
1665482700,+3.48,+16.001, +9.700,+0.942
1665482760,+3.47,+16.009, +9.672,+0.941
1665482820,+3.47,+16.026, +9.665,+0.942
1665482880,+3.47,+16.026, +9.643,+0.941
1665482940,+3.47,+16.035, +9.629,+0.941
1665483000,+3.48,+16.018, +9.663,+0.941
1665483060,+3.47,+16.026, +9.616,+0.942
1665483120,+3.47,+16.035, +9.634,+0.942
1665483180,+3.47,+16.026, +9.571,+0.941
1665483240,+3.47,+16.052, +9.589,+0.941
1665483300,+3.47,+16.043, +9.642,+0.942
1665483360,+3.47,+16.052, +9.641,+0.942
1665483420,+3.47,+16.060, +9.617,+0.941
1665483480,+3.47,+16.060, +9.668,+0.942
1665483540,+3.47,+16.060, +9.732,+0.942
1665483600,+3.47,+16.060, +9.715,+0.941
1665483660,+3.47,+16.060, +9.717,+0.942
1665483720,+3.47,+16.060, +9.695,+0.941
1665483780,+3.47,+16.052, +9.725,+0.941
1665483840,+3.47,+16.060, +9.773,+0.941
1665483900,+3.47,+16.043, +9.736,+0.942
1665483960,+3.47,+16.026, +9.742,+0.942
1665484020,+3.47,+16.052, +9.725,+0.942
1665484080,+3.47,+16.026, +9.708,+0.941
1665484140,+3.47,+16.035, +9.745,+0.942
1665484200,+3.47,+16.043, +9.728,+0.941
1665484260,+3.47,+16.035, +9.776,+0.942
1665484320,+3.47,+16.026, +9.728,+0.941
1665484380,+3.47,+16.035, +9.766,+0.942
1665484440,+3.47,+16.035, +9.769,+0.941
1665484500,+3.47,+16.043, +9.741,+0.942
1665484560,+3.47,+16.043, +9.732,+0.942
1665484620,+3.47,+16.035, +9.720,+0.941
1665484680,+3.47,+16.060, +9.726,+0.941
1665484740,+3.47,+16.035, +9.779,+0.942
1665484800,+3.47,+16.026, +9.799,+0.942
1665484860,+3.47,+16.018, +9.764,+0.941
1665484920,+3.47,+16.026, +9.633,+0.941
1665484980,+3.47,+16.009, +9.667,+0.941
1665485040,+3.47,+16.018, +9.577,+0.941
1665485100,+3.47,+16.026, +9.601,+0.942
1665485160,+3.47,+16.043, +9.450,+0.942
1665485220,+3.47,+16.043, +9.553,+0.941
1665485280,+3.47,+16.035, +9.609,+0.941
1665485340,+3.47,+16.035, +9.589,+0.942
1665485400,+3.47,+16.009, +9.492,+0.941
1665485460,+3.47,+16.052, +9.502,+0.941
1665485520,+3.47,+16.026, +9.503,+0.941
1665485580,+3.47,+16.043, +9.541,+0.942
1665485640,+3.47,+16.052, +9.608,+0.942
1665485700,+3.47,+16.052, +9.608,+0.942
1665485760,+3.47,+16.052, +9.708,+0.941
1665485820,+3.47,+16.043, +9.728,+0.941
1665485880,+3.47,+16.060, +9.678,+0.941
1665485940,+3.47,+16.009, +9.660,+0.941
1665486000,+3.47,+16.018, +9.704,+0.941
1665486060,+3.47,+16.043, +9.729,+0.942
1665486120,+3.47,+16.018, +9.773,+0.942
1665486180,+3.47,+16.026, +9.747,+0.941
1665486240,+3.47,+16.009, +9.731,+0.941
1665486300,+3.47,+16.018, +9.720,+0.941
1665486360,+3.47,+15.984, +9.717,+0.941
1665486420,+3.47,+16.001, +9.723,+0.942
1665486480,+3.47,+16.001, +9.737,+0.941
1665486540,+3.47,+16.001, +9.749,+0.941
1665486600,+3.47,+16.001, +9.765,+0.942
1665486660,+3.48,+16.009, +9.745,+0.941
1665486720,+3.47,+16.001, +9.753,+0.941
1665486780,+3.47,+16.001, +9.771,+0.942
1665486840,+3.47,+16.018, +9.774,+0.942
1665486900,+3.47,+16.009, +9.761,+0.942
1665486960,+3.47,+16.009, +9.766,+0.942
1665487020,+3.47,+16.009, +9.767,+0.941
1665487080,+3.48,+15.992, +9.812,+0.941
1665487140,+3.47,+15.984, +9.817,+0.942
1665487200,+3.47,+15.992, +9.827,+0.942
1665487260,+3.47,+15.984, +9.810,+0.942
1665487320,+3.47,+15.984, +9.795,+0.941
1665487380,+3.48,+16.001, +9.813,+0.942
1665487440,+3.47,+15.984, +9.838,+0.941
1665487500,+3.47,+15.984, +9.831,+0.941
1665487560,+3.48,+15.992, +9.835,+0.942
1665487620,+3.47,+15.966, +9.827,+0.942
1665487680,+3.47,+15.975, +9.822,+0.942
1665487740,+3.47,+16.009, +9.803,+0.942
1665487800,+3.47,+15.992, +9.742,+0.942
1665487860,+3.47,+15.992, +9.745,+0.942
1665487920,+3.47,+15.992, +9.722,+0.941
1665487980,+3.47,+16.001, +9.738,+0.942
1665488040,+3.47,+16.009, +9.727,+0.941
1665488100,+3.47,+16.009, +9.718,+0.941
1665488160,+3.47,+15.992, +9.695,+0.941
1665488220,+3.48,+15.992, +9.653,+0.941
1665488280,+3.47,+16.018, +9.640,+0.941
1665488340,+3.47,+16.026, +9.655,+0.941
1665488400,+3.48,+16.001, +9.687,+0.942
1665488460,+3.47,+16.018, +9.678,+0.942
1665488520,+3.47,+16.009, +9.642,+0.941
1665488580,+3.47,+16.018, +9.622,+0.942
1665488640,+3.47,+16.018, +9.571,+0.941
1665488700,+3.47,+16.009, +9.579,+0.941
1665488760,+3.47,+16.001, +9.581,+0.941
1665488820,+3.47,+16.001, +9.666,+0.941
1665488880,+3.47,+16.018, +9.722,+0.941
1665488940,+3.47,+15.984, +9.785,+0.941
1665489000,+3.47,+15.992, +9.780,+0.942
1665489060,+3.47,+16.001, +9.776,+0.941
1665489120,+3.47,+15.966, +9.808,+0.941
1665489180,+3.47,+15.975, +9.795,+0.942
1665489240,+3.47,+15.992, +9.821,+0.942
1665489300,+3.47,+15.984, +9.803,+0.942
1665489360,+3.47,+15.984, +9.784,+0.942
1665489420,+3.47,+15.984, +9.767,+0.941
1665489480,+3.47,+16.001, +9.749,+0.941
1665489540,+3.47,+16.001, +9.759,+0.941
1665489600,+3.47,+16.001, +9.774,+0.942
1665489660,+3.48,+16.001, +9.565,+0.942
1665489720,+3.47,+16.018, +9.670,+0.941
1665489780,+3.47,+16.009, +9.704,+0.941
1665489840,+3.47,+15.992, +9.763,+0.942
1665489900,+3.47,+16.001, +9.810,+0.942
1665489960,+3.47,+16.001, +9.809,+0.942
1665490020,+3.47,+15.992, +9.824,+0.941
1665490080,+3.47,+16.001, +9.871,+0.942
1665490140,+3.47,+16.018, +9.846,+0.942
1665490200,+3.47,+16.009, +9.814,+0.942
1665490260,+3.47,+16.018, +9.838,+0.942
1665490320,+3.47,+16.018, +9.800,+0.941
1665490380,+3.47,+16.009, +9.805,+0.942
1665490440,+3.47,+15.992, +9.860,+0.942
1665490500,+3.47,+15.966, +9.888,+0.942
1665490560,+3.47,+15.966, +9.873,+0.941
1665490620,+3.47,+15.975, +9.878,+0.942
1665490680,+3.47,+16.001, +9.825,+0.942
1665490740,+3.47,+16.018, +9.778,+0.941
1665490800,+3.47,+16.009, +9.769,+0.941
1665490860,+3.47,+15.992, +9.809,+0.941
1665490920,+3.47,+15.992, +9.833,+0.941
1665490980,+3.47,+16.009, +9.798,+0.942
1665491040,+3.47,+16.001, +9.792,+0.941
1665491100,+3.47,+15.984, +9.848,+0.942
1665491160,+3.47,+15.992, +9.847,+0.942
1665491220,+3.47,+15.984, +9.833,+0.941
1665491280,+3.47,+16.001, +9.813,+0.942
1665491340,+3.47,+16.001, +9.792,+0.941
1665491400,+3.47,+15.992, +9.789,+0.942
1665491460,+3.47,+15.992, +9.775,+0.942
1665491520,+3.47,+15.984, +9.762,+0.941
1665491580,+3.47,+15.984, +9.815,+0.941
1665491640,+3.47,+15.984, +9.809,+0.942
1665491700,+3.47,+15.984, +9.829,+0.942
1665491760,+3.47,+15.975, +9.833,+0.941
1665491820,+3.47,+15.966, +9.855,+0.941
1665491880,+3.47,+15.966, +9.864,+0.942
1665491940,+3.47,+15.984, +9.841,+0.942
1665492000,+3.47,+16.001, +9.841,+0.942
1665492060,+3.47,+16.001, +9.860,+0.941
1665492120,+3.47,+15.992, +9.875,+0.942
1665492180,+3.47,+16.026, +9.819,+0.942
1665492240,+3.47,+16.018, +9.829,+0.942
1665492300,+3.47,+16.052, +9.790,+0.941
1665492360,+3.47,+16.043, +9.807,+0.942
1665492420,+3.47,+16.035, +9.818,+0.941
1665492480,+3.47,+16.009, +9.842,+0.941
1665492540,+3.47,+15.975, +9.881,+0.942
1665492600,+3.47,+15.984, +9.896,+0.942
1665492660,+3.47,+16.018, +9.861,+0.942
1665492720,+3.47,+16.026, +9.805,+0.942
1665492780,+3.47,+15.992, +9.843,+0.942
1665492840,+3.47,+16.001, +9.839,+0.941
1665492900,+3.47,+15.984, +9.864,+0.942
1665492960,+3.47,+15.966, +9.851,+0.942
1665493020,+3.47,+15.966, +9.875,+0.942
1665493080,+3.47,+15.984, +9.869,+0.941
1665493140,+3.47,+15.966, +9.853,+0.941
1665493200,+3.47,+15.975, +9.837,+0.942
1665493260,+3.47,+16.026, +9.803,+0.942
1665493320,+3.47,+16.018, +9.805,+0.941
1665493380,+3.47,+16.009, +9.837,+0.942
1665493440,+3.47,+15.992, +9.850,+0.942
1665493500,+3.47,+15.992, +9.871,+0.941
1665493560,+3.47,+15.992, +9.882,+0.942
1665493620,+3.47,+16.018, +9.843,+0.941
1665493680,+3.47,+16.018, +9.836,+0.941
1665493740,+3.47,+15.992, +9.899,+0.942
1665493800,+3.47,+15.992, +9.892,+0.942
1665493860,+3.47,+15.975, +9.900,+0.942
1665493920,+3.47,+16.009, +9.861,+0.942
1665493980,+3.47,+16.035, +9.813,+0.942
1665494040,+3.47,+16.077, +9.805,+0.942
1665494100,+3.47,+16.035, +9.811,+0.941
1665494160,+3.47,+16.052, +9.819,+0.941
1665494220,+3.47,+16.026, +9.837,+0.942
1665494280,+3.47,+16.018, +9.861,+0.942
1665494340,+3.47,+16.009, +9.878,+0.942
1665494400,+3.47,+16.018, +9.867,+0.941
1665494460,+3.47,+16.009, +9.887,+0.942
1665494520,+3.47,+16.001, +9.891,+0.942
1665494580,+3.47,+16.009, +9.907,+0.942
1665494640,+3.47,+15.966, +9.913,+0.941
1665494700,+3.47,+15.975, +9.927,+0.942
1665494760,+3.47,+15.975, +9.920,+0.942
1665494820,+3.47,+16.001, +9.912,+0.942
1665494880,+3.47,+16.001, +9.918,+0.942
1665494940,+3.47,+15.992, +9.935,+0.942
1665495000,+3.47,+16.018, +9.920,+0.942
1665495060,+3.47,+15.992, +9.910,+0.941
1665495120,+3.47,+15.975, +9.938,+0.942
1665495180,+3.47,+15.984, +9.945,+0.942
1665495240,+3.47,+15.975, +9.923,+0.941
1665495300,+3.47,+15.975, +9.941,+0.942
1665495360,+3.47,+15.949, +9.929,+0.942
1665495420,+3.47,+15.958, +9.915,+0.942
1665495480,+3.47,+15.915, +9.903,+0.941
1665495540,+3.47,+15.898, +9.899,+0.941
1665495600,+3.47,+15.872, +9.916,+0.942
1665495660,+3.47,+15.898, +9.942,+0.942
1665495720,+3.47,+15.872, +9.937,+0.942
1665495780,+3.47,+15.881, +9.932,+0.942
1665495840,+3.47,+15.890, +9.938,+0.941
1665495900,+3.47,+15.864, +9.927,+0.941
1665495960,+3.47,+15.830, +9.952,+0.942
1665496020,+3.47,+15.830, +9.914,+0.942
1665496080,+3.47,+15.804, +9.917,+0.942
1665496140,+3.47,+15.778, +9.940,+0.942
1665496200,+3.47,+15.821, +9.928,+0.941
1665496260,+3.47,+15.787, +9.935,+0.942
1665496320,+3.47,+15.787, +9.964,+0.942
1665496380,+3.47,+15.813, +9.981,+0.942
1665496440,+3.47,+15.813, +9.977,+0.941
1665496500,+3.47,+15.838, +9.970,+0.942
1665496560,+3.47,+15.864, +9.997,+0.942
1665496620,+3.47,+15.855,+10.016,+0.942
1665496680,+3.47,+15.838,+10.005,+0.942
1665496740,+3.47,+15.847, +9.985,+0.942
1665496800,+3.47,+15.838, +9.989,+0.941
1665496860,+3.47,+15.838,+10.007,+0.942
1665496920,+3.47,+15.847,+10.033,+0.942
1665496980,+3.47,+15.881,+10.037,+0.942
1665497040,+3.47,+15.872,+10.046,+0.942
1665497100,+3.47,+15.872,+10.059,+0.942
1665497160,+3.47,+15.864,+10.051,+0.942
1665497220,+3.47,+15.864,+10.066,+0.942
1665497280,+3.47,+15.864,+10.054,+0.942
1665497340,+3.47,+15.872,+10.063,+0.942
1665497400,+3.47,+15.898,+10.061,+0.942
1665497460,+3.47,+15.890,+10.062,+0.942
1665497520,+3.47,+15.898,+10.067,+0.942
1665497580,+3.47,+15.898,+10.064,+0.942
1665497640,+3.47,+15.915,+10.063,+0.942
1665497700,+3.47,+15.915,+10.070,+0.941
1665497760,+3.47,+15.915,+10.091,+0.941
1665497820,+3.47,+15.941,+10.084,+0.942
1665497880,+3.47,+15.949,+10.025,+0.942
1665497940,+3.47,+15.941, +9.994,+0.942
1665498000,+3.47,+15.949, +9.994,+0.942
1665498060,+3.47,+15.941, +9.996,+0.942
1665498120,+3.47,+15.958, +9.969,+0.941
1665498180,+3.47,+15.949, +9.923,+0.941
1665498240,+3.47,+15.958, +9.895,+0.942
1665498300,+3.47,+15.958, +9.886,+0.941
1665498360,+3.47,+15.949, +9.882,+0.942
1665498420,+3.47,+15.941, +9.885,+0.941
1665498480,+3.47,+15.958, +9.882,+0.942
1665498540,+3.47,+15.958, +9.886,+0.942
1665498600,+3.47,+15.958, +9.867,+0.942
1665498660,+3.47,+15.958, +9.867,+0.942
1665498720,+3.47,+15.958, +9.893,+0.942
1665498780,+3.47,+15.949, +9.915,+0.942
1665498840,+3.47,+15.958, +9.919,+0.942
1665498900,+3.47,+15.958, +9.915,+0.942
1665498960,+3.47,+15.975, +9.915,+0.942
1665499020,+3.47,+15.992, +9.930,+0.942
1665499080,+3.47,+15.984,+10.045,+0.942
1665499140,+3.47,+16.001,+10.079,+0.942
1665499200,+3.47,+16.001,+10.012,+0.941
1665499260,+3.47,+15.992,+10.032,+0.942
1665499320,+3.47,+16.035,+10.033,+0.942
1665499380,+3.47,+16.043,+10.059,+0.942
1665499440,+3.47,+16.043,+10.062,+0.942
1665499500,+3.47,+16.026,+10.062,+0.942
1665499560,+3.47,+16.026,+10.055,+0.942
1665499620,+3.47,+16.043,+10.043,+0.941
1665499680,+3.47,+16.043,+10.064,+0.942
1665499740,+3.47,+16.052,+10.064,+0.942
1665499800,+3.47,+16.060,+10.054,+0.942
1665499860,+3.47,+16.069,+10.027,+0.942
1665499920,+3.47,+16.077,+10.013,+0.942
1665499980,+3.47,+16.069,+10.008,+0.942
1665500040,+3.47,+16.069, +9.987,+0.942
1665500100,+3.47,+16.086, +9.989,+0.942
1665500160,+3.47,+16.069, +9.985,+0.942
1665500220,+3.47,+16.077, +9.948,+0.941
1665500280,+3.47,+16.086, +9.908,+0.941
1665500340,+3.47,+16.094, +9.904,+0.942
1665500400,+3.47,+16.103, +9.893,+0.942
1665500460,+3.47,+16.120, +9.845,+0.942
1665500520,+3.47,+16.103, +9.884,+0.942
1665500580,+3.47,+16.112, +9.897,+0.942
1665500640,+3.47,+16.137, +9.843,+0.942
1665500700,+3.47,+16.120, +9.797,+0.941
1665500760,+3.47,+16.154, +9.733,+0.942
1665500820,+3.47,+16.205, +9.672,+0.942
1665500880,+3.47,+16.222, +9.663,+0.942
1665500940,+3.47,+16.222, +9.652,+0.941
1665501000,+3.47,+16.222, +9.663,+0.941
1665501060,+3.47,+16.231, +9.672,+0.942
1665501120,+3.47,+16.222, +9.726,+0.941
1665501180,+3.47,+16.188, +9.783,+0.941
1665501240,+3.47,+16.188, +9.848,+0.942
1665501300,+3.47,+16.163, +9.875,+0.941
1665501360,+3.47,+16.137, +9.926,+0.942
1665501420,+3.47,+16.137, +9.954,+0.942
1665501480,+3.47,+16.146, +9.973,+0.941
1665501540,+3.47,+16.146, +9.988,+0.942
1665501600,+3.47,+16.154, +9.999,+0.942
1665501660,+3.47,+16.137,+10.007,+0.942
1665501720,+3.47,+16.146, +9.972,+0.942
1665501780,+3.47,+16.154, +9.972,+0.941
1665501840,+3.47,+16.154,+10.016,+0.942
1665501900,+3.47,+16.163,+10.027,+0.942
1665501960,+3.47,+16.154,+10.037,+0.942
1665502020,+3.47,+16.154,+10.023,+0.942
1665502080,+3.47,+16.163,+10.019,+0.942
1665502140,+3.47,+16.154, +9.994,+0.941
1665502200,+3.47,+16.154, +9.992,+0.942
1665502260,+3.47,+16.197, +9.925,+0.942
1665502320,+3.47,+16.163, +9.912,+0.942
1665502380,+3.47,+16.171, +9.936,+0.941
1665502440,+3.47,+16.205, +9.955,+0.942
1665502500,+3.47,+16.180, +9.978,+0.942
1665502560,+3.47,+16.171,+10.041,+0.942
1665502620,+3.47,+16.171,+10.075,+0.942
1665502680,+3.47,+16.188,+10.110,+0.942
1665502740,+3.47,+16.188,+10.128,+0.942
1665502800,+3.47,+16.205,+10.166,+0.942
1665502860,+3.47,+16.197,+10.141,+0.942
1665502920,+3.47,+16.205,+10.144,+0.942
1665502980,+3.47,+16.214,+10.172,+0.942
1665503040,+3.47,+16.231,+10.157,+0.942
1665503100,+3.47,+16.239,+10.123,+0.942
1665503160,+3.47,+16.231,+10.163,+0.942
1665503220,+3.47,+16.239,+10.158,+0.942
1665503280,+3.47,+16.248,+10.178,+0.942
1665503340,+3.47,+16.265,+10.148,+0.942
1665503400,+3.47,+16.265,+10.119,+0.942
1665503460,+3.47,+16.291,+10.132,+0.942
1665503520,+3.47,+16.274,+10.139,+0.942
1665503580,+3.47,+16.274,+10.139,+0.941
1665503640,+3.47,+16.274,+10.171,+0.942
1665503700,+3.47,+16.308,+10.132,+0.942
1665503760,+3.47,+16.299,+10.246,+0.942
1665503820,+3.47,+16.308,+10.128,+0.942
1665503880,+3.47,+16.316,+10.250,+0.942
1665503940,+3.47,+16.299,+10.240,+0.942
1665504000,+3.47,+16.316,+10.198,+0.942
1665504060,+3.47,+16.308,+10.362,+0.942
1665504120,+3.47,+16.308,+10.339,+0.942
1665504180,+3.47,+16.308,+10.351,+0.942
1665504240,+3.47,+16.316,+10.399,+0.942
1665504300,+3.47,+16.299,+10.439,+0.942
1665504360,+3.47,+16.291,+10.413,+0.942
1665504420,+3.47,+16.308,+10.387,+0.942
1665504480,+3.47,+16.274,+10.470,+0.942
1665504540,+3.47,+16.274,+10.520,+0.942
1665504600,+3.47,+16.239,+10.563,+0.942
1665504660,+3.47,+16.239,+10.561,+0.942
1665504720,+3.47,+16.214,+10.614,+0.942
1665504780,+3.47,+16.222,+10.606,+0.942
1665504840,+3.47,+16.214,+10.604,+0.942
1665504900,+3.47,+16.222,+10.605,+0.942
1665504960,+3.47,+16.222,+10.651,+0.943
1665505020,+3.47,+16.231,+10.621,+0.942
1665505080,+3.47,+16.239,+10.603,+0.942
1665505140,+3.47,+16.256,+10.492,+0.942
1665505200,+3.47,+16.248,+10.530,+0.942
1665505260,+3.47,+16.282,+10.510,+0.942
1665505320,+3.47,+16.299,+10.457,+0.942
1665505380,+3.47,+16.325,+10.406,+0.942
1665505440,+3.47,+16.316,+10.520,+0.942
1665505500,+3.47,+16.350,+10.452,+0.942
1665505560,+3.47,+16.359,+10.445,+0.942
1665505620,+3.47,+16.376,+10.409,+0.942
1665505680,+3.47,+16.393,+10.331,+0.942
1665505740,+3.47,+16.427,+10.273,+0.942
1665505800,+3.47,+16.410,+10.274,+0.942
1665505860,+3.47,+16.401,+10.258,+0.942
1665505920,+3.47,+16.410,+10.199,+0.942
1665505980,+3.47,+16.401,+10.217,+0.942
1665506040,+3.47,+16.418,+10.173,+0.942
1665506100,+3.47,+16.418,+10.133,+0.942
1665506160,+3.47,+16.435,+10.110,+0.942
1665506220,+3.47,+16.444,+10.210,+0.942
1665506280,+3.47,+16.469,+10.210,+0.942
1665506340,+3.47,+16.478,+10.151,+0.941
1665506400,+3.47,+16.461,+10.158,+0.942
1665506460,+3.47,+16.444,+10.246,+0.942
1665506520,+3.47,+16.444,+10.234,+0.942
1665506580,+3.47,+16.452,+10.167,+0.942
1665506640,+3.47,+16.461,+10.150,+0.942
1665506700,+3.47,+16.452,+10.162,+0.942
1665506760,+3.47,+16.427,+10.161,+0.942
1665506820,+3.47,+16.418,+10.133,+0.942
1665506880,+3.47,+16.418,+10.130,+0.942
1665506940,+3.47,+16.427,+10.118,+0.942
1665507000,+3.47,+16.410,+10.042,+0.941
