7450-364333
OS REV: 1.05 Sensor Cal: 1644948279
Time (sec),  BV (Volts),  T (deg C),  DO (mg/l),  Q ()
1665939060,+3.48,+17.369, +9.599,+0.940
1665939120,+3.48,+17.386, +9.674,+0.941
1665939180,+3.48,+17.369, +9.649,+0.941
1665939240,+3.48,+17.360, +9.644,+0.941
1665939300,+3.48,+17.377, +9.642,+0.941
1665939360,+3.48,+17.369, +9.624,+0.941
1665939420,+3.48,+17.377, +9.582,+0.941
1665939480,+3.48,+17.369, +9.552,+0.941
1665939540,+3.48,+17.403, +9.526,+0.941
1665939600,+3.48,+17.394, +9.497,+0.941
1665939660,+3.48,+17.386, +9.516,+0.941
1665939720,+3.48,+17.377, +9.546,+0.941
1665939780,+3.48,+17.377, +9.525,+0.941
1665939840,+3.48,+17.394, +9.478,+0.941
1665939900,+3.48,+17.386, +9.466,+0.941
1665939960,+3.48,+17.403, +9.468,+0.940
1665940020,+3.48,+17.377, +9.555,+0.941
1665940080,+3.48,+17.386, +9.505,+0.941
1665940140,+3.48,+17.377, +9.473,+0.941
1665940200,+3.48,+17.377, +9.563,+0.941
1665940260,+3.48,+17.386, +9.590,+0.941
1665940320,+3.48,+17.377, +9.549,+0.941
1665940380,+3.48,+17.377, +9.484,+0.941
1665940440,+3.48,+17.369, +9.532,+0.941
1665940500,+3.48,+17.386, +9.627,+0.941
1665940560,+3.48,+17.403, +9.524,+0.941
1665940620,+3.48,+17.386, +9.458,+0.940
1665940680,+3.48,+17.386, +9.585,+0.941
1665940740,+3.48,+17.403, +9.861,+0.941
1665940800,+3.48,+17.394, +9.889,+0.941
1665940860,+3.48,+17.394, +9.847,+0.941
1665940920,+3.48,+17.403, +9.800,+0.941
1665940980,+3.48,+17.411, +9.712,+0.941
1665941040,+3.48,+17.394, +9.660,+0.941
1665941100,+3.48,+17.420, +9.635,+0.940
1665941160,+3.48,+17.403, +9.720,+0.941
1665941220,+3.48,+17.420, +9.679,+0.941
1665941280,+3.48,+17.428, +9.600,+0.941
1665941340,+3.48,+17.428, +9.607,+0.941
1665941400,+3.48,+17.445, +9.581,+0.941
1665941460,+3.48,+17.428, +9.583,+0.941
1665941520,+3.48,+17.420, +9.567,+0.941
1665941580,+3.48,+17.445, +9.562,+0.941
1665941640,+3.48,+17.436, +9.592,+0.941
1665941700,+3.48,+17.436, +9.643,+0.941
1665941760,+3.48,+17.428, +9.732,+0.941
1665941820,+3.48,+17.445, +9.717,+0.941
1665941880,+3.48,+17.428, +9.786,+0.941
1665941940,+3.47,+17.445, +9.821,+0.941
1665942000,+3.48,+17.445, +9.918,+0.941
1665942060,+3.48,+17.462, +9.994,+0.941
1665942120,+3.47,+17.487,+10.050,+0.941
1665942180,+3.47,+17.504,+10.078,+0.941
1665942240,+3.47,+17.504, +9.940,+0.941
1665942300,+3.47,+17.487,+10.019,+0.941
1665942360,+3.47,+17.496,+10.028,+0.941
1665942420,+3.47,+17.521,+10.062,+0.941
1665942480,+3.47,+17.529,+10.104,+0.941
1665942540,+3.47,+17.538,+10.065,+0.941
1665942600,+3.47,+17.597,+10.207,+0.942
1665942660,+3.47,+17.648,+10.155,+0.941
1665942720,+3.47,+17.639,+10.149,+0.942
1665942780,+3.47,+17.673,+10.252,+0.942
1665942840,+3.47,+17.715,+10.235,+0.941
1665942900,+3.47,+17.741,+10.257,+0.942
1665942960,+3.47,+17.732,+10.204,+0.941
1665943020,+3.47,+17.715,+10.161,+0.941
1665943080,+3.47,+17.783,+10.424,+0.942
1665943140,+3.47,+17.876,+10.582,+0.942
1665943200,+3.48,+17.969,+10.659,+0.942
1665943260,+3.48,+17.901,+10.288,+0.941
1665943320,+3.47,+17.867,+10.288,+0.942
1665943380,+3.47,+17.834,+10.453,+0.942
1665943440,+3.48,+17.876,+10.353,+0.942
1665943500,+3.48,+17.943,+10.692,+0.942
1665943560,+3.48,+18.002,+10.629,+0.942
1665943620,+3.48,+18.036,+10.649,+0.942
1665943680,+3.48,+18.053,+10.721,+0.943
1665943740,+3.48,+18.137,+10.872,+0.943
1665943800,+3.48,+18.196,+10.921,+0.942
1665943860,+3.48,+18.272,+10.820,+0.942
1665943920,+3.48,+18.331,+10.892,+0.943
1665943980,+3.48,+18.399,+10.990,+0.943
1665944040,+3.48,+18.415,+10.949,+0.942
1665944100,+3.47,+18.457,+10.901,+0.942
1665944160,+3.47,+18.432,+10.813,+0.942
1665944220,+3.48,+18.365,+10.514,+0.942
1665944280,+3.48,+18.331,+10.421,+0.942
1665944340,+3.48,+18.264,+10.380,+0.942
1665944400,+3.48,+18.213,+10.403,+0.942
1665944460,+3.48,+18.222,+10.418,+0.942
1665944520,+3.48,+18.213,+10.374,+0.941
1665944580,+3.48,+18.222,+10.344,+0.941
1665944640,+3.48,+18.196,+10.348,+0.942
1665944700,+3.48,+18.205,+10.338,+0.941
1665944760,+3.48,+18.188,+10.336,+0.942
1665944820,+3.48,+18.188,+10.365,+0.942
1665944880,+3.48,+18.188,+10.368,+0.942
1665944940,+3.48,+18.188,+10.379,+0.942
1665945000,+3.48,+18.196,+10.342,+0.942
1665945060,+3.48,+18.171,+10.334,+0.942
1665945120,+3.48,+18.179,+10.341,+0.942
1665945180,+3.48,+18.196,+10.350,+0.942
1665945240,+3.48,+18.196,+10.367,+0.942
1665945300,+3.48,+18.188,+10.399,+0.942
1665945360,+3.48,+18.179,+10.353,+0.941
1665945420,+3.48,+18.171,+10.338,+0.942
1665945480,+3.48,+18.163,+10.328,+0.941
1665945540,+3.48,+18.163,+10.347,+0.942
1665945600,+3.48,+18.163,+10.338,+0.942
1665945660,+3.48,+18.154,+10.302,+0.942
1665945720,+3.48,+18.146,+10.304,+0.942
1665945780,+3.48,+18.163,+10.306,+0.941
1665945840,+3.48,+18.137,+10.338,+0.942
1665945900,+3.48,+18.154,+10.320,+0.942
1665945960,+3.48,+18.129,+10.315,+0.942
1665946020,+3.48,+18.154,+10.330,+0.942
1665946080,+3.48,+18.137,+10.304,+0.941
1665946140,+3.48,+18.120,+10.302,+0.941
1665946200,+3.48,+18.129,+10.303,+0.941
1665946260,+3.48,+18.137,+10.319,+0.942
1665946320,+3.48,+18.129,+10.347,+0.942
1665946380,+3.48,+18.129,+10.328,+0.941
1665946440,+3.48,+18.137,+10.359,+0.942
1665946500,+3.48,+18.137,+10.347,+0.942
1665946560,+3.48,+18.129,+10.333,+0.942
1665946620,+3.48,+18.129,+10.331,+0.942
1665946680,+3.48,+18.120,+10.316,+0.942
1665946740,+3.48,+18.112,+10.312,+0.941
1665946800,+3.48,+18.112,+10.301,+0.942
1665946860,+3.48,+18.078,+10.289,+0.942
1665946920,+3.48,+18.078,+10.275,+0.942
1665946980,+3.48,+18.045,+10.272,+0.941
1665947040,+3.48,+18.070,+10.278,+0.941
1665947100,+3.48,+18.061,+10.280,+0.942
1665947160,+3.48,+18.070,+10.299,+0.942
1665947220,+3.48,+18.070,+10.312,+0.942
1665947280,+3.48,+18.070,+10.338,+0.942
1665947340,+3.48,+18.061,+10.330,+0.942
1665947400,+3.48,+18.061,+10.339,+0.942
1665947460,+3.48,+18.070,+10.338,+0.942
1665947520,+3.48,+18.078,+10.323,+0.941
1665947580,+3.48,+18.095,+10.303,+0.941
1665947640,+3.48,+18.070,+10.324,+0.942
1665947700,+3.48,+18.053,+10.310,+0.942
1665947760,+3.48,+18.070,+10.310,+0.942
1665947820,+3.48,+18.061,+10.316,+0.942
1665947880,+3.48,+18.070,+10.340,+0.942
1665947940,+3.48,+18.028,+10.323,+0.941
1665948000,+3.48,+18.036,+10.334,+0.942
1665948060,+3.48,+18.028,+10.345,+0.942
1665948120,+3.48,+18.028,+10.330,+0.941
1665948180,+3.48,+18.011,+10.351,+0.942
1665948240,+3.48,+18.019,+10.334,+0.941
1665948300,+3.48,+18.011,+10.345,+0.941
1665948360,+3.48,+18.002,+10.371,+0.942
1665948420,+3.48,+18.011,+10.379,+0.941
1665948480,+3.48,+18.019,+10.355,+0.942
1665948540,+3.48,+17.986,+10.345,+0.941
1665948600,+3.48,+17.977,+10.407,+0.942
1665948660,+3.48,+17.994,+10.391,+0.942
1665948720,+3.48,+17.994,+10.365,+0.942
1665948780,+3.48,+18.002,+10.469,+0.942
1665948840,+3.48,+18.011,+10.474,+0.942
1665948900,+3.48,+18.011,+10.414,+0.942
1665948960,+3.48,+18.019,+10.384,+0.942
1665949020,+3.48,+18.019,+10.411,+0.942
1665949080,+3.48,+18.028,+10.416,+0.942
1665949140,+3.48,+18.036,+10.471,+0.942
1665949200,+3.48,+18.045,+10.545,+0.942
1665949260,+3.48,+18.045,+10.533,+0.942
1665949320,+3.48,+18.045,+10.387,+0.942
1665949380,+3.48,+18.019,+10.397,+0.942
1665949440,+3.48,+18.045,+10.476,+0.942
1665949500,+3.48,+18.070,+10.482,+0.942
1665949560,+3.48,+18.053,+10.496,+0.942
1665949620,+3.48,+18.112,+10.567,+0.942
1665949680,+3.48,+18.120,+10.606,+0.942
1665949740,+3.48,+18.112,+10.517,+0.942
1665949800,+3.48,+18.120,+10.432,+0.942
1665949860,+3.48,+18.095,+10.408,+0.941
1665949920,+3.48,+18.112,+10.533,+0.942
1665949980,+3.48,+18.112,+10.528,+0.942
1665950040,+3.48,+18.120,+10.430,+0.942
1665950100,+3.48,+18.095,+10.383,+0.941
1665950160,+3.48,+18.087,+10.387,+0.941
1665950220,+3.48,+18.104,+10.400,+0.942
1665950280,+3.48,+18.087,+10.469,+0.941
1665950340,+3.48,+18.137,+10.473,+0.942
1665950400,+3.48,+18.137,+10.467,+0.942
1665950460,+3.48,+18.120,+10.433,+0.941
1665950520,+3.48,+18.129,+10.386,+0.942
1665950580,+3.48,+18.120,+10.388,+0.942
1665950640,+3.48,+18.120,+10.414,+0.942
1665950700,+3.48,+18.129,+10.477,+0.942
1665950760,+3.48,+18.137,+10.459,+0.942
1665950820,+3.48,+18.104,+10.429,+0.942
1665950880,+3.48,+18.120,+10.413,+0.942
1665950940,+3.48,+18.104,+10.405,+0.942
1665951000,+3.48,+18.104,+10.466,+0.942
1665951060,+3.48,+18.146,+10.400,+0.942
1665951120,+3.48,+18.120,+10.424,+0.942
1665951180,+3.48,+18.137,+10.511,+0.942
1665951240,+3.48,+18.146,+10.422,+0.941
1665951300,+3.48,+18.120,+10.407,+0.942
1665951360,+3.48,+18.112,+10.432,+0.942
1665951420,+3.48,+18.061,+10.269,+0.941
1665951480,+3.48,+18.061,+10.300,+0.941
1665951540,+3.48,+18.045,+10.415,+0.942
1665951600,+3.48,+18.061,+10.393,+0.941
1665951660,+3.48,+18.019,+10.003,+0.941
1665951720,+3.48,+17.943, +9.761,+0.941
1665951780,+3.48,+17.884, +9.515,+0.940
1665951840,+3.47,+17.851, +9.526,+0.941
1665951900,+3.47,+17.842, +9.627,+0.941
1665951960,+3.47,+17.851, +9.628,+0.941
1665952020,+3.48,+17.867, +9.980,+0.941
1665952080,+3.47,+17.859, +9.754,+0.941
1665952140,+3.47,+17.817, +9.604,+0.941
1665952200,+3.47,+17.825, +9.838,+0.941
1665952260,+3.47,+17.817, +9.640,+0.941
1665952320,+3.47,+17.817, +9.785,+0.941
1665952380,+3.47,+17.842, +9.814,+0.941
1665952440,+3.47,+17.825, +9.638,+0.941
1665952500,+3.47,+17.817, +9.618,+0.941
1665952560,+3.47,+17.851, +9.731,+0.941
1665952620,+3.47,+17.817, +9.550,+0.940
1665952680,+3.47,+17.825, +9.784,+0.941
1665952740,+3.48,+17.859,+10.204,+0.942
1665952800,+3.48,+17.893,+10.271,+0.942
1665952860,+3.48,+17.969,+10.477,+0.942
1665952920,+3.48,+18.019,+10.573,+0.941
1665952980,+3.48,+18.078,+10.568,+0.942
1665953040,+3.48,+18.104,+10.545,+0.942
1665953100,+3.48,+18.095,+10.514,+0.942
1665953160,+3.48,+18.129,+10.523,+0.942
1665953220,+3.48,+18.112,+10.540,+0.942
1665953280,+3.48,+18.129,+10.521,+0.941
1665953340,+3.48,+18.146,+10.511,+0.942
1665953400,+3.48,+18.137,+10.541,+0.942
1665953460,+3.48,+18.129,+10.508,+0.942
1665953520,+3.48,+18.137,+10.504,+0.941
1665953580,+3.48,+18.129,+10.544,+0.942
1665953640,+3.48,+18.137,+10.504,+0.942
1665953700,+3.48,+18.137,+10.572,+0.942
1665953760,+3.48,+18.112,+10.066,+0.941
1665953820,+3.48,+18.019, +9.760,+0.941
1665953880,+3.48,+17.943, +9.537,+0.941
1665953940,+3.48,+17.893, +9.558,+0.941
1665954000,+3.48,+17.859, +9.528,+0.941
1665954060,+3.47,+17.834, +9.521,+0.941
1665954120,+3.47,+17.842, +9.756,+0.941
1665954180,+3.48,+17.910,+10.127,+0.941
1665954240,+3.48,+17.986,+10.527,+0.942
1665954300,+3.48,+17.935, +9.826,+0.941
1665954360,+3.48,+17.859, +9.611,+0.941
1665954420,+3.47,+17.834, +9.611,+0.941
1665954480,+3.47,+17.842, +9.775,+0.941
1665954540,+3.47,+17.859, +9.813,+0.941
1665954600,+3.47,+17.842, +9.792,+0.941
1665954660,+3.47,+17.842, +9.775,+0.941
1665954720,+3.47,+17.851,+10.040,+0.941
1665954780,+3.48,+18.011,+11.005,+0.943
1665954840,+3.48,+18.036,+10.808,+0.942
1665954900,+3.48,+18.053,+10.876,+0.942
1665954960,+3.48,+18.070,+10.574,+0.942
1665955020,+3.48,+18.036,+10.368,+0.942
1665955080,+3.48,+18.002,+10.144,+0.941
1665955140,+3.48,+17.960, +9.843,+0.941
1665955200,+3.48,+17.926, +9.967,+0.941
1665955260,+3.48,+17.952,+10.129,+0.942
1665955320,+3.48,+17.918, +9.894,+0.941
1665955380,+3.48,+17.901,+10.217,+0.942
1665955440,+3.48,+17.969,+10.372,+0.942
1665955500,+3.48,+17.977,+10.254,+0.942
1665955560,+3.48,+17.969,+10.295,+0.942
1665955620,+3.48,+17.901, +9.750,+0.941
1665955680,+3.48,+17.851, +9.984,+0.942
1665955740,+3.48,+17.960,+10.702,+0.942
1665955800,+3.48,+17.977,+10.488,+0.942
1665955860,+3.48,+17.977,+10.342,+0.942
1665955920,+3.48,+17.969,+10.547,+0.942
1665955980,+3.48,+17.994,+10.530,+0.942
1665956040,+3.48,+17.935,+10.033,+0.941
1665956100,+3.47,+17.851, +9.663,+0.941
1665956160,+3.47,+17.800, +9.704,+0.941
1665956220,+3.47,+17.834, +9.922,+0.941
1665956280,+3.48,+17.918,+10.222,+0.941
1665956340,+3.48,+17.926,+10.320,+0.942
1665956400,+3.48,+17.935,+10.275,+0.942
1665956460,+3.48,+17.918,+10.205,+0.942
1665956520,+3.48,+17.918,+10.066,+0.941
1665956580,+3.48,+17.918,+10.028,+0.941
1665956640,+3.48,+17.901,+10.045,+0.941
1665956700,+3.48,+17.918, +9.994,+0.941
1665956760,+3.48,+17.901, +9.840,+0.941
1665956820,+3.48,+17.884, +9.924,+0.941
1665956880,+3.48,+17.876,+10.074,+0.941
1665956940,+3.48,+17.876, +9.993,+0.941
1665957000,+3.48,+17.867, +9.924,+0.941
1665957060,+3.48,+17.884,+10.004,+0.941
1665957120,+3.48,+17.893,+10.300,+0.942
1665957180,+3.48,+17.935,+10.267,+0.941
1665957240,+3.48,+17.859, +9.896,+0.941
1665957300,+3.48,+17.851,+10.087,+0.942
1665957360,+3.48,+17.859,+10.005,+0.941
1665957420,+3.47,+17.817, +9.889,+0.941
1665957480,+3.47,+17.775, +9.824,+0.941
1665957540,+3.47,+17.758, +9.803,+0.941
1665957600,+3.47,+17.758, +9.803,+0.941
1665957660,+3.47,+17.766, +9.810,+0.941
1665957720,+3.47,+17.749, +9.785,+0.941
1665957780,+3.47,+17.749, +9.765,+0.941
1665957840,+3.47,+17.783, +9.762,+0.941
1665957900,+3.47,+17.783, +9.728,+0.941
1665957960,+3.47,+17.775, +9.659,+0.941
1665958020,+3.47,+17.758, +9.626,+0.941
1665958080,+3.47,+17.766, +9.624,+0.940
1665958140,+3.47,+17.749, +9.581,+0.941
1665958200,+3.47,+17.732, +9.561,+0.941
1665958260,+3.47,+17.741, +9.542,+0.941
1665958320,+3.47,+17.766, +9.566,+0.941
1665958380,+3.47,+17.783, +9.744,+0.941
1665958440,+3.47,+17.808, +9.799,+0.942
1665958500,+3.47,+17.808, +9.721,+0.941
1665958560,+3.47,+17.808, +9.665,+0.941
1665958620,+3.47,+17.783, +9.672,+0.941
1665958680,+3.47,+17.783, +9.708,+0.941
1665958740,+3.47,+17.800, +9.685,+0.941
1665958800,+3.47,+17.791, +9.632,+0.941
1665958860,+3.47,+17.783, +9.581,+0.941
1665958920,+3.47,+17.783, +9.733,+0.941
1665958980,+3.47,+17.775, +9.732,+0.941
1665959040,+3.47,+17.766, +9.678,+0.941
1665959100,+3.47,+17.741, +9.641,+0.941
1665959160,+3.47,+17.724, +9.744,+0.941
1665959220,+3.47,+17.724, +9.683,+0.941
1665959280,+3.47,+17.707, +9.617,+0.941
1665959340,+3.48,+17.682, +9.536,+0.940
1665959400,+3.48,+17.656, +9.549,+0.941
1665959460,+3.48,+17.648, +9.518,+0.941
1665959520,+3.48,+17.656, +9.481,+0.940
1665959580,+3.48,+17.622, +9.463,+0.941
1665959640,+3.48,+17.622, +9.454,+0.940
1665959700,+3.48,+17.606, +9.676,+0.941
1665959760,+3.48,+17.589, +9.671,+0.941
1665959820,+3.48,+17.555, +9.614,+0.941
1665959880,+3.48,+17.538, +9.571,+0.941
1665959940,+3.48,+17.538, +9.562,+0.941
1665960000,+3.48,+17.529, +9.523,+0.941
1665960060,+3.48,+17.538, +9.498,+0.941
1665960120,+3.48,+17.546, +9.440,+0.941
1665960180,+3.48,+17.555, +9.381,+0.941
1665960240,+3.48,+17.555, +9.369,+0.941
1665960300,+3.48,+17.546, +9.382,+0.941
1665960360,+3.48,+17.563, +9.365,+0.940
1665960420,+3.48,+17.555, +9.387,+0.941
1665960480,+3.48,+17.563, +9.431,+0.941
1665960540,+3.48,+17.589, +9.544,+0.941
1665960600,+3.48,+17.572, +9.563,+0.941
1665960660,+3.48,+17.563, +9.589,+0.941
1665960720,+3.48,+17.572, +9.627,+0.941
1665960780,+3.48,+17.572, +9.625,+0.941
1665960840,+3.48,+17.597, +9.546,+0.941
1665960900,+3.48,+17.606, +9.498,+0.941
1665960960,+3.48,+17.606, +9.503,+0.941
1665961020,+3.48,+17.614, +9.448,+0.941
1665961080,+3.48,+17.580, +9.465,+0.941
1665961140,+3.48,+17.563, +9.507,+0.941
1665961200,+3.48,+17.563, +9.574,+0.941
1665961260,+3.48,+17.546, +9.599,+0.941
1665961320,+3.48,+17.529, +9.608,+0.941
1665961380,+3.48,+17.538, +9.605,+0.941
1665961440,+3.48,+17.529, +9.542,+0.941
1665961500,+3.48,+17.521, +9.538,+0.941
1665961560,+3.48,+17.513, +9.496,+0.941
1665961620,+3.48,+17.513, +9.460,+0.941
1665961680,+3.48,+17.504, +9.430,+0.941
1665961740,+3.48,+17.496, +9.447,+0.941
1665961800,+3.48,+17.496, +9.443,+0.941
1665961860,+3.48,+17.487, +9.440,+0.941
1665961920,+3.48,+17.504, +9.489,+0.941
1665961980,+3.48,+17.513, +9.556,+0.941
1665962040,+3.48,+17.521, +9.584,+0.941
1665962100,+3.48,+17.521, +9.614,+0.941
1665962160,+3.48,+17.555, +9.617,+0.940
1665962220,+3.48,+17.589, +9.612,+0.941
1665962280,+3.48,+17.606, +9.594,+0.940
1665962340,+3.48,+17.606, +9.566,+0.941
1665962400,+3.48,+17.639, +9.635,+0.941
1665962460,+3.47,+17.648, +9.569,+0.941
1665962520,+3.48,+17.631, +9.498,+0.941
1665962580,+3.48,+17.580, +9.428,+0.941
1665962640,+3.48,+17.546, +9.345,+0.940
1665962700,+3.48,+17.529, +9.328,+0.940
1665962760,+3.48,+17.504, +9.232,+0.940
1665962820,+3.48,+17.546, +9.249,+0.940
1665962880,+3.48,+17.555, +9.253,+0.941
1665962940,+3.48,+17.572, +9.221,+0.940
1665963000,+3.48,+17.572, +9.134,+0.940
1665963060,+3.48,+17.555, +9.155,+0.940
1665963120,+3.48,+17.546, +9.140,+0.940
1665963180,+3.48,+17.555, +9.146,+0.941
1665963240,+3.48,+17.580, +9.491,+0.941
1665963300,+3.48,+17.606, +9.619,+0.941
1665963360,+3.48,+17.622, +9.656,+0.941
1665963420,+3.48,+17.622, +9.649,+0.941
1665963480,+3.48,+17.606, +9.564,+0.941
1665963540,+3.48,+17.580, +9.539,+0.941
1665963600,+3.48,+17.580, +9.383,+0.940
1665963660,+3.48,+17.597, +9.342,+0.941
1665963720,+3.48,+17.580, +9.222,+0.940
1665963780,+3.48,+17.597, +9.100,+0.941
1665963840,+3.48,+17.580, +8.938,+0.940
1665963900,+3.48,+17.606, +8.788,+0.940
1665963960,+3.48,+17.614, +8.760,+0.940
1665964020,+3.48,+17.614, +8.830,+0.940
1665964080,+3.48,+17.606, +8.971,+0.940
1665964140,+3.48,+17.614, +8.971,+0.941
1665964200,+3.48,+17.597, +8.941,+0.940
1665964260,+3.48,+17.597, +8.985,+0.940
1665964320,+3.48,+17.563, +9.021,+0.940
1665964380,+3.48,+17.572, +8.891,+0.940
1665964440,+3.48,+17.572, +8.960,+0.940
1665964500,+3.48,+17.580, +9.152,+0.940
1665964560,+3.48,+17.580, +9.327,+0.940
1665964620,+3.48,+17.538, +9.709,+0.941
1665964680,+3.48,+17.538, +9.922,+0.941
1665964740,+3.48,+17.538, +9.942,+0.941
1665964800,+3.48,+17.546, +9.895,+0.942
1665964860,+3.48,+17.572, +9.305,+0.940
1665964920,+3.48,+17.555, +9.358,+0.941
1665964980,+3.48,+17.563, +9.329,+0.941
1665965040,+3.48,+17.580, +9.325,+0.941
1665965100,+3.48,+17.572, +9.170,+0.941
1665965160,+3.48,+17.572, +9.158,+0.941
1665965220,+3.48,+17.572, +9.266,+0.941
1665965280,+3.48,+17.580, +9.270,+0.940
1665965340,+3.48,+17.563, +9.171,+0.940
1665965400,+3.48,+17.580, +9.090,+0.940
1665965460,+3.48,+17.572, +9.003,+0.940
1665965520,+3.48,+17.580, +8.925,+0.940
1665965580,+3.48,+17.597, +8.870,+0.940
1665965640,+3.48,+17.580, +8.632,+0.940
1665965700,+3.48,+17.597, +8.423,+0.940
1665965760,+3.48,+17.597, +8.526,+0.940
1665965820,+3.48,+17.606, +8.520,+0.941
1665965880,+3.48,+17.631, +8.398,+0.940
1665965940,+3.47,+17.622, +8.468,+0.940
1665966000,+3.48,+17.648, +8.424,+0.940
1665966060,+3.47,+17.639, +8.533,+0.940
1665966120,+3.47,+17.656, +8.933,+0.940
1665966180,+3.47,+17.648, +9.450,+0.941
1665966240,+3.47,+17.656, +9.536,+0.941
1665966300,+3.48,+17.665, +9.559,+0.941
1665966360,+3.47,+17.665, +9.572,+0.941
1665966420,+3.47,+17.656, +9.577,+0.941
1665966480,+3.47,+17.656, +9.580,+0.941
1665966540,+3.47,+17.682, +9.570,+0.941
1665966600,+3.48,+17.673, +9.785,+0.941
1665966660,+3.47,+17.682, +9.849,+0.941
1665966720,+3.47,+17.682,+10.026,+0.941
1665966780,+3.47,+17.690,+10.026,+0.942
1665966840,+3.47,+17.690,+10.059,+0.941
1665966900,+3.47,+17.682, +9.957,+0.941
1665966960,+3.47,+17.682,+10.009,+0.941
1665967020,+3.47,+17.690, +9.980,+0.941
1665967080,+3.47,+17.715, +9.824,+0.942
1665967140,+3.47,+17.707, +9.874,+0.941
1665967200,+3.47,+17.699, +9.938,+0.941
1665967260,+3.47,+17.724, +9.932,+0.941
1665967320,+3.47,+17.707, +9.780,+0.942
1665967380,+3.47,+17.724, +9.743,+0.941
1665967440,+3.47,+17.707, +9.662,+0.941
1665967500,+3.47,+17.707, +9.576,+0.941
1665967560,+3.47,+17.724, +9.373,+0.940
1665967620,+3.47,+17.741, +9.303,+0.941
1665967680,+3.47,+17.732, +9.288,+0.941
1665967740,+3.47,+17.749, +9.293,+0.940
1665967800,+3.47,+17.741, +9.473,+0.941
1665967860,+3.47,+17.766, +9.475,+0.940
1665967920,+3.47,+17.749, +9.450,+0.941
1665967980,+3.47,+17.741, +9.458,+0.941
1665968040,+3.47,+17.724, +9.627,+0.941
1665968100,+3.47,+17.741, +9.710,+0.941
1665968160,+3.47,+17.758, +9.704,+0.941
1665968220,+3.47,+17.749, +9.620,+0.941
1665968280,+3.47,+17.749, +9.478,+0.941
1665968340,+3.47,+17.766, +9.406,+0.941
1665968400,+3.47,+17.758, +9.446,+0.941
1665968460,+3.47,+17.758, +9.511,+0.941
1665968520,+3.47,+17.766, +9.704,+0.941
1665968580,+3.47,+17.741, +9.805,+0.941
1665968640,+3.47,+17.732, +9.751,+0.941
1665968700,+3.47,+17.715, +9.779,+0.941
1665968760,+3.47,+17.707, +9.717,+0.941
1665968820,+3.47,+17.690, +9.659,+0.941
1665968880,+3.47,+17.673, +9.717,+0.941
1665968940,+3.47,+17.690, +9.693,+0.941
1665969000,+3.47,+17.665, +9.726,+0.941
1665969060,+3.47,+17.673, +9.601,+0.941
1665969120,+3.47,+17.665, +9.524,+0.940
1665969180,+3.47,+17.656, +9.607,+0.941
1665969240,+3.47,+17.673, +9.574,+0.941
1665969300,+3.48,+17.622, +9.633,+0.941
1665969360,+3.48,+17.597, +9.741,+0.941
1665969420,+3.48,+17.572, +9.927,+0.941
1665969480,+3.48,+17.580,+10.009,+0.941
1665969540,+3.48,+17.555,+10.072,+0.941
1665969600,+3.48,+17.546,+10.108,+0.941
1665969660,+3.48,+17.572,+10.098,+0.941
1665969720,+3.48,+17.572,+10.078,+0.941
1665969780,+3.48,+17.563,+10.074,+0.941
1665969840,+3.48,+17.538,+10.070,+0.941
1665969900,+3.48,+17.538,+10.049,+0.941
1665969960,+3.48,+17.538,+10.036,+0.942
1665970020,+3.48,+17.529,+10.027,+0.941
1665970080,+3.48,+17.513, +9.983,+0.941
1665970140,+3.48,+17.504, +9.911,+0.941
1665970200,+3.48,+17.504, +9.977,+0.941
1665970260,+3.48,+17.496,+10.012,+0.941
1665970320,+3.48,+17.470,+10.069,+0.941
1665970380,+3.48,+17.462,+10.104,+0.941
1665970440,+3.48,+17.487,+10.104,+0.941
1665970500,+3.48,+17.487,+10.088,+0.941
1665970560,+3.48,+17.496,+10.113,+0.941
1665970620,+3.48,+17.487,+10.111,+0.941
1665970680,+3.48,+17.470,+10.118,+0.941
1665970740,+3.48,+17.479,+10.082,+0.941
1665970800,+3.48,+17.487,+10.040,+0.942
1665970860,+3.48,+17.496,+10.029,+0.941
1665970920,+3.48,+17.496,+10.074,+0.942
1665970980,+3.48,+17.479,+10.101,+0.941
1665971040,+3.48,+17.479,+10.037,+0.941
1665971100,+3.48,+17.496,+10.033,+0.941
1665971160,+3.48,+17.496,+10.027,+0.941
1665971220,+3.48,+17.504,+10.019,+0.941
1665971280,+3.48,+17.487, +9.982,+0.941
1665971340,+3.48,+17.479, +9.972,+0.941
1665971400,+3.48,+17.487, +9.934,+0.941
1665971460,+3.48,+17.513, +9.897,+0.941
1665971520,+3.48,+17.487, +9.850,+0.941
1665971580,+3.48,+17.487, +9.851,+0.941
1665971640,+3.48,+17.487, +9.854,+0.941
1665971700,+3.48,+17.504, +9.824,+0.941
1665971760,+3.48,+17.487, +9.858,+0.941
1665971820,+3.48,+17.479, +9.895,+0.941
1665971880,+3.48,+17.462, +9.858,+0.941
1665971940,+3.48,+17.462, +9.793,+0.941
1665972000,+3.48,+17.453, +9.804,+0.941
1665972060,+3.48,+17.428, +9.796,+0.941
1665972120,+3.48,+17.403, +9.738,+0.941
1665972180,+3.48,+17.420, +9.703,+0.941
1665972240,+3.48,+17.420, +9.652,+0.941
1665972300,+3.48,+17.428, +9.632,+0.941
1665972360,+3.48,+17.403, +9.613,+0.941
1665972420,+3.48,+17.411, +9.589,+0.941
1665972480,+3.48,+17.411, +9.823,+0.941
1665972540,+3.48,+17.420, +9.848,+0.941
1665972600,+3.48,+17.411, +9.790,+0.941
1665972660,+3.48,+17.394, +9.750,+0.941
1665972720,+3.48,+17.394, +9.679,+0.941
1665972780,+3.48,+17.394, +9.656,+0.941
1665972840,+3.48,+17.394, +9.646,+0.940
1665972900,+3.48,+17.386, +9.691,+0.941
1665972960,+3.48,+17.369, +9.717,+0.941
1665973020,+3.48,+17.369, +9.722,+0.941
1665973080,+3.48,+17.377, +9.739,+0.941
1665973140,+3.48,+17.377, +9.741,+0.941
1665973200,+3.48,+17.386, +9.738,+0.941
1665973260,+3.48,+17.386, +9.720,+0.941
1665973320,+3.48,+17.403, +9.683,+0.941
1665973380,+3.48,+17.420, +9.646,+0.941
1665973440,+3.48,+17.411, +9.579,+0.941
1665973500,+3.48,+17.411, +9.556,+0.940
1665973560,+3.48,+17.436, +9.509,+0.940
1665973620,+3.48,+17.411, +9.486,+0.941
1665973680,+3.48,+17.420, +9.570,+0.941
1665973740,+3.48,+17.403, +9.750,+0.941
1665973800,+3.48,+17.386, +9.820,+0.941
1665973860,+3.48,+17.369, +9.849,+0.941
1665973920,+3.48,+17.377, +9.867,+0.941
1665973980,+3.48,+17.369, +9.925,+0.941
1665974040,+3.48,+17.394, +9.916,+0.941
1665974100,+3.48,+17.377, +9.911,+0.941
1665974160,+3.48,+17.369, +9.864,+0.941
1665974220,+3.48,+17.352, +9.826,+0.941
1665974280,+3.48,+17.335, +9.855,+0.941
1665974340,+3.48,+17.335, +9.877,+0.941
1665974400,+3.48,+17.310, +9.914,+0.941
1665974460,+3.48,+17.318, +9.948,+0.941
1665974520,+3.48,+17.352, +9.907,+0.941
1665974580,+3.48,+17.326, +9.893,+0.941
1665974640,+3.48,+17.318, +9.893,+0.941
1665974700,+3.48,+17.335, +9.864,+0.942
1665974760,+3.48,+17.301, +9.851,+0.941
1665974820,+3.48,+17.310, +9.864,+0.941
1665974880,+3.48,+17.335, +9.836,+0.941
1665974940,+3.48,+17.335, +9.799,+0.941
1665975000,+3.48,+17.343, +9.785,+0.941
1665975060,+3.48,+17.335, +9.831,+0.941
1665975120,+3.48,+17.335, +9.822,+0.941
1665975180,+3.48,+17.301, +9.857,+0.941
1665975240,+3.48,+17.301, +9.788,+0.941
1665975300,+3.48,+17.301, +9.783,+0.941
1665975360,+3.48,+17.293, +9.772,+0.941
1665975420,+3.48,+17.293, +9.779,+0.941
1665975480,+3.48,+17.276, +9.776,+0.941
1665975540,+3.48,+17.276, +9.763,+0.941
1665975600,+3.48,+17.284, +9.780,+0.941
1665975660,+3.48,+17.276, +9.358,+0.940
1665975720,+3.48,+17.276, +9.578,+0.941
1665975780,+3.48,+17.293, +9.659,+0.940
1665975840,+3.48,+17.276, +9.738,+0.941
1665975900,+3.48,+17.267, +9.798,+0.941
1665975960,+3.48,+17.284, +9.765,+0.941
1665976020,+3.48,+17.276, +9.762,+0.941
1665976080,+3.48,+17.284, +9.683,+0.941
1665976140,+3.48,+17.301, +9.686,+0.941
1665976200,+3.48,+17.284, +9.617,+0.941
1665976260,+3.48,+17.284, +9.598,+0.941
1665976320,+3.48,+17.284, +9.620,+0.940
1665976380,+3.48,+17.284, +9.684,+0.941
1665976440,+3.48,+17.293, +9.720,+0.941
1665976500,+3.48,+17.284, +9.776,+0.941
1665976560,+3.48,+17.284, +9.809,+0.941
1665976620,+3.48,+17.284, +9.834,+0.941
1665976680,+3.48,+17.284, +9.851,+0.941
1665976740,+3.48,+17.276, +9.816,+0.941
1665976800,+3.48,+17.293, +9.703,+0.941
1665976860,+3.48,+17.276, +9.666,+0.941
1665976920,+3.48,+17.276, +9.664,+0.941
1665976980,+3.48,+17.284, +9.589,+0.941
1665977040,+3.48,+17.276, +9.586,+0.941
1665977100,+3.48,+17.267, +9.627,+0.940
1665977160,+3.48,+17.284, +9.687,+0.940
1665977220,+3.48,+17.293, +9.728,+0.941
1665977280,+3.48,+17.267, +9.723,+0.941
1665977340,+3.48,+17.276, +9.686,+0.941
1665977400,+3.48,+17.250, +9.658,+0.941
1665977460,+3.48,+17.267, +9.646,+0.941
1665977520,+3.48,+17.267, +9.568,+0.941
1665977580,+3.48,+17.284, +9.629,+0.941
1665977640,+3.48,+17.242, +9.736,+0.941
1665977700,+3.48,+17.250, +9.757,+0.941
1665977760,+3.48,+17.259, +9.697,+0.941
1665977820,+3.48,+17.267, +9.695,+0.941
1665977880,+3.48,+17.276, +9.647,+0.941
1665977940,+3.48,+17.276, +9.562,+0.940
1665978000,+3.48,+17.267, +9.650,+0.941
1665978060,+3.48,+17.259, +9.746,+0.941
1665978120,+3.48,+17.250, +9.843,+0.941
1665978180,+3.48,+17.284, +9.836,+0.941
1665978240,+3.48,+17.276, +9.896,+0.941
1665978300,+3.48,+17.267, +9.839,+0.941
1665978360,+3.48,+17.276, +9.822,+0.941
1665978420,+3.48,+17.276, +9.838,+0.941
1665978480,+3.48,+17.276, +9.823,+0.941
1665978540,+3.48,+17.293, +9.782,+0.941
1665978600,+3.48,+17.276, +9.707,+0.940
1665978660,+3.48,+17.276, +9.615,+0.941
1665978720,+3.48,+17.276, +9.618,+0.941
1665978780,+3.48,+17.276, +9.618,+0.941
1665978840,+3.48,+17.267, +9.564,+0.941
1665978900,+3.48,+17.276, +9.536,+0.941
1665978960,+3.48,+17.293, +9.484,+0.941
1665979020,+3.48,+17.276, +9.413,+0.941
1665979080,+3.48,+17.284, +9.328,+0.940
1665979140,+3.48,+17.276, +9.279,+0.940
1665979200,+3.48,+17.276, +9.260,+0.941
1665979260,+3.48,+17.284, +9.261,+0.940
1665979320,+3.48,+17.276, +9.407,+0.941
1665979380,+3.48,+17.284, +9.541,+0.941
1665979440,+3.48,+17.293, +9.618,+0.940
1665979500,+3.48,+17.293, +9.709,+0.941
1665979560,+3.48,+17.301, +9.808,+0.941
1665979620,+3.48,+17.293, +9.936,+0.941
1665979680,+3.48,+17.293, +9.912,+0.941
1665979740,+3.48,+17.284, +9.888,+0.941
1665979800,+3.48,+17.310, +9.817,+0.941
1665979860,+3.48,+17.276, +9.848,+0.941
1665979920,+3.48,+17.293, +9.758,+0.941
1665979980,+3.48,+17.284, +9.769,+0.941
1665980040,+3.48,+17.301, +9.845,+0.941
1665980100,+3.48,+17.318, +9.817,+0.941
1665980160,+3.48,+17.293, +9.802,+0.941
1665980220,+3.48,+17.284, +9.815,+0.941
1665980280,+3.48,+17.293, +9.738,+0.941
1665980340,+3.48,+17.293, +9.656,+0.940
1665980400,+3.48,+17.301, +9.544,+0.941
1665980460,+3.48,+17.293, +9.454,+0.941
1665980520,+3.48,+17.284, +9.559,+0.941
1665980580,+3.48,+17.301, +9.511,+0.940
1665980640,+3.48,+17.293, +9.484,+0.940
1665980700,+3.48,+17.310, +9.386,+0.941
1665980760,+3.48,+17.293, +9.264,+0.940
1665980820,+3.48,+17.284, +9.203,+0.940
1665980880,+3.48,+17.310, +9.173,+0.940
1665980940,+3.48,+17.310, +9.117,+0.940
1665981000,+3.48,+17.301, +9.091,+0.940
1665981060,+3.48,+17.318, +9.133,+0.940
1665981120,+3.48,+17.293, +9.160,+0.940
1665981180,+3.48,+17.293, +9.119,+0.940
1665981240,+3.48,+17.301, +9.145,+0.940
1665981300,+3.48,+17.293, +9.181,+0.941
1665981360,+3.48,+17.318, +9.217,+0.941
1665981420,+3.48,+17.318, +9.415,+0.940
1665981480,+3.48,+17.301, +9.608,+0.940
1665981540,+3.48,+17.293, +9.720,+0.941
1665981600,+3.48,+17.318, +9.834,+0.941
1665981660,+3.48,+17.318, +9.918,+0.941
1665981720,+3.48,+17.318, +9.977,+0.941
1665981780,+3.48,+17.318, +9.990,+0.941
1665981840,+3.48,+17.310, +9.993,+0.941
1665981900,+3.48,+17.293,+10.022,+0.942
1665981960,+3.48,+17.310, +9.969,+0.941
1665982020,+3.48,+17.326, +9.910,+0.941
1665982080,+3.48,+17.301, +9.842,+0.941
1665982140,+3.48,+17.267, +9.770,+0.941
1665982200,+3.48,+17.284, +9.742,+0.941
1665982260,+3.48,+17.301, +9.688,+0.940
1665982320,+3.48,+17.310, +9.685,+0.941
1665982380,+3.48,+17.301, +9.735,+0.941
1665982440,+3.48,+17.293, +9.774,+0.941
1665982500,+3.48,+17.293, +9.783,+0.941
1665982560,+3.48,+17.301, +9.762,+0.941
1665982620,+3.48,+17.301, +9.706,+0.941
1665982680,+3.48,+17.293, +9.647,+0.941
1665982740,+3.48,+17.293, +9.546,+0.941
1665982800,+3.48,+17.318, +9.493,+0.941
1665982860,+3.48,+17.318, +9.500,+0.940
1665982920,+3.48,+17.310, +9.500,+0.940
1665982980,+3.48,+17.310, +9.513,+0.941
1665983040,+3.48,+17.301, +9.500,+0.940
1665983100,+3.48,+17.293, +9.476,+0.940
1665983160,+3.48,+17.301, +9.429,+0.941
1665983220,+3.48,+17.301, +9.410,+0.940
1665983280,+3.48,+17.310, +9.425,+0.940
1665983340,+3.48,+17.293, +9.410,+0.940
1665983400,+3.48,+17.310, +9.385,+0.941
1665983460,+3.48,+17.284, +9.344,+0.941
1665983520,+3.48,+17.293, +9.371,+0.940
1665983580,+3.48,+17.293, +9.485,+0.941
1665983640,+3.48,+17.293, +9.640,+0.941
1665983700,+3.48,+17.276, +9.672,+0.941
1665983760,+3.48,+17.284, +9.804,+0.941
1665983820,+3.48,+17.284, +9.878,+0.941
1665983880,+3.48,+17.267, +9.918,+0.941
1665983940,+3.48,+17.267, +9.954,+0.941
1665984000,+3.48,+17.259, +9.957,+0.941
1665984060,+3.48,+17.284, +9.967,+0.941
1665984120,+3.48,+17.284, +9.974,+0.941
1665984180,+3.48,+17.284, +9.974,+0.941
1665984240,+3.48,+17.293, +9.955,+0.941
1665984300,+3.48,+17.293, +9.948,+0.941
1665984360,+3.48,+17.318, +9.934,+0.941
1665984420,+3.48,+17.284, +9.938,+0.941
1665984480,+3.48,+17.301, +9.922,+0.941
1665984540,+3.48,+17.293, +9.934,+0.941
1665984600,+3.48,+17.293, +9.906,+0.941
1665984660,+3.48,+17.276, +9.864,+0.941
1665984720,+3.48,+17.310, +9.773,+0.941
1665984780,+3.48,+17.301, +9.786,+0.941
1665984840,+3.48,+17.310, +9.823,+0.941
1665984900,+3.48,+17.301, +9.833,+0.940
1665984960,+3.48,+17.301, +9.836,+0.941
1665985020,+3.48,+17.301, +9.880,+0.941
1665985080,+3.48,+17.301, +9.847,+0.941
1665985140,+3.48,+17.293, +9.838,+0.941
1665985200,+3.48,+17.284, +9.799,+0.941
1665985260,+3.48,+17.284, +9.767,+0.941
1665985320,+3.48,+17.267, +9.862,+0.941
1665985380,+3.48,+17.276, +9.876,+0.941
1665985440,+3.48,+17.259, +9.943,+0.941
1665985500,+3.48,+17.276, +9.933,+0.941
1665985560,+3.48,+17.276, +9.879,+0.940
1665985620,+3.48,+17.301, +9.822,+0.941
1665985680,+3.48,+17.284, +9.731,+0.941
1665985740,+3.48,+17.301, +9.778,+0.941
1665985800,+3.48,+17.301, +9.848,+0.941
1665985860,+3.48,+17.293, +9.667,+0.941
1665985920,+3.48,+17.267, +9.587,+0.941
1665985980,+3.48,+17.293, +9.435,+0.940
1665986040,+3.48,+17.301, +9.276,+0.941
1665986100,+3.48,+17.267, +9.275,+0.941
1665986160,+3.48,+17.293, +9.329,+0.940
1665986220,+3.48,+17.276, +9.349,+0.941
1665986280,+3.48,+17.293, +9.409,+0.941
1665986340,+3.48,+17.293, +9.528,+0.941
1665986400,+3.48,+17.301, +9.671,+0.940
1665986460,+3.48,+17.293, +9.436,+0.941
1665986520,+3.48,+17.293, +9.675,+0.941
1665986580,+3.48,+17.310, +9.771,+0.941
1665986640,+3.48,+17.318, +9.778,+0.941
1665986700,+3.48,+17.293, +9.829,+0.941
1665986760,+3.48,+17.318, +9.835,+0.941
1665986820,+3.48,+17.301, +9.854,+0.941
1665986880,+3.48,+17.310, +9.838,+0.940
1665986940,+3.48,+17.318, +9.858,+0.941
1665987000,+3.48,+17.318, +9.897,+0.941
1665987060,+3.48,+17.293, +9.845,+0.941
1665987120,+3.48,+17.318, +9.888,+0.942
1665987180,+3.48,+17.310, +9.923,+0.941
1665987240,+3.48,+17.318, +9.921,+0.941
1665987300,+3.48,+17.335, +9.911,+0.941
1665987360,+3.48,+17.301, +9.902,+0.941
1665987420,+3.48,+17.301, +9.915,+0.941
1665987480,+3.48,+17.310, +9.859,+0.940
1665987540,+3.48,+17.310, +9.854,+0.941
1665987600,+3.48,+17.310, +9.850,+0.941
1665987660,+3.48,+17.310, +9.859,+0.941
1665987720,+3.48,+17.318, +9.861,+0.941
1665987780,+3.48,+17.301, +9.860,+0.941
1665987840,+3.48,+17.326, +9.858,+0.941
1665987900,+3.48,+17.301, +9.875,+0.941
1665987960,+3.48,+17.301, +9.817,+0.941
1665988020,+3.48,+17.293, +9.602,+0.941
1665988080,+3.48,+17.318, +9.522,+0.940
1665988140,+3.48,+17.310, +9.484,+0.941
1665988200,+3.48,+17.310, +9.360,+0.940
1665988260,+3.48,+17.335, +9.317,+0.940
1665988320,+3.48,+17.318, +9.417,+0.941
1665988380,+3.48,+17.335, +9.322,+0.941
1665988440,+3.48,+17.318, +9.252,+0.940
1665988500,+3.48,+17.310, +9.278,+0.941
1665988560,+3.48,+17.343, +9.347,+0.941
1665988620,+3.48,+17.335, +9.403,+0.941
1665988680,+3.48,+17.318, +9.550,+0.941
1665988740,+3.48,+17.326, +9.568,+0.941
1665988800,+3.48,+17.335, +9.622,+0.941
1665988860,+3.48,+17.326, +9.640,+0.941
1665988920,+3.48,+17.335, +9.647,+0.941
1665988980,+3.48,+17.326, +9.662,+0.941
1665989040,+3.48,+17.335, +9.640,+0.941
1665989100,+3.48,+17.360, +9.581,+0.940
1665989160,+3.48,+17.352, +9.621,+0.941
1665989220,+3.48,+17.343, +9.591,+0.941
1665989280,+3.48,+17.360, +9.527,+0.941
1665989340,+3.48,+17.335, +9.436,+0.941
1665989400,+3.48,+17.335, +9.543,+0.941
1665989460,+3.48,+17.335, +9.469,+0.941
1665989520,+3.48,+17.352, +9.376,+0.941
1665989580,+3.48,+17.352, +9.437,+0.940
1665989640,+3.48,+17.352, +9.531,+0.941
1665989700,+3.48,+17.369, +9.365,+0.941
1665989760,+3.48,+17.360, +9.224,+0.940
1665989820,+3.48,+17.386, +9.189,+0.940
1665989880,+3.48,+17.377, +9.166,+0.940
1665989940,+3.48,+17.386, +9.165,+0.941
1665990000,+3.48,+17.369, +9.301,+0.941
1665990060,+3.48,+17.377, +9.397,+0.941
1665990120,+3.48,+17.386, +9.463,+0.940
1665990180,+3.48,+17.386, +9.511,+0.941
1665990240,+3.48,+17.369, +9.461,+0.941
1665990300,+3.48,+17.369, +9.511,+0.940
1665990360,+3.48,+17.352, +9.530,+0.941
1665990420,+3.48,+17.352, +9.548,+0.941
1665990480,+3.48,+17.335, +9.535,+0.941
1665990540,+3.48,+17.352, +9.465,+0.941
1665990600,+3.48,+17.310, +9.575,+0.941
1665990660,+3.48,+17.318, +9.631,+0.941
1665990720,+3.48,+17.318, +9.666,+0.941
1665990780,+3.48,+17.310, +9.686,+0.941
1665990840,+3.48,+17.301, +9.640,+0.941
1665990900,+3.48,+17.293, +9.588,+0.941
1665990960,+3.48,+17.267, +9.701,+0.941
1665991020,+3.48,+17.259, +9.770,+0.941
1665991080,+3.48,+17.259, +9.797,+0.941
1665991140,+3.48,+17.250, +9.823,+0.941
1665991200,+3.48,+17.259, +9.763,+0.941
1665991260,+3.48,+17.267, +9.688,+0.940
1665991320,+3.48,+17.267, +9.510,+0.941
1665991380,+3.48,+17.242, +9.380,+0.941
1665991440,+3.48,+17.259, +9.331,+0.941
1665991500,+3.48,+17.242, +9.486,+0.941
1665991560,+3.48,+17.233, +9.398,+0.941
1665991620,+3.48,+17.250, +9.389,+0.940
1665991680,+3.48,+17.259, +9.443,+0.940
1665991740,+3.48,+17.250, +9.480,+0.941
1665991800,+3.48,+17.267, +9.506,+0.940
1665991860,+3.48,+17.276, +9.455,+0.941
1665991920,+3.48,+17.267, +9.364,+0.941
1665991980,+3.48,+17.276, +9.355,+0.941
1665992040,+3.48,+17.301, +9.283,+0.940
1665992100,+3.48,+17.276, +9.254,+0.940
1665992160,+3.48,+17.284, +9.300,+0.941
1665992220,+3.48,+17.284, +9.263,+0.941
1665992280,+3.48,+17.284, +9.272,+0.940
1665992340,+3.48,+17.267, +9.452,+0.941
1665992400,+3.48,+17.259, +9.552,+0.941
1665992460,+3.48,+17.267, +9.632,+0.941
1665992520,+3.48,+17.284, +9.638,+0.941
1665992580,+3.48,+17.259, +9.620,+0.941
1665992640,+3.48,+17.250, +9.610,+0.941
1665992700,+3.48,+17.284, +9.536,+0.941
1665992760,+3.48,+17.267, +9.596,+0.941
1665992820,+3.48,+17.259, +9.524,+0.941
1665992880,+3.48,+17.250, +9.579,+0.941
1665992940,+3.48,+17.250, +9.614,+0.941
1665993000,+3.48,+17.276, +9.625,+0.941
1665993060,+3.48,+17.242, +9.667,+0.941
1665993120,+3.48,+17.267, +9.662,+0.941
1665993180,+3.48,+17.259, +9.595,+0.941
1665993240,+3.48,+17.293, +9.600,+0.940
1665993300,+3.48,+17.284, +9.545,+0.941
1665993360,+3.48,+17.284, +9.476,+0.941
1665993420,+3.48,+17.284, +9.362,+0.940
1665993480,+3.48,+17.276, +9.301,+0.941
1665993540,+3.48,+17.267, +9.179,+0.940
1665993600,+3.48,+17.267, +9.178,+0.941
1665993660,+3.48,+17.259, +9.270,+0.940
1665993720,+3.48,+17.267, +9.332,+0.940
1665993780,+3.48,+17.259, +9.235,+0.940
1665993840,+3.48,+17.276, +9.179,+0.941
1665993900,+3.48,+17.267, +9.113,+0.940
1665993960,+3.48,+17.276, +9.358,+0.940
1665994020,+3.48,+17.267, +9.501,+0.941
1665994080,+3.48,+17.259, +9.433,+0.940
1665994140,+3.48,+17.259, +9.479,+0.941
1665994200,+3.48,+17.250, +9.487,+0.941
1665994260,+3.48,+17.250, +9.412,+0.941
1665994320,+3.48,+17.250, +9.361,+0.941
1665994380,+3.48,+17.259, +9.272,+0.941
1665994440,+3.48,+17.242, +9.192,+0.941
1665994500,+3.48,+17.259, +9.412,+0.940
1665994560,+3.48,+17.250, +9.459,+0.941
1665994620,+3.48,+17.259, +9.345,+0.941
1665994680,+3.48,+17.267, +9.225,+0.941
1665994740,+3.48,+17.250, +9.202,+0.940
1665994800,+3.48,+17.267, +9.345,+0.940
1665994860,+3.48,+17.242, +9.382,+0.941
1665994920,+3.48,+17.267, +9.277,+0.941
1665994980,+3.48,+17.259, +9.237,+0.941
1665995040,+3.48,+17.242, +9.361,+0.941
1665995100,+3.48,+17.267, +9.492,+0.941
1665995160,+3.48,+17.242, +9.544,+0.941
1665995220,+3.48,+17.267, +9.617,+0.941
1665995280,+3.48,+17.259, +9.643,+0.941
1665995340,+3.48,+17.250, +9.570,+0.940
1665995400,+3.48,+17.276, +9.448,+0.940
1665995460,+3.48,+17.276, +9.370,+0.940
1665995520,+3.48,+17.259, +9.349,+0.940
1665995580,+3.48,+17.284, +9.287,+0.941
1665995640,+3.48,+17.293, +9.302,+0.941
1665995700,+3.48,+17.284, +9.333,+0.941
1665995760,+3.48,+17.301, +9.285,+0.941
1665995820,+3.48,+17.293, +9.323,+0.941
1665995880,+3.48,+17.259, +9.344,+0.940
1665995940,+3.48,+17.284, +9.371,+0.940
1665996000,+3.48,+17.284, +9.323,+0.940
1665996060,+3.48,+17.267, +9.256,+0.940
1665996120,+3.48,+17.276, +9.266,+0.941
1665996180,+3.48,+17.267, +9.205,+0.940
1665996240,+3.48,+17.250, +9.244,+0.941
1665996300,+3.48,+17.276, +9.314,+0.940
1665996360,+3.48,+17.250, +9.379,+0.941
1665996420,+3.48,+17.259, +9.390,+0.940
1665996480,+3.48,+17.259, +9.393,+0.941
1665996540,+3.48,+17.242, +9.392,+0.941
1665996600,+3.48,+17.250, +9.390,+0.941
1665996660,+3.48,+17.250, +9.368,+0.941
1665996720,+3.48,+17.242, +9.378,+0.941
1665996780,+3.48,+17.242, +9.346,+0.940
1665996840,+3.48,+17.259, +9.405,+0.941
1665996900,+3.48,+17.225, +9.448,+0.941
1665996960,+3.48,+17.242, +9.429,+0.941
1665997020,+3.48,+17.233, +9.457,+0.940
1665997080,+3.48,+17.259, +9.446,+0.941
1665997140,+3.48,+17.259, +9.424,+0.941
1665997200,+3.48,+17.267, +9.382,+0.941
1665997260,+3.48,+17.259, +9.139,+0.940
1665997320,+3.48,+17.242, +9.265,+0.941
1665997380,+3.48,+17.242, +9.322,+0.941
1665997440,+3.48,+17.242, +9.335,+0.941
1665997500,+3.48,+17.250, +9.285,+0.941
1665997560,+3.48,+17.250, +9.281,+0.941
1665997620,+3.48,+17.250, +9.293,+0.940
1665997680,+3.48,+17.225, +9.339,+0.941
1665997740,+3.48,+17.250, +9.336,+0.940
1665997800,+3.48,+17.233, +9.337,+0.940
1665997860,+3.48,+17.259, +9.308,+0.941
1665997920,+3.48,+17.250, +9.228,+0.940
1665997980,+3.48,+17.225, +9.201,+0.940
1665998040,+3.48,+17.233, +9.193,+0.940
1665998100,+3.48,+17.242, +9.173,+0.940
1665998160,+3.48,+17.233, +9.200,+0.940
1665998220,+3.48,+17.225, +9.244,+0.940
1665998280,+3.48,+17.250, +9.215,+0.940
1665998340,+3.48,+17.233, +9.124,+0.940
1665998400,+3.48,+17.242, +9.097,+0.940
1665998460,+3.48,+17.250, +9.083,+0.940
1665998520,+3.48,+17.233, +9.058,+0.940
1665998580,+3.48,+17.267, +8.961,+0.940
1665998640,+3.48,+17.242, +8.892,+0.940
1665998700,+3.48,+17.284, +8.857,+0.940
1665998760,+3.48,+17.250, +8.953,+0.941
1665998820,+3.48,+17.250, +8.913,+0.940
1665998880,+3.48,+17.267, +8.903,+0.940
1665998940,+3.48,+17.259, +8.921,+0.940
1665999000,+3.48,+17.284, +8.958,+0.940
1665999060,+3.48,+17.284, +8.995,+0.940
1665999120,+3.48,+17.267, +8.941,+0.940
1665999180,+3.48,+17.284, +8.869,+0.940
1665999240,+3.48,+17.276, +8.878,+0.940
1665999300,+3.48,+17.284, +8.895,+0.940
1665999360,+3.48,+17.310, +8.921,+0.940
1665999420,+3.48,+17.301, +8.904,+0.940
1665999480,+3.48,+17.293, +8.891,+0.940
1665999540,+3.48,+17.293, +8.905,+0.940
1665999600,+3.48,+17.293, +8.937,+0.940
1665999660,+3.48,+17.301, +8.968,+0.940
1665999720,+3.48,+17.301, +8.960,+0.940
1665999780,+3.48,+17.301, +8.958,+0.940
1665999840,+3.48,+17.301, +8.965,+0.940
1665999900,+3.48,+17.293, +8.980,+0.940
1665999960,+3.48,+17.310, +8.935,+0.940
1666000020,+3.48,+17.284, +8.944,+0.940
1666000080,+3.48,+17.267, +8.959,+0.940
1666000140,+3.48,+17.301, +9.048,+0.940
1666000200,+3.48,+17.284, +9.124,+0.940
1666000260,+3.48,+17.284, +9.146,+0.940
1666000320,+3.48,+17.276, +9.131,+0.940
1666000380,+3.48,+17.267, +9.175,+0.941
1666000440,+3.48,+17.284, +9.174,+0.940
1666000500,+3.48,+17.293, +9.162,+0.940
1666000560,+3.48,+17.293, +9.165,+0.940
1666000620,+3.48,+17.293, +9.109,+0.941
1666000680,+3.48,+17.301, +9.044,+0.941
1666000740,+3.48,+17.293, +9.028,+0.940
1666000800,+3.48,+17.276, +8.986,+0.940
1666000860,+3.48,+17.276, +8.907,+0.940
1666000920,+3.48,+17.267, +8.832,+0.940
1666000980,+3.48,+17.250, +8.809,+0.940
1666001040,+3.48,+17.293, +8.790,+0.940
1666001100,+3.48,+17.276, +8.796,+0.941
1666001160,+3.48,+17.284, +8.768,+0.940
1666001220,+3.48,+17.301, +8.738,+0.940
1666001280,+3.48,+17.284, +8.756,+0.940
1666001340,+3.48,+17.310, +8.774,+0.940
1666001400,+3.48,+17.301, +8.773,+0.940
1666001460,+3.48,+17.301, +8.735,+0.940
1666001520,+3.48,+17.310, +8.730,+0.940
1666001580,+3.48,+17.326, +8.754,+0.940
1666001640,+3.48,+17.352, +8.820,+0.940
1666001700,+3.48,+17.318, +8.851,+0.940
1666001760,+3.48,+17.318, +8.883,+0.940
1666001820,+3.48,+17.335, +8.903,+0.940
1666001880,+3.48,+17.326, +8.896,+0.940
1666001940,+3.48,+17.318, +8.901,+0.940
1666002000,+3.48,+17.310, +8.869,+0.940
1666002060,+3.48,+17.310, +8.697,+0.940
1666002120,+3.48,+17.293, +8.871,+0.940
1666002180,+3.48,+17.276, +8.960,+0.940
1666002240,+3.48,+17.293, +9.016,+0.940
1666002300,+3.48,+17.301, +9.097,+0.940
1666002360,+3.48,+17.335, +9.132,+0.940
1666002420,+3.48,+17.352, +9.134,+0.940
1666002480,+3.48,+17.369, +9.141,+0.940
1666002540,+3.48,+17.377, +9.141,+0.941
1666002600,+3.48,+17.386, +9.107,+0.940
1666002660,+3.48,+17.394, +9.080,+0.940
1666002720,+3.48,+17.394, +9.040,+0.940
1666002780,+3.48,+17.403, +9.018,+0.941
1666002840,+3.48,+17.386, +8.980,+0.940
1666002900,+3.48,+17.386, +8.975,+0.940
1666002960,+3.48,+17.386, +9.004,+0.941
1666003020,+3.48,+17.377, +8.985,+0.940
1666003080,+3.48,+17.403, +8.924,+0.940
1666003140,+3.48,+17.420, +8.851,+0.940
1666003200,+3.48,+17.394, +8.798,+0.940
1666003260,+3.48,+17.394, +8.785,+0.940
1666003320,+3.48,+17.386, +8.728,+0.940
1666003380,+3.48,+17.386, +8.696,+0.940
1666003440,+3.48,+17.394, +8.696,+0.940
1666003500,+3.48,+17.403, +8.700,+0.940
1666003560,+3.48,+17.377, +8.746,+0.940
1666003620,+3.48,+17.394, +8.641,+0.940
1666003680,+3.48,+17.420, +8.634,+0.940
1666003740,+3.48,+17.386, +8.718,+0.940
1666003800,+3.48,+17.386, +8.688,+0.940
1666003860,+3.48,+17.360, +8.692,+0.940
1666003920,+3.48,+17.352, +8.700,+0.940
1666003980,+3.48,+17.369, +8.850,+0.940
1666004040,+3.48,+17.360, +8.971,+0.940
1666004100,+3.48,+17.369, +9.011,+0.940
1666004160,+3.48,+17.352, +9.064,+0.941
1666004220,+3.48,+17.360, +9.077,+0.940
1666004280,+3.48,+17.360, +9.092,+0.940
1666004340,+3.48,+17.326, +9.064,+0.940
1666004400,+3.48,+17.293, +9.051,+0.940
1666004460,+3.48,+17.284, +8.962,+0.940
1666004520,+3.48,+17.267, +8.981,+0.940
1666004580,+3.48,+17.284, +8.959,+0.940
1666004640,+3.48,+17.259, +8.918,+0.940
1666004700,+3.48,+17.259, +8.914,+0.940
1666004760,+3.48,+17.259, +8.893,+0.940
1666004820,+3.48,+17.233, +8.897,+0.940
1666004880,+3.48,+17.233, +8.873,+0.940
1666004940,+3.48,+17.225, +8.885,+0.940
1666005000,+3.48,+17.216, +8.929,+0.940
1666005060,+3.48,+17.208, +8.926,+0.940
1666005120,+3.48,+17.216, +8.895,+0.940
1666005180,+3.48,+17.182, +8.948,+0.940
1666005240,+3.48,+17.191, +8.677,+0.940
1666005300,+3.48,+17.182, +8.525,+0.940
1666005360,+3.48,+17.208, +8.420,+0.940
1666005420,+3.48,+17.208, +8.533,+0.940
1666005480,+3.48,+17.182, +8.575,+0.939
1666005540,+3.48,+17.199, +8.495,+0.940
1666005600,+3.48,+17.191, +8.493,+0.940
1666005660,+3.48,+17.216, +8.501,+0.940
1666005720,+3.48,+17.182, +8.442,+0.940
1666005780,+3.48,+17.199, +8.398,+0.939
1666005840,+3.48,+17.191, +8.432,+0.940
1666005900,+3.48,+17.182, +8.602,+0.940
1666005960,+3.48,+17.216, +8.732,+0.940
1666006020,+3.48,+17.208, +8.908,+0.940
1666006080,+3.48,+17.233, +8.947,+0.940
1666006140,+3.48,+17.233, +8.973,+0.940
1666006200,+3.48,+17.208, +9.077,+0.940
1666006260,+3.48,+17.182, +9.116,+0.941
1666006320,+3.48,+17.174, +9.108,+0.940
1666006380,+3.48,+17.166, +9.099,+0.940
1666006440,+3.48,+17.157, +9.120,+0.941
1666006500,+3.48,+17.157, +9.127,+0.940
1666006560,+3.48,+17.166, +9.127,+0.940
1666006620,+3.48,+17.166, +9.115,+0.940
1666006680,+3.48,+17.182, +9.069,+0.941
1666006740,+3.48,+17.140, +8.975,+0.940
1666006800,+3.48,+17.140, +8.853,+0.940
1666006860,+3.48,+17.140, +8.668,+0.940
1666006920,+3.48,+17.166, +8.592,+0.940
1666006980,+3.48,+17.140, +8.607,+0.940
1666007040,+3.48,+17.149, +8.584,+0.940
1666007100,+3.48,+17.157, +8.588,+0.940
1666007160,+3.48,+17.157, +8.564,+0.940
1666007220,+3.48,+17.140, +8.577,+0.940
1666007280,+3.48,+17.149, +8.670,+0.940
1666007340,+3.48,+17.140, +8.686,+0.940
1666007400,+3.48,+17.132, +8.681,+0.940
1666007460,+3.48,+17.140, +8.599,+0.940
1666007520,+3.48,+17.140, +8.455,+0.940
1666007580,+3.48,+17.140, +8.232,+0.939
1666007640,+3.48,+17.140, +8.299,+0.940
1666007700,+3.48,+17.149, +8.237,+0.940
1666007760,+3.48,+17.140, +8.247,+0.940
1666007820,+3.48,+17.140, +8.245,+0.940
1666007880,+3.48,+17.166, +8.289,+0.940
1666007940,+3.48,+17.149, +8.356,+0.940
1666008000,+3.48,+17.166, +8.505,+0.940
1666008060,+3.48,+17.149, +8.240,+0.940
1666008120,+3.48,+17.132, +8.606,+0.940
1666008180,+3.48,+17.140, +8.818,+0.940
1666008240,+3.48,+17.157, +9.075,+0.940
1666008300,+3.48,+17.140, +9.166,+0.941
1666008360,+3.48,+17.140, +9.181,+0.940
1666008420,+3.48,+17.132, +9.192,+0.940
1666008480,+3.48,+17.132, +9.246,+0.941
1666008540,+3.48,+17.123, +9.258,+0.941
1666008600,+3.48,+17.132, +9.230,+0.940
1666008660,+3.48,+17.132, +9.240,+0.941
1666008720,+3.48,+17.132, +9.210,+0.940
1666008780,+3.48,+17.132, +9.205,+0.940
1666008840,+3.48,+17.140, +9.195,+0.940
1666008900,+3.48,+17.132, +9.220,+0.941
1666008960,+3.48,+17.132, +9.220,+0.940
1666009020,+3.48,+17.132, +9.215,+0.940
1666009080,+3.48,+17.149, +9.203,+0.940
1666009140,+3.48,+17.149, +9.189,+0.940
1666009200,+3.48,+17.149, +9.157,+0.941
1666009260,+3.48,+17.157, +9.105,+0.940
1666009320,+3.48,+17.140, +9.087,+0.940
1666009380,+3.48,+17.149, +9.115,+0.940
1666009440,+3.48,+17.149, +8.987,+0.940
1666009500,+3.48,+17.149, +8.899,+0.940
1666009560,+3.48,+17.157, +8.859,+0.940
1666009620,+3.48,+17.149, +8.812,+0.940
1666009680,+3.48,+17.157, +8.722,+0.940
1666009740,+3.48,+17.166, +8.645,+0.940
1666009800,+3.48,+17.157, +8.588,+0.940
1666009860,+3.48,+17.149, +8.548,+0.940
1666009920,+3.48,+17.157, +8.524,+0.940
1666009980,+3.48,+17.132, +8.483,+0.940
1666010040,+3.48,+17.140, +8.454,+0.940
1666010100,+3.48,+17.157, +8.393,+0.940
1666010160,+3.48,+17.140, +8.404,+0.940
1666010220,+3.48,+17.157, +8.442,+0.939
1666010280,+3.48,+17.149, +8.542,+0.940
1666010340,+3.48,+17.149, +8.552,+0.940
1666010400,+3.48,+17.140, +8.839,+0.940
1666010460,+3.48,+17.149, +8.932,+0.940
1666010520,+3.48,+17.157, +9.061,+0.940
1666010580,+3.48,+17.166, +9.108,+0.940
1666010640,+3.48,+17.157, +9.138,+0.940
1666010700,+3.48,+17.149, +9.127,+0.941
1666010760,+3.48,+17.140, +9.129,+0.940
1666010820,+3.48,+17.157, +9.122,+0.940
1666010880,+3.48,+17.157, +9.052,+0.940
1666010940,+3.48,+17.157, +9.010,+0.940
1666011000,+3.48,+17.149, +9.055,+0.941
1666011060,+3.48,+17.166, +9.054,+0.940
1666011120,+3.48,+17.182, +9.029,+0.940
1666011180,+3.48,+17.191, +9.029,+0.940
1666011240,+3.48,+17.199, +9.008,+0.941
1666011300,+3.48,+17.216, +8.914,+0.940
1666011360,+3.48,+17.225, +8.877,+0.940
1666011420,+3.48,+17.233, +8.846,+0.940
1666011480,+3.48,+17.242, +8.790,+0.940
1666011540,+3.48,+17.233, +8.741,+0.940
1666011600,+3.48,+17.250, +8.697,+0.940
1666011660,+3.48,+17.242, +8.678,+0.940
1666011720,+3.48,+17.259, +8.655,+0.940
1666011780,+3.48,+17.233, +8.668,+0.940
1666011840,+3.48,+17.242, +8.648,+0.940
1666011900,+3.48,+17.242, +8.655,+0.940
1666011960,+3.48,+17.242, +8.660,+0.940
1666012020,+3.48,+17.259, +8.626,+0.940
1666012080,+3.48,+17.250, +8.612,+0.940
1666012140,+3.48,+17.250, +8.553,+0.940
1666012200,+3.48,+17.233, +8.518,+0.940
1666012260,+3.48,+17.250, +8.493,+0.940
1666012320,+3.48,+17.233, +8.499,+0.940
1666012380,+3.48,+17.242, +8.679,+0.940
1666012440,+3.48,+17.216, +8.795,+0.940
1666012500,+3.48,+17.225, +8.909,+0.940
1666012560,+3.48,+17.216, +8.920,+0.940
1666012620,+3.48,+17.199, +8.911,+0.940
1666012680,+3.48,+17.225, +8.916,+0.940
1666012740,+3.48,+17.233, +8.901,+0.940
1666012800,+3.48,+17.250, +8.914,+0.940
1666012860,+3.48,+17.259, +8.868,+0.940
1666012920,+3.48,+17.250, +8.688,+0.940
1666012980,+3.48,+17.267, +8.730,+0.940
1666013040,+3.48,+17.259, +8.788,+0.940
1666013100,+3.48,+17.267, +8.811,+0.940
1666013160,+3.48,+17.267, +8.827,+0.940
1666013220,+3.48,+17.267, +8.839,+0.940
1666013280,+3.48,+17.276, +8.768,+0.940
1666013340,+3.48,+17.284, +8.685,+0.940
1666013400,+3.48,+17.284, +8.556,+0.940
1666013460,+3.48,+17.276, +8.514,+0.940
1666013520,+3.48,+17.301, +8.496,+0.940
1666013580,+3.48,+17.293, +8.487,+0.940
1666013640,+3.47,+17.326, +8.503,+0.940
1666013700,+3.48,+17.293, +8.548,+0.940
1666013760,+3.48,+17.310, +8.564,+0.940
1666013820,+3.47,+17.326, +8.576,+0.940
1666013880,+3.48,+17.293, +8.575,+0.940
1666013940,+3.48,+17.293, +8.523,+0.940
1666014000,+3.48,+17.301, +8.501,+0.940
1666014060,+3.47,+17.301, +8.430,+0.940
1666014120,+3.48,+17.318, +8.389,+0.940
1666014180,+3.48,+17.301, +8.307,+0.940
1666014240,+3.48,+17.301, +8.269,+0.940
1666014300,+3.48,+17.293, +8.410,+0.940
1666014360,+3.48,+17.276, +8.778,+0.940
1666014420,+3.48,+17.259, +8.930,+0.940
1666014480,+3.48,+17.284, +8.959,+0.940
1666014540,+3.48,+17.267, +9.014,+0.940
1666014600,+3.48,+17.267, +8.933,+0.940
1666014660,+3.48,+17.284, +8.752,+0.940
1666014720,+3.48,+17.276, +8.500,+0.940
1666014780,+3.48,+17.276, +8.393,+0.940
1666014840,+3.48,+17.293, +8.353,+0.940
1666014900,+3.48,+17.267, +8.389,+0.940
1666014960,+3.48,+17.310, +8.520,+0.940
1666015020,+3.48,+17.318, +8.547,+0.940
1666015080,+3.48,+17.326, +8.639,+0.940
1666015140,+3.47,+17.352, +8.609,+0.940
1666015200,+3.48,+17.326, +8.584,+0.940
1666015260,+3.47,+17.360, +8.580,+0.940
1666015320,+3.48,+17.352, +8.615,+0.940
1666015380,+3.47,+17.369, +8.608,+0.940
1666015440,+3.47,+17.411, +8.578,+0.940
1666015500,+3.47,+17.394, +8.589,+0.940
1666015560,+3.47,+17.428, +8.568,+0.940
1666015620,+3.47,+17.403, +8.611,+0.940
1666015680,+3.47,+17.411, +8.548,+0.940
1666015740,+3.47,+17.428, +8.465,+0.940
1666015800,+3.47,+17.436, +8.388,+0.940
1666015860,+3.47,+17.453, +8.217,+0.940
1666015920,+3.47,+17.470, +8.094,+0.940
1666015980,+3.47,+17.470, +8.016,+0.940
1666016040,+3.47,+17.496, +7.970,+0.940
1666016100,+3.47,+17.487, +8.097,+0.939
1666016160,+3.47,+17.487, +8.187,+0.940
1666016220,+3.47,+17.470, +8.225,+0.940
1666016280,+3.47,+17.479, +8.285,+0.940
1666016340,+3.47,+17.496, +8.248,+0.940
1666016400,+3.47,+17.453, +8.542,+0.940
1666016460,+3.47,+17.487, +8.579,+0.940
1666016520,+3.47,+17.487, +8.567,+0.940
1666016580,+3.47,+17.479, +8.599,+0.940
1666016640,+3.47,+17.504, +8.519,+0.940
1666016700,+3.47,+17.496, +8.452,+0.940
1666016760,+3.47,+17.513, +8.512,+0.940
1666016820,+3.47,+17.513, +8.510,+0.940
1666016880,+3.47,+17.513, +8.488,+0.940
1666016940,+3.47,+17.504, +8.472,+0.940
1666017000,+3.47,+17.504, +8.395,+0.940
1666017060,+3.47,+17.521, +8.323,+0.940
1666017120,+3.47,+17.504, +8.293,+0.940
1666017180,+3.47,+17.521, +8.295,+0.939
1666017240,+3.47,+17.529, +8.299,+0.940
1666017300,+3.47,+17.538, +8.239,+0.940
1666017360,+3.47,+17.538, +8.192,+0.940
1666017420,+3.47,+17.538, +8.104,+0.939
1666017480,+3.47,+17.538, +8.088,+0.940
1666017540,+3.47,+17.521, +8.083,+0.939
1666017600,+3.47,+17.513, +8.076,+0.939
1666017660,+3.47,+17.487, +8.121,+0.940
1666017720,+3.47,+17.496, +8.206,+0.940
1666017780,+3.47,+17.470, +8.213,+0.940
1666017840,+3.47,+17.479, +8.161,+0.939
1666017900,+3.47,+17.487, +8.126,+0.940
1666017960,+3.47,+17.487, +8.047,+0.940
1666018020,+3.47,+17.470, +8.078,+0.940
1666018080,+3.47,+17.470, +8.091,+0.940
1666018140,+3.47,+17.462, +8.177,+0.939
1666018200,+3.47,+17.428, +8.396,+0.940
1666018260,+3.47,+17.428, +8.531,+0.940
1666018320,+3.47,+17.445, +8.633,+0.940
1666018380,+3.47,+17.436, +8.681,+0.940
1666018440,+3.47,+17.462, +8.681,+0.940
1666018500,+3.47,+17.479, +8.662,+0.940
1666018560,+3.47,+17.479, +8.641,+0.940
1666018620,+3.47,+17.470, +8.594,+0.940
1666018680,+3.47,+17.479, +8.513,+0.940
1666018740,+3.47,+17.496, +8.515,+0.940
1666018800,+3.47,+17.487, +8.489,+0.940
1666018860,+3.47,+17.479, +8.364,+0.940
1666018920,+3.47,+17.487, +8.457,+0.940
1666018980,+3.47,+17.496, +8.469,+0.940
1666019040,+3.47,+17.496, +8.422,+0.940
1666019100,+3.47,+17.504, +8.369,+0.940
1666019160,+3.47,+17.487, +8.294,+0.940
1666019220,+3.47,+17.487, +8.170,+0.940
1666019280,+3.47,+17.521, +8.120,+0.940
1666019340,+3.47,+17.521, +8.102,+0.940
1666019400,+3.47,+17.496, +8.166,+0.940
1666019460,+3.47,+17.504, +8.207,+0.940
1666019520,+3.47,+17.504, +8.216,+0.940
1666019580,+3.47,+17.496, +8.260,+0.940
1666019640,+3.47,+17.487, +8.167,+0.940
1666019700,+3.47,+17.470, +8.265,+0.940
1666019760,+3.47,+17.479, +8.303,+0.940
1666019820,+3.47,+17.496, +8.267,+0.940
1666019880,+3.47,+17.487, +8.333,+0.939
1666019940,+3.47,+17.529, +8.390,+0.940
1666020000,+3.47,+17.513, +8.420,+0.940
1666020060,+3.47,+17.529, +8.410,+0.940
1666020120,+3.47,+17.529, +8.415,+0.940
1666020180,+3.47,+17.513, +8.292,+0.940
1666020240,+3.47,+17.513, +8.316,+0.940
1666020300,+3.47,+17.496, +8.370,+0.940
1666020360,+3.47,+17.513, +8.419,+0.940
1666020420,+3.47,+17.538, +8.415,+0.940
1666020480,+3.47,+17.546, +8.481,+0.940
1666020540,+3.47,+17.546, +8.505,+0.940
1666020600,+3.47,+17.538, +8.525,+0.940
1666020660,+3.47,+17.546, +8.520,+0.940
1666020720,+3.47,+17.529, +8.558,+0.940
1666020780,+3.47,+17.529, +8.567,+0.940
1666020840,+3.47,+17.538, +8.564,+0.940
1666020900,+3.47,+17.538, +8.612,+0.940
1666020960,+3.47,+17.496, +8.700,+0.941
1666021020,+3.47,+17.496, +8.657,+0.940
1666021080,+3.47,+17.462, +8.681,+0.940
1666021140,+3.47,+17.479, +8.679,+0.940
1666021200,+3.47,+17.453, +8.641,+0.940
1666021260,+3.47,+17.487, +8.577,+0.940
1666021320,+3.47,+17.470, +8.593,+0.940
1666021380,+3.47,+17.470, +8.608,+0.940
1666021440,+3.47,+17.436, +8.645,+0.940
1666021500,+3.47,+17.428, +8.679,+0.940
1666021560,+3.48,+17.428, +8.690,+0.940
1666021620,+3.48,+17.394, +8.715,+0.940
1666021680,+3.48,+17.377, +8.788,+0.940
1666021740,+3.48,+17.369, +8.860,+0.940
1666021800,+3.48,+17.326, +8.896,+0.940
1666021860,+3.48,+17.326, +8.899,+0.940
1666021920,+3.48,+17.301, +8.911,+0.940
1666021980,+3.48,+17.276, +8.983,+0.940
1666022040,+3.48,+17.250, +9.018,+0.940
1666022100,+3.48,+17.225, +9.041,+0.940
1666022160,+3.48,+17.216, +9.070,+0.940
1666022220,+3.48,+17.182, +9.095,+0.940
1666022280,+3.48,+17.166, +9.121,+0.940
1666022340,+3.48,+17.157, +9.090,+0.940
1666022400,+3.48,+17.132, +9.155,+0.940
1666022460,+3.48,+17.149, +9.136,+0.940
1666022520,+3.48,+17.149, +9.168,+0.940
1666022580,+3.48,+17.157, +9.163,+0.941
1666022640,+3.48,+17.166, +9.209,+0.940
1666022700,+3.48,+17.174, +9.231,+0.940
1666022760,+3.48,+17.174, +9.261,+0.940
1666022820,+3.48,+17.182, +9.253,+0.940
1666022880,+3.48,+17.182, +9.233,+0.940
1666022940,+3.48,+17.191, +9.230,+0.940
1666023000,+3.48,+17.191, +9.229,+0.940
1666023060,+3.48,+17.216, +9.216,+0.940
1666023120,+3.48,+17.208, +9.245,+0.941
1666023180,+3.48,+17.208, +9.251,+0.940
1666023240,+3.48,+17.199, +9.262,+0.940
1666023300,+3.48,+17.191, +9.267,+0.941
1666023360,+3.48,+17.208, +9.257,+0.941
1666023420,+3.48,+17.216, +9.251,+0.940
1666023480,+3.48,+17.216, +9.270,+0.941
1666023540,+3.48,+17.208, +9.280,+0.940
1666023600,+3.48,+17.216, +9.289,+0.940
1666023660,+3.48,+17.216, +9.281,+0.940
1666023720,+3.48,+17.208, +9.286,+0.940
1666023780,+3.48,+17.208, +9.299,+0.940
1666023840,+3.48,+17.199, +9.297,+0.940
1666023900,+3.48,+17.208, +9.282,+0.940
1666023960,+3.48,+17.216, +9.278,+0.940
1666024020,+3.48,+17.208, +9.283,+0.941
1666024080,+3.48,+17.208, +9.284,+0.940
1666024140,+3.48,+17.191, +9.285,+0.940
1666024200,+3.48,+17.208, +9.282,+0.940
1666024260,+3.48,+17.208, +9.287,+0.941
1666024320,+3.48,+17.199, +9.276,+0.940
1666024380,+3.48,+17.208, +9.273,+0.940
1666024440,+3.48,+17.199, +9.274,+0.940
1666024500,+3.48,+17.208, +9.262,+0.940
1666024560,+3.48,+17.216, +9.253,+0.940
1666024620,+3.48,+17.233, +9.247,+0.940
1666024680,+3.48,+17.225, +9.245,+0.940
1666024740,+3.48,+17.216, +9.314,+0.940
1666024800,+3.48,+17.182, +9.405,+0.940
1666024860,+3.48,+17.166, +9.412,+0.941
1666024920,+3.48,+17.191, +9.375,+0.940
1666024980,+3.48,+17.166, +9.416,+0.941
1666025040,+3.48,+17.166, +9.442,+0.941
1666025100,+3.48,+17.157, +9.441,+0.940
1666025160,+3.48,+17.182, +9.409,+0.940
1666025220,+3.48,+17.157, +9.452,+0.940
1666025280,+3.48,+17.166, +9.461,+0.940
1666025340,+3.48,+17.157, +9.452,+0.940
1666025400,+3.48,+17.149, +9.477,+0.940
