7450-364333
OS REV: 1.05 Sensor Cal: 1644948279
Time (sec),  BV (Volts),  T (deg C),  DO (mg/l),  Q ()
1667235060,+3.47,+14.800,+10.243,+0.938
1667235120,+3.47,+14.825,+10.235,+0.938
1667235180,+3.47,+14.808,+10.244,+0.938
1667235240,+3.47,+14.817,+10.255,+0.939
1667235300,+3.47,+14.808,+10.246,+0.939
1667235360,+3.47,+14.808,+10.214,+0.938
1667235420,+3.47,+14.808,+10.213,+0.938
1667235480,+3.47,+14.800,+10.193,+0.938
1667235540,+3.47,+14.800,+10.184,+0.938
1667235600,+3.47,+14.825,+10.110,+0.938
1667235660,+3.47,+14.834,+10.087,+0.938
1667235720,+3.47,+14.825,+10.058,+0.938
1667235780,+3.47,+14.843,+10.031,+0.938
1667235840,+3.47,+14.843, +9.977,+0.938
1667235900,+3.47,+14.843, +9.943,+0.938
1667235960,+3.47,+14.860, +9.962,+0.938
1667236020,+3.47,+14.869, +9.945,+0.938
1667236080,+3.47,+14.877, +9.960,+0.938
1667236140,+3.47,+14.877,+10.064,+0.938
1667236200,+3.47,+14.877,+10.132,+0.938
1667236260,+3.47,+14.843,+10.185,+0.939
1667236320,+3.47,+14.869,+10.199,+0.938
1667236380,+3.47,+14.843,+10.209,+0.938
1667236440,+3.47,+14.877,+10.215,+0.938
1667236500,+3.47,+14.869,+10.239,+0.938
1667236560,+3.47,+14.851,+10.238,+0.938
1667236620,+3.47,+14.860,+10.237,+0.938
1667236680,+3.47,+14.851,+10.244,+0.938
1667236740,+3.47,+14.860,+10.231,+0.938
1667236800,+3.47,+14.843,+10.253,+0.938
1667236860,+3.47,+14.860,+10.252,+0.938
1667236920,+3.47,+14.869,+10.253,+0.938
1667236980,+3.47,+14.869,+10.255,+0.938
1667237040,+3.47,+14.851,+10.252,+0.938
1667237100,+3.47,+14.869,+10.256,+0.938
1667237160,+3.47,+14.860,+10.246,+0.938
1667237220,+3.47,+14.869,+10.243,+0.939
1667237280,+3.47,+14.877,+10.215,+0.938
1667237340,+3.47,+14.869,+10.228,+0.938
1667237400,+3.47,+14.877,+10.210,+0.939
1667237460,+3.47,+14.869,+10.214,+0.938
1667237520,+3.47,+14.851,+10.291,+0.939
1667237580,+3.47,+14.886,+10.272,+0.938
1667237640,+3.47,+14.894,+10.259,+0.939
1667237700,+3.47,+14.886,+10.248,+0.939
1667237760,+3.47,+14.886,+10.218,+0.938
1667237820,+3.47,+14.912,+10.206,+0.938
1667237880,+3.47,+14.894,+10.178,+0.938
1667237940,+3.47,+14.912,+10.186,+0.938
1667238000,+3.47,+14.877,+10.208,+0.938
1667238060,+3.47,+14.894,+10.214,+0.938
1667238120,+3.47,+14.903,+10.202,+0.938
1667238180,+3.47,+14.894,+10.210,+0.938
1667238240,+3.47,+14.903,+10.199,+0.938
1667238300,+3.47,+14.920,+10.200,+0.938
1667238360,+3.47,+14.929,+10.216,+0.938
1667238420,+3.47,+14.886,+10.235,+0.938
1667238480,+3.47,+14.903,+10.208,+0.938
1667238540,+3.47,+14.912,+10.192,+0.938
1667238600,+3.47,+14.877,+10.206,+0.938
1667238660,+3.47,+14.903,+10.197,+0.938
1667238720,+3.47,+14.912,+10.233,+0.938
1667238780,+3.47,+14.920,+10.278,+0.938
1667238840,+3.47,+14.903,+10.292,+0.938
1667238900,+3.47,+14.912,+10.301,+0.939
1667238960,+3.47,+14.912,+10.340,+0.938
1667239020,+3.47,+14.946,+10.317,+0.939
1667239080,+3.47,+14.929,+10.331,+0.938
1667239140,+3.47,+14.955,+10.311,+0.938
1667239200,+3.47,+14.929,+10.324,+0.938
1667239260,+3.47,+14.920,+10.307,+0.938
1667239320,+3.47,+14.946,+10.333,+0.938
1667239380,+3.47,+14.929,+10.340,+0.938
1667239440,+3.47,+14.929,+10.330,+0.938
1667239500,+3.47,+14.937,+10.341,+0.939
1667239560,+3.47,+14.946,+10.341,+0.938
1667239620,+3.47,+14.946,+10.334,+0.938
1667239680,+3.47,+14.955,+10.346,+0.939
1667239740,+3.47,+14.955,+10.346,+0.938
1667239800,+3.47,+14.946,+10.346,+0.939
1667239860,+3.47,+14.946,+10.347,+0.939
1667239920,+3.47,+14.955,+10.333,+0.938
1667239980,+3.47,+14.972,+10.329,+0.938
1667240040,+3.47,+14.972,+10.338,+0.939
1667240100,+3.47,+14.946,+10.347,+0.938
1667240160,+3.47,+14.955,+10.343,+0.938
1667240220,+3.47,+14.955,+10.346,+0.938
1667240280,+3.47,+14.972,+10.353,+0.939
1667240340,+3.47,+14.989,+10.341,+0.939
1667240400,+3.47,+14.963,+10.340,+0.938
1667240460,+3.47,+14.963,+10.325,+0.938
1667240520,+3.47,+14.972,+10.319,+0.938
1667240580,+3.47,+14.963,+10.337,+0.938
1667240640,+3.47,+14.972,+10.336,+0.938
1667240700,+3.47,+14.963,+10.337,+0.938
1667240760,+3.47,+14.963,+10.344,+0.938
1667240820,+3.47,+14.955,+10.355,+0.939
1667240880,+3.47,+14.972,+10.332,+0.938
1667240940,+3.47,+14.963,+10.352,+0.938
1667241000,+3.47,+14.981,+10.366,+0.939
1667241060,+3.47,+14.981,+10.340,+0.938
1667241120,+3.47,+14.981,+10.345,+0.938
1667241180,+3.47,+14.981,+10.357,+0.939
1667241240,+3.47,+14.972,+10.366,+0.938
1667241300,+3.47,+14.989,+10.351,+0.938
1667241360,+3.47,+14.989,+10.345,+0.938
1667241420,+3.47,+14.998,+10.353,+0.939
1667241480,+3.47,+14.981,+10.353,+0.938
1667241540,+3.47,+14.981,+10.367,+0.939
1667241600,+3.47,+14.981,+10.363,+0.939
1667241660,+3.47,+14.998,+10.360,+0.939
1667241720,+3.47,+14.981,+10.366,+0.939
1667241780,+3.47,+14.998,+10.361,+0.938
1667241840,+3.47,+14.981,+10.372,+0.938
1667241900,+3.47,+14.981,+10.390,+0.939
1667241960,+3.47,+14.972,+10.371,+0.938
1667242020,+3.47,+14.981,+10.379,+0.938
1667242080,+3.47,+14.989,+10.403,+0.939
1667242140,+3.47,+14.998,+10.380,+0.939
1667242200,+3.47,+14.981,+10.378,+0.938
1667242260,+3.47,+14.989,+10.371,+0.938
1667242320,+3.47,+14.972,+10.377,+0.938
1667242380,+3.47,+14.989,+10.367,+0.938
1667242440,+3.47,+14.981,+10.378,+0.938
1667242500,+3.47,+14.963,+10.390,+0.939
1667242560,+3.47,+14.972,+10.396,+0.939
1667242620,+3.47,+14.998,+10.374,+0.938
1667242680,+3.47,+14.998,+10.394,+0.939
1667242740,+3.47,+14.981,+10.391,+0.938
1667242800,+3.47,+14.963,+10.389,+0.939
1667242860,+3.47,+14.972,+10.432,+0.938
1667242920,+3.47,+14.972,+10.437,+0.938
1667242980,+3.47,+14.955,+10.450,+0.939
1667243040,+3.47,+14.963,+10.409,+0.938
1667243100,+3.47,+14.937,+10.397,+0.938
1667243160,+3.47,+14.955,+10.360,+0.938
1667243220,+3.47,+14.937,+10.375,+0.938
1667243280,+3.47,+14.946,+10.347,+0.938
1667243340,+3.47,+14.929,+10.362,+0.939
1667243400,+3.47,+14.920,+10.358,+0.938
1667243460,+3.47,+14.903,+10.387,+0.939
1667243520,+3.47,+14.920,+10.362,+0.938
1667243580,+3.47,+14.912,+10.397,+0.939
1667243640,+3.47,+14.937,+10.372,+0.938
1667243700,+3.47,+14.955,+10.376,+0.938
1667243760,+3.47,+14.946,+10.365,+0.938
1667243820,+3.47,+14.955,+10.358,+0.938
1667243880,+3.47,+14.946,+10.368,+0.938
1667243940,+3.47,+14.955,+10.351,+0.939
1667244000,+3.47,+14.946,+10.346,+0.938
1667244060,+3.47,+14.912,+10.356,+0.938
1667244120,+3.47,+14.920,+10.359,+0.938
1667244180,+3.47,+14.912,+10.365,+0.939
1667244240,+3.47,+14.920,+10.343,+0.938
1667244300,+3.47,+14.912,+10.365,+0.939
1667244360,+3.47,+14.912,+10.373,+0.938
1667244420,+3.47,+14.929,+10.376,+0.938
1667244480,+3.47,+14.929,+10.384,+0.939
1667244540,+3.47,+14.929,+10.393,+0.939
1667244600,+3.47,+14.929,+10.375,+0.938
1667244660,+3.47,+14.912,+10.379,+0.938
1667244720,+3.47,+14.912,+10.348,+0.939
1667244780,+3.47,+14.903,+10.347,+0.938
1667244840,+3.47,+14.886,+10.351,+0.938
1667244900,+3.47,+14.877,+10.330,+0.939
1667244960,+3.47,+14.894,+10.302,+0.938
1667245020,+3.47,+14.886,+10.343,+0.939
1667245080,+3.47,+14.877,+10.343,+0.939
1667245140,+3.47,+14.886,+10.350,+0.939
1667245200,+3.47,+14.912,+10.373,+0.938
1667245260,+3.47,+14.903,+10.339,+0.938
1667245320,+3.47,+14.929,+10.357,+0.939
1667245380,+3.47,+14.937,+10.352,+0.938
1667245440,+3.47,+14.946,+10.335,+0.939
1667245500,+3.47,+14.894,+10.300,+0.938
1667245560,+3.47,+14.912,+10.299,+0.938
1667245620,+3.47,+14.877,+10.306,+0.938
1667245680,+3.47,+14.877,+10.331,+0.938
1667245740,+3.47,+14.877,+10.335,+0.939
1667245800,+3.47,+14.877,+10.307,+0.938
1667245860,+3.47,+14.886,+10.314,+0.939
1667245920,+3.47,+14.877,+10.307,+0.938
1667245980,+3.47,+14.869,+10.307,+0.938
1667246040,+3.47,+14.869,+10.311,+0.938
1667246100,+3.47,+14.886,+10.320,+0.938
1667246160,+3.47,+14.886,+10.338,+0.938
1667246220,+3.47,+14.877,+10.352,+0.939
1667246280,+3.47,+14.903,+10.354,+0.939
1667246340,+3.47,+14.903,+10.357,+0.938
1667246400,+3.47,+14.912,+10.379,+0.939
1667246460,+3.47,+14.920,+10.350,+0.939
1667246520,+3.47,+14.920,+10.350,+0.938
1667246580,+3.47,+14.920,+10.354,+0.938
1667246640,+3.47,+14.929,+10.350,+0.938
1667246700,+3.47,+14.912,+10.361,+0.938
1667246760,+3.47,+14.920,+10.363,+0.938
1667246820,+3.47,+14.912,+10.355,+0.938
1667246880,+3.47,+14.894,+10.369,+0.939
1667246940,+3.47,+14.903,+10.377,+0.938
1667247000,+3.47,+14.929,+10.387,+0.939
1667247060,+3.47,+14.920,+10.387,+0.938
1667247120,+3.47,+14.929,+10.383,+0.939
1667247180,+3.47,+14.920,+10.371,+0.938
1667247240,+3.47,+14.912,+10.348,+0.938
1667247300,+3.47,+14.920,+10.360,+0.938
1667247360,+3.47,+14.912,+10.368,+0.938
1667247420,+3.47,+14.894,+10.378,+0.939
1667247480,+3.47,+14.903,+10.363,+0.939
1667247540,+3.47,+14.929,+10.340,+0.938
1667247600,+3.47,+14.929,+10.355,+0.939
1667247660,+3.47,+14.920,+10.370,+0.938
1667247720,+3.47,+14.929,+10.366,+0.938
1667247780,+3.47,+14.937,+10.339,+0.938
1667247840,+3.47,+14.963,+10.312,+0.938
1667247900,+3.47,+14.929,+10.306,+0.938
1667247960,+3.47,+14.963,+10.278,+0.938
1667248020,+3.47,+14.963,+10.240,+0.938
1667248080,+3.47,+14.937,+10.247,+0.938
1667248140,+3.47,+14.955,+10.277,+0.938
1667248200,+3.47,+14.946,+10.301,+0.938
1667248260,+3.47,+14.963,+10.326,+0.938
1667248320,+3.47,+14.955,+10.342,+0.938
1667248380,+3.47,+14.955,+10.319,+0.938
1667248440,+3.47,+14.946,+10.311,+0.938
1667248500,+3.47,+14.963,+10.290,+0.939
1667248560,+3.47,+14.937,+10.343,+0.939
1667248620,+3.47,+14.955,+10.302,+0.938
1667248680,+3.47,+14.955,+10.332,+0.939
1667248740,+3.47,+14.946,+10.263,+0.938
1667248800,+3.47,+14.946,+10.259,+0.938
1667248860,+3.47,+14.946,+10.252,+0.938
1667248920,+3.47,+14.937,+10.260,+0.938
1667248980,+3.47,+14.937,+10.284,+0.938
1667249040,+3.47,+14.920,+10.288,+0.938
1667249100,+3.47,+14.937,+10.238,+0.938
1667249160,+3.47,+14.929,+10.274,+0.938
1667249220,+3.47,+14.912,+10.274,+0.938
1667249280,+3.47,+14.903,+10.210,+0.938
1667249340,+3.47,+14.894,+10.278,+0.938
1667249400,+3.47,+14.937,+10.296,+0.938
1667249460,+3.47,+14.929,+10.245,+0.938
1667249520,+3.47,+14.920,+10.233,+0.938
1667249580,+3.47,+14.920,+10.152,+0.938
1667249640,+3.47,+14.920,+10.154,+0.938
1667249700,+3.47,+14.937,+10.159,+0.938
1667249760,+3.47,+14.955,+10.218,+0.938
1667249820,+3.47,+14.963,+10.262,+0.939
1667249880,+3.47,+14.972,+10.221,+0.938
1667249940,+3.47,+14.946,+10.198,+0.938
1667250000,+3.47,+14.946,+10.169,+0.938
1667250060,+3.47,+14.981, +9.760,+0.938
1667250120,+3.47,+14.955, +9.877,+0.938
1667250180,+3.47,+14.981, +9.986,+0.938
1667250240,+3.47,+14.963,+10.094,+0.938
1667250300,+3.47,+14.946,+10.137,+0.938
1667250360,+3.47,+14.981,+10.333,+0.938
1667250420,+3.47,+14.989,+10.446,+0.939
1667250480,+3.47,+14.972,+10.426,+0.938
1667250540,+3.47,+14.989,+10.400,+0.938
1667250600,+3.47,+14.981,+10.394,+0.939
1667250660,+3.47,+14.972,+10.393,+0.938
1667250720,+3.47,+15.015,+10.381,+0.938
1667250780,+3.47,+14.998,+10.372,+0.938
1667250840,+3.47,+14.981,+10.418,+0.938
1667250900,+3.47,+14.972,+10.465,+0.939
1667250960,+3.47,+14.989,+10.440,+0.938
1667251020,+3.47,+14.972,+10.374,+0.938
1667251080,+3.47,+14.972,+10.265,+0.938
1667251140,+3.47,+14.937,+10.187,+0.938
1667251200,+3.47,+14.929,+10.105,+0.938
1667251260,+3.47,+14.912,+10.108,+0.938
1667251320,+3.47,+14.912,+10.141,+0.938
1667251380,+3.47,+14.920,+10.095,+0.938
1667251440,+3.47,+14.912, +9.970,+0.938
1667251500,+3.47,+14.912, +9.955,+0.938
1667251560,+3.47,+14.903,+10.030,+0.938
1667251620,+3.47,+14.877,+10.136,+0.938
1667251680,+3.47,+14.894,+10.167,+0.938
1667251740,+3.47,+14.912,+10.040,+0.938
1667251800,+3.47,+14.912, +9.940,+0.938
1667251860,+3.47,+14.946, +9.880,+0.938
1667251920,+3.47,+14.955, +9.843,+0.938
1667251980,+3.47,+14.963,+10.207,+0.938
1667252040,+3.47,+14.955,+10.308,+0.938
1667252100,+3.47,+14.946,+10.250,+0.938
1667252160,+3.47,+14.955,+10.209,+0.938
1667252220,+3.47,+14.963,+10.371,+0.939
1667252280,+3.47,+14.972,+10.338,+0.938
1667252340,+3.47,+14.981,+10.176,+0.938
1667252400,+3.47,+14.981,+10.063,+0.938
1667252460,+3.47,+14.998,+10.044,+0.938
1667252520,+3.47,+14.998,+10.014,+0.938
1667252580,+3.47,+14.981, +9.996,+0.938
1667252640,+3.47,+15.006, +9.974,+0.938
1667252700,+3.47,+14.989, +9.979,+0.938
1667252760,+3.47,+14.998, +9.975,+0.938
1667252820,+3.47,+14.998, +9.933,+0.938
1667252880,+3.47,+14.972, +9.886,+0.938
1667252940,+3.47,+14.955, +9.875,+0.938
1667253000,+3.47,+14.937, +9.873,+0.938
1667253060,+3.47,+14.912, +9.837,+0.938
1667253120,+3.47,+14.912, +9.802,+0.938
1667253180,+3.47,+14.912, +9.799,+0.938
1667253240,+3.47,+14.903, +9.775,+0.938
1667253300,+3.47,+14.886, +9.732,+0.938
1667253360,+3.47,+14.886, +9.688,+0.938
1667253420,+3.47,+14.886, +9.651,+0.938
1667253480,+3.47,+14.869, +9.614,+0.938
1667253540,+3.47,+14.869, +9.598,+0.938
1667253600,+3.47,+14.869, +9.607,+0.938
1667253660,+3.47,+14.894, +9.649,+0.938
1667253720,+3.47,+14.912, +9.672,+0.938
1667253780,+3.47,+14.929, +9.722,+0.938
1667253840,+3.47,+14.920, +9.757,+0.938
1667253900,+3.47,+14.929, +9.791,+0.938
1667253960,+3.47,+14.955, +9.775,+0.938
1667254020,+3.47,+14.946, +9.780,+0.938
1667254080,+3.47,+14.946, +9.786,+0.938
1667254140,+3.47,+14.937, +9.750,+0.938
1667254200,+3.47,+14.929, +9.740,+0.938
1667254260,+3.47,+14.937, +9.712,+0.938
1667254320,+3.47,+14.946, +9.735,+0.938
1667254380,+3.47,+14.946, +9.747,+0.938
1667254440,+3.47,+14.937, +9.754,+0.938
1667254500,+3.47,+14.929, +9.746,+0.938
1667254560,+3.47,+14.955, +9.512,+0.938
1667254620,+3.47,+14.955, +9.266,+0.937
1667254680,+3.47,+14.955, +9.134,+0.938
1667254740,+3.47,+14.981, +9.055,+0.937
1667254800,+3.47,+14.963, +9.178,+0.938
1667254860,+3.47,+14.981, +9.300,+0.938
1667254920,+3.47,+14.955, +9.501,+0.938
1667254980,+3.47,+14.972, +9.590,+0.938
1667255040,+3.47,+14.981, +9.591,+0.938
1667255100,+3.47,+14.963, +9.547,+0.938
1667255160,+3.47,+14.981, +9.548,+0.938
1667255220,+3.47,+14.989, +9.565,+0.938
1667255280,+3.47,+15.006, +9.551,+0.938
1667255340,+3.47,+15.006, +9.384,+0.938
1667255400,+3.47,+14.998, +9.280,+0.938
1667255460,+3.47,+14.989, +9.293,+0.938
1667255520,+3.47,+15.024, +9.373,+0.938
1667255580,+3.47,+15.015, +9.434,+0.938
1667255640,+3.47,+15.015, +9.464,+0.937
1667255700,+3.47,+15.024, +9.518,+0.938
1667255760,+3.47,+15.024, +9.503,+0.938
1667255820,+3.47,+15.015, +9.570,+0.938
1667255880,+3.47,+15.024, +9.623,+0.937
1667255940,+3.47,+15.024, +9.645,+0.937
1667256000,+3.47,+15.032, +9.729,+0.937
1667256060,+3.47,+14.998, +9.853,+0.937
1667256120,+3.47,+15.006, +9.971,+0.938
1667256180,+3.47,+15.024, +9.933,+0.938
1667256240,+3.47,+15.015, +9.932,+0.938
1667256300,+3.47,+15.015, +9.926,+0.938
1667256360,+3.47,+15.024, +9.916,+0.938
1667256420,+3.47,+15.024, +9.943,+0.938
1667256480,+3.47,+15.041, +9.963,+0.938
1667256540,+3.47,+15.049, +9.966,+0.938
1667256600,+3.47,+15.049, +9.987,+0.938
1667256660,+3.47,+15.032, +9.989,+0.938
1667256720,+3.47,+15.058, +9.970,+0.938
1667256780,+3.47,+15.058, +9.941,+0.938
1667256840,+3.47,+15.058, +9.923,+0.938
1667256900,+3.47,+15.084, +9.917,+0.938
1667256960,+3.47,+15.067, +9.959,+0.938
1667257020,+3.47,+15.084, +9.976,+0.938
1667257080,+3.47,+15.075, +9.991,+0.938
1667257140,+3.47,+15.084, +9.983,+0.938
1667257200,+3.47,+15.092, +9.971,+0.938
1667257260,+3.47,+15.075, +9.947,+0.938
1667257320,+3.47,+15.092, +9.888,+0.938
1667257380,+3.47,+15.101, +9.862,+0.938
1667257440,+3.47,+15.101, +9.886,+0.938
1667257500,+3.47,+15.092, +9.908,+0.938
1667257560,+3.47,+15.110, +9.971,+0.938
1667257620,+3.47,+15.110,+10.049,+0.938
1667257680,+3.47,+15.127,+10.136,+0.938
1667257740,+3.47,+15.110,+10.173,+0.938
1667257800,+3.47,+15.101,+10.038,+0.938
1667257860,+3.47,+15.101, +9.677,+0.938
1667257920,+3.47,+15.084, +9.538,+0.938
1667257980,+3.47,+15.075, +9.539,+0.937
1667258040,+3.47,+15.075, +9.536,+0.938
1667258100,+3.47,+15.084, +9.719,+0.938
1667258160,+3.47,+15.092, +9.843,+0.938
1667258220,+3.47,+15.101, +9.935,+0.938
1667258280,+3.47,+15.092, +9.983,+0.938
1667258340,+3.47,+15.110,+10.008,+0.938
1667258400,+3.47,+15.101,+10.020,+0.938
1667258460,+3.47,+15.084,+10.006,+0.938
1667258520,+3.47,+15.110, +9.941,+0.938
1667258580,+3.47,+15.092, +9.932,+0.938
1667258640,+3.47,+15.101, +9.951,+0.938
1667258700,+3.47,+15.092,+10.008,+0.938
1667258760,+3.47,+15.092,+10.066,+0.938
1667258820,+3.47,+15.092,+10.152,+0.938
1667258880,+3.47,+15.092,+10.201,+0.938
1667258940,+3.47,+15.101,+10.202,+0.938
1667259000,+3.47,+15.067,+10.189,+0.938
1667259060,+3.47,+15.058,+10.202,+0.938
1667259120,+3.47,+15.067,+10.185,+0.938
1667259180,+3.47,+15.067,+10.178,+0.938
1667259240,+3.47,+15.058,+10.181,+0.938
1667259300,+3.47,+15.041,+10.217,+0.938
1667259360,+3.47,+15.041,+10.255,+0.938
1667259420,+3.47,+15.032,+10.291,+0.938
1667259480,+3.47,+15.049,+10.306,+0.938
1667259540,+3.47,+15.058,+10.345,+0.939
1667259600,+3.47,+15.041,+10.337,+0.939
1667259660,+3.47,+15.041,+10.294,+0.938
1667259720,+3.47,+15.032,+10.301,+0.938
1667259780,+3.47,+15.032,+10.285,+0.938
1667259840,+3.47,+15.049,+10.273,+0.939
1667259900,+3.47,+15.032,+10.306,+0.938
1667259960,+3.47,+15.024,+10.311,+0.938
1667260020,+3.47,+15.015,+10.340,+0.938
1667260080,+3.47,+15.015,+10.269,+0.938
1667260140,+3.47,+15.015,+10.266,+0.938
1667260200,+3.47,+15.015,+10.213,+0.938
1667260260,+3.47,+15.032,+10.234,+0.938
1667260320,+3.47,+15.049,+10.349,+0.939
1667260380,+3.47,+15.041,+10.356,+0.939
1667260440,+3.47,+15.041,+10.363,+0.938
1667260500,+3.47,+15.032,+10.322,+0.938
1667260560,+3.47,+15.058,+10.268,+0.938
1667260620,+3.47,+15.049,+10.257,+0.939
1667260680,+3.47,+15.041,+10.245,+0.938
1667260740,+3.47,+15.032,+10.150,+0.938
1667260800,+3.47,+15.015,+10.151,+0.938
1667260860,+3.47,+15.024, +9.883,+0.938
1667260920,+3.47,+15.015, +9.919,+0.938
1667260980,+3.47,+15.041, +9.881,+0.938
1667261040,+3.47,+15.041, +9.874,+0.938
1667261100,+3.47,+15.024, +9.853,+0.938
1667261160,+3.47,+15.032, +9.853,+0.938
1667261220,+3.47,+15.015, +9.788,+0.938
1667261280,+3.47,+15.024, +9.795,+0.938
1667261340,+3.47,+15.032, +9.851,+0.938
1667261400,+3.47,+15.032, +9.781,+0.938
1667261460,+3.47,+15.006, +9.752,+0.938
1667261520,+3.47,+14.989, +9.777,+0.938
1667261580,+3.47,+14.972, +9.790,+0.938
1667261640,+3.47,+14.963, +9.781,+0.938
1667261700,+3.47,+14.963, +9.731,+0.938
1667261760,+3.47,+14.963, +9.602,+0.938
1667261820,+3.47,+14.963, +9.495,+0.938
1667261880,+3.47,+14.937, +9.509,+0.937
1667261940,+3.47,+14.929, +9.473,+0.938
1667262000,+3.47,+14.886, +9.373,+0.937
1667262060,+3.47,+14.860, +9.389,+0.938
1667262120,+3.47,+14.825, +9.381,+0.938
1667262180,+3.47,+14.834, +9.311,+0.938
1667262240,+3.47,+14.834, +9.400,+0.938
1667262300,+3.47,+14.851, +9.439,+0.938
1667262360,+3.47,+14.843, +9.478,+0.938
1667262420,+3.47,+14.894, +9.625,+0.938
1667262480,+3.47,+14.894, +9.750,+0.938
1667262540,+3.47,+14.903, +9.804,+0.938
1667262600,+3.47,+14.912, +9.805,+0.938
1667262660,+3.47,+14.929, +9.749,+0.938
1667262720,+3.47,+14.937, +9.705,+0.938
1667262780,+3.47,+14.955, +9.713,+0.938
1667262840,+3.47,+14.955, +9.695,+0.938
1667262900,+3.47,+14.955, +9.667,+0.938
1667262960,+3.47,+14.963, +9.619,+0.938
1667263020,+3.47,+14.963, +9.594,+0.938
1667263080,+3.47,+14.998, +9.514,+0.938
1667263140,+3.47,+14.972, +9.460,+0.938
1667263200,+3.47,+14.972, +9.415,+0.938
1667263260,+3.47,+14.981, +9.411,+0.938
1667263320,+3.47,+14.972, +9.500,+0.938
1667263380,+3.47,+14.989, +9.596,+0.938
1667263440,+3.47,+14.963, +9.663,+0.938
1667263500,+3.47,+14.981, +9.724,+0.938
1667263560,+3.47,+14.963, +9.740,+0.938
1667263620,+3.47,+14.981, +9.662,+0.938
1667263680,+3.47,+14.981, +9.630,+0.938
1667263740,+3.47,+14.989, +9.635,+0.938
1667263800,+3.47,+14.972, +9.634,+0.938
1667263860,+3.47,+14.981, +9.665,+0.938
1667263920,+3.47,+14.972, +9.667,+0.938
1667263980,+3.47,+14.963, +9.629,+0.938
1667264040,+3.47,+14.946, +9.570,+0.938
1667264100,+3.47,+14.955, +9.559,+0.938
1667264160,+3.47,+14.946, +9.492,+0.937
1667264220,+3.47,+14.963, +9.485,+0.938
1667264280,+3.47,+14.929, +9.501,+0.938
1667264340,+3.47,+14.937, +9.476,+0.938
1667264400,+3.47,+14.955, +9.439,+0.938
1667264460,+3.47,+14.955, +9.423,+0.938
1667264520,+3.47,+14.937, +9.411,+0.938
1667264580,+3.47,+14.946, +9.488,+0.938
1667264640,+3.47,+14.955, +9.539,+0.938
1667264700,+3.47,+14.955, +9.660,+0.938
1667264760,+3.47,+14.946, +9.760,+0.938
1667264820,+3.47,+14.955, +9.804,+0.938
1667264880,+3.47,+14.937, +9.830,+0.938
1667264940,+3.47,+14.946, +9.813,+0.938
1667265000,+3.47,+14.955, +9.824,+0.938
1667265060,+3.47,+14.955, +9.801,+0.938
1667265120,+3.47,+14.955, +9.791,+0.938
1667265180,+3.47,+14.946, +9.752,+0.938
1667265240,+3.47,+14.929, +9.755,+0.938
1667265300,+3.47,+14.946, +9.755,+0.938
1667265360,+3.47,+14.929, +9.773,+0.938
1667265420,+3.47,+14.937, +9.810,+0.938
1667265480,+3.47,+14.929, +9.844,+0.938
1667265540,+3.47,+14.912, +9.759,+0.938
1667265600,+3.47,+14.929, +9.693,+0.938
1667265660,+3.47,+14.937, +9.782,+0.938
1667265720,+3.47,+14.920, +9.801,+0.938
1667265780,+3.47,+14.946, +9.744,+0.938
1667265840,+3.47,+14.929, +9.754,+0.938
1667265900,+3.47,+14.937, +9.747,+0.938
1667265960,+3.47,+14.920, +9.805,+0.939
1667266020,+3.47,+14.929, +9.819,+0.938
1667266080,+3.47,+14.920, +9.835,+0.938
1667266140,+3.47,+14.929, +9.846,+0.938
1667266200,+3.47,+14.920, +9.849,+0.938
1667266260,+3.47,+14.929, +9.824,+0.938
1667266320,+3.47,+14.912, +9.791,+0.938
1667266380,+3.47,+14.920, +9.810,+0.938
1667266440,+3.47,+14.912, +9.831,+0.938
1667266500,+3.47,+14.920, +9.825,+0.938
1667266560,+3.47,+14.929, +9.818,+0.938
1667266620,+3.47,+14.920, +9.790,+0.938
1667266680,+3.47,+14.912, +9.738,+0.937
1667266740,+3.47,+14.920, +9.693,+0.938
1667266800,+3.47,+14.920, +9.668,+0.938
1667266860,+3.47,+14.903, +9.672,+0.938
1667266920,+3.47,+14.912, +9.650,+0.938
1667266980,+3.47,+14.894, +9.638,+0.938
1667267040,+3.47,+14.894, +9.622,+0.938
1667267100,+3.47,+14.894, +9.628,+0.938
1667267160,+3.47,+14.903, +9.633,+0.938
1667267220,+3.47,+14.894, +9.606,+0.938
1667267280,+3.47,+14.894, +9.468,+0.938
1667267340,+3.47,+14.886, +9.344,+0.938
1667267400,+3.47,+14.912, +9.319,+0.938
1667267460,+3.47,+14.920, +9.451,+0.938
1667267520,+3.47,+14.920, +9.555,+0.938
1667267580,+3.47,+14.903, +9.617,+0.938
1667267640,+3.47,+14.920, +9.621,+0.937
1667267700,+3.47,+14.912, +9.602,+0.938
1667267760,+3.47,+14.912, +9.582,+0.938
1667267820,+3.47,+14.903, +9.621,+0.938
1667267880,+3.47,+14.912, +9.692,+0.938
1667267940,+3.47,+14.929, +9.713,+0.938
1667268000,+3.47,+14.903, +9.747,+0.938
1667268060,+3.47,+14.903, +9.811,+0.938
1667268120,+3.47,+14.920, +9.851,+0.938
1667268180,+3.47,+14.920, +9.881,+0.938
1667268240,+3.47,+14.894, +9.938,+0.938
1667268300,+3.47,+14.886, +9.948,+0.938
1667268360,+3.47,+14.903, +9.946,+0.938
1667268420,+3.47,+14.912, +9.949,+0.938
1667268480,+3.47,+14.903, +9.964,+0.938
1667268540,+3.47,+14.903, +9.951,+0.938
1667268600,+3.47,+14.894, +9.939,+0.938
1667268660,+3.47,+14.886, +9.915,+0.938
1667268720,+3.47,+14.877, +9.904,+0.938
1667268780,+3.47,+14.886, +9.887,+0.938
1667268840,+3.47,+14.869, +9.899,+0.938
1667268900,+3.47,+14.869, +9.906,+0.938
1667268960,+3.47,+14.886, +9.957,+0.938
1667269020,+3.47,+14.869, +9.987,+0.938
1667269080,+3.47,+14.877, +9.971,+0.938
1667269140,+3.47,+14.860, +9.944,+0.938
1667269200,+3.47,+14.860, +9.786,+0.938
1667269260,+3.47,+14.869, +9.612,+0.938
1667269320,+3.47,+14.860, +9.506,+0.938
1667269380,+3.47,+14.851, +9.430,+0.938
1667269440,+3.47,+14.877, +9.431,+0.937
1667269500,+3.47,+14.869, +9.437,+0.938
1667269560,+3.47,+14.869, +9.387,+0.938
1667269620,+3.47,+14.877, +9.308,+0.938
1667269680,+3.47,+14.851, +9.257,+0.938
1667269740,+3.47,+14.869, +9.199,+0.938
1667269800,+3.47,+14.843, +9.112,+0.937
1667269860,+3.47,+14.851, +9.081,+0.937
1667269920,+3.47,+14.886, +9.060,+0.937
1667269980,+3.47,+14.843, +9.038,+0.937
1667270040,+3.47,+14.851, +8.970,+0.937
1667270100,+3.47,+14.869, +8.894,+0.937
1667270160,+3.47,+14.851, +8.877,+0.937
1667270220,+3.47,+14.860, +8.964,+0.937
1667270280,+3.47,+14.851, +9.053,+0.938
1667270340,+3.47,+14.851, +9.002,+0.937
1667270400,+3.47,+14.869, +8.891,+0.938
1667270460,+3.47,+14.851, +9.087,+0.937
1667270520,+3.47,+14.843, +9.372,+0.938
1667270580,+3.47,+14.834, +9.518,+0.938
1667270640,+3.47,+14.851, +9.697,+0.938
1667270700,+3.47,+14.843, +9.753,+0.938
1667270760,+3.47,+14.834, +9.642,+0.938
1667270820,+3.47,+14.851, +9.509,+0.938
1667270880,+3.47,+14.851, +9.387,+0.938
1667270940,+3.47,+14.843, +9.279,+0.937
1667271000,+3.47,+14.843, +9.000,+0.937
1667271060,+3.47,+14.869, +8.885,+0.937
1667271120,+3.47,+14.843, +8.873,+0.937
1667271180,+3.47,+14.860, +8.863,+0.937
1667271240,+3.47,+14.860, +8.883,+0.937
1667271300,+3.47,+14.869, +8.898,+0.937
1667271360,+3.47,+14.843, +8.940,+0.938
1667271420,+3.47,+14.843, +8.929,+0.937
1667271480,+3.47,+14.825, +8.851,+0.938
1667271540,+3.47,+14.851, +8.743,+0.937
1667271600,+3.47,+14.843, +8.669,+0.937
1667271660,+3.47,+14.834, +8.176,+0.937
1667271720,+3.47,+14.843, +8.301,+0.937
1667271780,+3.47,+14.860, +8.479,+0.937
1667271840,+3.47,+14.851, +8.568,+0.937
1667271900,+3.47,+14.860, +8.608,+0.937
1667271960,+3.47,+14.834, +8.693,+0.937
1667272020,+3.47,+14.860, +8.601,+0.937
1667272080,+3.47,+14.869, +8.614,+0.937
1667272140,+3.47,+14.851, +8.679,+0.937
1667272200,+3.47,+14.843, +8.625,+0.937
1667272260,+3.47,+14.860, +8.772,+0.937
1667272320,+3.47,+14.860, +8.949,+0.937
1667272380,+3.47,+14.851, +8.928,+0.937
1667272440,+3.47,+14.851, +8.783,+0.937
1667272500,+3.47,+14.860, +8.864,+0.937
1667272560,+3.47,+14.851, +8.779,+0.937
1667272620,+3.47,+14.851, +8.643,+0.937
1667272680,+3.47,+14.834, +8.623,+0.937
1667272740,+3.47,+14.817, +8.609,+0.937
1667272800,+3.47,+14.834, +8.657,+0.937
1667272860,+3.47,+14.817, +8.685,+0.937
1667272920,+3.47,+14.834, +8.570,+0.937
1667272980,+3.47,+14.825, +8.488,+0.937
1667273040,+3.47,+14.817, +8.528,+0.937
1667273100,+3.47,+14.817, +8.618,+0.937
1667273160,+3.47,+14.817, +8.733,+0.937
1667273220,+3.47,+14.825, +8.812,+0.937
1667273280,+3.47,+14.817, +8.841,+0.937
1667273340,+3.47,+14.808, +8.675,+0.937
1667273400,+3.47,+14.808, +8.597,+0.937
1667273460,+3.47,+14.791, +8.519,+0.937
1667273520,+3.47,+14.808, +8.386,+0.937
1667273580,+3.47,+14.817, +8.435,+0.937
1667273640,+3.47,+14.808, +8.243,+0.937
1667273700,+3.47,+14.791, +8.256,+0.937
1667273760,+3.47,+14.791, +8.219,+0.937
1667273820,+3.47,+14.774, +8.302,+0.937
1667273880,+3.47,+14.774, +8.458,+0.936
1667273940,+3.47,+14.782, +8.503,+0.937
1667274000,+3.47,+14.800, +8.531,+0.937
1667274060,+3.47,+14.791, +8.569,+0.937
1667274120,+3.47,+14.791, +8.595,+0.937
1667274180,+3.47,+14.782, +8.556,+0.936
1667274240,+3.47,+14.782, +8.459,+0.937
1667274300,+3.47,+14.774, +8.296,+0.937
1667274360,+3.47,+14.774, +8.306,+0.937
1667274420,+3.47,+14.791, +8.373,+0.937
1667274480,+3.47,+14.748, +8.370,+0.937
1667274540,+3.47,+14.765, +8.359,+0.937
1667274600,+3.47,+14.774, +8.285,+0.937
1667274660,+3.47,+14.782, +8.168,+0.937
1667274720,+3.47,+14.774, +8.159,+0.937
1667274780,+3.47,+14.774, +8.206,+0.937
1667274840,+3.47,+14.765, +8.191,+0.937
1667274900,+3.47,+14.782, +8.097,+0.937
1667274960,+3.47,+14.757, +7.997,+0.937
1667275020,+3.47,+14.739, +7.928,+0.937
1667275080,+3.47,+14.765, +7.960,+0.937
1667275140,+3.47,+14.757, +8.213,+0.937
1667275200,+3.47,+14.765, +8.373,+0.937
1667275260,+3.47,+14.765, +8.521,+0.937
1667275320,+3.47,+14.757, +8.618,+0.937
1667275380,+3.47,+14.757, +8.696,+0.937
1667275440,+3.47,+14.748, +8.733,+0.937
1667275500,+3.47,+14.757, +8.790,+0.937
1667275560,+3.47,+14.765, +8.841,+0.937
1667275620,+3.47,+14.748, +8.824,+0.938
1667275680,+3.47,+14.748, +8.763,+0.937
1667275740,+3.47,+14.757, +8.693,+0.937
1667275800,+3.47,+14.757, +8.669,+0.937
1667275860,+3.47,+14.782, +8.751,+0.938
1667275920,+3.47,+14.774, +8.815,+0.937
1667275980,+3.47,+14.782, +8.838,+0.937
1667276040,+3.47,+14.765, +8.799,+0.937
1667276100,+3.47,+14.774, +8.516,+0.937
1667276160,+3.47,+14.782, +8.282,+0.937
1667276220,+3.47,+14.800, +8.181,+0.937
1667276280,+3.47,+14.774, +8.153,+0.937
1667276340,+3.47,+14.782, +8.083,+0.937
1667276400,+3.47,+14.817, +8.035,+0.937
1667276460,+3.47,+14.800, +8.042,+0.937
1667276520,+3.47,+14.791, +8.127,+0.937
1667276580,+3.47,+14.808, +8.338,+0.937
1667276640,+3.47,+14.808, +8.499,+0.937
1667276700,+3.47,+14.800, +8.476,+0.937
1667276760,+3.47,+14.808, +8.401,+0.937
1667276820,+3.47,+14.825, +8.297,+0.937
1667276880,+3.47,+14.825, +8.251,+0.937
1667276940,+3.47,+14.817, +8.263,+0.937
1667277000,+3.47,+14.825, +8.318,+0.937
1667277060,+3.47,+14.791, +8.555,+0.937
1667277120,+3.47,+14.808, +8.750,+0.937
1667277180,+3.47,+14.800, +8.884,+0.937
1667277240,+3.47,+14.782, +8.934,+0.937
1667277300,+3.47,+14.765, +8.950,+0.937
1667277360,+3.47,+14.782, +9.087,+0.938
1667277420,+3.47,+14.765, +9.120,+0.937
1667277480,+3.47,+14.765, +9.132,+0.938
1667277540,+3.47,+14.765, +9.166,+0.938
1667277600,+3.47,+14.757, +9.172,+0.938
1667277660,+3.47,+14.765, +9.119,+0.937
1667277720,+3.47,+14.757, +9.090,+0.937
1667277780,+3.47,+14.765, +9.111,+0.938
1667277840,+3.47,+14.757, +9.027,+0.938
1667277900,+3.47,+14.748, +9.015,+0.937
1667277960,+3.47,+14.765, +9.048,+0.937
1667278020,+3.47,+14.765, +9.153,+0.938
1667278080,+3.47,+14.757, +9.185,+0.938
1667278140,+3.47,+14.774, +9.164,+0.937
1667278200,+3.47,+14.765, +9.194,+0.937
1667278260,+3.47,+14.765, +9.243,+0.938
1667278320,+3.47,+14.757, +9.193,+0.938
1667278380,+3.47,+14.774, +9.108,+0.938
1667278440,+3.47,+14.774, +9.092,+0.938
1667278500,+3.47,+14.774, +9.115,+0.938
1667278560,+3.47,+14.791, +9.128,+0.938
1667278620,+3.47,+14.791, +9.142,+0.937
1667278680,+3.47,+14.791, +9.182,+0.938
1667278740,+3.47,+14.808, +9.216,+0.938
1667278800,+3.47,+14.817, +9.230,+0.938
1667278860,+3.47,+14.808, +9.262,+0.938
1667278920,+3.47,+14.808, +9.199,+0.937
1667278980,+3.47,+14.825, +9.116,+0.937
1667279040,+3.47,+14.817, +9.040,+0.938
1667279100,+3.47,+14.800, +8.985,+0.938
1667279160,+3.47,+14.825, +8.970,+0.937
1667279220,+3.47,+14.817, +9.079,+0.938
1667279280,+3.47,+14.834, +9.111,+0.937
1667279340,+3.47,+14.825, +9.087,+0.937
1667279400,+3.47,+14.869, +9.073,+0.938
1667279460,+3.47,+14.825, +9.142,+0.938
1667279520,+3.47,+14.834, +9.159,+0.937
1667279580,+3.47,+14.834, +9.133,+0.937
1667279640,+3.47,+14.834, +9.121,+0.937
1667279700,+3.47,+14.834, +9.113,+0.937
1667279760,+3.47,+14.834, +9.109,+0.938
1667279820,+3.47,+14.817, +9.144,+0.937
1667279880,+3.47,+14.817, +9.158,+0.938
1667279940,+3.47,+14.808, +9.112,+0.938
1667280000,+3.47,+14.800, +9.027,+0.938
1667280060,+3.47,+14.800, +9.135,+0.938
1667280120,+3.47,+14.791, +9.160,+0.937
1667280180,+3.47,+14.791, +9.267,+0.937
1667280240,+3.47,+14.774, +9.245,+0.937
1667280300,+3.47,+14.782, +9.190,+0.938
1667280360,+3.47,+14.765, +9.206,+0.937
1667280420,+3.47,+14.757, +9.176,+0.937
1667280480,+3.47,+14.757, +9.117,+0.937
1667280540,+3.47,+14.748, +9.025,+0.937
1667280600,+3.47,+14.748, +9.087,+0.938
1667280660,+3.47,+14.757, +9.085,+0.937
1667280720,+3.47,+14.765, +9.046,+0.938
1667280780,+3.47,+14.748, +9.094,+0.938
1667280840,+3.47,+14.748, +9.156,+0.938
1667280900,+3.47,+14.739, +9.167,+0.938
1667280960,+3.47,+14.748, +9.266,+0.937
1667281020,+3.47,+14.722, +9.382,+0.938
1667281080,+3.47,+14.731, +9.471,+0.938
1667281140,+3.47,+14.722, +9.516,+0.938
1667281200,+3.47,+14.722, +9.464,+0.938
1667281260,+3.47,+14.705, +9.366,+0.938
1667281320,+3.47,+14.722, +9.281,+0.938
1667281380,+3.47,+14.705, +9.170,+0.937
1667281440,+3.47,+14.705, +9.127,+0.938
1667281500,+3.47,+14.705, +9.256,+0.938
1667281560,+3.47,+14.722, +9.382,+0.938
1667281620,+3.47,+14.687, +9.504,+0.938
1667281680,+3.47,+14.687, +9.555,+0.938
1667281740,+3.47,+14.696, +9.555,+0.937
1667281800,+3.47,+14.696, +9.520,+0.938
1667281860,+3.47,+14.696, +9.486,+0.938
1667281920,+3.47,+14.705, +9.494,+0.938
1667281980,+3.47,+14.713, +9.526,+0.938
1667282040,+3.47,+14.713, +9.494,+0.937
1667282100,+3.47,+14.705, +9.428,+0.938
1667282160,+3.47,+14.696, +9.458,+0.938
1667282220,+3.47,+14.696, +9.532,+0.938
1667282280,+3.47,+14.705, +9.596,+0.937
1667282340,+3.47,+14.713, +9.632,+0.938
1667282400,+3.47,+14.687, +9.678,+0.938
1667282460,+3.47,+14.687, +9.470,+0.938
1667282520,+3.47,+14.687, +9.510,+0.938
1667282580,+3.47,+14.705, +9.603,+0.938
1667282640,+3.47,+14.696, +9.688,+0.938
1667282700,+3.47,+14.679, +9.741,+0.938
1667282760,+3.47,+14.705, +9.767,+0.938
1667282820,+3.47,+14.705, +9.752,+0.938
1667282880,+3.47,+14.705, +9.732,+0.938
1667282940,+3.47,+14.679, +9.730,+0.938
1667283000,+3.47,+14.696, +9.713,+0.938
1667283060,+3.47,+14.687, +9.663,+0.938
1667283120,+3.47,+14.696, +9.535,+0.938
1667283180,+3.47,+14.713, +9.350,+0.938
1667283240,+3.47,+14.687, +9.289,+0.938
1667283300,+3.47,+14.705, +9.250,+0.938
1667283360,+3.47,+14.713, +9.396,+0.938
1667283420,+3.47,+14.679, +9.447,+0.938
1667283480,+3.47,+14.696, +9.608,+0.938
1667283540,+3.47,+14.679, +9.708,+0.938
1667283600,+3.47,+14.679, +9.727,+0.938
1667283660,+3.47,+14.687, +9.749,+0.938
1667283720,+3.47,+14.670, +9.822,+0.938
1667283780,+3.47,+14.679, +9.922,+0.938
1667283840,+3.47,+14.679, +9.925,+0.938
1667283900,+3.47,+14.696, +9.978,+0.938
1667283960,+3.47,+14.687,+10.017,+0.938
1667284020,+3.47,+14.670,+10.077,+0.938
1667284080,+3.47,+14.670,+10.098,+0.938
1667284140,+3.47,+14.670,+10.079,+0.938
1667284200,+3.47,+14.687,+10.071,+0.938
1667284260,+3.47,+14.696, +9.935,+0.938
1667284320,+3.47,+14.670, +9.633,+0.938
1667284380,+3.47,+14.687, +9.433,+0.938
1667284440,+3.47,+14.662, +9.365,+0.938
1667284500,+3.47,+14.679, +9.273,+0.938
1667284560,+3.47,+14.679, +9.206,+0.938
1667284620,+3.47,+14.679, +9.202,+0.938
1667284680,+3.47,+14.679, +9.175,+0.938
1667284740,+3.47,+14.670, +9.170,+0.938
1667284800,+3.47,+14.662, +9.161,+0.938
1667284860,+3.47,+14.679, +9.173,+0.937
1667284920,+3.47,+14.670, +9.245,+0.938
1667284980,+3.47,+14.679, +9.234,+0.938
1667285040,+3.47,+14.662, +9.237,+0.937
1667285100,+3.47,+14.679, +9.332,+0.938
1667285160,+3.47,+14.670, +9.384,+0.938
1667285220,+3.47,+14.644, +9.574,+0.938
1667285280,+3.47,+14.662, +9.723,+0.937
1667285340,+3.47,+14.653, +9.901,+0.938
1667285400,+3.47,+14.653, +9.991,+0.938
1667285460,+3.47,+14.644, +9.938,+0.938
1667285520,+3.47,+14.679, +9.715,+0.938
1667285580,+3.47,+14.653, +9.547,+0.938
1667285640,+3.47,+14.653, +9.419,+0.938
1667285700,+3.47,+14.653, +9.411,+0.938
1667285760,+3.47,+14.653, +9.398,+0.938
1667285820,+3.47,+14.653, +9.419,+0.938
1667285880,+3.47,+14.636, +9.454,+0.938
1667285940,+3.47,+14.653, +9.442,+0.938
1667286000,+3.47,+14.662, +9.455,+0.938
1667286060,+3.47,+14.662, +9.332,+0.937
1667286120,+3.47,+14.644, +9.320,+0.938
1667286180,+3.47,+14.653, +9.309,+0.938
1667286240,+3.47,+14.636, +9.307,+0.937
1667286300,+3.47,+14.670, +9.298,+0.938
1667286360,+3.47,+14.670, +9.296,+0.938
1667286420,+3.47,+14.653, +9.377,+0.938
1667286480,+3.47,+14.644, +9.457,+0.938
1667286540,+3.47,+14.662, +9.498,+0.938
1667286600,+3.47,+14.644, +9.551,+0.938
1667286660,+3.47,+14.636, +9.643,+0.938
1667286720,+3.47,+14.653, +9.624,+0.938
1667286780,+3.47,+14.670, +9.566,+0.938
1667286840,+3.47,+14.679, +9.503,+0.937
1667286900,+3.47,+14.662, +9.460,+0.938
1667286960,+3.47,+14.687, +9.392,+0.938
1667287020,+3.47,+14.662, +9.374,+0.938
1667287080,+3.47,+14.662, +9.403,+0.938
1667287140,+3.47,+14.662, +9.408,+0.938
1667287200,+3.47,+14.670, +9.446,+0.938
1667287260,+3.47,+14.687, +9.323,+0.938
1667287320,+3.47,+14.670, +9.211,+0.938
1667287380,+3.47,+14.679, +9.240,+0.938
1667287440,+3.47,+14.687, +9.330,+0.938
1667287500,+3.47,+14.705, +9.397,+0.937
1667287560,+3.47,+14.679, +9.446,+0.937
1667287620,+3.47,+14.696, +9.396,+0.938
1667287680,+3.47,+14.696, +9.339,+0.938
1667287740,+3.47,+14.687, +9.325,+0.938
1667287800,+3.47,+14.679, +9.288,+0.937
1667287860,+3.47,+14.705, +9.293,+0.938
1667287920,+3.47,+14.705, +9.306,+0.938
1667287980,+3.47,+14.705, +9.312,+0.938
1667288040,+3.47,+14.696, +9.441,+0.938
1667288100,+3.47,+14.696, +9.515,+0.938
1667288160,+3.47,+14.679, +9.496,+0.938
1667288220,+3.47,+14.670, +9.506,+0.938
1667288280,+3.47,+14.696, +9.500,+0.938
1667288340,+3.47,+14.705, +9.477,+0.938
1667288400,+3.47,+14.687, +9.450,+0.938
1667288460,+3.47,+14.713, +9.398,+0.937
1667288520,+3.47,+14.696, +9.387,+0.938
1667288580,+3.47,+14.713, +9.332,+0.938
1667288640,+3.47,+14.722, +9.322,+0.938
1667288700,+3.47,+14.696, +9.351,+0.937
1667288760,+3.47,+14.713, +9.349,+0.937
1667288820,+3.47,+14.713, +9.331,+0.938
1667288880,+3.47,+14.722, +9.363,+0.938
1667288940,+3.47,+14.713, +9.350,+0.938
1667289000,+3.47,+14.731, +9.326,+0.938
1667289060,+3.47,+14.713, +9.282,+0.938
1667289120,+3.47,+14.722, +9.246,+0.938
1667289180,+3.47,+14.713, +9.223,+0.937
1667289240,+3.47,+14.722, +9.313,+0.937
1667289300,+3.47,+14.713, +9.369,+0.938
1667289360,+3.47,+14.722, +9.414,+0.938
1667289420,+3.47,+14.722, +9.407,+0.938
1667289480,+3.47,+14.731, +9.398,+0.938
1667289540,+3.47,+14.748, +9.440,+0.938
1667289600,+3.47,+14.739, +9.450,+0.938
1667289660,+3.47,+14.748, +9.415,+0.938
1667289720,+3.47,+14.757, +9.372,+0.938
1667289780,+3.47,+14.731, +9.343,+0.938
1667289840,+3.47,+14.748, +9.336,+0.938
1667289900,+3.47,+14.739, +9.326,+0.937
1667289960,+3.47,+14.765, +9.351,+0.938
1667290020,+3.47,+14.748, +9.354,+0.938
1667290080,+3.47,+14.748, +9.331,+0.938
1667290140,+3.47,+14.774, +9.245,+0.937
1667290200,+3.47,+14.731, +9.257,+0.938
1667290260,+3.47,+14.739, +9.226,+0.937
1667290320,+3.47,+14.757, +9.213,+0.938
1667290380,+3.47,+14.739, +9.216,+0.937
1667290440,+3.47,+14.765, +9.209,+0.937
1667290500,+3.47,+14.731, +9.224,+0.938
1667290560,+3.47,+14.757, +9.223,+0.938
1667290620,+3.47,+14.748, +9.213,+0.938
1667290680,+3.47,+14.765, +9.189,+0.937
1667290740,+3.47,+14.748, +9.235,+0.937
1667290800,+3.47,+14.765, +9.238,+0.937
1667290860,+3.47,+14.757, +9.243,+0.938
1667290920,+3.47,+14.774, +9.293,+0.938
1667290980,+3.47,+14.765, +9.344,+0.938
1667291040,+3.47,+14.757, +9.347,+0.938
1667291100,+3.47,+14.748, +9.336,+0.938
1667291160,+3.47,+14.731, +9.302,+0.938
1667291220,+3.47,+14.757, +9.371,+0.937
1667291280,+3.47,+14.757, +9.456,+0.938
1667291340,+3.47,+14.757, +9.484,+0.938
1667291400,+3.47,+14.739, +9.534,+0.938
1667291460,+3.47,+14.748, +9.551,+0.938
1667291520,+3.47,+14.748, +9.577,+0.938
1667291580,+3.47,+14.748, +9.507,+0.937
1667291640,+3.47,+14.757, +9.499,+0.938
1667291700,+3.47,+14.748, +9.476,+0.938
1667291760,+3.47,+14.757, +9.444,+0.938
1667291820,+3.47,+14.782, +9.375,+0.938
1667291880,+3.47,+14.765, +9.404,+0.938
1667291940,+3.47,+14.782, +9.441,+0.938
1667292000,+3.47,+14.791, +9.401,+0.938
1667292060,+3.47,+14.791, +9.444,+0.938
1667292120,+3.47,+14.817, +9.296,+0.938
1667292180,+3.47,+14.825, +9.151,+0.937
1667292240,+3.47,+14.843, +9.147,+0.937
1667292300,+3.47,+14.843, +9.116,+0.937
1667292360,+3.47,+14.860, +9.196,+0.938
1667292420,+3.47,+14.877, +9.321,+0.937
1667292480,+3.47,+14.886, +9.343,+0.938
1667292540,+3.47,+14.912, +9.474,+0.938
1667292600,+3.47,+14.894, +9.525,+0.938
1667292660,+3.47,+14.929, +9.510,+0.937
1667292720,+3.47,+14.903, +9.531,+0.938
1667292780,+3.47,+14.920, +9.531,+0.938
1667292840,+3.47,+14.929, +9.553,+0.938
1667292900,+3.47,+14.894, +9.550,+0.938
1667292960,+3.47,+14.877, +9.539,+0.938
1667293020,+3.47,+14.860, +9.561,+0.938
1667293080,+3.47,+14.877, +9.552,+0.938
1667293140,+3.47,+14.877, +9.543,+0.938
1667293200,+3.47,+14.877, +9.551,+0.938
1667293260,+3.47,+14.869, +9.232,+0.937
1667293320,+3.47,+14.860, +9.280,+0.938
1667293380,+3.47,+14.860, +9.309,+0.938
1667293440,+3.47,+14.843, +9.289,+0.938
1667293500,+3.47,+14.825, +9.266,+0.938
1667293560,+3.47,+14.825, +9.241,+0.937
1667293620,+3.47,+14.791, +9.273,+0.937
1667293680,+3.47,+14.817, +9.287,+0.938
1667293740,+3.47,+14.808, +9.275,+0.938
1667293800,+3.47,+14.808, +9.240,+0.938
1667293860,+3.47,+14.825, +9.213,+0.938
1667293920,+3.47,+14.817, +9.132,+0.937
1667293980,+3.47,+14.825, +9.051,+0.938
1667294040,+3.47,+14.843, +8.999,+0.937
1667294100,+3.47,+14.843, +8.949,+0.937
1667294160,+3.47,+14.860, +8.846,+0.937
1667294220,+3.47,+14.851, +8.761,+0.937
1667294280,+3.47,+14.843, +8.745,+0.937
1667294340,+3.47,+14.860, +8.789,+0.937
1667294400,+3.47,+14.851, +8.829,+0.937
1667294460,+3.47,+14.834, +8.790,+0.937
1667294520,+3.47,+14.851, +8.730,+0.937
1667294580,+3.47,+14.851, +8.553,+0.937
1667294640,+3.47,+14.843, +8.476,+0.937
1667294700,+3.47,+14.843, +8.496,+0.937
1667294760,+3.47,+14.860, +8.523,+0.937
1667294820,+3.47,+14.860, +8.513,+0.937
1667294880,+3.47,+14.894, +8.487,+0.937
1667294940,+3.47,+14.869, +8.602,+0.937
1667295000,+3.47,+14.877, +8.747,+0.937
1667295060,+3.47,+14.843, +8.829,+0.937
1667295120,+3.47,+14.834, +8.876,+0.937
1667295180,+3.47,+14.834, +8.897,+0.937
1667295240,+3.47,+14.817, +8.824,+0.938
1667295300,+3.47,+14.817, +8.548,+0.937
1667295360,+3.47,+14.808, +8.437,+0.937
1667295420,+3.47,+14.800, +8.411,+0.937
1667295480,+3.47,+14.791, +8.334,+0.937
1667295540,+3.47,+14.782, +8.083,+0.936
1667295600,+3.47,+14.791, +7.931,+0.936
1667295660,+3.47,+14.782, +8.108,+0.937
1667295720,+3.47,+14.774, +8.337,+0.937
1667295780,+3.47,+14.757, +8.560,+0.937
1667295840,+3.47,+14.782, +8.672,+0.937
1667295900,+3.47,+14.791, +8.649,+0.937
1667295960,+3.47,+14.774, +8.749,+0.937
1667296020,+3.47,+14.774, +8.851,+0.937
1667296080,+3.47,+14.782, +8.871,+0.938
1667296140,+3.47,+14.765, +8.880,+0.937
1667296200,+3.47,+14.782, +8.850,+0.938
1667296260,+3.47,+14.782, +8.889,+0.937
1667296320,+3.47,+14.782, +8.915,+0.937
1667296380,+3.47,+14.791, +8.949,+0.938
1667296440,+3.47,+14.774, +9.060,+0.937
1667296500,+3.47,+14.774, +9.187,+0.938
1667296560,+3.47,+14.782, +9.118,+0.937
1667296620,+3.47,+14.782, +9.052,+0.938
1667296680,+3.47,+14.782, +8.997,+0.937
1667296740,+3.47,+14.774, +8.913,+0.937
1667296800,+3.47,+14.782, +8.983,+0.937
1667296860,+3.47,+14.782, +9.000,+0.937
1667296920,+3.47,+14.765, +8.999,+0.938
1667296980,+3.47,+14.808, +8.962,+0.937
1667297040,+3.47,+14.800, +8.958,+0.937
1667297100,+3.47,+14.800, +8.946,+0.938
1667297160,+3.47,+14.808, +8.837,+0.937
1667297220,+3.47,+14.808, +8.808,+0.937
1667297280,+3.47,+14.817, +8.761,+0.937
1667297340,+3.47,+14.817, +8.707,+0.937
1667297400,+3.47,+14.825, +8.489,+0.937
1667297460,+3.47,+14.851, +8.103,+0.936
1667297520,+3.47,+14.834, +7.799,+0.937
1667297580,+3.47,+14.843, +7.608,+0.936
1667297640,+3.47,+14.843, +7.742,+0.937
1667297700,+3.47,+14.834, +8.158,+0.937
1667297760,+3.47,+14.851, +8.401,+0.937
1667297820,+3.47,+14.834, +8.659,+0.937
1667297880,+3.47,+14.860, +8.859,+0.937
1667297940,+3.47,+14.851, +8.966,+0.937
1667298000,+3.47,+14.843, +9.035,+0.938
1667298060,+3.47,+14.869, +9.044,+0.937
1667298120,+3.47,+14.860, +9.062,+0.938
1667298180,+3.47,+14.869, +9.075,+0.937
1667298240,+3.47,+14.869, +9.123,+0.938
1667298300,+3.47,+14.860, +9.095,+0.937
1667298360,+3.47,+14.860, +8.892,+0.937
1667298420,+3.47,+14.869, +8.794,+0.937
1667298480,+3.47,+14.860, +8.635,+0.937
1667298540,+3.47,+14.843, +8.557,+0.937
1667298600,+3.47,+14.843, +8.516,+0.937
1667298660,+3.47,+14.843, +8.452,+0.937
1667298720,+3.47,+14.834, +8.413,+0.937
1667298780,+3.47,+14.869, +8.436,+0.937
1667298840,+3.47,+14.860, +8.543,+0.937
1667298900,+3.47,+14.851, +8.692,+0.937
1667298960,+3.47,+14.860, +8.601,+0.937
1667299020,+3.47,+14.843, +8.663,+0.937
1667299080,+3.47,+14.825, +8.820,+0.937
1667299140,+3.47,+14.834, +8.750,+0.937
1667299200,+3.47,+14.851, +8.769,+0.937
1667299260,+3.47,+14.894, +8.965,+0.937
1667299320,+3.47,+14.860, +9.113,+0.937
1667299380,+3.47,+14.869, +9.179,+0.937
1667299440,+3.47,+14.860, +9.184,+0.938
1667299500,+3.47,+14.877, +9.192,+0.937
1667299560,+3.47,+14.860, +9.214,+0.937
1667299620,+3.47,+14.894, +9.209,+0.938
1667299680,+3.47,+14.903, +9.145,+0.938
1667299740,+3.47,+14.886, +9.093,+0.937
1667299800,+3.47,+14.886, +9.150,+0.937
1667299860,+3.47,+14.869, +9.136,+0.937
1667299920,+3.47,+14.860, +9.107,+0.937
1667299980,+3.47,+14.903, +9.081,+0.938
1667300040,+3.47,+14.894, +8.963,+0.937
1667300100,+3.47,+14.869, +8.805,+0.937
1667300160,+3.47,+14.877, +8.708,+0.937
1667300220,+3.47,+14.869, +8.650,+0.937
1667300280,+3.47,+14.869, +8.686,+0.937
1667300340,+3.47,+14.886, +8.834,+0.937
1667300400,+3.47,+14.869, +8.973,+0.938
1667300460,+3.47,+14.860, +9.116,+0.937
1667300520,+3.47,+14.869, +9.133,+0.938
1667300580,+3.47,+14.851, +9.187,+0.938
1667300640,+3.47,+14.877, +9.249,+0.938
1667300700,+3.47,+14.877, +9.314,+0.938
1667300760,+3.47,+14.886, +9.337,+0.937
1667300820,+3.47,+14.869, +9.379,+0.938
1667300880,+3.47,+14.877, +9.408,+0.938
1667300940,+3.47,+14.886, +9.423,+0.938
1667301000,+3.47,+14.869, +9.437,+0.938
1667301060,+3.47,+14.886, +9.404,+0.938
1667301120,+3.47,+14.912, +9.384,+0.938
1667301180,+3.47,+14.894, +9.490,+0.938
1667301240,+3.47,+14.929, +9.491,+0.938
1667301300,+3.47,+14.894, +9.439,+0.937
1667301360,+3.47,+14.912, +9.422,+0.937
1667301420,+3.47,+14.903, +9.393,+0.938
1667301480,+3.47,+14.912, +9.427,+0.938
1667301540,+3.47,+14.903, +9.437,+0.938
1667301600,+3.47,+14.912, +9.353,+0.938
1667301660,+3.47,+14.886, +9.266,+0.937
1667301720,+3.47,+14.894, +9.226,+0.938
1667301780,+3.47,+14.886, +9.240,+0.938
1667301840,+3.47,+14.903, +9.260,+0.938
1667301900,+3.47,+14.894, +9.294,+0.937
1667301960,+3.47,+14.894, +9.321,+0.938
1667302020,+3.47,+14.920, +9.342,+0.938
1667302080,+3.47,+14.912, +9.380,+0.938
1667302140,+3.47,+14.912, +9.391,+0.938
1667302200,+3.47,+14.903, +9.496,+0.937
1667302260,+3.47,+14.912, +9.519,+0.937
1667302320,+3.47,+14.903, +9.446,+0.938
1667302380,+3.47,+14.929, +9.452,+0.938
1667302440,+3.47,+14.912, +9.478,+0.938
1667302500,+3.47,+14.894, +9.408,+0.938
1667302560,+3.47,+14.894, +9.309,+0.938
1667302620,+3.47,+14.903, +9.162,+0.937
1667302680,+3.47,+14.886, +9.237,+0.938
1667302740,+3.47,+14.869, +9.266,+0.938
1667302800,+3.47,+14.860, +9.296,+0.937
1667302860,+3.47,+14.843, +9.298,+0.938
1667302920,+3.47,+14.817, +9.340,+0.938
1667302980,+3.47,+14.825, +9.352,+0.938
1667303040,+3.47,+14.817, +9.379,+0.938
1667303100,+3.47,+14.800, +9.392,+0.938
1667303160,+3.47,+14.782, +9.352,+0.938
1667303220,+3.47,+14.791, +9.246,+0.938
1667303280,+3.47,+14.808, +9.172,+0.937
1667303340,+3.47,+14.782, +9.106,+0.937
1667303400,+3.47,+14.774, +9.111,+0.938
1667303460,+3.47,+14.765, +9.168,+0.938
1667303520,+3.47,+14.774, +9.189,+0.937
1667303580,+3.47,+14.782, +9.172,+0.937
1667303640,+3.47,+14.791, +9.189,+0.938
1667303700,+3.47,+14.774, +9.209,+0.937
1667303760,+3.47,+14.765, +9.275,+0.938
1667303820,+3.47,+14.757, +9.306,+0.938
1667303880,+3.47,+14.791, +9.350,+0.938
1667303940,+3.47,+14.774, +9.404,+0.938
1667304000,+3.47,+14.791, +9.421,+0.938
1667304060,+3.47,+14.774, +9.157,+0.937
1667304120,+3.47,+14.782, +9.394,+0.937
1667304180,+3.47,+14.782, +9.471,+0.938
1667304240,+3.47,+14.800, +9.575,+0.937
1667304300,+3.47,+14.800, +9.631,+0.938
1667304360,+3.47,+14.791, +9.703,+0.938
1667304420,+3.47,+14.800, +9.692,+0.938
1667304480,+3.47,+14.774, +9.715,+0.938
1667304540,+3.47,+14.791, +9.684,+0.938
1667304600,+3.47,+14.791, +9.665,+0.938
1667304660,+3.47,+14.800, +9.596,+0.938
1667304720,+3.47,+14.800, +9.617,+0.938
1667304780,+3.47,+14.800, +9.638,+0.938
1667304840,+3.47,+14.808, +9.574,+0.938
1667304900,+3.47,+14.800, +9.573,+0.938
1667304960,+3.47,+14.791, +9.619,+0.938
1667305020,+3.47,+14.782, +9.654,+0.938
1667305080,+3.47,+14.800, +9.616,+0.938
1667305140,+3.47,+14.817, +9.637,+0.938
1667305200,+3.47,+14.808, +9.658,+0.938
1667305260,+3.47,+14.800, +9.612,+0.938
1667305320,+3.47,+14.817, +9.616,+0.938
1667305380,+3.47,+14.791, +9.601,+0.938
1667305440,+3.47,+14.800, +9.592,+0.937
1667305500,+3.47,+14.808, +9.554,+0.938
1667305560,+3.47,+14.808, +9.548,+0.938
1667305620,+3.47,+14.817, +9.510,+0.938
1667305680,+3.47,+14.808, +9.554,+0.938
1667305740,+3.47,+14.817, +9.565,+0.938
1667305800,+3.47,+14.817, +9.508,+0.938
1667305860,+3.47,+14.808, +9.481,+0.938
1667305920,+3.47,+14.817, +9.490,+0.938
1667305980,+3.47,+14.817, +9.508,+0.938
1667306040,+3.47,+14.808, +9.465,+0.938
1667306100,+3.47,+14.817, +9.509,+0.938
1667306160,+3.47,+14.791, +9.419,+0.938
1667306220,+3.47,+14.817, +9.299,+0.938
1667306280,+3.47,+14.808, +9.219,+0.937
1667306340,+3.47,+14.791, +9.170,+0.937
1667306400,+3.47,+14.782, +9.083,+0.937
1667306460,+3.47,+14.774, +9.033,+0.937
1667306520,+3.47,+14.782, +8.962,+0.937
1667306580,+3.47,+14.782, +8.968,+0.937
1667306640,+3.47,+14.782, +8.973,+0.937
1667306700,+3.47,+14.757, +8.953,+0.938
1667306760,+3.47,+14.757, +8.897,+0.937
1667306820,+3.47,+14.774, +8.895,+0.937
1667306880,+3.47,+14.757, +8.921,+0.938
1667306940,+3.47,+14.757, +8.986,+0.937
1667307000,+3.47,+14.765, +9.025,+0.937
1667307060,+3.47,+14.765, +9.092,+0.937
1667307120,+3.47,+14.765, +9.242,+0.938
1667307180,+3.47,+14.782, +9.263,+0.938
1667307240,+3.47,+14.791, +9.324,+0.938
1667307300,+3.47,+14.800, +9.312,+0.938
1667307360,+3.47,+14.817, +9.337,+0.938
1667307420,+3.47,+14.808, +9.294,+0.937
1667307480,+3.47,+14.843, +9.242,+0.938
1667307540,+3.47,+14.851, +9.239,+0.938
1667307600,+3.47,+14.860, +9.277,+0.938
1667307660,+3.47,+14.851, +9.315,+0.938
1667307720,+3.47,+14.860, +9.305,+0.938
1667307780,+3.47,+14.843, +9.363,+0.937
1667307840,+3.47,+14.860, +9.334,+0.937
1667307900,+3.47,+14.869, +9.308,+0.937
1667307960,+3.47,+14.877, +9.262,+0.937
1667308020,+3.47,+14.877, +9.294,+0.938
1667308080,+3.47,+14.851, +9.313,+0.938
1667308140,+3.47,+14.851, +9.305,+0.937
1667308200,+3.47,+14.851, +9.254,+0.938
1667308260,+3.47,+14.834, +9.299,+0.938
1667308320,+3.47,+14.834, +9.236,+0.938
1667308380,+3.47,+14.851, +9.260,+0.938
1667308440,+3.47,+14.843, +9.580,+0.938
1667308500,+3.47,+14.817, +9.730,+0.938
1667308560,+3.47,+14.877, +9.668,+0.938
1667308620,+3.47,+14.843, +9.666,+0.938
1667308680,+3.47,+14.843, +9.671,+0.938
1667308740,+3.47,+14.860, +9.619,+0.937
1667308800,+3.47,+14.834, +9.533,+0.938
1667308860,+3.47,+14.843, +9.392,+0.937
1667308920,+3.47,+14.843, +9.504,+0.938
1667308980,+3.47,+14.843, +9.626,+0.938
1667309040,+3.47,+14.834, +9.592,+0.938
1667309100,+3.47,+14.843, +9.536,+0.938
1667309160,+3.47,+14.843, +9.418,+0.938
1667309220,+3.47,+14.825, +9.414,+0.938
1667309280,+3.47,+14.843, +9.386,+0.937
1667309340,+3.47,+14.834, +9.346,+0.938
1667309400,+3.47,+14.834, +9.344,+0.938
1667309460,+3.47,+14.851, +9.346,+0.938
1667309520,+3.47,+14.825, +9.381,+0.938
1667309580,+3.47,+14.817, +9.415,+0.938
1667309640,+3.47,+14.834, +9.412,+0.938
1667309700,+3.47,+14.817, +9.393,+0.938
1667309760,+3.47,+14.834, +9.424,+0.938
1667309820,+3.47,+14.834, +9.355,+0.938
1667309880,+3.47,+14.869, +9.295,+0.938
1667309940,+3.47,+14.843, +9.282,+0.937
1667310000,+3.47,+14.886, +9.295,+0.938
1667310060,+3.47,+14.886, +9.327,+0.938
1667310120,+3.47,+14.903, +9.326,+0.938
1667310180,+3.47,+14.903, +9.336,+0.937
1667310240,+3.47,+14.912, +9.314,+0.937
1667310300,+3.47,+14.903, +9.325,+0.938
1667310360,+3.47,+14.877, +9.326,+0.937
1667310420,+3.47,+14.877, +9.378,+0.938
1667310480,+3.47,+14.860, +9.387,+0.938
1667310540,+3.47,+14.877, +9.345,+0.937
1667310600,+3.47,+14.851, +9.338,+0.938
1667310660,+3.47,+14.869, +9.285,+0.938
1667310720,+3.47,+14.869, +9.346,+0.938
1667310780,+3.47,+14.886, +9.390,+0.938
1667310840,+3.47,+14.894, +9.409,+0.937
1667310900,+3.47,+14.894, +9.408,+0.938
1667310960,+3.47,+14.886, +9.439,+0.937
1667311020,+3.47,+14.886, +9.409,+0.938
1667311080,+3.47,+14.877, +9.349,+0.938
1667311140,+3.47,+14.903, +9.304,+0.938
1667311200,+3.47,+14.894, +9.222,+0.937
1667311260,+3.47,+14.877, +9.180,+0.937
1667311320,+3.47,+14.886, +9.165,+0.938
1667311380,+3.47,+14.886, +9.141,+0.938
1667311440,+3.47,+14.877, +9.112,+0.938
1667311500,+3.47,+14.877, +9.085,+0.937
1667311560,+3.47,+14.903, +9.088,+0.937
1667311620,+3.47,+14.894, +9.163,+0.937
1667311680,+3.47,+14.912, +9.226,+0.937
1667311740,+3.47,+14.886, +9.251,+0.938
1667311800,+3.47,+14.903, +9.276,+0.938
1667311860,+3.47,+14.903, +9.254,+0.937
1667311920,+3.47,+14.912, +9.234,+0.938
1667311980,+3.47,+14.920, +9.218,+0.937
1667312040,+3.47,+14.912, +9.219,+0.937
1667312100,+3.47,+14.937, +9.230,+0.938
1667312160,+3.47,+14.929, +9.288,+0.938
1667312220,+3.47,+14.920, +9.340,+0.938
1667312280,+3.47,+14.920, +9.340,+0.938
1667312340,+3.47,+14.937, +9.379,+0.938
1667312400,+3.47,+14.929, +9.520,+0.938
1667312460,+3.47,+14.937, +9.573,+0.937
1667312520,+3.47,+14.929, +9.574,+0.938
1667312580,+3.47,+14.937, +9.420,+0.938
1667312640,+3.47,+14.937, +9.385,+0.937
1667312700,+3.47,+14.963, +9.375,+0.938
1667312760,+3.47,+14.937, +9.464,+0.938
1667312820,+3.47,+14.955, +9.456,+0.938
1667312880,+3.47,+14.972, +9.296,+0.938
1667312940,+3.47,+14.946, +9.213,+0.938
1667313000,+3.47,+14.955, +9.246,+0.938
1667313060,+3.47,+14.955, +9.223,+0.937
1667313120,+3.47,+14.972, +9.210,+0.937
1667313180,+3.47,+14.963, +9.199,+0.938
1667313240,+3.47,+14.955, +9.149,+0.937
1667313300,+3.47,+14.972, +9.144,+0.938
1667313360,+3.47,+14.963, +9.125,+0.937
1667313420,+3.47,+14.937, +9.218,+0.938
1667313480,+3.47,+14.937, +9.280,+0.937
1667313540,+3.47,+14.946, +9.286,+0.938
1667313600,+3.47,+14.955, +9.274,+0.938
1667313660,+3.47,+14.920, +9.202,+0.938
1667313720,+3.47,+14.946, +9.186,+0.938
1667313780,+3.47,+14.937, +9.202,+0.937
1667313840,+3.47,+14.929, +9.162,+0.937
1667313900,+3.47,+14.937, +9.140,+0.938
1667313960,+3.47,+14.912, +9.113,+0.937
1667314020,+3.47,+14.912, +9.078,+0.937
1667314080,+3.47,+14.946, +9.069,+0.937
1667314140,+3.47,+14.955, +9.139,+0.937
1667314200,+3.47,+14.955, +9.282,+0.938
1667314260,+3.47,+14.972, +9.393,+0.938
1667314320,+3.47,+14.998, +9.457,+0.937
1667314380,+3.47,+15.015, +9.529,+0.938
1667314440,+3.47,+14.998, +9.494,+0.938
1667314500,+3.47,+14.981, +9.466,+0.937
1667314560,+3.47,+15.006, +9.529,+0.938
1667314620,+3.47,+15.032, +9.566,+0.938
1667314680,+3.47,+15.049, +9.599,+0.938
1667314740,+3.47,+15.032, +9.549,+0.938
1667314800,+3.47,+15.024, +9.509,+0.938
1667314860,+3.47,+15.041, +9.345,+0.937
1667314920,+3.47,+15.041, +9.376,+0.937
1667314980,+3.47,+15.032, +9.392,+0.938
1667315040,+3.47,+15.041, +9.382,+0.937
1667315100,+3.47,+15.041, +9.423,+0.937
1667315160,+3.47,+15.032, +9.445,+0.938
1667315220,+3.47,+15.032, +9.405,+0.938
1667315280,+3.47,+15.015, +9.389,+0.938
1667315340,+3.47,+15.015, +9.385,+0.937
1667315400,+3.47,+15.006, +9.392,+0.938
1667315460,+3.47,+14.989, +9.288,+0.937
1667315520,+3.47,+14.963, +9.239,+0.938
1667315580,+3.47,+14.989, +9.180,+0.938
1667315640,+3.47,+14.972, +9.173,+0.938
1667315700,+3.47,+14.998, +9.114,+0.937
1667315760,+3.47,+14.981, +9.082,+0.938
1667315820,+3.47,+14.981, +9.028,+0.938
1667315880,+3.47,+14.963, +9.014,+0.938
1667315940,+3.47,+14.972, +9.017,+0.937
1667316000,+3.47,+14.963, +9.009,+0.937
1667316060,+3.47,+14.981, +9.006,+0.937
1667316120,+3.47,+14.981, +9.087,+0.937
1667316180,+3.47,+14.989, +9.144,+0.938
1667316240,+3.47,+15.006, +9.145,+0.938
1667316300,+3.47,+14.998, +9.172,+0.938
1667316360,+3.47,+14.989, +9.103,+0.938
1667316420,+3.47,+14.989, +9.032,+0.937
1667316480,+3.47,+14.981, +8.988,+0.937
1667316540,+3.47,+14.998, +9.023,+0.937
1667316600,+3.47,+14.998, +9.203,+0.938
1667316660,+3.47,+14.998, +9.351,+0.937
1667316720,+3.47,+15.032, +9.454,+0.938
1667316780,+3.47,+15.049, +9.478,+0.937
1667316840,+3.47,+15.049, +9.486,+0.938
1667316900,+3.47,+15.058, +9.528,+0.938
1667316960,+3.47,+15.075, +9.599,+0.938
1667317020,+3.47,+15.084, +9.612,+0.938
1667317080,+3.47,+15.075, +9.680,+0.938
1667317140,+3.47,+15.058, +9.749,+0.938
1667317200,+3.47,+15.067, +9.703,+0.938
1667317260,+3.47,+15.041, +9.502,+0.938
1667317320,+3.47,+14.989, +9.350,+0.938
1667317380,+3.47,+14.998, +9.236,+0.938
1667317440,+3.47,+15.006, +9.247,+0.938
1667317500,+3.47,+15.041, +9.264,+0.938
1667317560,+3.47,+15.041, +9.290,+0.938
1667317620,+3.47,+15.058, +9.277,+0.937
1667317680,+3.47,+15.075, +9.262,+0.938
1667317740,+3.47,+15.092, +9.167,+0.938
1667317800,+3.47,+15.101, +9.113,+0.938
1667317860,+3.47,+15.092, +9.500,+0.937
1667317920,+3.47,+15.075, +9.653,+0.937
1667317980,+3.47,+15.084, +9.662,+0.938
1667318040,+3.47,+15.084, +9.670,+0.938
1667318100,+3.47,+15.118, +9.680,+0.938
1667318160,+3.47,+15.135, +9.646,+0.938
1667318220,+3.47,+15.161, +9.616,+0.938
1667318280,+3.47,+15.153, +9.507,+0.937
1667318340,+3.47,+15.170, +9.543,+0.938
1667318400,+3.47,+15.135, +9.641,+0.938
1667318460,+3.47,+15.144, +9.621,+0.938
1667318520,+3.47,+15.135, +9.612,+0.938
1667318580,+3.47,+15.161, +9.553,+0.938
1667318640,+3.47,+15.144, +9.601,+0.937
1667318700,+3.47,+15.144, +9.519,+0.938
1667318760,+3.47,+15.127, +9.492,+0.938
1667318820,+3.47,+15.127, +9.605,+0.937
1667318880,+3.47,+15.110, +9.732,+0.938
1667318940,+3.47,+15.127, +9.838,+0.938
1667319000,+3.47,+15.127, +9.786,+0.938
1667319060,+3.47,+15.127, +9.759,+0.938
1667319120,+3.47,+15.135, +9.625,+0.938
1667319180,+3.47,+15.135, +9.431,+0.937
1667319240,+3.47,+15.127, +9.279,+0.937
1667319300,+3.47,+15.118, +9.348,+0.938
1667319360,+3.47,+15.135, +9.396,+0.937
1667319420,+3.47,+15.127, +9.461,+0.938
1667319480,+3.47,+15.127, +9.466,+0.938
1667319540,+3.47,+15.135, +9.490,+0.938
1667319600,+3.47,+15.118, +9.465,+0.938
1667319660,+3.47,+15.118, +9.385,+0.937
1667319720,+3.47,+15.092, +9.273,+0.937
1667319780,+3.47,+15.101, +9.134,+0.937
1667319840,+3.47,+15.101, +9.038,+0.937
1667319900,+3.47,+15.101, +8.957,+0.937
1667319960,+3.47,+15.084, +8.880,+0.937
1667320020,+3.47,+15.075, +8.877,+0.937
1667320080,+3.47,+15.084, +8.901,+0.937
1667320140,+3.47,+15.075, +8.952,+0.938
1667320200,+3.47,+15.084, +8.937,+0.937
1667320260,+3.47,+15.075, +8.917,+0.938
1667320320,+3.47,+15.092, +8.884,+0.937
1667320380,+3.47,+15.092, +8.889,+0.937
1667320440,+3.47,+15.101, +8.830,+0.937
1667320500,+3.47,+15.075, +8.801,+0.937
1667320560,+3.47,+15.092, +8.781,+0.937
1667320620,+3.47,+15.084, +8.859,+0.938
1667320680,+3.47,+15.110, +8.909,+0.937
1667320740,+3.47,+15.092, +9.033,+0.938
1667320800,+3.47,+15.092, +9.097,+0.938
1667320860,+3.47,+15.084, +9.074,+0.937
1667320920,+3.47,+15.075, +9.061,+0.938
1667320980,+3.47,+15.101, +9.022,+0.937
1667321040,+3.47,+15.084, +8.945,+0.937
1667321100,+3.47,+15.092, +8.916,+0.937
1667321160,+3.47,+15.075, +8.917,+0.937
1667321220,+3.47,+15.067, +8.847,+0.937
1667321280,+3.47,+15.075, +8.756,+0.937
1667321340,+3.47,+15.084, +8.793,+0.937
1667321400,+3.47,+15.075, +8.818,+0.937
