7450-364333
OS REV: 1.05 Sensor Cal: 1644948279
Time (sec),  BV (Volts),  T (deg C),  DO (mg/l),  Q ()
1663001460,+3.49,+22.823, +8.036,+0.952
1663001520,+3.49,+22.832, +8.041,+0.953
1663001580,+3.49,+22.840, +8.036,+0.953
1663001640,+3.49,+22.840, +8.035,+0.953
1663001700,+3.49,+22.840, +8.038,+0.953
1663001760,+3.49,+22.840, +8.030,+0.953
1663001820,+3.49,+22.832, +8.014,+0.953
1663001880,+3.49,+22.823, +7.994,+0.952
1663001940,+3.49,+22.832, +8.003,+0.953
1663002000,+3.49,+22.848, +7.994,+0.953
1663002060,+3.49,+22.832, +7.993,+0.953
1663002120,+3.49,+22.832, +7.983,+0.953
1663002180,+3.49,+22.823, +7.976,+0.953
1663002240,+3.49,+22.848, +7.958,+0.952
1663002300,+3.49,+22.832, +8.060,+0.953
1663002360,+3.49,+22.840, +8.059,+0.953
1663002420,+3.49,+22.848, +8.097,+0.953
1663002480,+3.49,+22.848, +8.134,+0.953
1663002540,+3.49,+22.848, +8.132,+0.953
1663002600,+3.49,+22.865, +8.116,+0.953
1663002660,+3.49,+22.840, +8.131,+0.953
1663002720,+3.49,+22.840, +8.170,+0.953
1663002780,+3.49,+22.857, +8.134,+0.953
1663002840,+3.49,+22.832, +8.004,+0.953
1663002900,+3.49,+22.840, +8.043,+0.953
1663002960,+3.49,+22.840, +8.103,+0.953
1663003020,+3.49,+22.840, +8.095,+0.953
1663003080,+3.49,+22.807, +8.029,+0.952
1663003140,+3.49,+22.798, +8.023,+0.953
1663003200,+3.49,+22.798, +7.935,+0.953
1663003260,+3.49,+22.815, +7.909,+0.953
1663003320,+3.49,+22.807, +7.878,+0.953
1663003380,+3.49,+22.823, +7.819,+0.953
1663003440,+3.49,+22.798, +7.830,+0.952
1663003500,+3.49,+22.781, +7.795,+0.952
1663003560,+3.49,+22.790, +7.762,+0.952
1663003620,+3.49,+22.773, +7.773,+0.952
1663003680,+3.49,+22.781, +7.792,+0.952
1663003740,+3.49,+22.756, +7.765,+0.952
1663003800,+3.49,+22.798, +7.733,+0.953
1663003860,+3.49,+22.790, +7.675,+0.952
1663003920,+3.49,+22.781, +7.676,+0.952
1663003980,+3.49,+22.790, +7.679,+0.952
1663004040,+3.49,+22.765, +7.700,+0.953
1663004100,+3.49,+22.781, +7.725,+0.953
1663004160,+3.49,+22.781, +7.729,+0.952
1663004220,+3.49,+22.798, +7.794,+0.953
1663004280,+3.49,+22.815, +7.790,+0.952
1663004340,+3.49,+22.840, +7.732,+0.953
1663004400,+3.49,+22.840, +7.922,+0.952
1663004460,+3.49,+22.848, +8.020,+0.953
1663004520,+3.49,+22.865, +8.031,+0.953
1663004580,+3.49,+22.873, +8.019,+0.953
1663004640,+3.49,+22.882, +8.010,+0.953
1663004700,+3.49,+22.899, +8.134,+0.953
1663004760,+3.49,+22.915, +8.187,+0.953
1663004820,+3.49,+22.907, +8.201,+0.953
1663004880,+3.49,+22.940, +8.165,+0.953
1663004940,+3.49,+22.924, +8.124,+0.952
1663005000,+3.49,+22.940, +8.060,+0.953
1663005060,+3.49,+22.949, +8.076,+0.953
1663005120,+3.49,+22.957, +7.981,+0.953
1663005180,+3.49,+22.957, +7.940,+0.953
1663005240,+3.49,+22.974, +7.971,+0.953
1663005300,+3.49,+22.974, +8.025,+0.953
1663005360,+3.49,+22.974, +8.077,+0.953
1663005420,+3.49,+22.966, +8.149,+0.953
1663005480,+3.49,+22.949, +8.122,+0.953
1663005540,+3.49,+22.949, +8.093,+0.952
1663005600,+3.49,+22.957, +8.149,+0.953
1663005660,+3.49,+22.949, +8.179,+0.953
1663005720,+3.49,+22.966, +8.124,+0.953
1663005780,+3.49,+22.957, +8.158,+0.953
1663005840,+3.49,+22.949, +7.921,+0.952
1663005900,+3.49,+22.940, +7.923,+0.953
1663005960,+3.49,+22.924, +7.899,+0.953
1663006020,+3.49,+22.915, +7.894,+0.953
1663006080,+3.49,+22.915, +7.904,+0.953
1663006140,+3.49,+22.907, +7.797,+0.952
1663006200,+3.49,+22.865, +7.548,+0.952
1663006260,+3.49,+22.865, +7.419,+0.952
1663006320,+3.49,+22.882, +7.547,+0.952
1663006380,+3.49,+22.899, +7.718,+0.953
1663006440,+3.49,+22.907, +7.851,+0.953
1663006500,+3.49,+22.940, +7.822,+0.952
1663006560,+3.49,+22.940, +7.930,+0.953
1663006620,+3.49,+22.949, +7.973,+0.953
1663006680,+3.49,+22.957, +7.917,+0.953
1663006740,+3.49,+22.957, +7.942,+0.953
1663006800,+3.49,+22.957, +7.962,+0.953
1663006860,+3.49,+22.966, +7.932,+0.952
1663006920,+3.49,+22.949, +7.899,+0.953
1663006980,+3.49,+22.949, +7.870,+0.953
1663007040,+3.49,+22.924, +7.855,+0.952
1663007100,+3.49,+22.924, +7.806,+0.952
1663007160,+3.49,+22.924, +7.787,+0.952
1663007220,+3.49,+22.915, +7.796,+0.952
1663007280,+3.49,+22.915, +7.834,+0.953
1663007340,+3.49,+22.899, +7.824,+0.952
1663007400,+3.49,+22.907, +7.716,+0.953
1663007460,+3.49,+22.890, +7.558,+0.952
1663007520,+3.49,+22.882, +7.460,+0.952
1663007580,+3.49,+22.873, +7.494,+0.952
1663007640,+3.49,+22.873, +7.466,+0.952
1663007700,+3.49,+22.865, +7.453,+0.952
1663007760,+3.49,+22.865, +7.427,+0.952
1663007820,+3.49,+22.857, +7.550,+0.953
1663007880,+3.49,+22.865, +7.619,+0.952
1663007940,+3.49,+22.890, +7.642,+0.953
1663008000,+3.49,+22.882, +7.620,+0.952
1663008060,+3.49,+22.890, +7.645,+0.952
1663008120,+3.49,+22.890, +7.649,+0.953
1663008180,+3.49,+22.890, +7.587,+0.952
1663008240,+3.49,+22.882, +7.515,+0.952
1663008300,+3.49,+22.899, +7.634,+0.952
1663008360,+3.49,+22.907, +7.789,+0.953
1663008420,+3.49,+22.932, +7.799,+0.953
1663008480,+3.49,+22.957, +7.834,+0.952
1663008540,+3.49,+22.957, +7.788,+0.952
1663008600,+3.49,+22.940, +7.813,+0.952
1663008660,+3.49,+22.957, +7.768,+0.953
1663008720,+3.49,+22.940, +7.719,+0.953
1663008780,+3.49,+22.924, +7.662,+0.953
1663008840,+3.49,+22.932, +7.714,+0.952
1663008900,+3.49,+22.907, +7.767,+0.952
1663008960,+3.49,+22.899, +7.766,+0.953
1663009020,+3.49,+22.890, +7.689,+0.952
1663009080,+3.49,+22.899, +7.799,+0.953
1663009140,+3.49,+22.907, +7.795,+0.952
1663009200,+3.49,+22.890, +7.677,+0.952
1663009260,+3.49,+22.890, +7.562,+0.952
1663009320,+3.49,+22.873, +7.637,+0.952
1663009380,+3.49,+22.882, +7.671,+0.953
1663009440,+3.49,+22.882, +7.653,+0.952
1663009500,+3.49,+22.873, +7.603,+0.952
1663009560,+3.49,+22.865, +7.533,+0.952
1663009620,+3.49,+22.857, +7.377,+0.952
1663009680,+3.49,+22.848, +7.334,+0.952
1663009740,+3.49,+22.865, +7.422,+0.952
1663009800,+3.49,+22.865, +7.424,+0.952
1663009860,+3.49,+22.832, +7.507,+0.953
1663009920,+3.49,+22.848, +7.415,+0.953
1663009980,+3.49,+22.815, +7.256,+0.952
1663010040,+3.49,+22.815, +7.108,+0.952
1663010100,+3.49,+22.798, +7.018,+0.952
1663010160,+3.49,+22.790, +6.931,+0.951
1663010220,+3.49,+22.773, +6.893,+0.952
1663010280,+3.49,+22.790, +6.977,+0.952
1663010340,+3.49,+22.798, +6.811,+0.952
1663010400,+3.49,+22.773, +6.834,+0.951
1663010460,+3.49,+22.748, +6.792,+0.952
1663010520,+3.49,+22.756, +6.805,+0.952
1663010580,+3.49,+22.773, +6.931,+0.951
1663010640,+3.49,+22.773, +7.050,+0.952
1663010700,+3.49,+22.798, +7.052,+0.952
1663010760,+3.49,+22.798, +7.068,+0.952
1663010820,+3.49,+22.807, +7.042,+0.952
1663010880,+3.49,+22.815, +7.091,+0.952
1663010940,+3.49,+22.815, +7.026,+0.952
1663011000,+3.49,+22.823, +6.994,+0.952
1663011060,+3.49,+22.815, +6.872,+0.951
1663011120,+3.49,+22.815, +6.902,+0.951
1663011180,+3.49,+22.807, +6.904,+0.952
1663011240,+3.49,+22.765, +6.657,+0.951
1663011300,+3.49,+22.740, +6.384,+0.951
1663011360,+3.49,+22.706, +6.432,+0.951
1663011420,+3.49,+22.706, +6.635,+0.951
1663011480,+3.49,+22.731, +6.856,+0.952
1663011540,+3.49,+22.765, +6.936,+0.952
1663011600,+3.49,+22.748, +6.878,+0.952
1663011660,+3.49,+22.756, +6.951,+0.952
1663011720,+3.49,+22.756, +6.862,+0.952
1663011780,+3.49,+22.756, +6.994,+0.952
1663011840,+3.49,+22.773, +7.176,+0.952
1663011900,+3.49,+22.798, +7.213,+0.952
1663011960,+3.49,+22.798, +7.282,+0.952
1663012020,+3.49,+22.815, +7.365,+0.952
1663012080,+3.49,+22.823, +7.348,+0.952
1663012140,+3.49,+22.840, +7.286,+0.952
1663012200,+3.49,+22.781, +6.595,+0.951
1663012260,+3.49,+22.740, +6.731,+0.952
1663012320,+3.49,+22.790, +7.072,+0.952
1663012380,+3.49,+22.857, +7.241,+0.952
1663012440,+3.49,+22.857, +7.201,+0.952
1663012500,+3.49,+22.832, +7.034,+0.951
1663012560,+3.49,+22.840, +6.903,+0.952
1663012620,+3.49,+22.832, +7.011,+0.952
1663012680,+3.49,+22.873, +7.313,+0.952
1663012740,+3.49,+22.924, +7.217,+0.952
1663012800,+3.49,+22.890, +6.984,+0.952
1663012860,+3.49,+22.873, +7.040,+0.952
1663012920,+3.49,+22.899, +7.227,+0.952
1663012980,+3.49,+22.940, +7.366,+0.952
1663013040,+3.49,+22.966, +7.526,+0.952
1663013100,+3.49,+23.016, +7.694,+0.952
1663013160,+3.49,+23.024, +7.510,+0.952
1663013220,+3.49,+23.016, +7.214,+0.952
1663013280,+3.49,+22.999, +7.442,+0.952
1663013340,+3.49,+23.024, +7.746,+0.952
1663013400,+3.49,+23.133, +7.906,+0.953
1663013460,+3.49,+23.133, +7.555,+0.952
1663013520,+3.49,+23.049, +7.165,+0.952
1663013580,+3.49,+23.049, +7.333,+0.952
1663013640,+3.49,+23.024, +7.449,+0.952
1663013700,+3.49,+23.033, +7.389,+0.952
1663013760,+3.49,+23.016, +7.412,+0.952
1663013820,+3.49,+22.991, +7.191,+0.952
1663013880,+3.49,+22.991, +7.362,+0.952
1663013940,+3.49,+22.974, +7.447,+0.952
1663014000,+3.49,+22.991, +7.459,+0.951
1663014060,+3.49,+23.016, +7.471,+0.953
1663014120,+3.49,+23.041, +7.504,+0.952
1663014180,+3.49,+23.066, +7.452,+0.952
1663014240,+3.49,+23.049, +7.373,+0.952
1663014300,+3.49,+23.049, +7.308,+0.952
1663014360,+3.49,+23.041, +7.568,+0.952
1663014420,+3.49,+23.091, +7.695,+0.953
1663014480,+3.49,+23.108, +7.815,+0.953
1663014540,+3.49,+23.167, +7.967,+0.952
1663014600,+3.49,+23.208, +8.008,+0.953
1663014660,+3.49,+23.217, +8.038,+0.953
1663014720,+3.49,+23.250, +8.043,+0.953
1663014780,+3.49,+23.234, +8.052,+0.953
1663014840,+3.49,+23.234, +7.975,+0.953
1663014900,+3.49,+23.242, +7.948,+0.953
1663014960,+3.49,+23.234, +7.978,+0.953
1663015020,+3.49,+23.242, +8.019,+0.953
1663015080,+3.49,+23.267, +8.057,+0.953
1663015140,+3.49,+23.276, +8.055,+0.953
1663015200,+3.49,+23.267, +8.051,+0.953
1663015260,+3.49,+23.292, +8.050,+0.953
1663015320,+3.49,+23.284, +8.078,+0.953
1663015380,+3.49,+23.292, +8.108,+0.953
1663015440,+3.50,+23.309, +8.064,+0.953
1663015500,+3.50,+23.317, +8.085,+0.953
1663015560,+3.50,+23.309, +8.066,+0.953
1663015620,+3.50,+23.292, +8.081,+0.953
1663015680,+3.49,+23.292, +8.080,+0.953
1663015740,+3.49,+23.292, +8.008,+0.953
1663015800,+3.49,+23.301, +7.992,+0.953
1663015860,+3.49,+23.309, +8.054,+0.953
1663015920,+3.50,+23.309, +8.088,+0.953
1663015980,+3.50,+23.326, +8.124,+0.953
1663016040,+3.50,+23.317, +8.111,+0.953
1663016100,+3.50,+23.343, +8.125,+0.953
1663016160,+3.50,+23.326, +8.100,+0.953
1663016220,+3.50,+23.351, +8.136,+0.953
1663016280,+3.50,+23.326, +8.117,+0.953
1663016340,+3.50,+23.326, +8.120,+0.953
1663016400,+3.50,+23.343, +8.102,+0.953
1663016460,+3.50,+23.334, +8.064,+0.953
1663016520,+3.50,+23.326, +8.110,+0.953
1663016580,+3.50,+23.343, +8.195,+0.953
1663016640,+3.50,+23.359, +8.142,+0.953
1663016700,+3.50,+23.351, +8.233,+0.953
1663016760,+3.50,+23.376, +8.182,+0.953
1663016820,+3.50,+23.368, +8.207,+0.953
1663016880,+3.50,+23.384, +8.282,+0.954
1663016940,+3.50,+23.384, +8.309,+0.954
1663017000,+3.50,+23.410, +8.339,+0.953
1663017060,+3.50,+23.426, +8.367,+0.954
1663017120,+3.50,+23.443, +8.323,+0.953
1663017180,+3.50,+23.443, +8.456,+0.954
1663017240,+3.50,+23.477, +8.519,+0.954
1663017300,+3.49,+23.502, +8.529,+0.954
1663017360,+3.50,+23.519, +8.496,+0.954
1663017420,+3.49,+23.544, +8.495,+0.953
1663017480,+3.49,+23.560, +8.545,+0.953
1663017540,+3.49,+23.569, +8.570,+0.954
1663017600,+3.49,+23.577, +8.508,+0.953
1663017660,+3.49,+23.569, +8.503,+0.954
1663017720,+3.50,+23.577, +8.491,+0.954
1663017780,+3.50,+23.552, +8.490,+0.954
1663017840,+3.50,+23.544, +8.501,+0.954
1663017900,+3.50,+23.560, +8.543,+0.953
1663017960,+3.50,+23.544, +8.530,+0.954
1663018020,+3.50,+23.544, +8.510,+0.954
1663018080,+3.50,+23.552, +8.489,+0.954
1663018140,+3.50,+23.544, +8.475,+0.954
1663018200,+3.50,+23.519, +8.503,+0.954
1663018260,+3.50,+23.527, +8.522,+0.954
1663018320,+3.50,+23.527, +8.516,+0.954
1663018380,+3.50,+23.527, +8.483,+0.954
1663018440,+3.50,+23.519, +8.462,+0.954
1663018500,+3.50,+23.485, +8.427,+0.954
1663018560,+3.50,+23.477, +8.417,+0.953
1663018620,+3.50,+23.510, +8.546,+0.954
1663018680,+3.50,+23.519, +8.549,+0.953
1663018740,+3.50,+23.502, +8.535,+0.954
1663018800,+3.50,+23.510, +8.536,+0.953
1663018860,+3.50,+23.527, +8.531,+0.954
1663018920,+3.50,+23.510, +8.532,+0.954
1663018980,+3.50,+23.510, +8.585,+0.953
1663019040,+3.50,+23.510, +8.597,+0.954
1663019100,+3.50,+23.527, +8.589,+0.954
1663019160,+3.50,+23.527, +8.579,+0.953
1663019220,+3.50,+23.527, +8.572,+0.954
1663019280,+3.50,+23.493, +8.532,+0.954
1663019340,+3.50,+23.510, +8.502,+0.953
1663019400,+3.50,+23.493, +8.478,+0.954
1663019460,+3.50,+23.485, +8.498,+0.954
1663019520,+3.50,+23.485, +8.510,+0.953
1663019580,+3.50,+23.477, +8.480,+0.953
1663019640,+3.50,+23.477, +8.481,+0.953
1663019700,+3.50,+23.468, +8.439,+0.953
1663019760,+3.50,+23.468, +8.377,+0.953
1663019820,+3.50,+23.410, +8.316,+0.953
1663019880,+3.50,+23.401, +8.315,+0.953
1663019940,+3.50,+23.393, +8.331,+0.953
1663020000,+3.50,+23.376, +8.345,+0.953
1663020060,+3.50,+23.393, +8.344,+0.954
1663020120,+3.50,+23.401, +8.357,+0.953
1663020180,+3.50,+23.401, +8.369,+0.954
1663020240,+3.50,+23.384, +8.376,+0.953
1663020300,+3.50,+23.393, +8.405,+0.954
1663020360,+3.50,+23.401, +8.439,+0.954
1663020420,+3.50,+23.410, +8.458,+0.953
1663020480,+3.50,+23.426, +8.437,+0.953
1663020540,+3.50,+23.435, +8.436,+0.953
1663020600,+3.50,+23.435, +8.450,+0.954
1663020660,+3.50,+23.435, +8.471,+0.954
1663020720,+3.50,+23.435, +8.491,+0.954
1663020780,+3.50,+23.451, +8.517,+0.954
1663020840,+3.50,+23.451, +8.575,+0.953
1663020900,+3.50,+23.451, +8.566,+0.954
1663020960,+3.50,+23.443, +8.591,+0.954
1663021020,+3.50,+23.460, +8.582,+0.953
1663021080,+3.50,+23.468, +8.538,+0.954
1663021140,+3.50,+23.477, +8.532,+0.954
1663021200,+3.50,+23.468, +8.511,+0.953
1663021260,+3.50,+23.460, +8.510,+0.954
1663021320,+3.50,+23.443, +8.480,+0.954
1663021380,+3.50,+23.443, +8.447,+0.953
1663021440,+3.50,+23.460, +8.433,+0.953
1663021500,+3.50,+23.443, +8.427,+0.953
1663021560,+3.50,+23.443, +8.437,+0.954
1663021620,+3.50,+23.435, +8.494,+0.954
1663021680,+3.50,+23.426, +8.533,+0.953
1663021740,+3.50,+23.401, +8.563,+0.954
1663021800,+3.50,+23.435, +8.562,+0.954
1663021860,+3.50,+23.418, +8.540,+0.954
1663021920,+3.50,+23.418, +8.552,+0.953
1663021980,+3.50,+23.418, +8.583,+0.954
1663022040,+3.50,+23.401, +8.578,+0.953
1663022100,+3.50,+23.426, +8.573,+0.953
1663022160,+3.50,+23.418, +8.591,+0.954
1663022220,+3.50,+23.426, +8.576,+0.954
1663022280,+3.50,+23.410, +8.522,+0.954
1663022340,+3.50,+23.443, +8.561,+0.953
1663022400,+3.50,+23.435, +8.675,+0.954
1663022460,+3.50,+23.451, +8.687,+0.954
1663022520,+3.50,+23.443, +8.682,+0.954
1663022580,+3.50,+23.435, +8.639,+0.954
1663022640,+3.50,+23.460, +8.630,+0.954
1663022700,+3.50,+23.443, +8.651,+0.954
1663022760,+3.50,+23.451, +8.564,+0.954
1663022820,+3.50,+23.435, +8.629,+0.953
1663022880,+3.50,+23.451, +8.657,+0.954
1663022940,+3.50,+23.435, +8.364,+0.953
1663023000,+3.50,+23.435, +8.538,+0.954
1663023060,+3.50,+23.443, +8.580,+0.953
1663023120,+3.50,+23.451, +8.544,+0.954
1663023180,+3.50,+23.443, +8.604,+0.953
1663023240,+3.50,+23.410, +7.935,+0.953
1663023300,+3.50,+23.435, +8.378,+0.954
1663023360,+3.50,+23.401, +7.770,+0.952
1663023420,+3.50,+23.326, +7.344,+0.952
1663023480,+3.50,+23.334, +7.914,+0.953
1663023540,+3.50,+23.292, +7.639,+0.952
1663023600,+3.50,+23.309, +7.842,+0.953
1663023660,+3.50,+23.309, +8.011,+0.952
1663023720,+3.50,+23.292, +7.661,+0.952
1663023780,+3.49,+23.234, +7.298,+0.952
1663023840,+3.49,+23.234, +7.546,+0.952
1663023900,+3.49,+23.242, +7.692,+0.952
1663023960,+3.49,+23.259, +7.684,+0.952
1663024020,+3.49,+23.250, +7.959,+0.953
1663024080,+3.50,+23.267, +7.723,+0.952
1663024140,+3.49,+23.242, +7.377,+0.952
1663024200,+3.49,+23.192, +7.303,+0.952
1663024260,+3.49,+23.183, +7.205,+0.952
1663024320,+3.49,+23.141, +7.222,+0.952
1663024380,+3.49,+23.167, +7.336,+0.952
1663024440,+3.49,+23.074, +7.064,+0.952
1663024500,+3.49,+22.991, +6.902,+0.952
1663024560,+3.49,+22.940, +6.818,+0.951
1663024620,+3.49,+22.899, +6.738,+0.951
1663024680,+3.50,+22.857, +6.777,+0.951
1663024740,+3.50,+22.840, +6.841,+0.951
1663024800,+3.50,+22.840, +6.851,+0.951
1663024860,+3.50,+22.823, +6.987,+0.951
1663024920,+3.50,+22.832, +7.029,+0.952
1663024980,+3.50,+22.773, +7.031,+0.951
1663025040,+3.50,+22.781, +6.983,+0.951
1663025100,+3.50,+22.773, +6.909,+0.951
1663025160,+3.50,+22.773, +6.906,+0.951
1663025220,+3.50,+22.748, +6.870,+0.951
1663025280,+3.50,+22.765, +6.822,+0.951
1663025340,+3.50,+22.748, +6.708,+0.951
1663025400,+3.50,+22.740, +6.638,+0.951
1663025460,+3.50,+22.740, +6.623,+0.951
1663025520,+3.50,+22.731, +6.668,+0.951
1663025580,+3.50,+22.723, +6.633,+0.951
1663025640,+3.50,+22.714, +6.704,+0.951
1663025700,+3.50,+22.706, +6.699,+0.951
1663025760,+3.50,+22.698, +6.740,+0.951
1663025820,+3.50,+22.706, +6.734,+0.951
1663025880,+3.50,+22.689, +6.682,+0.951
1663025940,+3.50,+22.689, +6.582,+0.951
1663026000,+3.50,+22.689, +6.520,+0.951
1663026060,+3.50,+22.681, +6.492,+0.951
1663026120,+3.50,+22.664, +6.512,+0.951
1663026180,+3.50,+22.664, +6.478,+0.951
1663026240,+3.50,+22.673, +6.431,+0.951
1663026300,+3.50,+22.664, +6.407,+0.951
1663026360,+3.50,+22.673, +6.442,+0.951
1663026420,+3.50,+22.647, +6.421,+0.951
1663026480,+3.50,+22.664, +6.417,+0.951
1663026540,+3.50,+22.673, +6.429,+0.951
1663026600,+3.50,+22.639, +6.393,+0.951
1663026660,+3.50,+22.656, +6.409,+0.951
1663026720,+3.50,+22.673, +6.415,+0.951
1663026780,+3.50,+22.647, +6.396,+0.951
1663026840,+3.50,+22.664, +6.388,+0.951
1663026900,+3.50,+22.639, +6.398,+0.951
1663026960,+3.50,+22.647, +6.426,+0.951
1663027020,+3.50,+22.656, +6.408,+0.951
1663027080,+3.50,+22.647, +6.374,+0.951
1663027140,+3.50,+22.639, +6.391,+0.950
1663027200,+3.50,+22.639, +6.505,+0.951
1663027260,+3.50,+22.639, +6.511,+0.951
1663027320,+3.50,+22.664, +6.454,+0.951
1663027380,+3.50,+22.647, +6.407,+0.951
1663027440,+3.50,+22.631, +6.369,+0.951
1663027500,+3.50,+22.639, +6.303,+0.950
1663027560,+3.50,+22.631, +6.284,+0.951
1663027620,+3.50,+22.622, +6.352,+0.951
1663027680,+3.50,+22.622, +6.356,+0.951
1663027740,+3.50,+22.639, +6.383,+0.951
1663027800,+3.50,+22.639, +6.273,+0.951
1663027860,+3.50,+22.656, +6.243,+0.951
1663027920,+3.50,+22.631, +6.265,+0.950
1663027980,+3.50,+22.631, +6.211,+0.951
1663028040,+3.50,+22.614, +6.272,+0.951
1663028100,+3.50,+22.631, +6.317,+0.951
1663028160,+3.50,+22.606, +6.312,+0.951
1663028220,+3.50,+22.639, +6.359,+0.951
1663028280,+3.50,+22.631, +6.390,+0.951
1663028340,+3.50,+22.631, +6.370,+0.951
1663028400,+3.50,+22.631, +6.356,+0.951
1663028460,+3.50,+22.631, +6.342,+0.951
1663028520,+3.50,+22.622, +6.289,+0.951
1663028580,+3.50,+22.597, +6.301,+0.951
1663028640,+3.50,+22.631, +6.337,+0.951
1663028700,+3.50,+22.622, +6.344,+0.951
1663028760,+3.50,+22.639, +6.261,+0.951
1663028820,+3.50,+22.647, +6.237,+0.951
1663028880,+3.50,+22.614, +6.259,+0.951
1663028940,+3.50,+22.622, +6.358,+0.951
1663029000,+3.50,+22.622, +6.381,+0.951
1663029060,+3.50,+22.622, +6.432,+0.951
1663029120,+3.50,+22.622, +6.436,+0.951
1663029180,+3.50,+22.631, +6.454,+0.951
1663029240,+3.50,+22.631, +6.461,+0.951
1663029300,+3.50,+22.647, +6.663,+0.951
1663029360,+3.50,+22.656, +6.694,+0.951
1663029420,+3.50,+22.664, +6.591,+0.951
1663029480,+3.50,+22.656, +6.531,+0.951
1663029540,+3.50,+22.647, +6.402,+0.951
1663029600,+3.50,+22.614, +6.338,+0.951
1663029660,+3.50,+22.622, +6.320,+0.951
1663029720,+3.50,+22.614, +6.294,+0.951
1663029780,+3.50,+22.614, +6.305,+0.951
1663029840,+3.50,+22.606, +6.266,+0.951
1663029900,+3.50,+22.614, +6.286,+0.951
1663029960,+3.50,+22.597, +6.265,+0.951
1663030020,+3.50,+22.597, +6.296,+0.951
1663030080,+3.50,+22.597, +6.302,+0.951
1663030140,+3.50,+22.606, +6.347,+0.951
1663030200,+3.50,+22.614, +6.380,+0.951
1663030260,+3.50,+22.597, +6.356,+0.951
1663030320,+3.50,+22.631, +6.405,+0.951
1663030380,+3.50,+22.631, +6.431,+0.951
1663030440,+3.50,+22.647, +6.441,+0.951
1663030500,+3.50,+22.673, +6.393,+0.951
1663030560,+3.50,+22.689, +6.344,+0.951
1663030620,+3.50,+22.689, +6.318,+0.951
1663030680,+3.50,+22.673, +6.324,+0.951
1663030740,+3.50,+22.689, +6.344,+0.951
1663030800,+3.50,+22.689, +6.384,+0.951
1663030860,+3.50,+22.706, +6.516,+0.951
1663030920,+3.50,+22.731, +6.756,+0.951
1663030980,+3.50,+22.773, +7.029,+0.952
1663031040,+3.50,+22.773, +6.651,+0.951
1663031100,+3.50,+22.765, +6.463,+0.951
1663031160,+3.50,+22.765, +6.609,+0.951
1663031220,+3.50,+22.781, +6.772,+0.951
1663031280,+3.50,+22.781, +6.712,+0.951
1663031340,+3.50,+22.781, +6.767,+0.951
1663031400,+3.50,+22.773, +6.907,+0.951
1663031460,+3.50,+22.756, +6.975,+0.951
1663031520,+3.50,+22.748, +6.931,+0.951
1663031580,+3.50,+22.740, +7.109,+0.951
1663031640,+3.50,+22.740, +7.147,+0.951
1663031700,+3.50,+22.748, +7.195,+0.951
1663031760,+3.50,+22.765, +7.346,+0.952
1663031820,+3.50,+22.790, +7.455,+0.952
1663031880,+3.50,+22.815, +7.427,+0.952
1663031940,+3.50,+22.815, +7.379,+0.952
1663032000,+3.50,+22.807, +7.345,+0.952
1663032060,+3.50,+22.815, +7.297,+0.951
1663032120,+3.50,+22.798, +7.258,+0.952
1663032180,+3.50,+22.790, +7.265,+0.952
1663032240,+3.50,+22.798, +7.259,+0.952
1663032300,+3.50,+22.823, +7.480,+0.952
1663032360,+3.49,+22.840, +7.386,+0.951
1663032420,+3.49,+22.840, +7.387,+0.952
1663032480,+3.49,+22.848, +7.397,+0.951
1663032540,+3.49,+22.865, +7.559,+0.952
1663032600,+3.49,+22.915, +7.727,+0.952
1663032660,+3.49,+22.932, +7.623,+0.952
1663032720,+3.49,+22.949, +7.677,+0.952
1663032780,+3.49,+22.949, +7.505,+0.952
1663032840,+3.49,+22.949, +7.667,+0.952
1663032900,+3.49,+22.957, +7.660,+0.952
1663032960,+3.49,+22.966, +7.653,+0.952
1663033020,+3.49,+22.966, +7.620,+0.952
1663033080,+3.49,+22.940, +7.567,+0.952
1663033140,+3.49,+22.940, +7.517,+0.952
1663033200,+3.49,+22.940, +7.529,+0.952
1663033260,+3.49,+22.949, +7.597,+0.952
1663033320,+3.49,+22.957, +7.617,+0.952
1663033380,+3.49,+22.957, +7.649,+0.951
1663033440,+3.49,+22.982, +7.649,+0.952
1663033500,+3.49,+22.974, +7.581,+0.952
1663033560,+3.49,+22.974, +7.695,+0.952
1663033620,+3.49,+22.991, +7.722,+0.952
1663033680,+3.49,+23.024, +7.741,+0.952
1663033740,+3.49,+23.024, +7.763,+0.952
1663033800,+3.49,+23.049, +7.756,+0.953
1663033860,+3.49,+23.041, +7.755,+0.952
1663033920,+3.49,+23.049, +7.756,+0.952
1663033980,+3.49,+23.041, +7.809,+0.953
1663034040,+3.49,+23.033, +7.841,+0.952
1663034100,+3.49,+23.041, +7.876,+0.952
1663034160,+3.49,+23.024, +7.989,+0.952
1663034220,+3.49,+23.033, +8.013,+0.953
1663034280,+3.49,+23.049, +8.041,+0.953
1663034340,+3.49,+23.016, +8.089,+0.952
1663034400,+3.49,+23.016, +8.063,+0.952
1663034460,+3.49,+23.033, +8.055,+0.952
1663034520,+3.49,+23.016, +8.019,+0.952
1663034580,+3.49,+22.999, +7.954,+0.952
1663034640,+3.49,+22.999, +7.884,+0.952
1663034700,+3.49,+22.974, +7.844,+0.952
1663034760,+3.49,+22.991, +8.070,+0.953
1663034820,+3.49,+23.016, +8.057,+0.952
1663034880,+3.49,+23.041, +8.091,+0.953
1663034940,+3.49,+23.016, +8.086,+0.952
1663035000,+3.49,+23.024, +8.033,+0.952
1663035060,+3.49,+23.024, +8.011,+0.953
1663035120,+3.49,+23.024, +8.030,+0.952
1663035180,+3.49,+23.024, +8.029,+0.952
1663035240,+3.49,+23.016, +8.078,+0.953
1663035300,+3.49,+23.041, +8.093,+0.952
1663035360,+3.49,+23.033, +8.121,+0.952
1663035420,+3.49,+23.024, +8.157,+0.952
1663035480,+3.49,+23.058, +8.197,+0.953
1663035540,+3.49,+23.058, +8.206,+0.953
1663035600,+3.49,+23.066, +8.207,+0.953
1663035660,+3.49,+23.083, +8.192,+0.953
1663035720,+3.49,+23.066, +8.216,+0.953
1663035780,+3.49,+23.083, +8.209,+0.952
1663035840,+3.49,+23.074, +8.334,+0.953
1663035900,+3.49,+23.041, +8.388,+0.953
1663035960,+3.49,+23.041, +8.288,+0.953
1663036020,+3.49,+23.049, +8.232,+0.953
1663036080,+3.49,+23.041, +8.248,+0.952
1663036140,+3.49,+23.033, +8.246,+0.953
1663036200,+3.49,+23.007, +8.252,+0.953
1663036260,+3.49,+23.016, +8.216,+0.952
1663036320,+3.49,+22.999, +8.218,+0.953
1663036380,+3.49,+22.999, +8.185,+0.952
1663036440,+3.49,+22.982, +8.197,+0.953
1663036500,+3.49,+22.991, +8.182,+0.953
1663036560,+3.49,+22.999, +8.170,+0.953
1663036620,+3.49,+22.991, +8.156,+0.953
1663036680,+3.49,+22.999, +8.160,+0.953
1663036740,+3.49,+23.007, +8.155,+0.953
1663036800,+3.49,+23.016, +8.159,+0.953
1663036860,+3.49,+23.041, +8.169,+0.953
1663036920,+3.49,+23.041, +8.177,+0.953
1663036980,+3.49,+23.049, +8.152,+0.952
1663037040,+3.49,+23.058, +8.100,+0.952
1663037100,+3.49,+23.049, +8.074,+0.953
1663037160,+3.49,+23.058, +8.070,+0.953
1663037220,+3.49,+23.049, +8.085,+0.953
1663037280,+3.49,+23.066, +8.088,+0.953
1663037340,+3.49,+23.049, +8.086,+0.953
1663037400,+3.49,+23.058, +8.072,+0.953
1663037460,+3.49,+23.041, +8.073,+0.953
1663037520,+3.49,+23.058, +8.043,+0.952
1663037580,+3.49,+23.049, +8.014,+0.953
1663037640,+3.49,+23.041, +8.043,+0.952
1663037700,+3.49,+23.058, +8.024,+0.953
1663037760,+3.49,+23.033, +8.027,+0.953
1663037820,+3.49,+23.049, +8.026,+0.953
1663037880,+3.49,+23.066, +8.020,+0.953
1663037940,+3.49,+23.074, +8.021,+0.952
1663038000,+3.49,+23.058, +8.046,+0.953
1663038060,+3.49,+23.058, +8.045,+0.953
1663038120,+3.49,+23.066, +8.034,+0.953
1663038180,+3.49,+23.049, +8.031,+0.953
1663038240,+3.49,+23.074, +8.037,+0.953
1663038300,+3.49,+23.058, +8.026,+0.952
1663038360,+3.49,+23.066, +8.042,+0.954
1663038420,+3.49,+23.074, +8.033,+0.952
1663038480,+3.49,+23.066, +8.036,+0.953
1663038540,+3.49,+23.066, +8.026,+0.953
1663038600,+3.49,+23.074, +8.047,+0.953
1663038660,+3.49,+23.058, +8.045,+0.952
1663038720,+3.49,+23.058, +8.050,+0.953
1663038780,+3.49,+23.074, +8.045,+0.952
1663038840,+3.49,+23.058, +8.039,+0.952
1663038900,+3.49,+23.058, +7.984,+0.953
1663038960,+3.49,+23.074, +7.934,+0.953
1663039020,+3.49,+23.066, +7.921,+0.952
1663039080,+3.49,+23.049, +7.897,+0.952
1663039140,+3.49,+23.049, +7.920,+0.952
1663039200,+3.49,+23.058, +7.940,+0.952
1663039260,+3.49,+23.049, +7.932,+0.952
1663039320,+3.49,+23.024, +7.923,+0.952
1663039380,+3.49,+23.033, +7.906,+0.953
1663039440,+3.49,+23.033, +7.865,+0.952
1663039500,+3.49,+23.041, +7.874,+0.953
1663039560,+3.49,+23.033, +7.863,+0.952
1663039620,+3.49,+23.033, +7.865,+0.952
1663039680,+3.49,+23.041, +7.818,+0.952
1663039740,+3.49,+23.033, +7.815,+0.952
1663039800,+3.49,+23.033, +7.834,+0.952
1663039860,+3.49,+23.024, +7.827,+0.952
1663039920,+3.49,+22.999, +7.823,+0.953
1663039980,+3.49,+23.024, +7.788,+0.952
1663040040,+3.49,+22.999, +7.815,+0.952
1663040100,+3.49,+22.999, +7.818,+0.952
1663040160,+3.49,+23.016, +7.828,+0.953
1663040220,+3.49,+23.024, +7.824,+0.952
1663040280,+3.49,+23.016, +7.820,+0.952
1663040340,+3.49,+23.024, +7.810,+0.952
1663040400,+3.49,+23.016, +7.812,+0.952
1663040460,+3.49,+23.024, +7.819,+0.953
1663040520,+3.49,+23.024, +7.796,+0.952
1663040580,+3.49,+23.007, +7.798,+0.952
1663040640,+3.49,+23.016, +7.786,+0.952
1663040700,+3.49,+23.033, +7.771,+0.953
1663040760,+3.49,+23.024, +7.754,+0.952
1663040820,+3.49,+22.999, +7.754,+0.952
1663040880,+3.49,+23.016, +7.743,+0.952
1663040940,+3.49,+23.024, +7.753,+0.952
1663041000,+3.49,+23.016, +7.771,+0.952
1663041060,+3.49,+23.007, +7.749,+0.952
1663041120,+3.49,+23.033, +7.703,+0.952
1663041180,+3.49,+23.016, +7.689,+0.952
1663041240,+3.49,+23.016, +7.681,+0.952
1663041300,+3.49,+23.007, +7.658,+0.952
1663041360,+3.49,+23.016, +7.690,+0.953
1663041420,+3.49,+23.016, +7.699,+0.952
1663041480,+3.49,+23.016, +7.731,+0.952
1663041540,+3.49,+23.024, +7.734,+0.952
1663041600,+3.49,+23.016, +7.708,+0.952
1663041660,+3.49,+23.024, +7.783,+0.952
1663041720,+3.49,+23.016, +7.816,+0.952
1663041780,+3.49,+23.024, +7.878,+0.953
1663041840,+3.49,+23.033, +7.893,+0.952
1663041900,+3.49,+23.024, +7.956,+0.952
1663041960,+3.49,+23.033, +8.020,+0.953
1663042020,+3.49,+23.041, +8.017,+0.953
1663042080,+3.49,+23.024, +7.981,+0.953
1663042140,+3.49,+23.033, +8.014,+0.953
1663042200,+3.49,+23.016, +7.977,+0.953
1663042260,+3.49,+23.033, +7.929,+0.952
1663042320,+3.49,+23.024, +7.965,+0.952
1663042380,+3.49,+23.041, +8.011,+0.952
1663042440,+3.49,+23.033, +7.997,+0.953
1663042500,+3.49,+23.041, +7.998,+0.953
1663042560,+3.49,+23.024, +7.987,+0.952
1663042620,+3.49,+23.016, +7.987,+0.953
1663042680,+3.49,+23.033, +7.900,+0.952
1663042740,+3.49,+23.033, +7.867,+0.952
1663042800,+3.49,+23.016, +7.879,+0.953
1663042860,+3.49,+23.041, +7.775,+0.952
1663042920,+3.49,+23.016, +7.708,+0.952
1663042980,+3.49,+22.999, +7.750,+0.952
1663043040,+3.49,+22.966, +7.730,+0.952
1663043100,+3.49,+22.982, +7.665,+0.952
1663043160,+3.49,+22.991, +7.631,+0.952
1663043220,+3.49,+23.007, +7.637,+0.952
1663043280,+3.49,+22.966, +7.695,+0.952
1663043340,+3.49,+22.991, +7.683,+0.952
1663043400,+3.49,+22.982, +7.646,+0.952
1663043460,+3.49,+22.999, +7.691,+0.952
1663043520,+3.49,+22.982, +7.700,+0.952
1663043580,+3.49,+22.974, +7.668,+0.952
1663043640,+3.49,+22.974, +7.712,+0.952
1663043700,+3.49,+22.991, +7.740,+0.952
1663043760,+3.49,+22.991, +7.801,+0.953
1663043820,+3.49,+22.999, +7.754,+0.952
1663043880,+3.49,+22.982, +7.780,+0.952
1663043940,+3.49,+22.982, +7.853,+0.952
1663044000,+3.49,+22.991, +7.921,+0.953
1663044060,+3.49,+22.999, +7.934,+0.953
1663044120,+3.49,+22.991, +7.945,+0.952
1663044180,+3.49,+22.999, +7.944,+0.952
1663044240,+3.49,+22.991, +7.951,+0.953
1663044300,+3.49,+22.991, +7.910,+0.952
1663044360,+3.49,+22.991, +7.920,+0.952
1663044420,+3.49,+22.999, +7.904,+0.953
1663044480,+3.49,+23.016, +7.873,+0.952
1663044540,+3.49,+22.999, +7.811,+0.952
1663044600,+3.49,+22.991, +7.741,+0.952
1663044660,+3.49,+23.007, +7.696,+0.952
1663044720,+3.49,+23.016, +7.669,+0.952
1663044780,+3.49,+22.999, +7.663,+0.952
1663044840,+3.49,+22.991, +7.636,+0.952
1663044900,+3.49,+22.974, +7.611,+0.952
1663044960,+3.49,+22.991, +7.629,+0.952
1663045020,+3.49,+22.999, +7.678,+0.952
1663045080,+3.49,+23.007, +7.740,+0.952
1663045140,+3.49,+23.007, +7.751,+0.952
1663045200,+3.49,+22.991, +7.725,+0.952
1663045260,+3.49,+22.999, +7.692,+0.952
1663045320,+3.49,+23.007, +7.670,+0.952
1663045380,+3.49,+23.007, +7.665,+0.952
1663045440,+3.49,+23.007, +7.643,+0.952
1663045500,+3.49,+23.007, +7.661,+0.952
1663045560,+3.49,+23.024, +7.628,+0.952
1663045620,+3.49,+22.999, +7.665,+0.952
1663045680,+3.49,+23.024, +7.689,+0.952
1663045740,+3.49,+23.007, +7.808,+0.952
1663045800,+3.49,+22.974, +7.833,+0.952
1663045860,+3.49,+22.999, +7.792,+0.953
1663045920,+3.49,+22.991, +7.831,+0.952
1663045980,+3.49,+22.991, +7.865,+0.952
1663046040,+3.49,+22.982, +7.832,+0.952
1663046100,+3.49,+22.991, +7.847,+0.953
1663046160,+3.49,+22.991, +7.828,+0.952
1663046220,+3.49,+22.999, +7.842,+0.953
1663046280,+3.49,+22.982, +7.786,+0.952
1663046340,+3.49,+22.974, +7.806,+0.952
1663046400,+3.49,+23.007, +7.812,+0.952
1663046460,+3.49,+22.991, +7.867,+0.952
1663046520,+3.49,+22.999, +7.889,+0.953
1663046580,+3.49,+22.982, +7.850,+0.952
1663046640,+3.49,+22.974, +7.769,+0.952
1663046700,+3.49,+22.974, +7.779,+0.952
1663046760,+3.49,+22.991, +7.795,+0.953
1663046820,+3.49,+22.974, +7.805,+0.952
1663046880,+3.49,+22.991, +7.792,+0.952
1663046940,+3.49,+22.982, +7.772,+0.952
1663047000,+3.49,+22.957, +7.796,+0.952
1663047060,+3.49,+22.966, +7.853,+0.952
1663047120,+3.49,+22.966, +7.858,+0.952
1663047180,+3.49,+22.949, +7.900,+0.952
1663047240,+3.49,+22.949, +7.916,+0.952
1663047300,+3.49,+22.940, +7.935,+0.953
1663047360,+3.49,+22.949, +7.944,+0.952
1663047420,+3.49,+22.957, +7.937,+0.952
1663047480,+3.49,+22.949, +7.926,+0.952
1663047540,+3.49,+22.949, +7.913,+0.952
1663047600,+3.49,+22.932, +7.925,+0.953
1663047660,+3.49,+22.932, +7.914,+0.952
1663047720,+3.49,+22.940, +7.900,+0.952
1663047780,+3.49,+22.915, +7.893,+0.952
1663047840,+3.49,+22.932, +7.886,+0.953
1663047900,+3.49,+22.924, +7.870,+0.952
1663047960,+3.49,+22.915, +7.861,+0.952
1663048020,+3.49,+22.899, +7.868,+0.952
1663048080,+3.49,+22.915, +7.884,+0.952
1663048140,+3.49,+22.924, +7.892,+0.953
1663048200,+3.49,+22.932, +7.900,+0.952
1663048260,+3.49,+22.940, +7.895,+0.952
1663048320,+3.49,+22.932, +7.892,+0.952
1663048380,+3.49,+22.932, +7.889,+0.952
1663048440,+3.49,+22.940, +7.878,+0.952
1663048500,+3.49,+22.932, +7.871,+0.952
1663048560,+3.50,+22.907, +7.855,+0.952
1663048620,+3.49,+22.924, +7.840,+0.952
1663048680,+3.49,+22.932, +7.833,+0.952
1663048740,+3.49,+22.915, +7.815,+0.952
1663048800,+3.49,+22.915, +7.787,+0.952
1663048860,+3.50,+22.882, +7.792,+0.952
1663048920,+3.49,+22.899, +7.817,+0.952
1663048980,+3.49,+22.907, +7.810,+0.952
1663049040,+3.49,+22.907, +7.809,+0.952
1663049100,+3.49,+22.915, +7.794,+0.952
1663049160,+3.49,+22.907, +7.786,+0.952
1663049220,+3.49,+22.899, +7.780,+0.952
1663049280,+3.49,+22.932, +7.771,+0.953
1663049340,+3.49,+22.907, +7.770,+0.952
1663049400,+3.49,+22.949, +7.756,+0.952
1663049460,+3.49,+22.940, +7.676,+0.952
1663049520,+3.49,+22.949, +7.630,+0.952
1663049580,+3.49,+22.940, +7.670,+0.952
1663049640,+3.49,+22.949, +7.644,+0.952
1663049700,+3.49,+22.957, +7.652,+0.952
1663049760,+3.49,+22.932, +7.653,+0.952
1663049820,+3.49,+22.949, +7.633,+0.952
1663049880,+3.49,+22.924, +7.626,+0.952
1663049940,+3.49,+22.924, +7.631,+0.952
1663050000,+3.49,+22.924, +7.615,+0.952
1663050060,+3.49,+22.940, +7.596,+0.952
1663050120,+3.49,+22.940, +7.576,+0.952
1663050180,+3.49,+22.966, +7.561,+0.952
1663050240,+3.49,+22.966, +7.578,+0.952
1663050300,+3.49,+22.949, +7.592,+0.952
1663050360,+3.49,+22.932, +7.581,+0.952
1663050420,+3.49,+22.940, +7.543,+0.952
1663050480,+3.49,+22.932, +7.515,+0.952
1663050540,+3.49,+22.949, +7.500,+0.952
1663050600,+3.50,+22.957, +7.465,+0.952
1663050660,+3.49,+22.957, +7.416,+0.952
1663050720,+3.50,+22.949, +7.352,+0.952
1663050780,+3.49,+22.957, +7.331,+0.951
1663050840,+3.49,+22.966, +7.338,+0.952
1663050900,+3.49,+22.966, +7.369,+0.952
1663050960,+3.49,+22.966, +7.376,+0.951
1663051020,+3.49,+22.982, +7.361,+0.952
1663051080,+3.49,+22.982, +7.372,+0.952
1663051140,+3.49,+22.966, +7.405,+0.952
1663051200,+3.49,+22.966, +7.442,+0.952
1663051260,+3.49,+22.957, +7.433,+0.952
1663051320,+3.49,+22.966, +7.377,+0.952
1663051380,+3.49,+22.949, +7.397,+0.952
1663051440,+3.49,+22.957, +7.424,+0.952
1663051500,+3.49,+22.949, +7.448,+0.952
1663051560,+3.49,+22.949, +7.483,+0.952
1663051620,+3.49,+22.940, +7.540,+0.952
1663051680,+3.49,+22.915, +7.592,+0.952
1663051740,+3.49,+22.890, +7.587,+0.952
1663051800,+3.50,+22.890, +7.599,+0.952
1663051860,+3.50,+22.890, +7.623,+0.952
1663051920,+3.49,+22.890, +7.622,+0.952
1663051980,+3.50,+22.890, +7.631,+0.952
1663052040,+3.50,+22.882, +7.622,+0.952
1663052100,+3.50,+22.848, +7.608,+0.951
1663052160,+3.50,+22.848, +7.596,+0.952
1663052220,+3.50,+22.840, +7.553,+0.952
1663052280,+3.50,+22.848, +7.530,+0.952
1663052340,+3.50,+22.832, +7.511,+0.952
1663052400,+3.50,+22.832, +7.505,+0.952
1663052460,+3.50,+22.823, +7.519,+0.952
1663052520,+3.50,+22.832, +7.513,+0.951
1663052580,+3.50,+22.823, +7.519,+0.952
1663052640,+3.50,+22.815, +7.530,+0.951
1663052700,+3.50,+22.823, +7.544,+0.952
1663052760,+3.50,+22.840, +7.530,+0.952
1663052820,+3.50,+22.857, +7.528,+0.952
1663052880,+3.50,+22.865, +7.490,+0.952
1663052940,+3.50,+22.865, +7.481,+0.952
1663053000,+3.50,+22.865, +7.478,+0.952
1663053060,+3.50,+22.865, +7.516,+0.952
1663053120,+3.50,+22.873, +7.546,+0.952
1663053180,+3.50,+22.873, +7.540,+0.952
1663053240,+3.50,+22.857, +7.550,+0.952
1663053300,+3.50,+22.865, +7.538,+0.952
1663053360,+3.49,+22.857, +7.523,+0.951
1663053420,+3.50,+22.832, +7.503,+0.952
1663053480,+3.50,+22.832, +7.463,+0.952
1663053540,+3.50,+22.832, +7.357,+0.952
1663053600,+3.50,+22.832, +7.251,+0.951
1663053660,+3.50,+22.815, +7.192,+0.951
1663053720,+3.50,+22.790, +7.156,+0.951
1663053780,+3.50,+22.798, +7.159,+0.952
1663053840,+3.50,+22.773, +7.139,+0.951
1663053900,+3.50,+22.773, +7.164,+0.951
1663053960,+3.50,+22.773, +7.259,+0.952
1663054020,+3.50,+22.790, +7.321,+0.952
1663054080,+3.50,+22.807, +7.346,+0.952
1663054140,+3.50,+22.798, +7.361,+0.952
1663054200,+3.50,+22.790, +7.366,+0.952
1663054260,+3.50,+22.790, +7.349,+0.952
1663054320,+3.50,+22.807, +7.316,+0.952
1663054380,+3.50,+22.781, +7.279,+0.951
1663054440,+3.50,+22.790, +7.265,+0.952
1663054500,+3.50,+22.781, +7.254,+0.951
1663054560,+3.50,+22.798, +7.234,+0.951
1663054620,+3.50,+22.781, +7.225,+0.951
1663054680,+3.50,+22.790, +7.248,+0.951
1663054740,+3.50,+22.790, +7.323,+0.952
1663054800,+3.50,+22.790, +7.351,+0.951
1663054860,+3.50,+22.798, +7.343,+0.952
1663054920,+3.50,+22.823, +7.297,+0.952
1663054980,+3.50,+22.790, +7.257,+0.951
1663055040,+3.50,+22.798, +7.218,+0.951
1663055100,+3.50,+22.815, +7.192,+0.951
1663055160,+3.50,+22.823, +7.161,+0.951
1663055220,+3.50,+22.823, +7.166,+0.952
1663055280,+3.50,+22.840, +7.233,+0.952
1663055340,+3.50,+22.848, +7.260,+0.951
1663055400,+3.50,+22.857, +7.292,+0.952
1663055460,+3.49,+22.857, +7.293,+0.952
1663055520,+3.50,+22.899, +7.262,+0.952
1663055580,+3.49,+22.873, +7.247,+0.952
1663055640,+3.50,+22.865, +7.213,+0.951
1663055700,+3.50,+22.865, +7.197,+0.952
1663055760,+3.50,+22.832, +7.207,+0.951
1663055820,+3.50,+22.848, +7.261,+0.951
1663055880,+3.50,+22.832, +7.264,+0.951
1663055940,+3.50,+22.815, +7.229,+0.951
1663056000,+3.50,+22.798, +7.204,+0.951
1663056060,+3.50,+22.790, +7.192,+0.951
1663056120,+3.50,+22.765, +7.189,+0.951
1663056180,+3.50,+22.765, +7.157,+0.951
1663056240,+3.50,+22.765, +7.150,+0.951
1663056300,+3.50,+22.765, +7.143,+0.951
1663056360,+3.50,+22.765, +7.123,+0.951
1663056420,+3.50,+22.740, +7.112,+0.951
1663056480,+3.50,+22.748, +7.102,+0.951
1663056540,+3.50,+22.756, +7.095,+0.951
1663056600,+3.50,+22.748, +7.089,+0.951
1663056660,+3.50,+22.723, +7.098,+0.951
1663056720,+3.50,+22.731, +7.143,+0.951
1663056780,+3.50,+22.748, +7.177,+0.952
1663056840,+3.50,+22.773, +7.198,+0.951
1663056900,+3.50,+22.765, +7.211,+0.951
1663056960,+3.50,+22.781, +7.195,+0.952
1663057020,+3.50,+22.781, +7.168,+0.951
1663057080,+3.50,+22.815, +7.170,+0.951
1663057140,+3.50,+22.798, +7.190,+0.951
1663057200,+3.50,+22.815, +7.206,+0.951
1663057260,+3.50,+22.807, +7.206,+0.951
1663057320,+3.50,+22.832, +7.232,+0.951
1663057380,+3.50,+22.857, +7.302,+0.952
1663057440,+3.50,+22.882, +7.275,+0.952
1663057500,+3.49,+22.890, +7.294,+0.951
1663057560,+3.50,+22.882, +7.290,+0.952
1663057620,+3.50,+22.890, +7.285,+0.951
1663057680,+3.50,+22.873, +7.287,+0.951
1663057740,+3.50,+22.865, +7.261,+0.951
1663057800,+3.50,+22.848, +7.218,+0.952
1663057860,+3.50,+22.848, +7.152,+0.951
1663057920,+3.50,+22.823, +7.173,+0.952
1663057980,+3.50,+22.823, +7.188,+0.952
1663058040,+3.50,+22.823, +7.143,+0.952
1663058100,+3.50,+22.807, +7.128,+0.951
1663058160,+3.50,+22.798, +7.146,+0.951
1663058220,+3.50,+22.815, +7.161,+0.951
1663058280,+3.50,+22.798, +7.183,+0.951
1663058340,+3.50,+22.790, +7.183,+0.951
1663058400,+3.50,+22.765, +7.163,+0.952
1663058460,+3.50,+22.773, +7.114,+0.951
1663058520,+3.50,+22.773, +7.066,+0.952
1663058580,+3.50,+22.765, +7.007,+0.951
1663058640,+3.50,+22.765, +6.974,+0.951
1663058700,+3.50,+22.773, +6.934,+0.951
1663058760,+3.50,+22.765, +6.949,+0.951
1663058820,+3.50,+22.773, +6.988,+0.951
1663058880,+3.50,+22.748, +6.965,+0.951
1663058940,+3.50,+22.773, +6.911,+0.951
1663059000,+3.50,+22.765, +6.881,+0.951
1663059060,+3.50,+22.756, +6.902,+0.951
1663059120,+3.50,+22.773, +6.912,+0.952
1663059180,+3.50,+22.756, +6.878,+0.951
1663059240,+3.50,+22.765, +6.871,+0.951
1663059300,+3.50,+22.756, +6.873,+0.951
1663059360,+3.50,+22.790, +6.860,+0.951
1663059420,+3.50,+22.765, +6.861,+0.951
1663059480,+3.50,+22.748, +6.859,+0.951
1663059540,+3.50,+22.765, +6.840,+0.951
1663059600,+3.50,+22.765, +6.853,+0.951
1663059660,+3.50,+22.773, +6.904,+0.951
1663059720,+3.50,+22.748, +6.953,+0.951
1663059780,+3.50,+22.773, +7.009,+0.951
1663059840,+3.50,+22.748, +7.074,+0.951
1663059900,+3.50,+22.756, +7.114,+0.951
1663059960,+3.50,+22.756, +7.128,+0.951
1663060020,+3.50,+22.748, +7.139,+0.951
1663060080,+3.50,+22.740, +7.162,+0.951
1663060140,+3.50,+22.748, +7.167,+0.951
1663060200,+3.50,+22.748, +7.174,+0.951
1663060260,+3.50,+22.740, +7.177,+0.952
1663060320,+3.50,+22.756, +7.167,+0.951
1663060380,+3.50,+22.740, +7.148,+0.951
1663060440,+3.50,+22.748, +7.115,+0.951
1663060500,+3.50,+22.756, +7.060,+0.951
1663060560,+3.50,+22.756, +6.990,+0.952
1663060620,+3.50,+22.773, +6.941,+0.951
1663060680,+3.50,+22.765, +7.027,+0.951
1663060740,+3.50,+22.765, +6.995,+0.952
1663060800,+3.50,+22.756, +7.011,+0.951
1663060860,+3.50,+22.773, +7.034,+0.952
1663060920,+3.50,+22.773, +7.046,+0.951
1663060980,+3.50,+22.765, +7.066,+0.951
1663061040,+3.50,+22.765, +7.027,+0.951
1663061100,+3.50,+22.765, +7.040,+0.951
1663061160,+3.50,+22.773, +7.047,+0.951
1663061220,+3.50,+22.773, +7.019,+0.951
1663061280,+3.50,+22.781, +6.965,+0.951
1663061340,+3.50,+22.765, +6.968,+0.951
1663061400,+3.50,+22.765, +6.938,+0.951
1663061460,+3.50,+22.756, +6.918,+0.951
1663061520,+3.50,+22.756, +6.887,+0.951
1663061580,+3.50,+22.773, +6.902,+0.951
1663061640,+3.50,+22.765, +6.946,+0.951
1663061700,+3.50,+22.765, +6.986,+0.951
1663061760,+3.50,+22.773, +7.032,+0.951
1663061820,+3.50,+22.765, +7.028,+0.951
1663061880,+3.50,+22.765, +7.008,+0.951
1663061940,+3.50,+22.756, +6.998,+0.951
1663062000,+3.50,+22.740, +6.972,+0.951
1663062060,+3.50,+22.773, +7.034,+0.951
1663062120,+3.50,+22.781, +7.132,+0.951
1663062180,+3.50,+22.781, +7.202,+0.951
1663062240,+3.50,+22.781, +7.205,+0.951
1663062300,+3.50,+22.748, +7.209,+0.951
1663062360,+3.50,+22.756, +7.201,+0.951
1663062420,+3.50,+22.765, +7.191,+0.952
1663062480,+3.50,+22.765, +7.188,+0.952
1663062540,+3.50,+22.765, +7.170,+0.951
1663062600,+3.50,+22.781, +7.154,+0.951
1663062660,+3.50,+22.765, +7.152,+0.952
1663062720,+3.50,+22.765, +7.138,+0.951
1663062780,+3.50,+22.756, +7.131,+0.951
1663062840,+3.50,+22.773, +7.065,+0.951
1663062900,+3.50,+22.748, +7.004,+0.951
1663062960,+3.50,+22.773, +6.956,+0.951
1663063020,+3.50,+22.765, +6.953,+0.951
1663063080,+3.50,+22.765, +6.927,+0.951
1663063140,+3.50,+22.765, +6.935,+0.952
1663063200,+3.50,+22.765, +6.958,+0.951
1663063260,+3.50,+22.756, +6.972,+0.951
1663063320,+3.50,+22.773, +6.983,+0.951
1663063380,+3.50,+22.756, +6.984,+0.951
1663063440,+3.50,+22.765, +6.972,+0.951
1663063500,+3.50,+22.748, +6.968,+0.951
1663063560,+3.50,+22.756, +6.972,+0.951
1663063620,+3.50,+22.765, +6.975,+0.951
1663063680,+3.50,+22.773, +7.025,+0.951
1663063740,+3.50,+22.765, +7.081,+0.951
1663063800,+3.50,+22.748, +7.135,+0.951
1663063860,+3.50,+22.765, +7.164,+0.951
1663063920,+3.50,+22.765, +7.200,+0.951
1663063980,+3.50,+22.773, +7.208,+0.951
1663064040,+3.50,+22.756, +7.193,+0.951
1663064100,+3.50,+22.756, +7.189,+0.951
1663064160,+3.50,+22.748, +7.203,+0.951
1663064220,+3.50,+22.748, +7.196,+0.952
1663064280,+3.50,+22.756, +7.162,+0.951
1663064340,+3.50,+22.756, +7.134,+0.951
1663064400,+3.50,+22.748, +7.110,+0.951
1663064460,+3.50,+22.756, +7.088,+0.951
1663064520,+3.50,+22.765, +7.025,+0.951
1663064580,+3.50,+22.765, +7.025,+0.951
1663064640,+3.50,+22.756, +7.034,+0.952
1663064700,+3.50,+22.731, +7.037,+0.951
1663064760,+3.50,+22.756, +7.014,+0.951
1663064820,+3.50,+22.756, +7.011,+0.951
1663064880,+3.50,+22.748, +7.027,+0.951
1663064940,+3.50,+22.765, +7.003,+0.951
1663065000,+3.50,+22.731, +7.004,+0.951
1663065060,+3.50,+22.765, +6.992,+0.951
1663065120,+3.50,+22.748, +6.990,+0.951
1663065180,+3.50,+22.731, +7.053,+0.951
1663065240,+3.50,+22.731, +7.082,+0.951
1663065300,+3.50,+22.740, +7.106,+0.951
1663065360,+3.50,+22.748, +7.147,+0.951
1663065420,+3.50,+22.748, +7.177,+0.951
1663065480,+3.50,+22.740, +7.196,+0.951
1663065540,+3.50,+22.740, +7.207,+0.951
1663065600,+3.50,+22.765, +7.192,+0.951
1663065660,+3.50,+22.756, +7.218,+0.951
1663065720,+3.50,+22.748, +7.278,+0.951
1663065780,+3.50,+22.756, +7.318,+0.951
1663065840,+3.50,+22.773, +7.318,+0.951
1663065900,+3.50,+22.790, +7.237,+0.951
1663065960,+3.50,+22.773, +7.223,+0.951
1663066020,+3.50,+22.781, +7.219,+0.951
1663066080,+3.50,+22.773, +7.222,+0.951
1663066140,+3.50,+22.781, +7.166,+0.951
1663066200,+3.50,+22.773, +7.059,+0.951
1663066260,+3.50,+22.790, +6.982,+0.951
1663066320,+3.50,+22.765, +7.026,+0.951
1663066380,+3.50,+22.773, +7.001,+0.951
1663066440,+3.50,+22.773, +6.981,+0.952
1663066500,+3.50,+22.781, +6.848,+0.951
1663066560,+3.50,+22.781, +6.750,+0.951
1663066620,+3.50,+22.765, +6.698,+0.951
1663066680,+3.50,+22.781, +6.694,+0.951
1663066740,+3.50,+22.773, +6.728,+0.951
1663066800,+3.50,+22.790, +6.800,+0.951
1663066860,+3.50,+22.807, +6.891,+0.951
1663066920,+3.50,+22.790, +6.907,+0.951
1663066980,+3.50,+22.798, +6.900,+0.951
1663067040,+3.50,+22.798, +6.916,+0.951
1663067100,+3.50,+22.807, +6.923,+0.951
1663067160,+3.50,+22.815, +6.904,+0.951
1663067220,+3.50,+22.790, +6.855,+0.951
1663067280,+3.50,+22.807, +6.808,+0.951
1663067340,+3.50,+22.815, +6.812,+0.951
1663067400,+3.50,+22.798, +6.950,+0.951
1663067460,+3.50,+22.823, +7.134,+0.951
1663067520,+3.50,+22.832, +7.190,+0.951
1663067580,+3.50,+22.840, +7.279,+0.952
1663067640,+3.50,+22.815, +7.297,+0.952
1663067700,+3.50,+22.832, +7.261,+0.951
1663067760,+3.50,+22.832, +7.257,+0.951
1663067820,+3.50,+22.848, +7.304,+0.951
1663067880,+3.50,+22.832, +7.331,+0.951
1663067940,+3.50,+22.823, +7.316,+0.951
1663068000,+3.50,+22.815, +7.254,+0.951
1663068060,+3.50,+22.823, +7.137,+0.952
1663068120,+3.50,+22.807, +7.216,+0.951
1663068180,+3.50,+22.832, +7.260,+0.951
1663068240,+3.50,+22.815, +7.246,+0.951
1663068300,+3.50,+22.798, +7.243,+0.951
1663068360,+3.50,+22.798, +7.219,+0.951
1663068420,+3.50,+22.798, +7.234,+0.951
1663068480,+3.50,+22.798, +7.246,+0.951
1663068540,+3.50,+22.790, +7.252,+0.951
1663068600,+3.50,+22.781, +7.255,+0.951
1663068660,+3.50,+22.781, +7.264,+0.951
1663068720,+3.50,+22.790, +7.263,+0.951
1663068780,+3.50,+22.798, +7.275,+0.952
1663068840,+3.50,+22.773, +7.287,+0.951
1663068900,+3.50,+22.798, +7.282,+0.952
1663068960,+3.50,+22.790, +7.276,+0.951
1663069020,+3.50,+22.790, +7.278,+0.951
1663069080,+3.50,+22.773, +7.269,+0.951
1663069140,+3.50,+22.781, +7.267,+0.951
1663069200,+3.50,+22.773, +7.267,+0.951
1663069260,+3.50,+22.807, +7.250,+0.951
1663069320,+3.50,+22.790, +7.246,+0.951
1663069380,+3.50,+22.790, +7.236,+0.951
1663069440,+3.50,+22.790, +7.231,+0.951
1663069500,+3.50,+22.781, +7.233,+0.951
1663069560,+3.50,+22.790, +7.231,+0.951
1663069620,+3.50,+22.807, +7.232,+0.951
1663069680,+3.50,+22.773, +7.230,+0.951
1663069740,+3.50,+22.798, +7.202,+0.951
1663069800,+3.50,+22.773, +7.174,+0.951
1663069860,+3.50,+22.790, +6.995,+0.951
1663069920,+3.50,+22.790, +6.753,+0.951
1663069980,+3.50,+22.781, +6.939,+0.951
1663070040,+3.50,+22.790, +7.051,+0.951
1663070100,+3.50,+22.790, +6.902,+0.951
1663070160,+3.50,+22.790, +6.748,+0.951
1663070220,+3.50,+22.790, +6.748,+0.951
1663070280,+3.50,+22.798, +6.776,+0.951
1663070340,+3.50,+22.798, +6.731,+0.951
1663070400,+3.50,+22.781, +6.527,+0.951
1663070460,+3.50,+22.790, +6.403,+0.951
1663070520,+3.50,+22.781, +6.340,+0.951
1663070580,+3.50,+22.798, +6.418,+0.951
1663070640,+3.50,+22.781, +6.482,+0.951
1663070700,+3.50,+22.773, +6.636,+0.951
1663070760,+3.50,+22.756, +6.866,+0.951
1663070820,+3.50,+22.773, +6.994,+0.951
1663070880,+3.50,+22.756, +7.030,+0.951
1663070940,+3.50,+22.765, +7.068,+0.951
1663071000,+3.50,+22.765, +6.991,+0.951
1663071060,+3.50,+22.773, +6.910,+0.951
1663071120,+3.50,+22.765, +6.956,+0.951
1663071180,+3.50,+22.765, +7.073,+0.952
1663071240,+3.50,+22.773, +7.096,+0.951
1663071300,+3.50,+22.756, +7.154,+0.951
1663071360,+3.50,+22.781, +7.236,+0.952
1663071420,+3.50,+22.748, +7.207,+0.951
1663071480,+3.50,+22.740, +7.142,+0.951
1663071540,+3.50,+22.748, +7.093,+0.951
1663071600,+3.50,+22.740, +7.074,+0.951
1663071660,+3.50,+22.740, +7.066,+0.951
1663071720,+3.50,+22.731, +7.067,+0.951
1663071780,+3.50,+22.731, +7.044,+0.951
1663071840,+3.50,+22.731, +7.028,+0.951
1663071900,+3.50,+22.740, +7.029,+0.951
1663071960,+3.50,+22.714, +7.022,+0.952
1663072020,+3.50,+22.731, +7.006,+0.951
1663072080,+3.50,+22.731, +7.000,+0.952
1663072140,+3.50,+22.731, +6.942,+0.951
1663072200,+3.50,+22.714, +6.871,+0.951
1663072260,+3.50,+22.714, +6.774,+0.951
1663072320,+3.50,+22.714, +6.722,+0.950
1663072380,+3.50,+22.706, +6.738,+0.951
1663072440,+3.50,+22.698, +6.704,+0.951
1663072500,+3.50,+22.698, +6.658,+0.951
1663072560,+3.50,+22.689, +6.622,+0.951
1663072620,+3.50,+22.681, +6.583,+0.951
1663072680,+3.50,+22.673, +6.577,+0.951
1663072740,+3.50,+22.673, +6.572,+0.951
1663072800,+3.50,+22.673, +6.571,+0.951
1663072860,+3.50,+22.656, +6.564,+0.951
1663072920,+3.50,+22.664, +6.550,+0.951
1663072980,+3.50,+22.647, +6.561,+0.951
1663073040,+3.50,+22.647, +6.563,+0.951
1663073100,+3.50,+22.647, +6.551,+0.951
1663073160,+3.50,+22.631, +6.555,+0.951
1663073220,+3.50,+22.631, +6.547,+0.951
1663073280,+3.50,+22.656, +6.546,+0.950
1663073340,+3.50,+22.656, +6.575,+0.951
1663073400,+3.50,+22.647, +6.590,+0.951
1663073460,+3.50,+22.673, +6.629,+0.951
1663073520,+3.50,+22.673, +6.698,+0.951
1663073580,+3.50,+22.689, +6.724,+0.951
1663073640,+3.50,+22.689, +6.769,+0.951
1663073700,+3.50,+22.689, +6.743,+0.951
1663073760,+3.50,+22.689, +6.728,+0.951
1663073820,+3.50,+22.689, +6.687,+0.951
1663073880,+3.50,+22.706, +6.718,+0.951
1663073940,+3.50,+22.689, +6.712,+0.951
1663074000,+3.50,+22.689, +6.710,+0.951
1663074060,+3.50,+22.706, +6.721,+0.951
1663074120,+3.50,+22.706, +6.724,+0.951
1663074180,+3.50,+22.698, +6.742,+0.951
1663074240,+3.50,+22.689, +6.691,+0.951
1663074300,+3.50,+22.664, +6.682,+0.951
1663074360,+3.50,+22.698, +6.645,+0.951
1663074420,+3.50,+22.681, +6.669,+0.951
1663074480,+3.50,+22.681, +6.656,+0.951
1663074540,+3.50,+22.664, +6.651,+0.951
1663074600,+3.50,+22.664, +6.650,+0.951
1663074660,+3.50,+22.664, +6.645,+0.951
1663074720,+3.50,+22.681, +6.643,+0.951
1663074780,+3.50,+22.673, +6.651,+0.951
1663074840,+3.50,+22.664, +6.665,+0.951
1663074900,+3.50,+22.664, +6.668,+0.951
1663074960,+3.50,+22.673, +6.667,+0.951
1663075020,+3.50,+22.723, +6.705,+0.951
1663075080,+3.50,+22.714, +6.762,+0.951
1663075140,+3.50,+22.731, +6.919,+0.952
1663075200,+3.50,+22.765, +7.042,+0.951
1663075260,+3.50,+22.781, +7.074,+0.951
1663075320,+3.49,+22.807, +7.105,+0.951
1663075380,+3.50,+22.790, +7.147,+0.951
1663075440,+3.49,+22.790, +7.183,+0.951
1663075500,+3.50,+22.815, +7.170,+0.951
1663075560,+3.49,+22.798, +7.159,+0.952
1663075620,+3.49,+22.790, +7.126,+0.951
1663075680,+3.49,+22.823, +7.106,+0.951
1663075740,+3.50,+22.807, +7.109,+0.951
1663075800,+3.49,+22.807, +7.160,+0.952
1663075860,+3.49,+22.823, +7.154,+0.951
1663075920,+3.49,+22.832, +7.148,+0.951
1663075980,+3.49,+22.823, +7.188,+0.951
1663076040,+3.49,+22.815, +7.267,+0.952
1663076100,+3.49,+22.823, +7.281,+0.951
1663076160,+3.50,+22.781, +7.289,+0.951
1663076220,+3.50,+22.756, +7.320,+0.951
1663076280,+3.50,+22.706, +7.382,+0.951
1663076340,+3.50,+22.698, +7.408,+0.952
1663076400,+3.50,+22.673, +7.408,+0.951
1663076460,+3.50,+22.656, +7.431,+0.951
1663076520,+3.50,+22.664, +7.464,+0.951
1663076580,+3.50,+22.639, +7.475,+0.952
1663076640,+3.50,+22.631, +7.486,+0.951
1663076700,+3.50,+22.622, +7.502,+0.952
1663076760,+3.50,+22.631, +7.495,+0.951
1663076820,+3.50,+22.622, +7.494,+0.952
1663076880,+3.50,+22.614, +7.489,+0.952
1663076940,+3.50,+22.614, +7.482,+0.952
1663077000,+3.50,+22.622, +7.475,+0.952
1663077060,+3.50,+22.631, +7.467,+0.952
1663077120,+3.50,+22.614, +7.457,+0.951
1663077180,+3.50,+22.647, +7.438,+0.951
1663077240,+3.50,+22.631, +7.409,+0.951
1663077300,+3.50,+22.639, +7.375,+0.951
1663077360,+3.50,+22.639, +7.378,+0.951
1663077420,+3.50,+22.647, +7.421,+0.951
1663077480,+3.50,+22.647, +7.433,+0.952
1663077540,+3.50,+22.631, +7.443,+0.952
1663077600,+3.50,+22.622, +7.463,+0.951
1663077660,+3.50,+22.639, +7.449,+0.951
1663077720,+3.50,+22.656, +7.438,+0.952
1663077780,+3.50,+22.647, +7.429,+0.952
1663077840,+3.50,+22.647, +7.418,+0.951
1663077900,+3.50,+22.681, +7.419,+0.952
1663077960,+3.50,+22.673, +7.421,+0.952
1663078020,+3.50,+22.673, +7.431,+0.951
1663078080,+3.50,+22.673, +7.487,+0.951
1663078140,+3.50,+22.681, +7.474,+0.952
1663078200,+3.50,+22.673, +7.491,+0.951
1663078260,+3.50,+22.698, +7.471,+0.952
1663078320,+3.50,+22.689, +7.463,+0.951
1663078380,+3.50,+22.689, +7.479,+0.952
1663078440,+3.50,+22.689, +7.489,+0.952
1663078500,+3.50,+22.698, +7.488,+0.951
1663078560,+3.50,+22.689, +7.506,+0.951
1663078620,+3.50,+22.689, +7.506,+0.951
1663078680,+3.50,+22.673, +7.495,+0.952
1663078740,+3.50,+22.698, +7.488,+0.952
1663078800,+3.50,+22.698, +7.491,+0.951
1663078860,+3.50,+22.656, +7.508,+0.952
1663078920,+3.50,+22.698, +7.497,+0.951
1663078980,+3.50,+22.689, +7.512,+0.951
1663079040,+3.50,+22.664, +7.521,+0.951
1663079100,+3.50,+22.673, +7.523,+0.951
1663079160,+3.50,+22.689, +7.529,+0.952
1663079220,+3.50,+22.673, +7.561,+0.952
1663079280,+3.50,+22.664, +7.579,+0.952
1663079340,+3.50,+22.673, +7.584,+0.951
1663079400,+3.50,+22.681, +7.630,+0.952
1663079460,+3.50,+22.647, +7.656,+0.952
1663079520,+3.50,+22.673, +7.638,+0.951
1663079580,+3.50,+22.689, +7.643,+0.952
1663079640,+3.50,+22.664, +7.631,+0.951
1663079700,+3.50,+22.673, +7.634,+0.951
1663079760,+3.50,+22.689, +7.665,+0.951
1663079820,+3.50,+22.689, +7.669,+0.952
1663079880,+3.50,+22.656, +7.663,+0.952
1663079940,+3.50,+22.673, +7.662,+0.951
1663080000,+3.50,+22.656, +7.673,+0.952
1663080060,+3.50,+22.664, +7.693,+0.952
1663080120,+3.50,+22.673, +7.679,+0.952
1663080180,+3.50,+22.689, +7.672,+0.951
1663080240,+3.50,+22.681, +7.674,+0.951
1663080300,+3.50,+22.681, +7.680,+0.952
1663080360,+3.50,+22.689, +7.678,+0.952
1663080420,+3.50,+22.689, +7.673,+0.952
1663080480,+3.50,+22.673, +7.677,+0.952
1663080540,+3.50,+22.681, +7.677,+0.952
1663080600,+3.50,+22.681, +7.685,+0.951
1663080660,+3.50,+22.689, +7.699,+0.952
1663080720,+3.50,+22.664, +7.719,+0.952
1663080780,+3.50,+22.689, +7.715,+0.952
1663080840,+3.50,+22.698, +7.715,+0.951
1663080900,+3.50,+22.681, +7.724,+0.951
1663080960,+3.50,+22.681, +7.738,+0.952
1663081020,+3.50,+22.698, +7.720,+0.952
1663081080,+3.50,+22.698, +7.736,+0.952
1663081140,+3.50,+22.706, +7.740,+0.952
1663081200,+3.50,+22.698, +7.756,+0.952
1663081260,+3.50,+22.698, +7.746,+0.951
1663081320,+3.50,+22.698, +7.751,+0.952
1663081380,+3.50,+22.698, +7.757,+0.952
1663081440,+3.50,+22.714, +7.759,+0.952
1663081500,+3.50,+22.706, +7.766,+0.952
1663081560,+3.50,+22.698, +7.767,+0.951
1663081620,+3.50,+22.706, +7.786,+0.952
1663081680,+3.50,+22.714, +7.783,+0.952
1663081740,+3.50,+22.689, +7.780,+0.951
1663081800,+3.50,+22.706, +7.775,+0.951
1663081860,+3.50,+22.714, +7.788,+0.952
1663081920,+3.50,+22.706, +7.774,+0.951
1663081980,+3.50,+22.723, +7.772,+0.952
1663082040,+3.50,+22.714, +7.757,+0.951
1663082100,+3.50,+22.714, +7.778,+0.952
1663082160,+3.50,+22.731, +7.780,+0.952
1663082220,+3.50,+22.723, +7.810,+0.952
1663082280,+3.50,+22.706, +7.824,+0.952
1663082340,+3.50,+22.723, +7.825,+0.952
1663082400,+3.50,+22.740, +7.825,+0.952
1663082460,+3.50,+22.731, +7.801,+0.951
1663082520,+3.50,+22.714, +7.901,+0.952
1663082580,+3.50,+22.740, +7.964,+0.952
1663082640,+3.50,+22.740, +7.980,+0.952
1663082700,+3.50,+22.740, +7.994,+0.952
1663082760,+3.50,+22.748, +7.992,+0.952
1663082820,+3.50,+22.756, +7.993,+0.952
1663082880,+3.50,+22.740, +7.984,+0.952
1663082940,+3.50,+22.740, +8.000,+0.952
1663083000,+3.50,+22.773, +7.972,+0.952
1663083060,+3.50,+22.781, +7.973,+0.952
1663083120,+3.50,+22.773, +7.981,+0.952
1663083180,+3.50,+22.781, +7.990,+0.952
1663083240,+3.50,+22.790, +7.984,+0.952
1663083300,+3.50,+22.790, +7.993,+0.952
1663083360,+3.50,+22.790, +7.983,+0.952
1663083420,+3.50,+22.790, +7.953,+0.952
1663083480,+3.50,+22.790, +7.966,+0.952
1663083540,+3.50,+22.790, +8.008,+0.952
1663083600,+3.50,+22.790, +7.984,+0.952
1663083660,+3.50,+22.807, +8.003,+0.952
1663083720,+3.50,+22.807, +8.013,+0.952
1663083780,+3.49,+22.807, +7.973,+0.952
1663083840,+3.49,+22.815, +7.937,+0.952
1663083900,+3.49,+22.832, +7.925,+0.952
1663083960,+3.49,+22.840, +7.942,+0.953
1663084020,+3.49,+22.832, +7.935,+0.952
1663084080,+3.49,+22.832, +7.948,+0.952
1663084140,+3.49,+22.840, +7.950,+0.952
1663084200,+3.49,+22.840, +7.913,+0.952
1663084260,+3.49,+22.865, +7.953,+0.952
1663084320,+3.49,+22.857, +7.959,+0.952
1663084380,+3.49,+22.865, +7.980,+0.952
1663084440,+3.49,+22.882, +8.003,+0.952
1663084500,+3.49,+22.899, +8.018,+0.952
1663084560,+3.49,+22.899, +8.039,+0.952
1663084620,+3.49,+22.915, +8.048,+0.952
1663084680,+3.49,+22.907, +8.065,+0.953
1663084740,+3.49,+22.924, +8.059,+0.952
1663084800,+3.49,+22.940, +8.090,+0.952
1663084860,+3.49,+22.957, +8.059,+0.952
1663084920,+3.49,+22.940, +8.084,+0.952
1663084980,+3.49,+22.949, +8.111,+0.953
1663085040,+3.49,+22.957, +8.077,+0.952
1663085100,+3.49,+22.957, +8.084,+0.952
1663085160,+3.49,+22.974, +8.099,+0.952
1663085220,+3.49,+22.974, +8.116,+0.952
1663085280,+3.49,+22.957, +8.123,+0.952
1663085340,+3.49,+22.966, +8.132,+0.952
1663085400,+3.49,+22.966, +8.138,+0.952
1663085460,+3.49,+22.982, +8.143,+0.953
1663085520,+3.49,+22.991, +8.133,+0.952
1663085580,+3.49,+22.974, +8.146,+0.952
1663085640,+3.49,+22.982, +8.155,+0.952
1663085700,+3.49,+23.007, +8.144,+0.952
1663085760,+3.49,+22.991, +8.159,+0.952
1663085820,+3.49,+22.999, +8.158,+0.952
1663085880,+3.49,+23.016, +8.155,+0.952
1663085940,+3.49,+23.041, +8.132,+0.952
1663086000,+3.49,+23.049, +8.133,+0.952
1663086060,+3.49,+23.041, +8.172,+0.952
1663086120,+3.49,+23.058, +8.120,+0.952
1663086180,+3.49,+23.058, +8.108,+0.952
1663086240,+3.49,+23.074, +8.098,+0.952
1663086300,+3.49,+23.108, +8.104,+0.952
1663086360,+3.49,+23.091, +8.109,+0.952
1663086420,+3.49,+23.108, +8.114,+0.952
1663086480,+3.49,+23.108, +8.122,+0.953
1663086540,+3.49,+23.141, +8.109,+0.953
1663086600,+3.49,+23.141, +8.109,+0.952
1663086660,+3.49,+23.141, +8.089,+0.952
1663086720,+3.49,+23.167, +8.096,+0.952
1663086780,+3.49,+23.175, +8.094,+0.953
1663086840,+3.49,+23.183, +8.090,+0.952
1663086900,+3.49,+23.183, +8.086,+0.952
1663086960,+3.49,+23.192, +8.098,+0.952
1663087020,+3.49,+23.167, +8.111,+0.953
1663087080,+3.49,+23.192, +8.096,+0.953
1663087140,+3.49,+23.200, +8.084,+0.952
1663087200,+3.49,+23.234, +8.095,+0.953
1663087260,+3.49,+23.200, +8.125,+0.952
1663087320,+3.49,+23.208, +8.156,+0.953
1663087380,+3.49,+23.217, +8.137,+0.953
1663087440,+3.49,+23.183, +8.185,+0.953
1663087500,+3.49,+23.183, +8.184,+0.952
1663087560,+3.49,+23.200, +8.186,+0.952
1663087620,+3.49,+23.192, +8.208,+0.953
1663087680,+3.49,+23.183, +8.200,+0.952
1663087740,+3.49,+23.183, +8.215,+0.953
1663087800,+3.49,+23.192, +8.235,+0.953
