7450-364333
OS REV: 1.05 Sensor Cal: 1644948279
Time (sec),  BV (Volts),  T (deg C),  DO (mg/l),  Q ()
1663779060,+3.49,+22.882, +9.139,+0.950
1663779120,+3.49,+22.932, +9.202,+0.949
1663779180,+3.49,+22.907, +9.177,+0.950
1663779240,+3.49,+22.873, +9.101,+0.950
1663779300,+3.49,+22.873, +9.121,+0.950
1663779360,+3.49,+22.899, +9.349,+0.950
1663779420,+3.49,+22.940, +9.344,+0.950
1663779480,+3.49,+22.940, +9.332,+0.950
1663779540,+3.49,+22.924, +9.187,+0.949
1663779600,+3.49,+22.882, +9.183,+0.950
1663779660,+3.49,+22.882, +9.161,+0.950
1663779720,+3.49,+22.873, +9.230,+0.950
1663779780,+3.49,+22.832, +9.069,+0.950
1663779840,+3.49,+22.840, +9.253,+0.950
1663779900,+3.49,+22.857, +9.158,+0.950
1663779960,+3.49,+22.857, +9.202,+0.950
1663780020,+3.49,+22.924, +9.597,+0.950
1663780080,+3.49,+22.940, +9.388,+0.949
1663780140,+3.49,+22.924, +9.351,+0.950
1663780200,+3.49,+22.932, +9.469,+0.950
1663780260,+3.49,+22.932, +9.286,+0.950
1663780320,+3.49,+22.882, +8.896,+0.949
1663780380,+3.49,+22.840, +8.812,+0.949
1663780440,+3.49,+22.915, +9.395,+0.951
1663780500,+3.49,+22.999, +9.761,+0.950
1663780560,+3.49,+23.033, +9.802,+0.950
1663780620,+3.49,+23.049, +9.961,+0.951
1663780680,+3.49,+23.091,+10.175,+0.951
1663780740,+3.49,+23.100, +9.862,+0.951
1663780800,+3.49,+23.024, +9.530,+0.950
1663780860,+3.49,+23.024, +9.781,+0.951
1663780920,+3.49,+23.074, +9.971,+0.951
1663780980,+3.49,+23.091,+10.022,+0.951
1663781040,+3.49,+23.041, +9.629,+0.950
1663781100,+3.49,+22.957, +9.218,+0.950
1663781160,+3.49,+22.915, +9.088,+0.949
1663781220,+3.49,+22.890, +9.102,+0.950
1663781280,+3.49,+22.882, +9.155,+0.949
1663781340,+3.49,+22.848, +9.117,+0.950
1663781400,+3.49,+22.840, +9.069,+0.950
1663781460,+3.49,+22.848, +9.124,+0.949
1663781520,+3.49,+22.865, +9.469,+0.950
1663781580,+3.49,+22.899, +9.461,+0.950
1663781640,+3.49,+22.932, +9.557,+0.950
1663781700,+3.49,+22.932, +9.578,+0.950
1663781760,+3.49,+22.957, +9.767,+0.951
1663781820,+3.49,+22.991, +9.904,+0.951
1663781880,+3.49,+23.024, +9.886,+0.951
1663781940,+3.49,+23.066,+10.126,+0.951
1663782000,+3.49,+23.083,+10.241,+0.951
1663782060,+3.49,+23.150,+10.301,+0.951
1663782120,+3.49,+23.141,+10.344,+0.952
1663782180,+3.49,+23.150,+10.365,+0.951
1663782240,+3.49,+23.192,+10.469,+0.951
1663782300,+3.49,+23.200,+10.472,+0.952
1663782360,+3.49,+23.217,+10.497,+0.952
1663782420,+3.49,+23.225,+10.489,+0.951
1663782480,+3.49,+23.234,+10.509,+0.952
1663782540,+3.49,+23.250,+10.537,+0.952
1663782600,+3.49,+23.250,+10.590,+0.952
1663782660,+3.49,+23.259,+10.596,+0.952
1663782720,+3.49,+23.267,+10.596,+0.952
1663782780,+3.49,+23.276,+10.623,+0.952
1663782840,+3.49,+23.259,+10.672,+0.953
1663782900,+3.49,+23.276,+10.679,+0.952
1663782960,+3.49,+23.284,+10.702,+0.952
1663783020,+3.49,+23.267,+10.725,+0.952
1663783080,+3.49,+23.267,+10.754,+0.952
1663783140,+3.49,+23.276,+10.754,+0.952
1663783200,+3.50,+23.284,+10.743,+0.952
1663783260,+3.50,+23.292,+10.736,+0.952
1663783320,+3.50,+23.292,+10.722,+0.952
1663783380,+3.50,+23.292,+10.695,+0.952
1663783440,+3.50,+23.301,+10.691,+0.952
1663783500,+3.50,+23.309,+10.702,+0.952
1663783560,+3.50,+23.301,+10.696,+0.952
1663783620,+3.50,+23.292,+10.693,+0.953
1663783680,+3.50,+23.309,+10.681,+0.952
1663783740,+3.50,+23.301,+10.680,+0.953
1663783800,+3.50,+23.317,+10.677,+0.952
1663783860,+3.50,+23.317,+10.662,+0.952
1663783920,+3.50,+23.317,+10.675,+0.953
1663783980,+3.50,+23.317,+10.656,+0.952
1663784040,+3.50,+23.301,+10.665,+0.952
1663784100,+3.50,+23.309,+10.669,+0.952
1663784160,+3.50,+23.309,+10.662,+0.952
1663784220,+3.50,+23.317,+10.648,+0.952
1663784280,+3.50,+23.309,+10.643,+0.952
1663784340,+3.50,+23.326,+10.670,+0.952
1663784400,+3.50,+23.326,+10.718,+0.952
1663784460,+3.50,+23.334,+10.726,+0.952
1663784520,+3.50,+23.351,+10.770,+0.952
1663784580,+3.50,+23.334,+10.819,+0.953
1663784640,+3.50,+23.334,+10.779,+0.952
1663784700,+3.50,+23.309,+10.785,+0.952
1663784760,+3.50,+23.309,+10.813,+0.952
1663784820,+3.50,+23.326,+10.807,+0.952
1663784880,+3.50,+23.317,+10.810,+0.953
1663784940,+3.50,+23.334,+10.802,+0.952
1663785000,+3.50,+23.317,+10.819,+0.952
1663785060,+3.50,+23.317,+10.825,+0.952
1663785120,+3.50,+23.309,+10.811,+0.952
1663785180,+3.50,+23.317,+10.790,+0.952
1663785240,+3.50,+23.309,+10.807,+0.952
1663785300,+3.50,+23.292,+10.816,+0.952
1663785360,+3.50,+23.309,+10.794,+0.952
1663785420,+3.50,+23.301,+10.802,+0.952
1663785480,+3.50,+23.326,+10.802,+0.952
1663785540,+3.50,+23.326,+10.813,+0.952
1663785600,+3.50,+23.309,+10.831,+0.953
1663785660,+3.50,+23.309,+10.844,+0.952
1663785720,+3.50,+23.309,+10.854,+0.952
1663785780,+3.50,+23.317,+10.837,+0.952
1663785840,+3.50,+23.301,+10.848,+0.952
1663785900,+3.50,+23.301,+10.849,+0.952
1663785960,+3.50,+23.317,+10.861,+0.953
1663786020,+3.50,+23.301,+10.882,+0.953
1663786080,+3.50,+23.309,+10.866,+0.952
1663786140,+3.50,+23.301,+10.876,+0.952
1663786200,+3.50,+23.301,+10.879,+0.952
1663786260,+3.50,+23.284,+10.862,+0.952
1663786320,+3.50,+23.301,+10.874,+0.953
1663786380,+3.50,+23.292,+10.848,+0.952
1663786440,+3.50,+23.292,+10.844,+0.952
1663786500,+3.50,+23.292,+10.824,+0.952
1663786560,+3.50,+23.292,+10.848,+0.952
1663786620,+3.50,+23.301,+10.864,+0.952
1663786680,+3.50,+23.301,+10.867,+0.952
1663786740,+3.50,+23.326,+10.845,+0.952
1663786800,+3.50,+23.317,+10.835,+0.952
1663786860,+3.50,+23.317,+10.851,+0.952
1663786920,+3.50,+23.326,+10.840,+0.952
1663786980,+3.50,+23.301,+10.855,+0.952
1663787040,+3.50,+23.326,+10.866,+0.951
1663787100,+3.50,+23.326,+10.876,+0.952
1663787160,+3.50,+23.317,+10.903,+0.952
1663787220,+3.50,+23.326,+10.905,+0.953
1663787280,+3.50,+23.351,+10.913,+0.952
1663787340,+3.50,+23.334,+10.877,+0.951
1663787400,+3.50,+23.343,+10.890,+0.952
1663787460,+3.50,+23.334,+10.854,+0.952
1663787520,+3.50,+23.343,+10.891,+0.952
1663787580,+3.50,+23.334,+10.931,+0.953
1663787640,+3.50,+23.359,+10.953,+0.953
1663787700,+3.50,+23.343,+10.906,+0.952
1663787760,+3.50,+23.359,+10.938,+0.953
1663787820,+3.50,+23.359,+10.933,+0.953
1663787880,+3.50,+23.359,+10.913,+0.953
1663787940,+3.50,+23.351,+10.905,+0.952
1663788000,+3.50,+23.359,+10.868,+0.953
1663788060,+3.50,+23.343,+10.886,+0.953
1663788120,+3.50,+23.343,+10.851,+0.952
1663788180,+3.50,+23.334,+10.857,+0.952
1663788240,+3.50,+23.326,+10.866,+0.952
1663788300,+3.50,+23.334,+10.858,+0.952
1663788360,+3.50,+23.334,+10.831,+0.952
1663788420,+3.50,+23.326,+10.830,+0.952
1663788480,+3.50,+23.309,+10.853,+0.952
1663788540,+3.50,+23.317,+10.894,+0.953
1663788600,+3.50,+23.326,+10.901,+0.952
1663788660,+3.50,+23.309,+10.888,+0.952
1663788720,+3.50,+23.326,+10.893,+0.953
1663788780,+3.50,+23.309,+10.905,+0.953
1663788840,+3.50,+23.317,+10.934,+0.953
1663788900,+3.50,+23.326,+10.926,+0.952
1663788960,+3.50,+23.309,+10.955,+0.952
1663789020,+3.50,+23.309,+10.916,+0.952
1663789080,+3.50,+23.309,+10.949,+0.952
1663789140,+3.50,+23.292,+10.954,+0.952
1663789200,+3.50,+23.301,+10.898,+0.952
1663789260,+3.50,+23.317,+10.913,+0.952
1663789320,+3.50,+23.301,+10.918,+0.952
1663789380,+3.50,+23.292,+10.973,+0.953
1663789440,+3.50,+23.276,+10.992,+0.953
1663789500,+3.50,+23.284,+10.984,+0.952
1663789560,+3.50,+23.309,+10.981,+0.953
1663789620,+3.50,+23.276,+11.017,+0.952
1663789680,+3.49,+23.267,+11.018,+0.952
1663789740,+3.49,+23.276,+11.027,+0.952
1663789800,+3.49,+23.250,+11.032,+0.952
1663789860,+3.50,+23.276,+11.033,+0.952
1663789920,+3.49,+23.242,+11.061,+0.952
1663789980,+3.50,+23.276,+11.051,+0.952
1663790040,+3.50,+23.250,+11.065,+0.952
1663790100,+3.50,+23.250,+11.083,+0.953
1663790160,+3.49,+23.234,+11.098,+0.953
1663790220,+3.49,+23.225,+11.111,+0.953
1663790280,+3.50,+23.250,+11.080,+0.952
1663790340,+3.50,+23.250,+11.062,+0.952
1663790400,+3.49,+23.242,+11.072,+0.952
1663790460,+3.49,+23.225,+11.088,+0.952
1663790520,+3.49,+23.225,+11.085,+0.952
1663790580,+3.49,+23.217,+11.109,+0.953
1663790640,+3.49,+23.225,+11.100,+0.953
1663790700,+3.49,+23.208,+11.107,+0.952
1663790760,+3.49,+23.208,+11.112,+0.952
1663790820,+3.49,+23.234,+11.120,+0.953
1663790880,+3.49,+23.200,+11.116,+0.952
1663790940,+3.49,+23.208,+11.130,+0.953
1663791000,+3.49,+23.200,+11.134,+0.953
1663791060,+3.49,+23.183,+11.148,+0.953
1663791120,+3.49,+23.183,+11.126,+0.952
1663791180,+3.49,+23.183,+11.141,+0.952
1663791240,+3.49,+23.175,+11.156,+0.952
1663791300,+3.49,+23.183,+11.161,+0.952
1663791360,+3.49,+23.192,+11.172,+0.952
1663791420,+3.49,+23.183,+11.193,+0.953
1663791480,+3.49,+23.183,+11.186,+0.953
1663791540,+3.49,+23.175,+11.190,+0.952
1663791600,+3.49,+23.167,+11.209,+0.953
1663791660,+3.49,+23.175,+11.216,+0.953
1663791720,+3.49,+23.183,+11.214,+0.952
1663791780,+3.49,+23.175,+11.221,+0.952
1663791840,+3.49,+23.183,+11.236,+0.953
1663791900,+3.49,+23.167,+11.222,+0.952
1663791960,+3.49,+23.175,+11.238,+0.953
1663792020,+3.49,+23.183,+11.236,+0.952
1663792080,+3.49,+23.183,+11.245,+0.952
1663792140,+3.49,+23.175,+11.250,+0.953
1663792200,+3.49,+23.175,+11.226,+0.952
1663792260,+3.49,+23.158,+11.254,+0.953
1663792320,+3.49,+23.167,+11.266,+0.953
1663792380,+3.49,+23.167,+11.270,+0.952
1663792440,+3.49,+23.175,+11.270,+0.953
1663792500,+3.49,+23.183,+11.244,+0.952
1663792560,+3.49,+23.175,+11.198,+0.952
1663792620,+3.49,+23.167,+11.114,+0.952
1663792680,+3.49,+23.183,+11.162,+0.952
1663792740,+3.49,+23.167,+11.178,+0.953
1663792800,+3.49,+23.183,+11.190,+0.953
1663792860,+3.49,+23.175,+11.202,+0.953
1663792920,+3.49,+23.175,+11.231,+0.953
1663792980,+3.49,+23.167,+11.230,+0.953
1663793040,+3.49,+23.175,+11.196,+0.952
1663793100,+3.49,+23.175,+11.199,+0.953
1663793160,+3.49,+23.167,+11.189,+0.953
1663793220,+3.49,+23.175,+11.198,+0.952
1663793280,+3.49,+23.158,+11.196,+0.952
1663793340,+3.49,+23.175,+11.180,+0.952
1663793400,+3.49,+23.175,+11.227,+0.953
1663793460,+3.49,+23.175,+11.235,+0.953
1663793520,+3.49,+23.167,+11.224,+0.952
1663793580,+3.49,+23.167,+11.229,+0.952
1663793640,+3.49,+23.175,+11.212,+0.953
1663793700,+3.49,+23.167,+11.112,+0.952
1663793760,+3.49,+23.158,+11.189,+0.952
1663793820,+3.49,+23.158,+11.190,+0.953
1663793880,+3.49,+23.183,+11.141,+0.952
1663793940,+3.49,+23.175,+11.174,+0.952
1663794000,+3.49,+23.167,+11.189,+0.952
1663794060,+3.49,+23.175,+11.162,+0.952
1663794120,+3.49,+23.158,+11.171,+0.952
1663794180,+3.49,+23.150,+11.217,+0.952
1663794240,+3.49,+23.167,+11.244,+0.952
1663794300,+3.49,+23.158,+11.262,+0.952
1663794360,+3.49,+23.158,+11.127,+0.952
1663794420,+3.49,+23.150,+10.996,+0.952
1663794480,+3.49,+23.116,+11.064,+0.952
1663794540,+3.49,+23.158,+11.231,+0.953
1663794600,+3.49,+23.158,+11.173,+0.952
1663794660,+3.49,+23.150,+11.285,+0.952
1663794720,+3.49,+23.158,+11.315,+0.953
1663794780,+3.49,+23.150,+11.294,+0.952
1663794840,+3.49,+23.150,+11.318,+0.953
1663794900,+3.49,+23.150,+11.350,+0.953
1663794960,+3.49,+23.175,+11.346,+0.953
1663795020,+3.49,+23.175,+11.383,+0.953
1663795080,+3.49,+23.158,+11.393,+0.953
1663795140,+3.49,+23.167,+11.383,+0.953
1663795200,+3.49,+23.150,+11.395,+0.952
1663795260,+3.49,+23.150,+11.401,+0.953
1663795320,+3.49,+23.150,+11.422,+0.953
1663795380,+3.49,+23.158,+11.419,+0.952
1663795440,+3.49,+23.150,+11.382,+0.952
1663795500,+3.49,+23.133,+11.170,+0.953
1663795560,+3.49,+23.175,+11.140,+0.952
1663795620,+3.49,+23.150,+11.208,+0.953
1663795680,+3.49,+23.150,+11.280,+0.953
1663795740,+3.49,+23.158,+11.244,+0.952
1663795800,+3.49,+23.158,+11.262,+0.953
1663795860,+3.49,+23.167,+11.094,+0.952
1663795920,+3.49,+23.158,+11.304,+0.953
1663795980,+3.49,+23.150,+11.340,+0.952
1663796040,+3.49,+23.175,+11.202,+0.953
1663796100,+3.49,+23.158,+11.360,+0.952
1663796160,+3.49,+23.167,+11.401,+0.953
1663796220,+3.49,+23.167,+11.405,+0.953
1663796280,+3.49,+23.175,+11.344,+0.953
1663796340,+3.49,+23.158,+11.313,+0.952
1663796400,+3.49,+23.158,+11.142,+0.952
1663796460,+3.49,+23.167,+11.215,+0.953
1663796520,+3.49,+23.150,+11.247,+0.953
1663796580,+3.49,+23.167,+11.298,+0.952
1663796640,+3.49,+23.150,+11.184,+0.952
1663796700,+3.49,+23.150,+11.191,+0.952
1663796760,+3.49,+23.141,+11.001,+0.952
1663796820,+3.49,+23.150,+10.954,+0.951
1663796880,+3.49,+23.133,+10.722,+0.952
1663796940,+3.49,+23.133,+10.512,+0.952
1663797000,+3.49,+23.125,+10.599,+0.951
1663797060,+3.49,+23.141,+10.645,+0.951
1663797120,+3.49,+23.125,+10.608,+0.952
1663797180,+3.49,+23.133,+10.560,+0.952
1663797240,+3.49,+23.125,+10.464,+0.951
1663797300,+3.49,+23.116,+10.583,+0.951
1663797360,+3.49,+23.108,+10.666,+0.952
1663797420,+3.49,+23.100,+10.680,+0.952
1663797480,+3.49,+23.100,+10.589,+0.952
1663797540,+3.49,+23.108,+10.609,+0.951
1663797600,+3.49,+23.100,+10.630,+0.951
1663797660,+3.49,+23.100,+10.765,+0.952
1663797720,+3.49,+23.116,+10.766,+0.952
1663797780,+3.49,+23.100,+10.716,+0.952
1663797840,+3.49,+23.091,+10.755,+0.951
1663797900,+3.49,+23.100,+10.773,+0.952
1663797960,+3.49,+23.091,+10.799,+0.952
1663798020,+3.49,+23.091,+10.785,+0.952
1663798080,+3.49,+23.108,+10.821,+0.952
1663798140,+3.49,+23.133,+11.111,+0.952
1663798200,+3.49,+23.100,+10.922,+0.951
1663798260,+3.49,+23.091,+10.831,+0.952
1663798320,+3.49,+23.108,+10.822,+0.952
1663798380,+3.49,+23.100,+10.889,+0.952
1663798440,+3.49,+23.091,+10.682,+0.952
1663798500,+3.49,+23.091,+10.797,+0.952
1663798560,+3.49,+23.108,+10.778,+0.952
1663798620,+3.49,+23.100,+10.758,+0.952
1663798680,+3.49,+23.091,+10.741,+0.952
1663798740,+3.49,+23.100,+10.694,+0.951
1663798800,+3.49,+23.108,+10.795,+0.952
1663798860,+3.49,+23.108,+10.950,+0.952
1663798920,+3.49,+23.091,+10.759,+0.952
1663798980,+3.49,+23.091,+10.737,+0.952
1663799040,+3.49,+23.083,+10.797,+0.952
1663799100,+3.49,+23.083,+10.851,+0.952
1663799160,+3.49,+23.083,+10.758,+0.952
1663799220,+3.49,+23.091,+10.734,+0.952
1663799280,+3.49,+23.083,+10.721,+0.952
1663799340,+3.49,+23.091,+10.748,+0.952
1663799400,+3.49,+23.066,+10.906,+0.952
1663799460,+3.49,+23.066,+10.712,+0.952
1663799520,+3.49,+23.083,+10.623,+0.951
1663799580,+3.49,+23.074,+10.544,+0.951
1663799640,+3.49,+23.074,+10.610,+0.952
1663799700,+3.49,+23.083,+10.842,+0.952
1663799760,+3.49,+23.074,+10.840,+0.952
1663799820,+3.49,+23.091,+10.738,+0.952
1663799880,+3.49,+23.074,+10.905,+0.952
1663799940,+3.49,+23.074,+10.986,+0.952
1663800000,+3.49,+23.074,+10.990,+0.952
1663800060,+3.49,+23.058,+10.798,+0.952
1663800120,+3.49,+23.058,+10.923,+0.952
1663800180,+3.49,+23.058,+10.845,+0.952
1663800240,+3.49,+23.066,+10.715,+0.951
1663800300,+3.49,+23.083,+10.780,+0.952
1663800360,+3.49,+23.066,+10.656,+0.951
1663800420,+3.49,+23.074,+10.773,+0.952
1663800480,+3.49,+23.066,+10.790,+0.952
1663800540,+3.49,+23.049,+10.811,+0.952
1663800600,+3.49,+23.058,+11.007,+0.953
1663800660,+3.49,+23.033,+11.085,+0.953
1663800720,+3.49,+23.033,+10.999,+0.952
1663800780,+3.49,+23.041,+10.915,+0.952
1663800840,+3.49,+23.058,+10.844,+0.952
1663800900,+3.49,+23.058,+10.876,+0.952
1663800960,+3.49,+23.033,+10.891,+0.952
1663801020,+3.49,+23.024,+10.927,+0.951
1663801080,+3.49,+23.033,+11.037,+0.952
1663801140,+3.49,+23.024,+10.963,+0.952
1663801200,+3.49,+23.007,+10.979,+0.953
1663801260,+3.49,+22.999,+10.992,+0.952
1663801320,+3.49,+22.999,+11.037,+0.952
1663801380,+3.49,+22.999,+11.011,+0.952
1663801440,+3.49,+23.007,+10.915,+0.952
1663801500,+3.49,+22.999,+10.896,+0.952
1663801560,+3.49,+22.999,+10.978,+0.952
1663801620,+3.49,+22.991,+10.972,+0.952
1663801680,+3.49,+23.016,+10.876,+0.952
1663801740,+3.49,+23.016,+10.943,+0.952
1663801800,+3.49,+22.991,+10.911,+0.952
1663801860,+3.49,+22.991,+10.916,+0.952
1663801920,+3.49,+22.991,+10.958,+0.953
1663801980,+3.49,+22.982,+10.950,+0.952
1663802040,+3.49,+22.982,+10.918,+0.951
1663802100,+3.49,+22.999,+10.914,+0.952
1663802160,+3.49,+22.982,+10.937,+0.952
1663802220,+3.49,+22.991,+10.890,+0.951
1663802280,+3.49,+22.991,+10.866,+0.953
1663802340,+3.49,+22.999,+10.842,+0.952
1663802400,+3.49,+22.982,+10.893,+0.952
1663802460,+3.49,+22.974,+10.926,+0.953
1663802520,+3.49,+22.982,+10.930,+0.952
1663802580,+3.49,+22.966,+10.962,+0.952
1663802640,+3.49,+22.966,+10.886,+0.952
1663802700,+3.49,+22.974,+10.845,+0.951
1663802760,+3.49,+22.957,+10.913,+0.952
1663802820,+3.49,+22.932,+10.946,+0.951
1663802880,+3.49,+22.940,+10.905,+0.952
1663802940,+3.49,+22.957,+10.898,+0.951
1663803000,+3.49,+22.957,+10.919,+0.952
1663803060,+3.49,+22.974,+10.856,+0.951
1663803120,+3.49,+22.949,+10.879,+0.952
1663803180,+3.49,+22.957,+10.732,+0.951
1663803240,+3.49,+22.974,+10.730,+0.951
1663803300,+3.49,+22.982,+10.716,+0.952
1663803360,+3.49,+22.974,+10.746,+0.952
1663803420,+3.49,+22.966,+10.827,+0.952
1663803480,+3.49,+22.940,+10.873,+0.952
1663803540,+3.49,+22.932,+10.860,+0.952
1663803600,+3.49,+22.940,+10.784,+0.952
1663803660,+3.49,+22.940,+10.789,+0.952
1663803720,+3.49,+22.940,+10.821,+0.952
1663803780,+3.49,+22.940,+10.821,+0.952
1663803840,+3.49,+22.940,+10.797,+0.952
1663803900,+3.49,+22.924,+10.737,+0.952
1663803960,+3.49,+22.932,+10.711,+0.952
1663804020,+3.49,+22.949,+10.744,+0.952
1663804080,+3.49,+22.907,+10.766,+0.952
1663804140,+3.49,+22.907,+10.763,+0.952
1663804200,+3.49,+22.907,+10.747,+0.952
1663804260,+3.49,+22.907,+10.714,+0.951
1663804320,+3.49,+22.915,+10.772,+0.951
1663804380,+3.49,+22.907,+10.727,+0.951
1663804440,+3.49,+22.924,+10.715,+0.952
1663804500,+3.49,+22.932,+10.739,+0.952
1663804560,+3.49,+22.915,+10.747,+0.952
1663804620,+3.49,+22.915,+10.660,+0.952
1663804680,+3.49,+22.907,+10.722,+0.951
1663804740,+3.49,+22.915,+10.686,+0.952
1663804800,+3.49,+22.907,+10.617,+0.951
1663804860,+3.49,+22.915,+10.690,+0.951
1663804920,+3.49,+22.932,+10.519,+0.951
1663804980,+3.49,+22.932,+10.599,+0.951
1663805040,+3.49,+22.957,+10.534,+0.952
1663805100,+3.49,+22.957,+10.619,+0.951
1663805160,+3.49,+22.907,+10.654,+0.952
1663805220,+3.49,+22.915,+10.614,+0.952
1663805280,+3.49,+22.915,+10.594,+0.952
1663805340,+3.49,+22.932,+10.604,+0.951
1663805400,+3.49,+22.924,+10.607,+0.951
1663805460,+3.49,+22.932,+10.588,+0.951
1663805520,+3.49,+22.915,+10.639,+0.951
1663805580,+3.49,+22.899,+10.703,+0.952
1663805640,+3.49,+22.899,+10.623,+0.951
1663805700,+3.49,+22.915,+10.602,+0.952
1663805760,+3.49,+22.915,+10.608,+0.951
1663805820,+3.49,+22.932,+10.594,+0.951
1663805880,+3.49,+22.915,+10.661,+0.952
1663805940,+3.49,+22.890,+10.629,+0.951
1663806000,+3.49,+22.899,+10.592,+0.951
1663806060,+3.49,+22.899,+10.651,+0.951
1663806120,+3.49,+22.882,+10.673,+0.951
1663806180,+3.49,+22.882,+10.691,+0.951
1663806240,+3.50,+22.865,+10.715,+0.951
1663806300,+3.49,+22.890,+10.659,+0.951
1663806360,+3.49,+22.873,+10.687,+0.951
1663806420,+3.49,+22.865,+10.598,+0.952
1663806480,+3.49,+22.915,+10.534,+0.951
1663806540,+3.49,+22.907,+10.571,+0.951
1663806600,+3.49,+22.890,+10.629,+0.951
1663806660,+3.49,+22.899,+10.572,+0.951
1663806720,+3.50,+22.907,+10.599,+0.951
1663806780,+3.49,+22.899,+10.626,+0.951
1663806840,+3.49,+22.899,+10.629,+0.951
1663806900,+3.50,+22.873,+10.694,+0.952
1663806960,+3.49,+22.890,+10.628,+0.951
1663807020,+3.49,+22.890,+10.634,+0.951
1663807080,+3.49,+22.890,+10.667,+0.952
1663807140,+3.49,+22.865,+10.683,+0.951
1663807200,+3.50,+22.857,+10.681,+0.951
1663807260,+3.49,+22.848,+10.678,+0.951
1663807320,+3.49,+22.865,+10.667,+0.951
1663807380,+3.49,+22.848,+10.675,+0.952
1663807440,+3.49,+22.873,+10.547,+0.952
1663807500,+3.49,+22.907,+10.563,+0.951
1663807560,+3.49,+22.915,+10.607,+0.952
1663807620,+3.49,+22.899,+10.639,+0.951
1663807680,+3.49,+22.865,+10.654,+0.951
1663807740,+3.49,+22.873,+10.614,+0.951
1663807800,+3.49,+22.857,+10.644,+0.951
1663807860,+3.49,+22.848,+10.651,+0.951
1663807920,+3.49,+22.823,+10.647,+0.951
1663807980,+3.50,+22.832,+10.618,+0.951
1663808040,+3.50,+22.840,+10.601,+0.951
1663808100,+3.50,+22.848,+10.605,+0.951
1663808160,+3.49,+22.857,+10.591,+0.951
1663808220,+3.49,+22.848,+10.607,+0.952
1663808280,+3.49,+22.857,+10.576,+0.951
1663808340,+3.49,+22.873,+10.573,+0.952
1663808400,+3.49,+22.865,+10.606,+0.952
1663808460,+3.49,+22.840,+10.601,+0.952
1663808520,+3.50,+22.848,+10.572,+0.951
1663808580,+3.49,+22.873,+10.572,+0.951
1663808640,+3.50,+22.840,+10.565,+0.951
1663808700,+3.49,+22.865,+10.566,+0.951
1663808760,+3.49,+22.857,+10.579,+0.951
1663808820,+3.50,+22.840,+10.570,+0.951
1663808880,+3.49,+22.840,+10.570,+0.951
1663808940,+3.50,+22.848,+10.566,+0.951
1663809000,+3.49,+22.848,+10.527,+0.951
1663809060,+3.49,+22.848,+10.574,+0.952
1663809120,+3.49,+22.840,+10.578,+0.951
1663809180,+3.49,+22.823,+10.571,+0.951
1663809240,+3.50,+22.848,+10.581,+0.951
1663809300,+3.49,+22.857,+10.589,+0.951
1663809360,+3.50,+22.823,+10.603,+0.951
1663809420,+3.49,+22.832,+10.595,+0.952
1663809480,+3.49,+22.832,+10.573,+0.951
1663809540,+3.49,+22.832,+10.588,+0.951
1663809600,+3.49,+22.832,+10.560,+0.951
1663809660,+3.50,+22.832,+10.577,+0.951
1663809720,+3.49,+22.840,+10.593,+0.952
1663809780,+3.50,+22.832,+10.595,+0.951
1663809840,+3.49,+22.832,+10.569,+0.951
1663809900,+3.49,+22.840,+10.587,+0.951
1663809960,+3.49,+22.840,+10.582,+0.951
1663810020,+3.50,+22.832,+10.585,+0.951
1663810080,+3.50,+22.832,+10.566,+0.951
1663810140,+3.49,+22.823,+10.573,+0.951
1663810200,+3.50,+22.798,+10.577,+0.951
1663810260,+3.49,+22.832,+10.558,+0.951
1663810320,+3.50,+22.815,+10.549,+0.950
1663810380,+3.50,+22.823,+10.521,+0.951
1663810440,+3.50,+22.823,+10.562,+0.951
1663810500,+3.50,+22.832,+10.559,+0.951
1663810560,+3.50,+22.815,+10.560,+0.952
1663810620,+3.49,+22.815,+10.532,+0.951
1663810680,+3.50,+22.815,+10.562,+0.951
1663810740,+3.50,+22.807,+10.568,+0.951
1663810800,+3.50,+22.790,+10.566,+0.951
1663810860,+3.50,+22.781,+10.577,+0.951
1663810920,+3.50,+22.798,+10.552,+0.951
1663810980,+3.50,+22.798,+10.531,+0.951
1663811040,+3.49,+22.823,+10.525,+0.951
1663811100,+3.50,+22.815,+10.523,+0.952
1663811160,+3.50,+22.815,+10.529,+0.951
1663811220,+3.50,+22.815,+10.523,+0.951
1663811280,+3.50,+22.798,+10.533,+0.952
1663811340,+3.50,+22.790,+10.525,+0.951
1663811400,+3.50,+22.807,+10.515,+0.951
1663811460,+3.50,+22.807,+10.479,+0.951
1663811520,+3.49,+22.823,+10.506,+0.951
1663811580,+3.50,+22.798,+10.532,+0.951
1663811640,+3.50,+22.781,+10.538,+0.951
1663811700,+3.50,+22.781,+10.524,+0.951
1663811760,+3.50,+22.781,+10.509,+0.951
1663811820,+3.50,+22.798,+10.492,+0.951
1663811880,+3.49,+22.832,+10.441,+0.951
1663811940,+3.49,+22.848,+10.451,+0.951
1663812000,+3.49,+22.815,+10.482,+0.951
1663812060,+3.49,+22.832,+10.468,+0.951
1663812120,+3.50,+22.807,+10.468,+0.951
1663812180,+3.50,+22.790,+10.482,+0.951
1663812240,+3.50,+22.790,+10.480,+0.951
1663812300,+3.50,+22.798,+10.465,+0.951
1663812360,+3.50,+22.781,+10.489,+0.952
1663812420,+3.50,+22.798,+10.464,+0.950
1663812480,+3.50,+22.798,+10.461,+0.951
1663812540,+3.50,+22.781,+10.411,+0.951
1663812600,+3.50,+22.807,+10.391,+0.951
1663812660,+3.50,+22.798,+10.460,+0.952
1663812720,+3.50,+22.807,+10.456,+0.951
1663812780,+3.50,+22.798,+10.455,+0.951
1663812840,+3.49,+22.815,+10.396,+0.951
1663812900,+3.49,+22.823,+10.356,+0.951
1663812960,+3.50,+22.807,+10.387,+0.951
1663813020,+3.50,+22.798,+10.361,+0.951
1663813080,+3.50,+22.798,+10.388,+0.951
1663813140,+3.50,+22.807,+10.378,+0.951
1663813200,+3.50,+22.781,+10.383,+0.951
1663813260,+3.50,+22.798,+10.365,+0.951
1663813320,+3.50,+22.790,+10.360,+0.951
1663813380,+3.50,+22.790,+10.388,+0.951
1663813440,+3.50,+22.773,+10.420,+0.952
1663813500,+3.50,+22.781,+10.403,+0.951
1663813560,+3.50,+22.790,+10.388,+0.951
1663813620,+3.50,+22.773,+10.390,+0.951
1663813680,+3.50,+22.765,+10.376,+0.951
1663813740,+3.50,+22.765,+10.372,+0.951
1663813800,+3.50,+22.756,+10.364,+0.951
1663813860,+3.50,+22.756,+10.359,+0.951
1663813920,+3.50,+22.773,+10.333,+0.951
1663813980,+3.50,+22.756,+10.341,+0.951
1663814040,+3.50,+22.773,+10.302,+0.950
1663814100,+3.50,+22.790,+10.302,+0.951
1663814160,+3.49,+22.790,+10.299,+0.951
1663814220,+3.50,+22.781,+10.268,+0.951
1663814280,+3.50,+22.781,+10.266,+0.951
1663814340,+3.50,+22.798,+10.177,+0.951
1663814400,+3.50,+22.798,+10.211,+0.951
1663814460,+3.50,+22.807,+10.243,+0.951
1663814520,+3.50,+22.781,+10.218,+0.951
1663814580,+3.50,+22.798,+10.189,+0.951
1663814640,+3.49,+22.798,+10.190,+0.950
1663814700,+3.50,+22.781,+10.249,+0.951
1663814760,+3.50,+22.790,+10.245,+0.950
1663814820,+3.50,+22.790,+10.243,+0.950
1663814880,+3.50,+22.790,+10.218,+0.950
1663814940,+3.49,+22.798,+10.218,+0.951
1663815000,+3.50,+22.790,+10.212,+0.950
1663815060,+3.50,+22.790,+10.221,+0.951
1663815120,+3.50,+22.790,+10.221,+0.951
1663815180,+3.50,+22.781,+10.204,+0.951
1663815240,+3.50,+22.773,+10.216,+0.950
1663815300,+3.50,+22.773,+10.215,+0.951
1663815360,+3.50,+22.765,+10.201,+0.950
1663815420,+3.50,+22.773,+10.201,+0.951
1663815480,+3.50,+22.781,+10.193,+0.951
1663815540,+3.50,+22.773,+10.185,+0.951
1663815600,+3.50,+22.773,+10.164,+0.951
1663815660,+3.50,+22.765,+10.175,+0.950
1663815720,+3.50,+22.765,+10.183,+0.951
1663815780,+3.50,+22.781,+10.180,+0.951
1663815840,+3.50,+22.765,+10.200,+0.951
1663815900,+3.50,+22.731,+10.216,+0.951
1663815960,+3.50,+22.740,+10.203,+0.951
1663816020,+3.50,+22.723,+10.193,+0.950
1663816080,+3.50,+22.740,+10.174,+0.951
1663816140,+3.50,+22.756,+10.150,+0.950
1663816200,+3.50,+22.756,+10.144,+0.950
1663816260,+3.50,+22.756,+10.166,+0.952
1663816320,+3.50,+22.765,+10.123,+0.950
1663816380,+3.50,+22.756,+10.144,+0.950
1663816440,+3.50,+22.748,+10.145,+0.950
1663816500,+3.50,+22.748,+10.152,+0.951
1663816560,+3.50,+22.765,+10.146,+0.951
1663816620,+3.50,+22.731,+10.146,+0.951
1663816680,+3.50,+22.740,+10.144,+0.951
1663816740,+3.50,+22.748,+10.140,+0.951
1663816800,+3.50,+22.765,+10.122,+0.950
1663816860,+3.50,+22.731,+10.133,+0.950
1663816920,+3.50,+22.756,+10.130,+0.951
1663816980,+3.50,+22.756,+10.118,+0.950
1663817040,+3.50,+22.731,+10.136,+0.951
1663817100,+3.50,+22.748,+10.111,+0.950
1663817160,+3.50,+22.756,+10.120,+0.951
1663817220,+3.50,+22.748,+10.128,+0.951
1663817280,+3.50,+22.731,+10.117,+0.950
1663817340,+3.50,+22.748,+10.116,+0.951
1663817400,+3.50,+22.756,+10.106,+0.951
1663817460,+3.50,+22.731,+10.120,+0.951
1663817520,+3.50,+22.740,+10.120,+0.951
1663817580,+3.50,+22.731,+10.102,+0.951
1663817640,+3.50,+22.723,+10.107,+0.951
1663817700,+3.50,+22.714,+10.104,+0.950
1663817760,+3.50,+22.731,+10.118,+0.951
1663817820,+3.50,+22.706,+10.100,+0.950
1663817880,+3.50,+22.714,+10.089,+0.950
1663817940,+3.50,+22.706,+10.100,+0.951
1663818000,+3.50,+22.706,+10.103,+0.951
1663818060,+3.50,+22.689,+10.078,+0.950
1663818120,+3.50,+22.698,+10.098,+0.951
1663818180,+3.50,+22.689,+10.094,+0.950
1663818240,+3.50,+22.689,+10.097,+0.950
1663818300,+3.50,+22.706,+10.089,+0.951
1663818360,+3.50,+22.681,+10.092,+0.951
1663818420,+3.50,+22.681,+10.092,+0.951
1663818480,+3.50,+22.681,+10.091,+0.951
1663818540,+3.50,+22.673,+10.078,+0.950
1663818600,+3.50,+22.689,+10.077,+0.950
1663818660,+3.50,+22.681,+10.088,+0.951
1663818720,+3.50,+22.689,+10.074,+0.951
1663818780,+3.50,+22.673,+10.062,+0.950
1663818840,+3.50,+22.673,+10.062,+0.950
1663818900,+3.50,+22.698,+10.049,+0.951
1663818960,+3.50,+22.689,+10.048,+0.951
1663819020,+3.50,+22.689,+10.057,+0.950
1663819080,+3.50,+22.664,+10.066,+0.950
1663819140,+3.50,+22.681,+10.042,+0.950
1663819200,+3.50,+22.673,+10.053,+0.950
1663819260,+3.50,+22.664,+10.055,+0.950
1663819320,+3.50,+22.664,+10.046,+0.950
1663819380,+3.50,+22.664,+10.054,+0.950
1663819440,+3.50,+22.681,+10.043,+0.951
1663819500,+3.50,+22.664,+10.031,+0.950
1663819560,+3.50,+22.664,+10.020,+0.950
1663819620,+3.50,+22.664,+10.011,+0.951
1663819680,+3.50,+22.656,+10.012,+0.950
1663819740,+3.50,+22.656, +9.999,+0.950
1663819800,+3.50,+22.647,+10.009,+0.950
1663819860,+3.50,+22.664, +9.992,+0.950
1663819920,+3.50,+22.639, +9.994,+0.950
1663819980,+3.50,+22.639, +9.973,+0.950
1663820040,+3.50,+22.631, +9.992,+0.951
1663820100,+3.50,+22.639, +9.969,+0.950
1663820160,+3.50,+22.631, +9.973,+0.951
1663820220,+3.50,+22.614, +9.960,+0.950
1663820280,+3.50,+22.622, +9.932,+0.949
1663820340,+3.50,+22.647, +9.923,+0.950
1663820400,+3.50,+22.631, +9.912,+0.950
1663820460,+3.50,+22.622, +9.906,+0.950
1663820520,+3.50,+22.589, +9.920,+0.950
1663820580,+3.50,+22.614, +9.923,+0.950
1663820640,+3.50,+22.639, +9.920,+0.951
1663820700,+3.50,+22.622, +9.922,+0.951
1663820760,+3.50,+22.631, +9.909,+0.950
1663820820,+3.50,+22.614, +9.907,+0.950
1663820880,+3.50,+22.622, +9.896,+0.950
1663820940,+3.50,+22.631, +9.883,+0.950
1663821000,+3.50,+22.639, +9.869,+0.950
1663821060,+3.50,+22.639, +9.866,+0.950
1663821120,+3.50,+22.639, +9.873,+0.950
1663821180,+3.50,+22.606, +9.891,+0.950
1663821240,+3.50,+22.622, +9.881,+0.950
1663821300,+3.50,+22.614, +9.882,+0.950
1663821360,+3.50,+22.606, +9.867,+0.950
1663821420,+3.50,+22.597, +9.842,+0.950
1663821480,+3.50,+22.597, +9.840,+0.950
1663821540,+3.50,+22.580, +9.832,+0.950
1663821600,+3.50,+22.606, +9.810,+0.950
1663821660,+3.50,+22.572, +9.794,+0.950
1663821720,+3.50,+22.572, +9.771,+0.950
1663821780,+3.50,+22.589, +9.707,+0.950
1663821840,+3.50,+22.580, +9.648,+0.950
1663821900,+3.50,+22.572, +9.662,+0.950
1663821960,+3.50,+22.572, +9.630,+0.950
1663822020,+3.50,+22.555, +9.508,+0.950
1663822080,+3.50,+22.564, +9.435,+0.949
1663822140,+3.50,+22.555, +9.355,+0.950
1663822200,+3.50,+22.564, +9.257,+0.949
1663822260,+3.50,+22.572, +9.318,+0.950
1663822320,+3.50,+22.572, +9.337,+0.950
1663822380,+3.50,+22.572, +9.427,+0.950
1663822440,+3.50,+22.555, +9.443,+0.950
1663822500,+3.50,+22.564, +9.459,+0.950
1663822560,+3.50,+22.564, +9.366,+0.949
1663822620,+3.50,+22.572, +9.301,+0.950
1663822680,+3.50,+22.580, +9.311,+0.950
1663822740,+3.50,+22.572, +9.253,+0.950
1663822800,+3.50,+22.555, +9.254,+0.950
1663822860,+3.50,+22.572, +9.245,+0.949
1663822920,+3.50,+22.555, +9.252,+0.949
1663822980,+3.50,+22.539, +9.301,+0.950
1663823040,+3.50,+22.555, +9.283,+0.949
1663823100,+3.50,+22.547, +9.274,+0.949
1663823160,+3.50,+22.539, +9.289,+0.950
1663823220,+3.50,+22.555, +9.270,+0.949
1663823280,+3.50,+22.555, +9.331,+0.950
1663823340,+3.50,+22.555, +9.344,+0.949
1663823400,+3.50,+22.555, +9.305,+0.949
1663823460,+3.50,+22.547, +9.309,+0.950
1663823520,+3.50,+22.547, +9.320,+0.949
1663823580,+3.50,+22.547, +9.331,+0.949
1663823640,+3.50,+22.539, +9.352,+0.949
1663823700,+3.50,+22.530, +9.411,+0.949
1663823760,+3.50,+22.555, +9.403,+0.950
1663823820,+3.50,+22.555, +9.373,+0.950
1663823880,+3.50,+22.539, +9.375,+0.949
1663823940,+3.50,+22.539, +9.387,+0.950
1663824000,+3.50,+22.539, +9.345,+0.949
1663824060,+3.50,+22.514, +9.328,+0.949
1663824120,+3.50,+22.530, +9.310,+0.949
1663824180,+3.50,+22.522, +9.327,+0.949
1663824240,+3.50,+22.522, +9.351,+0.950
1663824300,+3.50,+22.522, +9.299,+0.950
1663824360,+3.50,+22.497, +9.311,+0.949
1663824420,+3.50,+22.488, +9.314,+0.949
1663824480,+3.50,+22.505, +9.310,+0.949
1663824540,+3.50,+22.514, +9.344,+0.950
1663824600,+3.50,+22.505, +9.295,+0.949
1663824660,+3.50,+22.480, +9.337,+0.950
1663824720,+3.50,+22.514, +9.420,+0.950
1663824780,+3.50,+22.505, +9.418,+0.949
1663824840,+3.50,+22.514, +9.459,+0.950
1663824900,+3.50,+22.497, +9.367,+0.950
1663824960,+3.50,+22.488, +9.325,+0.950
1663825020,+3.50,+22.488, +9.302,+0.949
1663825080,+3.50,+22.497, +9.400,+0.949
1663825140,+3.50,+22.488, +9.449,+0.950
1663825200,+3.50,+22.480, +9.354,+0.949
1663825260,+3.50,+22.480, +9.404,+0.950
1663825320,+3.50,+22.505, +9.497,+0.950
1663825380,+3.50,+22.505, +9.513,+0.949
1663825440,+3.50,+22.497, +9.414,+0.950
1663825500,+3.50,+22.497, +9.422,+0.950
1663825560,+3.50,+22.488, +9.437,+0.950
1663825620,+3.50,+22.488, +9.490,+0.949
1663825680,+3.50,+22.488, +9.557,+0.950
1663825740,+3.50,+22.505, +9.562,+0.950
1663825800,+3.50,+22.505, +9.561,+0.950
1663825860,+3.50,+22.488, +9.630,+0.950
1663825920,+3.50,+22.497, +9.620,+0.950
1663825980,+3.50,+22.472, +9.503,+0.949
1663826040,+3.50,+22.472, +9.491,+0.950
1663826100,+3.50,+22.455, +9.450,+0.949
1663826160,+3.50,+22.463, +9.497,+0.949
1663826220,+3.50,+22.455, +9.535,+0.949
1663826280,+3.50,+22.430, +9.495,+0.949
1663826340,+3.50,+22.438, +9.479,+0.950
1663826400,+3.50,+22.430, +9.485,+0.950
1663826460,+3.50,+22.438, +9.497,+0.950
1663826520,+3.50,+22.447, +9.550,+0.950
1663826580,+3.50,+22.455, +9.552,+0.949
1663826640,+3.50,+22.438, +9.568,+0.949
1663826700,+3.50,+22.447, +9.587,+0.950
1663826760,+3.50,+22.463, +9.602,+0.950
1663826820,+3.50,+22.463, +9.587,+0.949
1663826880,+3.50,+22.463, +9.592,+0.949
1663826940,+3.50,+22.472, +9.590,+0.949
1663827000,+3.50,+22.488, +9.610,+0.949
1663827060,+3.50,+22.488, +9.631,+0.950
1663827120,+3.50,+22.505, +9.631,+0.950
1663827180,+3.50,+22.505, +9.627,+0.950
1663827240,+3.50,+22.505, +9.622,+0.950
1663827300,+3.50,+22.472, +9.592,+0.950
1663827360,+3.50,+22.488, +9.581,+0.950
1663827420,+3.50,+22.488, +9.603,+0.950
1663827480,+3.50,+22.480, +9.614,+0.950
1663827540,+3.50,+22.480, +9.601,+0.950
1663827600,+3.50,+22.497, +9.595,+0.949
1663827660,+3.50,+22.488, +9.599,+0.950
1663827720,+3.50,+22.497, +9.621,+0.949
1663827780,+3.50,+22.505, +9.632,+0.950
1663827840,+3.50,+22.505, +9.629,+0.950
1663827900,+3.50,+22.497, +9.617,+0.949
1663827960,+3.50,+22.488, +9.613,+0.950
1663828020,+3.50,+22.497, +9.594,+0.950
1663828080,+3.50,+22.497, +9.587,+0.950
1663828140,+3.50,+22.472, +9.559,+0.949
1663828200,+3.50,+22.488, +9.537,+0.949
1663828260,+3.50,+22.472, +9.522,+0.950
1663828320,+3.50,+22.480, +9.537,+0.950
1663828380,+3.50,+22.488, +9.560,+0.950
1663828440,+3.50,+22.488, +9.557,+0.949
1663828500,+3.50,+22.497, +9.555,+0.950
1663828560,+3.50,+22.480, +9.539,+0.949
1663828620,+3.50,+22.480, +9.533,+0.950
1663828680,+3.50,+22.488, +9.524,+0.949
1663828740,+3.50,+22.472, +9.550,+0.950
1663828800,+3.50,+22.488, +9.557,+0.950
1663828860,+3.50,+22.480, +9.551,+0.950
1663828920,+3.50,+22.480, +9.536,+0.950
1663828980,+3.50,+22.505, +9.530,+0.950
1663829040,+3.50,+22.472, +9.517,+0.950
1663829100,+3.50,+22.497, +9.488,+0.950
1663829160,+3.50,+22.480, +9.507,+0.950
1663829220,+3.50,+22.480, +9.496,+0.949
1663829280,+3.50,+22.497, +9.483,+0.949
1663829340,+3.50,+22.505, +9.496,+0.949
1663829400,+3.50,+22.480, +9.514,+0.949
1663829460,+3.50,+22.505, +9.491,+0.949
1663829520,+3.50,+22.488, +9.472,+0.950
1663829580,+3.50,+22.497, +9.452,+0.949
1663829640,+3.50,+22.505, +9.451,+0.949
1663829700,+3.50,+22.497, +9.448,+0.950
1663829760,+3.50,+22.497, +9.445,+0.949
1663829820,+3.50,+22.497, +9.441,+0.949
1663829880,+3.50,+22.497, +9.457,+0.950
1663829940,+3.50,+22.497, +9.452,+0.950
1663830000,+3.50,+22.480, +9.454,+0.949
1663830060,+3.50,+22.480, +9.415,+0.950
1663830120,+3.50,+22.488, +9.425,+0.949
1663830180,+3.50,+22.480, +9.447,+0.949
1663830240,+3.50,+22.480, +9.443,+0.949
1663830300,+3.50,+22.463, +9.443,+0.949
1663830360,+3.50,+22.447, +9.450,+0.949
1663830420,+3.50,+22.438, +9.462,+0.950
1663830480,+3.50,+22.430, +9.443,+0.950
1663830540,+3.50,+22.447, +9.429,+0.950
1663830600,+3.50,+22.421, +9.421,+0.950
1663830660,+3.50,+22.413, +9.417,+0.950
1663830720,+3.50,+22.421, +9.410,+0.949
1663830780,+3.50,+22.421, +9.414,+0.949
1663830840,+3.50,+22.438, +9.407,+0.949
1663830900,+3.50,+22.405, +9.413,+0.949
1663830960,+3.50,+22.405, +9.427,+0.949
1663831020,+3.50,+22.438, +9.412,+0.949
1663831080,+3.50,+22.447, +9.411,+0.950
1663831140,+3.50,+22.455, +9.413,+0.950
1663831200,+3.50,+22.447, +9.387,+0.949
1663831260,+3.50,+22.463, +9.400,+0.950
1663831320,+3.50,+22.472, +9.390,+0.949
1663831380,+3.50,+22.472, +9.392,+0.949
1663831440,+3.50,+22.488, +9.369,+0.949
1663831500,+3.50,+22.488, +9.356,+0.949
1663831560,+3.50,+22.497, +9.353,+0.949
1663831620,+3.50,+22.505, +9.358,+0.949
1663831680,+3.50,+22.488, +9.341,+0.949
1663831740,+3.50,+22.505, +9.350,+0.950
1663831800,+3.50,+22.522, +9.348,+0.949
1663831860,+3.50,+22.522, +9.332,+0.949
1663831920,+3.50,+22.514, +9.317,+0.949
1663831980,+3.50,+22.505, +9.330,+0.949
1663832040,+3.50,+22.522, +9.312,+0.949
1663832100,+3.50,+22.522, +9.297,+0.949
1663832160,+3.50,+22.539, +9.296,+0.949
1663832220,+3.50,+22.547, +9.291,+0.949
1663832280,+3.50,+22.547, +9.318,+0.949
1663832340,+3.50,+22.555, +9.333,+0.949
1663832400,+3.50,+22.555, +9.332,+0.949
1663832460,+3.50,+22.572, +9.322,+0.949
1663832520,+3.50,+22.572, +9.321,+0.949
1663832580,+3.50,+22.589, +9.312,+0.949
1663832640,+3.50,+22.606, +9.290,+0.949
1663832700,+3.50,+22.597, +9.295,+0.950
1663832760,+3.50,+22.614, +9.285,+0.949
1663832820,+3.50,+22.631, +9.280,+0.949
1663832880,+3.50,+22.622, +9.280,+0.949
1663832940,+3.50,+22.622, +9.274,+0.949
1663833000,+3.50,+22.631, +9.262,+0.949
1663833060,+3.50,+22.622, +9.246,+0.950
1663833120,+3.50,+22.631, +9.266,+0.949
1663833180,+3.50,+22.639, +9.266,+0.949
1663833240,+3.50,+22.631, +9.272,+0.949
1663833300,+3.50,+22.631, +9.266,+0.950
1663833360,+3.50,+22.622, +9.271,+0.950
1663833420,+3.50,+22.631, +9.275,+0.950
1663833480,+3.50,+22.622, +9.263,+0.949
1663833540,+3.50,+22.622, +9.245,+0.949
1663833600,+3.50,+22.614, +9.251,+0.949
1663833660,+3.50,+22.631, +9.253,+0.949
1663833720,+3.50,+22.639, +9.258,+0.949
1663833780,+3.50,+22.622, +9.259,+0.949
1663833840,+3.50,+22.631, +9.258,+0.949
1663833900,+3.50,+22.631, +9.220,+0.948
1663833960,+3.50,+22.647, +9.248,+0.950
1663834020,+3.50,+22.639, +9.235,+0.950
1663834080,+3.50,+22.631, +9.205,+0.949
1663834140,+3.50,+22.656, +9.194,+0.949
1663834200,+3.50,+22.622, +9.223,+0.950
1663834260,+3.50,+22.639, +9.207,+0.949
1663834320,+3.50,+22.639, +9.216,+0.949
1663834380,+3.50,+22.647, +9.212,+0.949
1663834440,+3.50,+22.647, +9.211,+0.949
1663834500,+3.50,+22.631, +9.243,+0.950
1663834560,+3.50,+22.631, +9.223,+0.949
1663834620,+3.50,+22.622, +9.217,+0.950
1663834680,+3.50,+22.631, +9.193,+0.949
1663834740,+3.50,+22.622, +9.207,+0.949
1663834800,+3.50,+22.622, +9.170,+0.949
1663834860,+3.50,+22.639, +9.202,+0.949
1663834920,+3.50,+22.614, +9.258,+0.950
1663834980,+3.50,+22.631, +9.177,+0.949
1663835040,+3.50,+22.622, +9.229,+0.950
1663835100,+3.50,+22.631, +9.192,+0.949
1663835160,+3.50,+22.614, +9.221,+0.950
1663835220,+3.50,+22.631, +9.221,+0.949
1663835280,+3.50,+22.606, +9.206,+0.949
1663835340,+3.50,+22.647, +9.190,+0.950
1663835400,+3.50,+22.622, +9.190,+0.949
1663835460,+3.50,+22.614, +9.203,+0.949
1663835520,+3.50,+22.622, +9.162,+0.949
1663835580,+3.50,+22.639, +9.153,+0.949
1663835640,+3.50,+22.631, +9.170,+0.950
1663835700,+3.50,+22.622, +9.148,+0.949
1663835760,+3.50,+22.622, +9.132,+0.949
1663835820,+3.50,+22.606, +9.113,+0.949
1663835880,+3.50,+22.622, +9.135,+0.949
1663835940,+3.50,+22.622, +9.128,+0.949
1663836000,+3.50,+22.622, +9.189,+0.949
1663836060,+3.50,+22.622, +9.200,+0.949
1663836120,+3.50,+22.614, +9.201,+0.949
1663836180,+3.50,+22.631, +9.191,+0.949
1663836240,+3.50,+22.614, +9.185,+0.949
1663836300,+3.50,+22.614, +9.172,+0.949
1663836360,+3.50,+22.614, +9.157,+0.949
1663836420,+3.50,+22.606, +9.200,+0.950
1663836480,+3.50,+22.622, +9.203,+0.949
1663836540,+3.50,+22.614, +9.213,+0.950
1663836600,+3.50,+22.606, +9.209,+0.949
1663836660,+3.50,+22.606, +9.159,+0.949
1663836720,+3.50,+22.597, +9.141,+0.949
1663836780,+3.50,+22.622, +9.212,+0.949
1663836840,+3.50,+22.622, +9.219,+0.949
1663836900,+3.50,+22.614, +9.190,+0.949
1663836960,+3.50,+22.622, +9.205,+0.949
1663837020,+3.50,+22.622, +9.151,+0.949
1663837080,+3.50,+22.597, +9.217,+0.949
1663837140,+3.50,+22.597, +9.215,+0.949
1663837200,+3.50,+22.606, +9.175,+0.949
1663837260,+3.50,+22.614, +9.197,+0.949
1663837320,+3.50,+22.614, +9.167,+0.949
1663837380,+3.50,+22.614, +8.951,+0.949
1663837440,+3.50,+22.622, +8.945,+0.950
1663837500,+3.50,+22.631, +9.065,+0.949
1663837560,+3.50,+22.614, +9.098,+0.949
1663837620,+3.50,+22.622, +9.020,+0.949
1663837680,+3.50,+22.614, +9.053,+0.949
1663837740,+3.50,+22.622, +8.998,+0.949
1663837800,+3.50,+22.597, +9.077,+0.949
1663837860,+3.50,+22.597, +9.184,+0.949
1663837920,+3.50,+22.614, +9.122,+0.949
1663837980,+3.50,+22.606, +9.158,+0.949
1663838040,+3.50,+22.589, +9.158,+0.950
1663838100,+3.50,+22.606, +9.171,+0.949
1663838160,+3.50,+22.597, +9.209,+0.949
1663838220,+3.50,+22.597, +9.187,+0.949
1663838280,+3.50,+22.597, +9.166,+0.949
1663838340,+3.50,+22.589, +9.244,+0.949
1663838400,+3.50,+22.564, +9.249,+0.950
1663838460,+3.50,+22.580, +9.117,+0.949
1663838520,+3.50,+22.580, +9.223,+0.949
1663838580,+3.50,+22.597, +9.128,+0.949
1663838640,+3.50,+22.589, +9.163,+0.949
1663838700,+3.50,+22.597, +9.106,+0.949
1663838760,+3.50,+22.606, +9.166,+0.949
1663838820,+3.50,+22.589, +9.128,+0.950
1663838880,+3.50,+22.572, +9.098,+0.949
1663838940,+3.50,+22.589, +9.232,+0.949
1663839000,+3.50,+22.580, +9.179,+0.949
1663839060,+3.50,+22.589, +9.109,+0.949
1663839120,+3.50,+22.606, +8.905,+0.949
1663839180,+3.50,+22.597, +9.001,+0.949
1663839240,+3.50,+22.606, +9.047,+0.949
1663839300,+3.50,+22.597, +9.081,+0.949
1663839360,+3.50,+22.580, +9.091,+0.949
1663839420,+3.50,+22.572, +9.096,+0.950
1663839480,+3.50,+22.589, +9.033,+0.949
1663839540,+3.50,+22.597, +9.156,+0.950
1663839600,+3.50,+22.589, +9.105,+0.949
1663839660,+3.50,+22.589, +9.056,+0.949
1663839720,+3.50,+22.597, +9.056,+0.949
1663839780,+3.50,+22.580, +8.905,+0.949
1663839840,+3.50,+22.589, +9.006,+0.949
1663839900,+3.50,+22.589, +9.079,+0.949
1663839960,+3.50,+22.589, +9.088,+0.949
1663840020,+3.50,+22.580, +9.071,+0.950
1663840080,+3.50,+22.597, +9.061,+0.949
1663840140,+3.50,+22.572, +9.099,+0.949
1663840200,+3.50,+22.589, +9.041,+0.949
1663840260,+3.50,+22.580, +9.046,+0.949
1663840320,+3.50,+22.580, +9.125,+0.949
1663840380,+3.50,+22.572, +9.097,+0.949
1663840440,+3.50,+22.572, +9.001,+0.949
1663840500,+3.50,+22.564, +9.100,+0.949
1663840560,+3.50,+22.564, +9.066,+0.949
1663840620,+3.50,+22.580, +9.048,+0.950
1663840680,+3.50,+22.580, +9.062,+0.949
1663840740,+3.50,+22.555, +9.065,+0.949
1663840800,+3.50,+22.572, +9.065,+0.950
1663840860,+3.50,+22.580, +9.022,+0.949
1663840920,+3.50,+22.580, +9.076,+0.950
1663840980,+3.50,+22.555, +9.135,+0.950
1663841040,+3.50,+22.547, +9.110,+0.949
1663841100,+3.50,+22.589, +9.071,+0.949
1663841160,+3.50,+22.580, +9.090,+0.949
1663841220,+3.50,+22.564, +9.106,+0.949
1663841280,+3.50,+22.564, +9.071,+0.949
1663841340,+3.50,+22.564, +9.056,+0.949
1663841400,+3.50,+22.555, +9.049,+0.949
1663841460,+3.50,+22.564, +9.060,+0.949
1663841520,+3.50,+22.547, +9.034,+0.949
1663841580,+3.50,+22.555, +9.073,+0.949
1663841640,+3.50,+22.564, +8.964,+0.950
1663841700,+3.50,+22.572, +9.069,+0.950
1663841760,+3.50,+22.555, +9.063,+0.949
1663841820,+3.50,+22.564, +9.092,+0.949
1663841880,+3.50,+22.572, +9.061,+0.949
1663841940,+3.50,+22.572, +9.062,+0.949
1663842000,+3.50,+22.555, +9.110,+0.949
1663842060,+3.50,+22.564, +9.058,+0.949
1663842120,+3.50,+22.580, +9.072,+0.949
1663842180,+3.50,+22.555, +9.078,+0.949
1663842240,+3.50,+22.564, +9.016,+0.949
1663842300,+3.50,+22.580, +9.045,+0.949
1663842360,+3.50,+22.555, +9.058,+0.949
1663842420,+3.50,+22.547, +9.115,+0.949
1663842480,+3.50,+22.572, +9.084,+0.949
1663842540,+3.50,+22.564, +9.061,+0.949
1663842600,+3.50,+22.555, +9.094,+0.949
1663842660,+3.50,+22.555, +9.061,+0.949
1663842720,+3.50,+22.555, +9.052,+0.949
1663842780,+3.50,+22.555, +9.060,+0.949
1663842840,+3.50,+22.547, +9.073,+0.949
1663842900,+3.50,+22.555, +9.071,+0.949
1663842960,+3.50,+22.555, +9.073,+0.949
1663843020,+3.50,+22.547, +9.052,+0.949
1663843080,+3.50,+22.564, +9.063,+0.949
1663843140,+3.50,+22.572, +9.044,+0.950
1663843200,+3.50,+22.572, +8.975,+0.948
1663843260,+3.50,+22.555, +8.935,+0.949
1663843320,+3.50,+22.572, +8.943,+0.949
1663843380,+3.50,+22.564, +8.947,+0.949
1663843440,+3.50,+22.572, +8.951,+0.949
1663843500,+3.50,+22.564, +8.976,+0.949
1663843560,+3.50,+22.564, +8.933,+0.949
1663843620,+3.50,+22.555, +8.961,+0.949
1663843680,+3.50,+22.547, +8.954,+0.949
1663843740,+3.50,+22.555, +8.951,+0.949
1663843800,+3.50,+22.564, +8.943,+0.949
1663843860,+3.50,+22.555, +8.943,+0.949
1663843920,+3.50,+22.555, +8.908,+0.949
1663843980,+3.50,+22.539, +8.891,+0.949
1663844040,+3.50,+22.539, +8.861,+0.949
1663844100,+3.50,+22.547, +8.816,+0.949
1663844160,+3.50,+22.539, +8.811,+0.949
1663844220,+3.50,+22.564, +8.793,+0.949
1663844280,+3.50,+22.564, +8.783,+0.949
1663844340,+3.50,+22.547, +8.764,+0.949
1663844400,+3.50,+22.547, +8.753,+0.948
1663844460,+3.50,+22.555, +8.760,+0.949
1663844520,+3.50,+22.555, +8.733,+0.949
1663844580,+3.50,+22.564, +8.713,+0.949
1663844640,+3.50,+22.572, +8.707,+0.949
1663844700,+3.50,+22.539, +8.706,+0.949
1663844760,+3.50,+22.564, +8.684,+0.949
1663844820,+3.50,+22.564, +8.713,+0.948
1663844880,+3.50,+22.564, +8.973,+0.949
1663844940,+3.50,+22.564, +9.036,+0.950
1663845000,+3.50,+22.589, +8.896,+0.949
1663845060,+3.50,+22.580, +8.990,+0.949
1663845120,+3.50,+22.589, +8.935,+0.949
1663845180,+3.50,+22.572, +8.905,+0.949
1663845240,+3.50,+22.580, +8.872,+0.949
1663845300,+3.50,+22.572, +8.752,+0.949
1663845360,+3.50,+22.555, +8.896,+0.949
1663845420,+3.50,+22.564, +8.945,+0.949
1663845480,+3.50,+22.539, +8.804,+0.949
1663845540,+3.50,+22.547, +8.762,+0.949
1663845600,+3.50,+22.564, +8.892,+0.949
1663845660,+3.50,+22.572, +9.100,+0.949
1663845720,+3.50,+22.572, +9.011,+0.949
1663845780,+3.50,+22.539, +8.877,+0.949
1663845840,+3.50,+22.564, +8.955,+0.949
1663845900,+3.50,+22.555, +8.997,+0.949
1663845960,+3.50,+22.564, +8.978,+0.949
1663846020,+3.50,+22.572, +9.122,+0.949
1663846080,+3.50,+22.572, +9.113,+0.949
1663846140,+3.50,+22.580, +8.975,+0.949
1663846200,+3.50,+22.555, +8.878,+0.948
1663846260,+3.50,+22.564, +8.948,+0.949
1663846320,+3.50,+22.564, +8.942,+0.950
1663846380,+3.50,+22.572, +9.079,+0.950
1663846440,+3.50,+22.564, +9.023,+0.949
1663846500,+3.50,+22.564, +9.098,+0.949
1663846560,+3.50,+22.555, +9.081,+0.949
1663846620,+3.50,+22.580, +9.075,+0.949
1663846680,+3.50,+22.580, +9.164,+0.949
1663846740,+3.50,+22.572, +9.146,+0.949
1663846800,+3.50,+22.589, +9.197,+0.950
1663846860,+3.50,+22.580, +9.211,+0.950
1663846920,+3.50,+22.597, +9.233,+0.949
1663846980,+3.50,+22.580, +9.204,+0.949
1663847040,+3.50,+22.572, +9.192,+0.949
1663847100,+3.50,+22.614, +9.227,+0.949
1663847160,+3.50,+22.589, +9.178,+0.949
1663847220,+3.50,+22.589, +9.185,+0.949
1663847280,+3.50,+22.589, +9.184,+0.949
1663847340,+3.50,+22.597, +9.193,+0.950
1663847400,+3.50,+22.589, +9.181,+0.949
1663847460,+3.50,+22.597, +9.184,+0.949
1663847520,+3.50,+22.614, +9.196,+0.949
1663847580,+3.50,+22.606, +9.210,+0.949
1663847640,+3.50,+22.589, +9.197,+0.950
1663847700,+3.50,+22.597, +9.170,+0.949
1663847760,+3.50,+22.580, +9.183,+0.949
1663847820,+3.50,+22.606, +9.169,+0.949
1663847880,+3.50,+22.606, +9.166,+0.949
1663847940,+3.50,+22.597, +9.172,+0.949
1663848000,+3.50,+22.606, +9.156,+0.949
1663848060,+3.50,+22.597, +9.160,+0.949
1663848120,+3.50,+22.589, +9.179,+0.949
1663848180,+3.50,+22.606, +9.176,+0.949
1663848240,+3.50,+22.597, +9.167,+0.949
1663848300,+3.50,+22.597, +9.152,+0.949
1663848360,+3.50,+22.597, +9.142,+0.949
1663848420,+3.50,+22.597, +9.140,+0.949
1663848480,+3.50,+22.606, +9.133,+0.949
1663848540,+3.50,+22.589, +9.152,+0.949
1663848600,+3.50,+22.580, +9.161,+0.949
1663848660,+3.50,+22.589, +9.155,+0.949
1663848720,+3.50,+22.597, +9.141,+0.949
1663848780,+3.50,+22.614, +9.116,+0.949
1663848840,+3.50,+22.597, +9.144,+0.949
1663848900,+3.50,+22.580, +9.135,+0.949
1663848960,+3.50,+22.606, +9.099,+0.949
1663849020,+3.50,+22.606, +9.076,+0.949
1663849080,+3.50,+22.597, +9.125,+0.949
1663849140,+3.50,+22.597, +9.111,+0.949
1663849200,+3.50,+22.606, +9.089,+0.949
1663849260,+3.50,+22.597, +9.101,+0.949
1663849320,+3.50,+22.606, +9.082,+0.949
1663849380,+3.50,+22.597, +9.082,+0.949
1663849440,+3.50,+22.614, +9.075,+0.949
1663849500,+3.50,+22.580, +9.076,+0.949
1663849560,+3.50,+22.606, +9.072,+0.949
1663849620,+3.50,+22.597, +9.075,+0.949
1663849680,+3.50,+22.597, +9.081,+0.950
1663849740,+3.50,+22.597, +9.067,+0.949
1663849800,+3.50,+22.597, +9.088,+0.949
1663849860,+3.50,+22.597, +9.087,+0.950
1663849920,+3.50,+22.589, +9.076,+0.949
1663849980,+3.50,+22.606, +9.068,+0.949
1663850040,+3.50,+22.597, +9.089,+0.949
1663850100,+3.50,+22.597, +9.077,+0.949
1663850160,+3.50,+22.589, +9.068,+0.949
1663850220,+3.50,+22.606, +9.045,+0.949
1663850280,+3.50,+22.597, +9.059,+0.949
1663850340,+3.50,+22.597, +9.058,+0.949
1663850400,+3.50,+22.597, +9.024,+0.949
1663850460,+3.50,+22.589, +9.051,+0.949
1663850520,+3.50,+22.589, +9.054,+0.949
1663850580,+3.50,+22.580, +9.053,+0.949
1663850640,+3.50,+22.580, +9.052,+0.949
1663850700,+3.50,+22.589, +9.059,+0.949
1663850760,+3.50,+22.597, +9.051,+0.949
1663850820,+3.50,+22.597, +9.021,+0.949
1663850880,+3.50,+22.589, +9.057,+0.949
1663850940,+3.50,+22.572, +9.058,+0.949
1663851000,+3.49,+22.580, +9.008,+0.949
1663851060,+3.49,+22.580, +9.019,+0.949
1663851120,+3.49,+22.580, +9.012,+0.949
1663851180,+3.49,+22.589, +9.050,+0.950
1663851240,+3.49,+22.572, +9.022,+0.949
1663851300,+3.50,+22.580, +9.016,+0.949
1663851360,+3.49,+22.564, +9.041,+0.949
1663851420,+3.49,+22.580, +9.002,+0.949
1663851480,+3.50,+22.589, +8.940,+0.949
1663851540,+3.49,+22.580, +8.876,+0.949
1663851600,+3.49,+22.589, +8.951,+0.949
1663851660,+3.49,+22.589, +8.982,+0.949
1663851720,+3.49,+22.580, +8.978,+0.949
1663851780,+3.49,+22.564, +8.985,+0.949
1663851840,+3.50,+22.564, +8.960,+0.949
1663851900,+3.49,+22.564, +8.965,+0.949
1663851960,+3.49,+22.580, +8.960,+0.949
1663852020,+3.50,+22.564, +8.902,+0.949
1663852080,+3.50,+22.572, +8.902,+0.949
1663852140,+3.49,+22.564, +8.901,+0.949
1663852200,+3.50,+22.564, +8.949,+0.949
1663852260,+3.50,+22.564, +8.956,+0.949
1663852320,+3.50,+22.564, +8.965,+0.949
1663852380,+3.50,+22.547, +8.995,+0.948
1663852440,+3.50,+22.539, +9.024,+0.949
1663852500,+3.50,+22.547, +9.041,+0.949
1663852560,+3.50,+22.547, +9.036,+0.949
1663852620,+3.50,+22.547, +9.047,+0.949
1663852680,+3.50,+22.530, +9.056,+0.949
1663852740,+3.50,+22.522, +9.067,+0.949
1663852800,+3.50,+22.514, +9.052,+0.948
1663852860,+3.50,+22.514, +9.058,+0.949
1663852920,+3.50,+22.497, +9.058,+0.949
1663852980,+3.49,+22.522, +9.051,+0.949
1663853040,+3.50,+22.505, +9.050,+0.949
1663853100,+3.50,+22.505, +9.051,+0.949
1663853160,+3.50,+22.497, +9.053,+0.949
1663853220,+3.50,+22.497, +9.043,+0.949
1663853280,+3.50,+22.505, +9.026,+0.949
1663853340,+3.50,+22.480, +9.005,+0.949
1663853400,+3.50,+22.480, +9.003,+0.949
1663853460,+3.50,+22.480, +9.017,+0.949
1663853520,+3.50,+22.480, +9.010,+0.949
1663853580,+3.50,+22.472, +9.004,+0.949
1663853640,+3.50,+22.472, +8.992,+0.949
1663853700,+3.50,+22.480, +8.980,+0.949
1663853760,+3.50,+22.488, +8.954,+0.949
1663853820,+3.50,+22.488, +8.929,+0.949
1663853880,+3.50,+22.480, +8.943,+0.949
1663853940,+3.50,+22.497, +8.881,+0.949
1663854000,+3.50,+22.472, +8.684,+0.949
1663854060,+3.50,+22.463, +8.653,+0.948
1663854120,+3.50,+22.463, +8.726,+0.948
1663854180,+3.50,+22.480, +8.724,+0.949
1663854240,+3.50,+22.463, +8.738,+0.949
1663854300,+3.50,+22.472, +8.609,+0.949
1663854360,+3.50,+22.463, +8.743,+0.949
1663854420,+3.50,+22.480, +8.795,+0.949
1663854480,+3.50,+22.463, +8.683,+0.949
1663854540,+3.50,+22.455, +8.676,+0.949
1663854600,+3.50,+22.463, +8.709,+0.949
1663854660,+3.50,+22.463, +8.694,+0.949
1663854720,+3.50,+22.463, +8.674,+0.948
1663854780,+3.50,+22.447, +8.701,+0.948
1663854840,+3.50,+22.455, +8.726,+0.949
1663854900,+3.50,+22.455, +8.678,+0.948
1663854960,+3.50,+22.447, +8.717,+0.948
1663855020,+3.50,+22.463, +8.724,+0.949
1663855080,+3.50,+22.447, +8.712,+0.949
1663855140,+3.50,+22.447, +8.744,+0.948
1663855200,+3.50,+22.447, +8.684,+0.949
1663855260,+3.50,+22.455, +8.640,+0.949
1663855320,+3.50,+22.463, +8.647,+0.949
1663855380,+3.50,+22.447, +8.657,+0.949
1663855440,+3.50,+22.463, +8.637,+0.949
1663855500,+3.50,+22.480, +8.500,+0.948
1663855560,+3.50,+22.472, +8.371,+0.948
1663855620,+3.50,+22.480, +8.418,+0.948
1663855680,+3.50,+22.480, +8.410,+0.948
1663855740,+3.50,+22.463, +8.349,+0.949
1663855800,+3.50,+22.455, +8.336,+0.948
1663855860,+3.50,+22.455, +8.293,+0.948
1663855920,+3.50,+22.472, +8.339,+0.948
1663855980,+3.50,+22.480, +8.496,+0.948
1663856040,+3.50,+22.472, +8.557,+0.948
1663856100,+3.50,+22.480, +8.433,+0.948
1663856160,+3.50,+22.497, +8.375,+0.949
1663856220,+3.50,+22.505, +8.326,+0.948
1663856280,+3.50,+22.505, +8.388,+0.948
1663856340,+3.50,+22.497, +8.480,+0.949
1663856400,+3.50,+22.497, +8.344,+0.948
1663856460,+3.50,+22.497, +8.231,+0.948
1663856520,+3.50,+22.530, +8.184,+0.948
1663856580,+3.50,+22.522, +8.040,+0.948
1663856640,+3.50,+22.522, +8.001,+0.948
1663856700,+3.50,+22.522, +8.408,+0.949
1663856760,+3.50,+22.497, +8.357,+0.948
1663856820,+3.50,+22.497, +8.421,+0.948
1663856880,+3.50,+22.522, +8.426,+0.948
1663856940,+3.50,+22.505, +8.359,+0.948
1663857000,+3.50,+22.514, +8.331,+0.948
1663857060,+3.50,+22.514, +8.389,+0.948
1663857120,+3.50,+22.539, +8.469,+0.948
1663857180,+3.50,+22.522, +8.480,+0.949
1663857240,+3.50,+22.505, +8.534,+0.948
1663857300,+3.50,+22.514, +8.549,+0.949
1663857360,+3.50,+22.522, +8.538,+0.949
1663857420,+3.50,+22.522, +8.594,+0.949
1663857480,+3.50,+22.530, +8.554,+0.948
1663857540,+3.50,+22.522, +8.553,+0.948
1663857600,+3.50,+22.522, +8.513,+0.949
1663857660,+3.50,+22.522, +8.487,+0.949
1663857720,+3.50,+22.514, +8.508,+0.949
1663857780,+3.50,+22.522, +8.520,+0.948
1663857840,+3.50,+22.514, +8.688,+0.949
1663857900,+3.50,+22.522, +8.622,+0.948
1663857960,+3.50,+22.514, +8.669,+0.949
1663858020,+3.50,+22.505, +8.576,+0.949
1663858080,+3.50,+22.522, +8.572,+0.948
1663858140,+3.50,+22.505, +8.594,+0.949
1663858200,+3.50,+22.497, +8.525,+0.949
1663858260,+3.50,+22.497, +8.378,+0.948
1663858320,+3.50,+22.514, +8.392,+0.948
1663858380,+3.50,+22.497, +8.453,+0.948
1663858440,+3.50,+22.505, +8.283,+0.948
1663858500,+3.50,+22.497, +8.239,+0.948
1663858560,+3.50,+22.488, +8.246,+0.948
1663858620,+3.50,+22.488, +8.300,+0.948
1663858680,+3.50,+22.488, +8.316,+0.948
1663858740,+3.50,+22.480, +8.311,+0.948
1663858800,+3.50,+22.505, +8.445,+0.948
1663858860,+3.50,+22.497, +8.623,+0.948
1663858920,+3.50,+22.514, +8.701,+0.949
1663858980,+3.50,+22.514, +8.722,+0.948
1663859040,+3.50,+22.530, +8.726,+0.949
1663859100,+3.50,+22.505, +8.715,+0.949
1663859160,+3.50,+22.505, +8.750,+0.949
1663859220,+3.50,+22.514, +8.711,+0.949
1663859280,+3.50,+22.522, +8.731,+0.949
1663859340,+3.50,+22.505, +8.721,+0.949
1663859400,+3.50,+22.514, +8.738,+0.949
1663859460,+3.50,+22.522, +8.784,+0.949
1663859520,+3.50,+22.522, +8.741,+0.949
1663859580,+3.50,+22.522, +8.697,+0.948
1663859640,+3.50,+22.530, +8.728,+0.948
1663859700,+3.50,+22.522, +8.687,+0.949
1663859760,+3.50,+22.522, +8.634,+0.948
1663859820,+3.50,+22.522, +8.547,+0.948
1663859880,+3.50,+22.514, +8.556,+0.948
1663859940,+3.50,+22.522, +8.518,+0.948
1663860000,+3.50,+22.530, +8.452,+0.949
1663860060,+3.50,+22.514, +8.441,+0.948
1663860120,+3.50,+22.522, +8.384,+0.949
1663860180,+3.50,+22.530, +8.290,+0.948
1663860240,+3.50,+22.514, +8.213,+0.948
1663860300,+3.50,+22.522, +8.101,+0.948
1663860360,+3.50,+22.505, +8.052,+0.948
1663860420,+3.50,+22.505, +8.038,+0.948
1663860480,+3.50,+22.497, +7.801,+0.948
1663860540,+3.50,+22.514, +7.865,+0.947
1663860600,+3.50,+22.530, +7.958,+0.948
1663860660,+3.50,+22.522, +7.847,+0.948
1663860720,+3.50,+22.514, +8.087,+0.948
1663860780,+3.50,+22.514, +8.298,+0.948
1663860840,+3.50,+22.505, +8.333,+0.948
1663860900,+3.50,+22.514, +8.414,+0.948
1663860960,+3.50,+22.530, +8.450,+0.948
1663861020,+3.50,+22.505, +8.493,+0.948
1663861080,+3.50,+22.530, +8.526,+0.948
1663861140,+3.50,+22.530, +8.541,+0.949
1663861200,+3.50,+22.522, +8.564,+0.949
1663861260,+3.50,+22.522, +8.558,+0.949
1663861320,+3.50,+22.522, +8.552,+0.948
1663861380,+3.50,+22.522, +8.572,+0.949
1663861440,+3.50,+22.505, +8.449,+0.948
1663861500,+3.50,+22.497, +8.445,+0.948
1663861560,+3.50,+22.522, +8.345,+0.948
1663861620,+3.50,+22.497, +8.293,+0.948
1663861680,+3.50,+22.514, +8.258,+0.948
1663861740,+3.50,+22.497, +8.337,+0.948
1663861800,+3.50,+22.497, +8.132,+0.948
1663861860,+3.50,+22.497, +8.251,+0.948
1663861920,+3.50,+22.472, +8.324,+0.948
1663861980,+3.50,+22.488, +8.163,+0.948
1663862040,+3.50,+22.472, +8.115,+0.948
1663862100,+3.50,+22.472, +8.065,+0.948
1663862160,+3.50,+22.463, +8.163,+0.948
1663862220,+3.50,+22.472, +8.129,+0.948
1663862280,+3.50,+22.455, +8.076,+0.948
1663862340,+3.50,+22.472, +8.149,+0.948
1663862400,+3.50,+22.472, +8.212,+0.948
1663862460,+3.50,+22.480, +8.238,+0.948
1663862520,+3.50,+22.488, +8.227,+0.948
1663862580,+3.50,+22.488, +8.229,+0.948
1663862640,+3.50,+22.497, +8.394,+0.948
1663862700,+3.50,+22.488, +8.398,+0.948
1663862760,+3.50,+22.488, +8.325,+0.948
1663862820,+3.50,+22.488, +8.416,+0.948
1663862880,+3.50,+22.505, +8.451,+0.948
1663862940,+3.50,+22.505, +8.390,+0.948
1663863000,+3.50,+22.480, +8.319,+0.948
1663863060,+3.50,+22.488, +8.281,+0.948
1663863120,+3.50,+22.497, +8.285,+0.948
1663863180,+3.50,+22.480, +8.335,+0.948
1663863240,+3.50,+22.505, +8.308,+0.948
1663863300,+3.50,+22.488, +8.125,+0.948
1663863360,+3.50,+22.455, +7.794,+0.947
1663863420,+3.50,+22.463, +7.671,+0.947
1663863480,+3.50,+22.438, +7.657,+0.947
1663863540,+3.50,+22.405, +7.675,+0.947
1663863600,+3.50,+22.388, +7.685,+0.947
1663863660,+3.50,+22.371, +7.696,+0.947
1663863720,+3.50,+22.355, +7.690,+0.948
1663863780,+3.50,+22.338, +7.695,+0.948
1663863840,+3.50,+22.296, +7.706,+0.948
1663863900,+3.50,+22.304, +7.704,+0.947
1663863960,+3.50,+22.279, +7.719,+0.947
1663864020,+3.50,+22.262, +7.736,+0.948
1663864080,+3.50,+22.279, +7.735,+0.947
1663864140,+3.50,+22.288, +7.716,+0.948
1663864200,+3.50,+22.271, +7.694,+0.947
1663864260,+3.50,+22.262, +7.724,+0.947
1663864320,+3.50,+22.279, +7.719,+0.947
1663864380,+3.50,+22.288, +7.723,+0.947
1663864440,+3.50,+22.279, +7.715,+0.948
1663864500,+3.50,+22.279, +7.703,+0.947
1663864560,+3.50,+22.304, +7.666,+0.948
1663864620,+3.50,+22.321, +7.583,+0.947
1663864680,+3.50,+22.371, +7.733,+0.947
1663864740,+3.50,+22.405, +8.100,+0.948
1663864800,+3.50,+22.447, +8.057,+0.948
1663864860,+3.50,+22.455, +7.966,+0.948
1663864920,+3.50,+22.455, +7.865,+0.948
1663864980,+3.50,+22.488, +7.786,+0.948
1663865040,+3.50,+22.438, +7.734,+0.948
1663865100,+3.50,+22.438, +7.677,+0.948
1663865160,+3.50,+22.430, +7.662,+0.947
1663865220,+3.50,+22.388, +7.658,+0.947
1663865280,+3.50,+22.380, +7.655,+0.947
1663865340,+3.50,+22.346, +7.635,+0.947
1663865400,+3.50,+22.321, +7.601,+0.947
