7450-364333
OS REV: 1.05 Sensor Cal: 1644948279
Time (sec),  BV (Volts),  T (deg C),  DO (mg/l),  Q ()
1666111860,+3.48,+17.208, +8.195,+0.940
1666111920,+3.48,+17.216, +8.208,+0.940
1666111980,+3.48,+17.216, +8.276,+0.940
1666112040,+3.48,+17.216, +8.291,+0.940
1666112100,+3.48,+17.216, +8.349,+0.939
1666112160,+3.48,+17.216, +8.427,+0.939
1666112220,+3.48,+17.216, +8.400,+0.939
1666112280,+3.48,+17.233, +8.378,+0.939
1666112340,+3.48,+17.225, +8.313,+0.940
1666112400,+3.48,+17.225, +8.327,+0.940
1666112460,+3.48,+17.233, +8.263,+0.940
1666112520,+3.48,+17.233, +8.215,+0.940
1666112580,+3.48,+17.242, +8.101,+0.940
1666112640,+3.48,+17.233, +8.141,+0.940
1666112700,+3.48,+17.225, +8.218,+0.940
1666112760,+3.48,+17.250, +8.292,+0.940
1666112820,+3.48,+17.250, +8.285,+0.940
1666112880,+3.48,+17.259, +8.285,+0.940
1666112940,+3.48,+17.242, +8.358,+0.940
1666113000,+3.48,+17.250, +8.386,+0.940
1666113060,+3.48,+17.250, +8.396,+0.939
1666113120,+3.48,+17.242, +8.440,+0.940
1666113180,+3.48,+17.250, +8.443,+0.940
1666113240,+3.48,+17.259, +8.421,+0.940
1666113300,+3.47,+17.267, +8.389,+0.939
1666113360,+3.48,+17.242, +8.371,+0.939
1666113420,+3.48,+17.233, +8.357,+0.939
1666113480,+3.48,+17.225, +8.346,+0.939
1666113540,+3.48,+17.242, +8.305,+0.939
1666113600,+3.48,+17.216, +8.295,+0.940
1666113660,+3.48,+17.216, +8.266,+0.940
1666113720,+3.48,+17.191, +8.255,+0.940
1666113780,+3.48,+17.199, +8.243,+0.940
1666113840,+3.48,+17.174, +8.259,+0.938
1666113900,+3.48,+17.174, +8.241,+0.939
1666113960,+3.48,+17.149, +8.227,+0.939
1666114020,+3.48,+17.157, +8.211,+0.939
1666114080,+3.48,+17.157, +8.214,+0.939
1666114140,+3.48,+17.157, +8.241,+0.939
1666114200,+3.48,+17.157, +8.241,+0.940
1666114260,+3.48,+17.157, +8.254,+0.939
1666114320,+3.48,+17.149, +8.251,+0.939
1666114380,+3.48,+17.166, +8.230,+0.940
1666114440,+3.48,+17.157, +8.258,+0.939
1666114500,+3.48,+17.157, +8.279,+0.939
1666114560,+3.48,+17.123, +8.291,+0.940
1666114620,+3.48,+17.132, +8.284,+0.940
1666114680,+3.48,+17.140, +8.290,+0.940
1666114740,+3.48,+17.132, +8.280,+0.939
1666114800,+3.48,+17.140, +8.276,+0.939
1666114860,+3.48,+17.149, +8.259,+0.940
1666114920,+3.48,+17.140, +8.300,+0.940
1666114980,+3.48,+17.140, +8.312,+0.939
1666115040,+3.48,+17.140, +8.300,+0.939
1666115100,+3.48,+17.157, +8.307,+0.939
1666115160,+3.48,+17.149, +8.290,+0.940
1666115220,+3.48,+17.149, +8.273,+0.940
1666115280,+3.48,+17.149, +8.245,+0.939
1666115340,+3.48,+17.157, +8.269,+0.940
1666115400,+3.48,+17.157, +8.284,+0.940
1666115460,+3.48,+17.166, +8.277,+0.940
1666115520,+3.48,+17.166, +8.268,+0.940
1666115580,+3.48,+17.140, +8.274,+0.939
1666115640,+3.48,+17.166, +8.282,+0.939
1666115700,+3.48,+17.140, +8.294,+0.940
1666115760,+3.48,+17.140, +8.292,+0.939
1666115820,+3.48,+17.140, +8.305,+0.940
1666115880,+3.48,+17.140, +8.311,+0.939
1666115940,+3.48,+17.132, +8.319,+0.940
1666116000,+3.48,+17.132, +8.324,+0.940
1666116060,+3.48,+17.115, +8.216,+0.940
1666116120,+3.48,+17.123, +8.263,+0.939
1666116180,+3.48,+17.140, +8.239,+0.940
1666116240,+3.48,+17.149, +8.237,+0.939
1666116300,+3.48,+17.140, +8.189,+0.939
1666116360,+3.48,+17.149, +8.184,+0.939
1666116420,+3.48,+17.140, +8.220,+0.939
1666116480,+3.48,+17.157, +8.184,+0.940
1666116540,+3.48,+17.157, +8.114,+0.939
1666116600,+3.48,+17.157, +8.180,+0.939
1666116660,+3.48,+17.149, +8.285,+0.940
1666116720,+3.48,+17.157, +8.265,+0.939
1666116780,+3.48,+17.157, +8.263,+0.940
1666116840,+3.48,+17.149, +8.255,+0.939
1666116900,+3.48,+17.132, +8.272,+0.939
1666116960,+3.48,+17.140, +8.270,+0.940
1666117020,+3.48,+17.149, +8.296,+0.940
1666117080,+3.48,+17.157, +8.297,+0.939
1666117140,+3.48,+17.123, +8.303,+0.940
1666117200,+3.48,+17.132, +8.296,+0.940
1666117260,+3.48,+17.174, +8.261,+0.939
1666117320,+3.48,+17.149, +8.277,+0.940
1666117380,+3.48,+17.149, +8.319,+0.939
1666117440,+3.48,+17.174, +8.344,+0.940
1666117500,+3.48,+17.157, +8.369,+0.940
1666117560,+3.48,+17.132, +8.372,+0.940
1666117620,+3.48,+17.166, +8.365,+0.940
1666117680,+3.48,+17.157, +8.367,+0.939
1666117740,+3.48,+17.149, +8.381,+0.939
1666117800,+3.48,+17.166, +8.406,+0.940
1666117860,+3.48,+17.132, +8.473,+0.940
1666117920,+3.48,+17.132, +8.507,+0.939
1666117980,+3.48,+17.106, +8.533,+0.940
1666118040,+3.48,+17.106, +8.549,+0.939
1666118100,+3.48,+17.089, +8.576,+0.940
1666118160,+3.48,+17.081, +8.644,+0.940
1666118220,+3.48,+17.106, +8.607,+0.940
1666118280,+3.48,+17.106, +8.576,+0.940
1666118340,+3.48,+17.089, +8.550,+0.940
1666118400,+3.48,+17.098, +8.590,+0.940
1666118460,+3.48,+17.106, +8.641,+0.940
1666118520,+3.48,+17.106, +8.667,+0.940
1666118580,+3.48,+17.089, +8.672,+0.940
1666118640,+3.48,+17.089, +8.663,+0.940
1666118700,+3.48,+17.106, +8.618,+0.940
1666118760,+3.48,+17.098, +8.637,+0.940
1666118820,+3.48,+17.106, +8.706,+0.940
1666118880,+3.48,+17.089, +8.735,+0.940
1666118940,+3.48,+17.098, +8.712,+0.940
1666119000,+3.48,+17.098, +8.706,+0.940
1666119060,+3.48,+17.098, +8.706,+0.940
1666119120,+3.48,+17.115, +8.685,+0.940
1666119180,+3.48,+17.123, +8.694,+0.940
1666119240,+3.48,+17.132, +8.734,+0.940
1666119300,+3.48,+17.140, +8.791,+0.940
1666119360,+3.48,+17.106, +8.804,+0.940
1666119420,+3.48,+17.123, +8.786,+0.940
1666119480,+3.48,+17.132, +8.767,+0.940
1666119540,+3.48,+17.132, +8.787,+0.940
1666119600,+3.48,+17.132, +8.818,+0.940
1666119660,+3.48,+17.089, +8.877,+0.940
1666119720,+3.48,+17.089, +8.887,+0.940
1666119780,+3.48,+17.081, +8.928,+0.940
1666119840,+3.48,+17.081, +8.987,+0.940
1666119900,+3.48,+17.072, +9.079,+0.940
1666119960,+3.48,+17.064, +9.025,+0.939
1666120020,+3.48,+17.072, +8.997,+0.940
1666120080,+3.48,+17.081, +9.018,+0.940
1666120140,+3.48,+17.072, +8.980,+0.940
1666120200,+3.48,+17.072, +8.960,+0.940
1666120260,+3.48,+17.055, +8.967,+0.940
1666120320,+3.48,+17.089, +8.955,+0.940
1666120380,+3.48,+17.072, +8.917,+0.940
1666120440,+3.48,+17.064, +8.861,+0.940
1666120500,+3.48,+17.098, +8.818,+0.940
1666120560,+3.48,+17.081, +8.770,+0.940
1666120620,+3.48,+17.081, +8.761,+0.940
1666120680,+3.48,+17.081, +8.735,+0.940
1666120740,+3.48,+17.064, +8.764,+0.940
1666120800,+3.48,+17.081, +8.721,+0.939
1666120860,+3.48,+17.047, +8.742,+0.940
1666120920,+3.48,+17.072, +8.756,+0.940
1666120980,+3.48,+17.064, +8.725,+0.940
1666121040,+3.48,+17.055, +8.746,+0.940
1666121100,+3.48,+17.072, +8.789,+0.940
1666121160,+3.48,+17.081, +8.799,+0.940
1666121220,+3.48,+17.089, +8.846,+0.940
1666121280,+3.48,+17.098, +8.856,+0.940
1666121340,+3.48,+17.081, +8.899,+0.940
1666121400,+3.48,+17.106, +8.944,+0.940
1666121460,+3.48,+17.072, +8.955,+0.940
1666121520,+3.48,+17.089, +8.987,+0.940
1666121580,+3.48,+17.072, +9.002,+0.940
1666121640,+3.48,+17.089, +8.996,+0.940
1666121700,+3.48,+17.098, +9.024,+0.940
1666121760,+3.48,+17.081, +9.032,+0.940
1666121820,+3.48,+17.098, +8.997,+0.940
1666121880,+3.48,+17.098, +9.008,+0.940
1666121940,+3.48,+17.089, +8.991,+0.940
1666122000,+3.48,+17.089, +8.959,+0.940
1666122060,+3.48,+17.115, +8.958,+0.940
1666122120,+3.48,+17.098, +8.957,+0.940
1666122180,+3.48,+17.064, +8.939,+0.940
1666122240,+3.48,+17.098, +8.963,+0.940
1666122300,+3.48,+17.089, +8.998,+0.940
1666122360,+3.48,+17.115, +8.990,+0.940
1666122420,+3.48,+17.081, +9.003,+0.940
1666122480,+3.48,+17.089, +9.014,+0.940
1666122540,+3.48,+17.098, +8.979,+0.940
1666122600,+3.48,+17.081, +8.974,+0.940
1666122660,+3.48,+17.089, +8.970,+0.940
1666122720,+3.48,+17.089, +8.938,+0.940
1666122780,+3.48,+17.081, +8.926,+0.940
1666122840,+3.48,+17.081, +8.919,+0.940
1666122900,+3.48,+17.081, +8.915,+0.940
1666122960,+3.48,+17.072, +8.888,+0.940
1666123020,+3.48,+17.089, +8.868,+0.940
1666123080,+3.48,+17.089, +8.900,+0.940
1666123140,+3.48,+17.089, +8.981,+0.940
1666123200,+3.48,+17.106, +9.027,+0.940
1666123260,+3.48,+17.132, +9.097,+0.940
1666123320,+3.48,+17.140, +9.145,+0.940
1666123380,+3.48,+17.149, +9.164,+0.940
1666123440,+3.48,+17.157, +9.148,+0.940
1666123500,+3.48,+17.182, +9.129,+0.941
1666123560,+3.48,+17.166, +9.161,+0.940
1666123620,+3.48,+17.174, +9.185,+0.940
1666123680,+3.48,+17.182, +9.202,+0.940
1666123740,+3.48,+17.208, +9.203,+0.940
1666123800,+3.48,+17.225, +9.196,+0.940
1666123860,+3.48,+17.233, +9.257,+0.940
1666123920,+3.48,+17.250, +9.287,+0.941
1666123980,+3.48,+17.276, +9.381,+0.940
1666124040,+3.48,+17.301, +9.573,+0.941
1666124100,+3.48,+17.301, +9.512,+0.940
1666124160,+3.48,+17.310, +9.527,+0.941
1666124220,+3.48,+17.310, +9.546,+0.940
1666124280,+3.48,+17.326, +9.524,+0.941
1666124340,+3.48,+17.293, +9.520,+0.941
1666124400,+3.47,+17.335, +9.660,+0.941
1666124460,+3.47,+17.335, +9.622,+0.940
1666124520,+3.48,+17.326, +9.537,+0.940
1666124580,+3.48,+17.335, +9.481,+0.940
1666124640,+3.48,+17.335, +9.441,+0.940
1666124700,+3.48,+17.318, +9.647,+0.940
1666124760,+3.48,+17.335, +9.643,+0.941
1666124820,+3.47,+17.360, +9.617,+0.941
1666124880,+3.48,+17.343, +9.674,+0.940
1666124940,+3.48,+17.352, +9.693,+0.940
1666125000,+3.47,+17.386, +9.644,+0.940
1666125060,+3.48,+17.377, +9.589,+0.940
1666125120,+3.48,+17.369, +9.571,+0.941
1666125180,+3.47,+17.369, +9.537,+0.940
1666125240,+3.47,+17.377, +9.528,+0.940
1666125300,+3.47,+17.386, +9.575,+0.940
1666125360,+3.47,+17.394, +9.642,+0.940
1666125420,+3.48,+17.377, +9.677,+0.941
1666125480,+3.47,+17.403, +9.663,+0.941
1666125540,+3.47,+17.394, +9.686,+0.941
1666125600,+3.47,+17.377, +9.699,+0.940
1666125660,+3.47,+17.394, +9.667,+0.940
1666125720,+3.47,+17.394, +9.603,+0.940
1666125780,+3.47,+17.403, +9.609,+0.940
1666125840,+3.47,+17.403, +9.616,+0.940
1666125900,+3.47,+17.394, +9.612,+0.940
1666125960,+3.47,+17.394, +9.656,+0.941
1666126020,+3.47,+17.411, +9.664,+0.940
1666126080,+3.47,+17.403, +9.679,+0.941
1666126140,+3.47,+17.403, +9.703,+0.940
1666126200,+3.47,+17.369, +9.705,+0.940
1666126260,+3.48,+17.394, +9.705,+0.940
1666126320,+3.47,+17.394, +9.736,+0.941
1666126380,+3.47,+17.386, +9.892,+0.941
1666126440,+3.47,+17.403, +9.855,+0.941
1666126500,+3.47,+17.394, +9.774,+0.941
1666126560,+3.47,+17.403, +9.834,+0.941
1666126620,+3.47,+17.436, +9.951,+0.941
1666126680,+3.47,+17.411, +9.988,+0.941
1666126740,+3.48,+17.411,+10.003,+0.941
1666126800,+3.47,+17.428, +9.996,+0.941
1666126860,+3.47,+17.403, +9.916,+0.941
1666126920,+3.47,+17.411, +9.954,+0.941
1666126980,+3.47,+17.428, +9.915,+0.941
1666127040,+3.47,+17.436, +9.903,+0.941
1666127100,+3.47,+17.403, +9.927,+0.941
1666127160,+3.47,+17.428, +9.863,+0.940
1666127220,+3.47,+17.386, +9.914,+0.941
1666127280,+3.47,+17.403, +9.891,+0.941
1666127340,+3.47,+17.403, +9.861,+0.940
1666127400,+3.47,+17.394, +9.825,+0.940
1666127460,+3.47,+17.386, +9.829,+0.941
1666127520,+3.47,+17.428, +9.795,+0.941
1666127580,+3.47,+17.403, +9.766,+0.940
1666127640,+3.48,+17.377, +9.941,+0.941
1666127700,+3.48,+17.394, +9.912,+0.940
1666127760,+3.47,+17.403, +9.857,+0.941
1666127820,+3.48,+17.411, +9.830,+0.941
1666127880,+3.47,+17.403, +9.865,+0.941
1666127940,+3.48,+17.386, +9.873,+0.941
1666128000,+3.47,+17.403, +9.875,+0.940
1666128060,+3.47,+17.411, +9.959,+0.941
1666128120,+3.47,+17.403,+10.014,+0.941
1666128180,+3.47,+17.377, +9.994,+0.941
1666128240,+3.47,+17.394, +9.959,+0.941
1666128300,+3.47,+17.403, +9.915,+0.941
1666128360,+3.47,+17.403, +9.912,+0.941
1666128420,+3.48,+17.394, +9.898,+0.940
1666128480,+3.48,+17.403, +9.863,+0.940
1666128540,+3.48,+17.386, +9.862,+0.941
1666128600,+3.47,+17.411, +9.848,+0.941
1666128660,+3.47,+17.428, +9.829,+0.940
1666128720,+3.47,+17.394, +9.827,+0.941
1666128780,+3.47,+17.394, +9.869,+0.940
1666128840,+3.48,+17.403, +9.900,+0.941
1666128900,+3.47,+17.403, +9.888,+0.940
1666128960,+3.48,+17.386, +9.945,+0.941
1666129020,+3.47,+17.369, +9.992,+0.940
1666129080,+3.47,+17.377, +9.974,+0.941
1666129140,+3.48,+17.352, +9.917,+0.940
1666129200,+3.48,+17.377, +9.891,+0.941
1666129260,+3.48,+17.360, +9.901,+0.941
1666129320,+3.48,+17.360, +9.803,+0.941
1666129380,+3.48,+17.377, +9.737,+0.940
1666129440,+3.48,+17.369, +9.716,+0.941
1666129500,+3.48,+17.360, +9.703,+0.941
1666129560,+3.48,+17.352, +9.864,+0.941
1666129620,+3.48,+17.352, +9.949,+0.941
1666129680,+3.48,+17.343, +9.923,+0.941
1666129740,+3.48,+17.360, +9.865,+0.941
1666129800,+3.48,+17.369, +9.810,+0.941
1666129860,+3.48,+17.343, +9.831,+0.941
1666129920,+3.48,+17.360, +9.805,+0.941
1666129980,+3.48,+17.343, +9.781,+0.940
1666130040,+3.48,+17.343, +9.772,+0.941
1666130100,+3.48,+17.343, +9.748,+0.941
1666130160,+3.48,+17.326, +9.712,+0.940
1666130220,+3.48,+17.326, +9.701,+0.940
1666130280,+3.48,+17.326, +9.694,+0.941
1666130340,+3.48,+17.326, +9.656,+0.940
1666130400,+3.48,+17.326, +9.641,+0.940
1666130460,+3.48,+17.318, +9.618,+0.940
1666130520,+3.48,+17.310, +9.635,+0.940
1666130580,+3.48,+17.293, +9.638,+0.940
1666130640,+3.48,+17.301, +9.652,+0.941
1666130700,+3.48,+17.301, +9.634,+0.940
1666130760,+3.48,+17.293, +9.639,+0.940
1666130820,+3.48,+17.293, +9.695,+0.940
1666130880,+3.48,+17.301, +9.735,+0.941
1666130940,+3.48,+17.293, +9.791,+0.941
1666131000,+3.48,+17.284, +9.742,+0.941
1666131060,+3.48,+17.293, +9.735,+0.941
1666131120,+3.48,+17.267, +9.765,+0.941
1666131180,+3.48,+17.284, +9.706,+0.940
1666131240,+3.48,+17.284, +9.708,+0.940
1666131300,+3.48,+17.310, +9.877,+0.941
1666131360,+3.48,+17.310, +9.852,+0.940
1666131420,+3.48,+17.318, +9.792,+0.941
1666131480,+3.48,+17.301, +9.742,+0.941
1666131540,+3.48,+17.301, +9.729,+0.940
1666131600,+3.48,+17.284, +9.759,+0.941
1666131660,+3.48,+17.284, +9.730,+0.940
1666131720,+3.48,+17.284, +9.691,+0.940
1666131780,+3.48,+17.284, +9.638,+0.940
1666131840,+3.48,+17.284, +9.663,+0.940
1666131900,+3.48,+17.276, +9.707,+0.941
1666131960,+3.48,+17.267, +9.733,+0.940
1666132020,+3.48,+17.267, +9.725,+0.941
1666132080,+3.48,+17.250, +9.760,+0.941
1666132140,+3.48,+17.250, +9.743,+0.941
1666132200,+3.48,+17.242, +9.740,+0.940
1666132260,+3.48,+17.267, +9.733,+0.941
1666132320,+3.48,+17.250, +9.690,+0.941
1666132380,+3.48,+17.242, +9.637,+0.941
1666132440,+3.48,+17.250, +9.655,+0.941
1666132500,+3.48,+17.250, +9.646,+0.941
1666132560,+3.48,+17.250, +9.637,+0.941
1666132620,+3.48,+17.267, +9.605,+0.941
1666132680,+3.48,+17.250, +9.714,+0.940
1666132740,+3.48,+17.259, +9.772,+0.940
1666132800,+3.48,+17.259, +9.741,+0.941
1666132860,+3.48,+17.250, +9.702,+0.941
1666132920,+3.48,+17.242, +9.679,+0.940
1666132980,+3.48,+17.250, +9.718,+0.941
1666133040,+3.48,+17.242, +9.707,+0.940
1666133100,+3.48,+17.267, +9.649,+0.940
1666133160,+3.48,+17.267, +9.554,+0.940
1666133220,+3.48,+17.259, +9.510,+0.940
1666133280,+3.48,+17.293, +9.544,+0.940
1666133340,+3.48,+17.276, +9.563,+0.940
1666133400,+3.48,+17.267, +9.556,+0.940
1666133460,+3.48,+17.276, +9.592,+0.940
1666133520,+3.48,+17.284, +9.521,+0.940
1666133580,+3.48,+17.276, +9.474,+0.941
1666133640,+3.48,+17.284, +9.442,+0.941
1666133700,+3.48,+17.293, +9.434,+0.940
1666133760,+3.48,+17.284, +9.453,+0.941
1666133820,+3.48,+17.284, +9.496,+0.941
1666133880,+3.48,+17.276, +9.500,+0.940
1666133940,+3.48,+17.259, +9.540,+0.941
1666134000,+3.48,+17.259, +9.534,+0.940
1666134060,+3.48,+17.250, +9.560,+0.940
1666134120,+3.48,+17.250, +9.588,+0.941
1666134180,+3.48,+17.250, +9.567,+0.940
1666134240,+3.48,+17.233, +9.549,+0.941
1666134300,+3.48,+17.259, +9.530,+0.940
1666134360,+3.48,+17.267, +9.497,+0.940
1666134420,+3.48,+17.259, +9.492,+0.940
1666134480,+3.48,+17.250, +9.490,+0.940
1666134540,+3.48,+17.259, +9.515,+0.941
1666134600,+3.48,+17.259, +9.524,+0.940
1666134660,+3.48,+17.276, +9.547,+0.940
1666134720,+3.48,+17.276, +9.591,+0.940
1666134780,+3.48,+17.284, +9.651,+0.941
1666134840,+3.48,+17.293, +9.671,+0.941
1666134900,+3.48,+17.310, +9.653,+0.940
1666134960,+3.48,+17.310, +9.622,+0.940
1666135020,+3.48,+17.310, +9.613,+0.940
1666135080,+3.48,+17.310, +9.605,+0.940
1666135140,+3.48,+17.293, +9.736,+0.941
1666135200,+3.48,+17.310, +9.751,+0.941
1666135260,+3.48,+17.335, +9.767,+0.941
1666135320,+3.48,+17.343, +9.852,+0.941
1666135380,+3.48,+17.343, +9.837,+0.940
1666135440,+3.48,+17.343, +9.853,+0.941
1666135500,+3.48,+17.352, +9.870,+0.941
1666135560,+3.48,+17.377, +9.815,+0.940
1666135620,+3.48,+17.369, +9.766,+0.941
1666135680,+3.48,+17.386, +9.738,+0.941
1666135740,+3.48,+17.386, +9.708,+0.940
1666135800,+3.47,+17.394, +9.565,+0.940
1666135860,+3.48,+17.394, +9.580,+0.940
1666135920,+3.47,+17.420, +9.554,+0.940
1666135980,+3.48,+17.403, +9.522,+0.940
1666136040,+3.47,+17.411, +9.522,+0.940
1666136100,+3.47,+17.411, +9.549,+0.940
1666136160,+3.47,+17.436, +9.555,+0.941
1666136220,+3.47,+17.453, +9.542,+0.940
1666136280,+3.47,+17.436, +9.503,+0.940
1666136340,+3.47,+17.428, +9.476,+0.940
1666136400,+3.47,+17.420, +9.347,+0.940
1666136460,+3.47,+17.428, +9.387,+0.940
1666136520,+3.48,+17.420, +9.286,+0.940
1666136580,+3.48,+17.411, +9.322,+0.940
1666136640,+3.47,+17.411, +9.271,+0.940
1666136700,+3.48,+17.369, +9.224,+0.940
1666136760,+3.48,+17.403, +9.264,+0.940
1666136820,+3.48,+17.386, +9.356,+0.940
1666136880,+3.47,+17.411, +9.251,+0.940
1666136940,+3.48,+17.377, +9.214,+0.940
1666137000,+3.48,+17.403, +9.130,+0.940
1666137060,+3.48,+17.394, +9.190,+0.940
1666137120,+3.47,+17.386, +9.273,+0.940
1666137180,+3.48,+17.377, +9.210,+0.940
1666137240,+3.48,+17.386, +9.268,+0.940
1666137300,+3.48,+17.360, +9.303,+0.941
1666137360,+3.48,+17.369, +9.273,+0.940
1666137420,+3.48,+17.343, +9.211,+0.940
1666137480,+3.48,+17.360, +9.082,+0.940
1666137540,+3.48,+17.318, +9.039,+0.940
1666137600,+3.48,+17.335, +9.106,+0.940
1666137660,+3.48,+17.343, +8.982,+0.940
1666137720,+3.48,+17.335, +9.196,+0.940
1666137780,+3.48,+17.310, +9.243,+0.940
1666137840,+3.48,+17.318, +9.235,+0.940
1666137900,+3.48,+17.310, +9.275,+0.940
1666137960,+3.48,+17.310, +9.379,+0.940
1666138020,+3.48,+17.310, +9.371,+0.940
1666138080,+3.48,+17.301, +9.403,+0.941
1666138140,+3.48,+17.301, +9.436,+0.940
1666138200,+3.48,+17.276, +9.441,+0.940
1666138260,+3.48,+17.301, +9.453,+0.940
1666138320,+3.48,+17.301, +9.464,+0.940
1666138380,+3.48,+17.293, +9.426,+0.940
1666138440,+3.48,+17.284, +9.375,+0.940
1666138500,+3.48,+17.259, +9.234,+0.940
1666138560,+3.48,+17.276, +9.173,+0.940
1666138620,+3.48,+17.267, +9.159,+0.940
1666138680,+3.48,+17.284, +9.121,+0.940
1666138740,+3.48,+17.267, +9.112,+0.940
1666138800,+3.48,+17.267, +9.159,+0.940
1666138860,+3.48,+17.276, +9.230,+0.940
1666138920,+3.48,+17.301, +9.256,+0.940
1666138980,+3.48,+17.276, +9.418,+0.940
1666139040,+3.48,+17.267, +9.538,+0.940
1666139100,+3.48,+17.259, +9.580,+0.940
1666139160,+3.48,+17.250, +9.579,+0.940
1666139220,+3.48,+17.250, +9.543,+0.940
1666139280,+3.48,+17.233, +9.550,+0.941
1666139340,+3.48,+17.259, +9.501,+0.940
1666139400,+3.48,+17.259, +9.410,+0.940
1666139460,+3.48,+17.242, +9.205,+0.940
1666139520,+3.48,+17.174, +9.319,+0.940
1666139580,+3.48,+17.157, +9.460,+0.941
1666139640,+3.48,+17.157, +9.540,+0.940
1666139700,+3.48,+17.123, +9.507,+0.941
1666139760,+3.48,+17.098, +9.504,+0.940
1666139820,+3.48,+17.089, +9.571,+0.940
1666139880,+3.48,+17.081, +9.550,+0.940
1666139940,+3.48,+17.081, +9.501,+0.940
1666140000,+3.48,+17.072, +9.492,+0.940
1666140060,+3.48,+17.115, +9.448,+0.940
1666140120,+3.48,+17.115, +9.295,+0.940
1666140180,+3.48,+17.132, +9.356,+0.941
1666140240,+3.48,+17.123, +9.335,+0.940
1666140300,+3.48,+17.098, +9.248,+0.940
1666140360,+3.48,+17.098, +9.196,+0.940
1666140420,+3.48,+17.072, +9.308,+0.940
1666140480,+3.48,+17.047, +9.341,+0.940
1666140540,+3.48,+17.047, +9.330,+0.940
1666140600,+3.48,+17.055, +9.391,+0.940
1666140660,+3.48,+17.038, +9.412,+0.940
1666140720,+3.48,+17.055, +9.424,+0.940
1666140780,+3.48,+17.047, +9.438,+0.940
1666140840,+3.48,+17.081, +9.459,+0.940
1666140900,+3.48,+17.055, +9.446,+0.940
1666140960,+3.48,+17.055, +9.410,+0.940
1666141020,+3.48,+17.038, +9.445,+0.940
1666141080,+3.48,+17.030, +9.512,+0.940
1666141140,+3.48,+17.055, +9.533,+0.940
1666141200,+3.48,+17.081, +9.536,+0.940
1666141260,+3.48,+17.081, +9.518,+0.941
1666141320,+3.48,+17.123, +9.456,+0.940
1666141380,+3.48,+17.140, +9.433,+0.940
1666141440,+3.48,+17.157, +9.483,+0.941
1666141500,+3.48,+17.174, +9.534,+0.941
1666141560,+3.48,+17.182, +9.459,+0.941
1666141620,+3.48,+17.174, +9.349,+0.940
1666141680,+3.48,+17.174, +9.334,+0.940
1666141740,+3.48,+17.182, +9.253,+0.940
1666141800,+3.48,+17.199, +9.286,+0.940
1666141860,+3.48,+17.208, +9.319,+0.940
1666141920,+3.48,+17.199, +9.370,+0.940
1666141980,+3.48,+17.191, +9.433,+0.940
1666142040,+3.48,+17.216, +9.435,+0.941
1666142100,+3.48,+17.216, +9.347,+0.940
1666142160,+3.48,+17.208, +9.326,+0.940
1666142220,+3.48,+17.242, +9.341,+0.940
1666142280,+3.48,+17.242, +9.319,+0.940
1666142340,+3.48,+17.250, +9.316,+0.940
1666142400,+3.48,+17.225, +9.328,+0.940
1666142460,+3.48,+17.259, +9.340,+0.940
1666142520,+3.48,+17.250, +9.286,+0.940
1666142580,+3.48,+17.250, +9.209,+0.940
1666142640,+3.48,+17.250, +9.091,+0.940
1666142700,+3.48,+17.259, +9.003,+0.940
1666142760,+3.48,+17.242, +8.985,+0.940
1666142820,+3.48,+17.233, +8.860,+0.940
1666142880,+3.48,+17.233, +8.770,+0.940
1666142940,+3.48,+17.208, +8.788,+0.939
1666143000,+3.48,+17.216, +8.862,+0.940
1666143060,+3.48,+17.216, +8.946,+0.940
1666143120,+3.48,+17.225, +9.051,+0.940
1666143180,+3.48,+17.225, +9.200,+0.940
1666143240,+3.48,+17.199, +9.273,+0.940
1666143300,+3.48,+17.208, +9.240,+0.940
1666143360,+3.48,+17.191, +9.275,+0.940
1666143420,+3.48,+17.225, +9.266,+0.940
1666143480,+3.48,+17.208, +9.266,+0.940
1666143540,+3.48,+17.208, +9.304,+0.940
1666143600,+3.48,+17.216, +9.214,+0.940
1666143660,+3.48,+17.199, +9.177,+0.940
1666143720,+3.48,+17.208, +9.160,+0.940
1666143780,+3.48,+17.199, +9.139,+0.940
1666143840,+3.48,+17.191, +9.078,+0.940
1666143900,+3.48,+17.208, +9.037,+0.940
1666143960,+3.48,+17.191, +9.053,+0.940
1666144020,+3.48,+17.174, +9.066,+0.940
1666144080,+3.48,+17.174, +9.120,+0.940
1666144140,+3.48,+17.191, +9.176,+0.940
1666144200,+3.48,+17.182, +9.190,+0.940
1666144260,+3.48,+17.166, +9.167,+0.940
1666144320,+3.48,+17.166, +9.204,+0.940
1666144380,+3.48,+17.166, +9.186,+0.940
1666144440,+3.48,+17.149, +9.159,+0.940
1666144500,+3.48,+17.191, +9.064,+0.940
1666144560,+3.48,+17.149, +8.995,+0.940
1666144620,+3.48,+17.157, +8.890,+0.940
1666144680,+3.48,+17.191, +8.834,+0.940
1666144740,+3.48,+17.174, +8.801,+0.939
1666144800,+3.48,+17.157, +8.583,+0.940
1666144860,+3.48,+17.166, +8.349,+0.940
1666144920,+3.48,+17.157, +8.428,+0.939
1666144980,+3.48,+17.149, +8.700,+0.940
1666145040,+3.48,+17.166, +8.863,+0.940
1666145100,+3.48,+17.149, +8.867,+0.940
1666145160,+3.48,+17.149, +8.856,+0.940
1666145220,+3.48,+17.140, +8.921,+0.940
1666145280,+3.48,+17.132, +8.965,+0.940
1666145340,+3.48,+17.021, +9.213,+0.940
1666145400,+3.48,+16.894, +9.504,+0.940
1666145460,+3.48,+16.894, +9.623,+0.941
1666145520,+3.48,+16.920, +9.675,+0.940
1666145580,+3.48,+16.971, +9.630,+0.940
1666145640,+3.48,+16.988, +9.614,+0.940
1666145700,+3.48,+17.013, +9.630,+0.940
1666145760,+3.48,+17.005, +9.616,+0.940
1666145820,+3.48,+17.013, +9.637,+0.940
1666145880,+3.48,+17.021, +9.645,+0.941
1666145940,+3.48,+17.064, +9.607,+0.941
1666146000,+3.48,+17.081, +9.571,+0.941
1666146060,+3.48,+17.081, +9.530,+0.941
1666146120,+3.48,+17.106, +9.478,+0.940
1666146180,+3.48,+17.089, +9.501,+0.940
1666146240,+3.48,+17.115, +9.541,+0.941
1666146300,+3.48,+17.106, +9.475,+0.941
1666146360,+3.48,+17.106, +9.417,+0.940
1666146420,+3.48,+17.123, +9.385,+0.940
1666146480,+3.48,+17.098, +9.446,+0.940
1666146540,+3.48,+17.081, +9.439,+0.940
1666146600,+3.48,+17.106, +9.385,+0.940
1666146660,+3.48,+17.098, +9.339,+0.940
1666146720,+3.48,+17.081, +9.285,+0.940
1666146780,+3.48,+17.089, +9.253,+0.940
1666146840,+3.48,+17.106, +9.385,+0.940
1666146900,+3.48,+17.098, +9.412,+0.940
1666146960,+3.48,+17.064, +9.480,+0.940
1666147020,+3.48,+17.098, +9.517,+0.940
1666147080,+3.48,+17.089, +9.531,+0.940
1666147140,+3.48,+17.106, +9.553,+0.941
1666147200,+3.48,+17.098, +9.549,+0.940
1666147260,+3.48,+17.089, +9.535,+0.940
1666147320,+3.48,+17.089, +9.507,+0.940
1666147380,+3.48,+17.064, +9.539,+0.940
1666147440,+3.48,+17.081, +9.528,+0.940
1666147500,+3.48,+17.089, +9.517,+0.940
1666147560,+3.48,+17.081, +9.528,+0.940
1666147620,+3.48,+17.089, +9.506,+0.940
1666147680,+3.48,+17.098, +9.487,+0.940
1666147740,+3.48,+17.089, +9.496,+0.940
1666147800,+3.48,+17.098, +9.511,+0.940
1666147860,+3.48,+17.098, +9.515,+0.940
1666147920,+3.48,+17.106, +9.498,+0.941
1666147980,+3.48,+17.106, +9.467,+0.940
1666148040,+3.48,+17.115, +9.432,+0.940
1666148100,+3.48,+17.106, +9.419,+0.940
1666148160,+3.48,+17.106, +9.424,+0.940
1666148220,+3.48,+17.123, +9.351,+0.940
1666148280,+3.48,+17.106, +9.301,+0.940
1666148340,+3.48,+17.106, +9.206,+0.940
1666148400,+3.48,+17.106, +9.235,+0.940
1666148460,+3.48,+17.106, +8.885,+0.940
1666148520,+3.48,+17.098, +8.942,+0.940
1666148580,+3.48,+17.089, +9.171,+0.940
1666148640,+3.48,+17.098, +9.300,+0.940
1666148700,+3.48,+17.089, +9.321,+0.940
1666148760,+3.48,+17.098, +9.319,+0.940
1666148820,+3.48,+17.081, +9.323,+0.940
1666148880,+3.48,+17.089, +9.326,+0.940
1666148940,+3.48,+17.098, +9.245,+0.940
1666149000,+3.48,+17.081, +9.300,+0.940
1666149060,+3.48,+17.089, +9.283,+0.940
1666149120,+3.48,+17.072, +9.275,+0.940
1666149180,+3.48,+17.081, +9.211,+0.940
1666149240,+3.48,+17.072, +9.355,+0.940
1666149300,+3.48,+17.081, +9.392,+0.940
1666149360,+3.48,+17.081, +9.448,+0.940
1666149420,+3.48,+17.064, +9.453,+0.940
1666149480,+3.48,+17.089, +9.417,+0.940
1666149540,+3.48,+17.081, +9.430,+0.940
1666149600,+3.48,+17.098, +9.424,+0.940
1666149660,+3.48,+17.089, +9.448,+0.940
1666149720,+3.48,+17.089, +9.411,+0.940
1666149780,+3.48,+17.115, +9.397,+0.940
1666149840,+3.48,+17.098, +9.431,+0.940
1666149900,+3.48,+17.106, +9.457,+0.940
1666149960,+3.48,+17.089, +9.475,+0.941
1666150020,+3.48,+17.098, +9.487,+0.940
1666150080,+3.48,+17.089, +9.482,+0.940
1666150140,+3.48,+17.072, +9.473,+0.940
1666150200,+3.48,+17.081, +9.436,+0.940
1666150260,+3.48,+17.081, +9.390,+0.940
1666150320,+3.48,+17.089, +9.315,+0.940
1666150380,+3.48,+17.081, +9.315,+0.940
1666150440,+3.48,+17.072, +9.340,+0.941
1666150500,+3.48,+17.089, +9.310,+0.940
1666150560,+3.48,+17.064, +9.303,+0.940
1666150620,+3.48,+17.064, +9.292,+0.940
1666150680,+3.48,+17.047, +9.310,+0.940
1666150740,+3.48,+17.072, +9.315,+0.940
1666150800,+3.48,+17.064, +9.300,+0.940
1666150860,+3.48,+17.038, +9.356,+0.940
1666150920,+3.48,+17.064, +9.395,+0.940
1666150980,+3.48,+17.072, +9.387,+0.940
1666151040,+3.48,+17.081, +9.438,+0.940
1666151100,+3.48,+17.072, +9.463,+0.940
1666151160,+3.48,+17.089, +9.444,+0.940
1666151220,+3.48,+17.089, +9.470,+0.941
1666151280,+3.48,+17.106, +9.454,+0.941
1666151340,+3.48,+17.098, +9.442,+0.940
1666151400,+3.48,+17.098, +9.463,+0.941
1666151460,+3.48,+17.115, +9.408,+0.940
1666151520,+3.48,+17.098, +9.399,+0.940
1666151580,+3.48,+17.081, +9.395,+0.941
1666151640,+3.48,+17.106, +9.363,+0.940
1666151700,+3.48,+17.106, +9.347,+0.940
1666151760,+3.48,+17.081, +9.367,+0.940
1666151820,+3.48,+17.098, +9.391,+0.941
1666151880,+3.48,+17.064, +9.444,+0.940
1666151940,+3.48,+17.055, +9.427,+0.940
1666152000,+3.48,+17.038, +9.464,+0.941
1666152060,+3.48,+17.005, +9.444,+0.940
1666152120,+3.48,+16.971, +9.475,+0.940
1666152180,+3.48,+16.962, +9.478,+0.940
1666152240,+3.48,+16.954, +9.467,+0.940
1666152300,+3.48,+16.962, +9.459,+0.940
1666152360,+3.48,+16.937, +9.485,+0.941
1666152420,+3.48,+17.021, +9.436,+0.940
1666152480,+3.48,+17.030, +9.433,+0.940
1666152540,+3.48,+17.038, +9.403,+0.940
1666152600,+3.48,+17.013, +9.392,+0.940
1666152660,+3.48,+16.979, +9.382,+0.940
1666152720,+3.48,+16.971, +9.380,+0.940
1666152780,+3.48,+16.971, +9.363,+0.940
1666152840,+3.48,+16.962, +9.367,+0.940
1666152900,+3.48,+16.954, +9.328,+0.940
1666152960,+3.48,+16.988, +9.293,+0.940
1666153020,+3.48,+17.021, +9.330,+0.940
1666153080,+3.48,+17.030, +9.348,+0.940
1666153140,+3.48,+17.038, +9.364,+0.940
1666153200,+3.48,+17.064, +9.360,+0.940
1666153260,+3.48,+17.081, +9.360,+0.940
1666153320,+3.48,+17.081, +9.370,+0.940
1666153380,+3.48,+17.081, +9.396,+0.940
1666153440,+3.48,+17.072, +9.408,+0.940
1666153500,+3.48,+16.996, +9.392,+0.940
1666153560,+3.48,+16.928, +9.414,+0.940
1666153620,+3.48,+16.928, +9.388,+0.941
1666153680,+3.48,+16.903, +9.307,+0.940
1666153740,+3.48,+16.886, +9.284,+0.940
1666153800,+3.48,+16.869, +9.298,+0.940
1666153860,+3.48,+16.852, +9.273,+0.940
1666153920,+3.48,+16.852, +9.301,+0.940
1666153980,+3.48,+16.835, +9.313,+0.940
1666154040,+3.48,+16.826, +9.327,+0.940
1666154100,+3.48,+16.826, +9.318,+0.940
1666154160,+3.48,+16.818, +9.261,+0.940
1666154220,+3.48,+16.835, +9.205,+0.940
1666154280,+3.48,+16.860, +9.173,+0.940
1666154340,+3.48,+16.869, +9.215,+0.940
1666154400,+3.47,+16.809, +9.336,+0.940
1666154460,+3.48,+16.784, +9.394,+0.940
1666154520,+3.47,+16.792, +9.438,+0.940
1666154580,+3.48,+16.843, +9.424,+0.941
1666154640,+3.48,+16.886, +9.391,+0.940
1666154700,+3.48,+16.860, +9.332,+0.940
1666154760,+3.48,+16.860, +9.278,+0.940
1666154820,+3.48,+16.903, +9.256,+0.940
1666154880,+3.48,+16.937, +9.254,+0.940
1666154940,+3.48,+16.962, +9.268,+0.940
1666155000,+3.48,+16.988, +9.288,+0.940
1666155060,+3.48,+17.013, +9.254,+0.940
1666155120,+3.48,+16.996, +9.245,+0.940
1666155180,+3.48,+17.013, +9.241,+0.940
1666155240,+3.48,+17.030, +9.259,+0.940
1666155300,+3.48,+17.055, +9.255,+0.940
1666155360,+3.48,+17.064, +9.262,+0.940
1666155420,+3.48,+17.072, +9.241,+0.940
1666155480,+3.48,+17.089, +9.181,+0.940
1666155540,+3.48,+17.081, +9.175,+0.940
1666155600,+3.48,+17.081, +9.164,+0.940
1666155660,+3.48,+17.098, +9.156,+0.940
1666155720,+3.48,+17.089, +9.173,+0.940
1666155780,+3.48,+17.098, +9.192,+0.940
1666155840,+3.48,+17.106, +9.209,+0.940
1666155900,+3.48,+17.123, +9.249,+0.940
1666155960,+3.48,+17.115, +9.257,+0.940
1666156020,+3.48,+17.098, +9.295,+0.940
1666156080,+3.48,+17.123, +9.325,+0.940
1666156140,+3.48,+17.115, +9.351,+0.940
1666156200,+3.48,+17.106, +9.320,+0.940
1666156260,+3.48,+17.132, +9.250,+0.940
1666156320,+3.48,+17.115, +9.211,+0.940
1666156380,+3.48,+17.106, +9.170,+0.940
1666156440,+3.48,+17.081, +9.213,+0.940
1666156500,+3.48,+17.072, +9.270,+0.940
1666156560,+3.48,+17.081, +9.268,+0.940
1666156620,+3.48,+17.064, +9.313,+0.940
1666156680,+3.48,+17.072, +9.378,+0.940
1666156740,+3.48,+17.047, +9.420,+0.940
1666156800,+3.48,+17.072, +9.438,+0.940
1666156860,+3.48,+17.072, +9.443,+0.940
1666156920,+3.48,+17.064, +9.428,+0.940
1666156980,+3.48,+17.072, +9.454,+0.940
1666157040,+3.48,+17.064, +9.443,+0.940
1666157100,+3.48,+17.064, +9.399,+0.941
1666157160,+3.48,+17.064, +9.380,+0.940
1666157220,+3.48,+17.072, +9.377,+0.940
1666157280,+3.48,+17.064, +9.383,+0.940
1666157340,+3.48,+17.072, +9.374,+0.940
1666157400,+3.48,+17.064, +9.370,+0.940
1666157460,+3.48,+17.072, +9.317,+0.940
1666157520,+3.48,+17.081, +9.256,+0.940
1666157580,+3.48,+17.064, +9.211,+0.940
1666157640,+3.48,+17.055, +9.170,+0.940
1666157700,+3.48,+17.081, +9.161,+0.940
1666157760,+3.48,+17.072, +9.087,+0.940
1666157820,+3.48,+17.072, +9.036,+0.940
1666157880,+3.48,+17.081, +9.008,+0.940
1666157940,+3.48,+17.072, +9.062,+0.940
1666158000,+3.48,+17.064, +9.225,+0.940
1666158060,+3.48,+17.064, +9.320,+0.940
1666158120,+3.48,+17.030, +9.395,+0.940
1666158180,+3.48,+17.064, +9.412,+0.940
1666158240,+3.48,+17.038, +9.417,+0.940
1666158300,+3.48,+17.047, +9.392,+0.940
1666158360,+3.48,+17.055, +9.394,+0.940
1666158420,+3.48,+17.047, +9.378,+0.940
1666158480,+3.48,+17.055, +9.378,+0.941
1666158540,+3.48,+17.047, +9.350,+0.940
1666158600,+3.48,+17.055, +9.351,+0.940
1666158660,+3.48,+17.072, +9.327,+0.940
1666158720,+3.48,+17.038, +9.356,+0.940
1666158780,+3.48,+17.047, +9.361,+0.940
1666158840,+3.48,+17.030, +9.367,+0.940
1666158900,+3.48,+17.055, +9.344,+0.940
1666158960,+3.48,+17.038, +9.330,+0.940
1666159020,+3.48,+17.047, +9.305,+0.941
1666159080,+3.48,+17.047, +9.241,+0.940
1666159140,+3.48,+17.055, +9.154,+0.940
1666159200,+3.48,+17.055, +9.095,+0.940
1666159260,+3.48,+17.064, +8.655,+0.940
1666159320,+3.48,+17.072, +8.663,+0.940
1666159380,+3.48,+17.064, +8.722,+0.940
1666159440,+3.48,+17.055, +8.791,+0.940
1666159500,+3.48,+17.064, +8.803,+0.940
1666159560,+3.48,+17.064, +8.788,+0.940
1666159620,+3.48,+17.064, +8.738,+0.940
1666159680,+3.48,+17.047, +8.845,+0.940
1666159740,+3.48,+17.055, +8.836,+0.940
1666159800,+3.48,+17.047, +8.874,+0.940
1666159860,+3.48,+17.072, +8.899,+0.940
1666159920,+3.48,+17.055, +8.904,+0.940
1666159980,+3.48,+17.064, +8.876,+0.940
1666160040,+3.48,+17.055, +8.872,+0.940
1666160100,+3.48,+17.055, +8.873,+0.940
1666160160,+3.48,+17.064, +8.635,+0.940
1666160220,+3.48,+17.064, +8.617,+0.940
1666160280,+3.48,+17.055, +8.613,+0.940
1666160340,+3.48,+17.055, +8.625,+0.940
1666160400,+3.48,+17.064, +8.663,+0.939
1666160460,+3.48,+17.055, +8.736,+0.940
1666160520,+3.48,+17.055, +8.856,+0.940
1666160580,+3.48,+17.030, +9.019,+0.940
1666160640,+3.48,+17.013, +9.110,+0.940
1666160700,+3.48,+17.030, +9.116,+0.939
1666160760,+3.48,+17.038, +9.098,+0.940
1666160820,+3.48,+17.030, +9.064,+0.940
1666160880,+3.48,+17.021, +9.015,+0.940
1666160940,+3.48,+17.013, +8.943,+0.940
1666161000,+3.48,+17.013, +8.900,+0.940
1666161060,+3.48,+17.030, +8.833,+0.940
1666161120,+3.48,+17.021, +8.879,+0.940
1666161180,+3.48,+17.030, +8.876,+0.940
1666161240,+3.48,+17.021, +8.912,+0.940
1666161300,+3.48,+17.021, +8.880,+0.940
1666161360,+3.48,+17.021, +8.794,+0.940
1666161420,+3.48,+17.021, +8.699,+0.940
1666161480,+3.48,+17.047, +8.385,+0.940
1666161540,+3.48,+17.030, +8.374,+0.939
1666161600,+3.48,+17.013, +8.098,+0.939
1666161660,+3.48,+17.038, +7.884,+0.939
1666161720,+3.48,+16.988, +8.540,+0.939
1666161780,+3.48,+16.971, +8.903,+0.940
1666161840,+3.48,+16.945, +8.406,+0.939
1666161900,+3.48,+16.903, +8.327,+0.940
1666161960,+3.48,+16.877, +8.436,+0.940
1666162020,+3.48,+16.877, +8.505,+0.939
1666162080,+3.48,+16.911, +8.653,+0.940
1666162140,+3.48,+16.894, +8.868,+0.940
1666162200,+3.48,+16.911, +8.887,+0.940
1666162260,+3.48,+16.877, +8.935,+0.940
1666162320,+3.48,+16.886, +9.005,+0.940
1666162380,+3.48,+16.911, +8.978,+0.940
1666162440,+3.48,+16.886, +8.988,+0.940
1666162500,+3.48,+16.911, +8.850,+0.940
1666162560,+3.48,+16.903, +8.742,+0.940
1666162620,+3.48,+16.877, +8.682,+0.939
1666162680,+3.48,+16.894, +8.680,+0.940
1666162740,+3.48,+16.886, +8.649,+0.940
1666162800,+3.48,+16.886, +8.439,+0.939
1666162860,+3.48,+16.877, +8.448,+0.939
1666162920,+3.48,+16.886, +8.426,+0.939
1666162980,+3.48,+16.869, +8.795,+0.940
1666163040,+3.48,+16.869, +8.979,+0.940
1666163100,+3.48,+16.860, +9.042,+0.940
1666163160,+3.48,+16.860, +8.959,+0.940
1666163220,+3.48,+16.869, +8.496,+0.940
1666163280,+3.48,+16.860, +8.501,+0.940
1666163340,+3.48,+16.843, +8.615,+0.939
1666163400,+3.48,+16.860, +8.671,+0.940
1666163460,+3.48,+16.852, +8.725,+0.939
1666163520,+3.48,+16.852, +8.755,+0.940
1666163580,+3.48,+16.843, +8.781,+0.940
1666163640,+3.48,+16.843, +8.844,+0.940
1666163700,+3.48,+16.826, +8.916,+0.939
1666163760,+3.48,+16.835, +8.966,+0.940
1666163820,+3.48,+16.843, +9.000,+0.940
1666163880,+3.48,+16.835, +8.949,+0.940
1666163940,+3.48,+16.835, +8.909,+0.940
1666164000,+3.48,+16.835, +8.941,+0.940
1666164060,+3.48,+16.835, +9.055,+0.940
1666164120,+3.48,+16.818, +8.942,+0.940
1666164180,+3.48,+16.826, +8.925,+0.940
1666164240,+3.48,+16.818, +8.996,+0.940
1666164300,+3.48,+16.835, +9.027,+0.940
1666164360,+3.48,+16.826, +9.093,+0.940
1666164420,+3.48,+16.835, +9.233,+0.940
1666164480,+3.48,+16.826, +9.272,+0.940
1666164540,+3.48,+16.843, +9.099,+0.940
1666164600,+3.48,+16.835, +9.065,+0.940
1666164660,+3.48,+16.809, +9.056,+0.940
1666164720,+3.48,+16.801, +9.050,+0.940
1666164780,+3.48,+16.801, +9.068,+0.940
1666164840,+3.48,+16.792, +9.118,+0.940
1666164900,+3.47,+16.767, +9.147,+0.939
1666164960,+3.47,+16.733, +9.163,+0.940
1666165020,+3.47,+16.707, +9.182,+0.940
1666165080,+3.47,+16.690, +9.239,+0.940
1666165140,+3.47,+16.673, +9.309,+0.940
1666165200,+3.47,+16.648, +9.363,+0.940
1666165260,+3.47,+16.639, +9.395,+0.940
1666165320,+3.47,+16.614, +9.406,+0.940
1666165380,+3.47,+16.597, +9.409,+0.940
1666165440,+3.47,+16.580, +9.361,+0.940
1666165500,+3.47,+16.588, +9.292,+0.940
1666165560,+3.47,+16.588, +9.315,+0.940
1666165620,+3.47,+16.597, +9.289,+0.940
1666165680,+3.47,+16.571, +9.290,+0.940
1666165740,+3.47,+16.537, +9.246,+0.941
1666165800,+3.47,+16.512, +9.207,+0.940
1666165860,+3.47,+16.529, +9.184,+0.940
1666165920,+3.47,+16.503, +9.203,+0.940
1666165980,+3.47,+16.512, +9.197,+0.940
1666166040,+3.47,+16.486, +9.139,+0.940
1666166100,+3.47,+16.520, +9.164,+0.940
1666166160,+3.47,+16.512, +9.123,+0.940
1666166220,+3.47,+16.520, +9.058,+0.940
1666166280,+3.47,+16.512, +9.027,+0.940
1666166340,+3.47,+16.512, +8.917,+0.940
1666166400,+3.47,+16.512, +8.813,+0.940
1666166460,+3.47,+16.537, +8.838,+0.940
1666166520,+3.47,+16.503, +8.867,+0.940
1666166580,+3.47,+16.486, +8.879,+0.940
1666166640,+3.47,+16.495, +8.879,+0.940
1666166700,+3.47,+16.512, +8.873,+0.940
1666166760,+3.47,+16.495, +8.835,+0.940
1666166820,+3.47,+16.461, +8.816,+0.940
1666166880,+3.47,+16.478, +8.736,+0.940
1666166940,+3.47,+16.486, +8.628,+0.940
1666167000,+3.47,+16.478, +8.549,+0.939
1666167060,+3.47,+16.444, +8.552,+0.940
1666167120,+3.47,+16.503, +8.674,+0.940
1666167180,+3.47,+16.512, +8.719,+0.940
1666167240,+3.47,+16.478, +8.736,+0.940
1666167300,+3.47,+16.469, +8.653,+0.940
1666167360,+3.47,+16.478, +8.715,+0.940
1666167420,+3.47,+16.469, +8.906,+0.940
1666167480,+3.47,+16.461, +8.976,+0.940
1666167540,+3.47,+16.444, +9.013,+0.940
1666167600,+3.47,+16.461, +8.949,+0.940
1666167660,+3.47,+16.452, +8.893,+0.940
1666167720,+3.47,+16.444, +8.927,+0.939
1666167780,+3.47,+16.461, +8.897,+0.940
1666167840,+3.47,+16.452, +8.898,+0.940
1666167900,+3.47,+16.461, +8.921,+0.940
1666167960,+3.47,+16.461, +8.948,+0.940
1666168020,+3.47,+16.452, +8.908,+0.940
1666168080,+3.47,+16.461, +8.932,+0.940
1666168140,+3.47,+16.435, +8.960,+0.939
1666168200,+3.47,+16.435, +8.958,+0.940
1666168260,+3.47,+16.444, +8.924,+0.940
1666168320,+3.47,+16.444, +8.929,+0.940
1666168380,+3.47,+16.427, +8.988,+0.940
1666168440,+3.47,+16.435, +8.981,+0.940
1666168500,+3.47,+16.401, +8.975,+0.940
1666168560,+3.47,+16.401, +8.946,+0.940
1666168620,+3.47,+16.401, +8.955,+0.940
1666168680,+3.48,+16.367, +8.964,+0.940
1666168740,+3.47,+16.393, +8.965,+0.940
1666168800,+3.47,+16.393, +8.961,+0.940
1666168860,+3.48,+16.359, +8.969,+0.940
1666168920,+3.47,+16.376, +8.959,+0.940
1666168980,+3.47,+16.350, +8.885,+0.940
1666169040,+3.47,+16.367, +8.825,+0.940
1666169100,+3.47,+16.359, +8.791,+0.940
1666169160,+3.47,+16.367, +8.729,+0.940
1666169220,+3.47,+16.350, +8.666,+0.940
1666169280,+3.47,+16.359, +8.788,+0.939
1666169340,+3.47,+16.342, +8.761,+0.940
1666169400,+3.48,+16.342, +8.729,+0.939
1666169460,+3.47,+16.359, +8.710,+0.939
1666169520,+3.47,+16.350, +8.747,+0.939
1666169580,+3.47,+16.359, +8.796,+0.940
1666169640,+3.48,+16.350, +8.832,+0.940
1666169700,+3.47,+16.359, +8.819,+0.940
1666169760,+3.47,+16.367, +8.769,+0.940
1666169820,+3.47,+16.359, +8.697,+0.939
1666169880,+3.47,+16.359, +8.887,+0.940
1666169940,+3.47,+16.350, +9.023,+0.940
1666170000,+3.47,+16.359, +9.055,+0.939
1666170060,+3.47,+16.359, +8.884,+0.940
1666170120,+3.47,+16.376, +9.061,+0.940
1666170180,+3.47,+16.384, +8.985,+0.940
1666170240,+3.47,+16.393, +9.008,+0.940
1666170300,+3.47,+16.384, +9.043,+0.940
1666170360,+3.47,+16.367, +9.032,+0.940
1666170420,+3.47,+16.410, +9.066,+0.940
1666170480,+3.47,+16.410, +9.153,+0.940
1666170540,+3.47,+16.435, +9.240,+0.940
1666170600,+3.47,+16.444, +9.284,+0.940
1666170660,+3.47,+16.461, +9.280,+0.940
1666170720,+3.47,+16.444, +9.300,+0.940
1666170780,+3.47,+16.478, +9.260,+0.940
1666170840,+3.47,+16.478, +9.206,+0.940
1666170900,+3.47,+16.469, +9.182,+0.940
1666170960,+3.47,+16.461, +9.088,+0.940
1666171020,+3.47,+16.461, +9.044,+0.940
1666171080,+3.47,+16.495, +9.090,+0.940
1666171140,+3.47,+16.495, +9.058,+0.940
1666171200,+3.47,+16.469, +9.064,+0.940
1666171260,+3.47,+16.495, +9.057,+0.940
1666171320,+3.47,+16.537, +8.932,+0.940
1666171380,+3.47,+16.529, +8.856,+0.940
1666171440,+3.47,+16.563, +8.755,+0.940
1666171500,+3.47,+16.554, +8.808,+0.940
1666171560,+3.47,+16.571, +8.830,+0.940
1666171620,+3.47,+16.571, +8.906,+0.940
1666171680,+3.47,+16.563, +8.894,+0.940
1666171740,+3.47,+16.520, +8.970,+0.940
1666171800,+3.47,+16.512, +9.083,+0.940
1666171860,+3.47,+16.512, +9.088,+0.940
1666171920,+3.47,+16.537, +8.992,+0.940
1666171980,+3.47,+16.554, +8.921,+0.940
1666172040,+3.47,+16.537, +8.987,+0.940
1666172100,+3.47,+16.512, +8.957,+0.940
1666172160,+3.47,+16.529, +8.856,+0.940
1666172220,+3.47,+16.529, +8.774,+0.940
1666172280,+3.47,+16.520, +8.761,+0.940
1666172340,+3.47,+16.554, +8.952,+0.940
1666172400,+3.47,+16.512, +8.925,+0.939
1666172460,+3.47,+16.546, +8.907,+0.940
1666172520,+3.47,+16.537, +8.949,+0.940
1666172580,+3.47,+16.546, +8.898,+0.940
1666172640,+3.47,+16.554, +8.938,+0.940
1666172700,+3.47,+16.563, +8.938,+0.940
1666172760,+3.47,+16.571, +8.979,+0.940
1666172820,+3.47,+16.571, +8.956,+0.940
1666172880,+3.47,+16.563, +8.859,+0.940
1666172940,+3.47,+16.588, +8.817,+0.939
1666173000,+3.47,+16.563, +8.801,+0.940
1666173060,+3.47,+16.580, +8.753,+0.940
1666173120,+3.47,+16.580, +8.709,+0.940
1666173180,+3.47,+16.597, +8.726,+0.940
1666173240,+3.47,+16.597, +8.746,+0.940
1666173300,+3.47,+16.597, +8.730,+0.939
1666173360,+3.47,+16.571, +8.704,+0.939
1666173420,+3.47,+16.605, +8.610,+0.940
1666173480,+3.47,+16.631, +8.481,+0.939
1666173540,+3.47,+16.597, +8.491,+0.940
1666173600,+3.47,+16.622, +8.439,+0.940
1666173660,+3.47,+16.656, +8.559,+0.940
1666173720,+3.47,+16.656, +8.521,+0.940
1666173780,+3.47,+16.656, +8.502,+0.939
1666173840,+3.47,+16.648, +8.474,+0.939
1666173900,+3.47,+16.639, +8.455,+0.939
1666173960,+3.47,+16.639, +8.369,+0.939
1666174020,+3.47,+16.631, +8.393,+0.939
1666174080,+3.47,+16.622, +8.368,+0.939
1666174140,+3.47,+16.614, +8.299,+0.940
1666174200,+3.47,+16.605, +8.298,+0.939
1666174260,+3.47,+16.597, +8.399,+0.940
1666174320,+3.47,+16.597, +8.378,+0.939
1666174380,+3.47,+16.614, +8.365,+0.940
1666174440,+3.47,+16.639, +8.407,+0.939
1666174500,+3.47,+16.639, +8.563,+0.939
1666174560,+3.47,+16.656, +8.560,+0.939
1666174620,+3.47,+16.682, +8.485,+0.939
1666174680,+3.47,+16.716, +8.605,+0.940
1666174740,+3.47,+16.699, +8.572,+0.939
1666174800,+3.47,+16.707, +8.424,+0.939
1666174860,+3.47,+16.716, +8.356,+0.939
1666174920,+3.47,+16.716, +8.324,+0.939
1666174980,+3.47,+16.724, +8.313,+0.940
1666175040,+3.47,+16.707, +8.316,+0.940
1666175100,+3.47,+16.733, +8.349,+0.939
1666175160,+3.47,+16.707, +8.371,+0.939
1666175220,+3.47,+16.724, +8.410,+0.939
1666175280,+3.47,+16.707, +8.522,+0.940
1666175340,+3.47,+16.690, +8.585,+0.940
1666175400,+3.47,+16.707, +8.661,+0.940
1666175460,+3.47,+16.699, +8.722,+0.940
1666175520,+3.47,+16.682, +8.767,+0.940
1666175580,+3.47,+16.682, +8.762,+0.940
1666175640,+3.47,+16.665, +8.729,+0.939
1666175700,+3.47,+16.673, +8.717,+0.940
1666175760,+3.47,+16.690, +8.738,+0.940
1666175820,+3.47,+16.707, +8.687,+0.939
1666175880,+3.47,+16.682, +8.601,+0.940
1666175940,+3.47,+16.690, +8.532,+0.940
1666176000,+3.47,+16.707, +8.417,+0.940
1666176060,+3.47,+16.699, +8.442,+0.939
1666176120,+3.47,+16.716, +8.416,+0.940
1666176180,+3.47,+16.724, +8.498,+0.940
1666176240,+3.47,+16.741, +8.519,+0.939
1666176300,+3.47,+16.716, +8.485,+0.939
1666176360,+3.47,+16.724, +8.442,+0.940
1666176420,+3.47,+16.733, +8.351,+0.939
1666176480,+3.47,+16.724, +8.264,+0.939
1666176540,+3.47,+16.690, +8.250,+0.939
1666176600,+3.47,+16.690, +8.262,+0.939
1666176660,+3.47,+16.690, +8.278,+0.939
1666176720,+3.47,+16.699, +8.304,+0.940
1666176780,+3.47,+16.699, +8.314,+0.939
1666176840,+3.47,+16.716, +8.328,+0.939
1666176900,+3.47,+16.716, +8.300,+0.939
1666176960,+3.47,+16.733, +8.283,+0.939
1666177020,+3.47,+16.733, +8.274,+0.939
1666177080,+3.47,+16.733, +8.397,+0.939
1666177140,+3.47,+16.758, +8.437,+0.940
1666177200,+3.47,+16.758, +8.448,+0.939
1666177260,+3.47,+16.767, +8.512,+0.940
1666177320,+3.47,+16.758, +8.554,+0.939
1666177380,+3.47,+16.758, +8.542,+0.939
1666177440,+3.47,+16.750, +8.570,+0.939
1666177500,+3.47,+16.784, +8.626,+0.940
1666177560,+3.47,+16.801, +8.580,+0.940
1666177620,+3.47,+16.818, +8.570,+0.940
1666177680,+3.47,+16.818, +8.514,+0.940
1666177740,+3.48,+16.826, +8.446,+0.939
1666177800,+3.48,+16.860, +8.571,+0.940
1666177860,+3.48,+16.869, +8.692,+0.940
1666177920,+3.48,+16.860, +8.727,+0.939
1666177980,+3.48,+16.843, +8.787,+0.939
1666178040,+3.48,+16.843, +8.782,+0.940
1666178100,+3.47,+16.801, +8.830,+0.939
1666178160,+3.47,+16.801, +8.860,+0.940
1666178220,+3.47,+16.792, +8.676,+0.939
1666178280,+3.47,+16.792, +8.528,+0.939
1666178340,+3.47,+16.775, +8.556,+0.939
1666178400,+3.47,+16.784, +8.542,+0.939
1666178460,+3.47,+16.809, +8.578,+0.939
1666178520,+3.47,+16.758, +8.530,+0.939
1666178580,+3.47,+16.767, +8.408,+0.939
1666178640,+3.47,+16.784, +8.335,+0.939
1666178700,+3.47,+16.775, +8.299,+0.939
1666178760,+3.47,+16.784, +8.326,+0.939
1666178820,+3.47,+16.784, +8.355,+0.939
1666178880,+3.47,+16.775, +8.331,+0.940
1666178940,+3.47,+16.758, +8.378,+0.939
1666179000,+3.47,+16.775, +8.450,+0.940
1666179060,+3.47,+16.767, +8.516,+0.939
1666179120,+3.47,+16.767, +8.483,+0.939
1666179180,+3.47,+16.775, +8.403,+0.939
1666179240,+3.47,+16.775, +8.339,+0.939
1666179300,+3.47,+16.750, +8.353,+0.940
1666179360,+3.47,+16.758, +8.356,+0.939
1666179420,+3.47,+16.758, +8.366,+0.940
1666179480,+3.47,+16.784, +8.363,+0.940
1666179540,+3.47,+16.775, +8.389,+0.939
1666179600,+3.47,+16.784, +8.383,+0.939
1666179660,+3.47,+16.792, +8.383,+0.939
1666179720,+3.47,+16.784, +8.384,+0.940
1666179780,+3.47,+16.767, +8.376,+0.940
1666179840,+3.47,+16.801, +8.326,+0.939
1666179900,+3.47,+16.801, +8.364,+0.939
1666179960,+3.47,+16.792, +8.488,+0.939
1666180020,+3.47,+16.818, +8.565,+0.939
1666180080,+3.47,+16.784, +8.605,+0.939
1666180140,+3.47,+16.784, +8.665,+0.939
1666180200,+3.47,+16.775, +8.578,+0.940
1666180260,+3.47,+16.775, +8.610,+0.940
1666180320,+3.47,+16.784, +8.604,+0.940
1666180380,+3.47,+16.775, +8.666,+0.940
1666180440,+3.47,+16.792, +8.648,+0.940
1666180500,+3.47,+16.784, +8.649,+0.940
1666180560,+3.47,+16.775, +8.676,+0.940
1666180620,+3.47,+16.809, +8.697,+0.940
1666180680,+3.47,+16.792, +8.747,+0.940
1666180740,+3.47,+16.784, +8.746,+0.940
1666180800,+3.47,+16.775, +8.639,+0.940
1666180860,+3.47,+16.801, +8.407,+0.939
1666180920,+3.47,+16.801, +8.453,+0.939
1666180980,+3.47,+16.809, +8.366,+0.940
1666181040,+3.47,+16.818, +8.371,+0.939
1666181100,+3.47,+16.826, +8.368,+0.939
1666181160,+3.47,+16.826, +8.303,+0.939
1666181220,+3.47,+16.818, +8.368,+0.939
1666181280,+3.47,+16.809, +8.303,+0.939
1666181340,+3.47,+16.809, +8.223,+0.939
1666181400,+3.47,+16.792, +8.180,+0.939
1666181460,+3.47,+16.818, +8.173,+0.939
1666181520,+3.47,+16.835, +8.111,+0.939
1666181580,+3.47,+16.835, +8.040,+0.939
1666181640,+3.48,+16.852, +8.074,+0.939
1666181700,+3.48,+16.843, +8.422,+0.940
1666181760,+3.48,+16.860, +8.427,+0.939
1666181820,+3.48,+16.886, +8.452,+0.940
1666181880,+3.48,+16.886, +8.391,+0.940
1666181940,+3.48,+16.894, +8.245,+0.939
1666182000,+3.48,+16.903, +8.171,+0.939
1666182060,+3.48,+16.920, +8.089,+0.940
1666182120,+3.48,+16.920, +8.084,+0.939
1666182180,+3.48,+16.928, +8.086,+0.939
1666182240,+3.48,+16.903, +8.143,+0.939
1666182300,+3.48,+16.911, +8.197,+0.939
1666182360,+3.48,+16.894, +8.232,+0.940
1666182420,+3.48,+16.911, +8.188,+0.939
1666182480,+3.48,+16.903, +8.225,+0.940
1666182540,+3.48,+16.886, +8.275,+0.939
1666182600,+3.48,+16.877, +8.305,+0.940
1666182660,+3.48,+16.894, +8.440,+0.939
1666182720,+3.48,+16.860, +8.511,+0.940
1666182780,+3.48,+16.860, +8.482,+0.939
1666182840,+3.48,+16.852, +8.332,+0.940
1666182900,+3.48,+16.835, +8.314,+0.939
1666182960,+3.48,+16.843, +8.340,+0.939
1666183020,+3.47,+16.826, +8.335,+0.939
1666183080,+3.48,+16.835, +8.314,+0.939
1666183140,+3.47,+16.826, +8.337,+0.940
1666183200,+3.47,+16.835, +8.380,+0.939
1666183260,+3.48,+16.835, +8.605,+0.940
1666183320,+3.47,+16.818, +8.668,+0.939
1666183380,+3.47,+16.826, +8.625,+0.939
1666183440,+3.47,+16.818, +8.547,+0.940
1666183500,+3.47,+16.818, +8.476,+0.939
1666183560,+3.48,+16.860, +8.388,+0.940
1666183620,+3.48,+16.835, +8.401,+0.939
1666183680,+3.48,+16.835, +8.409,+0.939
1666183740,+3.48,+16.852, +8.431,+0.939
1666183800,+3.47,+16.835, +8.417,+0.940
1666183860,+3.47,+16.826, +8.410,+0.939
1666183920,+3.47,+16.852, +8.424,+0.939
1666183980,+3.48,+16.860, +8.441,+0.940
1666184040,+3.47,+16.826, +8.511,+0.939
1666184100,+3.47,+16.826, +8.501,+0.939
1666184160,+3.47,+16.826, +8.337,+0.939
1666184220,+3.47,+16.826, +8.326,+0.940
1666184280,+3.47,+16.835, +8.321,+0.939
1666184340,+3.47,+16.835, +8.301,+0.939
1666184400,+3.47,+16.835, +8.217,+0.940
1666184460,+3.47,+16.843, +8.278,+0.939
1666184520,+3.47,+16.852, +8.417,+0.939
1666184580,+3.47,+16.852, +8.459,+0.939
1666184640,+3.48,+16.869, +8.445,+0.939
1666184700,+3.48,+16.869, +8.468,+0.940
1666184760,+3.48,+16.860, +8.472,+0.940
1666184820,+3.48,+16.860, +8.472,+0.939
1666184880,+3.48,+16.852, +8.502,+0.939
1666184940,+3.48,+16.877, +8.437,+0.940
1666185000,+3.48,+16.877, +8.399,+0.940
1666185060,+3.48,+16.877, +8.591,+0.940
1666185120,+3.48,+16.894, +8.635,+0.939
1666185180,+3.48,+16.877, +8.615,+0.939
1666185240,+3.48,+16.894, +8.582,+0.939
1666185300,+3.48,+16.869, +8.540,+0.940
1666185360,+3.48,+16.886, +8.498,+0.939
1666185420,+3.48,+16.877, +8.443,+0.940
1666185480,+3.48,+16.894, +8.329,+0.940
1666185540,+3.48,+16.886, +8.155,+0.939
1666185600,+3.48,+16.911, +8.145,+0.939
1666185660,+3.48,+16.920, +8.138,+0.939
1666185720,+3.48,+16.928, +8.162,+0.939
1666185780,+3.48,+16.937, +8.281,+0.939
1666185840,+3.48,+16.937, +8.328,+0.939
1666185900,+3.48,+16.937, +8.356,+0.940
1666185960,+3.48,+16.937, +8.347,+0.939
1666186020,+3.48,+16.945, +8.337,+0.939
1666186080,+3.48,+16.954, +8.295,+0.939
1666186140,+3.48,+16.937, +8.306,+0.939
1666186200,+3.48,+16.928, +8.189,+0.939
1666186260,+3.48,+16.920, +8.208,+0.939
1666186320,+3.48,+16.920, +8.181,+0.939
1666186380,+3.48,+16.920, +8.180,+0.939
1666186440,+3.48,+16.920, +8.282,+0.940
1666186500,+3.48,+16.903, +8.297,+0.939
1666186560,+3.48,+16.903, +8.264,+0.939
1666186620,+3.48,+16.894, +8.181,+0.939
1666186680,+3.48,+16.894, +8.131,+0.939
1666186740,+3.48,+16.877, +8.292,+0.940
1666186800,+3.48,+16.877, +8.382,+0.940
1666186860,+3.48,+16.903, +8.430,+0.940
1666186920,+3.48,+16.877, +8.383,+0.939
1666186980,+3.48,+16.911, +8.311,+0.939
1666187040,+3.48,+16.886, +8.188,+0.939
1666187100,+3.48,+16.894, +8.276,+0.939
1666187160,+3.48,+16.886, +8.267,+0.939
1666187220,+3.48,+16.894, +8.266,+0.939
1666187280,+3.48,+16.894, +8.455,+0.939
1666187340,+3.48,+16.894, +8.405,+0.939
1666187400,+3.48,+16.894, +8.460,+0.939
1666187460,+3.48,+16.886, +8.560,+0.939
1666187520,+3.48,+16.903, +8.530,+0.940
1666187580,+3.48,+16.911, +8.451,+0.939
1666187640,+3.48,+16.903, +8.471,+0.939
1666187700,+3.48,+16.903, +8.491,+0.939
1666187760,+3.48,+16.894, +8.541,+0.939
1666187820,+3.48,+16.903, +8.623,+0.940
1666187880,+3.48,+16.911, +8.636,+0.939
1666187940,+3.48,+16.911, +8.625,+0.940
1666188000,+3.48,+16.894, +8.685,+0.940
1666188060,+3.48,+16.894, +8.725,+0.940
1666188120,+3.48,+16.886, +8.720,+0.940
1666188180,+3.48,+16.869, +8.733,+0.939
1666188240,+3.48,+16.886, +8.741,+0.939
1666188300,+3.48,+16.886, +8.745,+0.940
1666188360,+3.48,+16.860, +8.768,+0.939
1666188420,+3.48,+16.860, +8.772,+0.940
1666188480,+3.48,+16.843, +8.769,+0.940
1666188540,+3.47,+16.826, +8.802,+0.939
1666188600,+3.47,+16.801, +8.876,+0.940
1666188660,+3.47,+16.801, +8.836,+0.939
1666188720,+3.47,+16.792, +8.772,+0.940
1666188780,+3.47,+16.784, +8.842,+0.940
1666188840,+3.47,+16.784, +8.883,+0.940
1666188900,+3.47,+16.792, +8.937,+0.940
1666188960,+3.47,+16.750, +8.986,+0.940
1666189020,+3.47,+16.750, +8.979,+0.940
1666189080,+3.47,+16.758, +8.933,+0.940
1666189140,+3.47,+16.716, +8.952,+0.940
1666189200,+3.47,+16.741, +8.954,+0.940
1666189260,+3.47,+16.750, +8.956,+0.940
1666189320,+3.47,+16.741, +8.940,+0.940
1666189380,+3.47,+16.750, +8.992,+0.940
1666189440,+3.47,+16.750, +9.064,+0.940
1666189500,+3.47,+16.758, +9.015,+0.940
1666189560,+3.47,+16.724, +8.983,+0.940
1666189620,+3.47,+16.733, +8.924,+0.940
1666189680,+3.47,+16.733, +8.899,+0.940
1666189740,+3.47,+16.733, +8.889,+0.940
1666189800,+3.47,+16.741, +8.854,+0.940
1666189860,+3.47,+16.750, +8.875,+0.940
1666189920,+3.47,+16.733, +8.843,+0.940
1666189980,+3.47,+16.758, +8.823,+0.940
1666190040,+3.47,+16.767, +8.805,+0.940
1666190100,+3.47,+16.758, +8.768,+0.940
1666190160,+3.47,+16.792, +8.752,+0.940
1666190220,+3.47,+16.775, +8.728,+0.940
1666190280,+3.47,+16.767, +8.748,+0.940
1666190340,+3.47,+16.784, +8.743,+0.940
1666190400,+3.47,+16.775, +8.752,+0.940
1666190460,+3.47,+16.775, +8.718,+0.939
1666190520,+3.47,+16.801, +8.696,+0.939
1666190580,+3.47,+16.801, +8.684,+0.940
1666190640,+3.47,+16.801, +8.614,+0.940
1666190700,+3.47,+16.792, +8.566,+0.940
1666190760,+3.47,+16.792, +8.820,+0.940
1666190820,+3.47,+16.758, +8.958,+0.940
1666190880,+3.47,+16.775, +8.881,+0.940
1666190940,+3.47,+16.784, +8.861,+0.940
1666191000,+3.47,+16.784, +8.850,+0.940
1666191060,+3.47,+16.775, +8.914,+0.940
1666191120,+3.47,+16.775, +8.943,+0.940
1666191180,+3.47,+16.767, +8.926,+0.940
1666191240,+3.47,+16.792, +8.834,+0.940
1666191300,+3.47,+16.792, +8.777,+0.939
1666191360,+3.47,+16.801, +8.763,+0.940
1666191420,+3.47,+16.784, +8.764,+0.940
1666191480,+3.47,+16.775, +8.765,+0.939
1666191540,+3.47,+16.775, +8.765,+0.940
1666191600,+3.47,+16.775, +8.819,+0.940
1666191660,+3.47,+16.767, +8.756,+0.940
1666191720,+3.47,+16.784, +8.826,+0.940
1666191780,+3.47,+16.775, +8.853,+0.940
1666191840,+3.47,+16.775, +8.837,+0.940
1666191900,+3.47,+16.767, +8.823,+0.940
1666191960,+3.47,+16.784, +8.801,+0.940
1666192020,+3.47,+16.775, +8.801,+0.940
1666192080,+3.47,+16.767, +8.858,+0.940
1666192140,+3.47,+16.767, +8.849,+0.940
1666192200,+3.47,+16.758, +8.897,+0.940
1666192260,+3.47,+16.775, +8.912,+0.940
1666192320,+3.47,+16.758, +8.935,+0.940
1666192380,+3.47,+16.792, +8.884,+0.940
1666192440,+3.47,+16.801, +8.853,+0.940
1666192500,+3.47,+16.792, +8.846,+0.940
1666192560,+3.47,+16.801, +8.857,+0.940
1666192620,+3.47,+16.809, +8.819,+0.939
1666192680,+3.47,+16.801, +9.017,+0.940
1666192740,+3.47,+16.784, +8.991,+0.940
1666192800,+3.47,+16.784, +8.956,+0.940
1666192860,+3.47,+16.792, +8.922,+0.940
1666192920,+3.47,+16.792, +8.939,+0.940
1666192980,+3.47,+16.801, +8.911,+0.940
1666193040,+3.47,+16.809, +8.890,+0.940
1666193100,+3.47,+16.818, +8.889,+0.940
1666193160,+3.47,+16.809, +8.882,+0.940
1666193220,+3.47,+16.801, +8.927,+0.940
1666193280,+3.47,+16.809, +8.918,+0.940
1666193340,+3.47,+16.801, +8.929,+0.940
1666193400,+3.47,+16.818, +8.926,+0.939
1666193460,+3.47,+16.809, +8.949,+0.940
1666193520,+3.47,+16.818, +8.872,+0.940
1666193580,+3.47,+16.826, +8.845,+0.940
1666193640,+3.47,+16.818, +8.819,+0.939
1666193700,+3.47,+16.843, +8.852,+0.940
1666193760,+3.47,+16.809, +8.890,+0.940
1666193820,+3.47,+16.801, +8.852,+0.940
1666193880,+3.47,+16.801, +8.881,+0.939
1666193940,+3.47,+16.775, +8.928,+0.940
1666194000,+3.47,+16.767, +9.018,+0.940
1666194060,+3.47,+16.767, +9.040,+0.940
1666194120,+3.47,+16.750, +9.052,+0.940
1666194180,+3.47,+16.741, +9.048,+0.939
1666194240,+3.47,+16.733, +9.082,+0.940
1666194300,+3.47,+16.733, +9.064,+0.940
1666194360,+3.47,+16.750, +9.011,+0.940
1666194420,+3.47,+16.707, +9.061,+0.940
1666194480,+3.47,+16.716, +9.113,+0.940
1666194540,+3.47,+16.724, +9.150,+0.940
1666194600,+3.47,+16.750, +9.150,+0.940
1666194660,+3.47,+16.716, +9.149,+0.940
1666194720,+3.47,+16.716, +9.153,+0.940
1666194780,+3.47,+16.716, +9.163,+0.940
1666194840,+3.47,+16.699, +9.170,+0.940
1666194900,+3.47,+16.699, +9.154,+0.940
1666194960,+3.47,+16.673, +9.161,+0.940
1666195020,+3.47,+16.673, +9.128,+0.939
1666195080,+3.47,+16.673, +9.130,+0.940
1666195140,+3.47,+16.631, +9.110,+0.939
1666195200,+3.47,+16.614, +9.106,+0.940
1666195260,+3.47,+16.614, +9.147,+0.940
1666195320,+3.47,+16.597, +9.148,+0.940
1666195380,+3.47,+16.588, +9.117,+0.939
1666195440,+3.47,+16.571, +9.122,+0.940
1666195500,+3.47,+16.571, +9.163,+0.940
1666195560,+3.47,+16.546, +9.236,+0.940
1666195620,+3.47,+16.563, +9.261,+0.940
1666195680,+3.47,+16.546, +9.305,+0.940
1666195740,+3.47,+16.554, +9.288,+0.939
1666195800,+3.47,+16.563, +9.284,+0.940
1666195860,+3.47,+16.546, +9.276,+0.940
1666195920,+3.47,+16.563, +9.260,+0.940
1666195980,+3.47,+16.546, +9.272,+0.940
1666196040,+3.47,+16.554, +9.266,+0.940
1666196100,+3.47,+16.580, +9.272,+0.940
1666196160,+3.47,+16.563, +9.283,+0.940
1666196220,+3.47,+16.563, +9.305,+0.940
1666196280,+3.47,+16.571, +9.313,+0.940
1666196340,+3.47,+16.580, +9.319,+0.940
1666196400,+3.47,+16.571, +9.346,+0.940
1666196460,+3.47,+16.588, +9.322,+0.940
1666196520,+3.47,+16.588, +9.347,+0.940
1666196580,+3.47,+16.580, +9.345,+0.940
1666196640,+3.47,+16.580, +9.316,+0.940
1666196700,+3.47,+16.580, +9.334,+0.940
1666196760,+3.47,+16.580, +9.306,+0.940
1666196820,+3.47,+16.571, +9.316,+0.940
1666196880,+3.47,+16.571, +9.329,+0.940
1666196940,+3.47,+16.580, +9.291,+0.940
1666197000,+3.47,+16.563, +9.271,+0.940
1666197060,+3.47,+16.571, +9.334,+0.940
1666197120,+3.47,+16.588, +9.315,+0.940
1666197180,+3.47,+16.571, +9.317,+0.940
1666197240,+3.47,+16.571, +9.361,+0.940
1666197300,+3.47,+16.571, +9.328,+0.940
1666197360,+3.47,+16.571, +9.187,+0.940
1666197420,+3.47,+16.563, +9.187,+0.940
1666197480,+3.47,+16.571, +9.132,+0.940
1666197540,+3.47,+16.554, +9.063,+0.940
1666197600,+3.47,+16.554, +9.064,+0.940
1666197660,+3.47,+16.571, +9.058,+0.940
1666197720,+3.47,+16.546, +9.059,+0.940
1666197780,+3.47,+16.563, +9.167,+0.940
1666197840,+3.47,+16.563, +9.227,+0.940
1666197900,+3.47,+16.588, +9.226,+0.940
1666197960,+3.47,+16.597, +9.289,+0.940
1666198020,+3.47,+16.614, +9.262,+0.940
1666198080,+3.47,+16.597, +9.399,+0.940
1666198140,+3.47,+16.622, +9.465,+0.940
1666198200,+3.47,+16.622, +9.363,+0.940
