7450-364333
OS REV: 1.05 Sensor Cal: 1644948279
Time (sec),  BV (Volts),  T (deg C),  DO (mg/l),  Q ()
1664383860,+3.49,+20.179,+10.280,+0.946
1664383920,+3.49,+20.179,+10.098,+0.946
1664383980,+3.49,+20.179,+10.148,+0.947
1664384040,+3.49,+20.187,+10.132,+0.946
1664384100,+3.49,+20.162,+10.079,+0.946
1664384160,+3.49,+20.187,+10.115,+0.946
1664384220,+3.49,+20.179,+10.138,+0.947
1664384280,+3.49,+20.179,+10.102,+0.946
1664384340,+3.49,+20.170,+10.084,+0.946
1664384400,+3.49,+20.162,+10.090,+0.946
1664384460,+3.49,+20.162,+10.048,+0.946
1664384520,+3.49,+20.179,+10.124,+0.946
1664384580,+3.49,+20.170,+10.082,+0.946
1664384640,+3.49,+20.137,+10.006,+0.947
1664384700,+3.49,+20.095,+10.049,+0.946
1664384760,+3.48,+20.028, +9.643,+0.946
1664384820,+3.48,+19.894, +9.556,+0.945
1664384880,+3.48,+19.827, +9.481,+0.945
1664384940,+3.48,+19.785, +9.529,+0.945
1664385000,+3.48,+19.743, +9.443,+0.945
1664385060,+3.48,+19.709, +9.408,+0.945
1664385120,+3.48,+19.625, +9.360,+0.945
1664385180,+3.48,+19.592, +9.392,+0.945
1664385240,+3.48,+19.583, +9.369,+0.946
1664385300,+3.48,+19.558, +9.389,+0.945
1664385360,+3.48,+19.567, +9.417,+0.945
1664385420,+3.48,+19.533, +9.351,+0.945
1664385480,+3.49,+19.491, +9.331,+0.945
1664385540,+3.48,+19.474, +9.364,+0.945
1664385600,+3.49,+19.483, +9.427,+0.945
1664385660,+3.49,+19.483, +9.321,+0.945
1664385720,+3.49,+19.432, +9.315,+0.945
1664385780,+3.49,+19.416, +9.302,+0.945
1664385840,+3.49,+19.407, +9.313,+0.945
1664385900,+3.49,+19.390, +9.292,+0.945
1664385960,+3.49,+19.382, +9.277,+0.945
1664386020,+3.49,+19.374, +9.280,+0.945
1664386080,+3.49,+19.382, +9.249,+0.945
1664386140,+3.49,+19.348, +9.226,+0.945
1664386200,+3.49,+19.348, +9.222,+0.945
1664386260,+3.49,+19.323, +9.236,+0.946
1664386320,+3.49,+19.323, +9.294,+0.945
1664386380,+3.49,+19.332, +9.296,+0.945
1664386440,+3.49,+19.348, +9.284,+0.945
1664386500,+3.49,+19.365, +9.270,+0.945
1664386560,+3.49,+19.374, +9.292,+0.945
1664386620,+3.49,+19.390, +9.330,+0.946
1664386680,+3.49,+19.382, +9.325,+0.946
1664386740,+3.49,+19.407, +9.324,+0.945
1664386800,+3.49,+19.399, +9.297,+0.945
1664386860,+3.49,+19.374, +9.270,+0.945
1664386920,+3.49,+19.340, +9.248,+0.945
1664386980,+3.49,+19.357, +9.311,+0.945
1664387040,+3.49,+19.365, +9.381,+0.945
1664387100,+3.49,+19.374, +9.366,+0.945
1664387160,+3.49,+19.365, +9.338,+0.945
1664387220,+3.49,+19.348, +9.302,+0.945
1664387280,+3.49,+19.407, +9.497,+0.945
1664387340,+3.49,+19.466, +9.461,+0.945
1664387400,+3.49,+19.407, +9.352,+0.945
1664387460,+3.49,+19.399, +9.306,+0.946
1664387520,+3.49,+19.390, +9.309,+0.945
1664387580,+3.49,+19.382, +9.294,+0.946
1664387640,+3.49,+19.382, +9.395,+0.945
1664387700,+3.49,+19.399, +9.457,+0.946
1664387760,+3.49,+19.458, +9.578,+0.946
1664387820,+3.48,+19.499, +9.593,+0.946
1664387880,+3.48,+19.508, +9.507,+0.945
1664387940,+3.48,+19.499, +9.504,+0.946
1664388000,+3.48,+19.483, +9.493,+0.945
1664388060,+3.48,+19.499, +9.510,+0.946
1664388120,+3.48,+19.491, +9.510,+0.945
1664388180,+3.48,+19.508, +9.533,+0.946
1664388240,+3.48,+19.508, +9.515,+0.946
1664388300,+3.48,+19.483, +9.504,+0.945
1664388360,+3.48,+19.491, +9.480,+0.945
1664388420,+3.48,+19.466, +9.484,+0.945
1664388480,+3.49,+19.466, +9.529,+0.945
1664388540,+3.48,+19.508, +9.551,+0.946
1664388600,+3.48,+19.533, +9.563,+0.946
1664388660,+3.48,+19.525, +9.595,+0.945
1664388720,+3.48,+19.550, +9.633,+0.946
1664388780,+3.48,+19.583, +9.734,+0.946
1664388840,+3.48,+19.659, +9.739,+0.946
1664388900,+3.48,+19.684, +9.741,+0.946
1664388960,+3.48,+19.701, +9.809,+0.946
1664389020,+3.48,+19.726, +9.821,+0.946
1664389080,+3.48,+19.751, +9.845,+0.946
1664389140,+3.48,+19.768, +9.955,+0.946
1664389200,+3.48,+19.801, +9.971,+0.946
1664389260,+3.48,+19.818,+10.022,+0.946
1664389320,+3.48,+19.852,+10.010,+0.946
1664389380,+3.48,+19.843,+10.057,+0.947
1664389440,+3.48,+19.835, +9.921,+0.946
1664389500,+3.48,+19.776, +9.965,+0.946
1664389560,+3.48,+19.768, +9.985,+0.946
1664389620,+3.48,+19.751,+10.020,+0.946
1664389680,+3.48,+19.709, +9.887,+0.946
1664389740,+3.48,+19.692, +9.842,+0.946
1664389800,+3.48,+19.684, +9.814,+0.946
1664389860,+3.48,+19.726, +9.857,+0.946
1664389920,+3.48,+19.768, +9.940,+0.946
1664389980,+3.48,+19.827, +9.988,+0.946
1664390040,+3.48,+19.843, +9.949,+0.946
1664390100,+3.48,+19.818,+10.008,+0.946
1664390160,+3.48,+19.818, +9.779,+0.946
1664390220,+3.48,+19.793, +9.791,+0.946
1664390280,+3.48,+19.827,+10.210,+0.946
1664390340,+3.48,+19.818, +9.934,+0.946
1664390400,+3.48,+19.827,+10.101,+0.946
1664390460,+3.48,+19.843,+10.080,+0.946
1664390520,+3.48,+19.868,+10.147,+0.946
1664390580,+3.48,+19.910,+10.183,+0.946
1664390640,+3.48,+19.936,+10.401,+0.947
1664390700,+3.48,+19.994,+10.639,+0.947
1664390760,+3.48,+19.977,+10.680,+0.947
1664390820,+3.48,+19.977,+10.615,+0.947
1664390880,+3.48,+19.969,+10.412,+0.947
1664390940,+3.48,+19.961,+10.363,+0.947
1664391000,+3.48,+19.977,+10.254,+0.947
1664391060,+3.48,+19.969,+10.217,+0.946
1664391120,+3.48,+19.986,+10.041,+0.946
1664391180,+3.48,+19.969,+10.149,+0.946
1664391240,+3.48,+19.961,+10.290,+0.946
1664391300,+3.48,+19.961,+10.201,+0.946
1664391360,+3.48,+19.952,+10.290,+0.946
1664391420,+3.48,+19.952,+10.277,+0.946
1664391480,+3.48,+19.952,+10.255,+0.946
1664391540,+3.48,+19.952,+10.325,+0.947
1664391600,+3.48,+19.969,+10.253,+0.947
1664391660,+3.48,+19.961,+10.184,+0.946
1664391720,+3.48,+19.994,+10.011,+0.946
1664391780,+3.48,+20.003, +9.717,+0.946
1664391840,+3.48,+20.019, +9.534,+0.946
1664391900,+3.48,+20.019, +9.470,+0.945
1664391960,+3.48,+20.036, +9.419,+0.945
1664392020,+3.48,+20.011, +9.487,+0.946
1664392080,+3.48,+20.036, +9.587,+0.946
1664392140,+3.48,+20.044, +9.569,+0.946
1664392200,+3.48,+20.053, +9.125,+0.945
1664392260,+3.48,+20.044, +9.170,+0.945
1664392320,+3.48,+20.036, +9.180,+0.945
1664392380,+3.48,+20.044, +9.109,+0.945
1664392440,+3.48,+20.053, +9.218,+0.945
1664392500,+3.48,+20.061, +9.372,+0.946
1664392560,+3.48,+20.078, +9.284,+0.946
1664392620,+3.48,+20.078, +9.286,+0.946
1664392680,+3.48,+20.078, +9.304,+0.946
1664392740,+3.49,+20.078, +9.280,+0.945
1664392800,+3.49,+20.053, +9.223,+0.946
1664392860,+3.49,+20.061, +9.262,+0.946
1664392920,+3.49,+20.086, +9.000,+0.945
1664392980,+3.49,+20.095, +9.127,+0.946
1664393040,+3.49,+20.086, +9.212,+0.945
1664393100,+3.49,+20.095, +9.373,+0.945
1664393160,+3.49,+20.103, +9.302,+0.945
1664393220,+3.49,+20.095, +9.287,+0.945
1664393280,+3.49,+20.103, +9.100,+0.945
1664393340,+3.49,+20.095, +9.134,+0.945
1664393400,+3.49,+20.103, +9.067,+0.945
1664393460,+3.49,+20.103, +9.009,+0.945
1664393520,+3.49,+20.086, +8.677,+0.945
1664393580,+3.49,+20.095, +8.670,+0.945
1664393640,+3.49,+20.086, +9.261,+0.945
1664393700,+3.49,+20.103, +9.227,+0.945
1664393760,+3.49,+20.120, +9.249,+0.946
1664393820,+3.49,+20.120, +9.175,+0.945
1664393880,+3.49,+20.112, +9.153,+0.945
1664393940,+3.49,+20.112, +9.175,+0.945
1664394000,+3.49,+20.095, +9.207,+0.945
1664394060,+3.49,+20.103, +9.051,+0.945
1664394120,+3.49,+20.103, +9.059,+0.945
1664394180,+3.49,+20.086, +9.020,+0.946
1664394240,+3.49,+20.095, +9.010,+0.945
1664394300,+3.49,+20.095, +8.953,+0.945
1664394360,+3.49,+20.095, +8.872,+0.945
1664394420,+3.49,+20.103, +8.783,+0.945
1664394480,+3.49,+20.095, +8.800,+0.945
1664394540,+3.49,+20.095, +8.747,+0.945
1664394600,+3.49,+20.112, +8.639,+0.945
1664394660,+3.49,+20.103, +8.640,+0.945
1664394720,+3.49,+20.112, +8.512,+0.945
1664394780,+3.49,+20.112, +8.426,+0.945
1664394840,+3.49,+20.103, +8.508,+0.945
1664394900,+3.49,+20.112, +8.515,+0.945
1664394960,+3.49,+20.112, +8.553,+0.944
1664395020,+3.49,+20.095, +8.487,+0.945
1664395080,+3.49,+20.112, +8.653,+0.945
1664395140,+3.49,+20.120, +8.804,+0.945
1664395200,+3.49,+20.103, +8.775,+0.945
1664395260,+3.49,+20.128, +8.626,+0.945
1664395320,+3.49,+20.061, +8.276,+0.944
1664395380,+3.49,+20.095, +8.098,+0.944
1664395440,+3.49,+20.103, +8.128,+0.944
1664395500,+3.49,+20.086, +8.141,+0.944
1664395560,+3.49,+20.086, +8.151,+0.944
1664395620,+3.49,+20.078, +8.095,+0.944
1664395680,+3.49,+20.078, +8.069,+0.944
1664395740,+3.48,+20.061, +8.016,+0.944
1664395800,+3.48,+20.036, +8.021,+0.944
1664395860,+3.48,+20.036, +8.026,+0.944
1664395920,+3.48,+20.036, +7.977,+0.944
1664395980,+3.48,+20.028, +7.920,+0.944
1664396040,+3.48,+20.011, +7.917,+0.944
1664396100,+3.48,+20.011, +7.958,+0.944
1664396160,+3.48,+20.019, +7.948,+0.944
1664396220,+3.48,+20.028, +7.973,+0.944
1664396280,+3.48,+20.028, +8.192,+0.945
1664396340,+3.48,+20.003, +8.182,+0.944
1664396400,+3.48,+20.019, +7.986,+0.944
1664396460,+3.48,+20.003, +7.899,+0.944
1664396520,+3.48,+20.003, +7.850,+0.944
1664396580,+3.48,+19.994, +7.829,+0.944
1664396640,+3.48,+19.994, +7.821,+0.944
1664396700,+3.48,+20.003, +7.811,+0.944
1664396760,+3.48,+19.986, +7.817,+0.944
1664396820,+3.48,+19.994, +7.807,+0.944
1664396880,+3.48,+19.986, +7.813,+0.944
1664396940,+3.48,+19.986, +7.806,+0.944
1664397000,+3.48,+19.977, +7.811,+0.944
1664397060,+3.48,+19.986, +7.805,+0.944
1664397120,+3.48,+19.977, +7.797,+0.944
1664397180,+3.48,+19.969, +7.807,+0.944
1664397240,+3.48,+19.977, +7.810,+0.944
1664397300,+3.48,+19.969, +7.805,+0.944
1664397360,+3.48,+19.969, +7.813,+0.944
1664397420,+3.48,+19.969, +7.805,+0.944
1664397480,+3.48,+19.969, +7.820,+0.944
1664397540,+3.48,+19.952, +7.856,+0.944
1664397600,+3.48,+19.961, +7.856,+0.944
1664397660,+3.48,+19.986, +7.846,+0.944
1664397720,+3.48,+19.969, +7.850,+0.944
1664397780,+3.48,+19.977, +7.854,+0.944
1664397840,+3.48,+19.961, +7.853,+0.944
1664397900,+3.48,+19.961, +7.858,+0.944
1664397960,+3.48,+19.969, +7.851,+0.944
1664398020,+3.48,+19.969, +7.853,+0.944
1664398080,+3.48,+19.977, +7.868,+0.945
1664398140,+3.48,+19.986, +7.860,+0.944
1664398200,+3.48,+19.977, +7.872,+0.944
1664398260,+3.48,+19.986, +7.923,+0.944
1664398320,+3.48,+19.977, +7.964,+0.945
1664398380,+3.48,+19.977, +7.992,+0.944
1664398440,+3.48,+19.994, +8.039,+0.944
1664398500,+3.48,+19.994, +8.084,+0.944
1664398560,+3.48,+20.019, +8.090,+0.944
1664398620,+3.48,+20.011, +8.080,+0.945
1664398680,+3.48,+20.011, +8.076,+0.944
1664398740,+3.48,+20.019, +8.109,+0.944
1664398800,+3.48,+20.011, +8.126,+0.945
1664398860,+3.48,+20.011, +8.121,+0.944
1664398920,+3.48,+20.028, +8.159,+0.944
1664398980,+3.48,+20.019, +8.161,+0.944
1664399040,+3.48,+20.028, +8.208,+0.945
1664399100,+3.48,+20.003, +8.228,+0.944
1664399160,+3.48,+20.036, +8.253,+0.945
1664399220,+3.48,+20.028, +8.218,+0.944
1664399280,+3.48,+20.003, +8.228,+0.945
1664399340,+3.48,+20.028, +8.215,+0.944
1664399400,+3.48,+20.036, +8.235,+0.944
1664399460,+3.48,+20.036, +8.249,+0.945
1664399520,+3.48,+20.011, +8.298,+0.945
1664399580,+3.48,+20.028, +8.281,+0.945
1664399640,+3.48,+20.044, +8.559,+0.945
1664399700,+3.48,+20.019, +8.406,+0.945
1664399760,+3.48,+20.028, +8.251,+0.945
1664399820,+3.48,+20.011, +8.202,+0.944
1664399880,+3.48,+20.011, +8.169,+0.944
1664399940,+3.48,+20.028, +8.168,+0.944
1664400000,+3.48,+20.044, +8.276,+0.944
1664400060,+3.48,+20.036, +8.300,+0.945
1664400120,+3.49,+20.036, +8.391,+0.945
1664400180,+3.48,+20.019, +8.365,+0.945
1664400240,+3.48,+20.028, +8.248,+0.944
1664400300,+3.48,+20.019, +8.208,+0.945
1664400360,+3.49,+20.028, +8.153,+0.945
1664400420,+3.49,+20.019, +8.109,+0.944
1664400480,+3.48,+20.011, +8.203,+0.945
1664400540,+3.48,+20.011, +8.257,+0.945
1664400600,+3.48,+19.986, +8.291,+0.944
1664400660,+3.48,+20.003, +8.299,+0.944
1664400720,+3.48,+19.994, +8.292,+0.944
1664400780,+3.48,+19.986, +8.377,+0.945
1664400840,+3.48,+19.986, +8.505,+0.945
1664400900,+3.48,+19.994, +8.547,+0.944
1664400960,+3.48,+19.977, +8.525,+0.945
1664401020,+3.48,+19.994, +8.470,+0.945
1664401080,+3.48,+19.994, +8.542,+0.945
1664401140,+3.48,+19.977, +8.601,+0.945
1664401200,+3.48,+20.003, +8.507,+0.944
1664401260,+3.48,+20.011, +8.960,+0.945
1664401320,+3.48,+20.019, +9.111,+0.945
1664401380,+3.48,+20.003, +8.892,+0.945
1664401440,+3.48,+20.036, +8.852,+0.945
1664401500,+3.48,+20.019, +8.837,+0.945
1664401560,+3.48,+20.019, +8.758,+0.945
1664401620,+3.48,+20.019, +8.714,+0.945
1664401680,+3.48,+20.011, +8.665,+0.945
1664401740,+3.48,+20.028, +8.731,+0.945
1664401800,+3.48,+20.028, +8.741,+0.945
1664401860,+3.49,+20.044, +8.744,+0.945
1664401920,+3.48,+20.036, +8.696,+0.945
1664401980,+3.48,+20.028, +8.621,+0.945
1664402040,+3.48,+20.028, +8.665,+0.945
1664402100,+3.48,+20.036, +8.829,+0.945
1664402160,+3.48,+20.036, +8.981,+0.945
1664402220,+3.48,+20.036, +9.193,+0.946
1664402280,+3.48,+20.019, +9.188,+0.945
1664402340,+3.48,+20.028, +9.249,+0.945
1664402400,+3.48,+20.053, +9.477,+0.945
1664402460,+3.49,+20.078, +9.802,+0.946
1664402520,+3.49,+20.112, +9.934,+0.946
1664402580,+3.49,+20.128, +9.847,+0.946
1664402640,+3.49,+20.112, +9.797,+0.946
1664402700,+3.49,+20.112, +9.817,+0.946
1664402760,+3.49,+20.137,+10.047,+0.946
1664402820,+3.49,+20.145,+10.071,+0.946
1664402880,+3.49,+20.120,+10.017,+0.946
1664402940,+3.49,+20.095, +9.961,+0.946
1664403000,+3.49,+20.170,+10.071,+0.946
1664403060,+3.49,+20.170,+10.128,+0.946
1664403120,+3.49,+20.162,+10.076,+0.946
1664403180,+3.49,+20.204,+10.340,+0.946
1664403240,+3.49,+20.254,+10.596,+0.947
1664403300,+3.49,+20.262,+10.772,+0.947
1664403360,+3.49,+20.279,+10.621,+0.947
1664403420,+3.49,+20.262,+10.389,+0.947
1664403480,+3.49,+20.237,+10.219,+0.947
1664403540,+3.49,+20.246,+10.142,+0.946
1664403600,+3.49,+20.237,+10.100,+0.946
1664403660,+3.49,+20.237,+10.085,+0.946
1664403720,+3.49,+20.279,+10.082,+0.946
1664403780,+3.49,+20.262,+10.137,+0.946
1664403840,+3.49,+20.254,+10.122,+0.946
1664403900,+3.49,+20.262,+10.119,+0.946
1664403960,+3.49,+20.262,+10.108,+0.946
1664404020,+3.49,+20.254,+10.094,+0.946
1664404080,+3.49,+20.279, +9.913,+0.946
1664404140,+3.49,+20.279, +9.986,+0.947
1664404200,+3.49,+20.279, +9.856,+0.946
1664404260,+3.49,+20.287, +9.784,+0.946
1664404320,+3.49,+20.296, +9.799,+0.946
1664404380,+3.49,+20.271, +9.777,+0.945
1664404440,+3.49,+20.279, +9.657,+0.946
1664404500,+3.49,+20.296, +9.619,+0.946
1664404560,+3.49,+20.313, +9.838,+0.946
1664404620,+3.49,+20.321, +9.991,+0.946
1664404680,+3.49,+20.338,+10.031,+0.947
1664404740,+3.49,+20.329, +9.860,+0.946
1664404800,+3.49,+20.329, +9.818,+0.946
1664404860,+3.49,+20.346, +9.880,+0.946
1664404920,+3.49,+20.363,+10.006,+0.946
1664404980,+3.49,+20.346,+10.054,+0.946
1664405040,+3.49,+20.371,+10.181,+0.946
1664405100,+3.49,+20.354,+10.300,+0.946
1664405160,+3.49,+20.354,+10.303,+0.946
1664405220,+3.49,+20.363,+10.306,+0.947
1664405280,+3.49,+20.363,+10.288,+0.946
1664405340,+3.49,+20.363,+10.271,+0.946
1664405400,+3.49,+20.371,+10.275,+0.947
1664405460,+3.49,+20.380,+10.267,+0.947
1664405520,+3.49,+20.371,+10.249,+0.946
1664405580,+3.49,+20.371,+10.228,+0.946
1664405640,+3.49,+20.371,+10.239,+0.947
1664405700,+3.49,+20.363,+10.221,+0.946
1664405760,+3.49,+20.388,+10.185,+0.946
1664405820,+3.49,+20.388,+10.195,+0.947
1664405880,+3.49,+20.371,+10.168,+0.946
1664405940,+3.49,+20.380,+10.148,+0.946
1664406000,+3.49,+20.396,+10.165,+0.946
1664406060,+3.49,+20.380,+10.217,+0.946
1664406120,+3.49,+20.380,+10.200,+0.947
1664406180,+3.49,+20.405,+10.202,+0.947
1664406240,+3.49,+20.388,+10.188,+0.946
1664406300,+3.49,+20.396,+10.200,+0.947
1664406360,+3.49,+20.396,+10.225,+0.946
1664406420,+3.49,+20.388,+10.330,+0.946
1664406480,+3.49,+20.363,+10.390,+0.947
1664406540,+3.49,+20.380,+10.378,+0.947
1664406600,+3.49,+20.380,+10.351,+0.946
1664406660,+3.49,+20.380,+10.342,+0.946
1664406720,+3.49,+20.380,+10.345,+0.946
1664406780,+3.49,+20.380,+10.328,+0.946
1664406840,+3.49,+20.371,+10.344,+0.946
1664406900,+3.49,+20.363,+10.370,+0.946
1664406960,+3.49,+20.354,+10.371,+0.946
1664407020,+3.49,+20.363,+10.359,+0.946
1664407080,+3.49,+20.380,+10.365,+0.947
1664407140,+3.49,+20.363,+10.344,+0.946
1664407200,+3.49,+20.354,+10.292,+0.946
1664407260,+3.49,+20.354,+10.276,+0.947
1664407320,+3.49,+20.363,+10.268,+0.946
1664407380,+3.49,+20.338,+10.228,+0.946
1664407440,+3.49,+20.338,+10.195,+0.946
1664407500,+3.49,+20.329,+10.209,+0.946
1664407560,+3.49,+20.338,+10.224,+0.946
1664407620,+3.49,+20.329,+10.242,+0.946
1664407680,+3.49,+20.338,+10.255,+0.946
1664407740,+3.49,+20.321,+10.229,+0.946
1664407800,+3.49,+20.321,+10.169,+0.946
1664407860,+3.49,+20.304,+10.150,+0.946
1664407920,+3.49,+20.296,+10.213,+0.947
1664407980,+3.49,+20.313,+10.193,+0.946
1664408040,+3.49,+20.304,+10.170,+0.946
1664408100,+3.49,+20.287,+10.197,+0.947
1664408160,+3.49,+20.304,+10.233,+0.946
1664408220,+3.49,+20.313,+10.257,+0.946
1664408280,+3.49,+20.313,+10.210,+0.946
1664408340,+3.49,+20.287,+10.226,+0.947
1664408400,+3.49,+20.287,+10.254,+0.947
1664408460,+3.49,+20.304,+10.258,+0.946
1664408520,+3.49,+20.287,+10.258,+0.946
1664408580,+3.49,+20.296,+10.256,+0.947
1664408640,+3.49,+20.313,+10.227,+0.946
1664408700,+3.49,+20.304,+10.229,+0.947
1664408760,+3.49,+20.287,+10.228,+0.946
1664408820,+3.49,+20.262,+10.179,+0.947
1664408880,+3.49,+20.246,+10.132,+0.946
1664408940,+3.49,+20.246,+10.117,+0.946
1664409000,+3.49,+20.271,+10.095,+0.946
1664409060,+3.49,+20.262,+10.114,+0.946
1664409120,+3.49,+20.229,+10.112,+0.946
1664409180,+3.49,+20.246,+10.086,+0.946
1664409240,+3.49,+20.254,+10.065,+0.946
1664409300,+3.49,+20.204,+10.061,+0.946
1664409360,+3.49,+20.195,+10.038,+0.946
1664409420,+3.49,+20.195,+10.069,+0.946
1664409480,+3.49,+20.179,+10.075,+0.946
1664409540,+3.49,+20.128,+10.057,+0.946
1664409600,+3.49,+20.137, +9.997,+0.945
1664409660,+3.49,+20.120,+10.000,+0.946
1664409720,+3.49,+20.095, +9.969,+0.946
1664409780,+3.49,+20.061, +9.977,+0.946
1664409840,+3.49,+20.044, +9.986,+0.946
1664409900,+3.49,+20.053, +9.974,+0.946
1664409960,+3.49,+20.028, +9.959,+0.946
1664410020,+3.48,+20.028, +9.930,+0.946
1664410080,+3.48,+19.994, +9.947,+0.946
1664410140,+3.48,+19.969, +9.912,+0.946
1664410200,+3.48,+19.994, +9.902,+0.946
1664410260,+3.48,+19.977, +9.924,+0.946
1664410320,+3.48,+19.977, +9.922,+0.946
1664410380,+3.48,+19.969, +9.911,+0.946
1664410440,+3.48,+19.952, +9.920,+0.946
1664410500,+3.48,+19.961, +9.903,+0.946
1664410560,+3.48,+19.944, +9.910,+0.946
1664410620,+3.48,+19.961, +9.889,+0.946
1664410680,+3.48,+19.927, +9.860,+0.946
1664410740,+3.48,+19.944, +9.857,+0.946
1664410800,+3.48,+19.936, +9.894,+0.946
1664410860,+3.48,+19.936, +9.922,+0.946
1664410920,+3.48,+19.952, +9.932,+0.946
1664410980,+3.48,+19.944, +9.918,+0.946
1664411040,+3.48,+19.952, +9.888,+0.946
1664411100,+3.48,+19.944, +9.878,+0.946
1664411160,+3.48,+19.944, +9.899,+0.946
1664411220,+3.48,+19.927, +9.884,+0.946
1664411280,+3.48,+19.902, +9.897,+0.946
1664411340,+3.48,+19.910, +9.875,+0.946
1664411400,+3.48,+19.910, +9.859,+0.946
1664411460,+3.48,+19.910, +9.868,+0.946
1664411520,+3.48,+19.894, +9.824,+0.946
1664411580,+3.48,+19.894, +9.822,+0.945
1664411640,+3.48,+19.885, +9.802,+0.945
1664411700,+3.48,+19.894, +9.809,+0.946
1664411760,+3.48,+19.877, +9.816,+0.946
1664411820,+3.48,+19.852, +9.764,+0.945
1664411880,+3.48,+19.868, +9.734,+0.946
1664411940,+3.48,+19.852, +9.745,+0.946
1664412000,+3.48,+19.860, +9.742,+0.946
1664412060,+3.48,+19.852, +9.736,+0.945
1664412120,+3.48,+19.843, +9.750,+0.946
1664412180,+3.48,+19.843, +9.759,+0.946
1664412240,+3.48,+19.818, +9.734,+0.946
1664412300,+3.48,+19.818, +9.745,+0.946
1664412360,+3.48,+19.818, +9.748,+0.946
1664412420,+3.48,+19.810, +9.729,+0.946
1664412480,+3.48,+19.776, +9.723,+0.946
1664412540,+3.48,+19.793, +9.708,+0.946
1664412600,+3.48,+19.785, +9.743,+0.946
1664412660,+3.48,+19.785, +9.750,+0.945
1664412720,+3.48,+19.810, +9.754,+0.946
1664412780,+3.48,+19.801, +9.771,+0.946
1664412840,+3.48,+19.785, +9.777,+0.946
1664412900,+3.48,+19.793, +9.771,+0.946
1664412960,+3.48,+19.793, +9.500,+0.945
1664413020,+3.48,+19.785, +9.204,+0.945
1664413080,+3.48,+19.776, +9.139,+0.945
1664413140,+3.48,+19.768, +9.153,+0.945
1664413200,+3.48,+19.768, +9.044,+0.945
1664413260,+3.48,+19.751, +9.160,+0.945
1664413320,+3.48,+19.709, +9.404,+0.945
1664413380,+3.48,+19.734, +9.560,+0.946
1664413440,+3.48,+19.718, +9.640,+0.946
1664413500,+3.48,+19.726, +9.672,+0.946
1664413560,+3.48,+19.701, +9.691,+0.946
1664413620,+3.48,+19.718, +9.684,+0.946
1664413680,+3.48,+19.701, +9.647,+0.946
1664413740,+3.48,+19.734, +9.614,+0.945
1664413800,+3.48,+19.718, +9.630,+0.946
1664413860,+3.48,+19.701, +9.652,+0.946
1664413920,+3.48,+19.718, +9.656,+0.945
1664413980,+3.48,+19.726, +9.640,+0.946
1664414040,+3.48,+19.734, +9.623,+0.946
1664414100,+3.48,+19.718, +9.633,+0.945
1664414160,+3.48,+19.726, +9.617,+0.946
1664414220,+3.48,+19.718, +9.581,+0.946
1664414280,+3.48,+19.734, +9.552,+0.946
1664414340,+3.48,+19.751, +9.511,+0.945
1664414400,+3.48,+19.734, +9.440,+0.945
1664414460,+3.48,+19.759, +9.315,+0.946
1664414520,+3.48,+19.734, +9.183,+0.945
1664414580,+3.48,+19.726, +9.091,+0.945
1664414640,+3.48,+19.734, +9.091,+0.945
1664414700,+3.48,+19.743, +9.198,+0.946
1664414760,+3.48,+19.726, +9.247,+0.945
1664414820,+3.48,+19.751, +9.356,+0.946
1664414880,+3.48,+19.751, +9.434,+0.945
1664414940,+3.48,+19.743, +9.471,+0.946
1664415000,+3.48,+19.734, +9.448,+0.946
1664415060,+3.48,+19.743, +9.315,+0.946
1664415120,+3.48,+19.743, +9.225,+0.946
1664415180,+3.48,+19.743, +9.123,+0.945
1664415240,+3.48,+19.751, +9.113,+0.946
1664415300,+3.48,+19.751, +9.103,+0.945
1664415360,+3.48,+19.734, +9.335,+0.945
1664415420,+3.48,+19.726, +9.550,+0.945
1664415480,+3.48,+19.718, +9.575,+0.946
1664415540,+3.48,+19.709, +9.598,+0.946
1664415600,+3.48,+19.701, +9.632,+0.946
1664415660,+3.48,+19.684, +9.637,+0.945
1664415720,+3.48,+19.684, +9.637,+0.946
1664415780,+3.48,+19.709, +9.592,+0.945
1664415840,+3.48,+19.684, +9.588,+0.946
1664415900,+3.48,+19.692, +9.601,+0.946
1664415960,+3.48,+19.701, +9.609,+0.946
1664416020,+3.48,+19.701, +9.678,+0.946
1664416080,+3.48,+19.684, +9.715,+0.945
1664416140,+3.48,+19.659, +9.749,+0.946
1664416200,+3.48,+19.684, +9.746,+0.946
1664416260,+3.48,+19.676, +9.752,+0.946
1664416320,+3.48,+19.676, +9.757,+0.946
1664416380,+3.48,+19.684, +9.762,+0.946
1664416440,+3.48,+19.650, +9.757,+0.946
1664416500,+3.48,+19.659, +9.754,+0.946
1664416560,+3.49,+19.659, +9.738,+0.945
1664416620,+3.49,+19.642, +9.736,+0.945
1664416680,+3.48,+19.659, +9.740,+0.945
1664416740,+3.48,+19.659, +9.751,+0.946
1664416800,+3.48,+19.676, +9.752,+0.946
1664416860,+3.48,+19.667, +9.749,+0.946
1664416920,+3.48,+19.667, +9.725,+0.946
1664416980,+3.49,+19.642, +9.730,+0.945
1664417040,+3.48,+19.634, +9.733,+0.946
1664417100,+3.48,+19.642, +9.720,+0.946
1664417160,+3.49,+19.625, +9.730,+0.946
1664417220,+3.49,+19.609, +9.738,+0.946
1664417280,+3.49,+19.609, +9.722,+0.945
1664417340,+3.49,+19.567, +9.726,+0.946
1664417400,+3.49,+19.567, +9.733,+0.946
1664417460,+3.49,+19.583, +9.729,+0.946
1664417520,+3.49,+19.592, +9.731,+0.946
1664417580,+3.49,+19.600, +9.715,+0.945
1664417640,+3.49,+19.600, +9.715,+0.946
1664417700,+3.49,+19.575, +9.694,+0.946
1664417760,+3.49,+19.541, +9.707,+0.946
1664417820,+3.49,+19.541, +9.703,+0.946
1664417880,+3.49,+19.533, +9.682,+0.945
1664417940,+3.49,+19.483, +9.693,+0.945
1664418000,+3.49,+19.449, +9.695,+0.946
1664418060,+3.49,+19.424, +9.695,+0.945
1664418120,+3.49,+19.432, +9.685,+0.946
1664418180,+3.49,+19.399, +9.689,+0.945
1664418240,+3.49,+19.407, +9.677,+0.945
1664418300,+3.49,+19.399, +9.684,+0.946
1664418360,+3.49,+19.407, +9.682,+0.946
1664418420,+3.49,+19.390, +9.679,+0.946
1664418480,+3.49,+19.390, +9.684,+0.946
1664418540,+3.49,+19.407, +9.679,+0.946
1664418600,+3.49,+19.390, +9.679,+0.946
1664418660,+3.49,+19.407, +9.681,+0.946
1664418720,+3.49,+19.407, +9.662,+0.945
1664418780,+3.49,+19.424, +9.663,+0.945
1664418840,+3.49,+19.458, +9.651,+0.945
1664418900,+3.49,+19.466, +9.681,+0.946
1664418960,+3.49,+19.516, +9.647,+0.945
1664419020,+3.49,+19.541, +9.657,+0.946
1664419080,+3.49,+19.583, +9.695,+0.946
1664419140,+3.49,+19.592, +9.707,+0.946
1664419200,+3.48,+19.617, +9.713,+0.946
1664419260,+3.48,+19.609, +9.724,+0.946
1664419320,+3.48,+19.634, +9.707,+0.946
1664419380,+3.48,+19.650, +9.704,+0.946
1664419440,+3.48,+19.659, +9.678,+0.946
1664419500,+3.48,+19.650, +9.671,+0.946
1664419560,+3.48,+19.659, +9.655,+0.945
1664419620,+3.48,+19.650, +9.659,+0.945
1664419680,+3.48,+19.684, +9.669,+0.946
1664419740,+3.48,+19.676, +9.671,+0.946
1664419800,+3.48,+19.676, +9.689,+0.947
1664419860,+3.48,+19.676, +9.685,+0.946
1664419920,+3.48,+19.667, +9.682,+0.946
1664419980,+3.48,+19.701, +9.666,+0.946
1664420040,+3.48,+19.701, +9.641,+0.945
1664420100,+3.48,+19.667, +9.652,+0.946
1664420160,+3.48,+19.659, +9.634,+0.946
1664420220,+3.48,+19.676, +9.616,+0.945
1664420280,+3.48,+19.667, +9.610,+0.945
1664420340,+3.48,+19.667, +9.631,+0.946
1664420400,+3.48,+19.684, +9.636,+0.946
1664420460,+3.48,+19.650, +9.634,+0.946
1664420520,+3.48,+19.692, +9.638,+0.945
1664420580,+3.48,+19.692, +9.654,+0.946
1664420640,+3.48,+19.701, +9.655,+0.945
1664420700,+3.48,+19.701, +9.670,+0.946
1664420760,+3.48,+19.692, +9.674,+0.946
1664420820,+3.48,+19.709, +9.670,+0.946
1664420880,+3.48,+19.718, +9.663,+0.946
1664420940,+3.48,+19.701, +9.654,+0.946
1664421000,+3.48,+19.718, +9.635,+0.946
1664421060,+3.48,+19.701, +9.646,+0.946
1664421120,+3.48,+19.709, +9.623,+0.945
1664421180,+3.48,+19.709, +9.616,+0.946
1664421240,+3.48,+19.718, +9.589,+0.945
1664421300,+3.48,+19.692, +9.582,+0.946
1664421360,+3.48,+19.709, +9.559,+0.945
1664421420,+3.48,+19.726, +9.552,+0.945
1664421480,+3.48,+19.726, +9.551,+0.945
1664421540,+3.48,+19.718, +9.541,+0.945
1664421600,+3.48,+19.751, +9.535,+0.946
1664421660,+3.48,+19.751, +9.517,+0.946
1664421720,+3.48,+19.751, +9.493,+0.946
1664421780,+3.48,+19.776, +9.457,+0.946
1664421840,+3.48,+19.743, +9.433,+0.946
1664421900,+3.48,+19.759, +9.416,+0.945
1664421960,+3.48,+19.759, +9.391,+0.945
1664422020,+3.48,+19.743, +9.337,+0.945
1664422080,+3.48,+19.751, +9.328,+0.946
1664422140,+3.48,+19.768, +9.284,+0.945
1664422200,+3.48,+19.768, +9.329,+0.946
1664422260,+3.48,+19.759, +9.289,+0.946
1664422320,+3.48,+19.776, +9.255,+0.946
1664422380,+3.48,+19.751, +9.294,+0.945
1664422440,+3.48,+19.759, +9.307,+0.946
1664422500,+3.48,+19.743, +9.337,+0.946
1664422560,+3.48,+19.743, +9.352,+0.945
1664422620,+3.48,+19.743, +9.349,+0.946
1664422680,+3.48,+19.726, +9.353,+0.946
1664422740,+3.48,+19.692, +9.389,+0.946
1664422800,+3.48,+19.676, +9.366,+0.945
1664422860,+3.48,+19.625, +9.410,+0.945
1664422920,+3.48,+19.609, +9.447,+0.945
1664422980,+3.49,+19.575, +9.459,+0.946
1664423040,+3.48,+19.583, +9.427,+0.946
1664423100,+3.49,+19.592, +9.439,+0.945
1664423160,+3.49,+19.583, +9.439,+0.946
1664423220,+3.48,+19.583, +9.404,+0.946
1664423280,+3.49,+19.575, +9.394,+0.945
1664423340,+3.49,+19.550, +9.418,+0.945
1664423400,+3.49,+19.550, +9.475,+0.945
1664423460,+3.49,+19.533, +9.457,+0.945
1664423520,+3.49,+19.508, +9.449,+0.945
1664423580,+3.49,+19.508, +9.460,+0.945
1664423640,+3.49,+19.483, +9.463,+0.945
1664423700,+3.49,+19.516, +9.421,+0.945
1664423760,+3.49,+19.491, +9.405,+0.945
1664423820,+3.49,+19.449, +9.352,+0.945
1664423880,+3.49,+19.399, +9.307,+0.945
1664423940,+3.49,+19.399, +9.296,+0.945
1664424000,+3.49,+19.449, +9.300,+0.945
1664424060,+3.49,+19.416, +9.359,+0.945
1664424120,+3.49,+19.424, +9.417,+0.945
1664424180,+3.49,+19.424, +9.487,+0.945
1664424240,+3.49,+19.432, +9.481,+0.945
1664424300,+3.49,+19.432, +9.531,+0.946
1664424360,+3.49,+19.474, +9.527,+0.945
1664424420,+3.49,+19.466, +9.501,+0.945
1664424480,+3.49,+19.483, +9.546,+0.945
1664424540,+3.49,+19.491, +9.559,+0.945
1664424600,+3.49,+19.516, +9.569,+0.945
1664424660,+3.49,+19.558, +9.577,+0.946
1664424720,+3.49,+19.583, +9.561,+0.945
1664424780,+3.48,+19.609, +9.576,+0.946
1664424840,+3.48,+19.634, +9.563,+0.946
1664424900,+3.48,+19.634, +9.543,+0.945
1664424960,+3.48,+19.650, +9.526,+0.945
1664425020,+3.48,+19.659, +9.479,+0.946
1664425080,+3.48,+19.692, +9.480,+0.946
1664425140,+3.48,+19.701, +9.480,+0.945
1664425200,+3.48,+19.718, +9.503,+0.946
1664425260,+3.48,+19.701, +9.535,+0.945
1664425320,+3.48,+19.692, +9.565,+0.946
1664425380,+3.48,+19.701, +9.570,+0.946
1664425440,+3.48,+19.701, +9.559,+0.945
1664425500,+3.48,+19.718, +9.554,+0.946
1664425560,+3.48,+19.726, +9.545,+0.945
1664425620,+3.48,+19.701, +9.539,+0.945
1664425680,+3.48,+19.709, +9.509,+0.945
1664425740,+3.48,+19.709, +9.484,+0.946
1664425800,+3.48,+19.718, +9.439,+0.946
1664425860,+3.48,+19.726, +9.452,+0.945
1664425920,+3.48,+19.726, +9.453,+0.945
1664425980,+3.48,+19.726, +9.442,+0.945
1664426040,+3.48,+19.734, +9.444,+0.946
1664426100,+3.48,+19.743, +9.445,+0.946
1664426160,+3.48,+19.734, +9.440,+0.945
1664426220,+3.48,+19.734, +9.445,+0.946
1664426280,+3.48,+19.743, +9.441,+0.946
1664426340,+3.48,+19.751, +9.431,+0.945
1664426400,+3.48,+19.726, +9.436,+0.945
1664426460,+3.48,+19.726, +9.450,+0.945
1664426520,+3.48,+19.701, +9.483,+0.946
1664426580,+3.48,+19.609, +9.479,+0.945
1664426640,+3.49,+19.499, +9.525,+0.945
1664426700,+3.49,+19.424, +9.554,+0.945
1664426760,+3.49,+19.390, +9.564,+0.946
1664426820,+3.49,+19.357, +9.569,+0.945
1664426880,+3.49,+19.332, +9.571,+0.945
1664426940,+3.49,+19.332, +9.563,+0.945
1664427000,+3.49,+19.348, +9.547,+0.945
1664427060,+3.49,+19.340, +9.549,+0.945
1664427120,+3.49,+19.340, +9.551,+0.945
1664427180,+3.49,+19.348, +9.557,+0.945
1664427240,+3.49,+19.332, +9.554,+0.945
1664427300,+3.49,+19.357, +9.544,+0.945
1664427360,+3.49,+19.365, +9.536,+0.945
1664427420,+3.49,+19.365, +9.538,+0.945
1664427480,+3.49,+19.357, +9.552,+0.946
1664427540,+3.49,+19.374, +9.533,+0.945
1664427600,+3.49,+19.365, +9.517,+0.945
1664427660,+3.49,+19.382, +9.509,+0.945
1664427720,+3.49,+19.382, +9.512,+0.945
1664427780,+3.49,+19.374, +9.486,+0.945
1664427840,+3.49,+19.374, +9.504,+0.945
1664427900,+3.49,+19.374, +9.520,+0.946
1664427960,+3.49,+19.382, +9.527,+0.945
1664428020,+3.49,+19.399, +9.513,+0.945
1664428080,+3.49,+19.390, +9.524,+0.945
1664428140,+3.49,+19.357, +9.521,+0.945
1664428200,+3.49,+19.382, +9.520,+0.946
1664428260,+3.49,+19.365, +9.515,+0.945
1664428320,+3.49,+19.382, +9.498,+0.945
1664428380,+3.49,+19.390, +9.491,+0.946
1664428440,+3.49,+19.374, +9.490,+0.945
1664428500,+3.49,+19.399, +9.482,+0.945
1664428560,+3.49,+19.382, +9.487,+0.946
1664428620,+3.49,+19.399, +9.480,+0.946
1664428680,+3.49,+19.365, +9.497,+0.945
1664428740,+3.49,+19.407, +9.479,+0.945
1664428800,+3.49,+19.407, +9.482,+0.946
1664428860,+3.49,+19.416, +9.475,+0.945
1664428920,+3.49,+19.424, +9.478,+0.945
1664428980,+3.49,+19.424, +9.472,+0.945
1664429040,+3.49,+19.432, +9.482,+0.946
1664429100,+3.49,+19.441, +9.474,+0.945
1664429160,+3.49,+19.466, +9.477,+0.946
1664429220,+3.49,+19.441, +9.486,+0.945
1664429280,+3.49,+19.458, +9.470,+0.945
1664429340,+3.49,+19.441, +9.484,+0.945
1664429400,+3.49,+19.449, +9.485,+0.946
1664429460,+3.49,+19.466, +9.464,+0.945
1664429520,+3.49,+19.483, +9.461,+0.946
1664429580,+3.49,+19.491, +9.452,+0.945
1664429640,+3.49,+19.491, +9.456,+0.945
1664429700,+3.49,+19.499, +9.444,+0.945
1664429760,+3.49,+19.491, +9.453,+0.946
1664429820,+3.49,+19.499, +9.446,+0.945
1664429880,+3.49,+19.491, +9.453,+0.945
1664429940,+3.49,+19.491, +9.453,+0.945
1664430000,+3.49,+19.491, +9.446,+0.945
1664430060,+3.49,+19.499, +9.441,+0.946
1664430120,+3.49,+19.516, +9.428,+0.945
1664430180,+3.49,+19.508, +9.443,+0.945
1664430240,+3.49,+19.499, +9.445,+0.945
1664430300,+3.49,+19.491, +9.448,+0.945
1664430360,+3.49,+19.508, +9.430,+0.945
1664430420,+3.49,+19.499, +9.433,+0.945
1664430480,+3.49,+19.508, +9.429,+0.946
1664430540,+3.49,+19.499, +9.398,+0.945
1664430600,+3.49,+19.533, +9.383,+0.946
1664430660,+3.49,+19.541, +9.382,+0.945
1664430720,+3.48,+19.525, +9.386,+0.945
1664430780,+3.48,+19.550, +9.367,+0.945
1664430840,+3.48,+19.558, +9.359,+0.945
1664430900,+3.48,+19.558, +9.340,+0.945
1664430960,+3.48,+19.567, +9.333,+0.945
1664431020,+3.48,+19.583, +9.323,+0.945
1664431080,+3.48,+19.583, +9.289,+0.945
1664431140,+3.48,+19.592, +9.280,+0.945
1664431200,+3.48,+19.617, +9.283,+0.945
1664431260,+3.48,+19.600, +9.275,+0.945
1664431320,+3.48,+19.617, +9.301,+0.945
1664431380,+3.48,+19.600, +9.315,+0.945
1664431440,+3.48,+19.609, +9.323,+0.945
1664431500,+3.48,+19.592, +9.331,+0.945
1664431560,+3.48,+19.609, +9.331,+0.945
1664431620,+3.48,+19.617, +9.332,+0.945
1664431680,+3.48,+19.634, +9.295,+0.945
1664431740,+3.48,+19.625, +9.286,+0.945
1664431800,+3.48,+19.625, +9.282,+0.945
1664431860,+3.48,+19.625, +9.277,+0.945
1664431920,+3.48,+19.617, +9.291,+0.945
1664431980,+3.48,+19.642, +9.268,+0.945
1664432040,+3.48,+19.617, +9.269,+0.945
1664432100,+3.48,+19.625, +9.267,+0.945
1664432160,+3.48,+19.642, +9.241,+0.945
1664432220,+3.48,+19.667, +9.198,+0.946
1664432280,+3.48,+19.667, +9.159,+0.945
1664432340,+3.48,+19.667, +9.185,+0.945
1664432400,+3.48,+19.659, +9.178,+0.945
1664432460,+3.48,+19.692, +9.144,+0.945
1664432520,+3.48,+19.676, +9.143,+0.945
1664432580,+3.48,+19.692, +9.133,+0.945
1664432640,+3.48,+19.692, +9.125,+0.945
1664432700,+3.48,+19.718, +9.123,+0.946
1664432760,+3.48,+19.726, +9.073,+0.945
1664432820,+3.48,+19.734, +9.063,+0.945
1664432880,+3.48,+19.726, +9.045,+0.945
1664432940,+3.48,+19.734, +9.042,+0.945
1664433000,+3.48,+19.734, +9.064,+0.945
1664433060,+3.48,+19.743, +9.046,+0.945
1664433120,+3.48,+19.751, +9.061,+0.945
1664433180,+3.48,+19.751, +9.072,+0.946
1664433240,+3.48,+19.734, +9.062,+0.945
1664433300,+3.48,+19.751, +9.063,+0.945
1664433360,+3.48,+19.751, +9.043,+0.945
1664433420,+3.48,+19.759, +9.056,+0.945
1664433480,+3.48,+19.726, +9.081,+0.945
1664433540,+3.48,+19.751, +9.059,+0.945
1664433600,+3.48,+19.759, +9.020,+0.945
1664433660,+3.48,+19.743, +9.047,+0.945
1664433720,+3.48,+19.776, +9.011,+0.945
1664433780,+3.48,+19.785, +8.992,+0.945
1664433840,+3.48,+19.793, +8.916,+0.945
1664433900,+3.48,+19.801, +8.894,+0.945
1664433960,+3.48,+19.785, +8.864,+0.945
1664434020,+3.48,+19.810, +8.877,+0.945
1664434080,+3.48,+19.759, +8.972,+0.945
1664434140,+3.48,+19.734, +9.025,+0.945
1664434200,+3.48,+19.759, +9.048,+0.945
1664434260,+3.48,+19.743, +9.031,+0.945
1664434320,+3.48,+19.785, +9.011,+0.946
1664434380,+3.48,+19.768, +9.027,+0.945
1664434440,+3.48,+19.785, +9.025,+0.945
1664434500,+3.48,+19.793, +9.026,+0.945
1664434560,+3.48,+19.785, +9.064,+0.945
1664434620,+3.48,+19.793, +9.077,+0.945
1664434680,+3.48,+19.801, +9.053,+0.945
1664434740,+3.48,+19.793, +9.018,+0.945
1664434800,+3.48,+19.793, +9.000,+0.945
1664434860,+3.48,+19.827, +8.976,+0.945
1664434920,+3.48,+19.827, +8.964,+0.945
1664434980,+3.48,+19.843, +8.958,+0.945
1664435040,+3.48,+19.835, +8.970,+0.945
1664435100,+3.48,+19.843, +8.933,+0.945
1664435160,+3.48,+19.843, +8.942,+0.945
1664435220,+3.48,+19.843, +8.922,+0.945
1664435280,+3.48,+19.860, +8.904,+0.945
1664435340,+3.48,+19.835, +8.928,+0.945
1664435400,+3.48,+19.860, +8.934,+0.945
1664435460,+3.48,+19.860, +8.927,+0.945
1664435520,+3.48,+19.868, +8.901,+0.945
1664435580,+3.48,+19.852, +8.890,+0.945
1664435640,+3.48,+19.852, +8.922,+0.945
1664435700,+3.48,+19.860, +8.961,+0.945
1664435760,+3.48,+19.877, +8.940,+0.945
1664435820,+3.48,+19.868, +8.929,+0.945
1664435880,+3.48,+19.877, +8.937,+0.945
1664435940,+3.48,+19.877, +8.866,+0.945
1664436000,+3.48,+19.868, +8.824,+0.945
1664436060,+3.48,+19.902, +8.811,+0.945
1664436120,+3.48,+19.885, +8.803,+0.945
1664436180,+3.48,+19.902, +8.700,+0.945
1664436240,+3.48,+19.902, +8.604,+0.945
1664436300,+3.48,+19.936, +8.437,+0.945
1664436360,+3.48,+19.944, +8.401,+0.944
1664436420,+3.48,+19.944, +8.383,+0.944
1664436480,+3.48,+19.927, +8.482,+0.944
1664436540,+3.48,+19.936, +8.490,+0.945
1664436600,+3.48,+19.952, +8.508,+0.944
1664436660,+3.48,+19.936, +8.569,+0.945
1664436720,+3.48,+19.919, +8.564,+0.945
1664436780,+3.48,+19.936, +8.561,+0.944
1664436840,+3.48,+19.902, +8.562,+0.945
1664436900,+3.48,+19.919, +8.548,+0.945
1664436960,+3.48,+19.927, +8.528,+0.944
1664437020,+3.48,+19.927, +8.503,+0.945
1664437080,+3.48,+19.919, +8.477,+0.944
1664437140,+3.48,+19.936, +8.452,+0.945
1664437200,+3.48,+19.936, +8.430,+0.945
1664437260,+3.48,+19.919, +8.457,+0.944
1664437320,+3.48,+19.919, +8.443,+0.944
1664437380,+3.48,+19.936, +8.390,+0.944
1664437440,+3.48,+19.927, +8.386,+0.945
1664437500,+3.48,+19.919, +8.342,+0.945
1664437560,+3.48,+19.927, +8.286,+0.944
1664437620,+3.48,+19.944, +8.281,+0.945
1664437680,+3.48,+19.927, +8.374,+0.944
1664437740,+3.48,+19.936, +8.485,+0.945
1664437800,+3.48,+19.910, +8.556,+0.945
1664437860,+3.48,+19.919, +8.600,+0.945
1664437920,+3.48,+19.927, +8.588,+0.944
1664437980,+3.48,+19.927, +8.585,+0.945
1664438040,+3.48,+19.944, +8.585,+0.945
1664438100,+3.48,+19.944, +8.597,+0.944
1664438160,+3.48,+19.936, +8.620,+0.945
1664438220,+3.48,+19.961, +8.634,+0.945
1664438280,+3.48,+19.927, +8.645,+0.944
1664438340,+3.48,+19.936, +8.642,+0.944
1664438400,+3.48,+19.936, +8.630,+0.945
1664438460,+3.48,+19.919, +8.614,+0.945
1664438520,+3.48,+19.936, +8.587,+0.944
1664438580,+3.48,+19.961, +8.566,+0.945
1664438640,+3.48,+19.952, +8.562,+0.945
1664438700,+3.48,+19.952, +8.563,+0.945
1664438760,+3.48,+19.952, +8.573,+0.945
1664438820,+3.48,+19.936, +8.577,+0.945
1664438880,+3.48,+19.936, +8.567,+0.945
1664438940,+3.48,+19.936, +8.560,+0.945
1664439000,+3.48,+19.952, +8.499,+0.945
1664439060,+3.48,+19.927, +8.467,+0.945
1664439120,+3.48,+19.927, +8.467,+0.944
1664439180,+3.48,+19.944, +8.445,+0.944
1664439240,+3.48,+19.944, +8.437,+0.944
1664439300,+3.48,+19.944, +8.419,+0.944
1664439360,+3.48,+19.944, +8.386,+0.944
1664439420,+3.48,+19.927, +8.372,+0.945
1664439480,+3.48,+19.936, +8.346,+0.944
1664439540,+3.48,+19.961, +8.325,+0.945
1664439600,+3.48,+19.952, +8.316,+0.945
1664439660,+3.48,+19.961, +8.302,+0.944
1664439720,+3.48,+19.944, +8.291,+0.944
1664439780,+3.48,+19.952, +8.289,+0.945
1664439840,+3.48,+19.952, +8.295,+0.944
1664439900,+3.48,+19.952, +8.154,+0.944
1664439960,+3.48,+19.961, +8.138,+0.944
1664440020,+3.48,+19.961, +8.152,+0.944
1664440080,+3.48,+19.952, +8.185,+0.945
1664440140,+3.48,+19.952, +8.202,+0.944
1664440200,+3.48,+19.936, +8.236,+0.944
1664440260,+3.48,+19.952, +8.229,+0.945
1664440320,+3.48,+19.952, +8.227,+0.944
1664440380,+3.48,+19.977, +8.137,+0.945
1664440440,+3.48,+19.961, +8.107,+0.944
1664440500,+3.48,+19.986, +8.067,+0.944
1664440560,+3.48,+19.986, +8.029,+0.944
1664440620,+3.48,+19.986, +8.025,+0.944
1664440680,+3.48,+20.003, +7.995,+0.944
1664440740,+3.48,+20.011, +7.988,+0.944
1664440800,+3.48,+19.986, +7.972,+0.944
1664440860,+3.48,+19.994, +7.947,+0.944
1664440920,+3.48,+20.003, +7.920,+0.944
1664440980,+3.48,+20.019, +7.909,+0.944
1664441040,+3.48,+20.019, +7.897,+0.944
1664441100,+3.48,+20.019, +7.885,+0.944
1664441160,+3.48,+20.019, +7.887,+0.944
1664441220,+3.48,+20.019, +7.877,+0.944
1664441280,+3.49,+20.028, +7.866,+0.944
1664441340,+3.48,+20.019, +7.884,+0.944
1664441400,+3.48,+20.036, +7.882,+0.944
1664441460,+3.48,+20.028, +7.839,+0.944
1664441520,+3.48,+20.011, +7.859,+0.944
1664441580,+3.48,+19.961, +7.928,+0.944
1664441640,+3.48,+19.894, +8.021,+0.944
1664441700,+3.48,+19.852, +8.093,+0.944
1664441760,+3.48,+19.785, +8.151,+0.944
1664441820,+3.48,+19.709, +8.247,+0.944
1664441880,+3.48,+19.642, +8.289,+0.944
1664441940,+3.48,+19.650, +8.283,+0.944
1664442000,+3.48,+19.642, +8.262,+0.944
1664442060,+3.48,+19.617, +8.244,+0.944
1664442120,+3.48,+19.634, +8.221,+0.945
1664442180,+3.48,+19.642, +8.191,+0.944
1664442240,+3.48,+19.625, +8.168,+0.945
1664442300,+3.48,+19.667, +8.109,+0.944
1664442360,+3.48,+19.676, +8.073,+0.944
1664442420,+3.48,+19.659, +8.071,+0.944
1664442480,+3.48,+19.709, +8.000,+0.944
1664442540,+3.48,+19.684, +7.999,+0.944
1664442600,+3.48,+19.709, +7.958,+0.944
1664442660,+3.48,+19.709, +7.940,+0.944
1664442720,+3.48,+19.659, +7.997,+0.944
1664442780,+3.48,+19.625, +8.044,+0.944
1664442840,+3.49,+19.567, +8.095,+0.944
1664442900,+3.49,+19.533, +8.132,+0.944
1664442960,+3.49,+19.533, +8.116,+0.944
1664443020,+3.49,+19.533, +8.096,+0.944
1664443080,+3.49,+19.525, +8.097,+0.944
1664443140,+3.48,+19.634, +7.790,+0.944
1664443200,+3.48,+19.692, +7.714,+0.944
1664443260,+3.48,+19.734, +7.708,+0.944
1664443320,+3.48,+19.718, +7.835,+0.944
1664443380,+3.48,+19.751, +7.714,+0.944
1664443440,+3.48,+19.759, +7.700,+0.944
1664443500,+3.48,+19.827, +7.602,+0.944
1664443560,+3.48,+19.785, +7.765,+0.944
1664443620,+3.48,+19.759, +7.880,+0.944
1664443680,+3.48,+19.726, +7.981,+0.944
1664443740,+3.48,+19.718, +7.984,+0.944
1664443800,+3.48,+19.709, +7.997,+0.944
1664443860,+3.48,+19.743, +7.968,+0.944
1664443920,+3.48,+19.718, +7.984,+0.944
1664443980,+3.48,+19.701, +8.083,+0.944
1664444040,+3.48,+19.692, +8.095,+0.944
1664444100,+3.48,+19.684, +8.129,+0.944
1664444160,+3.48,+19.650, +8.134,+0.944
1664444220,+3.48,+19.642, +8.198,+0.945
1664444280,+3.48,+19.650, +8.183,+0.944
1664444340,+3.48,+19.642, +8.229,+0.944
1664444400,+3.48,+19.634, +8.205,+0.945
1664444460,+3.48,+19.617, +8.195,+0.944
1664444520,+3.48,+19.634, +8.164,+0.944
1664444580,+3.48,+19.634, +8.149,+0.944
1664444640,+3.48,+19.676, +8.018,+0.944
1664444700,+3.48,+19.650, +8.156,+0.944
1664444760,+3.48,+19.634, +8.184,+0.944
1664444820,+3.48,+19.692, +7.881,+0.944
1664444880,+3.48,+19.684, +8.085,+0.945
1664444940,+3.48,+19.701, +8.106,+0.944
1664445000,+3.48,+19.692, +8.040,+0.945
1664445060,+3.48,+19.726, +7.978,+0.944
1664445120,+3.48,+19.734, +8.026,+0.944
1664445180,+3.48,+19.726, +8.001,+0.944
1664445240,+3.48,+19.759, +7.945,+0.944
1664445300,+3.48,+19.743, +7.970,+0.944
1664445360,+3.48,+19.743, +7.928,+0.944
1664445420,+3.48,+19.743, +7.941,+0.944
1664445480,+3.48,+19.751, +7.930,+0.944
1664445540,+3.48,+19.743, +7.995,+0.944
1664445600,+3.48,+19.709, +7.990,+0.944
1664445660,+3.48,+19.718, +7.940,+0.944
1664445720,+3.48,+19.709, +7.921,+0.944
1664445780,+3.48,+19.726, +7.920,+0.944
1664445840,+3.48,+19.751, +7.797,+0.944
1664445900,+3.48,+19.801, +7.654,+0.944
1664445960,+3.48,+19.810, +7.659,+0.944
1664446020,+3.48,+19.810, +7.675,+0.944
1664446080,+3.48,+19.776, +7.778,+0.944
1664446140,+3.48,+19.776, +7.704,+0.944
1664446200,+3.48,+19.801, +7.639,+0.944
1664446260,+3.48,+19.776, +7.825,+0.944
1664446320,+3.48,+19.793, +7.747,+0.944
1664446380,+3.48,+19.835, +7.557,+0.944
1664446440,+3.48,+19.835, +7.567,+0.944
1664446500,+3.48,+19.835, +7.591,+0.944
1664446560,+3.48,+19.843, +7.647,+0.944
1664446620,+3.48,+19.852, +7.475,+0.944
1664446680,+3.48,+19.835, +7.674,+0.944
1664446740,+3.48,+19.801, +7.730,+0.944
1664446800,+3.48,+19.801, +7.761,+0.944
1664446860,+3.48,+19.818, +7.647,+0.944
1664446920,+3.48,+19.810, +7.621,+0.944
1664446980,+3.48,+19.818, +7.704,+0.944
1664447040,+3.48,+19.835, +7.693,+0.944
1664447100,+3.48,+19.818, +7.758,+0.943
1664447160,+3.48,+19.827, +7.682,+0.944
1664447220,+3.48,+19.801, +7.749,+0.943
1664447280,+3.48,+19.793, +7.831,+0.944
1664447340,+3.48,+19.793, +7.787,+0.944
1664447400,+3.48,+19.801, +7.732,+0.944
1664447460,+3.48,+19.776, +7.757,+0.944
1664447520,+3.48,+19.801, +7.747,+0.944
1664447580,+3.48,+19.776, +7.799,+0.944
1664447640,+3.48,+19.785, +7.804,+0.944
1664447700,+3.48,+19.726, +7.873,+0.944
1664447760,+3.48,+19.743, +7.832,+0.944
1664447820,+3.48,+19.751, +7.806,+0.944
1664447880,+3.48,+19.776, +7.777,+0.944
1664447940,+3.48,+19.801, +7.719,+0.944
1664448000,+3.48,+19.751, +7.802,+0.944
1664448060,+3.48,+19.768, +7.852,+0.944
1664448120,+3.48,+19.785, +7.823,+0.944
1664448180,+3.48,+19.793, +7.816,+0.944
1664448240,+3.48,+19.801, +7.718,+0.944
1664448300,+3.48,+19.852, +7.583,+0.944
1664448360,+3.48,+19.801, +7.770,+0.944
1664448420,+3.48,+19.810, +7.806,+0.944
1664448480,+3.48,+19.843, +7.777,+0.944
1664448540,+3.48,+19.852, +7.766,+0.944
1664448600,+3.48,+19.843, +7.767,+0.944
1664448660,+3.48,+19.843, +7.750,+0.944
1664448720,+3.48,+19.877, +7.721,+0.944
1664448780,+3.48,+19.902, +7.611,+0.944
1664448840,+3.48,+19.902, +7.636,+0.944
1664448900,+3.48,+19.919, +7.685,+0.944
1664448960,+3.48,+19.910, +7.632,+0.944
1664449020,+3.48,+19.894, +7.651,+0.944
1664449080,+3.48,+19.919, +7.662,+0.944
1664449140,+3.48,+19.936, +7.682,+0.944
1664449200,+3.48,+19.977, +7.542,+0.944
1664449260,+3.48,+19.986, +7.545,+0.944
1664449320,+3.48,+19.994, +7.491,+0.944
1664449380,+3.48,+19.969, +7.582,+0.944
1664449440,+3.48,+19.994, +7.592,+0.944
1664449500,+3.48,+19.969, +7.634,+0.944
1664449560,+3.48,+19.936, +7.662,+0.944
1664449620,+3.48,+19.927, +7.685,+0.944
1664449680,+3.48,+19.910, +7.755,+0.945
1664449740,+3.48,+19.835, +7.879,+0.944
1664449800,+3.48,+19.818, +7.773,+0.944
1664449860,+3.48,+19.768, +7.941,+0.944
1664449920,+3.48,+19.743, +7.969,+0.944
1664449980,+3.48,+19.743, +7.923,+0.944
1664450040,+3.48,+19.751, +7.894,+0.944
1664450100,+3.48,+19.743, +7.892,+0.944
1664450160,+3.48,+19.801, +7.847,+0.944
1664450220,+3.48,+19.759, +7.869,+0.944
1664450280,+3.48,+19.768, +7.784,+0.943
1664450340,+3.48,+19.726, +7.945,+0.944
1664450400,+3.48,+19.776, +7.772,+0.944
1664450460,+3.48,+19.768, +7.826,+0.944
1664450520,+3.48,+19.734, +7.901,+0.944
1664450580,+3.48,+19.726, +7.936,+0.944
1664450640,+3.48,+19.692, +7.960,+0.944
1664450700,+3.48,+19.692, +7.975,+0.944
1664450760,+3.48,+19.701, +7.990,+0.944
1664450820,+3.48,+19.743, +7.830,+0.944
1664450880,+3.48,+19.718, +7.875,+0.944
1664450940,+3.48,+19.718, +7.927,+0.944
1664451000,+3.48,+19.726, +7.924,+0.944
1664451060,+3.48,+19.734, +7.887,+0.944
1664451120,+3.48,+19.667, +8.006,+0.944
1664451180,+3.48,+19.701, +7.944,+0.944
1664451240,+3.48,+19.676, +7.975,+0.944
1664451300,+3.48,+19.726, +7.841,+0.944
1664451360,+3.48,+19.751, +7.812,+0.944
1664451420,+3.48,+19.810, +7.702,+0.944
1664451480,+3.48,+19.801, +7.679,+0.944
1664451540,+3.48,+19.743, +7.789,+0.944
1664451600,+3.48,+19.726, +7.847,+0.944
1664451660,+3.48,+19.676, +7.947,+0.944
1664451720,+3.49,+19.575, +7.959,+0.944
1664451780,+3.49,+19.525, +7.971,+0.944
1664451840,+3.49,+19.499, +7.980,+0.944
1664451900,+3.49,+19.508, +7.998,+0.944
1664451960,+3.48,+19.567, +7.960,+0.944
1664452020,+3.49,+19.567, +7.988,+0.944
1664452080,+3.49,+19.516, +8.037,+0.944
1664452140,+3.49,+19.558, +8.051,+0.944
1664452200,+3.49,+19.508, +8.091,+0.944
1664452260,+3.49,+19.541, +8.089,+0.944
1664452320,+3.48,+19.567, +8.064,+0.945
1664452380,+3.49,+19.499, +8.114,+0.944
1664452440,+3.49,+19.499, +8.131,+0.944
1664452500,+3.49,+19.508, +8.120,+0.945
1664452560,+3.49,+19.508, +8.105,+0.944
1664452620,+3.49,+19.474, +8.138,+0.944
1664452680,+3.49,+19.516, +8.090,+0.944
1664452740,+3.49,+19.449, +8.180,+0.944
1664452800,+3.49,+19.458, +8.173,+0.944
1664452860,+3.49,+19.432, +8.165,+0.944
1664452920,+3.49,+19.424, +8.189,+0.944
1664452980,+3.49,+19.432, +8.183,+0.944
1664453040,+3.49,+19.499, +8.116,+0.944
1664453100,+3.49,+19.466, +8.185,+0.944
1664453160,+3.49,+19.508, +8.142,+0.945
1664453220,+3.49,+19.567, +8.092,+0.944
1664453280,+3.48,+19.617, +8.045,+0.944
1664453340,+3.48,+19.600, +8.088,+0.945
1664453400,+3.48,+19.583, +8.121,+0.944
1664453460,+3.48,+19.550, +8.144,+0.944
1664453520,+3.48,+19.617, +8.036,+0.944
1664453580,+3.48,+19.667, +8.025,+0.944
1664453640,+3.48,+19.709, +7.991,+0.944
1664453700,+3.48,+19.701, +7.975,+0.944
1664453760,+3.48,+19.659, +8.092,+0.944
1664453820,+3.48,+19.692, +8.018,+0.944
1664453880,+3.48,+19.734, +7.988,+0.944
1664453940,+3.48,+19.676, +8.048,+0.944
1664454000,+3.48,+19.718, +8.002,+0.945
1664454060,+3.48,+19.625, +8.142,+0.945
1664454120,+3.48,+19.659, +8.066,+0.944
1664454180,+3.48,+19.625, +8.139,+0.944
1664454240,+3.48,+19.676, +8.069,+0.944
1664454300,+3.48,+19.676, +8.050,+0.944
1664454360,+3.48,+19.684, +8.101,+0.944
1664454420,+3.48,+19.667, +8.186,+0.944
1664454480,+3.48,+19.617, +8.299,+0.944
1664454540,+3.48,+19.617, +8.201,+0.944
1664454600,+3.49,+19.533, +8.332,+0.944
1664454660,+3.48,+19.550, +8.369,+0.944
1664454720,+3.49,+19.474, +8.472,+0.944
1664454780,+3.49,+19.474, +8.413,+0.945
1664454840,+3.49,+19.424, +8.581,+0.945
1664454900,+3.49,+19.407, +8.559,+0.944
1664454960,+3.49,+19.332, +8.668,+0.944
1664455020,+3.49,+19.315, +8.628,+0.944
1664455080,+3.49,+19.265, +8.641,+0.944
1664455140,+3.49,+19.172, +8.729,+0.944
1664455200,+3.49,+19.097, +8.769,+0.944
1664455260,+3.49,+19.055, +8.769,+0.944
1664455320,+3.49,+19.046, +8.766,+0.944
1664455380,+3.49,+19.038, +8.748,+0.944
1664455440,+3.49,+19.004, +8.777,+0.944
1664455500,+3.49,+18.987, +8.788,+0.944
1664455560,+3.49,+18.945, +8.797,+0.944
1664455620,+3.49,+18.971, +8.763,+0.945
1664455680,+3.49,+18.996, +8.734,+0.945
1664455740,+3.49,+19.038, +8.728,+0.945
1664455800,+3.49,+19.046, +8.724,+0.945
1664455860,+3.49,+19.004, +8.725,+0.945
1664455920,+3.49,+19.013, +8.758,+0.945
1664455980,+3.49,+19.021, +8.756,+0.945
1664456040,+3.49,+19.046, +8.746,+0.944
1664456100,+3.49,+19.046, +8.728,+0.945
1664456160,+3.49,+19.046, +8.734,+0.944
1664456220,+3.49,+19.055, +8.706,+0.945
1664456280,+3.49,+19.046, +8.740,+0.945
1664456340,+3.49,+19.088, +8.678,+0.945
1664456400,+3.49,+19.071, +8.726,+0.944
1664456460,+3.49,+19.029, +8.753,+0.944
1664456520,+3.49,+19.055, +8.733,+0.945
1664456580,+3.49,+19.055, +8.740,+0.944
1664456640,+3.49,+19.063, +8.736,+0.945
1664456700,+3.49,+19.071, +8.745,+0.945
1664456760,+3.49,+19.071, +8.721,+0.944
1664456820,+3.49,+19.080, +8.729,+0.945
1664456880,+3.49,+19.088, +8.704,+0.945
1664456940,+3.49,+19.080, +8.697,+0.945
1664457000,+3.49,+19.130, +8.663,+0.945
1664457060,+3.49,+19.122, +8.692,+0.945
1664457120,+3.49,+19.147, +8.635,+0.945
1664457180,+3.49,+19.172, +8.632,+0.944
1664457240,+3.49,+19.172, +8.651,+0.944
1664457300,+3.49,+19.164, +8.660,+0.945
1664457360,+3.49,+19.181, +8.635,+0.944
1664457420,+3.49,+19.189, +8.619,+0.945
1664457480,+3.49,+19.197, +8.632,+0.945
1664457540,+3.49,+19.206, +8.592,+0.945
1664457600,+3.49,+19.239, +8.577,+0.945
1664457660,+3.49,+19.189, +8.702,+0.945
1664457720,+3.49,+19.181, +8.632,+0.945
1664457780,+3.49,+19.189, +8.655,+0.945
1664457840,+3.49,+19.172, +8.669,+0.945
1664457900,+3.49,+19.206, +8.627,+0.944
1664457960,+3.49,+19.214, +8.639,+0.945
1664458020,+3.49,+19.214, +8.617,+0.944
1664458080,+3.49,+19.223, +8.587,+0.944
1664458140,+3.49,+19.223, +8.573,+0.945
1664458200,+3.49,+19.248, +8.588,+0.944
1664458260,+3.49,+19.231, +8.593,+0.944
1664458320,+3.49,+19.248, +8.602,+0.945
1664458380,+3.49,+19.223, +8.630,+0.944
1664458440,+3.49,+19.239, +8.586,+0.944
1664458500,+3.49,+19.265, +8.549,+0.944
1664458560,+3.49,+19.239, +8.585,+0.945
1664458620,+3.49,+19.239, +8.574,+0.945
1664458680,+3.49,+19.231, +8.608,+0.945
1664458740,+3.49,+19.231, +8.615,+0.945
1664458800,+3.49,+19.239, +8.594,+0.944
1664458860,+3.49,+19.223, +8.593,+0.944
1664458920,+3.49,+19.214, +8.627,+0.944
1664458980,+3.49,+19.214, +8.624,+0.945
1664459040,+3.49,+19.206, +8.654,+0.944
1664459100,+3.49,+19.197, +8.640,+0.944
1664459160,+3.49,+19.206, +8.663,+0.945
1664459220,+3.49,+19.172, +8.731,+0.945
1664459280,+3.49,+19.172, +8.717,+0.944
1664459340,+3.49,+19.172, +8.703,+0.945
1664459400,+3.49,+19.181, +8.667,+0.945
1664459460,+3.49,+19.206, +8.652,+0.945
1664459520,+3.49,+19.197, +8.669,+0.945
1664459580,+3.49,+19.231, +8.603,+0.945
1664459640,+3.49,+19.239, +8.639,+0.944
1664459700,+3.49,+19.214, +8.652,+0.944
1664459760,+3.49,+19.239, +8.613,+0.944
1664459820,+3.49,+19.239, +8.580,+0.945
1664459880,+3.49,+19.256, +8.571,+0.944
1664459940,+3.49,+19.265, +8.604,+0.944
1664460000,+3.49,+19.248, +8.649,+0.945
1664460060,+3.49,+19.231, +8.718,+0.945
1664460120,+3.49,+19.248, +8.697,+0.945
1664460180,+3.49,+19.223, +8.696,+0.945
1664460240,+3.49,+19.206, +8.661,+0.944
1664460300,+3.49,+19.231, +8.641,+0.944
1664460360,+3.49,+19.214, +8.739,+0.944
1664460420,+3.49,+19.197, +8.692,+0.945
1664460480,+3.49,+19.223, +8.688,+0.945
1664460540,+3.49,+19.223, +8.684,+0.944
1664460600,+3.49,+19.214, +8.690,+0.945
1664460660,+3.49,+19.214, +8.672,+0.945
1664460720,+3.49,+19.214, +8.748,+0.945
1664460780,+3.49,+19.197, +8.757,+0.945
1664460840,+3.49,+19.197, +8.760,+0.944
1664460900,+3.49,+19.181, +8.784,+0.944
1664460960,+3.49,+19.181, +8.781,+0.945
1664461020,+3.49,+19.172, +8.761,+0.945
1664461080,+3.49,+19.197, +8.747,+0.945
1664461140,+3.49,+19.172, +8.761,+0.944
1664461200,+3.49,+19.206, +8.708,+0.945
1664461260,+3.49,+19.206, +8.731,+0.945
1664461320,+3.49,+19.206, +8.680,+0.945
1664461380,+3.49,+19.197, +8.737,+0.945
1664461440,+3.49,+19.197, +8.689,+0.944
1664461500,+3.49,+19.206, +8.653,+0.945
1664461560,+3.49,+19.273, +8.520,+0.945
1664461620,+3.49,+19.214, +8.719,+0.945
1664461680,+3.49,+19.231, +8.630,+0.945
1664461740,+3.49,+19.239, +8.671,+0.944
1664461800,+3.49,+19.231, +8.654,+0.944
1664461860,+3.49,+19.265, +8.613,+0.945
1664461920,+3.49,+19.256, +8.567,+0.945
1664461980,+3.49,+19.248, +8.592,+0.944
1664462040,+3.49,+19.256, +8.549,+0.944
1664462100,+3.49,+19.256, +8.579,+0.944
1664462160,+3.49,+19.239, +8.596,+0.944
1664462220,+3.49,+19.248, +8.601,+0.944
1664462280,+3.49,+19.231, +8.696,+0.945
1664462340,+3.49,+19.256, +8.476,+0.945
1664462400,+3.49,+19.323, +8.458,+0.944
1664462460,+3.49,+19.315, +8.426,+0.944
1664462520,+3.49,+19.306, +8.519,+0.945
1664462580,+3.49,+19.290, +8.603,+0.944
1664462640,+3.49,+19.315, +8.593,+0.944
1664462700,+3.49,+19.306, +8.503,+0.944
1664462760,+3.49,+19.315, +8.526,+0.945
1664462820,+3.49,+19.332, +8.525,+0.944
1664462880,+3.49,+19.348, +8.506,+0.945
1664462940,+3.49,+19.348, +8.481,+0.945
1664463000,+3.49,+19.348, +8.550,+0.945
1664463060,+3.48,+19.348, +8.523,+0.944
1664463120,+3.49,+19.357, +8.521,+0.944
1664463180,+3.49,+19.340, +8.571,+0.944
1664463240,+3.49,+19.340, +8.584,+0.945
1664463300,+3.49,+19.340, +8.627,+0.945
1664463360,+3.49,+19.332, +8.530,+0.945
1664463420,+3.49,+19.348, +8.585,+0.945
1664463480,+3.49,+19.357, +8.603,+0.945
1664463540,+3.49,+19.340, +8.602,+0.944
1664463600,+3.49,+19.365, +8.536,+0.945
1664463660,+3.49,+19.315, +8.675,+0.945
1664463720,+3.49,+19.340, +8.570,+0.945
1664463780,+3.49,+19.357, +8.480,+0.945
1664463840,+3.48,+19.382, +8.578,+0.945
1664463900,+3.49,+19.340, +8.739,+0.945
1664463960,+3.49,+19.323, +8.738,+0.945
1664464020,+3.49,+19.323, +8.614,+0.945
1664464080,+3.49,+19.340, +8.589,+0.945
1664464140,+3.49,+19.357, +8.727,+0.945
1664464200,+3.49,+19.340, +8.667,+0.944
1664464260,+3.49,+19.357, +8.541,+0.944
1664464320,+3.49,+19.348, +8.681,+0.944
1664464380,+3.49,+19.357, +8.721,+0.945
1664464440,+3.49,+19.340, +8.753,+0.945
1664464500,+3.49,+19.348, +8.766,+0.944
1664464560,+3.49,+19.332, +8.721,+0.945
1664464620,+3.48,+19.365, +8.776,+0.945
1664464680,+3.49,+19.382, +8.595,+0.945
1664464740,+3.49,+19.365, +8.654,+0.945
1664464800,+3.49,+19.357, +8.653,+0.944
1664464860,+3.49,+19.399, +8.547,+0.944
1664464920,+3.49,+19.390, +8.568,+0.944
1664464980,+3.48,+19.407, +8.620,+0.945
1664465040,+3.48,+19.407, +8.553,+0.945
1664465100,+3.48,+19.424, +8.552,+0.944
1664465160,+3.48,+19.424, +8.582,+0.944
1664465220,+3.48,+19.416, +8.754,+0.945
1664465280,+3.49,+19.365, +8.692,+0.944
1664465340,+3.49,+19.382, +8.746,+0.945
1664465400,+3.48,+19.357, +8.749,+0.945
1664465460,+3.48,+19.390, +8.765,+0.945
1664465520,+3.48,+19.382, +8.722,+0.945
1664465580,+3.48,+19.399, +8.767,+0.944
1664465640,+3.49,+19.374, +8.752,+0.944
1664465700,+3.49,+19.365, +8.815,+0.945
1664465760,+3.49,+19.374, +8.728,+0.944
1664465820,+3.49,+19.357, +8.787,+0.945
1664465880,+3.48,+19.382, +8.734,+0.945
1664465940,+3.49,+19.399, +8.847,+0.945
1664466000,+3.48,+19.390, +8.778,+0.944
1664466060,+3.49,+19.382, +8.783,+0.945
1664466120,+3.49,+19.374, +8.844,+0.945
1664466180,+3.48,+19.374, +8.842,+0.945
1664466240,+3.49,+19.399, +8.787,+0.945
1664466300,+3.48,+19.390, +8.773,+0.945
1664466360,+3.48,+19.407, +8.739,+0.945
1664466420,+3.48,+19.390, +8.759,+0.944
1664466480,+3.49,+19.399, +8.701,+0.945
1664466540,+3.49,+19.374, +8.724,+0.945
1664466600,+3.48,+19.390, +8.765,+0.944
1664466660,+3.48,+19.416, +8.859,+0.945
1664466720,+3.48,+19.399, +8.791,+0.945
1664466780,+3.49,+19.399, +8.792,+0.945
1664466840,+3.49,+19.399, +8.837,+0.945
1664466900,+3.48,+19.416, +8.820,+0.945
1664466960,+3.48,+19.416, +8.729,+0.944
1664467020,+3.48,+19.407, +8.869,+0.945
1664467080,+3.48,+19.407, +8.848,+0.944
1664467140,+3.49,+19.399, +8.788,+0.945
1664467200,+3.48,+19.390, +8.799,+0.945
1664467260,+3.49,+19.407, +8.804,+0.945
1664467320,+3.48,+19.407, +8.908,+0.945
1664467380,+3.48,+19.424, +8.884,+0.945
1664467440,+3.48,+19.416, +8.922,+0.945
1664467500,+3.48,+19.424, +8.921,+0.945
1664467560,+3.48,+19.416, +8.902,+0.945
1664467620,+3.48,+19.407, +8.938,+0.944
1664467680,+3.48,+19.424, +8.935,+0.945
1664467740,+3.48,+19.424, +8.951,+0.945
1664467800,+3.48,+19.449, +8.951,+0.945
1664467860,+3.48,+19.441, +8.951,+0.945
1664467920,+3.49,+19.424, +8.965,+0.945
1664467980,+3.48,+19.432, +8.942,+0.945
1664468040,+3.48,+19.441, +8.962,+0.944
1664468100,+3.48,+19.424, +8.962,+0.944
1664468160,+3.48,+19.466, +8.964,+0.945
1664468220,+3.48,+19.441, +8.984,+0.945
1664468280,+3.48,+19.458, +8.968,+0.945
1664468340,+3.48,+19.466, +9.002,+0.945
1664468400,+3.48,+19.474, +9.001,+0.945
1664468460,+3.48,+19.458, +8.972,+0.945
1664468520,+3.48,+19.458, +8.970,+0.945
1664468580,+3.48,+19.466, +9.013,+0.945
1664468640,+3.48,+19.483, +9.016,+0.945
1664468700,+3.48,+19.474, +9.025,+0.945
1664468760,+3.48,+19.458, +9.013,+0.944
1664468820,+3.48,+19.483, +9.014,+0.945
1664468880,+3.48,+19.483, +9.026,+0.945
1664468940,+3.48,+19.483, +9.030,+0.945
1664469000,+3.48,+19.491, +9.034,+0.945
1664469060,+3.48,+19.499, +9.023,+0.945
1664469120,+3.48,+19.474, +9.014,+0.945
1664469180,+3.48,+19.474, +9.023,+0.945
1664469240,+3.48,+19.483, +8.992,+0.945
1664469300,+3.48,+19.466, +8.970,+0.944
1664469360,+3.48,+19.458, +8.985,+0.945
1664469420,+3.48,+19.483, +9.018,+0.944
1664469480,+3.48,+19.491, +9.055,+0.945
1664469540,+3.48,+19.499, +9.016,+0.945
1664469600,+3.48,+19.483, +8.953,+0.945
1664469660,+3.48,+19.483, +9.005,+0.945
1664469720,+3.48,+19.508, +9.019,+0.944
1664469780,+3.48,+19.525, +9.038,+0.945
1664469840,+3.48,+19.474, +9.051,+0.945
1664469900,+3.48,+19.508, +9.067,+0.945
1664469960,+3.48,+19.516, +9.058,+0.945
1664470020,+3.48,+19.491, +9.027,+0.944
1664470080,+3.48,+19.491, +9.006,+0.945
1664470140,+3.48,+19.483, +8.945,+0.945
1664470200,+3.48,+19.491, +8.995,+0.945
