7450-364333
OS REV: 1.05 Sensor Cal: 1644948279
Time (sec),  BV (Volts),  T (deg C),  DO (mg/l),  Q ()
1665247860,+3.47,+17.580, +9.367,+0.942
1665247920,+3.47,+17.572, +9.326,+0.942
1665247980,+3.47,+17.563, +9.311,+0.942
1665248040,+3.47,+17.563, +9.365,+0.942
1665248100,+3.47,+17.555, +9.393,+0.942
1665248160,+3.47,+17.563, +9.397,+0.942
1665248220,+3.47,+17.563, +9.317,+0.942
1665248280,+3.47,+17.538, +9.299,+0.942
1665248340,+3.47,+17.521, +9.327,+0.942
1665248400,+3.47,+17.504, +9.384,+0.942
1665248460,+3.47,+17.496, +9.396,+0.942
1665248520,+3.47,+17.513, +9.437,+0.942
1665248580,+3.47,+17.496, +9.418,+0.942
1665248640,+3.47,+17.496, +9.379,+0.942
1665248700,+3.47,+17.521, +9.391,+0.942
1665248760,+3.47,+17.521, +9.405,+0.942
1665248820,+3.47,+17.555, +9.458,+0.942
1665248880,+3.47,+17.580, +9.580,+0.942
1665248940,+3.47,+17.589, +9.650,+0.943
1665249000,+3.47,+17.597, +9.613,+0.942
1665249060,+3.47,+17.606, +9.601,+0.942
1665249120,+3.47,+17.639, +9.569,+0.942
1665249180,+3.47,+17.622, +9.573,+0.942
1665249240,+3.47,+17.631, +9.526,+0.942
1665249300,+3.47,+17.614, +9.538,+0.942
1665249360,+3.47,+17.622, +9.532,+0.942
1665249420,+3.47,+17.622, +9.441,+0.942
1665249480,+3.47,+17.622, +9.449,+0.941
1665249540,+3.47,+17.614, +9.452,+0.942
1665249600,+3.47,+17.622, +9.437,+0.942
1665249660,+3.47,+17.622, +9.438,+0.942
1665249720,+3.47,+17.622, +9.467,+0.942
1665249780,+3.47,+17.639, +9.455,+0.942
1665249840,+3.47,+17.631, +9.466,+0.942
1665249900,+3.47,+17.639, +9.463,+0.942
1665249960,+3.47,+17.606, +9.457,+0.942
1665250020,+3.47,+17.597, +9.469,+0.942
1665250080,+3.47,+17.614, +9.547,+0.943
1665250140,+3.47,+17.622, +9.559,+0.942
1665250200,+3.47,+17.622, +9.573,+0.942
1665250260,+3.47,+17.631, +9.573,+0.942
1665250320,+3.47,+17.639, +9.582,+0.942
1665250380,+3.47,+17.656, +9.643,+0.943
1665250440,+3.47,+17.673, +9.638,+0.942
1665250500,+3.47,+17.699, +9.631,+0.942
1665250560,+3.47,+17.699, +9.624,+0.942
1665250620,+3.47,+17.665, +9.623,+0.942
1665250680,+3.47,+17.673, +9.605,+0.942
1665250740,+3.47,+17.665, +9.657,+0.942
1665250800,+3.47,+17.673, +9.684,+0.943
1665250860,+3.47,+17.665, +9.651,+0.942
1665250920,+3.47,+17.665, +9.659,+0.942
1665250980,+3.47,+17.639, +9.716,+0.943
1665251040,+3.47,+17.656, +9.706,+0.942
1665251100,+3.47,+17.665, +9.694,+0.942
1665251160,+3.47,+17.648, +9.706,+0.942
1665251220,+3.47,+17.673, +9.728,+0.942
1665251280,+3.47,+17.656, +9.746,+0.942
1665251340,+3.47,+17.665, +9.737,+0.942
1665251400,+3.47,+17.665, +9.747,+0.942
1665251460,+3.47,+17.648, +9.766,+0.942
1665251520,+3.47,+17.699, +9.766,+0.942
1665251580,+3.47,+17.682, +9.784,+0.943
1665251640,+3.47,+17.690, +9.820,+0.942
1665251700,+3.47,+17.682, +9.770,+0.943
1665251760,+3.47,+17.656, +9.730,+0.942
1665251820,+3.47,+17.639, +9.747,+0.943
1665251880,+3.47,+17.639, +9.735,+0.942
1665251940,+3.47,+17.648, +9.698,+0.942
1665252000,+3.47,+17.622, +9.667,+0.942
1665252060,+3.47,+17.631, +9.748,+0.942
1665252120,+3.47,+17.639, +9.715,+0.942
1665252180,+3.47,+17.589, +9.704,+0.942
1665252240,+3.47,+17.597, +9.667,+0.942
1665252300,+3.47,+17.606, +9.694,+0.943
1665252360,+3.47,+17.631, +9.711,+0.942
1665252420,+3.47,+17.639, +9.715,+0.942
1665252480,+3.47,+17.614, +9.719,+0.943
1665252540,+3.47,+17.622, +9.712,+0.943
1665252600,+3.47,+17.606, +9.712,+0.942
1665252660,+3.47,+17.589, +9.707,+0.942
1665252720,+3.47,+17.597, +9.725,+0.943
1665252780,+3.47,+17.606, +9.749,+0.942
1665252840,+3.47,+17.606, +9.790,+0.943
1665252900,+3.47,+17.639, +9.744,+0.942
1665252960,+3.47,+17.648, +9.747,+0.942
1665253020,+3.47,+17.648, +9.750,+0.942
1665253080,+3.47,+17.622, +9.721,+0.942
1665253140,+3.47,+17.631, +9.764,+0.942
1665253200,+3.47,+17.622, +9.753,+0.942
1665253260,+3.47,+17.648, +9.778,+0.943
1665253320,+3.47,+17.614, +9.748,+0.943
1665253380,+3.47,+17.622, +9.797,+0.943
1665253440,+3.47,+17.622, +9.767,+0.942
1665253500,+3.47,+17.622, +9.797,+0.942
1665253560,+3.47,+17.622, +9.812,+0.943
1665253620,+3.47,+17.631, +9.822,+0.943
1665253680,+3.47,+17.622, +9.768,+0.942
1665253740,+3.47,+17.589, +9.732,+0.942
1665253800,+3.47,+17.555, +9.740,+0.942
1665253860,+3.47,+17.538, +9.771,+0.942
1665253920,+3.47,+17.546, +9.807,+0.942
1665253980,+3.47,+17.555, +9.773,+0.942
1665254040,+3.47,+17.521, +9.732,+0.942
1665254100,+3.47,+17.479, +9.780,+0.942
1665254160,+3.48,+17.479, +9.792,+0.943
1665254220,+3.48,+17.470, +9.797,+0.942
1665254280,+3.47,+17.462, +9.779,+0.942
1665254340,+3.48,+17.470, +9.777,+0.942
1665254400,+3.48,+17.453, +9.761,+0.942
1665254460,+3.48,+17.453, +9.810,+0.942
1665254520,+3.48,+17.445, +9.763,+0.942
1665254580,+3.48,+17.445, +9.774,+0.942
1665254640,+3.48,+17.445, +9.802,+0.942
1665254700,+3.48,+17.436, +9.796,+0.943
1665254760,+3.48,+17.445, +9.783,+0.943
1665254820,+3.48,+17.445, +9.771,+0.942
1665254880,+3.48,+17.445, +9.747,+0.942
1665254940,+3.48,+17.436, +9.762,+0.943
1665255000,+3.48,+17.436, +9.759,+0.942
1665255060,+3.48,+17.420, +9.767,+0.942
1665255120,+3.48,+17.428, +9.780,+0.942
1665255180,+3.48,+17.436, +9.784,+0.942
1665255240,+3.48,+17.436, +9.773,+0.943
1665255300,+3.48,+17.445, +9.742,+0.942
1665255360,+3.48,+17.445, +9.774,+0.942
1665255420,+3.48,+17.436, +9.853,+0.942
1665255480,+3.48,+17.453, +9.871,+0.942
1665255540,+3.48,+17.445, +9.826,+0.943
1665255600,+3.48,+17.453, +9.830,+0.943
1665255660,+3.48,+17.428, +9.818,+0.943
1665255720,+3.48,+17.462, +9.821,+0.942
1665255780,+3.48,+17.470, +9.813,+0.943
1665255840,+3.48,+17.453, +9.790,+0.943
1665255900,+3.48,+17.453, +9.780,+0.942
1665255960,+3.48,+17.453, +9.793,+0.942
1665256020,+3.48,+17.453, +9.773,+0.942
1665256080,+3.48,+17.462, +9.778,+0.942
1665256140,+3.48,+17.462, +9.779,+0.942
1665256200,+3.48,+17.462, +9.787,+0.943
1665256260,+3.48,+17.470, +9.798,+0.943
1665256320,+3.48,+17.462, +9.780,+0.942
1665256380,+3.48,+17.462, +9.780,+0.943
1665256440,+3.48,+17.453, +9.763,+0.942
1665256500,+3.48,+17.462, +9.788,+0.943
1665256560,+3.48,+17.470, +9.779,+0.942
1665256620,+3.48,+17.479, +9.759,+0.942
1665256680,+3.48,+17.487, +9.756,+0.942
1665256740,+3.48,+17.487, +9.761,+0.943
1665256800,+3.48,+17.487, +9.759,+0.942
1665256860,+3.48,+17.479, +9.750,+0.942
1665256920,+3.48,+17.487, +9.758,+0.942
1665256980,+3.48,+17.529, +9.764,+0.942
1665257040,+3.47,+17.513, +9.765,+0.943
1665257100,+3.47,+17.513, +9.766,+0.942
1665257160,+3.47,+17.529, +9.759,+0.943
1665257220,+3.47,+17.521, +9.754,+0.942
1665257280,+3.47,+17.521, +9.776,+0.942
1665257340,+3.48,+17.529, +9.771,+0.942
1665257400,+3.47,+17.538, +9.767,+0.942
1665257460,+3.47,+17.546, +9.800,+0.942
1665257520,+3.48,+17.546, +9.790,+0.942
1665257580,+3.47,+17.546, +9.796,+0.942
1665257640,+3.47,+17.538, +9.799,+0.942
1665257700,+3.47,+17.563, +9.773,+0.942
1665257760,+3.47,+17.563, +9.759,+0.942
1665257820,+3.47,+17.555, +9.757,+0.942
1665257880,+3.47,+17.589, +9.745,+0.942
1665257940,+3.47,+17.580, +9.771,+0.943
1665258000,+3.47,+17.580, +9.771,+0.942
1665258060,+3.47,+17.580, +9.741,+0.943
1665258120,+3.47,+17.597, +9.728,+0.942
1665258180,+3.47,+17.589, +9.710,+0.942
1665258240,+3.47,+17.597, +9.719,+0.942
1665258300,+3.47,+17.589, +9.725,+0.942
1665258360,+3.47,+17.597, +9.691,+0.942
1665258420,+3.47,+17.614, +9.698,+0.942
1665258480,+3.47,+17.589, +9.734,+0.943
1665258540,+3.47,+17.614, +9.749,+0.942
1665258600,+3.47,+17.614, +9.781,+0.943
1665258660,+3.47,+17.606, +9.813,+0.943
1665258720,+3.47,+17.631, +9.791,+0.942
1665258780,+3.47,+17.614, +9.812,+0.942
1665258840,+3.47,+17.622, +9.781,+0.943
1665258900,+3.47,+17.631, +9.762,+0.942
1665258960,+3.47,+17.622, +9.770,+0.942
1665259020,+3.47,+17.622, +9.851,+0.942
1665259080,+3.47,+17.648, +9.909,+0.943
1665259140,+3.47,+17.614, +9.931,+0.942
1665259200,+3.47,+17.648, +9.944,+0.943
1665259260,+3.47,+17.648, +9.949,+0.942
1665259320,+3.47,+17.648, +9.953,+0.942
1665259380,+3.47,+17.665, +9.966,+0.942
1665259440,+3.47,+17.656, +9.986,+0.942
1665259500,+3.47,+17.665,+10.009,+0.943
1665259560,+3.47,+17.673,+10.018,+0.942
1665259620,+3.47,+17.673,+10.023,+0.943
1665259680,+3.47,+17.699,+10.010,+0.942
1665259740,+3.47,+17.665,+10.030,+0.943
1665259800,+3.47,+17.690,+10.047,+0.943
1665259860,+3.47,+17.699,+10.038,+0.943
1665259920,+3.47,+17.690,+10.054,+0.942
1665259980,+3.47,+17.707,+10.071,+0.943
1665260040,+3.47,+17.707,+10.079,+0.943
1665260100,+3.47,+17.732,+10.056,+0.943
1665260160,+3.47,+17.724,+10.067,+0.942
1665260220,+3.47,+17.682,+10.121,+0.943
1665260280,+3.47,+17.699,+10.132,+0.942
1665260340,+3.47,+17.707,+10.169,+0.943
1665260400,+3.47,+17.699,+10.189,+0.943
1665260460,+3.47,+17.724,+10.214,+0.942
1665260520,+3.47,+17.699,+10.246,+0.943
1665260580,+3.47,+17.707,+10.241,+0.943
1665260640,+3.47,+17.707,+10.193,+0.942
1665260700,+3.47,+17.690,+10.144,+0.942
1665260760,+3.47,+17.682,+10.101,+0.942
1665260820,+3.47,+17.690,+10.048,+0.942
1665260880,+3.47,+17.690,+10.076,+0.942
1665260940,+3.47,+17.699,+10.082,+0.942
1665261000,+3.47,+17.690,+10.125,+0.943
1665261060,+3.47,+17.690,+10.126,+0.943
1665261120,+3.47,+17.690,+10.135,+0.942
1665261180,+3.47,+17.690,+10.139,+0.943
1665261240,+3.47,+17.665,+10.109,+0.943
1665261300,+3.47,+17.665,+10.107,+0.943
1665261360,+3.47,+17.648,+10.053,+0.943
1665261420,+3.47,+17.648,+10.082,+0.943
1665261480,+3.47,+17.639,+10.097,+0.942
1665261540,+3.47,+17.656,+10.098,+0.943
1665261600,+3.47,+17.648,+10.110,+0.943
1665261660,+3.47,+17.665,+10.123,+0.943
1665261720,+3.47,+17.656,+10.092,+0.942
1665261780,+3.47,+17.656,+10.129,+0.943
1665261840,+3.47,+17.631,+10.130,+0.943
1665261900,+3.47,+17.648,+10.131,+0.942
1665261960,+3.47,+17.639,+10.128,+0.942
1665262020,+3.47,+17.648,+10.136,+0.943
1665262080,+3.47,+17.656,+10.143,+0.942
1665262140,+3.47,+17.656,+10.167,+0.943
1665262200,+3.47,+17.665,+10.154,+0.943
1665262260,+3.47,+17.648,+10.149,+0.943
1665262320,+3.47,+17.656,+10.152,+0.942
1665262380,+3.47,+17.656,+10.170,+0.942
1665262440,+3.47,+17.639,+10.185,+0.943
1665262500,+3.47,+17.648,+10.204,+0.943
1665262560,+3.47,+17.656,+10.173,+0.942
1665262620,+3.47,+17.656,+10.167,+0.942
1665262680,+3.47,+17.648,+10.169,+0.943
1665262740,+3.47,+17.665,+10.172,+0.943
1665262800,+3.47,+17.639,+10.179,+0.943
1665262860,+3.47,+17.639,+10.132,+0.943
1665262920,+3.47,+17.673,+10.142,+0.943
1665262980,+3.47,+17.665,+10.133,+0.943
1665263040,+3.47,+17.648,+10.128,+0.943
1665263100,+3.47,+17.622,+10.131,+0.942
1665263160,+3.47,+17.656,+10.131,+0.943
1665263220,+3.47,+17.639,+10.109,+0.943
1665263280,+3.47,+17.648,+10.116,+0.943
1665263340,+3.47,+17.656,+10.125,+0.943
1665263400,+3.47,+17.656,+10.136,+0.943
1665263460,+3.47,+17.648,+10.140,+0.942
1665263520,+3.47,+17.639,+10.154,+0.943
1665263580,+3.47,+17.656,+10.168,+0.943
1665263640,+3.47,+17.648,+10.199,+0.943
1665263700,+3.47,+17.656,+10.184,+0.942
1665263760,+3.47,+17.631,+10.194,+0.943
1665263820,+3.47,+17.648,+10.199,+0.942
1665263880,+3.47,+17.656,+10.214,+0.943
1665263940,+3.47,+17.631,+10.236,+0.943
1665264000,+3.47,+17.648,+10.238,+0.942
1665264060,+3.47,+17.665,+10.225,+0.943
1665264120,+3.47,+17.665,+10.198,+0.943
1665264180,+3.47,+17.665,+10.217,+0.943
1665264240,+3.47,+17.690,+10.154,+0.943
1665264300,+3.47,+17.690,+10.110,+0.943
1665264360,+3.47,+17.682,+10.163,+0.943
1665264420,+3.47,+17.682,+10.145,+0.942
1665264480,+3.47,+17.690,+10.162,+0.943
1665264540,+3.47,+17.682,+10.164,+0.943
1665264600,+3.47,+17.699,+10.122,+0.942
1665264660,+3.47,+17.665,+10.088,+0.943
1665264720,+3.47,+17.690,+10.070,+0.943
1665264780,+3.47,+17.690,+10.065,+0.943
1665264840,+3.47,+17.699,+10.024,+0.943
1665264900,+3.47,+17.656,+10.105,+0.942
1665264960,+3.47,+17.673,+10.108,+0.943
1665265020,+3.47,+17.673,+10.084,+0.943
1665265080,+3.47,+17.665,+10.120,+0.943
1665265140,+3.47,+17.656,+10.097,+0.942
1665265200,+3.47,+17.673,+10.121,+0.943
1665265260,+3.47,+17.656,+10.098,+0.943
1665265320,+3.47,+17.656,+10.090,+0.943
1665265380,+3.47,+17.665,+10.081,+0.942
1665265440,+3.47,+17.648,+10.114,+0.943
1665265500,+3.47,+17.656,+10.060,+0.943
1665265560,+3.47,+17.656,+10.014,+0.943
1665265620,+3.47,+17.639,+10.029,+0.942
1665265680,+3.47,+17.656,+10.131,+0.943
1665265740,+3.47,+17.656,+10.218,+0.943
1665265800,+3.47,+17.648,+10.285,+0.943
1665265860,+3.47,+17.665,+10.204,+0.943
1665265920,+3.47,+17.665,+10.181,+0.942
1665265980,+3.47,+17.673,+10.224,+0.943
1665266040,+3.47,+17.656,+10.180,+0.943
1665266100,+3.47,+17.639,+10.183,+0.943
1665266160,+3.47,+17.665,+10.153,+0.943
1665266220,+3.47,+17.656,+10.105,+0.943
1665266280,+3.47,+17.648,+10.084,+0.942
1665266340,+3.47,+17.656,+10.061,+0.943
1665266400,+3.47,+17.639,+10.051,+0.943
1665266460,+3.47,+17.648,+10.036,+0.942
1665266520,+3.47,+17.631,+10.005,+0.942
1665266580,+3.47,+17.639, +9.993,+0.942
1665266640,+3.47,+17.631,+10.010,+0.943
1665266700,+3.47,+17.639, +9.990,+0.942
1665266760,+3.47,+17.656, +9.926,+0.942
1665266820,+3.47,+17.648, +9.909,+0.942
1665266880,+3.47,+17.648, +9.948,+0.943
1665266940,+3.47,+17.648, +9.996,+0.942
1665267000,+3.47,+17.639,+10.014,+0.943
1665267060,+3.47,+17.631, +9.980,+0.943
1665267120,+3.47,+17.631, +9.998,+0.943
1665267180,+3.47,+17.631, +9.984,+0.942
1665267240,+3.47,+17.639, +9.996,+0.942
1665267300,+3.47,+17.622, +9.972,+0.942
1665267360,+3.48,+17.622,+10.006,+0.942
1665267420,+3.47,+17.614,+10.029,+0.943
1665267480,+3.47,+17.622,+10.005,+0.943
1665267540,+3.47,+17.639,+10.001,+0.942
1665267600,+3.47,+17.622,+10.036,+0.943
1665267660,+3.47,+17.631,+10.039,+0.943
1665267720,+3.47,+17.614,+10.021,+0.943
1665267780,+3.47,+17.606,+10.024,+0.942
1665267840,+3.47,+17.606,+10.008,+0.943
1665267900,+3.47,+17.614, +9.990,+0.942
1665267960,+3.47,+17.606, +9.993,+0.942
1665268020,+3.47,+17.580,+10.009,+0.942
1665268080,+3.47,+17.597,+10.005,+0.942
1665268140,+3.47,+17.606, +9.966,+0.942
1665268200,+3.47,+17.597, +9.900,+0.943
1665268260,+3.47,+17.589, +9.876,+0.943
1665268320,+3.47,+17.614, +9.919,+0.943
1665268380,+3.47,+17.597, +9.921,+0.942
1665268440,+3.47,+17.597, +9.965,+0.942
1665268500,+3.47,+17.589, +9.992,+0.942
1665268560,+3.47,+17.597, +9.998,+0.943
1665268620,+3.47,+17.589, +9.980,+0.942
1665268680,+3.47,+17.580,+10.001,+0.942
1665268740,+3.47,+17.589, +9.997,+0.942
1665268800,+3.48,+17.580,+10.019,+0.943
1665268860,+3.47,+17.589,+10.016,+0.943
1665268920,+3.47,+17.597, +9.895,+0.942
1665268980,+3.47,+17.589, +9.943,+0.942
1665269040,+3.47,+17.597, +9.963,+0.943
1665269100,+3.47,+17.606, +9.966,+0.942
1665269160,+3.47,+17.589,+10.022,+0.943
1665269220,+3.47,+17.572,+10.045,+0.943
1665269280,+3.47,+17.606,+10.054,+0.942
1665269340,+3.47,+17.597,+10.074,+0.942
1665269400,+3.47,+17.597,+10.072,+0.942
1665269460,+3.47,+17.614,+10.058,+0.943
1665269520,+3.47,+17.606,+10.059,+0.942
1665269580,+3.47,+17.597,+10.067,+0.943
1665269640,+3.47,+17.614,+10.083,+0.943
1665269700,+3.47,+17.597,+10.095,+0.943
1665269760,+3.47,+17.606,+10.110,+0.942
1665269820,+3.47,+17.606,+10.154,+0.943
1665269880,+3.47,+17.597,+10.191,+0.943
1665269940,+3.47,+17.589,+10.217,+0.943
1665270000,+3.47,+17.606,+10.240,+0.943
1665270060,+3.48,+17.606,+10.276,+0.943
1665270120,+3.47,+17.606,+10.283,+0.943
1665270180,+3.47,+17.597,+10.292,+0.943
1665270240,+3.47,+17.597,+10.278,+0.943
1665270300,+3.47,+17.606,+10.272,+0.943
1665270360,+3.47,+17.606,+10.288,+0.943
1665270420,+3.47,+17.614,+10.281,+0.943
1665270480,+3.47,+17.597,+10.267,+0.943
1665270540,+3.48,+17.589,+10.249,+0.943
1665270600,+3.48,+17.580,+10.207,+0.942
1665270660,+3.48,+17.597,+10.182,+0.943
1665270720,+3.47,+17.597,+10.165,+0.942
1665270780,+3.48,+17.563,+10.185,+0.943
1665270840,+3.47,+17.597,+10.155,+0.942
1665270900,+3.47,+17.580,+10.119,+0.942
1665270960,+3.47,+17.589,+10.163,+0.943
1665271020,+3.47,+17.572,+10.193,+0.943
1665271080,+3.47,+17.597,+10.189,+0.942
1665271140,+3.47,+17.589,+10.209,+0.943
1665271200,+3.47,+17.589,+10.183,+0.943
1665271260,+3.48,+17.589,+10.163,+0.942
1665271320,+3.47,+17.572,+10.091,+0.943
1665271380,+3.47,+17.589,+10.025,+0.942
1665271440,+3.47,+17.563,+10.113,+0.942
1665271500,+3.48,+17.563,+10.156,+0.942
1665271560,+3.47,+17.589,+10.199,+0.943
1665271620,+3.47,+17.589,+10.231,+0.943
1665271680,+3.47,+17.580,+10.244,+0.943
1665271740,+3.47,+17.589,+10.223,+0.943
1665271800,+3.47,+17.597,+10.252,+0.942
1665271860,+3.48,+17.589,+10.245,+0.943
1665271920,+3.48,+17.580,+10.124,+0.943
1665271980,+3.47,+17.597,+10.153,+0.943
1665272040,+3.47,+17.606,+10.212,+0.942
1665272100,+3.47,+17.597,+10.304,+0.943
1665272160,+3.47,+17.606,+10.379,+0.943
1665272220,+3.47,+17.622,+10.409,+0.943
1665272280,+3.47,+17.614,+10.330,+0.943
1665272340,+3.47,+17.606,+10.353,+0.943
1665272400,+3.47,+17.622,+10.412,+0.943
1665272460,+3.47,+17.631,+10.371,+0.943
1665272520,+3.47,+17.631,+10.347,+0.943
1665272580,+3.47,+17.614,+10.223,+0.943
1665272640,+3.47,+17.614,+10.328,+0.943
1665272700,+3.47,+17.622,+10.324,+0.943
1665272760,+3.47,+17.606,+10.395,+0.943
1665272820,+3.47,+17.614,+10.410,+0.943
1665272880,+3.47,+17.606,+10.395,+0.943
1665272940,+3.47,+17.614,+10.380,+0.943
1665273000,+3.47,+17.622,+10.344,+0.943
1665273060,+3.47,+17.631,+10.327,+0.943
1665273120,+3.47,+17.614,+10.341,+0.943
1665273180,+3.47,+17.631,+10.299,+0.943
1665273240,+3.47,+17.614,+10.308,+0.943
1665273300,+3.47,+17.622,+10.290,+0.943
1665273360,+3.47,+17.622,+10.283,+0.943
1665273420,+3.47,+17.622,+10.274,+0.943
1665273480,+3.47,+17.639,+10.210,+0.943
1665273540,+3.47,+17.597,+10.215,+0.943
1665273600,+3.47,+17.606,+10.188,+0.942
1665273660,+3.47,+17.614,+10.047,+0.943
1665273720,+3.47,+17.597,+10.114,+0.943
1665273780,+3.47,+17.614,+10.170,+0.943
1665273840,+3.48,+17.606,+10.160,+0.943
1665273900,+3.48,+17.614,+10.126,+0.942
1665273960,+3.48,+17.555,+10.093,+0.943
1665274020,+3.48,+17.555,+10.101,+0.943
1665274080,+3.48,+17.513,+10.066,+0.942
1665274140,+3.48,+17.487,+10.028,+0.943
1665274200,+3.48,+17.420,+10.054,+0.942
1665274260,+3.48,+17.420,+10.037,+0.943
1665274320,+3.48,+17.377,+10.053,+0.942
1665274380,+3.48,+17.360,+10.066,+0.943
1665274440,+3.48,+17.352,+10.070,+0.942
1665274500,+3.48,+17.310,+10.076,+0.942
1665274560,+3.48,+17.284,+10.099,+0.942
1665274620,+3.48,+17.284,+10.100,+0.942
1665274680,+3.48,+17.284,+10.097,+0.942
1665274740,+3.48,+17.259,+10.115,+0.942
1665274800,+3.48,+17.242,+10.109,+0.943
1665274860,+3.48,+17.242,+10.125,+0.942
1665274920,+3.48,+17.225,+10.113,+0.942
1665274980,+3.48,+17.233,+10.106,+0.943
1665275040,+3.48,+17.242,+10.094,+0.942
1665275100,+3.48,+17.233,+10.093,+0.942
1665275160,+3.48,+17.242,+10.070,+0.942
1665275220,+3.48,+17.225,+10.080,+0.942
1665275280,+3.48,+17.250,+10.119,+0.943
1665275340,+3.48,+17.242,+10.084,+0.942
1665275400,+3.48,+17.259,+10.094,+0.943
1665275460,+3.48,+17.242,+10.097,+0.943
1665275520,+3.48,+17.242,+10.078,+0.942
1665275580,+3.48,+17.225,+10.107,+0.943
1665275640,+3.48,+17.208,+10.109,+0.943
1665275700,+3.48,+17.191,+10.137,+0.943
1665275760,+3.48,+17.225,+10.116,+0.943
1665275820,+3.48,+17.216,+10.064,+0.942
1665275880,+3.48,+17.208,+10.102,+0.943
1665275940,+3.48,+17.216,+10.066,+0.942
1665276000,+3.48,+17.191,+10.063,+0.942
1665276060,+3.48,+17.199,+10.047,+0.943
1665276120,+3.48,+17.174,+10.006,+0.942
1665276180,+3.48,+17.182,+10.021,+0.942
1665276240,+3.48,+17.157,+10.036,+0.942
1665276300,+3.48,+17.123,+10.044,+0.942
1665276360,+3.48,+17.123,+10.027,+0.942
1665276420,+3.48,+17.132,+10.032,+0.942
1665276480,+3.48,+17.132,+10.064,+0.943
1665276540,+3.48,+17.166,+10.048,+0.942
1665276600,+3.48,+17.149,+10.067,+0.943
1665276660,+3.48,+17.149,+10.043,+0.942
1665276720,+3.48,+17.166,+10.075,+0.943
1665276780,+3.48,+17.174,+10.036,+0.943
1665276840,+3.48,+17.157, +9.995,+0.942
1665276900,+3.48,+17.123, +9.890,+0.942
1665276960,+3.48,+17.089, +9.797,+0.942
1665277020,+3.48,+17.055, +9.935,+0.942
1665277080,+3.48,+17.064, +9.946,+0.942
1665277140,+3.48,+17.030,+10.006,+0.943
1665277200,+3.48,+17.038, +9.994,+0.942
1665277260,+3.48,+17.013,+10.055,+0.943
1665277320,+3.48,+17.005,+10.053,+0.943
1665277380,+3.48,+16.996,+10.032,+0.943
1665277440,+3.48,+16.971,+10.054,+0.943
1665277500,+3.48,+16.996, +9.939,+0.942
1665277560,+3.48,+16.962,+10.029,+0.943
1665277620,+3.48,+16.945,+10.090,+0.943
1665277680,+3.48,+16.962,+10.142,+0.943
1665277740,+3.48,+16.920,+10.163,+0.943
1665277800,+3.48,+16.937,+10.154,+0.942
1665277860,+3.48,+16.937,+10.174,+0.943
1665277920,+3.48,+16.954,+10.153,+0.943
1665277980,+3.48,+16.945,+10.169,+0.942
1665278040,+3.48,+16.962,+10.114,+0.942
1665278100,+3.48,+16.971,+10.148,+0.942
1665278160,+3.48,+16.945,+10.187,+0.943
1665278220,+3.48,+16.945,+10.177,+0.942
1665278280,+3.48,+16.945,+10.156,+0.943
1665278340,+3.48,+16.954,+10.140,+0.943
1665278400,+3.48,+16.911,+10.138,+0.943
1665278460,+3.48,+16.920,+10.151,+0.943
1665278520,+3.48,+16.903,+10.184,+0.943
1665278580,+3.48,+16.928,+10.167,+0.942
1665278640,+3.48,+16.920,+10.166,+0.943
1665278700,+3.48,+16.911,+10.177,+0.943
1665278760,+3.48,+16.937,+10.141,+0.943
1665278820,+3.48,+16.954,+10.115,+0.943
1665278880,+3.48,+16.937,+10.104,+0.942
1665278940,+3.48,+16.937,+10.049,+0.942
1665279000,+3.48,+16.945,+10.034,+0.942
1665279060,+3.48,+16.928,+10.041,+0.942
1665279120,+3.48,+16.911,+10.099,+0.943
1665279180,+3.48,+16.911,+10.105,+0.943
1665279240,+3.48,+16.894,+10.118,+0.942
1665279300,+3.48,+16.903,+10.151,+0.943
1665279360,+3.48,+16.911,+10.166,+0.942
1665279420,+3.48,+16.920,+10.128,+0.942
1665279480,+3.48,+16.894,+10.171,+0.943
1665279540,+3.48,+16.894,+10.143,+0.943
1665279600,+3.48,+16.911,+10.130,+0.943
1665279660,+3.48,+16.877,+10.127,+0.943
1665279720,+3.48,+16.894,+10.110,+0.943
1665279780,+3.48,+16.852,+10.113,+0.943
1665279840,+3.48,+16.860,+10.091,+0.942
1665279900,+3.48,+16.886,+10.052,+0.942
1665279960,+3.48,+16.869,+10.084,+0.943
1665280020,+3.48,+16.877,+10.086,+0.943
1665280080,+3.48,+16.877,+10.057,+0.943
1665280140,+3.48,+16.886, +9.978,+0.943
1665280200,+3.48,+16.877,+10.011,+0.942
1665280260,+3.48,+16.920, +9.952,+0.943
1665280320,+3.48,+16.903, +9.943,+0.942
1665280380,+3.48,+16.928, +9.941,+0.942
1665280440,+3.48,+16.937, +9.955,+0.942
1665280500,+3.48,+16.945, +9.973,+0.943
1665280560,+3.48,+16.928, +9.881,+0.942
1665280620,+3.48,+16.928, +9.890,+0.942
1665280680,+3.48,+16.937, +9.857,+0.942
1665280740,+3.48,+16.920, +9.892,+0.942
1665280800,+3.48,+16.920, +9.907,+0.943
1665280860,+3.48,+16.911, +9.943,+0.943
1665280920,+3.48,+16.937, +9.926,+0.942
1665280980,+3.48,+16.937, +9.930,+0.942
1665281040,+3.48,+16.937, +9.942,+0.942
1665281100,+3.48,+16.945, +9.921,+0.942
1665281160,+3.48,+16.937, +9.864,+0.942
1665281220,+3.48,+16.945, +9.745,+0.942
1665281280,+3.48,+16.920, +9.840,+0.942
1665281340,+3.48,+16.920, +9.855,+0.942
1665281400,+3.48,+16.911, +9.769,+0.942
1665281460,+3.48,+16.928, +9.789,+0.942
1665281520,+3.48,+16.937, +9.841,+0.942
1665281580,+3.48,+16.920, +9.827,+0.942
1665281640,+3.48,+16.903, +9.863,+0.942
1665281700,+3.48,+16.920, +9.845,+0.942
1665281760,+3.48,+16.894, +9.923,+0.942
1665281820,+3.48,+16.835, +9.975,+0.942
1665281880,+3.48,+16.801,+10.057,+0.942
1665281940,+3.47,+16.758,+10.076,+0.942
1665282000,+3.47,+16.767,+10.074,+0.942
1665282060,+3.47,+16.758,+10.046,+0.942
1665282120,+3.47,+16.750,+10.074,+0.942
1665282180,+3.48,+16.784,+10.086,+0.942
1665282240,+3.48,+16.767,+10.090,+0.942
1665282300,+3.48,+16.809,+10.099,+0.943
1665282360,+3.48,+16.809,+10.098,+0.943
1665282420,+3.48,+16.809,+10.093,+0.943
1665282480,+3.48,+16.809,+10.044,+0.942
1665282540,+3.48,+16.826, +9.984,+0.942
1665282600,+3.48,+16.843, +9.974,+0.942
1665282660,+3.48,+16.818,+10.003,+0.942
1665282720,+3.48,+16.843, +9.985,+0.943
1665282780,+3.48,+16.843, +9.961,+0.942
1665282840,+3.48,+16.877, +9.971,+0.942
1665282900,+3.48,+16.860, +9.993,+0.942
1665282960,+3.48,+16.860, +9.980,+0.942
1665283020,+3.48,+16.886, +9.952,+0.942
1665283080,+3.48,+16.877, +9.887,+0.942
1665283140,+3.48,+16.869, +9.863,+0.942
1665283200,+3.48,+16.894, +9.864,+0.943
1665283260,+3.48,+16.886, +9.785,+0.942
1665283320,+3.48,+16.877, +9.817,+0.942
1665283380,+3.48,+16.886, +9.863,+0.942
1665283440,+3.48,+16.886, +9.920,+0.942
1665283500,+3.48,+16.877, +9.991,+0.942
1665283560,+3.48,+16.877,+10.001,+0.942
1665283620,+3.48,+16.869,+10.028,+0.943
1665283680,+3.48,+16.886,+10.036,+0.943
1665283740,+3.48,+16.869,+10.080,+0.943
1665283800,+3.48,+16.877,+10.086,+0.942
1665283860,+3.48,+16.860,+10.073,+0.942
1665283920,+3.48,+16.860,+10.083,+0.943
1665283980,+3.48,+16.894,+10.049,+0.942
1665284040,+3.48,+16.928, +9.949,+0.943
1665284100,+3.48,+16.971, +9.785,+0.943
1665284160,+3.48,+16.979, +9.672,+0.942
1665284220,+3.48,+16.996, +9.616,+0.942
1665284280,+3.48,+16.971, +9.609,+0.942
1665284340,+3.48,+16.988, +9.616,+0.942
1665284400,+3.48,+16.988, +9.610,+0.942
1665284460,+3.48,+16.988, +9.360,+0.942
1665284520,+3.48,+16.996, +9.487,+0.942
1665284580,+3.48,+16.971, +9.546,+0.942
1665284640,+3.48,+16.954, +9.655,+0.943
1665284700,+3.48,+16.962, +9.632,+0.942
1665284760,+3.48,+16.979, +9.633,+0.942
1665284820,+3.48,+16.996, +9.594,+0.942
1665284880,+3.48,+16.962, +9.560,+0.942
1665284940,+3.48,+16.962, +9.552,+0.942
1665285000,+3.48,+16.988, +9.540,+0.942
1665285060,+3.48,+16.945, +9.691,+0.942
1665285120,+3.48,+16.920, +9.624,+0.942
1665285180,+3.48,+16.920, +9.615,+0.942
1665285240,+3.48,+16.911, +9.552,+0.942
1665285300,+3.48,+16.928, +9.567,+0.942
1665285360,+3.48,+16.877, +9.594,+0.942
1665285420,+3.48,+16.911, +9.571,+0.942
1665285480,+3.48,+16.937, +9.514,+0.942
1665285540,+3.48,+16.920, +9.467,+0.942
1665285600,+3.48,+16.911, +9.450,+0.942
1665285660,+3.48,+16.945, +9.537,+0.942
1665285720,+3.48,+16.937, +9.510,+0.942
1665285780,+3.48,+16.937, +9.546,+0.942
1665285840,+3.48,+16.928, +9.536,+0.942
1665285900,+3.48,+16.920, +9.602,+0.942
1665285960,+3.48,+16.903, +9.626,+0.942
1665286020,+3.48,+16.886, +9.597,+0.942
1665286080,+3.48,+16.886, +9.630,+0.942
1665286140,+3.48,+16.903, +9.645,+0.942
1665286200,+3.48,+16.903, +9.515,+0.942
1665286260,+3.48,+16.877, +9.550,+0.942
1665286320,+3.48,+16.894, +9.567,+0.942
1665286380,+3.48,+16.894, +9.583,+0.942
1665286440,+3.48,+16.920, +9.524,+0.942
1665286500,+3.48,+16.920, +9.536,+0.942
1665286560,+3.48,+16.911, +9.568,+0.942
1665286620,+3.48,+16.911, +9.523,+0.942
1665286680,+3.48,+16.920, +9.443,+0.942
1665286740,+3.48,+16.920, +9.461,+0.942
1665286800,+3.48,+16.928, +9.501,+0.942
1665286860,+3.48,+16.937, +9.567,+0.942
1665286920,+3.48,+16.928, +9.602,+0.942
1665286980,+3.48,+16.962, +9.558,+0.942
1665287040,+3.48,+16.928, +9.564,+0.942
1665287100,+3.48,+16.954, +9.547,+0.942
1665287160,+3.48,+16.937, +9.586,+0.942
1665287220,+3.48,+16.945, +9.611,+0.942
1665287280,+3.48,+16.937, +9.638,+0.942
1665287340,+3.48,+16.920, +9.550,+0.942
1665287400,+3.48,+16.937, +9.468,+0.942
1665287460,+3.48,+16.945, +9.364,+0.942
1665287520,+3.48,+16.937, +9.405,+0.942
1665287580,+3.48,+16.928, +9.447,+0.942
1665287640,+3.48,+16.937, +9.529,+0.942
1665287700,+3.48,+16.954, +9.564,+0.942
1665287760,+3.48,+16.945, +9.573,+0.942
1665287820,+3.48,+16.937, +9.602,+0.942
1665287880,+3.48,+16.937, +9.645,+0.942
1665287940,+3.48,+16.937, +9.707,+0.942
1665288000,+3.48,+16.928, +9.717,+0.942
1665288060,+3.48,+16.911, +9.701,+0.942
1665288120,+3.48,+16.928, +9.695,+0.942
1665288180,+3.48,+16.894, +9.644,+0.942
1665288240,+3.48,+16.911, +9.554,+0.943
1665288300,+3.48,+16.911, +9.484,+0.942
1665288360,+3.48,+16.894, +9.473,+0.942
1665288420,+3.48,+16.894, +9.448,+0.942
1665288480,+3.48,+16.894, +9.562,+0.942
1665288540,+3.48,+16.886, +9.643,+0.942
1665288600,+3.48,+16.894, +9.669,+0.942
1665288660,+3.48,+16.911, +9.657,+0.942
1665288720,+3.48,+16.877, +9.681,+0.942
1665288780,+3.48,+16.877, +9.701,+0.942
1665288840,+3.48,+16.869, +9.686,+0.942
1665288900,+3.48,+16.869, +9.665,+0.942
1665288960,+3.48,+16.869, +9.583,+0.942
1665289020,+3.48,+16.869, +9.470,+0.942
1665289080,+3.48,+16.903, +9.391,+0.942
1665289140,+3.48,+16.886, +9.389,+0.942
1665289200,+3.48,+16.894, +9.442,+0.942
1665289260,+3.48,+16.903, +9.514,+0.942
1665289320,+3.48,+16.886, +9.562,+0.942
1665289380,+3.48,+16.894, +9.597,+0.942
1665289440,+3.48,+16.962, +9.452,+0.942
1665289500,+3.48,+16.971, +9.497,+0.942
1665289560,+3.48,+16.979, +9.527,+0.942
1665289620,+3.48,+16.971, +9.551,+0.942
1665289680,+3.48,+16.928, +9.532,+0.942
1665289740,+3.48,+16.860, +9.562,+0.942
1665289800,+3.48,+16.843, +9.570,+0.942
1665289860,+3.48,+16.852, +9.633,+0.942
1665289920,+3.48,+16.792, +9.634,+0.942
1665289980,+3.48,+16.801, +9.605,+0.942
1665290040,+3.47,+16.750, +9.569,+0.941
1665290100,+3.47,+16.733, +9.624,+0.942
1665290160,+3.47,+16.716, +9.626,+0.942
1665290220,+3.47,+16.690, +9.652,+0.942
1665290280,+3.47,+16.682, +9.692,+0.942
1665290340,+3.47,+16.673, +9.652,+0.942
1665290400,+3.47,+16.656, +9.587,+0.942
1665290460,+3.47,+16.699, +9.476,+0.942
1665290520,+3.47,+16.673, +9.435,+0.942
1665290580,+3.47,+16.665, +9.517,+0.942
1665290640,+3.47,+16.639, +9.570,+0.942
1665290700,+3.47,+16.648, +9.579,+0.942
1665290760,+3.47,+16.639, +9.407,+0.942
1665290820,+3.47,+16.597, +9.414,+0.942
1665290880,+3.47,+16.631, +9.281,+0.942
1665290940,+3.47,+16.614, +9.338,+0.942
1665291000,+3.47,+16.597, +9.464,+0.942
1665291060,+3.47,+16.605, +9.300,+0.942
1665291120,+3.47,+16.597, +9.221,+0.942
1665291180,+3.47,+16.622, +9.324,+0.942
1665291240,+3.47,+16.631, +9.447,+0.942
1665291300,+3.47,+16.665, +9.506,+0.942
1665291360,+3.47,+16.733, +9.526,+0.942
1665291420,+3.47,+16.784, +9.462,+0.942
1665291480,+3.47,+16.775, +9.453,+0.942
1665291540,+3.47,+16.767, +9.366,+0.942
1665291600,+3.47,+16.724, +9.415,+0.942
1665291660,+3.47,+16.699, +9.409,+0.942
1665291720,+3.47,+16.690, +9.441,+0.942
1665291780,+3.47,+16.707, +9.348,+0.942
1665291840,+3.47,+16.690, +9.358,+0.942
1665291900,+3.47,+16.690, +9.407,+0.942
1665291960,+3.47,+16.707, +9.395,+0.942
1665292020,+3.47,+16.707, +9.496,+0.942
1665292080,+3.47,+16.716, +9.588,+0.942
1665292140,+3.47,+16.750, +9.606,+0.942
1665292200,+3.47,+16.750, +9.587,+0.942
1665292260,+3.47,+16.733, +9.513,+0.942
1665292320,+3.47,+16.707, +9.460,+0.942
1665292380,+3.47,+16.673, +9.494,+0.942
1665292440,+3.47,+16.673, +9.416,+0.942
1665292500,+3.47,+16.673, +9.430,+0.942
1665292560,+3.47,+16.699, +9.526,+0.942
1665292620,+3.47,+16.792, +9.602,+0.942
1665292680,+3.48,+16.801, +9.528,+0.942
1665292740,+3.47,+16.784, +9.514,+0.942
1665292800,+3.48,+16.826, +9.493,+0.942
1665292860,+3.48,+16.818, +9.413,+0.942
1665292920,+3.48,+16.784, +9.367,+0.942
1665292980,+3.48,+16.869, +9.348,+0.942
1665293040,+3.48,+16.920, +9.159,+0.942
1665293100,+3.48,+16.911, +8.937,+0.941
1665293160,+3.48,+16.920, +8.924,+0.941
1665293220,+3.48,+16.894, +9.045,+0.941
1665293280,+3.48,+16.826, +8.958,+0.941
1665293340,+3.47,+16.758, +9.169,+0.941
1665293400,+3.47,+16.699, +9.304,+0.942
1665293460,+3.47,+16.656, +9.351,+0.942
1665293520,+3.47,+16.614, +9.347,+0.942
1665293580,+3.47,+16.605, +9.320,+0.942
1665293640,+3.47,+16.597, +9.326,+0.942
1665293700,+3.47,+16.580, +9.310,+0.942
1665293760,+3.47,+16.580, +9.167,+0.942
1665293820,+3.47,+16.580, +9.091,+0.941
1665293880,+3.47,+16.588, +9.089,+0.942
1665293940,+3.47,+16.605, +9.108,+0.941
1665294000,+3.47,+16.580, +9.154,+0.941
1665294060,+3.47,+16.588, +9.188,+0.941
1665294120,+3.47,+16.588, +9.225,+0.942
1665294180,+3.47,+16.580, +9.254,+0.942
1665294240,+3.47,+16.588, +9.274,+0.942
1665294300,+3.47,+16.571, +9.330,+0.942
1665294360,+3.47,+16.563, +9.406,+0.942
1665294420,+3.47,+16.571, +9.431,+0.942
1665294480,+3.47,+16.563, +9.356,+0.942
1665294540,+3.47,+16.597, +9.187,+0.942
1665294600,+3.47,+16.580, +9.145,+0.942
1665294660,+3.47,+16.554, +9.099,+0.942
1665294720,+3.47,+16.580, +9.082,+0.941
1665294780,+3.47,+16.682, +9.057,+0.942
1665294840,+3.47,+16.767, +8.968,+0.941
1665294900,+3.47,+16.750, +8.924,+0.942
1665294960,+3.47,+16.733, +8.848,+0.941
1665295020,+3.47,+16.716, +8.849,+0.942
1665295080,+3.47,+16.707, +8.641,+0.941
1665295140,+3.47,+16.750, +8.806,+0.941
1665295200,+3.48,+16.775, +8.953,+0.942
1665295260,+3.48,+16.792, +8.615,+0.941
1665295320,+3.47,+16.767, +8.737,+0.941
1665295380,+3.47,+16.750, +8.805,+0.942
1665295440,+3.47,+16.784, +8.865,+0.942
1665295500,+3.47,+16.750, +8.968,+0.942
1665295560,+3.47,+16.707, +9.022,+0.942
1665295620,+3.47,+16.699, +9.001,+0.942
1665295680,+3.47,+16.741, +8.822,+0.941
1665295740,+3.48,+16.792, +8.667,+0.941
1665295800,+3.48,+16.852, +8.586,+0.941
1665295860,+3.48,+16.971, +8.526,+0.942
1665295920,+3.48,+16.962, +8.612,+0.941
1665295980,+3.48,+16.894, +8.916,+0.941
1665296040,+3.48,+16.835, +8.949,+0.941
1665296100,+3.48,+16.843, +8.943,+0.942
1665296160,+3.48,+16.937, +8.818,+0.941
1665296220,+3.48,+17.021, +8.692,+0.942
1665296280,+3.48,+17.055, +8.612,+0.942
1665296340,+3.48,+17.106, +8.568,+0.941
1665296400,+3.48,+17.149, +8.553,+0.942
1665296460,+3.48,+17.174, +8.533,+0.941
1665296520,+3.48,+17.106, +8.628,+0.941
1665296580,+3.48,+17.089, +8.511,+0.941
1665296640,+3.48,+17.081, +8.180,+0.941
1665296700,+3.48,+16.988, +8.097,+0.941
1665296760,+3.48,+17.013, +7.987,+0.941
1665296820,+3.48,+16.962, +8.213,+0.941
1665296880,+3.48,+16.945, +8.166,+0.941
1665296940,+3.48,+16.945, +8.430,+0.941
1665297000,+3.48,+16.971, +8.911,+0.941
1665297060,+3.48,+16.954, +9.020,+0.941
1665297120,+3.48,+16.911, +9.013,+0.941
1665297180,+3.48,+16.954, +8.914,+0.941
1665297240,+3.48,+16.945, +8.846,+0.941
1665297300,+3.48,+16.920, +9.018,+0.942
1665297360,+3.48,+16.911, +8.775,+0.941
1665297420,+3.48,+16.911, +8.722,+0.941
1665297480,+3.48,+16.911, +8.892,+0.941
1665297540,+3.48,+16.920, +8.863,+0.941
1665297600,+3.48,+16.937, +8.550,+0.941
1665297660,+3.48,+16.937, +8.295,+0.941
1665297720,+3.48,+16.937, +8.428,+0.941
1665297780,+3.48,+16.928, +8.563,+0.941
1665297840,+3.48,+16.945, +8.420,+0.941
1665297900,+3.48,+16.937, +8.365,+0.941
1665297960,+3.48,+16.928, +8.745,+0.941
1665298020,+3.48,+16.903, +8.932,+0.941
1665298080,+3.48,+16.903, +9.065,+0.942
1665298140,+3.48,+16.894, +9.111,+0.941
1665298200,+3.48,+16.877, +9.148,+0.942
1665298260,+3.48,+16.843, +8.915,+0.941
1665298320,+3.48,+16.869, +8.841,+0.941
1665298380,+3.48,+16.869, +8.981,+0.942
1665298440,+3.48,+16.852, +9.014,+0.942
1665298500,+3.48,+16.843, +8.991,+0.941
1665298560,+3.48,+16.860, +8.639,+0.941
1665298620,+3.48,+16.877, +8.746,+0.942
1665298680,+3.48,+16.877, +8.601,+0.941
1665298740,+3.48,+16.886, +8.522,+0.941
1665298800,+3.48,+16.860, +8.836,+0.941
1665298860,+3.48,+16.860, +8.935,+0.941
1665298920,+3.48,+16.843, +9.093,+0.942
1665298980,+3.48,+16.852, +9.161,+0.942
1665299040,+3.48,+16.860, +9.139,+0.942
1665299100,+3.48,+16.860, +8.991,+0.941
1665299160,+3.48,+16.843, +8.721,+0.941
1665299220,+3.48,+16.852, +8.880,+0.941
1665299280,+3.48,+16.852, +8.837,+0.941
1665299340,+3.48,+16.843, +8.593,+0.941
1665299400,+3.48,+16.843, +8.449,+0.941
1665299460,+3.48,+16.835, +8.376,+0.941
1665299520,+3.48,+16.801, +8.293,+0.941
1665299580,+3.48,+16.835, +8.456,+0.941
1665299640,+3.48,+16.826, +8.466,+0.941
1665299700,+3.48,+16.826, +8.575,+0.941
1665299760,+3.48,+16.818, +8.451,+0.941
1665299820,+3.47,+16.818, +8.415,+0.941
1665299880,+3.48,+16.818, +8.377,+0.941
1665299940,+3.48,+16.792, +8.350,+0.941
1665300000,+3.48,+16.801, +8.291,+0.941
1665300060,+3.48,+16.809, +8.184,+0.941
1665300120,+3.47,+16.801, +8.008,+0.941
1665300180,+3.47,+16.801, +7.859,+0.941
1665300240,+3.48,+16.826, +7.904,+0.941
1665300300,+3.48,+16.809, +7.986,+0.941
1665300360,+3.48,+16.809, +8.082,+0.941
1665300420,+3.47,+16.801, +8.165,+0.941
1665300480,+3.48,+16.809, +8.191,+0.941
1665300540,+3.47,+16.801, +8.501,+0.941
1665300600,+3.47,+16.767, +8.467,+0.941
1665300660,+3.47,+16.750, +8.443,+0.941
1665300720,+3.47,+16.750, +8.406,+0.941
1665300780,+3.47,+16.724, +8.322,+0.941
1665300840,+3.47,+16.716, +8.344,+0.941
1665300900,+3.47,+16.707, +8.436,+0.941
1665300960,+3.47,+16.716, +8.517,+0.941
1665301020,+3.47,+16.707, +8.630,+0.941
1665301080,+3.47,+16.741, +8.713,+0.941
1665301140,+3.47,+16.699, +8.484,+0.941
1665301200,+3.47,+16.707, +8.359,+0.941
1665301260,+3.47,+16.716, +8.215,+0.941
1665301320,+3.47,+16.716, +8.163,+0.941
1665301380,+3.47,+16.707, +8.258,+0.941
1665301440,+3.47,+16.707, +8.196,+0.941
1665301500,+3.47,+16.699, +8.180,+0.941
1665301560,+3.47,+16.699, +8.291,+0.941
1665301620,+3.47,+16.707, +8.528,+0.941
1665301680,+3.47,+16.699, +8.496,+0.941
1665301740,+3.47,+16.699, +8.508,+0.941
1665301800,+3.47,+16.699, +8.720,+0.941
1665301860,+3.47,+16.707, +8.606,+0.941
1665301920,+3.47,+16.699, +8.555,+0.941
1665301980,+3.47,+16.707, +8.598,+0.941
1665302040,+3.47,+16.707, +8.570,+0.941
1665302100,+3.47,+16.724, +8.300,+0.941
1665302160,+3.47,+16.716, +8.184,+0.941
1665302220,+3.47,+16.741, +8.172,+0.941
1665302280,+3.47,+16.733, +8.192,+0.941
1665302340,+3.47,+16.741, +8.093,+0.941
1665302400,+3.47,+16.767, +7.908,+0.941
1665302460,+3.47,+16.775, +7.837,+0.941
1665302520,+3.48,+16.801, +7.868,+0.941
1665302580,+3.48,+16.826, +8.075,+0.941
1665302640,+3.48,+16.818, +8.260,+0.941
1665302700,+3.48,+16.826, +8.273,+0.941
1665302760,+3.48,+16.852, +8.356,+0.941
1665302820,+3.48,+16.852, +8.275,+0.941
1665302880,+3.48,+16.835, +8.253,+0.941
1665302940,+3.48,+16.835, +8.240,+0.941
1665303000,+3.48,+16.843, +8.325,+0.941
1665303060,+3.48,+16.801, +8.653,+0.942
1665303120,+3.48,+16.826, +8.696,+0.941
1665303180,+3.48,+16.835, +8.452,+0.941
1665303240,+3.48,+16.835, +8.401,+0.941
1665303300,+3.48,+16.860, +8.342,+0.941
1665303360,+3.48,+16.894, +8.263,+0.941
1665303420,+3.48,+16.877, +8.232,+0.941
1665303480,+3.48,+16.852, +8.305,+0.941
1665303540,+3.48,+16.860, +8.264,+0.941
1665303600,+3.48,+16.877, +8.200,+0.941
1665303660,+3.48,+16.852, +8.026,+0.941
1665303720,+3.48,+16.877, +8.029,+0.941
1665303780,+3.48,+16.860, +8.119,+0.941
1665303840,+3.48,+16.869, +8.398,+0.941
1665303900,+3.48,+16.877, +8.409,+0.941
1665303960,+3.48,+16.877, +8.344,+0.941
1665304020,+3.48,+16.869, +8.375,+0.941
1665304080,+3.48,+16.869, +8.328,+0.941
1665304140,+3.48,+16.894, +8.255,+0.941
1665304200,+3.48,+16.903, +8.169,+0.941
1665304260,+3.48,+16.903, +8.101,+0.941
1665304320,+3.48,+16.903, +8.360,+0.941
1665304380,+3.48,+16.894, +8.382,+0.941
1665304440,+3.48,+16.911, +8.428,+0.941
1665304500,+3.48,+16.894, +8.607,+0.941
1665304560,+3.48,+16.877, +8.657,+0.941
1665304620,+3.48,+16.860, +8.685,+0.941
1665304680,+3.48,+16.877, +8.705,+0.941
1665304740,+3.48,+16.843, +8.699,+0.941
1665304800,+3.48,+16.869, +8.568,+0.941
1665304860,+3.48,+16.860, +8.501,+0.941
1665304920,+3.48,+16.852, +8.530,+0.941
1665304980,+3.48,+16.877, +8.491,+0.941
1665305040,+3.48,+16.869, +8.519,+0.941
1665305100,+3.48,+16.894, +8.590,+0.941
1665305160,+3.48,+16.903, +8.754,+0.942
1665305220,+3.48,+16.886, +8.799,+0.941
1665305280,+3.48,+16.877, +8.860,+0.941
1665305340,+3.48,+16.886, +8.907,+0.941
1665305400,+3.48,+16.877, +8.925,+0.941
1665305460,+3.48,+16.877, +8.923,+0.941
1665305520,+3.48,+16.903, +8.882,+0.941
1665305580,+3.48,+16.869, +8.938,+0.941
1665305640,+3.48,+16.877, +8.901,+0.941
1665305700,+3.48,+16.877, +8.846,+0.941
1665305760,+3.48,+16.886, +8.892,+0.942
1665305820,+3.48,+16.894, +8.908,+0.942
1665305880,+3.48,+16.894, +8.875,+0.941
1665305940,+3.48,+16.877, +8.875,+0.942
1665306000,+3.48,+16.877, +8.965,+0.941
1665306060,+3.48,+16.877, +8.936,+0.942
1665306120,+3.48,+16.886, +9.145,+0.942
1665306180,+3.48,+16.886, +9.212,+0.941
1665306240,+3.48,+16.877, +9.273,+0.942
1665306300,+3.48,+16.869, +9.309,+0.942
1665306360,+3.48,+16.886, +9.297,+0.941
1665306420,+3.48,+16.852, +9.318,+0.942
1665306480,+3.48,+16.860, +9.314,+0.942
1665306540,+3.48,+16.852, +9.304,+0.942
1665306600,+3.48,+16.843, +9.277,+0.941
1665306660,+3.48,+16.835, +9.237,+0.941
1665306720,+3.48,+16.818, +9.191,+0.941
1665306780,+3.47,+16.767, +9.184,+0.941
1665306840,+3.47,+16.758, +9.171,+0.942
1665306900,+3.47,+16.724, +9.136,+0.941
1665306960,+3.47,+16.707, +9.086,+0.941
1665307020,+3.47,+16.622, +9.011,+0.941
1665307080,+3.47,+16.537, +8.964,+0.941
1665307140,+3.47,+16.427, +8.971,+0.941
1665307200,+3.48,+16.376, +9.034,+0.941
1665307260,+3.47,+16.367, +9.092,+0.942
1665307320,+3.47,+16.427, +9.157,+0.941
1665307380,+3.47,+16.401, +9.189,+0.941
1665307440,+3.47,+16.435, +9.200,+0.942
1665307500,+3.47,+16.427, +9.209,+0.941
1665307560,+3.47,+16.478, +9.220,+0.941
1665307620,+3.47,+16.486, +9.217,+0.942
1665307680,+3.47,+16.495, +9.210,+0.941
1665307740,+3.47,+16.529, +9.224,+0.942
1665307800,+3.47,+16.563, +9.186,+0.942
1665307860,+3.47,+16.554, +9.135,+0.941
1665307920,+3.47,+16.588, +9.172,+0.942
1665307980,+3.47,+16.597, +9.218,+0.942
1665308040,+3.47,+16.614, +9.213,+0.941
1665308100,+3.47,+16.614, +9.225,+0.941
1665308160,+3.47,+16.614, +9.241,+0.942
1665308220,+3.47,+16.639, +9.259,+0.942
1665308280,+3.47,+16.639, +9.247,+0.942
1665308340,+3.47,+16.648, +9.219,+0.941
1665308400,+3.47,+16.622, +9.214,+0.942
1665308460,+3.47,+16.648, +9.146,+0.941
1665308520,+3.47,+16.639, +9.145,+0.941
1665308580,+3.47,+16.639, +9.125,+0.942
1665308640,+3.47,+16.614, +9.119,+0.941
1665308700,+3.47,+16.605, +9.085,+0.941
1665308760,+3.47,+16.614, +9.064,+0.941
1665308820,+3.47,+16.605, +9.047,+0.941
1665308880,+3.47,+16.605, +9.036,+0.941
1665308940,+3.47,+16.571, +9.090,+0.942
1665309000,+3.47,+16.571, +9.133,+0.942
1665309060,+3.47,+16.597, +9.120,+0.942
1665309120,+3.47,+16.571, +9.185,+0.942
1665309180,+3.47,+16.554, +9.243,+0.942
1665309240,+3.47,+16.537, +9.338,+0.942
1665309300,+3.47,+16.580, +9.368,+0.942
1665309360,+3.47,+16.571, +9.346,+0.942
1665309420,+3.47,+16.588, +9.348,+0.942
1665309480,+3.47,+16.580, +9.333,+0.942
1665309540,+3.47,+16.563, +9.366,+0.942
1665309600,+3.47,+16.614, +9.413,+0.942
1665309660,+3.47,+16.597, +9.460,+0.942
1665309720,+3.47,+16.588, +9.424,+0.942
1665309780,+3.47,+16.605, +9.412,+0.942
1665309840,+3.47,+16.614, +9.447,+0.942
1665309900,+3.47,+16.622, +9.389,+0.942
1665309960,+3.47,+16.605, +9.388,+0.942
1665310020,+3.47,+16.614, +9.439,+0.941
1665310080,+3.47,+16.605, +9.399,+0.942
1665310140,+3.47,+16.614, +9.331,+0.942
1665310200,+3.47,+16.639, +9.367,+0.942
1665310260,+3.47,+16.614, +9.397,+0.942
1665310320,+3.47,+16.631, +9.400,+0.942
1665310380,+3.47,+16.622, +9.391,+0.942
1665310440,+3.47,+16.648, +9.375,+0.942
1665310500,+3.47,+16.639, +9.389,+0.942
1665310560,+3.47,+16.639, +9.379,+0.942
1665310620,+3.47,+16.648, +9.358,+0.941
1665310680,+3.47,+16.639, +9.373,+0.942
1665310740,+3.47,+16.648, +9.390,+0.942
1665310800,+3.47,+16.622, +9.388,+0.942
1665310860,+3.47,+16.631, +9.348,+0.942
1665310920,+3.47,+16.648, +9.308,+0.942
1665310980,+3.47,+16.639, +9.330,+0.942
1665311040,+3.47,+16.665, +9.382,+0.942
1665311100,+3.47,+16.656, +9.382,+0.941
1665311160,+3.47,+16.648, +9.403,+0.942
1665311220,+3.47,+16.665, +9.429,+0.942
1665311280,+3.47,+16.665, +9.421,+0.941
1665311340,+3.47,+16.665, +9.392,+0.941
1665311400,+3.47,+16.648, +9.379,+0.941
1665311460,+3.47,+16.648, +9.423,+0.942
1665311520,+3.47,+16.648, +9.420,+0.942
1665311580,+3.47,+16.682, +9.417,+0.942
1665311640,+3.47,+16.682, +9.422,+0.942
1665311700,+3.47,+16.673, +9.460,+0.942
1665311760,+3.47,+16.665, +9.456,+0.942
1665311820,+3.47,+16.673, +9.448,+0.942
1665311880,+3.47,+16.673, +9.438,+0.942
1665311940,+3.47,+16.682, +9.452,+0.942
1665312000,+3.47,+16.665, +9.470,+0.942
1665312060,+3.47,+16.648, +9.489,+0.942
1665312120,+3.47,+16.665, +9.495,+0.942
1665312180,+3.47,+16.665, +9.472,+0.942
1665312240,+3.47,+16.673, +9.464,+0.942
1665312300,+3.47,+16.673, +9.480,+0.942
1665312360,+3.47,+16.648, +9.484,+0.942
1665312420,+3.47,+16.682, +9.462,+0.942
1665312480,+3.47,+16.656, +9.473,+0.942
1665312540,+3.47,+16.682, +9.428,+0.942
1665312600,+3.47,+16.682, +9.409,+0.942
1665312660,+3.47,+16.682, +9.396,+0.942
1665312720,+3.47,+16.665, +9.424,+0.942
1665312780,+3.47,+16.665, +9.423,+0.942
1665312840,+3.47,+16.682, +9.439,+0.941
1665312900,+3.47,+16.682, +9.455,+0.942
1665312960,+3.47,+16.682, +9.426,+0.941
1665313020,+3.47,+16.690, +9.406,+0.941
1665313080,+3.47,+16.690, +9.413,+0.942
1665313140,+3.47,+16.690, +9.414,+0.942
1665313200,+3.47,+16.682, +9.414,+0.942
1665313260,+3.47,+16.673, +9.440,+0.942
1665313320,+3.47,+16.665, +9.454,+0.942
1665313380,+3.47,+16.682, +9.437,+0.942
1665313440,+3.47,+16.699, +9.421,+0.942
1665313500,+3.47,+16.699, +9.420,+0.941
1665313560,+3.47,+16.690, +9.424,+0.942
1665313620,+3.47,+16.673, +9.411,+0.942
1665313680,+3.47,+16.665, +9.409,+0.942
1665313740,+3.47,+16.665, +9.447,+0.942
1665313800,+3.47,+16.665, +9.451,+0.941
1665313860,+3.47,+16.665, +9.462,+0.942
1665313920,+3.47,+16.648, +9.453,+0.942
1665313980,+3.47,+16.673, +9.436,+0.942
1665314040,+3.47,+16.665, +9.451,+0.941
1665314100,+3.47,+16.665, +9.457,+0.942
1665314160,+3.47,+16.648, +9.456,+0.942
1665314220,+3.47,+16.656, +9.457,+0.942
1665314280,+3.47,+16.665, +9.450,+0.942
1665314340,+3.47,+16.648, +9.466,+0.941
1665314400,+3.47,+16.631, +9.471,+0.942
1665314460,+3.47,+16.622, +9.465,+0.942
1665314520,+3.47,+16.639, +9.462,+0.941
1665314580,+3.47,+16.648, +9.443,+0.941
1665314640,+3.47,+16.622, +9.459,+0.942
1665314700,+3.47,+16.631, +9.456,+0.942
1665314760,+3.47,+16.631, +9.467,+0.942
1665314820,+3.47,+16.648, +9.460,+0.942
1665314880,+3.47,+16.631, +9.450,+0.941
1665314940,+3.47,+16.639, +9.454,+0.941
1665315000,+3.47,+16.605, +9.467,+0.942
1665315060,+3.47,+16.597, +9.469,+0.942
1665315120,+3.47,+16.614, +9.461,+0.942
1665315180,+3.47,+16.605, +9.456,+0.942
1665315240,+3.47,+16.622, +9.451,+0.942
1665315300,+3.47,+16.614, +9.453,+0.942
1665315360,+3.47,+16.580, +9.467,+0.942
1665315420,+3.47,+16.571, +9.481,+0.942
1665315480,+3.47,+16.571, +9.496,+0.942
1665315540,+3.47,+16.580, +9.504,+0.942
1665315600,+3.47,+16.580, +9.505,+0.942
1665315660,+3.47,+16.571, +9.514,+0.942
1665315720,+3.47,+16.580, +9.519,+0.942
1665315780,+3.47,+16.580, +9.506,+0.942
1665315840,+3.47,+16.588, +9.489,+0.942
1665315900,+3.47,+16.571, +9.494,+0.942
1665315960,+3.47,+16.580, +9.499,+0.942
1665316020,+3.47,+16.580, +9.488,+0.942
1665316080,+3.47,+16.588, +9.488,+0.942
1665316140,+3.47,+16.571, +9.489,+0.942
1665316200,+3.47,+16.554, +9.491,+0.942
1665316260,+3.47,+16.563, +9.486,+0.942
1665316320,+3.47,+16.554, +9.469,+0.941
1665316380,+3.47,+16.563, +9.470,+0.942
1665316440,+3.47,+16.563, +9.470,+0.942
1665316500,+3.47,+16.580, +9.427,+0.941
1665316560,+3.47,+16.563, +9.446,+0.942
1665316620,+3.47,+16.563, +9.481,+0.941
1665316680,+3.47,+16.563, +9.489,+0.942
1665316740,+3.47,+16.571, +9.491,+0.942
1665316800,+3.47,+16.563, +9.494,+0.942
1665316860,+3.47,+16.554, +9.315,+0.941
1665316920,+3.47,+16.546, +9.396,+0.942
1665316980,+3.47,+16.537, +9.458,+0.942
1665317040,+3.47,+16.546, +9.487,+0.942
1665317100,+3.47,+16.571, +9.491,+0.942
1665317160,+3.47,+16.546, +9.492,+0.942
1665317220,+3.47,+16.571, +9.484,+0.942
1665317280,+3.47,+16.571, +9.469,+0.941
1665317340,+3.47,+16.554, +9.490,+0.942
1665317400,+3.47,+16.537, +9.496,+0.942
1665317460,+3.47,+16.554, +9.472,+0.941
1665317520,+3.47,+16.571, +9.495,+0.942
1665317580,+3.47,+16.563, +9.490,+0.942
1665317640,+3.47,+16.554, +9.505,+0.942
1665317700,+3.47,+16.571, +9.500,+0.942
1665317760,+3.47,+16.563, +9.498,+0.942
1665317820,+3.47,+16.571, +9.487,+0.942
1665317880,+3.47,+16.563, +9.478,+0.942
1665317940,+3.47,+16.563, +9.489,+0.942
1665318000,+3.47,+16.554, +9.488,+0.942
1665318060,+3.47,+16.546, +9.487,+0.942
1665318120,+3.47,+16.554, +9.488,+0.941
1665318180,+3.47,+16.554, +9.496,+0.942
1665318240,+3.47,+16.546, +9.497,+0.941
1665318300,+3.47,+16.520, +9.515,+0.942
1665318360,+3.47,+16.529, +9.506,+0.942
1665318420,+3.47,+16.546, +9.495,+0.942
1665318480,+3.47,+16.537, +9.494,+0.942
1665318540,+3.47,+16.520, +9.492,+0.942
1665318600,+3.47,+16.554, +9.503,+0.942
1665318660,+3.47,+16.529, +9.499,+0.942
1665318720,+3.47,+16.554, +9.494,+0.942
1665318780,+3.47,+16.554, +9.501,+0.942
1665318840,+3.47,+16.554, +9.475,+0.941
1665318900,+3.47,+16.546, +9.476,+0.942
1665318960,+3.47,+16.571, +9.465,+0.942
1665319020,+3.47,+16.546, +9.445,+0.942
1665319080,+3.47,+16.554, +9.444,+0.942
1665319140,+3.47,+16.546, +9.453,+0.942
1665319200,+3.47,+16.554, +9.429,+0.942
1665319260,+3.47,+16.520, +9.448,+0.942
1665319320,+3.47,+16.529, +9.450,+0.942
1665319380,+3.47,+16.529, +9.438,+0.942
1665319440,+3.47,+16.529, +9.425,+0.942
1665319500,+3.47,+16.512, +9.412,+0.942
1665319560,+3.47,+16.529, +9.412,+0.942
1665319620,+3.47,+16.537, +9.424,+0.942
1665319680,+3.47,+16.512, +9.431,+0.942
1665319740,+3.47,+16.503, +9.422,+0.942
1665319800,+3.47,+16.495, +9.393,+0.941
1665319860,+3.47,+16.503, +9.400,+0.941
1665319920,+3.47,+16.520, +9.416,+0.942
1665319980,+3.47,+16.512, +9.428,+0.942
1665320040,+3.47,+16.503, +9.426,+0.942
1665320100,+3.47,+16.503, +9.425,+0.942
1665320160,+3.47,+16.486, +9.398,+0.942
1665320220,+3.47,+16.495, +9.393,+0.942
1665320280,+3.47,+16.503, +9.390,+0.942
1665320340,+3.47,+16.503, +9.389,+0.942
1665320400,+3.47,+16.478, +9.398,+0.942
1665320460,+3.47,+16.469, +9.400,+0.942
1665320520,+3.47,+16.486, +9.400,+0.942
1665320580,+3.47,+16.469, +9.389,+0.942
1665320640,+3.47,+16.478, +9.387,+0.942
1665320700,+3.47,+16.469, +9.396,+0.942
1665320760,+3.47,+16.478, +9.413,+0.942
1665320820,+3.47,+16.469, +9.410,+0.942
1665320880,+3.47,+16.478, +9.408,+0.942
1665320940,+3.47,+16.469, +9.411,+0.942
1665321000,+3.47,+16.461, +9.389,+0.942
1665321060,+3.47,+16.469, +9.418,+0.942
1665321120,+3.47,+16.452, +9.428,+0.942
1665321180,+3.47,+16.435, +9.434,+0.942
1665321240,+3.47,+16.478, +9.414,+0.942
1665321300,+3.47,+16.452, +9.422,+0.941
1665321360,+3.47,+16.452, +9.433,+0.942
1665321420,+3.47,+16.452, +9.420,+0.942
1665321480,+3.47,+16.452, +9.423,+0.942
1665321540,+3.47,+16.435, +9.421,+0.942
1665321600,+3.47,+16.435, +9.440,+0.942
1665321660,+3.47,+16.418, +9.472,+0.942
1665321720,+3.47,+16.444, +9.467,+0.942
1665321780,+3.47,+16.444, +9.472,+0.942
1665321840,+3.47,+16.452, +9.478,+0.942
1665321900,+3.47,+16.427, +9.466,+0.942
1665321960,+3.47,+16.444, +9.446,+0.941
1665322020,+3.47,+16.444, +9.466,+0.942
1665322080,+3.47,+16.435, +9.487,+0.942
1665322140,+3.47,+16.427, +9.520,+0.942
1665322200,+3.47,+16.427, +9.517,+0.942
1665322260,+3.47,+16.461, +9.510,+0.942
1665322320,+3.47,+16.435, +9.514,+0.942
1665322380,+3.47,+16.427, +9.545,+0.942
1665322440,+3.47,+16.435, +9.549,+0.941
1665322500,+3.47,+16.435, +9.544,+0.942
1665322560,+3.47,+16.444, +9.546,+0.942
1665322620,+3.47,+16.444, +9.533,+0.942
1665322680,+3.47,+16.444, +9.532,+0.942
1665322740,+3.47,+16.435, +9.549,+0.942
1665322800,+3.47,+16.444, +9.552,+0.942
1665322860,+3.47,+16.444, +9.558,+0.942
1665322920,+3.47,+16.461, +9.584,+0.942
1665322980,+3.47,+16.478, +9.571,+0.942
1665323040,+3.47,+16.461, +9.542,+0.942
1665323100,+3.47,+16.452, +9.567,+0.942
1665323160,+3.47,+16.469, +9.579,+0.942
1665323220,+3.47,+16.461, +9.613,+0.942
1665323280,+3.47,+16.410, +9.682,+0.942
1665323340,+3.47,+16.401, +9.680,+0.942
1665323400,+3.47,+16.401, +9.664,+0.942
1665323460,+3.47,+16.393, +9.690,+0.942
1665323520,+3.47,+16.367, +9.717,+0.941
1665323580,+3.47,+16.342, +9.731,+0.942
1665323640,+3.47,+16.359, +9.740,+0.942
1665323700,+3.47,+16.325, +9.833,+0.942
1665323760,+3.47,+16.325, +9.785,+0.942
1665323820,+3.47,+16.325, +9.804,+0.942
1665323880,+3.47,+16.325, +9.845,+0.942
1665323940,+3.47,+16.316, +9.833,+0.942
1665324000,+3.47,+16.342, +9.790,+0.942
1665324060,+3.47,+16.333, +9.808,+0.942
1665324120,+3.47,+16.342, +9.778,+0.942
1665324180,+3.47,+16.367, +9.747,+0.942
1665324240,+3.47,+16.384, +9.737,+0.942
1665324300,+3.47,+16.393, +9.739,+0.942
1665324360,+3.47,+16.401, +9.731,+0.942
1665324420,+3.47,+16.435, +9.714,+0.942
1665324480,+3.47,+16.435, +9.759,+0.942
1665324540,+3.47,+16.410, +9.757,+0.942
1665324600,+3.47,+16.444, +9.744,+0.942
1665324660,+3.47,+16.427, +9.734,+0.942
1665324720,+3.47,+16.435, +9.765,+0.942
1665324780,+3.47,+16.452, +9.772,+0.942
1665324840,+3.47,+16.427, +9.830,+0.942
1665324900,+3.47,+16.393, +9.949,+0.942
1665324960,+3.47,+16.384, +9.883,+0.942
1665325020,+3.47,+16.384, +9.929,+0.943
1665325080,+3.47,+16.410, +9.846,+0.942
1665325140,+3.47,+16.401, +9.948,+0.942
1665325200,+3.47,+16.418, +9.903,+0.942
1665325260,+3.47,+16.444, +9.916,+0.942
1665325320,+3.47,+16.469, +9.880,+0.942
1665325380,+3.47,+16.452, +9.988,+0.942
1665325440,+3.47,+16.469, +9.895,+0.942
1665325500,+3.47,+16.469, +9.944,+0.942
1665325560,+3.47,+16.461, +9.892,+0.942
1665325620,+3.47,+16.410,+10.056,+0.942
1665325680,+3.47,+16.376,+10.101,+0.942
1665325740,+3.47,+16.393,+10.018,+0.942
1665325800,+3.47,+16.418,+10.106,+0.942
1665325860,+3.47,+16.393,+10.087,+0.942
1665325920,+3.47,+16.393,+10.103,+0.943
1665325980,+3.47,+16.384,+10.129,+0.943
1665326040,+3.47,+16.410,+10.046,+0.942
1665326100,+3.47,+16.384,+10.081,+0.942
1665326160,+3.47,+16.359,+10.157,+0.942
1665326220,+3.47,+16.316,+10.182,+0.942
1665326280,+3.47,+16.316,+10.173,+0.943
1665326340,+3.47,+16.333,+10.190,+0.943
1665326400,+3.47,+16.308,+10.197,+0.942
1665326460,+3.47,+16.316,+10.176,+0.943
1665326520,+3.47,+16.325,+10.168,+0.943
1665326580,+3.47,+16.299,+10.179,+0.942
1665326640,+3.47,+16.308,+10.158,+0.942
1665326700,+3.47,+16.316,+10.163,+0.942
1665326760,+3.47,+16.291,+10.184,+0.942
1665326820,+3.47,+16.265,+10.190,+0.942
1665326880,+3.47,+16.274,+10.220,+0.943
1665326940,+3.47,+16.265,+10.202,+0.942
1665327000,+3.47,+16.291,+10.211,+0.943
1665327060,+3.47,+16.274,+10.207,+0.942
1665327120,+3.47,+16.282,+10.207,+0.942
1665327180,+3.47,+16.265,+10.230,+0.942
1665327240,+3.47,+16.274,+10.224,+0.942
1665327300,+3.47,+16.274,+10.220,+0.942
1665327360,+3.47,+16.274,+10.242,+0.943
1665327420,+3.47,+16.291,+10.206,+0.942
1665327480,+3.47,+16.316,+10.207,+0.943
1665327540,+3.47,+16.325,+10.186,+0.942
1665327600,+3.47,+16.359,+10.167,+0.942
1665327660,+3.47,+16.367,+10.169,+0.943
1665327720,+3.47,+16.401,+10.170,+0.943
1665327780,+3.47,+16.410,+10.154,+0.942
1665327840,+3.47,+16.384,+10.210,+0.942
1665327900,+3.47,+16.435,+10.202,+0.942
1665327960,+3.47,+16.418,+10.222,+0.942
1665328020,+3.47,+16.359,+10.277,+0.943
1665328080,+3.47,+16.316,+10.273,+0.943
1665328140,+3.47,+16.325,+10.244,+0.942
1665328200,+3.47,+16.359,+10.225,+0.942
1665328260,+3.47,+16.384,+10.225,+0.943
1665328320,+3.47,+16.384,+10.219,+0.943
1665328380,+3.47,+16.359,+10.250,+0.942
1665328440,+3.47,+16.359,+10.247,+0.943
1665328500,+3.47,+16.325,+10.277,+0.943
1665328560,+3.47,+16.350,+10.272,+0.942
1665328620,+3.47,+16.316,+10.279,+0.942
1665328680,+3.47,+16.350,+10.271,+0.942
1665328740,+3.47,+16.333,+10.274,+0.942
1665328800,+3.47,+16.316,+10.288,+0.942
1665328860,+3.47,+16.308,+10.320,+0.942
1665328920,+3.47,+16.316,+10.293,+0.942
1665328980,+3.47,+16.282,+10.333,+0.942
1665329040,+3.47,+16.282,+10.332,+0.942
1665329100,+3.47,+16.265,+10.355,+0.942
1665329160,+3.47,+16.299,+10.339,+0.942
1665329220,+3.47,+16.325,+10.354,+0.943
1665329280,+3.47,+16.333,+10.345,+0.943
1665329340,+3.47,+16.325,+10.315,+0.942
1665329400,+3.47,+16.333,+10.316,+0.943
1665329460,+3.47,+16.350,+10.321,+0.943
1665329520,+3.47,+16.359,+10.306,+0.942
1665329580,+3.47,+16.359,+10.312,+0.943
1665329640,+3.47,+16.376,+10.303,+0.942
1665329700,+3.47,+16.393,+10.289,+0.942
1665329760,+3.47,+16.393,+10.292,+0.942
1665329820,+3.47,+16.410,+10.277,+0.942
1665329880,+3.47,+16.410,+10.260,+0.942
1665329940,+3.47,+16.401,+10.275,+0.943
1665330000,+3.47,+16.376,+10.330,+0.942
1665330060,+3.47,+16.367,+10.203,+0.942
1665330120,+3.47,+16.359,+10.321,+0.942
1665330180,+3.47,+16.384,+10.324,+0.942
1665330240,+3.47,+16.410,+10.301,+0.943
1665330300,+3.47,+16.444,+10.262,+0.943
1665330360,+3.47,+16.435,+10.225,+0.942
1665330420,+3.47,+16.444,+10.219,+0.943
1665330480,+3.47,+16.427,+10.213,+0.942
1665330540,+3.47,+16.401,+10.222,+0.942
1665330600,+3.47,+16.418,+10.183,+0.943
1665330660,+3.47,+16.444,+10.168,+0.943
1665330720,+3.47,+16.452,+10.167,+0.942
1665330780,+3.47,+16.469,+10.167,+0.942
1665330840,+3.47,+16.444,+10.210,+0.942
1665330900,+3.47,+16.469,+10.160,+0.943
1665330960,+3.47,+16.503,+10.105,+0.942
1665331020,+3.47,+16.537,+10.082,+0.943
1665331080,+3.47,+16.571,+10.056,+0.942
1665331140,+3.47,+16.622,+10.033,+0.942
1665331200,+3.47,+16.631,+10.030,+0.942
1665331260,+3.47,+16.665,+10.063,+0.942
1665331320,+3.47,+16.690,+10.070,+0.942
1665331380,+3.47,+16.673,+10.131,+0.942
1665331440,+3.47,+16.622,+10.218,+0.942
1665331500,+3.47,+16.529,+10.293,+0.943
1665331560,+3.47,+16.503,+10.289,+0.942
1665331620,+3.47,+16.478,+10.328,+0.943
1665331680,+3.47,+16.469,+10.302,+0.942
1665331740,+3.47,+16.478,+10.297,+0.942
1665331800,+3.47,+16.469,+10.276,+0.942
1665331860,+3.47,+16.486,+10.251,+0.942
1665331920,+3.47,+16.478,+10.268,+0.942
1665331980,+3.47,+16.495,+10.246,+0.942
1665332040,+3.47,+16.503,+10.272,+0.942
1665332100,+3.47,+16.503,+10.252,+0.942
1665332160,+3.47,+16.529,+10.253,+0.943
1665332220,+3.47,+16.503,+10.303,+0.943
1665332280,+3.47,+16.495,+10.314,+0.943
1665332340,+3.47,+16.469,+10.343,+0.942
1665332400,+3.47,+16.495,+10.334,+0.943
1665332460,+3.47,+16.495,+10.349,+0.943
1665332520,+3.47,+16.486,+10.339,+0.943
1665332580,+3.47,+16.520,+10.308,+0.942
1665332640,+3.47,+16.580,+10.278,+0.942
1665332700,+3.47,+16.571,+10.289,+0.942
1665332760,+3.47,+16.571,+10.298,+0.942
1665332820,+3.47,+16.571,+10.285,+0.942
1665332880,+3.47,+16.580,+10.299,+0.943
1665332940,+3.47,+16.588,+10.297,+0.942
1665333000,+3.47,+16.622,+10.274,+0.942
1665333060,+3.47,+16.614,+10.304,+0.943
1665333120,+3.47,+16.622,+10.298,+0.942
1665333180,+3.47,+16.631,+10.300,+0.943
1665333240,+3.47,+16.665,+10.291,+0.943
1665333300,+3.47,+16.639,+10.308,+0.943
1665333360,+3.47,+16.648,+10.284,+0.942
1665333420,+3.47,+16.707,+10.281,+0.943
1665333480,+3.47,+16.716,+10.244,+0.942
1665333540,+3.47,+16.750,+10.236,+0.942
1665333600,+3.47,+16.758,+10.209,+0.942
1665333660,+3.47,+16.750,+10.214,+0.942
1665333720,+3.47,+16.758,+10.229,+0.943
1665333780,+3.47,+16.784,+10.222,+0.942
1665333840,+3.47,+16.767,+10.224,+0.943
1665333900,+3.47,+16.767,+10.221,+0.942
1665333960,+3.47,+16.792,+10.190,+0.942
1665334020,+3.47,+16.784,+10.160,+0.943
1665334080,+3.47,+16.767,+10.179,+0.942
1665334140,+3.47,+16.775,+10.175,+0.942
1665334200,+3.47,+16.775,+10.114,+0.942
