7450-364333
OS REV: 1.05 Sensor Cal: 1644948279
Time (sec),  BV (Volts),  T (deg C),  DO (mg/l),  Q ()
1666198260,+3.47,+16.631, +9.487,+0.940
1666198320,+3.47,+16.656, +9.557,+0.941
1666198380,+3.47,+16.665, +9.638,+0.940
1666198440,+3.47,+16.682, +9.688,+0.940
1666198500,+3.47,+16.690, +9.741,+0.940
1666198560,+3.47,+16.699, +9.771,+0.940
1666198620,+3.47,+16.690, +9.764,+0.940
1666198680,+3.47,+16.682, +9.798,+0.940
1666198740,+3.47,+16.707, +9.733,+0.940
1666198800,+3.47,+16.699, +9.711,+0.940
1666198860,+3.47,+16.699, +9.708,+0.940
1666198920,+3.47,+16.682, +9.643,+0.940
1666198980,+3.47,+16.690, +9.684,+0.941
1666199040,+3.47,+16.673, +9.463,+0.940
1666199100,+3.47,+16.631, +9.327,+0.940
1666199160,+3.47,+16.614, +9.223,+0.940
1666199220,+3.47,+16.597, +9.199,+0.940
1666199280,+3.47,+16.580, +9.101,+0.940
1666199340,+3.47,+16.588, +9.048,+0.940
1666199400,+3.47,+16.614, +8.975,+0.939
1666199460,+3.47,+16.588, +8.920,+0.939
1666199520,+3.47,+16.563, +8.911,+0.940
1666199580,+3.47,+16.571, +8.863,+0.939
1666199640,+3.47,+16.597, +8.898,+0.940
1666199700,+3.47,+16.597, +8.881,+0.940
1666199760,+3.47,+16.580, +8.948,+0.940
1666199820,+3.47,+16.605, +9.201,+0.940
1666199880,+3.47,+16.622, +9.172,+0.940
1666199940,+3.47,+16.622, +9.142,+0.940
1666200000,+3.47,+16.656, +9.121,+0.940
1666200060,+3.47,+16.631, +9.127,+0.940
1666200120,+3.47,+16.656, +9.161,+0.940
1666200180,+3.47,+16.673, +9.230,+0.940
1666200240,+3.47,+16.656, +9.272,+0.940
1666200300,+3.47,+16.665, +9.274,+0.940
1666200360,+3.47,+16.690, +9.284,+0.940
1666200420,+3.47,+16.699, +9.325,+0.940
1666200480,+3.47,+16.707, +9.333,+0.940
1666200540,+3.47,+16.733, +9.337,+0.940
1666200600,+3.47,+16.758, +9.333,+0.941
1666200660,+3.47,+16.758, +9.324,+0.940
1666200720,+3.47,+16.784, +9.334,+0.940
1666200780,+3.47,+16.801, +9.349,+0.940
1666200840,+3.47,+16.801, +9.370,+0.940
1666200900,+3.47,+16.835, +9.361,+0.940
1666200960,+3.47,+16.843, +9.378,+0.940
1666201020,+3.48,+16.860, +9.397,+0.940
1666201080,+3.48,+16.877, +9.411,+0.941
1666201140,+3.48,+16.894, +9.450,+0.940
1666201200,+3.48,+16.911, +9.451,+0.941
1666201260,+3.48,+16.954, +9.475,+0.940
1666201320,+3.48,+16.954, +9.489,+0.940
1666201380,+3.48,+16.971, +9.495,+0.940
1666201440,+3.48,+16.988, +9.502,+0.940
1666201500,+3.48,+16.988, +9.506,+0.940
1666201560,+3.48,+16.988, +9.497,+0.940
1666201620,+3.48,+16.988, +9.501,+0.941
1666201680,+3.47,+16.996, +9.489,+0.940
1666201740,+3.48,+17.005, +9.486,+0.940
1666201800,+3.47,+16.988, +9.487,+0.940
1666201860,+3.48,+17.013, +9.488,+0.940
1666201920,+3.48,+17.005, +9.487,+0.940
1666201980,+3.48,+17.005, +9.454,+0.940
1666202040,+3.47,+17.038, +9.444,+0.940
1666202100,+3.48,+17.013, +9.438,+0.940
1666202160,+3.48,+17.013, +9.452,+0.940
1666202220,+3.48,+17.021, +9.456,+0.940
1666202280,+3.48,+17.021, +9.472,+0.940
1666202340,+3.47,+17.013, +9.474,+0.940
1666202400,+3.48,+17.047, +9.480,+0.940
1666202460,+3.48,+17.021, +9.480,+0.940
1666202520,+3.48,+17.047, +9.487,+0.940
1666202580,+3.47,+17.055, +9.490,+0.940
1666202640,+3.48,+17.072, +9.514,+0.940
1666202700,+3.48,+17.072, +9.541,+0.940
1666202760,+3.48,+17.098, +9.548,+0.940
1666202820,+3.47,+17.098, +9.522,+0.940
1666202880,+3.47,+17.106, +9.530,+0.940
1666202940,+3.47,+17.098, +9.564,+0.940
1666203000,+3.47,+17.132, +9.591,+0.940
1666203060,+3.47,+17.132, +9.556,+0.940
1666203120,+3.47,+17.149, +9.549,+0.940
1666203180,+3.47,+17.149, +9.493,+0.941
1666203240,+3.47,+17.149, +9.486,+0.940
1666203300,+3.47,+17.149, +9.483,+0.940
1666203360,+3.47,+17.157, +9.471,+0.940
1666203420,+3.47,+17.174, +9.441,+0.940
1666203480,+3.47,+17.149, +9.436,+0.940
1666203540,+3.47,+17.157, +9.435,+0.940
1666203600,+3.47,+17.157, +9.423,+0.941
1666203660,+3.47,+17.157, +9.414,+0.941
1666203720,+3.47,+17.157, +9.377,+0.939
1666203780,+3.47,+17.166, +9.392,+0.940
1666203840,+3.47,+17.157, +9.400,+0.940
1666203900,+3.47,+17.182, +9.385,+0.940
1666203960,+3.47,+17.149, +9.403,+0.940
1666204020,+3.47,+17.157, +9.386,+0.940
1666204080,+3.47,+17.149, +9.380,+0.940
1666204140,+3.47,+17.149, +9.384,+0.940
1666204200,+3.47,+17.157, +9.376,+0.940
1666204260,+3.47,+17.149, +9.392,+0.940
1666204320,+3.47,+17.132, +9.402,+0.940
1666204380,+3.47,+17.140, +9.389,+0.940
1666204440,+3.47,+17.132, +9.399,+0.940
1666204500,+3.47,+17.123, +9.405,+0.940
1666204560,+3.47,+17.123, +9.430,+0.941
1666204620,+3.47,+17.140, +9.421,+0.940
1666204680,+3.48,+17.115, +9.430,+0.940
1666204740,+3.47,+17.132, +9.421,+0.940
1666204800,+3.47,+17.140, +9.439,+0.940
1666204860,+3.48,+17.115, +9.445,+0.940
1666204920,+3.47,+17.132, +9.456,+0.941
1666204980,+3.47,+17.132, +9.430,+0.940
1666205040,+3.47,+17.123, +9.457,+0.940
1666205100,+3.47,+17.132, +9.466,+0.940
1666205160,+3.48,+17.123, +9.491,+0.941
1666205220,+3.47,+17.149, +9.486,+0.940
1666205280,+3.47,+17.149, +9.502,+0.940
1666205340,+3.47,+17.149, +9.522,+0.940
1666205400,+3.47,+17.149, +9.558,+0.940
1666205460,+3.47,+17.157, +9.567,+0.941
1666205520,+3.48,+17.132, +9.658,+0.940
1666205580,+3.47,+17.166, +9.640,+0.940
1666205640,+3.47,+17.149, +9.613,+0.940
1666205700,+3.48,+17.166, +9.594,+0.940
1666205760,+3.48,+17.149, +9.548,+0.940
1666205820,+3.48,+17.140, +9.518,+0.940
1666205880,+3.47,+17.149, +9.485,+0.940
1666205940,+3.47,+17.157, +9.482,+0.940
1666206000,+3.47,+17.149, +9.499,+0.940
1666206060,+3.47,+17.140, +9.501,+0.940
1666206120,+3.47,+17.140, +9.502,+0.940
1666206180,+3.47,+17.149, +9.474,+0.940
1666206240,+3.47,+17.149, +9.518,+0.940
1666206300,+3.47,+17.149, +9.498,+0.940
1666206360,+3.47,+17.157, +9.480,+0.940
1666206420,+3.47,+17.140, +9.482,+0.940
1666206480,+3.47,+17.140, +9.481,+0.940
1666206540,+3.47,+17.140, +9.469,+0.940
1666206600,+3.48,+17.149, +9.470,+0.940
1666206660,+3.48,+17.140, +9.502,+0.940
1666206720,+3.47,+17.132, +9.480,+0.940
1666206780,+3.48,+17.123, +9.483,+0.940
1666206840,+3.48,+17.123, +9.482,+0.940
1666206900,+3.48,+17.123, +9.479,+0.940
1666206960,+3.48,+17.089, +9.478,+0.940
1666207020,+3.48,+17.106, +9.443,+0.940
1666207080,+3.48,+17.115, +9.449,+0.940
1666207140,+3.48,+17.098, +9.437,+0.940
1666207200,+3.48,+17.098, +9.447,+0.940
1666207260,+3.48,+17.098, +9.433,+0.940
1666207320,+3.48,+17.081, +9.427,+0.940
1666207380,+3.48,+17.072, +9.398,+0.940
1666207440,+3.48,+17.064, +9.396,+0.940
1666207500,+3.48,+17.064, +9.391,+0.940
1666207560,+3.48,+17.055, +9.348,+0.940
1666207620,+3.48,+17.030, +9.322,+0.940
1666207680,+3.48,+17.013, +9.334,+0.940
1666207740,+3.48,+16.979, +9.353,+0.940
1666207800,+3.48,+16.979, +9.317,+0.940
1666207860,+3.48,+16.971, +9.317,+0.940
1666207920,+3.48,+16.928, +9.326,+0.940
1666207980,+3.48,+16.894, +9.334,+0.940
1666208040,+3.48,+16.903, +9.309,+0.940
1666208100,+3.48,+16.903, +9.233,+0.940
1666208160,+3.48,+16.869, +9.241,+0.940
1666208220,+3.48,+16.860, +9.227,+0.940
1666208280,+3.47,+16.843, +9.318,+0.940
1666208340,+3.47,+16.843, +9.339,+0.940
1666208400,+3.47,+16.835, +9.335,+0.940
1666208460,+3.47,+16.801, +9.297,+0.940
1666208520,+3.47,+16.801, +9.363,+0.940
1666208580,+3.47,+16.801, +9.425,+0.940
1666208640,+3.47,+16.801, +9.457,+0.940
1666208700,+3.47,+16.809, +9.468,+0.940
1666208760,+3.47,+16.792, +9.474,+0.940
1666208820,+3.47,+16.801, +9.465,+0.940
1666208880,+3.47,+16.784, +9.473,+0.940
1666208940,+3.47,+16.784, +9.476,+0.940
1666209000,+3.47,+16.792, +9.454,+0.940
1666209060,+3.47,+16.784, +9.425,+0.940
1666209120,+3.47,+16.784, +9.461,+0.941
1666209180,+3.47,+16.767, +9.454,+0.940
1666209240,+3.47,+16.784, +9.456,+0.940
1666209300,+3.47,+16.775, +9.497,+0.940
1666209360,+3.47,+16.750, +9.466,+0.940
1666209420,+3.47,+16.767, +9.473,+0.940
1666209480,+3.47,+16.750, +9.461,+0.940
1666209540,+3.47,+16.750, +9.441,+0.940
1666209600,+3.47,+16.758, +9.418,+0.940
1666209660,+3.47,+16.750, +9.434,+0.940
1666209720,+3.47,+16.741, +9.453,+0.941
1666209780,+3.47,+16.750, +9.429,+0.940
1666209840,+3.47,+16.707, +9.447,+0.940
1666209900,+3.47,+16.724, +9.438,+0.940
1666209960,+3.47,+16.733, +9.458,+0.941
1666210020,+3.47,+16.724, +9.465,+0.940
1666210080,+3.47,+16.733, +9.455,+0.940
1666210140,+3.47,+16.724, +9.490,+0.940
1666210200,+3.47,+16.716, +9.494,+0.940
1666210260,+3.47,+16.733, +9.483,+0.940
1666210320,+3.47,+16.733, +9.509,+0.940
1666210380,+3.47,+16.724, +9.531,+0.940
1666210440,+3.47,+16.733, +9.529,+0.940
1666210500,+3.47,+16.724, +9.532,+0.940
1666210560,+3.47,+16.750, +9.544,+0.940
1666210620,+3.47,+16.741, +9.532,+0.940
1666210680,+3.47,+16.750, +9.513,+0.940
1666210740,+3.47,+16.716, +9.547,+0.941
1666210800,+3.47,+16.733, +9.533,+0.940
1666210860,+3.47,+16.733, +9.538,+0.940
1666210920,+3.47,+16.733, +9.521,+0.940
1666210980,+3.47,+16.724, +9.537,+0.940
1666211040,+3.47,+16.741, +9.502,+0.940
1666211100,+3.47,+16.741, +9.585,+0.940
1666211160,+3.47,+16.741, +9.574,+0.940
1666211220,+3.47,+16.733, +9.519,+0.940
1666211280,+3.47,+16.707, +9.495,+0.940
1666211340,+3.47,+16.707, +9.494,+0.940
1666211400,+3.47,+16.707, +9.492,+0.940
1666211460,+3.47,+16.699, +9.529,+0.940
1666211520,+3.47,+16.690, +9.534,+0.940
1666211580,+3.47,+16.716, +9.483,+0.940
1666211640,+3.47,+16.707, +9.483,+0.940
1666211700,+3.47,+16.682, +9.483,+0.940
1666211760,+3.47,+16.699, +9.482,+0.940
1666211820,+3.47,+16.690, +9.459,+0.940
1666211880,+3.47,+16.699, +9.419,+0.940
1666211940,+3.47,+16.707, +9.444,+0.940
1666212000,+3.47,+16.690, +9.472,+0.940
1666212060,+3.47,+16.716, +9.546,+0.940
1666212120,+3.47,+16.699, +9.587,+0.940
1666212180,+3.47,+16.699, +9.572,+0.940
1666212240,+3.47,+16.699, +9.532,+0.940
1666212300,+3.47,+16.699, +9.498,+0.940
1666212360,+3.47,+16.716, +9.492,+0.940
1666212420,+3.47,+16.707, +9.512,+0.940
1666212480,+3.47,+16.690, +9.515,+0.940
1666212540,+3.47,+16.716, +9.518,+0.941
1666212600,+3.47,+16.716, +9.548,+0.941
1666212660,+3.47,+16.707, +9.536,+0.940
1666212720,+3.47,+16.699, +9.515,+0.940
1666212780,+3.47,+16.707, +9.479,+0.940
1666212840,+3.47,+16.690, +9.469,+0.940
1666212900,+3.47,+16.682, +9.443,+0.940
1666212960,+3.47,+16.665, +9.409,+0.940
1666213020,+3.47,+16.682, +9.444,+0.940
1666213080,+3.47,+16.665, +9.476,+0.940
1666213140,+3.47,+16.682, +9.493,+0.940
1666213200,+3.47,+16.665, +9.478,+0.940
1666213260,+3.47,+16.690, +9.367,+0.940
1666213320,+3.47,+16.673, +9.412,+0.940
1666213380,+3.47,+16.682, +9.450,+0.941
1666213440,+3.47,+16.682, +9.458,+0.940
1666213500,+3.47,+16.673, +9.452,+0.940
1666213560,+3.47,+16.673, +9.392,+0.940
1666213620,+3.47,+16.656, +9.424,+0.940
1666213680,+3.47,+16.673, +9.511,+0.940
1666213740,+3.47,+16.665, +9.559,+0.940
1666213800,+3.47,+16.648, +9.541,+0.940
1666213860,+3.47,+16.656, +9.515,+0.940
1666213920,+3.47,+16.656, +9.521,+0.940
1666213980,+3.47,+16.639, +9.535,+0.940
1666214040,+3.47,+16.682, +9.537,+0.940
1666214100,+3.47,+16.682, +9.588,+0.940
1666214160,+3.47,+16.665, +9.628,+0.940
1666214220,+3.47,+16.656, +9.627,+0.940
1666214280,+3.47,+16.648, +9.613,+0.940
1666214340,+3.47,+16.665, +9.582,+0.940
1666214400,+3.47,+16.656, +9.571,+0.940
1666214460,+3.47,+16.656, +9.626,+0.940
1666214520,+3.47,+16.639, +9.645,+0.940
1666214580,+3.47,+16.656, +9.676,+0.940
1666214640,+3.47,+16.648, +9.646,+0.940
1666214700,+3.47,+16.665, +9.603,+0.940
1666214760,+3.47,+16.648, +9.600,+0.940
1666214820,+3.47,+16.648, +9.576,+0.940
1666214880,+3.47,+16.639, +9.511,+0.940
1666214940,+3.47,+16.639, +9.532,+0.941
1666215000,+3.47,+16.639, +9.511,+0.940
1666215060,+3.47,+16.631, +9.488,+0.940
1666215120,+3.47,+16.665, +9.468,+0.940
1666215180,+3.47,+16.648, +9.403,+0.940
1666215240,+3.47,+16.631, +9.501,+0.940
1666215300,+3.47,+16.648, +9.512,+0.941
1666215360,+3.47,+16.648, +9.510,+0.940
1666215420,+3.47,+16.665, +9.497,+0.940
1666215480,+3.47,+16.656, +9.457,+0.940
1666215540,+3.47,+16.639, +9.445,+0.940
1666215600,+3.47,+16.639, +9.357,+0.940
1666215660,+3.47,+16.631, +9.307,+0.940
1666215720,+3.47,+16.639, +9.327,+0.940
1666215780,+3.47,+16.656, +9.306,+0.940
1666215840,+3.47,+16.639, +9.301,+0.940
1666215900,+3.47,+16.622, +9.277,+0.939
1666215960,+3.47,+16.622, +9.294,+0.940
1666216020,+3.47,+16.631, +9.321,+0.940
1666216080,+3.47,+16.639, +9.299,+0.940
1666216140,+3.47,+16.648, +9.266,+0.940
1666216200,+3.47,+16.622, +9.329,+0.940
1666216260,+3.47,+16.631, +9.286,+0.940
1666216320,+3.47,+16.648, +9.254,+0.940
1666216380,+3.47,+16.605, +9.264,+0.940
1666216440,+3.47,+16.639, +9.216,+0.940
1666216500,+3.47,+16.631, +9.240,+0.940
1666216560,+3.47,+16.648, +9.299,+0.940
1666216620,+3.47,+16.597, +9.328,+0.940
1666216680,+3.47,+16.622, +9.247,+0.940
1666216740,+3.47,+16.614, +9.201,+0.940
1666216800,+3.47,+16.631, +9.226,+0.940
1666216860,+3.47,+16.605, +9.295,+0.940
1666216920,+3.47,+16.631, +9.304,+0.940
1666216980,+3.47,+16.614, +9.310,+0.940
1666217040,+3.47,+16.605, +9.265,+0.940
1666217100,+3.47,+16.597, +9.250,+0.940
1666217160,+3.47,+16.580, +9.207,+0.940
1666217220,+3.47,+16.580, +9.176,+0.940
1666217280,+3.47,+16.554, +9.140,+0.940
1666217340,+3.47,+16.563, +8.994,+0.940
1666217400,+3.47,+16.563, +9.263,+0.940
1666217460,+3.47,+16.580, +9.380,+0.940
1666217520,+3.47,+16.597, +9.365,+0.940
1666217580,+3.47,+16.605, +9.358,+0.940
1666217640,+3.47,+16.588, +9.335,+0.940
1666217700,+3.47,+16.597, +9.355,+0.940
1666217760,+3.47,+16.605, +9.464,+0.940
1666217820,+3.47,+16.588, +9.476,+0.940
1666217880,+3.47,+16.588, +9.445,+0.940
1666217940,+3.47,+16.588, +9.368,+0.940
1666218000,+3.47,+16.563, +9.442,+0.940
1666218060,+3.47,+16.571, +9.384,+0.940
1666218120,+3.47,+16.571, +9.320,+0.940
1666218180,+3.47,+16.563, +9.320,+0.941
1666218240,+3.47,+16.580, +9.293,+0.940
1666218300,+3.47,+16.571, +9.239,+0.940
1666218360,+3.47,+16.571, +9.258,+0.940
1666218420,+3.47,+16.597, +9.242,+0.940
1666218480,+3.47,+16.571, +9.253,+0.940
1666218540,+3.47,+16.605, +9.180,+0.940
1666218600,+3.47,+16.588, +9.176,+0.940
1666218660,+3.47,+16.580, +9.207,+0.940
1666218720,+3.47,+16.580, +9.068,+0.940
1666218780,+3.47,+16.597, +9.086,+0.940
1666218840,+3.47,+16.588, +8.971,+0.940
1666218900,+3.47,+16.580, +9.213,+0.940
1666218960,+3.47,+16.580, +9.162,+0.940
1666219020,+3.47,+16.580, +9.036,+0.940
1666219080,+3.47,+16.563, +8.935,+0.940
1666219140,+3.47,+16.563, +9.010,+0.940
1666219200,+3.47,+16.588, +9.205,+0.940
1666219260,+3.47,+16.571, +9.149,+0.940
1666219320,+3.47,+16.580, +9.179,+0.940
1666219380,+3.47,+16.554, +9.231,+0.940
1666219440,+3.47,+16.563, +9.155,+0.940
1666219500,+3.47,+16.563, +9.214,+0.940
1666219560,+3.47,+16.563, +9.166,+0.940
1666219620,+3.47,+16.563, +8.992,+0.939
1666219680,+3.47,+16.588, +8.927,+0.940
1666219740,+3.47,+16.588, +8.874,+0.939
1666219800,+3.47,+16.588, +8.930,+0.939
1666219860,+3.47,+16.605, +8.898,+0.940
1666219920,+3.47,+16.605, +9.016,+0.940
1666219980,+3.47,+16.597, +9.107,+0.940
1666220040,+3.47,+16.614, +9.045,+0.939
1666220100,+3.47,+16.639, +9.029,+0.940
1666220160,+3.47,+16.682, +8.923,+0.940
1666220220,+3.47,+16.665, +8.967,+0.940
1666220280,+3.47,+16.682, +8.925,+0.940
1666220340,+3.47,+16.690, +8.858,+0.940
1666220400,+3.47,+16.690, +8.860,+0.940
1666220460,+3.47,+16.682, +8.899,+0.940
1666220520,+3.47,+16.707, +8.823,+0.939
1666220580,+3.47,+16.707, +8.756,+0.940
1666220640,+3.47,+16.733, +8.842,+0.940
1666220700,+3.47,+16.750, +8.778,+0.940
1666220760,+3.47,+16.784, +8.664,+0.940
1666220820,+3.47,+16.826, +8.587,+0.940
1666220880,+3.47,+16.843, +8.408,+0.939
1666220940,+3.47,+16.818, +8.476,+0.940
1666221000,+3.48,+16.835, +8.371,+0.939
1666221060,+3.48,+16.852, +8.190,+0.939
1666221120,+3.48,+16.860, +8.061,+0.939
1666221180,+3.48,+16.877, +8.239,+0.939
1666221240,+3.48,+16.911, +8.349,+0.940
1666221300,+3.48,+16.920, +8.285,+0.940
1666221360,+3.48,+16.928, +8.394,+0.939
1666221420,+3.48,+16.962, +8.493,+0.939
1666221480,+3.48,+16.962, +8.415,+0.939
1666221540,+3.48,+16.979, +8.352,+0.939
1666221600,+3.48,+16.971, +8.277,+0.939
1666221660,+3.48,+16.996, +8.246,+0.939
1666221720,+3.48,+16.988, +8.088,+0.939
1666221780,+3.48,+17.005, +8.141,+0.939
1666221840,+3.48,+17.005, +8.482,+0.939
1666221900,+3.48,+16.996, +8.405,+0.939
1666221960,+3.48,+16.988, +8.377,+0.939
1666222020,+3.48,+16.979, +8.344,+0.939
1666222080,+3.48,+16.988, +8.510,+0.939
1666222140,+3.48,+16.979, +8.570,+0.939
1666222200,+3.48,+16.996, +8.511,+0.939
1666222260,+3.48,+16.988, +8.421,+0.939
1666222320,+3.48,+16.988, +8.367,+0.939
1666222380,+3.48,+16.988, +8.258,+0.939
1666222440,+3.48,+16.988, +8.227,+0.939
1666222500,+3.48,+16.979, +8.366,+0.939
1666222560,+3.48,+16.979, +8.439,+0.939
1666222620,+3.48,+16.988, +8.503,+0.939
1666222680,+3.48,+16.971, +8.593,+0.940
1666222740,+3.48,+16.954, +8.637,+0.939
1666222800,+3.48,+16.962, +8.594,+0.940
1666222860,+3.48,+16.988, +8.722,+0.940
1666222920,+3.48,+16.979, +8.714,+0.940
1666222980,+3.48,+16.954, +8.721,+0.940
1666223040,+3.48,+16.962, +8.703,+0.940
1666223100,+3.48,+16.971, +8.718,+0.939
1666223160,+3.48,+16.962, +8.596,+0.939
1666223220,+3.48,+16.996, +8.564,+0.939
1666223280,+3.48,+17.005, +8.606,+0.940
1666223340,+3.48,+16.988, +8.573,+0.940
1666223400,+3.48,+16.996, +8.599,+0.940
1666223460,+3.48,+16.979, +8.558,+0.940
1666223520,+3.48,+16.996, +8.564,+0.940
1666223580,+3.48,+16.971, +8.594,+0.940
1666223640,+3.48,+16.979, +8.513,+0.939
1666223700,+3.48,+16.979, +8.431,+0.940
1666223760,+3.48,+16.971, +8.356,+0.939
1666223820,+3.48,+16.945, +8.308,+0.939
1666223880,+3.48,+16.962, +8.322,+0.939
1666223940,+3.48,+16.962, +8.385,+0.939
1666224000,+3.48,+16.954, +8.492,+0.939
1666224060,+3.48,+16.979, +8.060,+0.939
1666224120,+3.48,+16.928, +8.187,+0.940
1666224180,+3.48,+16.937, +8.170,+0.939
1666224240,+3.48,+16.945, +8.234,+0.939
1666224300,+3.48,+16.954, +8.290,+0.939
1666224360,+3.48,+16.971, +8.290,+0.939
1666224420,+3.48,+16.954, +8.187,+0.940
1666224480,+3.48,+16.962, +8.150,+0.939
1666224540,+3.48,+16.928, +8.217,+0.940
1666224600,+3.48,+16.911, +8.243,+0.939
1666224660,+3.48,+16.945, +8.308,+0.939
1666224720,+3.48,+16.920, +8.490,+0.940
1666224780,+3.48,+16.928, +8.521,+0.939
1666224840,+3.48,+16.920, +8.533,+0.939
1666224900,+3.48,+16.945, +8.489,+0.940
1666224960,+3.48,+16.937, +8.426,+0.939
1666225020,+3.48,+16.937, +8.405,+0.940
1666225080,+3.48,+16.920, +8.329,+0.939
1666225140,+3.48,+16.920, +8.283,+0.939
1666225200,+3.48,+16.937, +8.319,+0.939
1666225260,+3.48,+16.920, +8.327,+0.940
1666225320,+3.48,+16.903, +8.374,+0.940
1666225380,+3.48,+16.911, +8.406,+0.940
1666225440,+3.48,+16.920, +8.364,+0.939
1666225500,+3.48,+16.911, +8.420,+0.939
1666225560,+3.48,+16.937, +8.377,+0.940
1666225620,+3.48,+16.911, +8.367,+0.939
1666225680,+3.48,+16.903, +8.376,+0.939
1666225740,+3.48,+16.894, +8.346,+0.939
1666225800,+3.48,+16.894, +8.314,+0.939
1666225860,+3.48,+16.894, +8.275,+0.939
1666225920,+3.48,+16.894, +8.267,+0.939
1666225980,+3.48,+16.911, +8.243,+0.939
1666226040,+3.48,+16.903, +8.210,+0.939
1666226100,+3.48,+16.877, +8.209,+0.939
1666226160,+3.48,+16.894, +8.225,+0.939
1666226220,+3.48,+16.886, +8.191,+0.939
1666226280,+3.48,+16.860, +8.164,+0.939
1666226340,+3.48,+16.852, +8.133,+0.939
1666226400,+3.48,+16.852, +8.151,+0.939
1666226460,+3.48,+16.852, +8.144,+0.939
1666226520,+3.48,+16.843, +8.211,+0.940
1666226580,+3.48,+16.835, +8.166,+0.939
1666226640,+3.48,+16.835, +8.063,+0.939
1666226700,+3.47,+16.835, +7.980,+0.939
1666226760,+3.47,+16.835, +8.001,+0.939
1666226820,+3.47,+16.826, +8.027,+0.939
1666226880,+3.47,+16.826, +8.051,+0.939
1666226940,+3.47,+16.809, +8.140,+0.939
1666227000,+3.47,+16.809, +8.223,+0.939
1666227060,+3.47,+16.809, +8.242,+0.939
1666227120,+3.47,+16.818, +8.231,+0.939
1666227180,+3.47,+16.801, +8.211,+0.939
1666227240,+3.47,+16.801, +8.182,+0.939
1666227300,+3.47,+16.809, +8.141,+0.939
1666227360,+3.47,+16.809, +8.156,+0.939
1666227420,+3.47,+16.809, +8.116,+0.939
1666227480,+3.47,+16.801, +8.032,+0.939
1666227540,+3.47,+16.818, +8.001,+0.939
1666227600,+3.47,+16.809, +8.097,+0.939
1666227660,+3.47,+16.809, +8.175,+0.939
1666227720,+3.47,+16.818, +8.195,+0.939
1666227780,+3.47,+16.826, +8.240,+0.939
1666227840,+3.47,+16.818, +8.203,+0.939
1666227900,+3.47,+16.818, +8.269,+0.939
1666227960,+3.47,+16.801, +8.252,+0.939
1666228020,+3.47,+16.809, +8.196,+0.939
1666228080,+3.47,+16.784, +8.157,+0.939
1666228140,+3.47,+16.801, +8.144,+0.939
1666228200,+3.47,+16.801, +8.075,+0.939
1666228260,+3.47,+16.809, +8.164,+0.939
1666228320,+3.47,+16.809, +8.251,+0.939
1666228380,+3.47,+16.792, +8.224,+0.939
1666228440,+3.47,+16.792, +8.193,+0.940
1666228500,+3.47,+16.792, +8.187,+0.939
1666228560,+3.47,+16.809, +8.233,+0.939
1666228620,+3.47,+16.792, +8.192,+0.939
1666228680,+3.47,+16.792, +8.203,+0.940
1666228740,+3.47,+16.792, +8.145,+0.939
1666228800,+3.47,+16.792, +8.107,+0.939
1666228860,+3.47,+16.792, +8.078,+0.939
1666228920,+3.47,+16.784, +8.082,+0.939
1666228980,+3.47,+16.775, +8.126,+0.939
1666229040,+3.47,+16.784, +8.183,+0.939
1666229100,+3.47,+16.792, +8.327,+0.939
1666229160,+3.47,+16.784, +8.403,+0.939
1666229220,+3.47,+16.775, +8.333,+0.939
1666229280,+3.47,+16.792, +8.305,+0.939
1666229340,+3.47,+16.784, +8.266,+0.940
1666229400,+3.47,+16.784, +8.218,+0.939
1666229460,+3.47,+16.750, +8.168,+0.939
1666229520,+3.47,+16.767, +8.093,+0.940
1666229580,+3.47,+16.741, +8.117,+0.939
1666229640,+3.47,+16.758, +8.154,+0.939
1666229700,+3.47,+16.733, +8.209,+0.939
1666229760,+3.47,+16.741, +8.178,+0.939
1666229820,+3.47,+16.741, +8.260,+0.939
1666229880,+3.47,+16.724, +8.299,+0.940
1666229940,+3.47,+16.733, +8.311,+0.939
1666230000,+3.47,+16.741, +8.358,+0.939
1666230060,+3.47,+16.733, +8.354,+0.939
1666230120,+3.47,+16.724, +8.367,+0.939
1666230180,+3.47,+16.741, +8.372,+0.939
1666230240,+3.47,+16.724, +8.367,+0.939
1666230300,+3.47,+16.724, +8.383,+0.939
1666230360,+3.47,+16.733, +8.367,+0.939
1666230420,+3.47,+16.699, +8.356,+0.939
1666230480,+3.47,+16.716, +8.357,+0.939
1666230540,+3.47,+16.733, +8.378,+0.939
1666230600,+3.47,+16.716, +8.363,+0.939
1666230660,+3.47,+16.741, +8.418,+0.940
1666230720,+3.47,+16.741, +8.395,+0.939
1666230780,+3.47,+16.724, +8.338,+0.940
1666230840,+3.47,+16.733, +8.285,+0.939
1666230900,+3.47,+16.724, +8.265,+0.939
1666230960,+3.47,+16.716, +8.364,+0.939
1666231020,+3.47,+16.716, +8.432,+0.939
1666231080,+3.47,+16.724, +8.391,+0.939
1666231140,+3.47,+16.707, +8.457,+0.939
1666231200,+3.47,+16.716, +8.515,+0.939
1666231260,+3.47,+16.707, +8.513,+0.940
1666231320,+3.47,+16.707, +8.526,+0.939
1666231380,+3.47,+16.699, +8.363,+0.939
1666231440,+3.47,+16.707, +8.305,+0.939
1666231500,+3.47,+16.699, +8.380,+0.939
1666231560,+3.47,+16.707, +8.466,+0.940
1666231620,+3.47,+16.699, +8.335,+0.939
1666231680,+3.47,+16.699, +8.193,+0.940
1666231740,+3.47,+16.707, +8.175,+0.939
1666231800,+3.47,+16.699, +8.265,+0.939
1666231860,+3.47,+16.673, +8.309,+0.939
1666231920,+3.47,+16.707, +8.257,+0.939
1666231980,+3.47,+16.682, +8.392,+0.939
1666232040,+3.47,+16.682, +8.386,+0.939
1666232100,+3.47,+16.682, +8.418,+0.939
1666232160,+3.47,+16.673, +8.378,+0.940
1666232220,+3.47,+16.656, +8.285,+0.939
1666232280,+3.47,+16.656, +8.303,+0.940
1666232340,+3.47,+16.656, +8.306,+0.939
1666232400,+3.47,+16.648, +8.381,+0.939
1666232460,+3.47,+16.631, +8.415,+0.939
1666232520,+3.47,+16.648, +8.345,+0.939
1666232580,+3.47,+16.622, +8.385,+0.939
1666232640,+3.47,+16.614, +8.586,+0.939
1666232700,+3.47,+16.588, +8.627,+0.939
1666232760,+3.47,+16.571, +8.663,+0.940
1666232820,+3.47,+16.563, +8.684,+0.940
1666232880,+3.47,+16.546, +8.663,+0.939
1666232940,+3.47,+16.554, +8.666,+0.939
1666233000,+3.47,+16.529, +8.679,+0.940
1666233060,+3.47,+16.529, +8.664,+0.939
1666233120,+3.47,+16.529, +8.685,+0.940
1666233180,+3.47,+16.512, +8.716,+0.939
1666233240,+3.47,+16.520, +8.739,+0.939
1666233300,+3.47,+16.503, +8.775,+0.939
1666233360,+3.47,+16.486, +8.753,+0.940
1666233420,+3.47,+16.503, +8.692,+0.940
1666233480,+3.47,+16.503, +8.676,+0.939
1666233540,+3.47,+16.486, +8.550,+0.939
1666233600,+3.47,+16.495, +8.507,+0.940
1666233660,+3.47,+16.495, +8.335,+0.939
1666233720,+3.47,+16.486, +8.340,+0.939
1666233780,+3.47,+16.469, +8.498,+0.940
1666233840,+3.47,+16.469, +8.488,+0.939
1666233900,+3.47,+16.469, +8.393,+0.939
1666233960,+3.47,+16.452, +8.300,+0.939
1666234020,+3.47,+16.461, +8.433,+0.939
1666234080,+3.47,+16.461, +8.339,+0.939
1666234140,+3.47,+16.435, +8.494,+0.940
1666234200,+3.47,+16.452, +8.419,+0.939
1666234260,+3.47,+16.427, +8.327,+0.939
1666234320,+3.47,+16.418, +8.332,+0.939
1666234380,+3.47,+16.393, +8.406,+0.939
1666234440,+3.47,+16.401, +8.212,+0.939
1666234500,+3.47,+16.401, +8.215,+0.939
1666234560,+3.47,+16.401, +8.213,+0.939
1666234620,+3.47,+16.393, +7.978,+0.939
1666234680,+3.47,+16.376, +7.919,+0.939
1666234740,+3.47,+16.401, +7.825,+0.939
1666234800,+3.47,+16.367, +8.171,+0.939
1666234860,+3.47,+16.359, +8.226,+0.939
1666234920,+3.47,+16.350, +8.407,+0.939
1666234980,+3.47,+16.350, +8.815,+0.940
1666235040,+3.47,+16.350, +8.916,+0.939
1666235100,+3.47,+16.342, +8.963,+0.940
1666235160,+3.47,+16.325, +8.955,+0.940
1666235220,+3.47,+16.325, +9.038,+0.940
1666235280,+3.47,+16.333, +9.071,+0.940
1666235340,+3.47,+16.325, +9.135,+0.939
1666235400,+3.47,+16.342, +8.950,+0.939
1666235460,+3.47,+16.316, +8.973,+0.940
1666235520,+3.47,+16.325, +8.975,+0.939
1666235580,+3.47,+16.333, +9.048,+0.940
1666235640,+3.47,+16.342, +8.894,+0.940
1666235700,+3.47,+16.333, +8.907,+0.940
1666235760,+3.47,+16.342, +9.022,+0.940
1666235820,+3.47,+16.333, +9.118,+0.939
1666235880,+3.47,+16.333, +9.157,+0.940
1666235940,+3.47,+16.342, +9.187,+0.940
1666236000,+3.47,+16.342, +9.201,+0.940
1666236060,+3.47,+16.333, +9.209,+0.940
1666236120,+3.47,+16.333, +9.223,+0.940
1666236180,+3.47,+16.350, +9.223,+0.940
1666236240,+3.47,+16.342, +9.190,+0.940
1666236300,+3.47,+16.333, +9.186,+0.940
1666236360,+3.47,+16.350, +9.164,+0.940
1666236420,+3.47,+16.342, +9.144,+0.940
1666236480,+3.47,+16.333, +9.143,+0.940
1666236540,+3.47,+16.325, +9.181,+0.940
1666236600,+3.47,+16.342, +9.160,+0.940
1666236660,+3.47,+16.316, +9.172,+0.940
1666236720,+3.47,+16.308, +9.149,+0.940
1666236780,+3.47,+16.308, +9.153,+0.940
1666236840,+3.47,+16.316, +9.107,+0.940
1666236900,+3.47,+16.282, +9.090,+0.940
1666236960,+3.47,+16.299, +9.099,+0.939
1666237020,+3.47,+16.282, +9.155,+0.940
1666237080,+3.47,+16.299, +9.183,+0.940
1666237140,+3.47,+16.265, +9.179,+0.940
1666237200,+3.47,+16.265, +9.225,+0.939
1666237260,+3.47,+16.274, +9.266,+0.940
1666237320,+3.47,+16.282, +9.241,+0.940
1666237380,+3.47,+16.265, +9.242,+0.940
1666237440,+3.47,+16.265, +9.209,+0.940
1666237500,+3.47,+16.239, +9.251,+0.940
1666237560,+3.47,+16.248, +9.214,+0.940
1666237620,+3.47,+16.248, +9.234,+0.940
1666237680,+3.47,+16.222, +9.227,+0.940
1666237740,+3.47,+16.214, +9.241,+0.940
1666237800,+3.47,+16.239, +9.248,+0.940
1666237860,+3.48,+16.214, +9.255,+0.940
1666237920,+3.47,+16.231, +9.236,+0.939
1666237980,+3.48,+16.222, +9.264,+0.940
1666238040,+3.47,+16.231, +9.271,+0.940
1666238100,+3.47,+16.222, +9.255,+0.940
1666238160,+3.47,+16.214, +9.222,+0.940
1666238220,+3.48,+16.222, +9.190,+0.939
1666238280,+3.48,+16.239, +9.178,+0.940
1666238340,+3.48,+16.222, +9.197,+0.940
1666238400,+3.47,+16.222, +9.203,+0.939
1666238460,+3.47,+16.231, +9.237,+0.940
1666238520,+3.48,+16.231, +9.191,+0.940
1666238580,+3.47,+16.222, +9.142,+0.939
1666238640,+3.47,+16.214, +9.177,+0.940
1666238700,+3.47,+16.222, +9.217,+0.940
1666238760,+3.48,+16.214, +9.259,+0.940
1666238820,+3.48,+16.197, +9.252,+0.940
1666238880,+3.48,+16.239, +9.153,+0.939
1666238940,+3.48,+16.214, +9.120,+0.940
1666239000,+3.48,+16.205, +9.077,+0.939
1666239060,+3.48,+16.231, +9.059,+0.940
1666239120,+3.47,+16.222, +9.101,+0.940
1666239180,+3.47,+16.222, +9.073,+0.940
1666239240,+3.47,+16.248, +8.988,+0.940
1666239300,+3.47,+16.214, +8.975,+0.940
1666239360,+3.47,+16.231, +8.981,+0.940
1666239420,+3.47,+16.239, +8.989,+0.940
1666239480,+3.47,+16.248, +9.020,+0.940
1666239540,+3.48,+16.239, +9.031,+0.939
1666239600,+3.47,+16.239, +9.026,+0.940
1666239660,+3.47,+16.214, +9.023,+0.940
1666239720,+3.47,+16.248, +9.017,+0.940
1666239780,+3.47,+16.239, +9.018,+0.939
1666239840,+3.47,+16.231, +9.031,+0.940
1666239900,+3.47,+16.205, +9.023,+0.940
1666239960,+3.47,+16.231, +9.009,+0.940
1666240020,+3.47,+16.239, +9.010,+0.940
1666240080,+3.47,+16.231, +9.056,+0.940
1666240140,+3.47,+16.265, +9.015,+0.940
1666240200,+3.47,+16.239, +8.999,+0.940
1666240260,+3.47,+16.256, +8.947,+0.940
1666240320,+3.47,+16.256, +8.959,+0.940
1666240380,+3.47,+16.239, +8.913,+0.940
1666240440,+3.47,+16.274, +8.876,+0.940
1666240500,+3.47,+16.248, +8.921,+0.939
1666240560,+3.47,+16.231, +8.913,+0.940
1666240620,+3.47,+16.248, +8.904,+0.940
1666240680,+3.47,+16.256, +8.868,+0.939
1666240740,+3.47,+16.231, +8.900,+0.940
1666240800,+3.47,+16.231, +8.965,+0.940
1666240860,+3.47,+16.205, +9.053,+0.940
1666240920,+3.47,+16.205, +9.058,+0.940
1666240980,+3.47,+16.197, +9.066,+0.939
1666241040,+3.47,+16.222, +9.026,+0.940
1666241100,+3.47,+16.214, +9.000,+0.940
1666241160,+3.47,+16.222, +8.993,+0.940
1666241220,+3.47,+16.214, +8.994,+0.940
1666241280,+3.47,+16.214, +8.956,+0.939
1666241340,+3.47,+16.214, +8.916,+0.940
1666241400,+3.47,+16.222, +8.905,+0.940
1666241460,+3.47,+16.256, +8.855,+0.940
1666241520,+3.47,+16.256, +8.771,+0.939
1666241580,+3.47,+16.239, +8.779,+0.940
1666241640,+3.47,+16.248, +8.796,+0.940
1666241700,+3.47,+16.256, +8.798,+0.940
1666241760,+3.47,+16.256, +8.784,+0.940
1666241820,+3.47,+16.282, +8.825,+0.940
1666241880,+3.47,+16.282, +8.771,+0.939
1666241940,+3.47,+16.291, +8.787,+0.940
1666242000,+3.47,+16.308, +8.779,+0.940
1666242060,+3.47,+16.316, +8.738,+0.940
1666242120,+3.47,+16.325, +8.652,+0.939
1666242180,+3.47,+16.342, +8.478,+0.939
1666242240,+3.47,+16.342, +8.404,+0.939
1666242300,+3.47,+16.350, +8.475,+0.939
1666242360,+3.47,+16.359, +8.520,+0.939
1666242420,+3.47,+16.350, +8.645,+0.940
1666242480,+3.47,+16.359, +8.609,+0.939
1666242540,+3.47,+16.384, +8.666,+0.939
1666242600,+3.47,+16.384, +8.670,+0.939
1666242660,+3.47,+16.393, +8.654,+0.939
1666242720,+3.47,+16.401, +8.769,+0.939
1666242780,+3.47,+16.401, +8.760,+0.939
1666242840,+3.47,+16.401, +8.739,+0.939
1666242900,+3.47,+16.410, +8.728,+0.940
1666242960,+3.47,+16.410, +8.793,+0.940
1666243020,+3.47,+16.401, +8.572,+0.939
1666243080,+3.47,+16.384, +8.590,+0.940
1666243140,+3.47,+16.367, +8.623,+0.939
1666243200,+3.47,+16.393, +8.636,+0.939
1666243260,+3.47,+16.393, +8.570,+0.939
1666243320,+3.47,+16.359, +8.627,+0.939
1666243380,+3.47,+16.359, +8.646,+0.939
1666243440,+3.47,+16.401, +8.690,+0.939
1666243500,+3.47,+16.384, +8.683,+0.939
1666243560,+3.47,+16.401, +8.695,+0.939
1666243620,+3.47,+16.410, +8.733,+0.939
1666243680,+3.47,+16.410, +8.736,+0.940
1666243740,+3.47,+16.410, +8.729,+0.939
1666243800,+3.47,+16.410, +8.713,+0.939
1666243860,+3.47,+16.410, +8.729,+0.940
1666243920,+3.47,+16.427, +8.738,+0.939
1666243980,+3.47,+16.401, +8.657,+0.939
1666244040,+3.47,+16.384, +8.743,+0.940
1666244100,+3.47,+16.401, +8.621,+0.939
1666244160,+3.47,+16.427, +8.563,+0.939
1666244220,+3.47,+16.427, +8.584,+0.939
1666244280,+3.47,+16.435, +8.580,+0.939
1666244340,+3.47,+16.435, +8.563,+0.939
1666244400,+3.47,+16.410, +8.710,+0.939
1666244460,+3.47,+16.427, +8.689,+0.940
1666244520,+3.47,+16.427, +8.687,+0.939
1666244580,+3.47,+16.427, +8.626,+0.939
1666244640,+3.47,+16.444, +8.643,+0.939
1666244700,+3.47,+16.401, +8.644,+0.939
1666244760,+3.47,+16.427, +8.510,+0.939
1666244820,+3.47,+16.418, +8.424,+0.939
1666244880,+3.47,+16.418, +8.370,+0.939
1666244940,+3.47,+16.427, +8.392,+0.939
1666245000,+3.47,+16.427, +8.377,+0.939
1666245060,+3.47,+16.410, +8.448,+0.939
1666245120,+3.47,+16.401, +8.402,+0.939
1666245180,+3.47,+16.376, +8.532,+0.939
1666245240,+3.47,+16.384, +8.568,+0.940
1666245300,+3.47,+16.401, +8.621,+0.939
1666245360,+3.47,+16.376, +8.640,+0.939
1666245420,+3.47,+16.359, +8.643,+0.939
1666245480,+3.47,+16.376, +8.650,+0.939
1666245540,+3.47,+16.359, +8.681,+0.940
1666245600,+3.47,+16.376, +8.700,+0.939
1666245660,+3.47,+16.376, +8.110,+0.939
1666245720,+3.47,+16.376, +8.436,+0.939
1666245780,+3.47,+16.393, +8.594,+0.939
1666245840,+3.47,+16.384, +8.668,+0.939
1666245900,+3.47,+16.401, +8.792,+0.940
1666245960,+3.47,+16.384, +8.838,+0.940
1666246020,+3.47,+16.384, +8.847,+0.940
1666246080,+3.47,+16.401, +8.777,+0.939
1666246140,+3.47,+16.401, +8.685,+0.939
1666246200,+3.47,+16.393, +8.628,+0.939
1666246260,+3.47,+16.401, +8.555,+0.939
1666246320,+3.47,+16.401, +8.576,+0.939
1666246380,+3.47,+16.401, +8.570,+0.939
1666246440,+3.47,+16.393, +8.549,+0.939
1666246500,+3.47,+16.376, +8.607,+0.939
1666246560,+3.47,+16.393, +8.550,+0.940
1666246620,+3.47,+16.393, +8.540,+0.939
1666246680,+3.47,+16.376, +8.493,+0.939
1666246740,+3.47,+16.376, +8.461,+0.939
1666246800,+3.47,+16.376, +8.651,+0.939
1666246860,+3.47,+16.367, +8.716,+0.939
1666246920,+3.47,+16.325, +8.843,+0.940
1666246980,+3.47,+16.308, +8.865,+0.939
1666247040,+3.47,+16.282, +8.825,+0.939
1666247100,+3.47,+16.291, +8.859,+0.939
1666247160,+3.47,+16.274, +8.832,+0.939
1666247220,+3.47,+16.256, +8.897,+0.939
1666247280,+3.47,+16.239, +8.910,+0.939
1666247340,+3.47,+16.231, +8.881,+0.940
1666247400,+3.47,+16.205, +8.849,+0.940
1666247460,+3.47,+16.205, +8.864,+0.940
1666247520,+3.47,+16.180, +8.778,+0.940
1666247580,+3.47,+16.197, +8.681,+0.939
1666247640,+3.47,+16.163, +8.648,+0.940
1666247700,+3.47,+16.154, +8.639,+0.939
1666247760,+3.47,+16.154, +8.651,+0.939
1666247820,+3.47,+16.129, +8.696,+0.939
1666247880,+3.47,+16.112, +8.657,+0.939
1666247940,+3.48,+16.077, +8.745,+0.939
1666248000,+3.48,+16.086, +8.755,+0.940
1666248060,+3.48,+16.060, +8.801,+0.939
1666248120,+3.48,+16.069, +8.766,+0.939
1666248180,+3.48,+16.069, +8.782,+0.939
1666248240,+3.48,+16.060, +8.851,+0.940
1666248300,+3.48,+16.077, +8.821,+0.939
1666248360,+3.48,+16.069, +8.876,+0.940
1666248420,+3.48,+16.060, +8.801,+0.939
1666248480,+3.48,+16.043, +8.763,+0.940
1666248540,+3.48,+16.060, +8.794,+0.939
1666248600,+3.48,+16.043, +8.856,+0.940
1666248660,+3.48,+16.043, +8.899,+0.940
1666248720,+3.48,+16.060, +8.952,+0.940
1666248780,+3.48,+16.069, +8.907,+0.940
1666248840,+3.48,+16.094, +8.915,+0.940
1666248900,+3.47,+16.120, +8.925,+0.940
1666248960,+3.47,+16.112, +8.955,+0.940
1666249020,+3.47,+16.094, +8.951,+0.940
1666249080,+3.48,+16.094, +8.969,+0.939
1666249140,+3.48,+16.086, +8.937,+0.939
1666249200,+3.48,+16.086, +8.859,+0.939
1666249260,+3.47,+16.112, +8.758,+0.939
1666249320,+3.47,+16.154, +8.714,+0.940
1666249380,+3.47,+16.171, +8.717,+0.940
1666249440,+3.47,+16.239, +8.772,+0.939
1666249500,+3.47,+16.239, +8.743,+0.940
1666249560,+3.47,+16.239, +8.704,+0.939
1666249620,+3.47,+16.214, +8.805,+0.940
1666249680,+3.47,+16.180, +8.806,+0.940
1666249740,+3.47,+16.197, +8.780,+0.940
1666249800,+3.47,+16.205, +8.664,+0.939
1666249860,+3.47,+16.197, +8.711,+0.939
1666249920,+3.47,+16.214, +8.795,+0.940
1666249980,+3.47,+16.231, +8.838,+0.940
1666250040,+3.47,+16.222, +8.877,+0.940
1666250100,+3.47,+16.205, +8.934,+0.940
1666250160,+3.47,+16.197, +8.911,+0.940
1666250220,+3.47,+16.188, +8.940,+0.940
1666250280,+3.47,+16.188, +8.892,+0.940
1666250340,+3.47,+16.205, +8.865,+0.939
1666250400,+3.47,+16.197, +8.881,+0.939
1666250460,+3.47,+16.197, +8.836,+0.940
1666250520,+3.47,+16.205, +8.772,+0.940
1666250580,+3.47,+16.197, +8.754,+0.939
1666250640,+3.47,+16.180, +8.744,+0.939
1666250700,+3.47,+16.171, +8.732,+0.939
1666250760,+3.47,+16.197, +8.687,+0.939
1666250820,+3.47,+16.188, +8.632,+0.939
1666250880,+3.47,+16.180, +8.622,+0.939
1666250940,+3.47,+16.188, +8.474,+0.939
1666251000,+3.47,+16.197, +8.434,+0.939
1666251060,+3.47,+16.188, +8.560,+0.940
1666251120,+3.47,+16.205, +8.600,+0.939
1666251180,+3.47,+16.197, +8.752,+0.939
1666251240,+3.47,+16.188, +8.778,+0.939
1666251300,+3.47,+16.197, +8.840,+0.939
1666251360,+3.47,+16.180, +8.894,+0.939
1666251420,+3.47,+16.163, +8.929,+0.940
1666251480,+3.47,+16.154, +8.935,+0.940
1666251540,+3.47,+16.154, +8.866,+0.939
1666251600,+3.47,+16.154, +8.826,+0.939
1666251660,+3.47,+16.171, +8.934,+0.940
1666251720,+3.47,+16.180, +8.960,+0.940
1666251780,+3.47,+16.197, +8.953,+0.940
1666251840,+3.47,+16.188, +8.928,+0.940
1666251900,+3.47,+16.197, +8.872,+0.940
1666251960,+3.47,+16.197, +8.857,+0.940
1666252020,+3.47,+16.154, +8.879,+0.939
1666252080,+3.47,+16.163, +8.891,+0.940
1666252140,+3.47,+16.120, +8.914,+0.940
1666252200,+3.47,+16.094, +8.957,+0.940
1666252260,+3.47,+16.129, +8.883,+0.940
1666252320,+3.47,+16.146, +8.809,+0.939
1666252380,+3.47,+16.163, +8.809,+0.939
1666252440,+3.47,+16.120, +8.783,+0.939
1666252500,+3.47,+16.112, +8.743,+0.939
1666252560,+3.47,+16.077, +8.798,+0.940
1666252620,+3.47,+16.060, +8.854,+0.940
1666252680,+3.47,+16.094, +8.837,+0.940
1666252740,+3.47,+16.094, +8.808,+0.939
1666252800,+3.47,+16.077, +8.876,+0.940
1666252860,+3.47,+16.094, +8.851,+0.939
1666252920,+3.47,+16.086, +8.877,+0.940
1666252980,+3.47,+16.146, +8.927,+0.940
1666253040,+3.47,+16.205, +8.913,+0.940
1666253100,+3.47,+16.231, +8.873,+0.940
1666253160,+3.47,+16.265, +8.892,+0.940
1666253220,+3.47,+16.256, +8.829,+0.939
1666253280,+3.47,+16.265, +8.763,+0.939
1666253340,+3.47,+16.256, +8.768,+0.940
1666253400,+3.47,+16.239, +8.791,+0.940
1666253460,+3.47,+16.256, +8.682,+0.939
1666253520,+3.47,+16.265, +8.707,+0.939
1666253580,+3.47,+16.274, +8.755,+0.940
1666253640,+3.47,+16.265, +8.878,+0.939
1666253700,+3.47,+16.291, +8.834,+0.940
1666253760,+3.47,+16.291, +8.850,+0.939
1666253820,+3.47,+16.282, +8.843,+0.939
1666253880,+3.47,+16.265, +8.876,+0.940
1666253940,+3.47,+16.256, +8.861,+0.939
1666254000,+3.47,+16.256, +8.863,+0.939
1666254060,+3.47,+16.256, +8.843,+0.940
1666254120,+3.47,+16.248, +8.881,+0.940
1666254180,+3.47,+16.265, +8.941,+0.939
1666254240,+3.47,+16.248, +8.958,+0.939
1666254300,+3.47,+16.265, +8.951,+0.940
1666254360,+3.47,+16.265, +8.926,+0.940
1666254420,+3.47,+16.239, +8.896,+0.939
1666254480,+3.47,+16.256, +8.927,+0.940
1666254540,+3.47,+16.239, +8.891,+0.939
1666254600,+3.47,+16.265, +8.866,+0.940
1666254660,+3.47,+16.265, +8.883,+0.939
1666254720,+3.47,+16.274, +8.888,+0.939
1666254780,+3.47,+16.265, +8.877,+0.940
1666254840,+3.47,+16.256, +8.863,+0.939
1666254900,+3.47,+16.256, +8.835,+0.939
1666254960,+3.47,+16.274, +8.824,+0.939
1666255020,+3.47,+16.256, +8.822,+0.939
1666255080,+3.47,+16.256, +8.810,+0.940
1666255140,+3.47,+16.231, +8.791,+0.939
1666255200,+3.47,+16.214, +8.858,+0.939
1666255260,+3.47,+16.197, +8.866,+0.939
1666255320,+3.47,+16.180, +8.835,+0.939
1666255380,+3.47,+16.154, +8.908,+0.940
1666255440,+3.47,+16.163, +8.909,+0.940
1666255500,+3.47,+16.180, +8.916,+0.939
1666255560,+3.47,+16.188, +8.896,+0.940
1666255620,+3.47,+16.188, +8.895,+0.939
1666255680,+3.47,+16.197, +8.943,+0.940
1666255740,+3.47,+16.197, +8.862,+0.940
1666255800,+3.47,+16.197, +8.892,+0.940
1666255860,+3.47,+16.171, +8.875,+0.940
1666255920,+3.47,+16.180, +8.926,+0.939
1666255980,+3.47,+16.180, +8.960,+0.940
1666256040,+3.47,+16.163, +8.968,+0.939
1666256100,+3.47,+16.163, +8.924,+0.939
1666256160,+3.47,+16.146, +8.937,+0.939
1666256220,+3.47,+16.146, +8.900,+0.939
1666256280,+3.48,+16.094, +8.900,+0.939
1666256340,+3.47,+16.069, +8.876,+0.940
1666256400,+3.48,+16.069, +8.882,+0.940
1666256460,+3.48,+16.060, +8.926,+0.940
1666256520,+3.48,+16.001, +9.117,+0.940
1666256580,+3.48,+15.966, +9.154,+0.939
1666256640,+3.48,+15.907, +9.179,+0.939
1666256700,+3.48,+15.881, +9.232,+0.940
1666256760,+3.48,+15.847, +9.213,+0.940
1666256820,+3.48,+15.821, +9.222,+0.940
1666256880,+3.48,+15.821, +9.236,+0.940
1666256940,+3.48,+15.830, +9.185,+0.940
1666257000,+3.48,+15.813, +9.185,+0.940
1666257060,+3.48,+15.821, +9.154,+0.940
1666257120,+3.48,+15.796, +9.078,+0.940
1666257180,+3.48,+15.796, +8.973,+0.940
1666257240,+3.48,+15.796, +8.886,+0.940
1666257300,+3.48,+15.796, +8.802,+0.939
1666257360,+3.48,+15.770, +8.724,+0.940
1666257420,+3.48,+15.787, +8.716,+0.940
1666257480,+3.48,+15.787, +8.751,+0.939
1666257540,+3.48,+15.778, +8.850,+0.940
1666257600,+3.48,+15.770, +8.943,+0.940
1666257660,+3.48,+15.753, +8.986,+0.940
1666257720,+3.48,+15.787, +9.027,+0.940
1666257780,+3.48,+15.761, +9.064,+0.940
1666257840,+3.48,+15.761, +9.068,+0.940
1666257900,+3.48,+15.761, +9.110,+0.940
1666257960,+3.48,+15.761, +9.149,+0.939
1666258020,+3.48,+15.770, +9.120,+0.940
1666258080,+3.48,+15.761, +9.137,+0.939
1666258140,+3.48,+15.770, +9.111,+0.940
1666258200,+3.48,+15.761, +9.028,+0.940
1666258260,+3.48,+15.761, +8.917,+0.939
1666258320,+3.48,+15.770, +8.831,+0.939
1666258380,+3.48,+15.778, +8.719,+0.940
1666258440,+3.48,+15.761, +8.704,+0.939
1666258500,+3.48,+15.761, +8.716,+0.939
1666258560,+3.48,+15.761, +8.720,+0.940
1666258620,+3.48,+15.761, +8.699,+0.940
1666258680,+3.48,+15.778, +8.706,+0.939
1666258740,+3.48,+15.787, +8.778,+0.940
1666258800,+3.48,+15.778, +8.871,+0.940
1666258860,+3.48,+15.804, +8.861,+0.939
1666258920,+3.48,+15.813, +8.827,+0.939
1666258980,+3.48,+15.821, +8.849,+0.940
1666259040,+3.48,+15.804, +8.855,+0.939
1666259100,+3.48,+15.813, +8.895,+0.940
1666259160,+3.48,+15.821, +8.899,+0.939
1666259220,+3.48,+15.838, +8.974,+0.940
1666259280,+3.48,+15.838, +9.019,+0.939
1666259340,+3.48,+15.838, +9.043,+0.940
1666259400,+3.48,+15.847, +8.986,+0.939
1666259460,+3.48,+15.855, +8.853,+0.939
1666259520,+3.48,+15.855, +8.768,+0.939
1666259580,+3.48,+15.838, +8.716,+0.939
1666259640,+3.48,+15.872, +8.699,+0.940
1666259700,+3.48,+15.872, +8.694,+0.940
1666259760,+3.48,+15.881, +8.732,+0.940
1666259820,+3.48,+15.872, +8.766,+0.940
1666259880,+3.48,+15.855, +8.745,+0.939
1666259940,+3.48,+15.872, +8.778,+0.940
1666260000,+3.48,+15.872, +8.891,+0.940
1666260060,+3.48,+15.890, +8.872,+0.940
1666260120,+3.48,+15.890, +8.882,+0.940
1666260180,+3.48,+15.907, +8.880,+0.940
1666260240,+3.48,+15.907, +8.845,+0.939
1666260300,+3.48,+15.915, +8.879,+0.939
1666260360,+3.48,+15.941, +8.885,+0.940
1666260420,+3.48,+15.941, +8.861,+0.939
1666260480,+3.47,+15.924, +8.776,+0.939
1666260540,+3.47,+15.907, +8.699,+0.940
1666260600,+3.48,+15.941, +8.692,+0.939
1666260660,+3.48,+15.941, +8.700,+0.939
1666260720,+3.48,+15.949, +8.633,+0.939
1666260780,+3.48,+15.924, +8.670,+0.939
1666260840,+3.48,+15.932, +8.667,+0.939
1666260900,+3.48,+15.949, +8.641,+0.939
1666260960,+3.48,+15.941, +8.649,+0.939
1666261020,+3.48,+15.941, +8.646,+0.939
1666261080,+3.47,+15.932, +8.572,+0.939
1666261140,+3.48,+15.941, +8.545,+0.939
1666261200,+3.48,+15.941, +8.525,+0.939
1666261260,+3.48,+15.966, +8.477,+0.939
1666261320,+3.48,+15.975, +8.381,+0.939
1666261380,+3.47,+16.001, +8.310,+0.939
1666261440,+3.47,+16.035, +8.482,+0.939
1666261500,+3.47,+16.018, +8.565,+0.939
1666261560,+3.47,+16.052, +8.512,+0.939
1666261620,+3.47,+16.043, +8.406,+0.939
1666261680,+3.47,+16.060, +8.538,+0.939
1666261740,+3.47,+16.112, +8.723,+0.940
1666261800,+3.47,+16.154, +8.819,+0.939
1666261860,+3.47,+16.137, +8.947,+0.939
1666261920,+3.47,+16.171, +8.824,+0.939
1666261980,+3.47,+16.154, +8.707,+0.940
1666262040,+3.47,+16.146, +8.693,+0.939
1666262100,+3.47,+16.137, +8.663,+0.939
1666262160,+3.47,+16.137, +8.555,+0.939
1666262220,+3.47,+16.171, +8.554,+0.939
1666262280,+3.47,+16.129, +8.592,+0.939
1666262340,+3.47,+16.129, +8.558,+0.939
1666262400,+3.47,+16.129, +8.594,+0.939
1666262460,+3.47,+16.154, +8.546,+0.939
1666262520,+3.47,+16.163, +8.495,+0.939
1666262580,+3.47,+16.137, +8.445,+0.939
1666262640,+3.47,+16.163, +8.363,+0.939
1666262700,+3.47,+16.120, +8.451,+0.939
1666262760,+3.47,+16.137, +8.514,+0.939
1666262820,+3.47,+16.137, +8.531,+0.939
1666262880,+3.47,+16.120, +8.536,+0.939
1666262940,+3.47,+16.154, +8.586,+0.939
1666263000,+3.47,+16.154, +8.605,+0.940
1666263060,+3.47,+16.154, +8.608,+0.939
1666263120,+3.47,+16.163, +8.614,+0.939
1666263180,+3.47,+16.163, +8.604,+0.939
1666263240,+3.47,+16.188, +8.552,+0.939
1666263300,+3.47,+16.188, +8.471,+0.939
1666263360,+3.47,+16.180, +8.630,+0.940
1666263420,+3.47,+16.188, +8.776,+0.939
1666263480,+3.47,+16.205, +8.800,+0.939
1666263540,+3.47,+16.197, +8.783,+0.939
1666263600,+3.47,+16.222, +8.675,+0.939
1666263660,+3.47,+16.222, +8.649,+0.939
1666263720,+3.47,+16.214, +8.638,+0.939
1666263780,+3.47,+16.205, +8.585,+0.939
1666263840,+3.47,+16.222, +8.619,+0.939
1666263900,+3.47,+16.205, +8.686,+0.939
1666263960,+3.47,+16.214, +8.798,+0.940
1666264020,+3.47,+16.205, +8.950,+0.940
1666264080,+3.47,+16.197, +8.962,+0.940
1666264140,+3.47,+16.214, +8.967,+0.939
1666264200,+3.47,+16.197, +8.937,+0.940
1666264260,+3.47,+16.180, +8.969,+0.940
1666264320,+3.47,+16.188, +8.964,+0.940
1666264380,+3.47,+16.180, +8.893,+0.940
1666264440,+3.47,+16.180, +8.820,+0.939
1666264500,+3.47,+16.180, +8.768,+0.939
1666264560,+3.47,+16.171, +8.744,+0.939
1666264620,+3.47,+16.180, +8.729,+0.939
1666264680,+3.47,+16.171, +8.693,+0.939
1666264740,+3.47,+16.171, +8.627,+0.940
1666264800,+3.47,+16.180, +8.566,+0.940
1666264860,+3.47,+16.163, +8.471,+0.939
1666264920,+3.47,+16.163, +8.426,+0.939
1666264980,+3.47,+16.163, +8.435,+0.939
1666265040,+3.47,+16.154, +8.448,+0.939
1666265100,+3.47,+16.163, +8.446,+0.939
1666265160,+3.47,+16.171, +8.487,+0.939
1666265220,+3.47,+16.180, +8.581,+0.939
1666265280,+3.47,+16.163, +8.639,+0.940
1666265340,+3.47,+16.171, +8.648,+0.940
1666265400,+3.47,+16.163, +8.665,+0.939
1666265460,+3.47,+16.154, +8.709,+0.939
1666265520,+3.47,+16.171, +8.625,+0.939
1666265580,+3.47,+16.163, +8.565,+0.940
1666265640,+3.47,+16.180, +8.494,+0.939
1666265700,+3.47,+16.180, +8.727,+0.939
1666265760,+3.47,+16.171, +8.856,+0.939
1666265820,+3.47,+16.171, +8.793,+0.939
1666265880,+3.47,+16.180, +8.660,+0.940
1666265940,+3.47,+16.180, +8.705,+0.939
1666266000,+3.47,+16.171, +8.820,+0.940
1666266060,+3.47,+16.163, +8.753,+0.940
1666266120,+3.47,+16.188, +8.644,+0.939
1666266180,+3.47,+16.171, +8.623,+0.940
1666266240,+3.47,+16.163, +8.582,+0.939
1666266300,+3.47,+16.171, +8.754,+0.940
1666266360,+3.47,+16.171, +8.744,+0.939
1666266420,+3.47,+16.171, +8.629,+0.939
1666266480,+3.47,+16.163, +8.650,+0.939
1666266540,+3.47,+16.163, +8.731,+0.939
1666266600,+3.47,+16.180, +8.791,+0.939
1666266660,+3.47,+16.171, +8.802,+0.939
1666266720,+3.47,+16.163, +8.780,+0.939
1666266780,+3.47,+16.171, +8.815,+0.940
1666266840,+3.47,+16.154, +8.865,+0.939
1666266900,+3.47,+16.180, +8.839,+0.939
1666266960,+3.47,+16.188, +8.872,+0.939
1666267020,+3.47,+16.146, +8.813,+0.939
1666267080,+3.47,+16.180, +8.707,+0.939
1666267140,+3.47,+16.171, +8.664,+0.939
1666267200,+3.47,+16.171, +8.660,+0.939
1666267260,+3.47,+16.171, +8.291,+0.939
1666267320,+3.47,+16.171, +8.289,+0.939
1666267380,+3.47,+16.163, +8.278,+0.939
1666267440,+3.47,+16.205, +8.139,+0.939
1666267500,+3.47,+16.171, +7.961,+0.939
1666267560,+3.47,+16.188, +7.757,+0.939
1666267620,+3.47,+16.171, +7.713,+0.939
1666267680,+3.47,+16.180, +7.722,+0.939
1666267740,+3.47,+16.180, +7.800,+0.939
1666267800,+3.47,+16.197, +7.848,+0.939
1666267860,+3.47,+16.197, +7.932,+0.939
1666267920,+3.47,+16.188, +7.983,+0.939
1666267980,+3.47,+16.188, +7.965,+0.939
1666268040,+3.47,+16.205, +7.960,+0.939
1666268100,+3.47,+16.222, +8.017,+0.939
1666268160,+3.47,+16.197, +8.103,+0.939
1666268220,+3.47,+16.214, +8.163,+0.939
1666268280,+3.47,+16.214, +8.264,+0.939
1666268340,+3.47,+16.205, +8.359,+0.939
1666268400,+3.47,+16.205, +8.364,+0.939
1666268460,+3.47,+16.197, +8.347,+0.939
1666268520,+3.47,+16.188, +8.344,+0.939
1666268580,+3.47,+16.171, +8.313,+0.939
1666268640,+3.47,+16.137, +8.314,+0.939
1666268700,+3.47,+16.146, +8.328,+0.939
1666268760,+3.47,+16.137, +8.350,+0.939
1666268820,+3.47,+16.137, +8.351,+0.939
1666268880,+3.47,+16.146, +8.305,+0.939
1666268940,+3.47,+16.146, +8.335,+0.939
1666269000,+3.47,+16.120, +8.397,+0.939
1666269060,+3.47,+16.129, +8.415,+0.939
1666269120,+3.47,+16.137, +8.554,+0.939
1666269180,+3.47,+16.094, +8.574,+0.939
1666269240,+3.47,+16.120, +8.513,+0.939
1666269300,+3.47,+16.129, +8.582,+0.939
1666269360,+3.47,+16.129, +8.620,+0.939
1666269420,+3.47,+16.137, +8.657,+0.940
1666269480,+3.47,+16.146, +8.673,+0.939
1666269540,+3.47,+16.129, +8.658,+0.939
1666269600,+3.47,+16.154, +8.601,+0.939
1666269660,+3.47,+16.154, +8.571,+0.940
1666269720,+3.47,+16.154, +8.846,+0.939
1666269780,+3.47,+16.180, +8.826,+0.939
1666269840,+3.47,+16.197, +8.721,+0.939
1666269900,+3.47,+16.163, +8.627,+0.939
1666269960,+3.47,+16.205, +8.601,+0.939
1666270020,+3.47,+16.197, +8.593,+0.940
1666270080,+3.47,+16.197, +8.597,+0.940
1666270140,+3.47,+16.197, +8.552,+0.940
1666270200,+3.47,+16.214, +8.547,+0.939
1666270260,+3.47,+16.197, +8.607,+0.939
1666270320,+3.47,+16.214, +8.585,+0.939
1666270380,+3.47,+16.214, +8.498,+0.939
1666270440,+3.47,+16.231, +8.492,+0.939
1666270500,+3.47,+16.214, +8.490,+0.939
1666270560,+3.47,+16.214, +8.528,+0.939
1666270620,+3.47,+16.231, +8.547,+0.939
1666270680,+3.47,+16.222, +8.549,+0.939
1666270740,+3.47,+16.214, +8.514,+0.939
1666270800,+3.47,+16.239, +8.454,+0.939
1666270860,+3.47,+16.222, +8.446,+0.939
1666270920,+3.47,+16.205, +8.405,+0.939
1666270980,+3.47,+16.231, +8.404,+0.939
1666271040,+3.47,+16.205, +8.330,+0.939
1666271100,+3.47,+16.239, +8.190,+0.939
1666271160,+3.47,+16.222, +8.159,+0.939
1666271220,+3.47,+16.214, +8.141,+0.939
1666271280,+3.47,+16.214, +8.144,+0.939
1666271340,+3.47,+16.231, +8.263,+0.939
1666271400,+3.47,+16.222, +8.383,+0.939
1666271460,+3.47,+16.214, +8.520,+0.939
1666271520,+3.47,+16.239, +8.519,+0.939
1666271580,+3.47,+16.231, +8.617,+0.939
1666271640,+3.47,+16.222, +8.663,+0.939
1666271700,+3.47,+16.231, +8.706,+0.939
1666271760,+3.47,+16.256, +8.634,+0.939
1666271820,+3.47,+16.239, +8.629,+0.939
1666271880,+3.47,+16.222, +8.637,+0.939
1666271940,+3.47,+16.222, +8.610,+0.939
1666272000,+3.47,+16.239, +8.526,+0.939
1666272060,+3.47,+16.239, +8.526,+0.939
1666272120,+3.47,+16.239, +8.548,+0.939
1666272180,+3.47,+16.265, +8.597,+0.939
1666272240,+3.47,+16.239, +8.580,+0.939
1666272300,+3.47,+16.231, +8.629,+0.939
1666272360,+3.47,+16.248, +8.648,+0.939
1666272420,+3.47,+16.222, +8.677,+0.939
1666272480,+3.47,+16.222, +8.697,+0.940
1666272540,+3.47,+16.239, +8.674,+0.939
1666272600,+3.47,+16.248, +8.573,+0.939
1666272660,+3.47,+16.239, +8.524,+0.939
1666272720,+3.47,+16.256, +8.420,+0.939
1666272780,+3.47,+16.239, +8.405,+0.939
1666272840,+3.47,+16.265, +8.366,+0.939
1666272900,+3.47,+16.248, +8.614,+0.939
1666272960,+3.47,+16.231, +8.880,+0.939
1666273020,+3.47,+16.239, +8.789,+0.940
1666273080,+3.47,+16.239, +8.660,+0.939
1666273140,+3.47,+16.239, +8.576,+0.939
1666273200,+3.47,+16.214, +8.559,+0.939
1666273260,+3.47,+16.222, +8.569,+0.939
1666273320,+3.47,+16.222, +8.571,+0.939
1666273380,+3.47,+16.205, +8.531,+0.939
1666273440,+3.47,+16.214, +8.472,+0.939
1666273500,+3.47,+16.231, +8.430,+0.939
1666273560,+3.47,+16.248, +8.491,+0.939
1666273620,+3.47,+16.248, +8.541,+0.940
1666273680,+3.47,+16.248, +8.567,+0.939
1666273740,+3.47,+16.248, +8.547,+0.939
1666273800,+3.47,+16.248, +8.552,+0.939
1666273860,+3.47,+16.256, +8.576,+0.939
1666273920,+3.47,+16.256, +8.546,+0.939
1666273980,+3.47,+16.248, +8.553,+0.939
1666274040,+3.47,+16.265, +8.549,+0.939
1666274100,+3.47,+16.256, +8.532,+0.939
1666274160,+3.47,+16.274, +8.530,+0.939
1666274220,+3.47,+16.265, +8.502,+0.939
1666274280,+3.47,+16.274, +8.551,+0.939
1666274340,+3.47,+16.274, +8.582,+0.939
1666274400,+3.47,+16.256, +8.645,+0.939
1666274460,+3.47,+16.291, +8.638,+0.939
1666274520,+3.47,+16.282, +8.610,+0.939
1666274580,+3.47,+16.282, +8.561,+0.940
1666274640,+3.47,+16.282, +8.549,+0.939
1666274700,+3.47,+16.282, +8.551,+0.939
1666274760,+3.47,+16.299, +8.566,+0.940
1666274820,+3.47,+16.274, +8.542,+0.939
1666274880,+3.47,+16.282, +8.538,+0.939
1666274940,+3.47,+16.282, +8.584,+0.940
1666275000,+3.47,+16.256, +8.834,+0.939
1666275060,+3.47,+16.282, +8.735,+0.940
1666275120,+3.47,+16.282, +8.599,+0.940
1666275180,+3.47,+16.274, +8.522,+0.939
1666275240,+3.47,+16.265, +8.562,+0.939
1666275300,+3.47,+16.291, +8.571,+0.939
1666275360,+3.47,+16.274, +8.566,+0.939
1666275420,+3.47,+16.282, +8.627,+0.939
1666275480,+3.47,+16.299, +8.615,+0.940
1666275540,+3.47,+16.316, +8.581,+0.939
1666275600,+3.47,+16.308, +8.520,+0.940
1666275660,+3.47,+16.308, +8.505,+0.939
1666275720,+3.47,+16.316, +8.569,+0.939
1666275780,+3.47,+16.333, +8.757,+0.939
1666275840,+3.47,+16.325, +8.735,+0.939
1666275900,+3.47,+16.325, +8.660,+0.940
1666275960,+3.47,+16.342, +8.595,+0.939
1666276020,+3.47,+16.359, +8.557,+0.940
1666276080,+3.47,+16.359, +8.575,+0.939
1666276140,+3.47,+16.367, +8.558,+0.939
1666276200,+3.47,+16.325, +8.521,+0.939
1666276260,+3.47,+16.359, +8.523,+0.939
1666276320,+3.47,+16.342, +8.549,+0.939
1666276380,+3.47,+16.350, +8.554,+0.939
1666276440,+3.47,+16.350, +8.554,+0.940
1666276500,+3.47,+16.342, +8.544,+0.939
1666276560,+3.47,+16.333, +8.555,+0.939
1666276620,+3.47,+16.367, +8.484,+0.939
1666276680,+3.47,+16.333, +8.494,+0.939
1666276740,+3.47,+16.325, +8.484,+0.939
1666276800,+3.47,+16.333, +8.517,+0.939
1666276860,+3.47,+16.308, +8.556,+0.939
1666276920,+3.47,+16.291, +8.590,+0.939
1666276980,+3.47,+16.316, +8.487,+0.939
1666277040,+3.47,+16.291, +8.461,+0.939
1666277100,+3.47,+16.282, +8.475,+0.939
1666277160,+3.47,+16.274, +8.552,+0.939
1666277220,+3.47,+16.265, +8.632,+0.939
1666277280,+3.47,+16.248, +8.643,+0.939
1666277340,+3.47,+16.239, +8.723,+0.940
1666277400,+3.47,+16.239, +8.721,+0.939
1666277460,+3.47,+16.214, +8.786,+0.940
1666277520,+3.47,+16.205, +8.779,+0.939
1666277580,+3.47,+16.205, +8.749,+0.940
1666277640,+3.47,+16.197, +8.743,+0.939
1666277700,+3.47,+16.180, +8.755,+0.939
1666277760,+3.47,+16.154, +8.815,+0.940
1666277820,+3.47,+16.171, +8.845,+0.939
1666277880,+3.47,+16.163, +8.843,+0.940
1666277940,+3.47,+16.154, +8.804,+0.939
1666278000,+3.47,+16.154, +8.818,+0.940
1666278060,+3.47,+16.154, +8.549,+0.939
1666278120,+3.47,+16.146, +8.798,+0.940
1666278180,+3.47,+16.154, +8.857,+0.940
1666278240,+3.47,+16.129, +9.032,+0.939
1666278300,+3.47,+16.129, +9.025,+0.939
1666278360,+3.47,+16.146, +9.003,+0.939
1666278420,+3.47,+16.120, +9.053,+0.939
1666278480,+3.47,+16.146, +9.029,+0.940
1666278540,+3.47,+16.129, +9.007,+0.940
1666278600,+3.47,+16.120, +9.038,+0.939
1666278660,+3.47,+16.103, +9.082,+0.939
1666278720,+3.47,+16.103, +9.071,+0.939
1666278780,+3.47,+16.112, +9.076,+0.939
1666278840,+3.47,+16.103, +9.057,+0.939
1666278900,+3.47,+16.103, +9.067,+0.940
1666278960,+3.47,+16.094, +9.090,+0.939
1666279020,+3.47,+16.094, +9.141,+0.940
1666279080,+3.47,+16.103, +9.145,+0.939
1666279140,+3.47,+16.086, +9.133,+0.939
1666279200,+3.47,+16.094, +9.117,+0.940
1666279260,+3.47,+16.094, +9.100,+0.940
1666279320,+3.47,+16.086, +9.092,+0.939
1666279380,+3.47,+16.094, +9.105,+0.940
1666279440,+3.47,+16.086, +9.157,+0.940
1666279500,+3.47,+16.103, +9.164,+0.940
1666279560,+3.47,+16.086, +9.244,+0.940
1666279620,+3.47,+16.060, +9.268,+0.939
1666279680,+3.47,+16.060, +9.251,+0.940
1666279740,+3.47,+16.060, +9.317,+0.940
1666279800,+3.47,+16.035, +9.364,+0.940
1666279860,+3.47,+16.060, +9.357,+0.940
1666279920,+3.47,+16.052, +9.434,+0.940
1666279980,+3.47,+16.052, +9.494,+0.940
1666280040,+3.47,+16.086, +9.383,+0.940
1666280100,+3.47,+16.094, +9.364,+0.940
1666280160,+3.47,+16.112, +9.345,+0.940
1666280220,+3.47,+16.120, +9.352,+0.940
1666280280,+3.47,+16.120, +9.350,+0.939
1666280340,+3.47,+16.137, +9.459,+0.940
1666280400,+3.47,+16.163, +9.490,+0.940
1666280460,+3.47,+16.137, +9.453,+0.940
1666280520,+3.47,+16.146, +9.407,+0.940
1666280580,+3.47,+16.197, +9.395,+0.940
1666280640,+3.47,+16.214, +9.384,+0.940
1666280700,+3.47,+16.282, +9.430,+0.940
1666280760,+3.47,+16.333, +9.446,+0.940
1666280820,+3.47,+16.359, +9.466,+0.940
1666280880,+3.47,+16.376, +9.491,+0.940
1666280940,+3.47,+16.384, +9.467,+0.940
1666281000,+3.47,+16.342, +9.449,+0.939
1666281060,+3.47,+16.308, +9.514,+0.940
1666281120,+3.47,+16.316, +9.511,+0.940
1666281180,+3.47,+16.350, +9.507,+0.940
1666281240,+3.47,+16.393, +9.538,+0.940
1666281300,+3.47,+16.427, +9.565,+0.940
1666281360,+3.47,+16.452, +9.552,+0.940
1666281420,+3.47,+16.452, +9.553,+0.940
1666281480,+3.47,+16.461, +9.578,+0.940
1666281540,+3.47,+16.469, +9.595,+0.940
1666281600,+3.47,+16.486, +9.599,+0.940
1666281660,+3.47,+16.495, +9.624,+0.940
1666281720,+3.47,+16.495, +9.638,+0.940
1666281780,+3.47,+16.495, +9.637,+0.940
1666281840,+3.47,+16.503, +9.647,+0.940
1666281900,+3.47,+16.495, +9.648,+0.940
1666281960,+3.47,+16.495, +9.636,+0.940
1666282020,+3.47,+16.469, +9.665,+0.940
1666282080,+3.47,+16.435, +9.684,+0.939
1666282140,+3.47,+16.444, +9.685,+0.940
1666282200,+3.47,+16.435, +9.711,+0.941
1666282260,+3.47,+16.444, +9.704,+0.940
1666282320,+3.47,+16.418, +9.700,+0.940
1666282380,+3.47,+16.444, +9.690,+0.940
1666282440,+3.47,+16.418, +9.694,+0.940
1666282500,+3.47,+16.427, +9.703,+0.940
1666282560,+3.47,+16.418, +9.724,+0.940
1666282620,+3.47,+16.401, +9.704,+0.940
1666282680,+3.47,+16.359, +9.728,+0.940
1666282740,+3.47,+16.359, +9.703,+0.940
1666282800,+3.47,+16.333, +9.725,+0.940
1666282860,+3.47,+16.308, +9.734,+0.940
1666282920,+3.47,+16.316, +9.744,+0.940
1666282980,+3.47,+16.350, +9.748,+0.940
1666283040,+3.47,+16.367, +9.746,+0.940
1666283100,+3.47,+16.410, +9.718,+0.940
1666283160,+3.47,+16.401, +9.762,+0.940
1666283220,+3.47,+16.435, +9.765,+0.941
1666283280,+3.47,+16.435, +9.755,+0.940
1666283340,+3.47,+16.444, +9.776,+0.940
1666283400,+3.47,+16.469, +9.758,+0.940
1666283460,+3.47,+16.486, +9.762,+0.940
1666283520,+3.47,+16.503, +9.793,+0.940
1666283580,+3.47,+16.520, +9.775,+0.940
1666283640,+3.47,+16.495, +9.808,+0.940
1666283700,+3.47,+16.495, +9.804,+0.940
1666283760,+3.47,+16.478, +9.810,+0.940
1666283820,+3.47,+16.495, +9.787,+0.940
1666283880,+3.47,+16.503, +9.777,+0.940
1666283940,+3.47,+16.512, +9.761,+0.940
1666284000,+3.47,+16.512, +9.744,+0.940
1666284060,+3.47,+16.478, +9.746,+0.940
1666284120,+3.47,+16.478, +9.748,+0.940
1666284180,+3.47,+16.478, +9.725,+0.940
1666284240,+3.47,+16.486, +9.718,+0.940
1666284300,+3.47,+16.452, +9.712,+0.940
1666284360,+3.47,+16.435, +9.710,+0.940
1666284420,+3.47,+16.461, +9.739,+0.940
1666284480,+3.47,+16.478, +9.745,+0.940
1666284540,+3.47,+16.478, +9.758,+0.940
1666284600,+3.47,+16.486, +9.755,+0.940
