7450-364333
OS REV: 1.05 Sensor Cal: 1644948279
Time (sec),  BV (Volts),  T (deg C),  DO (mg/l),  Q ()
1664124660,+3.48,+18.979, +9.808,+0.947
1664124720,+3.48,+18.987, +9.799,+0.946
1664124780,+3.48,+18.971, +9.800,+0.947
1664124840,+3.48,+18.996, +9.768,+0.946
1664124900,+3.48,+19.004, +9.838,+0.946
1664124960,+3.48,+19.013, +9.968,+0.947
1664125020,+3.48,+19.004,+10.078,+0.947
1664125080,+3.48,+19.013,+10.019,+0.946
1664125140,+3.48,+19.013, +9.967,+0.947
1664125200,+3.48,+19.013,+10.007,+0.947
1664125260,+3.48,+19.013, +9.980,+0.947
1664125320,+3.48,+19.021, +9.974,+0.947
1664125380,+3.48,+19.013,+10.016,+0.947
1664125440,+3.48,+19.029,+10.010,+0.947
1664125500,+3.48,+19.013,+10.009,+0.946
1664125560,+3.48,+19.013,+10.039,+0.947
1664125620,+3.48,+19.046,+10.011,+0.947
1664125680,+3.48,+19.029,+10.013,+0.947
1664125740,+3.48,+19.046, +9.961,+0.947
1664125800,+3.49,+19.046, +9.885,+0.946
1664125860,+3.48,+19.029, +9.897,+0.947
1664125920,+3.48,+19.038, +9.878,+0.946
1664125980,+3.49,+19.046, +9.858,+0.946
1664126040,+3.48,+19.038, +9.845,+0.947
1664126100,+3.48,+19.046, +9.800,+0.946
1664126160,+3.48,+19.055, +9.778,+0.947
1664126220,+3.48,+19.046, +9.764,+0.947
1664126280,+3.48,+19.063, +9.712,+0.947
1664126340,+3.48,+19.063, +9.589,+0.946
1664126400,+3.48,+19.080, +9.545,+0.946
1664126460,+3.48,+19.080, +9.516,+0.946
1664126520,+3.48,+19.113, +9.471,+0.946
1664126580,+3.48,+19.080, +9.496,+0.946
1664126640,+3.48,+19.097, +9.478,+0.946
1664126700,+3.48,+19.088, +9.506,+0.947
1664126760,+3.48,+19.097, +9.472,+0.946
1664126820,+3.48,+19.088, +9.502,+0.946
1664126880,+3.48,+19.080, +9.532,+0.946
1664126940,+3.48,+19.105, +9.515,+0.946
1664127000,+3.48,+19.097, +9.510,+0.946
1664127060,+3.48,+19.113, +9.485,+0.946
1664127120,+3.48,+19.097, +9.503,+0.946
1664127180,+3.48,+19.113, +9.453,+0.946
1664127240,+3.48,+19.122, +9.477,+0.947
1664127300,+3.48,+19.105, +9.485,+0.945
1664127360,+3.48,+19.122, +9.455,+0.946
1664127420,+3.48,+19.097, +9.470,+0.946
1664127480,+3.48,+19.113, +9.510,+0.946
1664127540,+3.49,+19.113, +9.500,+0.946
1664127600,+3.48,+19.105, +9.520,+0.946
1664127660,+3.48,+19.097, +9.521,+0.946
1664127720,+3.48,+19.122, +9.551,+0.946
1664127780,+3.48,+19.113, +9.649,+0.946
1664127840,+3.48,+19.122, +9.627,+0.947
1664127900,+3.48,+19.122, +9.643,+0.946
1664127960,+3.48,+19.113, +9.635,+0.946
1664128020,+3.48,+19.122, +9.631,+0.946
1664128080,+3.48,+19.105, +9.645,+0.946
1664128140,+3.48,+19.122, +9.646,+0.946
1664128200,+3.48,+19.122, +9.700,+0.947
1664128260,+3.48,+19.122, +9.728,+0.947
1664128320,+3.48,+19.139, +9.743,+0.946
1664128380,+3.48,+19.130, +9.750,+0.946
1664128440,+3.48,+19.139, +9.757,+0.947
1664128500,+3.48,+19.139, +9.738,+0.946
1664128560,+3.48,+19.130, +9.759,+0.946
1664128620,+3.48,+19.147, +9.773,+0.947
1664128680,+3.48,+19.172, +9.776,+0.947
1664128740,+3.48,+19.172, +9.794,+0.946
1664128800,+3.48,+19.197, +9.960,+0.947
1664128860,+3.48,+19.214,+10.161,+0.946
1664128920,+3.48,+19.256,+10.216,+0.947
1664128980,+3.48,+19.239,+10.216,+0.947
1664129040,+3.48,+19.206, +9.948,+0.946
1664129100,+3.48,+19.181, +9.940,+0.947
1664129160,+3.48,+19.181, +9.824,+0.946
1664129220,+3.48,+19.172, +9.774,+0.946
1664129280,+3.48,+19.130, +9.784,+0.946
1664129340,+3.48,+19.130, +9.781,+0.946
1664129400,+3.48,+19.172, +9.818,+0.946
1664129460,+3.48,+19.155, +9.809,+0.946
1664129520,+3.48,+19.139, +9.797,+0.946
1664129580,+3.48,+19.155, +9.849,+0.946
1664129640,+3.48,+19.155, +9.809,+0.947
1664129700,+3.48,+19.155, +9.792,+0.947
1664129760,+3.48,+19.172, +9.869,+0.947
1664129820,+3.48,+19.189,+10.001,+0.947
1664129880,+3.48,+19.197,+10.021,+0.947
1664129940,+3.48,+19.214, +9.980,+0.947
1664130000,+3.48,+19.189, +9.852,+0.946
1664130060,+3.48,+19.189,+10.040,+0.947
1664130120,+3.48,+19.214,+10.063,+0.947
1664130180,+3.48,+19.214, +9.964,+0.946
1664130240,+3.48,+19.206, +9.965,+0.947
1664130300,+3.48,+19.206, +9.909,+0.946
1664130360,+3.48,+19.189, +9.859,+0.947
1664130420,+3.48,+19.189, +9.848,+0.946
1664130480,+3.48,+19.197, +9.936,+0.947
1664130540,+3.48,+19.172, +9.786,+0.946
1664130600,+3.48,+19.164, +9.697,+0.946
1664130660,+3.48,+19.139, +9.732,+0.946
1664130720,+3.48,+19.147, +9.796,+0.946
1664130780,+3.48,+19.147, +9.780,+0.946
1664130840,+3.48,+19.139, +9.764,+0.946
1664130900,+3.48,+19.139, +9.810,+0.946
1664130960,+3.48,+19.147, +9.842,+0.947
1664131020,+3.48,+19.164, +9.862,+0.947
1664131080,+3.48,+19.155, +9.902,+0.947
1664131140,+3.48,+19.155, +9.847,+0.947
1664131200,+3.48,+19.155, +9.870,+0.947
1664131260,+3.48,+19.155, +9.929,+0.947
1664131320,+3.48,+19.147, +9.937,+0.946
1664131380,+3.48,+19.172, +9.966,+0.947
1664131440,+3.48,+19.181, +9.957,+0.947
1664131500,+3.48,+19.189, +9.998,+0.947
1664131560,+3.48,+19.189,+10.023,+0.947
1664131620,+3.48,+19.197,+10.068,+0.947
1664131680,+3.48,+19.214,+10.103,+0.947
1664131740,+3.48,+19.248,+10.079,+0.947
1664131800,+3.48,+19.223,+10.085,+0.947
1664131860,+3.48,+19.231,+10.092,+0.946
1664131920,+3.48,+19.239,+10.069,+0.947
1664131980,+3.48,+19.223,+10.041,+0.947
1664132040,+3.48,+19.197,+10.042,+0.947
1664132100,+3.48,+19.214,+10.054,+0.947
1664132160,+3.48,+19.197,+10.025,+0.947
1664132220,+3.48,+19.197,+10.021,+0.947
1664132280,+3.48,+19.189,+10.033,+0.947
1664132340,+3.49,+19.197,+10.042,+0.946
1664132400,+3.48,+19.197,+10.053,+0.947
1664132460,+3.48,+19.172,+10.065,+0.947
1664132520,+3.48,+19.181,+10.061,+0.946
1664132580,+3.48,+19.172,+10.087,+0.947
1664132640,+3.48,+19.164,+10.108,+0.947
1664132700,+3.48,+19.155,+10.078,+0.946
1664132760,+3.48,+19.164,+10.100,+0.946
1664132820,+3.48,+19.164,+10.129,+0.947
1664132880,+3.48,+19.164,+10.119,+0.946
1664132940,+3.48,+19.164,+10.156,+0.947
1664133000,+3.48,+19.172,+10.174,+0.947
1664133060,+3.48,+19.164,+10.102,+0.947
1664133120,+3.48,+19.155,+10.162,+0.947
1664133180,+3.48,+19.139,+10.241,+0.947
1664133240,+3.49,+19.172,+10.231,+0.947
1664133300,+3.49,+19.164,+10.221,+0.947
1664133360,+3.48,+19.172,+10.238,+0.947
1664133420,+3.49,+19.164,+10.204,+0.947
1664133480,+3.48,+19.189,+10.257,+0.947
1664133540,+3.48,+19.189,+10.254,+0.947
1664133600,+3.48,+19.181,+10.254,+0.947
1664133660,+3.48,+19.206,+10.283,+0.947
1664133720,+3.49,+19.214,+10.300,+0.947
1664133780,+3.48,+19.231,+10.331,+0.947
1664133840,+3.48,+19.231,+10.338,+0.947
1664133900,+3.48,+19.231,+10.368,+0.947
1664133960,+3.48,+19.273,+10.354,+0.947
1664134020,+3.48,+19.256,+10.358,+0.947
1664134080,+3.48,+19.256,+10.366,+0.947
1664134140,+3.48,+19.256,+10.357,+0.947
1664134200,+3.48,+19.265,+10.332,+0.947
1664134260,+3.48,+19.256,+10.286,+0.946
1664134320,+3.48,+19.273,+10.314,+0.947
1664134380,+3.48,+19.265,+10.322,+0.947
1664134440,+3.48,+19.256,+10.303,+0.946
1664134500,+3.48,+19.290,+10.288,+0.947
1664134560,+3.48,+19.273,+10.300,+0.947
1664134620,+3.48,+19.273,+10.285,+0.947
1664134680,+3.48,+19.273,+10.306,+0.947
1664134740,+3.48,+19.290,+10.302,+0.947
1664134800,+3.48,+19.265,+10.325,+0.947
1664134860,+3.48,+19.265,+10.347,+0.947
1664134920,+3.48,+19.290,+10.332,+0.947
1664134980,+3.48,+19.281,+10.359,+0.947
1664135040,+3.48,+19.273,+10.378,+0.947
1664135100,+3.48,+19.306,+10.400,+0.947
1664135160,+3.48,+19.315,+10.375,+0.946
1664135220,+3.48,+19.290,+10.422,+0.947
1664135280,+3.48,+19.298,+10.416,+0.947
1664135340,+3.48,+19.298,+10.393,+0.947
1664135400,+3.48,+19.315,+10.418,+0.947
1664135460,+3.48,+19.315,+10.409,+0.947
1664135520,+3.48,+19.298,+10.407,+0.947
1664135580,+3.48,+19.315,+10.404,+0.947
1664135640,+3.48,+19.323,+10.420,+0.947
1664135700,+3.48,+19.332,+10.434,+0.947
1664135760,+3.48,+19.340,+10.410,+0.947
1664135820,+3.48,+19.340,+10.461,+0.947
1664135880,+3.48,+19.332,+10.463,+0.947
1664135940,+3.48,+19.323,+10.440,+0.947
1664136000,+3.48,+19.340,+10.446,+0.947
1664136060,+3.48,+19.357,+10.439,+0.947
1664136120,+3.48,+19.340,+10.444,+0.947
1664136180,+3.48,+19.340,+10.452,+0.947
1664136240,+3.48,+19.340,+10.460,+0.947
1664136300,+3.48,+19.348,+10.464,+0.947
1664136360,+3.48,+19.357,+10.464,+0.947
1664136420,+3.48,+19.323,+10.518,+0.947
1664136480,+3.48,+19.315,+10.539,+0.947
1664136540,+3.48,+19.306,+10.559,+0.947
1664136600,+3.48,+19.340,+10.572,+0.948
1664136660,+3.48,+19.306,+10.585,+0.948
1664136720,+3.48,+19.323,+10.594,+0.947
1664136780,+3.48,+19.315,+10.628,+0.947
1664136840,+3.48,+19.315,+10.602,+0.947
1664136900,+3.48,+19.323,+10.628,+0.947
1664136960,+3.48,+19.323,+10.640,+0.947
1664137020,+3.48,+19.323,+10.645,+0.948
1664137080,+3.48,+19.306,+10.602,+0.947
1664137140,+3.48,+19.281,+10.573,+0.947
1664137200,+3.48,+19.298,+10.573,+0.947
1664137260,+3.48,+19.290,+10.591,+0.947
1664137320,+3.48,+19.298,+10.614,+0.947
1664137380,+3.48,+19.306,+10.627,+0.947
1664137440,+3.48,+19.298,+10.638,+0.948
1664137500,+3.48,+19.315,+10.610,+0.947
1664137560,+3.48,+19.306,+10.623,+0.948
1664137620,+3.48,+19.298,+10.606,+0.947
1664137680,+3.48,+19.290,+10.627,+0.947
1664137740,+3.48,+19.298,+10.628,+0.947
1664137800,+3.48,+19.298,+10.629,+0.947
1664137860,+3.48,+19.298,+10.652,+0.947
1664137920,+3.48,+19.306,+10.674,+0.947
1664137980,+3.48,+19.340,+10.691,+0.948
1664138040,+3.48,+19.306,+10.682,+0.947
1664138100,+3.48,+19.315,+10.697,+0.947
1664138160,+3.48,+19.332,+10.688,+0.947
1664138220,+3.48,+19.323,+10.683,+0.947
1664138280,+3.48,+19.315,+10.680,+0.947
1664138340,+3.48,+19.306,+10.678,+0.947
1664138400,+3.48,+19.298,+10.681,+0.947
1664138460,+3.48,+19.298,+10.703,+0.948
1664138520,+3.48,+19.298,+10.668,+0.948
1664138580,+3.48,+19.298,+10.673,+0.948
1664138640,+3.48,+19.290,+10.678,+0.947
1664138700,+3.48,+19.315,+10.674,+0.947
1664138760,+3.48,+19.306,+10.657,+0.947
1664138820,+3.48,+19.306,+10.647,+0.947
1664138880,+3.48,+19.290,+10.686,+0.947
1664138940,+3.48,+19.290,+10.594,+0.948
1664139000,+3.48,+19.306,+10.463,+0.947
1664139060,+3.48,+19.281,+10.548,+0.947
1664139120,+3.48,+19.290,+10.417,+0.947
1664139180,+3.48,+19.290,+10.333,+0.947
1664139240,+3.49,+19.265,+10.301,+0.947
1664139300,+3.48,+19.265,+10.268,+0.947
1664139360,+3.48,+19.265,+10.262,+0.947
1664139420,+3.48,+19.231,+10.279,+0.947
1664139480,+3.49,+19.231,+10.179,+0.946
1664139540,+3.49,+19.231,+10.233,+0.947
1664139600,+3.48,+19.223,+10.167,+0.947
1664139660,+3.48,+19.231,+10.128,+0.946
1664139720,+3.48,+19.231,+10.116,+0.947
1664139780,+3.49,+19.214,+10.124,+0.946
1664139840,+3.48,+19.223,+10.102,+0.947
1664139900,+3.49,+19.239,+10.096,+0.947
1664139960,+3.48,+19.239,+10.073,+0.947
1664140020,+3.49,+19.248,+10.056,+0.947
1664140080,+3.49,+19.239,+10.075,+0.947
1664140140,+3.48,+19.239,+10.048,+0.946
1664140200,+3.48,+19.248,+10.069,+0.947
1664140260,+3.48,+19.256,+10.068,+0.947
1664140320,+3.48,+19.256,+10.106,+0.947
1664140380,+3.48,+19.281,+10.072,+0.947
1664140440,+3.48,+19.265,+10.079,+0.947
1664140500,+3.48,+19.248,+10.069,+0.947
1664140560,+3.49,+19.273,+10.075,+0.947
1664140620,+3.48,+19.256,+10.071,+0.947
1664140680,+3.48,+19.273,+10.050,+0.947
1664140740,+3.48,+19.265,+10.038,+0.947
1664140800,+3.49,+19.273, +9.995,+0.946
1664140860,+3.48,+19.256,+10.011,+0.947
1664140920,+3.48,+19.256,+10.016,+0.947
1664140980,+3.48,+19.273,+10.081,+0.946
1664141040,+3.48,+19.248,+10.069,+0.946
1664141100,+3.48,+19.265,+10.044,+0.946
1664141160,+3.48,+19.256,+10.095,+0.947
1664141220,+3.48,+19.281,+10.032,+0.947
1664141280,+3.48,+19.239,+10.061,+0.946
1664141340,+3.48,+19.256,+10.079,+0.947
1664141400,+3.48,+19.273,+10.060,+0.947
1664141460,+3.48,+19.265,+10.067,+0.947
1664141520,+3.48,+19.239,+10.044,+0.947
1664141580,+3.48,+19.239,+10.048,+0.947
1664141640,+3.49,+19.248,+10.029,+0.947
1664141700,+3.49,+19.239, +9.997,+0.946
1664141760,+3.48,+19.231,+10.030,+0.947
1664141820,+3.48,+19.248,+10.020,+0.947
1664141880,+3.49,+19.248,+10.017,+0.946
1664141940,+3.48,+19.248,+10.007,+0.946
1664142000,+3.49,+19.248, +9.986,+0.947
1664142060,+3.49,+19.248, +9.975,+0.946
1664142120,+3.49,+19.223, +9.972,+0.946
1664142180,+3.49,+19.223, +9.967,+0.947
1664142240,+3.49,+19.231, +9.978,+0.947
1664142300,+3.49,+19.223, +9.975,+0.947
1664142360,+3.49,+19.197, +9.981,+0.947
1664142420,+3.49,+19.189, +9.983,+0.947
1664142480,+3.49,+19.189, +9.982,+0.947
1664142540,+3.49,+19.181, +9.990,+0.947
1664142600,+3.49,+19.181, +9.984,+0.947
1664142660,+3.49,+19.164, +9.997,+0.947
1664142720,+3.49,+19.172, +9.997,+0.946
1664142780,+3.49,+19.155, +9.999,+0.947
1664142840,+3.49,+19.147, +9.999,+0.947
1664142900,+3.49,+19.164, +9.986,+0.946
1664142960,+3.49,+19.130,+10.008,+0.947
1664143020,+3.49,+19.164, +9.989,+0.947
1664143080,+3.49,+19.164, +9.984,+0.947
1664143140,+3.49,+19.147, +9.987,+0.946
1664143200,+3.49,+19.139,+10.000,+0.947
1664143260,+3.49,+19.155, +9.979,+0.947
1664143320,+3.49,+19.147, +9.993,+0.947
1664143380,+3.49,+19.147, +9.991,+0.947
1664143440,+3.49,+19.164, +9.991,+0.946
1664143500,+3.48,+19.130,+10.004,+0.947
1664143560,+3.49,+19.164, +9.985,+0.946
1664143620,+3.49,+19.181,+10.002,+0.946
1664143680,+3.49,+19.164, +9.991,+0.946
1664143740,+3.49,+19.172,+10.001,+0.947
1664143800,+3.49,+19.164,+10.018,+0.947
1664143860,+3.49,+19.172,+10.026,+0.947
1664143920,+3.49,+19.164,+10.017,+0.947
1664143980,+3.49,+19.164,+10.021,+0.947
1664144040,+3.49,+19.172,+10.011,+0.946
1664144100,+3.49,+19.164,+10.035,+0.947
1664144160,+3.49,+19.189,+10.015,+0.947
1664144220,+3.49,+19.164,+10.040,+0.947
1664144280,+3.49,+19.181,+10.015,+0.946
1664144340,+3.49,+19.147,+10.017,+0.947
1664144400,+3.49,+19.181, +9.994,+0.947
1664144460,+3.49,+19.172, +9.966,+0.947
1664144520,+3.49,+19.172, +9.932,+0.947
1664144580,+3.49,+19.172, +9.907,+0.947
1664144640,+3.49,+19.172, +9.913,+0.947
1664144700,+3.49,+19.155, +9.898,+0.946
1664144760,+3.49,+19.139, +9.864,+0.947
1664144820,+3.49,+19.147, +9.913,+0.947
1664144880,+3.49,+19.130, +9.968,+0.947
1664144940,+3.49,+19.147, +9.897,+0.946
1664145000,+3.49,+19.122, +9.995,+0.947
1664145060,+3.49,+19.113, +9.982,+0.946
1664145120,+3.49,+19.130, +9.912,+0.946
1664145180,+3.49,+19.113, +9.995,+0.947
1664145240,+3.49,+19.122, +9.971,+0.946
1664145300,+3.49,+19.113, +9.972,+0.947
1664145360,+3.49,+19.139, +9.953,+0.946
1664145420,+3.49,+19.113, +9.926,+0.946
1664145480,+3.49,+19.105, +9.918,+0.946
1664145540,+3.49,+19.105, +9.962,+0.947
1664145600,+3.49,+19.097, +9.951,+0.946
1664145660,+3.49,+19.113, +9.962,+0.946
1664145720,+3.49,+19.097, +9.967,+0.947
1664145780,+3.49,+19.105, +9.957,+0.947
1664145840,+3.49,+19.105, +9.946,+0.947
1664145900,+3.49,+19.105, +9.911,+0.947
1664145960,+3.49,+19.071, +9.960,+0.947
1664146020,+3.49,+19.097, +9.945,+0.947
1664146080,+3.49,+19.097, +9.949,+0.946
1664146140,+3.49,+19.113, +9.954,+0.947
1664146200,+3.49,+19.113, +9.935,+0.946
1664146260,+3.49,+19.105, +9.967,+0.947
1664146320,+3.49,+19.097, +9.963,+0.947
1664146380,+3.49,+19.088, +9.956,+0.946
1664146440,+3.49,+19.105, +9.966,+0.947
1664146500,+3.49,+19.105, +9.952,+0.947
1664146560,+3.49,+19.105, +9.940,+0.947
1664146620,+3.49,+19.122, +9.923,+0.947
1664146680,+3.49,+19.105, +9.953,+0.947
1664146740,+3.49,+19.105, +9.934,+0.946
1664146800,+3.49,+19.122, +9.905,+0.947
1664146860,+3.49,+19.130, +9.927,+0.946
1664146920,+3.49,+19.113, +9.931,+0.947
1664146980,+3.49,+19.105, +9.932,+0.946
1664147040,+3.49,+19.097, +9.946,+0.947
1664147100,+3.49,+19.097, +9.938,+0.947
1664147160,+3.49,+19.105, +9.939,+0.947
1664147220,+3.49,+19.088, +9.932,+0.947
1664147280,+3.49,+19.122, +9.899,+0.946
1664147340,+3.49,+19.088, +9.908,+0.947
1664147400,+3.49,+19.113, +9.942,+0.947
1664147460,+3.49,+19.105, +9.940,+0.947
1664147520,+3.49,+19.097, +9.944,+0.946
1664147580,+3.49,+19.122, +9.926,+0.947
1664147640,+3.49,+19.113, +9.924,+0.946
1664147700,+3.49,+19.113, +9.943,+0.947
1664147760,+3.49,+19.105, +9.918,+0.946
1664147820,+3.49,+19.097, +9.923,+0.947
1664147880,+3.49,+19.080, +9.926,+0.946
1664147940,+3.49,+19.088, +9.923,+0.946
1664148000,+3.49,+19.122, +9.923,+0.946
1664148060,+3.49,+19.122, +9.915,+0.946
1664148120,+3.49,+19.113, +9.935,+0.947
1664148180,+3.49,+19.105, +9.916,+0.946
1664148240,+3.49,+19.105, +9.902,+0.947
1664148300,+3.49,+19.105, +9.902,+0.946
1664148360,+3.49,+19.097, +9.899,+0.946
1664148420,+3.49,+19.105, +9.908,+0.946
1664148480,+3.49,+19.088, +9.919,+0.946
1664148540,+3.49,+19.113, +9.906,+0.946
1664148600,+3.49,+19.113, +9.905,+0.946
1664148660,+3.49,+19.113, +9.901,+0.946
1664148720,+3.49,+19.122, +9.907,+0.947
1664148780,+3.49,+19.113, +9.898,+0.947
1664148840,+3.49,+19.105, +9.901,+0.946
1664148900,+3.49,+19.113, +9.905,+0.946
1664148960,+3.49,+19.122, +9.903,+0.947
1664149020,+3.49,+19.113, +9.898,+0.946
1664149080,+3.49,+19.130, +9.891,+0.947
1664149140,+3.49,+19.105, +9.910,+0.947
1664149200,+3.49,+19.113, +9.913,+0.947
1664149260,+3.49,+19.130, +9.905,+0.947
1664149320,+3.49,+19.113, +9.901,+0.946
1664149380,+3.49,+19.113, +9.898,+0.946
1664149440,+3.49,+19.139, +9.902,+0.947
1664149500,+3.49,+19.113, +9.907,+0.947
1664149560,+3.49,+19.147, +9.895,+0.946
1664149620,+3.49,+19.122, +9.901,+0.946
1664149680,+3.49,+19.122, +9.904,+0.947
1664149740,+3.49,+19.122, +9.889,+0.947
1664149800,+3.49,+19.139, +9.886,+0.946
1664149860,+3.49,+19.130, +9.899,+0.947
1664149920,+3.49,+19.122, +9.889,+0.947
1664149980,+3.49,+19.122, +9.872,+0.947
1664150040,+3.49,+19.130, +9.898,+0.947
1664150100,+3.49,+19.122, +9.893,+0.947
1664150160,+3.49,+19.122, +9.888,+0.946
1664150220,+3.49,+19.113, +9.876,+0.946
1664150280,+3.49,+19.122, +9.875,+0.946
1664150340,+3.49,+19.130, +9.858,+0.946
1664150400,+3.49,+19.113, +9.876,+0.947
1664150460,+3.49,+19.139, +9.861,+0.947
1664150520,+3.49,+19.122, +9.872,+0.947
1664150580,+3.49,+19.147, +9.849,+0.947
1664150640,+3.49,+19.130, +9.859,+0.946
1664150700,+3.49,+19.122, +9.871,+0.947
1664150760,+3.49,+19.113, +9.864,+0.947
1664150820,+3.49,+19.139, +9.848,+0.946
1664150880,+3.49,+19.130, +9.851,+0.947
1664150940,+3.49,+19.122, +9.859,+0.947
1664151000,+3.49,+19.147, +9.851,+0.947
1664151060,+3.49,+19.130, +9.854,+0.946
1664151120,+3.49,+19.113, +9.790,+0.947
1664151180,+3.49,+19.113, +9.741,+0.946
1664151240,+3.49,+19.139, +9.787,+0.946
1664151300,+3.49,+19.105, +9.831,+0.946
1664151360,+3.49,+19.122, +9.809,+0.947
1664151420,+3.49,+19.139, +9.759,+0.947
1664151480,+3.49,+19.130, +9.739,+0.947
1664151540,+3.49,+19.122, +9.734,+0.947
1664151600,+3.49,+19.130, +9.701,+0.946
1664151660,+3.49,+19.130, +9.674,+0.946
1664151720,+3.49,+19.139, +9.690,+0.946
1664151780,+3.49,+19.147, +9.665,+0.947
1664151840,+3.49,+19.139, +9.637,+0.946
1664151900,+3.49,+19.130, +9.635,+0.946
1664151960,+3.49,+19.122, +9.627,+0.946
1664152020,+3.49,+19.122, +9.618,+0.946
1664152080,+3.49,+19.113, +9.628,+0.946
1664152140,+3.49,+19.113, +9.610,+0.946
1664152200,+3.49,+19.122, +9.608,+0.946
1664152260,+3.49,+19.139, +9.593,+0.946
1664152320,+3.49,+19.113, +9.587,+0.946
1664152380,+3.49,+19.105, +9.593,+0.946
1664152440,+3.49,+19.105, +9.581,+0.946
1664152500,+3.49,+19.105, +9.572,+0.946
1664152560,+3.49,+19.097, +9.581,+0.946
1664152620,+3.49,+19.113, +9.564,+0.946
1664152680,+3.49,+19.097, +9.577,+0.946
1664152740,+3.49,+19.097, +9.587,+0.946
1664152800,+3.49,+19.113, +9.586,+0.946
1664152860,+3.49,+19.080, +9.583,+0.946
1664152920,+3.49,+19.097, +9.563,+0.946
1664152980,+3.49,+19.105, +9.588,+0.946
1664153040,+3.49,+19.113, +9.595,+0.946
1664153100,+3.49,+19.105, +9.543,+0.946
1664153160,+3.49,+19.088, +9.538,+0.946
1664153220,+3.49,+19.097, +9.510,+0.946
1664153280,+3.49,+19.080, +9.575,+0.947
1664153340,+3.49,+19.097, +9.536,+0.946
1664153400,+3.49,+19.105, +9.530,+0.946
1664153460,+3.49,+19.080, +9.563,+0.947
1664153520,+3.49,+19.071, +9.553,+0.946
1664153580,+3.49,+19.088, +9.558,+0.946
1664153640,+3.49,+19.097, +9.561,+0.946
1664153700,+3.49,+19.113, +9.565,+0.946
1664153760,+3.49,+19.088, +9.544,+0.946
1664153820,+3.49,+19.071, +9.529,+0.946
1664153880,+3.49,+19.097, +9.511,+0.946
1664153940,+3.49,+19.097, +9.476,+0.946
1664154000,+3.49,+19.080, +9.491,+0.946
1664154060,+3.49,+19.097, +9.495,+0.946
1664154120,+3.49,+19.080, +9.357,+0.946
1664154180,+3.49,+19.055, +9.288,+0.946
1664154240,+3.49,+19.063, +9.151,+0.946
1664154300,+3.49,+19.063, +9.108,+0.946
1664154360,+3.49,+19.071, +9.141,+0.946
1664154420,+3.49,+19.071, +9.138,+0.946
1664154480,+3.49,+19.080, +9.126,+0.946
1664154540,+3.49,+19.055, +9.120,+0.946
1664154600,+3.49,+19.046, +9.091,+0.946
1664154660,+3.49,+19.038, +9.094,+0.946
1664154720,+3.49,+19.071, +9.084,+0.945
1664154780,+3.49,+19.071, +9.058,+0.945
1664154840,+3.49,+19.063, +9.029,+0.945
1664154900,+3.49,+19.063, +8.994,+0.946
1664154960,+3.49,+19.046, +8.955,+0.946
1664155020,+3.49,+19.046, +8.932,+0.945
1664155080,+3.49,+19.055, +8.897,+0.945
1664155140,+3.49,+19.055, +8.886,+0.946
1664155200,+3.49,+19.046, +8.872,+0.946
1664155260,+3.49,+19.013, +8.863,+0.946
1664155320,+3.49,+19.055, +8.875,+0.946
1664155380,+3.49,+19.046, +8.858,+0.945
1664155440,+3.49,+19.080, +8.966,+0.946
1664155500,+3.49,+19.080, +9.081,+0.945
1664155560,+3.49,+19.080, +9.095,+0.946
1664155620,+3.49,+19.097, +9.089,+0.945
1664155680,+3.49,+19.105, +9.114,+0.946
1664155740,+3.49,+19.105, +9.128,+0.946
1664155800,+3.49,+19.088, +9.139,+0.946
1664155860,+3.49,+19.105, +9.157,+0.946
1664155920,+3.49,+19.113, +9.146,+0.946
1664155980,+3.49,+19.113, +9.174,+0.946
1664156040,+3.49,+19.105, +9.204,+0.946
1664156100,+3.49,+19.113, +9.204,+0.946
1664156160,+3.49,+19.105, +9.221,+0.946
1664156220,+3.49,+19.113, +9.218,+0.946
1664156280,+3.49,+19.113, +9.243,+0.946
1664156340,+3.49,+19.113, +9.250,+0.946
1664156400,+3.49,+19.122, +9.262,+0.946
1664156460,+3.49,+19.130, +9.256,+0.946
1664156520,+3.49,+19.155, +9.261,+0.946
1664156580,+3.49,+19.155, +9.256,+0.946
1664156640,+3.49,+19.147, +9.263,+0.946
1664156700,+3.49,+19.130, +9.287,+0.946
1664156760,+3.49,+19.147, +9.272,+0.946
1664156820,+3.49,+19.155, +9.276,+0.946
1664156880,+3.49,+19.147, +9.279,+0.946
1664156940,+3.49,+19.164, +9.284,+0.946
1664157000,+3.49,+19.172, +9.275,+0.946
1664157060,+3.49,+19.164, +9.279,+0.946
1664157120,+3.49,+19.147, +9.292,+0.946
1664157180,+3.49,+19.147, +9.299,+0.946
1664157240,+3.49,+19.164, +9.287,+0.946
1664157300,+3.49,+19.130, +9.309,+0.946
1664157360,+3.49,+19.139, +9.313,+0.946
1664157420,+3.49,+19.113, +9.331,+0.946
1664157480,+3.49,+19.105, +9.330,+0.946
1664157540,+3.49,+19.122, +9.334,+0.946
1664157600,+3.49,+19.139, +9.332,+0.946
1664157660,+3.49,+19.113, +9.345,+0.946
1664157720,+3.49,+19.147, +9.328,+0.946
1664157780,+3.49,+19.122, +9.343,+0.946
1664157840,+3.49,+19.122, +9.343,+0.946
1664157900,+3.49,+19.130, +9.343,+0.946
1664157960,+3.49,+19.155, +9.345,+0.946
1664158020,+3.49,+19.147, +9.332,+0.946
1664158080,+3.49,+19.147, +9.324,+0.946
1664158140,+3.49,+19.130, +9.338,+0.946
1664158200,+3.49,+19.139, +9.344,+0.946
1664158260,+3.49,+19.155, +9.332,+0.946
1664158320,+3.49,+19.181, +9.322,+0.946
1664158380,+3.49,+19.181, +9.314,+0.946
1664158440,+3.49,+19.147, +9.315,+0.946
1664158500,+3.49,+19.164, +9.317,+0.946
1664158560,+3.49,+19.155, +9.318,+0.946
1664158620,+3.49,+19.155, +9.304,+0.946
1664158680,+3.49,+19.155, +9.305,+0.946
1664158740,+3.49,+19.139, +9.321,+0.946
1664158800,+3.49,+19.139, +9.312,+0.946
1664158860,+3.49,+19.130, +9.308,+0.946
1664158920,+3.49,+19.139, +9.314,+0.946
1664158980,+3.49,+19.122, +9.319,+0.946
1664159040,+3.49,+19.105, +9.314,+0.946
1664159100,+3.49,+19.122, +9.304,+0.946
1664159160,+3.49,+19.139, +9.288,+0.946
1664159220,+3.49,+19.105, +9.316,+0.946
1664159280,+3.49,+19.097, +9.314,+0.946
1664159340,+3.49,+19.097, +9.309,+0.946
1664159400,+3.49,+19.088, +9.314,+0.946
1664159460,+3.49,+19.080, +9.326,+0.946
1664159520,+3.49,+19.088, +9.322,+0.946
1664159580,+3.49,+19.097, +9.323,+0.946
1664159640,+3.49,+19.080, +9.320,+0.946
1664159700,+3.49,+19.097, +9.321,+0.946
1664159760,+3.49,+19.088, +9.320,+0.946
1664159820,+3.49,+19.097, +9.316,+0.946
1664159880,+3.49,+19.105, +9.320,+0.946
1664159940,+3.49,+19.105, +9.318,+0.946
1664160000,+3.49,+19.105, +9.321,+0.946
1664160060,+3.49,+19.080, +9.325,+0.946
1664160120,+3.49,+19.105, +9.317,+0.946
1664160180,+3.49,+19.080, +9.320,+0.946
1664160240,+3.49,+19.055, +9.297,+0.945
1664160300,+3.49,+19.055, +9.318,+0.946
1664160360,+3.49,+19.038, +9.303,+0.946
1664160420,+3.48,+19.004, +9.253,+0.946
1664160480,+3.49,+19.004, +9.235,+0.946
1664160540,+3.49,+18.996, +9.220,+0.946
1664160600,+3.49,+19.038, +9.007,+0.946
1664160660,+3.49,+19.055, +8.912,+0.946
1664160720,+3.49,+19.080, +8.815,+0.945
1664160780,+3.49,+19.097, +8.873,+0.945
1664160840,+3.49,+19.097, +8.945,+0.945
1664160900,+3.49,+19.097, +8.961,+0.945
1664160960,+3.49,+19.105, +8.964,+0.946
1664161020,+3.49,+19.105, +8.963,+0.946
1664161080,+3.49,+19.105, +8.977,+0.946
1664161140,+3.49,+19.105, +8.992,+0.946
1664161200,+3.49,+19.113, +8.975,+0.945
1664161260,+3.49,+19.097, +8.963,+0.946
1664161320,+3.49,+19.122, +8.927,+0.945
1664161380,+3.49,+19.113, +8.952,+0.945
1664161440,+3.49,+19.122, +8.946,+0.946
1664161500,+3.49,+19.113, +8.976,+0.946
1664161560,+3.49,+19.113, +8.960,+0.945
1664161620,+3.49,+19.105, +8.973,+0.946
1664161680,+3.49,+19.097, +8.944,+0.946
1664161740,+3.49,+19.097, +8.861,+0.945
1664161800,+3.49,+19.122, +8.850,+0.946
1664161860,+3.49,+19.113, +8.831,+0.945
1664161920,+3.49,+19.113, +8.804,+0.945
1664161980,+3.49,+19.105, +8.811,+0.945
1664162040,+3.49,+19.130, +8.784,+0.945
1664162100,+3.49,+19.113, +8.792,+0.945
1664162160,+3.49,+19.130, +8.816,+0.945
1664162220,+3.49,+19.122, +8.786,+0.945
1664162280,+3.49,+19.122, +8.867,+0.946
1664162340,+3.49,+19.130, +8.776,+0.945
1664162400,+3.49,+19.130, +8.795,+0.945
1664162460,+3.49,+19.130, +8.786,+0.945
1664162520,+3.49,+19.130, +8.809,+0.946
1664162580,+3.49,+19.130, +8.843,+0.945
1664162640,+3.49,+19.139, +8.843,+0.945
1664162700,+3.49,+19.130, +8.851,+0.945
1664162760,+3.49,+19.130, +8.876,+0.945
1664162820,+3.49,+19.147, +8.950,+0.945
1664162880,+3.49,+19.122, +8.998,+0.945
1664162940,+3.49,+19.130, +9.033,+0.945
1664163000,+3.49,+19.130, +9.026,+0.945
1664163060,+3.49,+19.130, +9.029,+0.946
1664163120,+3.49,+19.147, +9.004,+0.946
1664163180,+3.49,+19.172, +8.984,+0.946
1664163240,+3.49,+19.155, +9.008,+0.946
1664163300,+3.49,+19.189, +8.992,+0.945
1664163360,+3.49,+19.181, +8.991,+0.946
1664163420,+3.49,+19.181, +8.988,+0.946
1664163480,+3.49,+19.181, +8.993,+0.946
1664163540,+3.49,+19.197, +8.998,+0.946
1664163600,+3.49,+19.214, +8.977,+0.946
1664163660,+3.49,+19.231, +8.959,+0.945
1664163720,+3.49,+19.231, +8.986,+0.946
1664163780,+3.49,+19.239, +8.975,+0.946
1664163840,+3.49,+19.231, +8.993,+0.946
1664163900,+3.49,+19.239, +8.985,+0.945
1664163960,+3.49,+19.239, +8.960,+0.946
1664164020,+3.49,+19.248, +8.955,+0.946
1664164080,+3.49,+19.239, +8.964,+0.945
1664164140,+3.49,+19.231, +8.974,+0.946
1664164200,+3.49,+19.231, +8.953,+0.946
1664164260,+3.49,+19.223, +8.929,+0.946
1664164320,+3.49,+19.231, +8.915,+0.945
1664164380,+3.49,+19.206, +8.918,+0.945
1664164440,+3.49,+19.206, +8.934,+0.946
1664164500,+3.49,+19.164, +8.945,+0.945
1664164560,+3.49,+19.172, +8.951,+0.946
1664164620,+3.49,+19.181, +8.943,+0.945
1664164680,+3.49,+19.197, +8.942,+0.946
1664164740,+3.49,+19.181, +8.951,+0.946
1664164800,+3.49,+19.206, +8.934,+0.945
1664164860,+3.49,+19.214, +8.969,+0.946
1664164920,+3.49,+19.248, +8.988,+0.946
1664164980,+3.49,+19.248, +8.998,+0.945
1664165040,+3.49,+19.256, +9.012,+0.946
1664165100,+3.49,+19.281, +9.002,+0.946
1664165160,+3.49,+19.265, +9.011,+0.946
1664165220,+3.49,+19.281, +9.003,+0.946
1664165280,+3.49,+19.281, +8.995,+0.946
1664165340,+3.49,+19.281, +8.997,+0.946
1664165400,+3.49,+19.306, +8.973,+0.946
1664165460,+3.49,+19.298, +8.962,+0.945
1664165520,+3.49,+19.298, +8.957,+0.945
1664165580,+3.49,+19.273, +8.972,+0.945
1664165640,+3.48,+19.290, +8.955,+0.946
1664165700,+3.48,+19.290, +8.964,+0.946
1664165760,+3.49,+19.306, +8.944,+0.945
1664165820,+3.48,+19.306, +8.946,+0.945
1664165880,+3.48,+19.306, +8.941,+0.945
1664165940,+3.48,+19.290, +8.962,+0.946
1664166000,+3.49,+19.306, +8.980,+0.946
1664166060,+3.49,+19.315, +8.961,+0.945
1664166120,+3.48,+19.298, +8.947,+0.946
1664166180,+3.48,+19.298, +8.942,+0.946
1664166240,+3.49,+19.281, +8.906,+0.945
1664166300,+3.49,+19.273, +8.956,+0.946
1664166360,+3.49,+19.206, +9.017,+0.945
1664166420,+3.49,+19.206, +8.974,+0.946
1664166480,+3.49,+19.181, +8.995,+0.945
1664166540,+3.49,+19.147, +9.087,+0.946
1664166600,+3.49,+19.139, +9.037,+0.946
1664166660,+3.49,+19.139, +8.944,+0.945
1664166720,+3.49,+19.105, +8.738,+0.945
1664166780,+3.49,+19.113, +8.522,+0.945
1664166840,+3.49,+19.113, +8.486,+0.945
1664166900,+3.49,+19.105, +8.886,+0.946
1664166960,+3.49,+19.113, +8.921,+0.946
1664167020,+3.49,+19.139, +8.859,+0.945
1664167080,+3.49,+19.139, +8.821,+0.945
1664167140,+3.49,+19.130, +8.697,+0.946
1664167200,+3.49,+19.130, +8.504,+0.945
1664167260,+3.49,+19.139, +8.578,+0.946
1664167320,+3.49,+19.164, +8.779,+0.945
1664167380,+3.49,+19.206, +8.753,+0.945
1664167440,+3.49,+19.239, +8.832,+0.946
1664167500,+3.49,+19.239, +8.840,+0.946
1664167560,+3.49,+19.265, +8.873,+0.946
1664167620,+3.49,+19.273, +8.878,+0.945
1664167680,+3.49,+19.290, +8.881,+0.945
1664167740,+3.48,+19.281, +8.915,+0.945
1664167800,+3.48,+19.298, +8.931,+0.945
1664167860,+3.48,+19.332, +8.940,+0.945
1664167920,+3.48,+19.340, +8.969,+0.946
1664167980,+3.48,+19.348, +8.982,+0.945
1664168040,+3.48,+19.374, +8.969,+0.946
1664168100,+3.48,+19.374, +8.963,+0.946
1664168160,+3.48,+19.374, +8.949,+0.946
1664168220,+3.48,+19.382, +8.918,+0.946
1664168280,+3.48,+19.374, +8.888,+0.945
1664168340,+3.48,+19.399, +8.867,+0.946
1664168400,+3.48,+19.399, +8.916,+0.946
1664168460,+3.48,+19.399, +8.991,+0.946
1664168520,+3.48,+19.390, +8.972,+0.945
1664168580,+3.48,+19.374, +8.937,+0.945
1664168640,+3.48,+19.332, +8.889,+0.945
1664168700,+3.49,+19.239, +9.026,+0.945
1664168760,+3.49,+19.189, +9.011,+0.945
1664168820,+3.49,+19.206, +8.954,+0.946
1664168880,+3.49,+19.197, +8.893,+0.946
1664168940,+3.49,+19.164, +8.838,+0.946
1664169000,+3.49,+19.155, +8.756,+0.945
1664169060,+3.49,+19.155, +8.750,+0.945
1664169120,+3.49,+19.164, +8.758,+0.945
1664169180,+3.49,+19.172, +8.758,+0.945
1664169240,+3.49,+19.181, +8.790,+0.945
1664169300,+3.49,+19.197, +8.790,+0.945
1664169360,+3.49,+19.197, +8.855,+0.946
1664169420,+3.49,+19.248, +8.903,+0.946
1664169480,+3.48,+19.290, +8.920,+0.946
1664169540,+3.48,+19.332, +8.970,+0.946
1664169600,+3.48,+19.382, +8.990,+0.946
1664169660,+3.48,+19.407, +8.999,+0.945
1664169720,+3.48,+19.441, +9.011,+0.946
1664169780,+3.48,+19.449, +8.967,+0.945
1664169840,+3.48,+19.449, +8.902,+0.946
1664169900,+3.48,+19.441, +8.876,+0.946
1664169960,+3.48,+19.458, +8.921,+0.946
1664170020,+3.48,+19.458, +8.881,+0.946
1664170080,+3.48,+19.441, +8.934,+0.946
1664170140,+3.48,+19.432, +8.962,+0.945
1664170200,+3.48,+19.449, +8.947,+0.945
1664170260,+3.48,+19.458, +8.941,+0.946
1664170320,+3.48,+19.449, +8.932,+0.946
1664170380,+3.48,+19.441, +8.887,+0.945
1664170440,+3.48,+19.441, +8.916,+0.945
1664170500,+3.48,+19.416, +8.831,+0.945
1664170560,+3.48,+19.348, +8.700,+0.945
1664170620,+3.48,+19.315, +8.654,+0.945
1664170680,+3.49,+19.239, +8.732,+0.945
1664170740,+3.49,+19.214, +8.858,+0.945
1664170800,+3.49,+19.172, +9.051,+0.946
1664170860,+3.49,+19.164, +9.097,+0.946
1664170920,+3.49,+19.147, +9.096,+0.946
1664170980,+3.49,+19.130, +9.074,+0.945
1664171040,+3.49,+19.147, +9.044,+0.945
1664171100,+3.49,+19.147, +9.021,+0.945
1664171160,+3.49,+19.172, +8.997,+0.946
1664171220,+3.49,+19.189, +8.961,+0.945
1664171280,+3.49,+19.189, +8.930,+0.945
1664171340,+3.49,+19.239, +8.908,+0.946
1664171400,+3.49,+19.256, +8.880,+0.945
1664171460,+3.49,+19.281, +8.857,+0.946
1664171520,+3.48,+19.290, +8.853,+0.946
1664171580,+3.48,+19.315, +8.839,+0.945
1664171640,+3.48,+19.323, +8.830,+0.945
1664171700,+3.48,+19.323, +8.857,+0.946
1664171760,+3.48,+19.315, +8.851,+0.945
1664171820,+3.48,+19.306, +8.817,+0.945
1664171880,+3.48,+19.340, +8.794,+0.946
1664171940,+3.48,+19.374, +8.868,+0.945
1664172000,+3.48,+19.390, +8.943,+0.946
1664172060,+3.48,+19.424, +8.849,+0.946
1664172120,+3.48,+19.416, +8.837,+0.946
1664172180,+3.48,+19.441, +8.807,+0.946
1664172240,+3.48,+19.449, +8.653,+0.945
1664172300,+3.48,+19.466, +8.449,+0.945
1664172360,+3.48,+19.474, +8.381,+0.945
1664172420,+3.48,+19.499, +8.566,+0.945
1664172480,+3.48,+19.508, +8.751,+0.946
1664172540,+3.48,+19.525, +8.855,+0.946
1664172600,+3.48,+19.458, +8.803,+0.945
1664172660,+3.49,+19.290, +8.846,+0.945
1664172720,+3.49,+19.197, +8.926,+0.946
1664172780,+3.49,+19.231, +8.950,+0.946
1664172840,+3.49,+19.214, +8.991,+0.946
1664172900,+3.49,+19.206, +9.003,+0.946
1664172960,+3.49,+19.206, +8.986,+0.945
1664173020,+3.49,+19.206, +8.986,+0.945
1664173080,+3.49,+19.206, +8.980,+0.945
1664173140,+3.49,+19.214, +8.995,+0.946
1664173200,+3.49,+19.239, +8.966,+0.945
1664173260,+3.49,+19.256, +8.961,+0.946
1664173320,+3.49,+19.248, +8.949,+0.945
1664173380,+3.49,+19.290, +8.938,+0.945
1664173440,+3.49,+19.306, +8.919,+0.945
1664173500,+3.48,+19.298, +8.937,+0.945
1664173560,+3.48,+19.340, +8.938,+0.946
1664173620,+3.48,+19.348, +8.936,+0.946
1664173680,+3.48,+19.399, +8.916,+0.945
1664173740,+3.48,+19.416, +8.928,+0.946
1664173800,+3.48,+19.441, +8.923,+0.946
1664173860,+3.48,+19.458, +8.909,+0.946
1664173920,+3.48,+19.458, +8.872,+0.945
1664173980,+3.48,+19.449, +8.861,+0.945
1664174040,+3.48,+19.449, +8.863,+0.945
1664174100,+3.48,+19.466, +8.863,+0.946
1664174160,+3.48,+19.449, +8.882,+0.946
1664174220,+3.48,+19.466, +8.883,+0.946
1664174280,+3.48,+19.466, +8.872,+0.945
1664174340,+3.48,+19.458, +8.892,+0.946
1664174400,+3.48,+19.499, +8.864,+0.945
1664174460,+3.48,+19.466, +8.885,+0.946
1664174520,+3.48,+19.441, +8.884,+0.946
1664174580,+3.48,+19.466, +8.857,+0.945
1664174640,+3.48,+19.449, +8.871,+0.946
1664174700,+3.48,+19.449, +8.879,+0.946
1664174760,+3.48,+19.449, +8.875,+0.946
1664174820,+3.48,+19.424, +8.885,+0.946
1664174880,+3.48,+19.441, +8.879,+0.945
1664174940,+3.48,+19.424, +8.880,+0.945
1664175000,+3.48,+19.416, +8.884,+0.946
1664175060,+3.48,+19.365, +8.881,+0.945
1664175120,+3.48,+19.340, +8.880,+0.945
1664175180,+3.49,+19.281, +8.929,+0.946
1664175240,+3.48,+19.340, +8.907,+0.945
1664175300,+3.48,+19.365, +8.881,+0.945
1664175360,+3.48,+19.365, +8.893,+0.946
1664175420,+3.48,+19.390, +8.881,+0.946
1664175480,+3.48,+19.390, +8.879,+0.946
1664175540,+3.48,+19.399, +8.872,+0.946
1664175600,+3.48,+19.407, +8.859,+0.946
1664175660,+3.48,+19.399, +8.855,+0.946
1664175720,+3.48,+19.407, +8.851,+0.945
1664175780,+3.48,+19.399, +8.866,+0.946
1664175840,+3.48,+19.407, +8.865,+0.946
1664175900,+3.48,+19.416, +8.861,+0.946
1664175960,+3.48,+19.432, +8.853,+0.946
1664176020,+3.48,+19.407, +8.851,+0.945
1664176080,+3.48,+19.424, +8.833,+0.945
1664176140,+3.48,+19.399, +8.844,+0.946
1664176200,+3.48,+19.407, +8.833,+0.946
1664176260,+3.48,+19.407, +8.820,+0.946
1664176320,+3.48,+19.441, +8.808,+0.945
1664176380,+3.48,+19.407, +8.807,+0.946
1664176440,+3.48,+19.424, +8.796,+0.945
1664176500,+3.48,+19.424, +8.795,+0.945
1664176560,+3.48,+19.407, +8.802,+0.945
1664176620,+3.48,+19.407, +8.782,+0.946
1664176680,+3.48,+19.407, +8.751,+0.945
1664176740,+3.48,+19.416, +8.719,+0.945
1664176800,+3.48,+19.407, +8.728,+0.945
1664176860,+3.48,+19.399, +8.737,+0.945
1664176920,+3.48,+19.399, +8.754,+0.946
1664176980,+3.48,+19.399, +8.751,+0.945
1664177040,+3.48,+19.399, +8.765,+0.946
1664177100,+3.48,+19.390, +8.780,+0.945
1664177160,+3.48,+19.390, +8.803,+0.946
1664177220,+3.48,+19.399, +8.799,+0.946
1664177280,+3.48,+19.390, +8.796,+0.945
1664177340,+3.48,+19.416, +8.796,+0.946
1664177400,+3.48,+19.407, +8.803,+0.946
1664177460,+3.48,+19.382, +8.811,+0.946
1664177520,+3.48,+19.399, +8.808,+0.945
1664177580,+3.48,+19.399, +8.806,+0.945
1664177640,+3.48,+19.390, +8.816,+0.946
1664177700,+3.48,+19.390, +8.816,+0.946
1664177760,+3.48,+19.399, +8.800,+0.945
1664177820,+3.48,+19.390, +8.805,+0.945
1664177880,+3.48,+19.390, +8.806,+0.946
1664177940,+3.48,+19.374, +8.802,+0.945
1664178000,+3.48,+19.390, +8.795,+0.945
1664178060,+3.48,+19.407, +8.794,+0.946
1664178120,+3.48,+19.382, +8.792,+0.945
1664178180,+3.48,+19.382, +8.782,+0.945
1664178240,+3.48,+19.365, +8.792,+0.945
1664178300,+3.48,+19.357, +8.787,+0.945
1664178360,+3.48,+19.357, +8.793,+0.945
1664178420,+3.49,+19.340, +8.793,+0.945
1664178480,+3.48,+19.315, +8.743,+0.945
1664178540,+3.48,+19.306, +8.734,+0.945
1664178600,+3.49,+19.298, +8.682,+0.945
1664178660,+3.49,+19.214, +8.714,+0.945
1664178720,+3.49,+19.139, +8.725,+0.945
1664178780,+3.49,+19.088, +8.745,+0.945
1664178840,+3.49,+19.055, +8.749,+0.945
1664178900,+3.49,+19.046, +8.688,+0.945
1664178960,+3.49,+19.080, +8.605,+0.945
1664179020,+3.49,+19.071, +8.622,+0.946
1664179080,+3.49,+19.063, +8.604,+0.945
1664179140,+3.49,+19.013, +8.684,+0.945
1664179200,+3.49,+19.004, +8.641,+0.945
1664179260,+3.49,+19.063, +8.552,+0.945
1664179320,+3.49,+19.080, +8.557,+0.945
1664179380,+3.49,+19.080, +8.514,+0.945
1664179440,+3.49,+19.105, +8.441,+0.945
1664179500,+3.49,+19.130, +8.434,+0.945
1664179560,+3.49,+19.147, +8.405,+0.945
1664179620,+3.49,+19.172, +8.366,+0.945
1664179680,+3.49,+19.197, +8.320,+0.945
1664179740,+3.49,+19.189, +8.292,+0.945
1664179800,+3.49,+19.181, +8.243,+0.945
1664179860,+3.49,+19.155, +8.188,+0.945
1664179920,+3.49,+19.113, +8.270,+0.945
1664179980,+3.49,+19.071, +8.335,+0.945
1664180040,+3.49,+19.055, +8.345,+0.945
1664180100,+3.49,+19.021, +8.344,+0.945
1664180160,+3.49,+18.979, +8.415,+0.945
1664180220,+3.48,+18.954, +8.461,+0.945
1664180280,+3.48,+18.929, +8.447,+0.945
1664180340,+3.48,+18.937, +8.424,+0.945
1664180400,+3.48,+18.912, +8.450,+0.945
1664180460,+3.48,+18.878, +8.467,+0.945
1664180520,+3.48,+18.895, +8.464,+0.945
1664180580,+3.48,+18.853, +8.466,+0.945
1664180640,+3.48,+18.836, +8.476,+0.945
1664180700,+3.48,+18.861, +8.455,+0.945
1664180760,+3.48,+18.844, +8.470,+0.945
1664180820,+3.48,+18.844, +8.424,+0.945
1664180880,+3.48,+18.828, +8.436,+0.944
1664180940,+3.48,+18.836, +8.479,+0.945
1664181000,+3.48,+18.819, +8.448,+0.945
1664181060,+3.48,+18.828, +8.403,+0.945
1664181120,+3.48,+18.802, +8.483,+0.946
1664181180,+3.48,+18.786, +8.491,+0.945
1664181240,+3.48,+18.786, +8.469,+0.945
1664181300,+3.48,+18.802, +8.383,+0.945
1664181360,+3.48,+18.819, +8.414,+0.945
1664181420,+3.48,+18.794, +8.427,+0.945
1664181480,+3.48,+18.794, +8.416,+0.945
1664181540,+3.48,+18.811, +8.419,+0.945
1664181600,+3.48,+18.811, +8.391,+0.945
1664181660,+3.48,+18.802, +8.397,+0.945
1664181720,+3.48,+18.828, +8.613,+0.945
1664181780,+3.48,+18.819, +8.717,+0.945
1664181840,+3.48,+18.819, +8.739,+0.945
1664181900,+3.48,+18.836, +8.711,+0.945
1664181960,+3.48,+18.853, +8.710,+0.945
1664182020,+3.48,+18.853, +8.721,+0.945
1664182080,+3.48,+18.844, +8.737,+0.945
1664182140,+3.48,+18.836, +8.733,+0.945
1664182200,+3.48,+18.828, +8.744,+0.945
1664182260,+3.48,+18.828, +8.749,+0.945
1664182320,+3.48,+18.844, +8.721,+0.945
1664182380,+3.48,+18.853, +8.705,+0.945
1664182440,+3.48,+18.853, +8.700,+0.945
1664182500,+3.48,+18.819, +8.694,+0.945
1664182560,+3.48,+18.853, +8.701,+0.945
1664182620,+3.48,+18.853, +8.728,+0.946
1664182680,+3.48,+18.870, +8.713,+0.945
1664182740,+3.48,+18.870, +8.724,+0.945
1664182800,+3.48,+18.861, +8.776,+0.945
1664182860,+3.48,+18.886, +8.752,+0.945
1664182920,+3.48,+18.861, +8.795,+0.945
1664182980,+3.48,+18.878, +8.793,+0.945
1664183040,+3.48,+18.870, +8.805,+0.946
1664183100,+3.48,+18.878, +8.784,+0.945
1664183160,+3.48,+18.886, +8.782,+0.945
1664183220,+3.48,+18.878, +8.777,+0.945
1664183280,+3.48,+18.861, +8.763,+0.945
1664183340,+3.48,+18.886, +8.746,+0.945
1664183400,+3.48,+18.870, +8.765,+0.945
1664183460,+3.48,+18.853, +8.776,+0.945
1664183520,+3.48,+18.853, +8.755,+0.946
1664183580,+3.48,+18.861, +8.714,+0.945
1664183640,+3.48,+18.886, +8.660,+0.945
1664183700,+3.48,+18.903, +8.615,+0.945
1664183760,+3.48,+18.929, +8.555,+0.945
1664183820,+3.48,+18.954, +8.528,+0.945
1664183880,+3.48,+18.962, +8.517,+0.945
1664183940,+3.48,+18.987, +8.335,+0.945
1664184000,+3.49,+19.021, +8.174,+0.945
1664184060,+3.49,+19.063, +8.113,+0.945
1664184120,+3.49,+19.055, +8.162,+0.945
1664184180,+3.49,+19.071, +8.207,+0.945
1664184240,+3.49,+19.122, +8.197,+0.945
1664184300,+3.49,+19.113, +8.279,+0.945
1664184360,+3.49,+19.122, +8.354,+0.945
1664184420,+3.49,+19.130, +8.458,+0.945
1664184480,+3.49,+19.113, +8.589,+0.945
1664184540,+3.49,+19.122, +8.666,+0.946
1664184600,+3.49,+19.105, +8.645,+0.946
1664184660,+3.49,+19.113, +8.677,+0.946
1664184720,+3.49,+19.130, +8.632,+0.945
1664184780,+3.49,+19.147, +8.653,+0.945
1664184840,+3.49,+19.155, +8.648,+0.946
1664184900,+3.49,+19.147, +8.685,+0.945
1664184960,+3.49,+19.147, +8.723,+0.946
1664185020,+3.49,+19.130, +8.718,+0.945
1664185080,+3.49,+19.155, +8.635,+0.945
1664185140,+3.49,+19.172, +8.571,+0.945
1664185200,+3.49,+19.181, +8.565,+0.945
1664185260,+3.49,+19.197, +8.465,+0.945
1664185320,+3.49,+19.206, +8.500,+0.945
1664185380,+3.49,+19.197, +8.512,+0.945
1664185440,+3.49,+19.214, +8.463,+0.945
1664185500,+3.49,+19.231, +8.467,+0.945
1664185560,+3.49,+19.231, +8.444,+0.945
1664185620,+3.49,+19.231, +8.420,+0.945
1664185680,+3.49,+19.223, +8.404,+0.945
1664185740,+3.49,+19.223, +8.449,+0.946
1664185800,+3.49,+19.256, +8.397,+0.945
1664185860,+3.49,+19.239, +8.436,+0.945
1664185920,+3.49,+19.256, +8.399,+0.945
1664185980,+3.49,+19.256, +8.408,+0.945
1664186040,+3.49,+19.256, +8.418,+0.945
1664186100,+3.49,+19.265, +8.474,+0.945
1664186160,+3.49,+19.248, +8.469,+0.945
1664186220,+3.49,+19.239, +8.493,+0.945
1664186280,+3.49,+19.265, +8.473,+0.945
1664186340,+3.49,+19.239, +8.511,+0.945
1664186400,+3.49,+19.256, +8.478,+0.945
1664186460,+3.49,+19.256, +8.467,+0.945
1664186520,+3.49,+19.298, +8.419,+0.945
1664186580,+3.49,+19.273, +8.434,+0.945
1664186640,+3.49,+19.248, +8.431,+0.945
1664186700,+3.48,+19.273, +8.386,+0.945
1664186760,+3.49,+19.290, +8.334,+0.945
1664186820,+3.48,+19.290, +8.363,+0.945
1664186880,+3.49,+19.298, +8.343,+0.945
1664186940,+3.49,+19.281, +8.354,+0.945
1664187000,+3.48,+19.273, +8.388,+0.945
1664187060,+3.48,+19.273, +8.417,+0.945
1664187120,+3.49,+19.290, +8.427,+0.945
1664187180,+3.49,+19.290, +8.441,+0.945
1664187240,+3.49,+19.281, +8.447,+0.945
1664187300,+3.49,+19.290, +8.427,+0.945
1664187360,+3.49,+19.281, +8.408,+0.945
1664187420,+3.49,+19.273, +8.382,+0.945
1664187480,+3.49,+19.290, +8.444,+0.945
1664187540,+3.49,+19.281, +8.477,+0.945
1664187600,+3.49,+19.273, +8.470,+0.945
1664187660,+3.49,+19.273, +8.543,+0.945
1664187720,+3.49,+19.273, +8.514,+0.946
1664187780,+3.49,+19.265, +8.486,+0.945
1664187840,+3.49,+19.265, +8.503,+0.945
1664187900,+3.49,+19.256, +8.487,+0.945
1664187960,+3.49,+19.239, +8.533,+0.945
1664188020,+3.49,+19.239, +8.491,+0.945
1664188080,+3.49,+19.256, +8.460,+0.945
1664188140,+3.49,+19.256, +8.458,+0.945
1664188200,+3.49,+19.206, +8.457,+0.945
1664188260,+3.49,+19.206, +8.525,+0.945
1664188320,+3.49,+19.223, +8.567,+0.945
1664188380,+3.49,+19.248, +8.586,+0.945
1664188440,+3.49,+19.231, +8.587,+0.945
1664188500,+3.49,+19.214, +8.597,+0.945
1664188560,+3.49,+19.231, +8.614,+0.945
1664188620,+3.49,+19.231, +8.643,+0.945
1664188680,+3.49,+19.231, +8.660,+0.946
1664188740,+3.49,+19.223, +8.645,+0.946
1664188800,+3.49,+19.239, +8.631,+0.945
1664188860,+3.49,+19.239, +8.627,+0.945
1664188920,+3.49,+19.248, +8.626,+0.945
1664188980,+3.49,+19.256, +8.632,+0.945
1664189040,+3.49,+19.256, +8.610,+0.945
1664189100,+3.49,+19.256, +8.587,+0.945
1664189160,+3.49,+19.256, +8.531,+0.945
1664189220,+3.49,+19.239, +8.477,+0.945
1664189280,+3.49,+19.265, +8.493,+0.945
1664189340,+3.49,+19.248, +8.434,+0.945
1664189400,+3.49,+19.273, +8.333,+0.945
1664189460,+3.49,+19.273, +8.229,+0.945
1664189520,+3.49,+19.256, +8.136,+0.945
1664189580,+3.49,+19.231, +8.024,+0.945
1664189640,+3.49,+19.239, +8.002,+0.945
1664189700,+3.49,+19.265, +7.986,+0.945
1664189760,+3.49,+19.256, +7.987,+0.945
1664189820,+3.49,+19.248, +7.998,+0.945
1664189880,+3.49,+19.239, +8.050,+0.945
1664189940,+3.49,+19.239, +8.035,+0.945
1664190000,+3.49,+19.223, +8.041,+0.945
1664190060,+3.49,+19.248, +8.034,+0.945
1664190120,+3.49,+19.231, +8.084,+0.945
1664190180,+3.49,+19.231, +8.236,+0.945
1664190240,+3.49,+19.248, +8.283,+0.945
1664190300,+3.49,+19.239, +8.411,+0.945
1664190360,+3.49,+19.239, +8.545,+0.945
1664190420,+3.49,+19.239, +8.580,+0.945
1664190480,+3.49,+19.248, +8.597,+0.945
1664190540,+3.49,+19.239, +8.581,+0.945
1664190600,+3.49,+19.273, +8.546,+0.945
1664190660,+3.49,+19.239, +8.561,+0.945
1664190720,+3.48,+19.281, +8.535,+0.945
1664190780,+3.49,+19.290, +8.486,+0.945
1664190840,+3.49,+19.273, +8.470,+0.945
1664190900,+3.49,+19.265, +8.521,+0.945
1664190960,+3.49,+19.281, +8.546,+0.945
1664191020,+3.49,+19.265, +8.474,+0.945
1664191080,+3.49,+19.290, +8.483,+0.945
1664191140,+3.49,+19.281, +8.494,+0.945
1664191200,+3.49,+19.273, +8.472,+0.945
1664191260,+3.48,+19.306, +8.400,+0.945
1664191320,+3.49,+19.315, +8.345,+0.945
1664191380,+3.49,+19.290, +8.405,+0.945
1664191440,+3.48,+19.298, +8.369,+0.945
1664191500,+3.49,+19.290, +8.359,+0.945
1664191560,+3.49,+19.290, +8.342,+0.945
1664191620,+3.49,+19.265, +8.320,+0.945
1664191680,+3.49,+19.298, +8.243,+0.945
1664191740,+3.48,+19.306, +8.223,+0.945
1664191800,+3.49,+19.290, +8.554,+0.945
1664191860,+3.49,+19.281, +8.618,+0.945
1664191920,+3.49,+19.306, +8.621,+0.945
1664191980,+3.48,+19.315, +8.633,+0.946
1664192040,+3.48,+19.306, +8.622,+0.945
1664192100,+3.48,+19.298, +8.623,+0.945
1664192160,+3.49,+19.298, +8.615,+0.945
1664192220,+3.49,+19.298, +8.624,+0.946
1664192280,+3.49,+19.298, +8.621,+0.945
1664192340,+3.49,+19.298, +8.630,+0.945
1664192400,+3.49,+19.298, +8.639,+0.945
1664192460,+3.49,+19.290, +8.639,+0.945
1664192520,+3.49,+19.281, +8.650,+0.945
1664192580,+3.48,+19.298, +8.643,+0.945
1664192640,+3.49,+19.290, +8.644,+0.945
1664192700,+3.49,+19.290, +8.653,+0.945
1664192760,+3.48,+19.315, +8.653,+0.945
1664192820,+3.49,+19.256, +8.691,+0.945
1664192880,+3.49,+19.223, +8.719,+0.945
1664192940,+3.49,+19.164, +8.705,+0.945
1664193000,+3.49,+19.147, +8.739,+0.946
1664193060,+3.49,+19.147, +8.739,+0.945
1664193120,+3.49,+19.139, +8.743,+0.945
1664193180,+3.49,+19.122, +8.753,+0.945
1664193240,+3.49,+19.113, +8.750,+0.945
1664193300,+3.49,+19.130, +8.742,+0.945
1664193360,+3.49,+19.097, +8.741,+0.945
1664193420,+3.49,+19.105, +8.757,+0.945
1664193480,+3.49,+19.105, +8.752,+0.945
1664193540,+3.49,+19.071, +8.775,+0.945
1664193600,+3.49,+19.063, +8.768,+0.945
1664193660,+3.49,+19.055, +8.754,+0.945
1664193720,+3.49,+19.029, +8.782,+0.945
1664193780,+3.49,+19.029, +8.781,+0.945
1664193840,+3.48,+18.962, +8.815,+0.945
1664193900,+3.48,+18.971, +8.801,+0.945
1664193960,+3.48,+18.920, +8.823,+0.946
1664194020,+3.48,+18.912, +8.826,+0.946
1664194080,+3.48,+18.895, +8.827,+0.945
1664194140,+3.48,+18.895, +8.811,+0.945
1664194200,+3.48,+18.870, +8.781,+0.945
1664194260,+3.48,+18.769, +8.577,+0.945
1664194320,+3.48,+18.702, +8.554,+0.945
1664194380,+3.48,+18.626, +8.453,+0.945
1664194440,+3.48,+18.584, +8.458,+0.945
1664194500,+3.48,+18.626, +8.619,+0.945
1664194560,+3.48,+18.668, +8.710,+0.945
1664194620,+3.48,+18.685, +8.730,+0.945
1664194680,+3.48,+18.702, +8.765,+0.946
1664194740,+3.48,+18.710, +8.762,+0.946
1664194800,+3.48,+18.718, +8.755,+0.945
1664194860,+3.48,+18.735, +8.740,+0.945
1664194920,+3.48,+18.718, +8.739,+0.945
1664194980,+3.48,+18.727, +8.743,+0.945
1664195040,+3.48,+18.718, +8.745,+0.946
1664195100,+3.48,+18.718, +8.737,+0.945
1664195160,+3.48,+18.727, +8.751,+0.946
1664195220,+3.48,+18.735, +8.759,+0.945
1664195280,+3.48,+18.735, +8.759,+0.946
1664195340,+3.48,+18.710, +8.749,+0.946
1664195400,+3.48,+18.727, +8.764,+0.945
1664195460,+3.48,+18.718, +8.762,+0.945
1664195520,+3.48,+18.752, +8.766,+0.946
1664195580,+3.48,+18.744, +8.755,+0.945
1664195640,+3.48,+18.760, +8.783,+0.945
1664195700,+3.48,+18.777, +8.795,+0.945
1664195760,+3.48,+18.735, +8.715,+0.946
1664195820,+3.48,+18.727, +8.690,+0.945
1664195880,+3.48,+18.710, +8.681,+0.945
1664195940,+3.48,+18.735, +8.723,+0.945
1664196000,+3.48,+18.727, +8.767,+0.945
1664196060,+3.48,+18.769, +8.757,+0.945
1664196120,+3.48,+18.727, +8.730,+0.945
1664196180,+3.48,+18.744, +8.702,+0.945
1664196240,+3.48,+18.718, +8.735,+0.946
1664196300,+3.48,+18.744, +8.708,+0.945
1664196360,+3.48,+18.744, +8.731,+0.945
1664196420,+3.48,+18.735, +8.764,+0.945
1664196480,+3.48,+18.769, +8.788,+0.945
1664196540,+3.48,+18.794, +8.841,+0.946
1664196600,+3.48,+18.828, +8.945,+0.946
1664196660,+3.48,+18.836, +8.986,+0.945
1664196720,+3.48,+18.861, +8.991,+0.946
1664196780,+3.48,+18.870, +8.996,+0.946
1664196840,+3.48,+18.870, +8.979,+0.945
1664196900,+3.48,+18.878, +8.995,+0.945
1664196960,+3.48,+18.895, +9.022,+0.945
1664197020,+3.48,+18.903, +9.016,+0.946
1664197080,+3.48,+18.903, +9.016,+0.946
1664197140,+3.48,+18.903, +9.021,+0.946
1664197200,+3.48,+18.912, +9.005,+0.945
1664197260,+3.48,+18.929, +9.012,+0.945
1664197320,+3.48,+18.929, +9.008,+0.946
1664197380,+3.48,+18.912, +9.002,+0.945
1664197440,+3.48,+18.912, +9.007,+0.945
1664197500,+3.48,+18.920, +9.018,+0.946
1664197560,+3.48,+18.912, +9.022,+0.945
1664197620,+3.48,+18.945, +9.092,+0.946
1664197680,+3.48,+18.962, +9.126,+0.946
1664197740,+3.48,+18.971, +9.119,+0.946
1664197800,+3.48,+18.979, +9.108,+0.945
1664197860,+3.48,+18.979, +9.108,+0.945
1664197920,+3.48,+18.996, +9.085,+0.946
1664197980,+3.48,+18.979, +9.085,+0.946
1664198040,+3.48,+18.987, +9.079,+0.946
1664198100,+3.48,+18.987, +9.069,+0.945
1664198160,+3.48,+18.971, +9.066,+0.945
1664198220,+3.48,+19.029, +9.044,+0.946
1664198280,+3.48,+19.004, +9.089,+0.945
1664198340,+3.49,+19.013, +9.052,+0.946
1664198400,+3.48,+19.013, +9.035,+0.945
1664198460,+3.48,+19.004, +9.043,+0.945
1664198520,+3.49,+19.013, +9.071,+0.946
1664198580,+3.48,+19.013, +9.069,+0.946
1664198640,+3.48,+19.004, +9.071,+0.945
1664198700,+3.48,+19.004, +9.070,+0.946
1664198760,+3.48,+19.013, +9.179,+0.946
1664198820,+3.48,+18.996, +9.243,+0.946
1664198880,+3.48,+19.013, +9.208,+0.946
1664198940,+3.49,+19.013, +9.226,+0.946
1664199000,+3.48,+19.004, +9.238,+0.946
1664199060,+3.49,+19.021, +9.231,+0.946
1664199120,+3.48,+19.004, +9.212,+0.946
1664199180,+3.49,+19.021, +9.170,+0.945
1664199240,+3.49,+19.029, +9.168,+0.946
1664199300,+3.49,+19.038, +9.168,+0.946
1664199360,+3.48,+19.004, +9.176,+0.946
1664199420,+3.48,+19.029, +9.164,+0.946
1664199480,+3.49,+19.046, +9.158,+0.946
1664199540,+3.49,+19.038, +9.172,+0.945
1664199600,+3.49,+19.029, +9.197,+0.946
1664199660,+3.49,+19.029, +9.196,+0.945
1664199720,+3.49,+19.038, +9.201,+0.946
1664199780,+3.49,+19.046, +9.206,+0.945
1664199840,+3.49,+19.038, +9.223,+0.946
1664199900,+3.49,+19.046, +9.245,+0.946
1664199960,+3.48,+19.029, +9.266,+0.946
1664200020,+3.48,+19.013, +9.276,+0.946
1664200080,+3.48,+19.021, +9.302,+0.946
1664200140,+3.48,+19.038, +9.287,+0.946
1664200200,+3.49,+19.029, +9.282,+0.946
1664200260,+3.49,+19.055, +9.217,+0.945
1664200320,+3.49,+19.063, +9.211,+0.945
1664200380,+3.49,+19.071, +9.212,+0.945
1664200440,+3.48,+19.055, +9.236,+0.946
1664200500,+3.49,+19.088, +9.221,+0.946
1664200560,+3.49,+19.063, +9.228,+0.945
1664200620,+3.49,+19.063, +9.236,+0.946
1664200680,+3.49,+19.080, +9.232,+0.946
1664200740,+3.49,+19.097, +9.217,+0.946
1664200800,+3.49,+19.088, +9.233,+0.946
1664200860,+3.49,+19.097, +9.229,+0.945
1664200920,+3.49,+19.080, +9.244,+0.946
1664200980,+3.49,+19.071, +9.250,+0.946
1664201040,+3.49,+19.097, +9.242,+0.946
1664201100,+3.49,+19.080, +9.243,+0.945
1664201160,+3.49,+19.097, +9.265,+0.946
1664201220,+3.49,+19.097, +9.262,+0.946
1664201280,+3.49,+19.105, +9.268,+0.946
1664201340,+3.49,+19.088, +9.284,+0.946
1664201400,+3.49,+19.097, +9.285,+0.946
1664201460,+3.49,+19.088, +9.290,+0.946
1664201520,+3.49,+19.088, +9.312,+0.946
1664201580,+3.49,+19.088, +9.307,+0.945
1664201640,+3.49,+19.088, +9.311,+0.946
1664201700,+3.49,+19.097, +9.311,+0.945
1664201760,+3.49,+19.105, +9.299,+0.945
1664201820,+3.48,+19.105, +9.311,+0.945
1664201880,+3.49,+19.105, +9.325,+0.946
1664201940,+3.48,+19.105, +9.342,+0.946
1664202000,+3.49,+19.105, +9.365,+0.946
1664202060,+3.48,+19.105, +9.359,+0.945
1664202120,+3.49,+19.105, +9.372,+0.946
1664202180,+3.49,+19.105, +9.362,+0.946
1664202240,+3.49,+19.122, +9.365,+0.946
1664202300,+3.49,+19.122, +9.371,+0.946
1664202360,+3.49,+19.097, +9.419,+0.946
1664202420,+3.48,+19.105, +9.425,+0.946
1664202480,+3.49,+19.097, +9.426,+0.946
1664202540,+3.49,+19.105, +9.425,+0.946
1664202600,+3.49,+19.105, +9.419,+0.946
1664202660,+3.49,+19.130, +9.429,+0.946
1664202720,+3.49,+19.130, +9.461,+0.946
1664202780,+3.49,+19.122, +9.457,+0.946
1664202840,+3.49,+19.130, +9.459,+0.946
1664202900,+3.49,+19.130, +9.466,+0.946
1664202960,+3.49,+19.122, +9.487,+0.946
1664203020,+3.49,+19.122, +9.499,+0.946
1664203080,+3.49,+19.130, +9.495,+0.946
1664203140,+3.49,+19.113, +9.504,+0.946
1664203200,+3.49,+19.113, +9.493,+0.946
1664203260,+3.49,+19.139, +9.489,+0.946
1664203320,+3.49,+19.122, +9.500,+0.946
1664203380,+3.48,+19.130, +9.507,+0.946
1664203440,+3.48,+19.122, +9.526,+0.946
1664203500,+3.49,+19.105, +9.533,+0.946
1664203560,+3.49,+19.113, +9.529,+0.946
1664203620,+3.49,+19.155, +9.538,+0.946
1664203680,+3.48,+19.147, +9.583,+0.946
1664203740,+3.49,+19.139, +9.544,+0.946
1664203800,+3.49,+19.147, +9.538,+0.946
1664203860,+3.49,+19.130, +9.529,+0.946
1664203920,+3.49,+19.155, +9.535,+0.946
1664203980,+3.48,+19.113, +9.543,+0.946
1664204040,+3.49,+19.105, +9.555,+0.946
1664204100,+3.49,+19.130, +9.537,+0.946
1664204160,+3.49,+19.122, +9.545,+0.946
1664204220,+3.49,+19.105, +9.553,+0.946
1664204280,+3.49,+19.139, +9.531,+0.945
1664204340,+3.49,+19.113, +9.550,+0.946
1664204400,+3.49,+19.130, +9.574,+0.946
1664204460,+3.49,+19.130, +9.589,+0.946
1664204520,+3.49,+19.139, +9.620,+0.946
1664204580,+3.49,+19.139, +9.621,+0.946
1664204640,+3.49,+19.189, +9.613,+0.946
1664204700,+3.49,+19.206, +9.612,+0.946
1664204760,+3.48,+19.206, +9.604,+0.946
1664204820,+3.48,+19.214, +9.623,+0.947
1664204880,+3.48,+19.214, +9.576,+0.946
1664204940,+3.48,+19.231, +9.640,+0.946
1664205000,+3.48,+19.256, +9.694,+0.946
1664205060,+3.49,+19.281, +9.755,+0.946
1664205120,+3.48,+19.281, +9.806,+0.947
1664205180,+3.48,+19.315, +9.869,+0.947
1664205240,+3.48,+19.315, +9.894,+0.946
1664205300,+3.48,+19.340, +9.873,+0.946
1664205360,+3.48,+19.332, +9.926,+0.946
1664205420,+3.48,+19.323, +9.903,+0.946
1664205480,+3.48,+19.323, +9.923,+0.946
1664205540,+3.48,+19.340, +9.967,+0.946
1664205600,+3.48,+19.323, +9.882,+0.946
1664205660,+3.48,+19.306, +9.791,+0.947
1664205720,+3.48,+19.281, +9.723,+0.946
1664205780,+3.48,+19.265, +9.728,+0.946
1664205840,+3.48,+19.248, +9.716,+0.946
1664205900,+3.49,+19.248, +9.859,+0.947
1664205960,+3.49,+19.273, +9.831,+0.946
1664206020,+3.48,+19.256, +9.777,+0.946
1664206080,+3.48,+19.231, +9.886,+0.946
1664206140,+3.48,+19.273, +9.953,+0.946
1664206200,+3.48,+19.290, +9.995,+0.946
1664206260,+3.48,+19.306, +9.925,+0.946
1664206320,+3.48,+19.281, +9.746,+0.946
1664206380,+3.48,+19.273, +9.784,+0.947
1664206440,+3.48,+19.281, +9.849,+0.946
1664206500,+3.48,+19.298, +9.830,+0.946
1664206560,+3.48,+19.298, +9.864,+0.946
1664206620,+3.48,+19.298, +9.866,+0.947
1664206680,+3.48,+19.290, +9.912,+0.946
1664206740,+3.49,+19.298, +9.874,+0.946
1664206800,+3.49,+19.323, +9.942,+0.947
1664206860,+3.48,+19.323, +9.909,+0.946
1664206920,+3.48,+19.323, +9.919,+0.947
1664206980,+3.48,+19.323, +9.919,+0.947
1664207040,+3.48,+19.315, +9.900,+0.946
1664207100,+3.48,+19.323, +9.946,+0.946
1664207160,+3.48,+19.323, +9.954,+0.946
1664207220,+3.48,+19.365,+10.053,+0.947
1664207280,+3.48,+19.374,+10.000,+0.946
1664207340,+3.48,+19.374,+10.038,+0.947
1664207400,+3.48,+19.382, +9.987,+0.946
1664207460,+3.48,+19.382, +9.999,+0.947
1664207520,+3.48,+19.365, +9.897,+0.946
1664207580,+3.48,+19.399,+10.020,+0.947
1664207640,+3.48,+19.390, +9.934,+0.946
1664207700,+3.48,+19.374, +9.934,+0.946
1664207760,+3.48,+19.348, +9.782,+0.946
1664207820,+3.48,+19.306, +9.627,+0.946
1664207880,+3.48,+19.281, +9.803,+0.947
1664207940,+3.48,+19.315, +9.699,+0.946
1664208000,+3.48,+19.273, +9.783,+0.947
1664208060,+3.48,+19.306, +9.823,+0.946
1664208120,+3.48,+19.306, +9.465,+0.946
1664208180,+3.48,+19.281, +9.535,+0.946
1664208240,+3.48,+19.281, +9.607,+0.946
1664208300,+3.49,+19.290, +9.599,+0.946
1664208360,+3.48,+19.273, +9.775,+0.946
1664208420,+3.49,+19.273, +9.557,+0.946
1664208480,+3.48,+19.281, +9.573,+0.946
1664208540,+3.48,+19.265, +9.614,+0.946
1664208600,+3.49,+19.248, +9.504,+0.946
1664208660,+3.49,+19.273, +9.535,+0.946
1664208720,+3.49,+19.265, +9.745,+0.946
1664208780,+3.49,+19.273, +9.680,+0.946
1664208840,+3.49,+19.290, +9.714,+0.946
1664208900,+3.48,+19.315, +9.641,+0.946
1664208960,+3.49,+19.298, +9.582,+0.946
1664209020,+3.48,+19.323, +9.795,+0.946
1664209080,+3.48,+19.374, +9.868,+0.947
1664209140,+3.48,+19.382, +9.898,+0.946
1664209200,+3.48,+19.416, +9.961,+0.947
1664209260,+3.48,+19.441, +9.920,+0.947
1664209320,+3.48,+19.441, +9.947,+0.946
1664209380,+3.48,+19.458, +9.906,+0.946
1664209440,+3.48,+19.458, +9.876,+0.946
1664209500,+3.48,+19.432, +9.812,+0.947
1664209560,+3.48,+19.441, +9.868,+0.946
1664209620,+3.48,+19.432, +9.801,+0.946
1664209680,+3.48,+19.449, +9.684,+0.946
1664209740,+3.48,+19.432, +9.895,+0.946
1664209800,+3.48,+19.466, +9.913,+0.946
1664209860,+3.48,+19.441, +9.931,+0.947
1664209920,+3.48,+19.458, +9.923,+0.946
1664209980,+3.48,+19.466, +9.965,+0.947
1664210040,+3.48,+19.466, +9.878,+0.947
1664210100,+3.48,+19.474, +9.998,+0.947
1664210160,+3.48,+19.466, +9.905,+0.947
1664210220,+3.48,+19.483, +9.962,+0.946
1664210280,+3.48,+19.474, +9.876,+0.946
1664210340,+3.48,+19.483, +9.956,+0.946
1664210400,+3.48,+19.499, +9.952,+0.947
1664210460,+3.48,+19.499, +9.919,+0.946
1664210520,+3.48,+19.466, +9.750,+0.946
1664210580,+3.48,+19.449, +9.753,+0.946
1664210640,+3.48,+19.458, +9.743,+0.946
1664210700,+3.48,+19.441, +9.754,+0.946
1664210760,+3.48,+19.474, +9.899,+0.946
1664210820,+3.48,+19.449, +9.626,+0.946
1664210880,+3.48,+19.441, +9.741,+0.946
1664210940,+3.48,+19.407, +9.469,+0.946
1664211000,+3.48,+19.407, +9.642,+0.946
