7450-364333
OS REV: 1.05 Sensor Cal: 1644948279
Time (sec),  BV (Volts),  T (deg C),  DO (mg/l),  Q ()
1666025460,+3.48,+17.132, +9.477,+0.940
1666025520,+3.48,+17.140, +9.467,+0.940
1666025580,+3.48,+17.132, +9.489,+0.941
1666025640,+3.48,+17.132, +9.498,+0.941
1666025700,+3.48,+17.132, +9.492,+0.940
1666025760,+3.48,+17.140, +9.502,+0.940
1666025820,+3.48,+17.157, +9.526,+0.940
1666025880,+3.48,+17.140, +9.545,+0.941
1666025940,+3.48,+17.132, +9.555,+0.941
1666026000,+3.48,+17.115, +9.560,+0.940
1666026060,+3.48,+17.123, +9.554,+0.941
1666026120,+3.48,+17.123, +9.557,+0.941
1666026180,+3.48,+17.132, +9.555,+0.941
1666026240,+3.48,+17.123, +9.548,+0.940
1666026300,+3.48,+17.132, +9.545,+0.941
1666026360,+3.48,+17.140, +9.542,+0.940
1666026420,+3.48,+17.140, +9.539,+0.941
1666026480,+3.48,+17.132, +9.524,+0.941
1666026540,+3.48,+17.132, +9.514,+0.940
1666026600,+3.48,+17.140, +9.510,+0.941
1666026660,+3.48,+17.166, +9.493,+0.940
1666026720,+3.48,+17.140, +9.487,+0.940
1666026780,+3.48,+17.149, +9.485,+0.941
1666026840,+3.48,+17.132, +9.489,+0.941
1666026900,+3.48,+17.140, +9.485,+0.940
1666026960,+3.48,+17.149, +9.480,+0.940
1666027020,+3.48,+17.140, +9.490,+0.941
1666027080,+3.48,+17.157, +9.479,+0.941
1666027140,+3.48,+17.149, +9.492,+0.940
1666027200,+3.48,+17.149, +9.469,+0.940
1666027260,+3.48,+17.149, +9.457,+0.941
1666027320,+3.48,+17.140, +9.444,+0.940
1666027380,+3.48,+17.166, +9.433,+0.941
1666027440,+3.48,+17.166, +9.444,+0.941
1666027500,+3.48,+17.157, +9.453,+0.941
1666027560,+3.48,+17.174, +9.455,+0.940
1666027620,+3.48,+17.191, +9.470,+0.940
1666027680,+3.48,+17.191, +9.487,+0.941
1666027740,+3.48,+17.166, +9.535,+0.941
1666027800,+3.48,+17.174, +9.538,+0.941
1666027860,+3.48,+17.174, +9.540,+0.940
1666027920,+3.48,+17.157, +9.554,+0.940
1666027980,+3.48,+17.157, +9.582,+0.941
1666028040,+3.48,+17.174, +9.590,+0.940
1666028100,+3.48,+17.157, +9.613,+0.941
1666028160,+3.48,+17.157, +9.619,+0.941
1666028220,+3.48,+17.174, +9.609,+0.940
1666028280,+3.48,+17.166, +9.611,+0.940
1666028340,+3.48,+17.174, +9.619,+0.941
1666028400,+3.48,+17.174, +9.603,+0.940
1666028460,+3.48,+17.157, +9.607,+0.940
1666028520,+3.48,+17.174, +9.623,+0.941
1666028580,+3.48,+17.182, +9.633,+0.941
1666028640,+3.48,+17.157, +9.629,+0.940
1666028700,+3.48,+17.174, +9.626,+0.940
1666028760,+3.48,+17.140, +9.631,+0.940
1666028820,+3.48,+17.157, +9.617,+0.941
1666028880,+3.48,+17.174, +9.617,+0.941
1666028940,+3.48,+17.166, +9.615,+0.940
1666029000,+3.48,+17.166, +9.591,+0.941
1666029060,+3.48,+17.166, +9.616,+0.941
1666029120,+3.48,+17.157, +9.618,+0.941
1666029180,+3.48,+17.174, +9.648,+0.941
1666029240,+3.48,+17.174, +9.629,+0.941
1666029300,+3.48,+17.199, +9.652,+0.941
1666029360,+3.48,+17.191, +9.658,+0.941
1666029420,+3.48,+17.166, +9.636,+0.941
1666029480,+3.48,+17.157, +9.612,+0.941
1666029540,+3.48,+17.157, +9.642,+0.941
1666029600,+3.48,+17.149, +9.599,+0.941
1666029660,+3.48,+17.157, +9.550,+0.941
1666029720,+3.48,+17.166, +9.516,+0.941
1666029780,+3.48,+17.182, +9.492,+0.940
1666029840,+3.48,+17.174, +9.496,+0.941
1666029900,+3.48,+17.166, +9.563,+0.940
1666029960,+3.48,+17.174, +9.525,+0.941
1666030020,+3.48,+17.166, +9.611,+0.941
1666030080,+3.48,+17.174, +9.647,+0.940
1666030140,+3.48,+17.157, +9.642,+0.941
1666030200,+3.48,+17.174, +9.613,+0.941
1666030260,+3.48,+17.174, +9.581,+0.941
1666030320,+3.48,+17.166, +9.675,+0.941
1666030380,+3.48,+17.182, +9.647,+0.941
1666030440,+3.48,+17.174, +9.709,+0.941
1666030500,+3.48,+17.174, +9.728,+0.941
1666030560,+3.48,+17.174, +9.751,+0.941
1666030620,+3.48,+17.157, +9.753,+0.941
1666030680,+3.48,+17.174, +9.745,+0.941
1666030740,+3.48,+17.182, +9.761,+0.941
1666030800,+3.48,+17.182, +9.758,+0.941
1666030860,+3.48,+17.174, +9.744,+0.940
1666030920,+3.48,+17.191, +9.784,+0.941
1666030980,+3.48,+17.182, +9.798,+0.941
1666031040,+3.48,+17.199, +9.796,+0.941
1666031100,+3.48,+17.191, +9.815,+0.941
1666031160,+3.48,+17.199, +9.809,+0.941
1666031220,+3.48,+17.182, +9.856,+0.941
1666031280,+3.48,+17.208, +9.853,+0.941
1666031340,+3.48,+17.182, +9.817,+0.941
1666031400,+3.48,+17.191, +9.715,+0.941
1666031460,+3.48,+17.199, +9.773,+0.941
1666031520,+3.48,+17.225, +9.710,+0.941
1666031580,+3.48,+17.191, +9.671,+0.940
1666031640,+3.48,+17.208, +9.654,+0.941
1666031700,+3.48,+17.216, +9.614,+0.941
1666031760,+3.48,+17.208, +9.617,+0.941
1666031820,+3.48,+17.199, +9.605,+0.941
1666031880,+3.48,+17.225, +9.593,+0.940
1666031940,+3.48,+17.225, +9.649,+0.941
1666032000,+3.48,+17.225, +9.624,+0.940
1666032060,+3.48,+17.242, +9.622,+0.941
1666032120,+3.48,+17.225, +9.647,+0.940
1666032180,+3.48,+17.242, +9.611,+0.940
1666032240,+3.48,+17.233, +9.549,+0.941
1666032300,+3.48,+17.208, +9.554,+0.941
1666032360,+3.48,+17.233, +9.593,+0.941
1666032420,+3.48,+17.225, +9.587,+0.941
1666032480,+3.48,+17.242, +9.569,+0.940
1666032540,+3.48,+17.259, +9.566,+0.940
1666032600,+3.48,+17.250, +9.574,+0.940
1666032660,+3.48,+17.267, +9.572,+0.941
1666032720,+3.48,+17.233, +9.571,+0.940
1666032780,+3.48,+17.250, +9.537,+0.940
1666032840,+3.48,+17.267, +9.560,+0.941
1666032900,+3.48,+17.267, +9.543,+0.940
1666032960,+3.48,+17.267, +9.543,+0.941
1666033020,+3.48,+17.242, +9.543,+0.940
1666033080,+3.48,+17.267, +9.540,+0.940
1666033140,+3.48,+17.259, +9.502,+0.940
1666033200,+3.48,+17.276, +9.515,+0.940
1666033260,+3.48,+17.267, +9.505,+0.940
1666033320,+3.48,+17.233, +9.523,+0.941
1666033380,+3.48,+17.242, +9.506,+0.940
1666033440,+3.48,+17.259, +9.514,+0.941
1666033500,+3.48,+17.267, +9.511,+0.940
1666033560,+3.48,+17.267, +9.517,+0.941
1666033620,+3.48,+17.276, +9.519,+0.941
1666033680,+3.48,+17.259, +9.516,+0.941
1666033740,+3.48,+17.259, +9.521,+0.941
1666033800,+3.48,+17.267, +9.510,+0.941
1666033860,+3.48,+17.276, +9.519,+0.941
1666033920,+3.48,+17.259, +9.554,+0.941
1666033980,+3.48,+17.250, +9.559,+0.941
1666034040,+3.48,+17.267, +9.548,+0.940
1666034100,+3.48,+17.250, +9.563,+0.941
1666034160,+3.48,+17.267, +9.566,+0.940
1666034220,+3.48,+17.259, +9.569,+0.941
1666034280,+3.48,+17.276, +9.578,+0.941
1666034340,+3.48,+17.276, +9.583,+0.940
1666034400,+3.48,+17.242, +9.587,+0.940
1666034460,+3.48,+17.259, +9.607,+0.941
1666034520,+3.48,+17.259, +9.610,+0.941
1666034580,+3.48,+17.250, +9.614,+0.941
1666034640,+3.48,+17.293, +9.565,+0.941
1666034700,+3.48,+17.276, +9.566,+0.941
1666034760,+3.48,+17.250, +9.619,+0.941
1666034820,+3.48,+17.284, +9.620,+0.941
1666034880,+3.48,+17.259, +9.618,+0.940
1666034940,+3.48,+17.267, +9.630,+0.940
1666035000,+3.48,+17.267, +9.664,+0.941
1666035060,+3.48,+17.267, +9.681,+0.941
1666035120,+3.48,+17.284, +9.670,+0.941
1666035180,+3.48,+17.276, +9.671,+0.940
1666035240,+3.48,+17.259, +9.648,+0.941
1666035300,+3.48,+17.276, +9.712,+0.941
1666035360,+3.48,+17.276, +9.695,+0.941
1666035420,+3.48,+17.259, +9.678,+0.940
1666035480,+3.48,+17.284, +9.678,+0.940
1666035540,+3.48,+17.267, +9.720,+0.941
1666035600,+3.48,+17.284, +9.731,+0.941
1666035660,+3.48,+17.284, +9.719,+0.941
1666035720,+3.48,+17.276, +9.688,+0.940
1666035780,+3.48,+17.259, +9.745,+0.941
1666035840,+3.48,+17.276, +9.724,+0.941
1666035900,+3.48,+17.276, +9.743,+0.941
1666035960,+3.48,+17.267, +9.721,+0.941
1666036020,+3.48,+17.267, +9.734,+0.940
1666036080,+3.48,+17.284, +9.738,+0.941
1666036140,+3.48,+17.284, +9.757,+0.941
1666036200,+3.48,+17.301, +9.754,+0.941
1666036260,+3.48,+17.301, +9.751,+0.941
1666036320,+3.48,+17.276, +9.759,+0.940
1666036380,+3.48,+17.267, +9.766,+0.941
1666036440,+3.48,+17.267, +9.774,+0.941
1666036500,+3.48,+17.259, +9.746,+0.941
1666036560,+3.48,+17.276, +9.754,+0.941
1666036620,+3.48,+17.284, +9.736,+0.941
1666036680,+3.48,+17.284, +9.759,+0.941
1666036740,+3.48,+17.276, +9.770,+0.941
1666036800,+3.48,+17.267, +9.753,+0.941
1666036860,+3.48,+17.276, +9.744,+0.941
1666036920,+3.48,+17.293, +9.719,+0.941
1666036980,+3.48,+17.267, +9.738,+0.941
1666037040,+3.48,+17.276, +9.743,+0.941
1666037100,+3.48,+17.276, +9.726,+0.941
1666037160,+3.48,+17.276, +9.742,+0.941
1666037220,+3.48,+17.250, +9.752,+0.941
1666037280,+3.48,+17.293, +9.735,+0.941
1666037340,+3.48,+17.284, +9.729,+0.941
1666037400,+3.48,+17.284, +9.751,+0.941
1666037460,+3.48,+17.284, +9.746,+0.941
1666037520,+3.48,+17.293, +9.735,+0.941
1666037580,+3.48,+17.284, +9.738,+0.941
1666037640,+3.48,+17.301, +9.720,+0.941
1666037700,+3.48,+17.293, +9.720,+0.941
1666037760,+3.48,+17.293, +9.713,+0.941
1666037820,+3.48,+17.293, +9.729,+0.941
1666037880,+3.48,+17.310, +9.719,+0.941
1666037940,+3.48,+17.293, +9.721,+0.941
1666038000,+3.48,+17.284, +9.730,+0.941
1666038060,+3.48,+17.310, +9.719,+0.940
1666038120,+3.48,+17.310, +9.718,+0.940
1666038180,+3.48,+17.318, +9.708,+0.940
1666038240,+3.48,+17.284, +9.743,+0.941
1666038300,+3.48,+17.301, +9.756,+0.941
1666038360,+3.48,+17.301, +9.758,+0.941
1666038420,+3.48,+17.293, +9.767,+0.941
1666038480,+3.48,+17.293, +9.797,+0.941
1666038540,+3.48,+17.301, +9.772,+0.941
1666038600,+3.48,+17.310, +9.779,+0.941
1666038660,+3.48,+17.301, +9.782,+0.941
1666038720,+3.48,+17.293, +9.824,+0.941
1666038780,+3.48,+17.293, +9.818,+0.941
1666038840,+3.48,+17.276, +9.831,+0.941
1666038900,+3.48,+17.301, +9.820,+0.940
1666038960,+3.48,+17.293, +9.818,+0.941
1666039020,+3.48,+17.301, +9.822,+0.941
1666039080,+3.48,+17.284, +9.824,+0.941
1666039140,+3.48,+17.293, +9.830,+0.941
1666039200,+3.48,+17.293, +9.818,+0.940
1666039260,+3.48,+17.301, +9.820,+0.941
1666039320,+3.48,+17.293, +9.816,+0.941
1666039380,+3.48,+17.293, +9.827,+0.941
1666039440,+3.48,+17.318, +9.819,+0.941
1666039500,+3.48,+17.301, +9.863,+0.941
1666039560,+3.48,+17.301, +9.848,+0.941
1666039620,+3.48,+17.301, +9.842,+0.941
1666039680,+3.48,+17.310, +9.850,+0.941
1666039740,+3.48,+17.301, +9.851,+0.941
1666039800,+3.48,+17.293, +9.846,+0.940
1666039860,+3.48,+17.301, +9.850,+0.941
1666039920,+3.48,+17.301, +9.852,+0.941
1666039980,+3.48,+17.293, +9.864,+0.941
1666040040,+3.48,+17.301, +9.858,+0.941
1666040100,+3.48,+17.293, +9.846,+0.941
1666040160,+3.48,+17.284, +9.837,+0.941
1666040220,+3.48,+17.310, +9.841,+0.941
1666040280,+3.48,+17.301, +9.834,+0.941
1666040340,+3.48,+17.301, +9.821,+0.941
1666040400,+3.48,+17.293, +9.812,+0.941
1666040460,+3.48,+17.284, +9.797,+0.941
1666040520,+3.48,+17.301, +9.757,+0.940
1666040580,+3.48,+17.310, +9.754,+0.941
1666040640,+3.48,+17.301, +9.764,+0.941
1666040700,+3.48,+17.293, +9.781,+0.941
1666040760,+3.48,+17.267, +9.801,+0.941
1666040820,+3.48,+17.284, +9.838,+0.941
1666040880,+3.48,+17.276, +9.846,+0.941
1666040940,+3.48,+17.284, +9.855,+0.941
1666041000,+3.48,+17.284, +9.851,+0.941
1666041060,+3.48,+17.293, +9.868,+0.941
1666041120,+3.48,+17.293, +9.886,+0.941
1666041180,+3.48,+17.293, +9.888,+0.941
1666041240,+3.48,+17.293, +9.883,+0.941
1666041300,+3.48,+17.276, +9.881,+0.941
1666041360,+3.48,+17.301, +9.814,+0.941
1666041420,+3.48,+17.301, +9.820,+0.941
1666041480,+3.48,+17.301, +9.807,+0.941
1666041540,+3.48,+17.293, +9.805,+0.941
1666041600,+3.48,+17.310, +9.859,+0.941
1666041660,+3.48,+17.301, +9.839,+0.941
1666041720,+3.48,+17.276, +9.863,+0.941
1666041780,+3.48,+17.293, +9.872,+0.941
1666041840,+3.48,+17.284, +9.893,+0.942
1666041900,+3.48,+17.293, +9.843,+0.941
1666041960,+3.48,+17.293, +9.829,+0.941
1666042020,+3.48,+17.301, +9.776,+0.941
1666042080,+3.48,+17.318, +9.708,+0.941
1666042140,+3.48,+17.284, +9.751,+0.941
1666042200,+3.48,+17.293, +9.719,+0.941
1666042260,+3.48,+17.293, +9.757,+0.941
1666042320,+3.48,+17.293, +9.798,+0.941
1666042380,+3.48,+17.284, +9.819,+0.941
1666042440,+3.48,+17.284, +9.805,+0.941
1666042500,+3.48,+17.284, +9.784,+0.941
1666042560,+3.48,+17.284, +9.733,+0.941
1666042620,+3.48,+17.276, +9.710,+0.941
1666042680,+3.48,+17.293, +9.654,+0.940
1666042740,+3.48,+17.293, +9.691,+0.941
1666042800,+3.48,+17.284, +9.658,+0.941
1666042860,+3.48,+17.284, +9.639,+0.941
1666042920,+3.48,+17.284, +9.589,+0.940
1666042980,+3.48,+17.284, +9.559,+0.940
1666043040,+3.48,+17.259, +9.556,+0.941
1666043100,+3.48,+17.293, +9.553,+0.941
1666043160,+3.48,+17.293, +9.537,+0.941
1666043220,+3.48,+17.267, +9.530,+0.940
1666043280,+3.48,+17.284, +9.536,+0.941
1666043340,+3.48,+17.259, +9.534,+0.940
1666043400,+3.48,+17.267, +9.528,+0.940
1666043460,+3.48,+17.267, +9.531,+0.941
1666043520,+3.48,+17.242, +9.528,+0.941
1666043580,+3.48,+17.267, +9.526,+0.941
1666043640,+3.48,+17.250, +9.522,+0.941
1666043700,+3.48,+17.259, +9.564,+0.940
1666043760,+3.48,+17.242, +9.571,+0.941
1666043820,+3.48,+17.250, +9.597,+0.940
1666043880,+3.48,+17.242, +9.678,+0.940
1666043940,+3.48,+17.233, +9.699,+0.941
1666044000,+3.48,+17.250, +9.741,+0.941
1666044060,+3.48,+17.250, +9.716,+0.941
1666044120,+3.48,+17.250, +9.741,+0.941
1666044180,+3.48,+17.259, +9.742,+0.941
1666044240,+3.48,+17.267, +9.692,+0.941
1666044300,+3.48,+17.250, +9.763,+0.941
1666044360,+3.48,+17.242, +9.814,+0.941
1666044420,+3.48,+17.259, +9.807,+0.941
1666044480,+3.48,+17.259, +9.798,+0.941
1666044540,+3.48,+17.242, +9.766,+0.941
1666044600,+3.48,+17.250, +9.747,+0.940
1666044660,+3.48,+17.242, +9.769,+0.941
1666044720,+3.48,+17.259, +9.759,+0.941
1666044780,+3.48,+17.242, +9.725,+0.941
1666044840,+3.48,+17.250, +9.736,+0.941
1666044900,+3.48,+17.233, +9.709,+0.940
1666044960,+3.48,+17.242, +9.637,+0.940
1666045020,+3.48,+17.250, +9.724,+0.941
1666045080,+3.48,+17.250, +9.742,+0.940
1666045140,+3.48,+17.259, +9.706,+0.941
1666045200,+3.48,+17.242, +9.744,+0.941
1666045260,+3.48,+17.267, +9.768,+0.941
1666045320,+3.48,+17.259, +9.756,+0.941
1666045380,+3.48,+17.259, +9.778,+0.941
1666045440,+3.48,+17.259, +9.752,+0.941
1666045500,+3.48,+17.259, +9.762,+0.941
1666045560,+3.48,+17.276, +9.765,+0.940
1666045620,+3.48,+17.242, +9.793,+0.941
1666045680,+3.48,+17.259, +9.766,+0.940
1666045740,+3.48,+17.267, +9.771,+0.941
1666045800,+3.48,+17.259, +9.762,+0.941
1666045860,+3.48,+17.267, +9.757,+0.941
1666045920,+3.48,+17.250, +9.790,+0.941
1666045980,+3.48,+17.259, +9.794,+0.941
1666046040,+3.48,+17.259, +9.786,+0.940
1666046100,+3.48,+17.267, +9.779,+0.941
1666046160,+3.48,+17.284, +9.784,+0.941
1666046220,+3.48,+17.267, +9.779,+0.941
1666046280,+3.48,+17.259, +9.786,+0.941
1666046340,+3.48,+17.250, +9.791,+0.941
1666046400,+3.48,+17.259, +9.778,+0.941
1666046460,+3.48,+17.259, +9.782,+0.941
1666046520,+3.48,+17.259, +9.806,+0.941
1666046580,+3.48,+17.259, +9.819,+0.941
1666046640,+3.48,+17.267, +9.813,+0.941
1666046700,+3.48,+17.276, +9.795,+0.940
1666046760,+3.48,+17.267, +9.780,+0.940
1666046820,+3.48,+17.267, +9.809,+0.941
1666046880,+3.48,+17.267, +9.809,+0.941
1666046940,+3.48,+17.267, +9.828,+0.941
1666047000,+3.48,+17.267, +9.813,+0.941
1666047060,+3.48,+17.267, +9.807,+0.941
1666047120,+3.48,+17.276, +9.787,+0.941
1666047180,+3.48,+17.259, +9.831,+0.941
1666047240,+3.48,+17.284, +9.829,+0.941
1666047300,+3.48,+17.267, +9.821,+0.941
1666047360,+3.48,+17.250, +9.835,+0.941
1666047420,+3.48,+17.267, +9.823,+0.941
1666047480,+3.48,+17.276, +9.811,+0.941
1666047540,+3.48,+17.267, +9.804,+0.941
1666047600,+3.48,+17.259, +9.803,+0.941
1666047660,+3.48,+17.284, +9.777,+0.941
1666047720,+3.48,+17.284, +9.761,+0.940
1666047780,+3.48,+17.267, +9.805,+0.941
1666047840,+3.48,+17.284, +9.812,+0.941
1666047900,+3.48,+17.293, +9.811,+0.941
1666047960,+3.48,+17.284, +9.814,+0.941
1666048020,+3.48,+17.276, +9.805,+0.940
1666048080,+3.48,+17.276, +9.793,+0.940
1666048140,+3.48,+17.284, +9.798,+0.941
1666048200,+3.48,+17.276, +9.786,+0.941
1666048260,+3.48,+17.259, +9.785,+0.941
1666048320,+3.48,+17.267, +9.787,+0.941
1666048380,+3.48,+17.267, +9.783,+0.940
1666048440,+3.48,+17.276, +9.786,+0.941
1666048500,+3.48,+17.267, +9.777,+0.941
1666048560,+3.48,+17.259, +9.782,+0.941
1666048620,+3.48,+17.267, +9.771,+0.941
1666048680,+3.48,+17.284, +9.760,+0.941
1666048740,+3.48,+17.284, +9.763,+0.941
1666048800,+3.48,+17.276, +9.759,+0.941
1666048860,+3.48,+17.284, +9.746,+0.941
1666048920,+3.48,+17.267, +9.759,+0.941
1666048980,+3.48,+17.284, +9.744,+0.940
1666049040,+3.48,+17.301, +9.755,+0.941
1666049100,+3.48,+17.276, +9.769,+0.941
1666049160,+3.48,+17.267, +9.789,+0.941
1666049220,+3.48,+17.259, +9.802,+0.941
1666049280,+3.48,+17.267, +9.795,+0.941
1666049340,+3.48,+17.267, +9.805,+0.941
1666049400,+3.48,+17.267, +9.847,+0.941
1666049460,+3.48,+17.267, +9.857,+0.941
1666049520,+3.48,+17.250, +9.876,+0.941
1666049580,+3.48,+17.276, +9.853,+0.941
1666049640,+3.48,+17.267, +9.849,+0.941
1666049700,+3.48,+17.250, +9.844,+0.940
1666049760,+3.48,+17.267, +9.842,+0.941
1666049820,+3.48,+17.276, +9.842,+0.941
1666049880,+3.48,+17.276, +9.838,+0.941
1666049940,+3.48,+17.267, +9.844,+0.941
1666050000,+3.48,+17.259, +9.851,+0.941
1666050060,+3.48,+17.267, +9.835,+0.941
1666050120,+3.48,+17.267, +9.826,+0.941
1666050180,+3.48,+17.276, +9.801,+0.941
1666050240,+3.48,+17.250, +9.819,+0.941
1666050300,+3.48,+17.259, +9.808,+0.941
1666050360,+3.48,+17.267, +9.782,+0.941
1666050420,+3.48,+17.242, +9.783,+0.941
1666050480,+3.48,+17.259, +9.773,+0.941
1666050540,+3.48,+17.259, +9.786,+0.941
1666050600,+3.48,+17.259, +9.793,+0.941
1666050660,+3.48,+17.267, +9.796,+0.941
1666050720,+3.48,+17.267, +9.767,+0.940
1666050780,+3.48,+17.267, +9.756,+0.941
1666050840,+3.48,+17.259, +9.770,+0.941
1666050900,+3.48,+17.250, +9.781,+0.941
1666050960,+3.48,+17.250, +9.790,+0.941
1666051020,+3.48,+17.259, +9.764,+0.941
1666051080,+3.48,+17.276, +9.739,+0.940
1666051140,+3.48,+17.267, +9.776,+0.941
1666051200,+3.48,+17.259, +9.787,+0.941
1666051260,+3.48,+17.250, +9.749,+0.940
1666051320,+3.48,+17.259, +9.779,+0.941
1666051380,+3.48,+17.267, +9.774,+0.941
1666051440,+3.48,+17.259, +9.801,+0.941
1666051500,+3.48,+17.259, +9.813,+0.941
1666051560,+3.48,+17.267, +9.816,+0.941
1666051620,+3.48,+17.259, +9.842,+0.941
1666051680,+3.48,+17.267, +9.835,+0.941
1666051740,+3.48,+17.250, +9.844,+0.941
1666051800,+3.48,+17.250, +9.816,+0.941
1666051860,+3.48,+17.250, +9.825,+0.941
1666051920,+3.48,+17.250, +9.828,+0.941
1666051980,+3.48,+17.250, +9.832,+0.941
1666052040,+3.48,+17.259, +9.825,+0.941
1666052100,+3.48,+17.259, +9.840,+0.941
1666052160,+3.48,+17.259, +9.854,+0.941
1666052220,+3.48,+17.267, +9.813,+0.941
1666052280,+3.48,+17.242, +9.830,+0.941
1666052340,+3.48,+17.250, +9.832,+0.941
1666052400,+3.48,+17.259, +9.825,+0.941
1666052460,+3.48,+17.242, +9.832,+0.941
1666052520,+3.48,+17.259, +9.818,+0.941
1666052580,+3.48,+17.242, +9.820,+0.941
1666052640,+3.48,+17.259, +9.809,+0.941
1666052700,+3.48,+17.242, +9.817,+0.941
1666052760,+3.48,+17.276, +9.804,+0.941
1666052820,+3.48,+17.250, +9.816,+0.941
1666052880,+3.48,+17.259, +9.778,+0.941
1666052940,+3.48,+17.259, +9.780,+0.940
1666053000,+3.48,+17.259, +9.795,+0.941
1666053060,+3.48,+17.259, +9.791,+0.941
1666053120,+3.48,+17.250, +9.784,+0.941
1666053180,+3.48,+17.242, +9.773,+0.941
1666053240,+3.48,+17.267, +9.736,+0.941
1666053300,+3.48,+17.267, +9.741,+0.941
1666053360,+3.48,+17.259, +9.775,+0.941
1666053420,+3.48,+17.267, +9.782,+0.941
1666053480,+3.48,+17.259, +9.766,+0.941
1666053540,+3.48,+17.259, +9.770,+0.941
1666053600,+3.48,+17.250, +9.773,+0.940
1666053660,+3.48,+17.242, +9.805,+0.941
1666053720,+3.48,+17.250, +9.801,+0.941
1666053780,+3.48,+17.259, +9.797,+0.941
1666053840,+3.48,+17.259, +9.803,+0.941
1666053900,+3.48,+17.233, +9.802,+0.941
1666053960,+3.48,+17.250, +9.801,+0.941
1666054020,+3.48,+17.250, +9.803,+0.941
1666054080,+3.48,+17.267, +9.781,+0.941
1666054140,+3.48,+17.259, +9.793,+0.941
1666054200,+3.48,+17.284, +9.783,+0.941
1666054260,+3.48,+17.259, +9.792,+0.941
1666054320,+3.48,+17.259, +9.790,+0.941
1666054380,+3.48,+17.250, +9.784,+0.941
1666054440,+3.48,+17.242, +9.768,+0.941
1666054500,+3.48,+17.250, +9.759,+0.941
1666054560,+3.48,+17.250, +9.747,+0.941
1666054620,+3.48,+17.259, +9.731,+0.941
1666054680,+3.48,+17.242, +9.727,+0.941
1666054740,+3.48,+17.250, +9.734,+0.941
1666054800,+3.48,+17.242, +9.740,+0.941
1666054860,+3.48,+17.259, +9.707,+0.940
1666054920,+3.48,+17.250, +9.714,+0.941
1666054980,+3.48,+17.250, +9.715,+0.941
1666055040,+3.48,+17.250, +9.704,+0.940
1666055100,+3.48,+17.259, +9.714,+0.941
1666055160,+3.48,+17.242, +9.712,+0.941
1666055220,+3.48,+17.242, +9.699,+0.941
1666055280,+3.48,+17.259, +9.700,+0.941
1666055340,+3.48,+17.259, +9.715,+0.941
1666055400,+3.48,+17.250, +9.723,+0.941
1666055460,+3.48,+17.242, +9.704,+0.940
1666055520,+3.48,+17.250, +9.711,+0.941
1666055580,+3.48,+17.259, +9.714,+0.941
1666055640,+3.48,+17.259, +9.709,+0.941
1666055700,+3.48,+17.242, +9.704,+0.941
1666055760,+3.48,+17.267, +9.691,+0.940
1666055820,+3.48,+17.242, +9.715,+0.941
1666055880,+3.48,+17.259, +9.669,+0.941
1666055940,+3.48,+17.259, +9.651,+0.940
1666056000,+3.48,+17.250, +9.652,+0.941
1666056060,+3.48,+17.250, +9.630,+0.940
1666056120,+3.48,+17.250, +9.633,+0.941
1666056180,+3.48,+17.233, +9.617,+0.941
1666056240,+3.48,+17.242, +9.634,+0.940
1666056300,+3.48,+17.259, +9.616,+0.941
1666056360,+3.48,+17.233, +9.617,+0.941
1666056420,+3.48,+17.259, +9.595,+0.941
1666056480,+3.48,+17.250, +9.576,+0.940
1666056540,+3.48,+17.233, +9.573,+0.940
1666056600,+3.48,+17.242, +9.575,+0.941
1666056660,+3.48,+17.233, +9.569,+0.940
1666056720,+3.48,+17.250, +9.582,+0.941
1666056780,+3.48,+17.250, +9.563,+0.940
1666056840,+3.48,+17.242, +9.572,+0.940
1666056900,+3.48,+17.233, +9.584,+0.941
1666056960,+3.48,+17.233, +9.576,+0.941
1666057020,+3.48,+17.233, +9.578,+0.941
1666057080,+3.48,+17.233, +9.572,+0.941
1666057140,+3.48,+17.233, +9.571,+0.941
1666057200,+3.48,+17.233, +9.568,+0.941
1666057260,+3.48,+17.233, +9.563,+0.940
1666057320,+3.48,+17.225, +9.550,+0.940
1666057380,+3.48,+17.242, +9.551,+0.941
1666057440,+3.48,+17.225, +9.542,+0.940
1666057500,+3.48,+17.259, +9.536,+0.940
1666057560,+3.48,+17.242, +9.546,+0.940
1666057620,+3.48,+17.225, +9.536,+0.941
1666057680,+3.48,+17.233, +9.516,+0.940
1666057740,+3.48,+17.225, +9.505,+0.940
1666057800,+3.48,+17.225, +9.519,+0.941
1666057860,+3.48,+17.233, +9.501,+0.941
1666057920,+3.48,+17.208, +9.509,+0.941
1666057980,+3.48,+17.233, +9.491,+0.940
1666058040,+3.48,+17.225, +9.494,+0.941
1666058100,+3.48,+17.208, +9.514,+0.941
1666058160,+3.48,+17.199, +9.503,+0.941
1666058220,+3.48,+17.216, +9.485,+0.940
1666058280,+3.48,+17.225, +9.498,+0.941
1666058340,+3.48,+17.216, +9.472,+0.940
1666058400,+3.48,+17.225, +9.472,+0.941
1666058460,+3.48,+17.225, +9.468,+0.940
1666058520,+3.48,+17.225, +9.450,+0.940
1666058580,+3.48,+17.216, +9.457,+0.940
1666058640,+3.48,+17.216, +9.429,+0.940
1666058700,+3.48,+17.225, +9.373,+0.940
1666058760,+3.48,+17.216, +9.376,+0.940
1666058820,+3.48,+17.233, +9.395,+0.940
1666058880,+3.48,+17.208, +9.377,+0.940
1666058940,+3.48,+17.225, +9.344,+0.940
1666059000,+3.48,+17.233, +9.326,+0.940
1666059060,+3.48,+17.216, +9.346,+0.940
1666059120,+3.48,+17.208, +9.385,+0.940
1666059180,+3.48,+17.216, +9.324,+0.940
1666059240,+3.48,+17.208, +9.333,+0.940
1666059300,+3.48,+17.225, +9.316,+0.940
1666059360,+3.48,+17.233, +9.287,+0.940
1666059420,+3.48,+17.225, +9.286,+0.940
1666059480,+3.48,+17.250, +9.271,+0.940
1666059540,+3.48,+17.216, +9.236,+0.940
1666059600,+3.48,+17.233, +9.196,+0.940
1666059660,+3.48,+17.233, +9.197,+0.940
1666059720,+3.48,+17.216, +9.218,+0.940
1666059780,+3.48,+17.242, +9.242,+0.941
1666059840,+3.48,+17.242, +9.214,+0.940
1666059900,+3.48,+17.233, +9.253,+0.941
1666059960,+3.48,+17.225, +9.184,+0.940
1666060020,+3.48,+17.225, +9.213,+0.940
1666060080,+3.48,+17.233, +9.175,+0.941
1666060140,+3.48,+17.225, +9.164,+0.940
1666060200,+3.48,+17.233, +9.175,+0.940
1666060260,+3.48,+17.242, +9.137,+0.940
1666060320,+3.48,+17.216, +9.108,+0.940
1666060380,+3.48,+17.225, +9.130,+0.940
1666060440,+3.48,+17.242, +9.114,+0.940
1666060500,+3.48,+17.225, +9.113,+0.940
1666060560,+3.48,+17.233, +9.103,+0.940
1666060620,+3.48,+17.242, +9.104,+0.940
1666060680,+3.48,+17.225, +9.101,+0.940
1666060740,+3.48,+17.242, +9.113,+0.940
1666060800,+3.48,+17.216, +9.200,+0.940
1666060860,+3.48,+17.216, +9.088,+0.940
1666060920,+3.48,+17.216, +9.108,+0.940
1666060980,+3.48,+17.233, +9.078,+0.940
1666061040,+3.48,+17.225, +9.145,+0.941
1666061100,+3.48,+17.216, +9.239,+0.940
1666061160,+3.48,+17.208, +9.165,+0.940
1666061220,+3.48,+17.216, +9.128,+0.940
1666061280,+3.48,+17.216, +9.200,+0.940
1666061340,+3.48,+17.199, +9.217,+0.941
1666061400,+3.48,+17.216, +9.234,+0.940
1666061460,+3.48,+17.199, +9.191,+0.940
1666061520,+3.48,+17.208, +9.239,+0.940
1666061580,+3.48,+17.208, +9.171,+0.940
1666061640,+3.48,+17.208, +9.246,+0.940
1666061700,+3.48,+17.191, +9.246,+0.940
1666061760,+3.48,+17.216, +9.200,+0.940
1666061820,+3.48,+17.216, +9.234,+0.940
1666061880,+3.48,+17.199, +9.194,+0.940
1666061940,+3.48,+17.199, +9.205,+0.940
1666062000,+3.48,+17.199, +9.193,+0.940
1666062060,+3.48,+17.225, +9.185,+0.940
1666062120,+3.48,+17.199, +9.205,+0.941
1666062180,+3.48,+17.208, +9.196,+0.941
1666062240,+3.48,+17.191, +9.205,+0.940
1666062300,+3.48,+17.216, +9.182,+0.941
1666062360,+3.48,+17.199, +9.166,+0.940
1666062420,+3.48,+17.225, +9.173,+0.940
1666062480,+3.48,+17.199, +9.191,+0.940
1666062540,+3.48,+17.199, +9.195,+0.940
1666062600,+3.48,+17.199, +9.194,+0.940
1666062660,+3.48,+17.199, +9.235,+0.940
1666062720,+3.48,+17.199, +9.237,+0.940
1666062780,+3.48,+17.216, +9.244,+0.940
1666062840,+3.48,+17.191, +9.249,+0.940
1666062900,+3.48,+17.199, +9.265,+0.940
1666062960,+3.48,+17.174, +9.269,+0.940
1666063020,+3.48,+17.182, +9.253,+0.940
1666063080,+3.48,+17.174, +9.265,+0.940
1666063140,+3.48,+17.199, +9.248,+0.940
1666063200,+3.48,+17.191, +9.260,+0.940
1666063260,+3.48,+17.199, +9.261,+0.940
1666063320,+3.48,+17.191, +9.241,+0.940
1666063380,+3.48,+17.199, +9.239,+0.940
1666063440,+3.48,+17.199, +9.243,+0.940
1666063500,+3.48,+17.199, +9.236,+0.940
1666063560,+3.48,+17.199, +9.231,+0.940
1666063620,+3.48,+17.208, +9.224,+0.940
1666063680,+3.48,+17.199, +9.230,+0.941
1666063740,+3.48,+17.191, +9.217,+0.940
1666063800,+3.48,+17.191, +9.217,+0.941
1666063860,+3.48,+17.191, +9.213,+0.940
1666063920,+3.48,+17.208, +9.198,+0.940
1666063980,+3.48,+17.191, +9.195,+0.941
1666064040,+3.48,+17.199, +9.189,+0.940
1666064100,+3.48,+17.191, +9.175,+0.940
1666064160,+3.48,+17.208, +9.181,+0.940
1666064220,+3.48,+17.208, +9.161,+0.940
1666064280,+3.48,+17.199, +9.155,+0.940
1666064340,+3.48,+17.199, +9.154,+0.940
1666064400,+3.48,+17.199, +9.133,+0.940
1666064460,+3.48,+17.199, +9.146,+0.940
1666064520,+3.48,+17.174, +9.156,+0.941
1666064580,+3.48,+17.199, +9.146,+0.940
1666064640,+3.48,+17.208, +9.130,+0.940
1666064700,+3.48,+17.191, +9.113,+0.940
1666064760,+3.48,+17.191, +9.112,+0.940
1666064820,+3.48,+17.208, +9.090,+0.940
1666064880,+3.48,+17.199, +9.084,+0.940
1666064940,+3.48,+17.225, +9.064,+0.940
1666065000,+3.48,+17.199, +9.067,+0.940
1666065060,+3.48,+17.233, +9.022,+0.940
1666065120,+3.48,+17.216, +9.031,+0.940
1666065180,+3.48,+17.233, +9.014,+0.940
1666065240,+3.48,+17.233, +9.009,+0.940
1666065300,+3.48,+17.225, +9.005,+0.940
1666065360,+3.48,+17.216, +8.989,+0.940
1666065420,+3.48,+17.233, +8.924,+0.940
1666065480,+3.48,+17.225, +8.870,+0.940
1666065540,+3.48,+17.216, +8.875,+0.940
1666065600,+3.48,+17.233, +8.859,+0.940
1666065660,+3.48,+17.233, +8.882,+0.940
1666065720,+3.48,+17.233, +8.918,+0.940
1666065780,+3.48,+17.259, +8.904,+0.940
1666065840,+3.48,+17.250, +8.848,+0.940
1666065900,+3.48,+17.259, +8.779,+0.940
1666065960,+3.48,+17.250, +8.748,+0.940
1666066020,+3.48,+17.242, +8.710,+0.940
1666066080,+3.48,+17.259, +8.629,+0.940
1666066140,+3.48,+17.276, +8.585,+0.940
1666066200,+3.48,+17.267, +8.593,+0.940
1666066260,+3.48,+17.267, +8.669,+0.940
1666066320,+3.48,+17.259, +8.703,+0.940
1666066380,+3.48,+17.250, +8.727,+0.940
1666066440,+3.48,+17.267, +8.690,+0.940
1666066500,+3.48,+17.250, +8.681,+0.940
1666066560,+3.48,+17.242, +8.656,+0.940
1666066620,+3.48,+17.250, +8.615,+0.939
1666066680,+3.48,+17.233, +8.613,+0.940
1666066740,+3.48,+17.242, +8.594,+0.940
1666066800,+3.48,+17.250, +8.587,+0.940
1666066860,+3.48,+17.242, +8.590,+0.940
1666066920,+3.48,+17.242, +8.597,+0.940
1666066980,+3.48,+17.250, +8.572,+0.940
1666067040,+3.48,+17.250, +8.542,+0.939
1666067100,+3.48,+17.233, +8.584,+0.940
1666067160,+3.48,+17.233, +8.578,+0.940
1666067220,+3.48,+17.233, +8.602,+0.939
1666067280,+3.48,+17.225, +8.661,+0.940
1666067340,+3.48,+17.225, +8.761,+0.940
1666067400,+3.48,+17.225, +8.812,+0.940
1666067460,+3.48,+17.225, +8.842,+0.940
1666067520,+3.48,+17.216, +8.793,+0.940
1666067580,+3.48,+17.199, +8.707,+0.940
1666067640,+3.48,+17.199, +8.481,+0.939
1666067700,+3.48,+17.199, +8.453,+0.940
1666067760,+3.48,+17.225, +8.456,+0.940
1666067820,+3.48,+17.216, +8.345,+0.939
1666067880,+3.48,+17.208, +8.310,+0.940
1666067940,+3.48,+17.208, +8.299,+0.940
1666068000,+3.48,+17.216, +8.322,+0.940
1666068060,+3.48,+17.216, +8.308,+0.940
1666068120,+3.48,+17.216, +8.383,+0.940
1666068180,+3.48,+17.225, +8.353,+0.940
1666068240,+3.48,+17.225, +8.271,+0.939
1666068300,+3.48,+17.216, +8.350,+0.940
1666068360,+3.48,+17.216, +8.362,+0.940
1666068420,+3.48,+17.208, +8.290,+0.939
1666068480,+3.48,+17.199, +8.325,+0.940
1666068540,+3.48,+17.208, +8.348,+0.939
1666068600,+3.48,+17.208, +8.358,+0.940
1666068660,+3.48,+17.216, +8.333,+0.939
1666068720,+3.48,+17.208, +8.429,+0.940
1666068780,+3.48,+17.216, +8.434,+0.940
1666068840,+3.48,+17.216, +8.479,+0.940
1666068900,+3.48,+17.216, +8.468,+0.940
1666068960,+3.48,+17.216, +8.467,+0.940
1666069020,+3.48,+17.216, +8.474,+0.940
1666069080,+3.48,+17.242, +8.493,+0.940
1666069140,+3.48,+17.199, +8.450,+0.940
1666069200,+3.48,+17.233, +8.426,+0.939
1666069260,+3.48,+17.242, +8.407,+0.940
1666069320,+3.48,+17.225, +8.388,+0.940
1666069380,+3.48,+17.216, +8.407,+0.940
1666069440,+3.48,+17.225, +8.414,+0.940
1666069500,+3.48,+17.216, +8.418,+0.940
1666069560,+3.48,+17.233, +8.469,+0.940
1666069620,+3.48,+17.242, +8.497,+0.940
1666069680,+3.48,+17.242, +8.427,+0.940
1666069740,+3.48,+17.233, +8.400,+0.940
1666069800,+3.48,+17.250, +8.496,+0.939
1666069860,+3.48,+17.242, +8.524,+0.940
1666069920,+3.48,+17.225, +8.452,+0.940
1666069980,+3.48,+17.250, +8.304,+0.940
1666070040,+3.48,+17.250, +8.168,+0.939
1666070100,+3.48,+17.259, +8.167,+0.939
1666070160,+3.48,+17.242, +8.330,+0.940
1666070220,+3.48,+17.250, +8.467,+0.940
1666070280,+3.48,+17.259, +8.414,+0.939
1666070340,+3.48,+17.259, +8.368,+0.940
1666070400,+3.48,+17.250, +8.282,+0.940
1666070460,+3.48,+17.250, +8.239,+0.939
1666070520,+3.48,+17.250, +8.327,+0.940
1666070580,+3.48,+17.259, +8.418,+0.939
1666070640,+3.48,+17.259, +8.466,+0.940
1666070700,+3.48,+17.259, +8.501,+0.940
1666070760,+3.48,+17.250, +8.543,+0.940
1666070820,+3.48,+17.259, +8.573,+0.940
1666070880,+3.48,+17.242, +8.499,+0.940
1666070940,+3.48,+17.250, +8.527,+0.940
1666071000,+3.48,+17.259, +8.334,+0.940
1666071060,+3.48,+17.259, +8.306,+0.940
1666071120,+3.48,+17.267, +8.421,+0.940
1666071180,+3.48,+17.276, +8.464,+0.939
1666071240,+3.48,+17.259, +8.481,+0.940
1666071300,+3.48,+17.259, +8.419,+0.939
1666071360,+3.48,+17.259, +8.338,+0.940
1666071420,+3.48,+17.267, +8.239,+0.940
1666071480,+3.48,+17.259, +8.264,+0.940
1666071540,+3.48,+17.259, +8.333,+0.940
1666071600,+3.48,+17.293, +8.313,+0.939
1666071660,+3.48,+17.276, +8.309,+0.940
1666071720,+3.48,+17.267, +8.333,+0.939
1666071780,+3.48,+17.259, +8.449,+0.939
1666071840,+3.48,+17.259, +8.469,+0.939
1666071900,+3.48,+17.250, +8.454,+0.939
1666071960,+3.48,+17.267, +8.516,+0.939
1666072020,+3.48,+17.259, +8.574,+0.940
1666072080,+3.48,+17.250, +8.658,+0.940
1666072140,+3.48,+17.267, +8.682,+0.940
1666072200,+3.48,+17.233, +8.707,+0.940
1666072260,+3.48,+17.242, +8.702,+0.940
1666072320,+3.48,+17.242, +8.698,+0.940
1666072380,+3.48,+17.276, +8.647,+0.940
1666072440,+3.48,+17.242, +8.628,+0.940
1666072500,+3.48,+17.259, +8.616,+0.940
1666072560,+3.48,+17.233, +8.597,+0.940
1666072620,+3.48,+17.216, +8.570,+0.940
1666072680,+3.48,+17.216, +8.531,+0.940
1666072740,+3.48,+17.225, +8.612,+0.940
1666072800,+3.48,+17.242, +8.642,+0.940
1666072860,+3.48,+17.216, +8.329,+0.939
1666072920,+3.48,+17.208, +8.466,+0.940
1666072980,+3.48,+17.216, +8.465,+0.940
1666073040,+3.48,+17.216, +8.440,+0.940
1666073100,+3.48,+17.208, +8.438,+0.939
1666073160,+3.48,+17.199, +8.421,+0.939
1666073220,+3.48,+17.199, +8.560,+0.940
1666073280,+3.48,+17.199, +8.628,+0.940
1666073340,+3.48,+17.199, +8.665,+0.940
1666073400,+3.48,+17.191, +8.730,+0.940
1666073460,+3.48,+17.199, +8.747,+0.940
1666073520,+3.48,+17.208, +8.745,+0.940
1666073580,+3.48,+17.216, +8.705,+0.940
1666073640,+3.48,+17.208, +8.735,+0.940
1666073700,+3.48,+17.199, +8.727,+0.940
1666073760,+3.48,+17.199, +8.725,+0.940
1666073820,+3.48,+17.191, +8.741,+0.940
1666073880,+3.48,+17.191, +8.710,+0.940
1666073940,+3.48,+17.191, +8.696,+0.940
1666074000,+3.48,+17.216, +8.663,+0.940
1666074060,+3.48,+17.225, +8.674,+0.939
1666074120,+3.48,+17.242, +8.632,+0.940
1666074180,+3.48,+17.216, +8.635,+0.940
1666074240,+3.48,+17.225, +8.625,+0.940
1666074300,+3.48,+17.216, +8.619,+0.940
1666074360,+3.48,+17.208, +8.587,+0.940
1666074420,+3.48,+17.233, +8.617,+0.940
1666074480,+3.48,+17.250, +8.540,+0.940
1666074540,+3.48,+17.233, +8.486,+0.940
1666074600,+3.48,+17.216, +8.367,+0.940
1666074660,+3.48,+17.216, +8.257,+0.940
1666074720,+3.48,+17.242, +8.214,+0.939
1666074780,+3.48,+17.233, +8.194,+0.939
1666074840,+3.48,+17.208, +8.269,+0.939
1666074900,+3.48,+17.182, +8.443,+0.939
1666074960,+3.48,+17.199, +8.473,+0.940
1666075020,+3.48,+17.208, +8.491,+0.940
1666075080,+3.48,+17.191, +8.484,+0.940
1666075140,+3.48,+17.182, +8.250,+0.940
1666075200,+3.48,+17.166, +8.229,+0.940
1666075260,+3.48,+17.182, +8.380,+0.939
1666075320,+3.48,+17.182, +8.407,+0.940
1666075380,+3.48,+17.199, +8.333,+0.939
1666075440,+3.48,+17.191, +8.327,+0.939
1666075500,+3.48,+17.208, +8.491,+0.940
1666075560,+3.48,+17.182, +8.633,+0.940
1666075620,+3.48,+17.174, +8.677,+0.940
1666075680,+3.48,+17.174, +8.714,+0.940
1666075740,+3.48,+17.182, +8.738,+0.940
1666075800,+3.48,+17.191, +8.733,+0.940
1666075860,+3.48,+17.208, +8.712,+0.940
1666075920,+3.48,+17.208, +8.676,+0.939
1666075980,+3.48,+17.233, +8.650,+0.940
1666076040,+3.48,+17.225, +8.659,+0.940
1666076100,+3.48,+17.216, +8.700,+0.940
1666076160,+3.48,+17.242, +8.681,+0.940
1666076220,+3.48,+17.216, +8.663,+0.940
1666076280,+3.48,+17.242, +8.641,+0.940
1666076340,+3.48,+17.233, +8.628,+0.940
1666076400,+3.48,+17.250, +8.580,+0.940
1666076460,+3.48,+17.250, +8.449,+0.940
1666076520,+3.48,+17.225, +8.144,+0.939
1666076580,+3.48,+17.208, +7.834,+0.939
1666076640,+3.48,+17.216, +7.874,+0.939
1666076700,+3.48,+17.242, +8.018,+0.940
1666076760,+3.48,+17.225, +8.099,+0.939
1666076820,+3.48,+17.250, +7.963,+0.939
1666076880,+3.48,+17.225, +7.849,+0.939
1666076940,+3.48,+17.216, +8.452,+0.940
1666077000,+3.48,+17.208, +8.482,+0.940
1666077060,+3.48,+17.191, +8.534,+0.940
1666077120,+3.48,+17.182, +8.679,+0.940
1666077180,+3.48,+17.182, +8.660,+0.940
1666077240,+3.48,+17.174, +8.688,+0.940
1666077300,+3.48,+17.182, +8.707,+0.940
1666077360,+3.48,+17.199, +8.703,+0.940
1666077420,+3.48,+17.199, +8.666,+0.940
1666077480,+3.48,+17.199, +8.631,+0.939
1666077540,+3.48,+17.199, +8.624,+0.940
1666077600,+3.48,+17.216, +8.615,+0.939
1666077660,+3.48,+17.208, +8.605,+0.940
1666077720,+3.48,+17.208, +8.578,+0.940
1666077780,+3.48,+17.242, +8.536,+0.940
1666077840,+3.48,+17.250, +8.507,+0.940
1666077900,+3.48,+17.250, +8.490,+0.940
1666077960,+3.48,+17.242, +8.495,+0.939
1666078020,+3.48,+17.250, +8.503,+0.940
1666078080,+3.48,+17.242, +8.581,+0.940
1666078140,+3.48,+17.259, +8.567,+0.940
1666078200,+3.48,+17.225, +8.587,+0.940
1666078260,+3.48,+17.250, +8.576,+0.940
1666078320,+3.48,+17.242, +8.580,+0.940
1666078380,+3.48,+17.225, +8.635,+0.940
1666078440,+3.48,+17.225, +8.656,+0.940
1666078500,+3.48,+17.225, +8.661,+0.940
1666078560,+3.48,+17.233, +8.639,+0.940
1666078620,+3.48,+17.216, +8.612,+0.940
1666078680,+3.48,+17.216, +8.612,+0.940
1666078740,+3.48,+17.225, +8.598,+0.940
1666078800,+3.48,+17.225, +8.605,+0.940
1666078860,+3.48,+17.216, +8.604,+0.940
1666078920,+3.48,+17.216, +8.610,+0.940
1666078980,+3.48,+17.216, +8.648,+0.940
1666079040,+3.48,+17.225, +8.675,+0.940
1666079100,+3.48,+17.233, +8.685,+0.940
1666079160,+3.48,+17.199, +8.703,+0.940
1666079220,+3.48,+17.233, +8.697,+0.940
1666079280,+3.48,+17.216, +8.665,+0.940
1666079340,+3.48,+17.216, +8.623,+0.940
1666079400,+3.48,+17.216, +8.623,+0.940
1666079460,+3.48,+17.233, +8.634,+0.940
1666079520,+3.48,+17.233, +8.636,+0.940
1666079580,+3.48,+17.233, +8.633,+0.940
1666079640,+3.48,+17.225, +8.637,+0.940
1666079700,+3.48,+17.233, +8.631,+0.940
1666079760,+3.48,+17.225, +8.650,+0.940
1666079820,+3.48,+17.233, +8.662,+0.940
1666079880,+3.48,+17.208, +8.691,+0.940
1666079940,+3.48,+17.208, +8.721,+0.940
1666080000,+3.48,+17.216, +8.666,+0.940
1666080060,+3.48,+17.208, +8.624,+0.940
1666080120,+3.48,+17.208, +8.588,+0.940
1666080180,+3.48,+17.208, +8.531,+0.940
1666080240,+3.48,+17.216, +8.526,+0.940
1666080300,+3.48,+17.216, +8.586,+0.940
1666080360,+3.48,+17.208, +8.623,+0.939
1666080420,+3.48,+17.216, +8.623,+0.940
1666080480,+3.48,+17.225, +8.612,+0.940
1666080540,+3.48,+17.199, +8.675,+0.940
1666080600,+3.48,+17.199, +8.714,+0.940
1666080660,+3.48,+17.199, +8.695,+0.940
1666080720,+3.48,+17.182, +8.676,+0.940
1666080780,+3.48,+17.182, +8.637,+0.940
1666080840,+3.48,+17.191, +8.606,+0.940
1666080900,+3.48,+17.199, +8.608,+0.940
1666080960,+3.48,+17.208, +8.622,+0.940
1666081020,+3.48,+17.174, +8.623,+0.940
1666081080,+3.48,+17.191, +8.610,+0.940
1666081140,+3.48,+17.182, +8.538,+0.940
1666081200,+3.48,+17.182, +8.496,+0.940
1666081260,+3.48,+17.199, +8.478,+0.939
1666081320,+3.48,+17.199, +8.471,+0.939
1666081380,+3.48,+17.182, +8.460,+0.940
1666081440,+3.48,+17.191, +8.435,+0.940
1666081500,+3.48,+17.182, +8.472,+0.940
1666081560,+3.48,+17.182, +8.525,+0.940
1666081620,+3.48,+17.199, +8.578,+0.940
1666081680,+3.48,+17.199, +8.598,+0.940
1666081740,+3.48,+17.191, +8.610,+0.940
1666081800,+3.48,+17.182, +8.613,+0.940
1666081860,+3.48,+17.199, +8.641,+0.940
1666081920,+3.48,+17.182, +8.640,+0.940
1666081980,+3.48,+17.199, +8.642,+0.940
1666082040,+3.48,+17.174, +8.647,+0.940
1666082100,+3.48,+17.191, +8.655,+0.940
1666082160,+3.48,+17.208, +8.641,+0.940
1666082220,+3.48,+17.199, +8.650,+0.940
1666082280,+3.48,+17.191, +8.646,+0.940
1666082340,+3.48,+17.191, +8.614,+0.940
1666082400,+3.48,+17.191, +8.522,+0.940
1666082460,+3.48,+17.182, +8.497,+0.940
1666082520,+3.48,+17.182, +8.474,+0.940
1666082580,+3.48,+17.182, +8.474,+0.940
1666082640,+3.48,+17.182, +8.482,+0.940
1666082700,+3.48,+17.191, +8.425,+0.940
1666082760,+3.48,+17.208, +8.394,+0.940
1666082820,+3.48,+17.199, +8.388,+0.940
1666082880,+3.48,+17.174, +8.440,+0.940
1666082940,+3.48,+17.166, +8.454,+0.940
1666083000,+3.48,+17.166, +8.463,+0.939
1666083060,+3.48,+17.166, +8.455,+0.939
1666083120,+3.48,+17.157, +8.448,+0.940
1666083180,+3.48,+17.166, +8.429,+0.940
1666083240,+3.48,+17.157, +8.408,+0.940
1666083300,+3.48,+17.166, +8.381,+0.940
1666083360,+3.48,+17.157, +8.349,+0.940
1666083420,+3.48,+17.166, +8.279,+0.939
1666083480,+3.48,+17.157, +8.282,+0.939
1666083540,+3.48,+17.149, +8.334,+0.940
1666083600,+3.48,+17.166, +8.317,+0.940
1666083660,+3.48,+17.149, +7.783,+0.939
1666083720,+3.48,+17.157, +7.876,+0.940
1666083780,+3.48,+17.149, +7.924,+0.939
1666083840,+3.48,+17.174, +7.986,+0.939
1666083900,+3.48,+17.149, +8.023,+0.939
1666083960,+3.48,+17.157, +8.245,+0.939
1666084020,+3.48,+17.157, +8.419,+0.939
1666084080,+3.48,+17.157, +8.525,+0.940
1666084140,+3.48,+17.157, +8.563,+0.939
1666084200,+3.48,+17.166, +8.601,+0.940
1666084260,+3.48,+17.166, +8.547,+0.940
1666084320,+3.48,+17.166, +8.548,+0.940
1666084380,+3.48,+17.157, +8.564,+0.940
1666084440,+3.48,+17.149, +8.611,+0.940
1666084500,+3.48,+17.157, +8.608,+0.940
1666084560,+3.48,+17.157, +8.519,+0.940
1666084620,+3.48,+17.166, +8.422,+0.939
1666084680,+3.48,+17.157, +8.360,+0.940
1666084740,+3.48,+17.157, +8.296,+0.940
1666084800,+3.48,+17.157, +8.246,+0.940
1666084860,+3.48,+17.166, +8.231,+0.939
1666084920,+3.48,+17.166, +8.353,+0.940
1666084980,+3.48,+17.157, +8.488,+0.940
1666085040,+3.48,+17.174, +8.569,+0.940
1666085100,+3.48,+17.182, +8.584,+0.940
1666085160,+3.48,+17.166, +8.579,+0.940
1666085220,+3.48,+17.174, +8.574,+0.940
1666085280,+3.48,+17.166, +8.561,+0.940
1666085340,+3.48,+17.174, +8.517,+0.940
1666085400,+3.48,+17.182, +8.515,+0.940
1666085460,+3.48,+17.157, +8.594,+0.940
1666085520,+3.48,+17.166, +8.593,+0.940
1666085580,+3.48,+17.157, +8.571,+0.940
1666085640,+3.48,+17.166, +8.586,+0.939
1666085700,+3.48,+17.157, +8.612,+0.940
1666085760,+3.48,+17.174, +8.554,+0.940
1666085820,+3.48,+17.182, +8.433,+0.939
1666085880,+3.48,+17.157, +8.311,+0.939
1666085940,+3.48,+17.174, +8.426,+0.939
1666086000,+3.48,+17.182, +8.557,+0.940
1666086060,+3.48,+17.174, +8.579,+0.940
1666086120,+3.48,+17.157, +8.579,+0.940
1666086180,+3.48,+17.174, +8.561,+0.940
1666086240,+3.48,+17.174, +8.576,+0.940
1666086300,+3.48,+17.157, +8.535,+0.940
1666086360,+3.48,+17.166, +8.330,+0.940
1666086420,+3.48,+17.174, +8.354,+0.940
1666086480,+3.48,+17.149, +8.379,+0.940
1666086540,+3.48,+17.182, +8.384,+0.939
1666086600,+3.48,+17.157, +8.322,+0.940
1666086660,+3.48,+17.166, +8.212,+0.940
1666086720,+3.48,+17.174, +8.307,+0.940
1666086780,+3.48,+17.166, +8.479,+0.940
1666086840,+3.48,+17.182, +8.530,+0.940
1666086900,+3.48,+17.174, +8.443,+0.940
1666086960,+3.48,+17.174, +8.460,+0.939
1666087020,+3.48,+17.166, +8.511,+0.940
1666087080,+3.48,+17.174, +8.534,+0.940
1666087140,+3.48,+17.182, +8.551,+0.940
1666087200,+3.48,+17.191, +8.567,+0.940
1666087260,+3.48,+17.182, +8.566,+0.940
1666087320,+3.48,+17.182, +8.564,+0.940
1666087380,+3.48,+17.199, +8.518,+0.940
1666087440,+3.48,+17.225, +8.546,+0.940
1666087500,+3.48,+17.233, +8.535,+0.939
1666087560,+3.48,+17.242, +8.546,+0.940
1666087620,+3.48,+17.242, +8.566,+0.940
1666087680,+3.48,+17.276, +8.588,+0.940
1666087740,+3.48,+17.259, +8.578,+0.940
1666087800,+3.48,+17.293, +8.548,+0.940
1666087860,+3.48,+17.267, +8.502,+0.940
1666087920,+3.48,+17.259, +8.502,+0.940
1666087980,+3.48,+17.276, +8.483,+0.940
1666088040,+3.48,+17.259, +8.462,+0.940
1666088100,+3.48,+17.259, +8.449,+0.939
1666088160,+3.48,+17.233, +8.437,+0.939
1666088220,+3.48,+17.259, +8.443,+0.940
1666088280,+3.48,+17.250, +8.319,+0.940
1666088340,+3.48,+17.242, +8.210,+0.940
1666088400,+3.48,+17.242, +8.177,+0.939
1666088460,+3.48,+17.242, +8.263,+0.940
1666088520,+3.48,+17.250, +8.278,+0.940
1666088580,+3.48,+17.216, +8.496,+0.940
1666088640,+3.48,+17.225, +8.588,+0.940
1666088700,+3.48,+17.208, +8.563,+0.939
1666088760,+3.48,+17.191, +8.620,+0.940
1666088820,+3.48,+17.191, +8.552,+0.940
1666088880,+3.48,+17.182, +8.574,+0.940
1666088940,+3.48,+17.166, +8.567,+0.940
1666089000,+3.48,+17.191, +8.570,+0.940
1666089060,+3.48,+17.182, +8.502,+0.940
1666089120,+3.48,+17.191, +8.447,+0.940
1666089180,+3.48,+17.199, +8.561,+0.940
1666089240,+3.48,+17.174, +8.538,+0.939
1666089300,+3.48,+17.191, +8.446,+0.940
1666089360,+3.48,+17.216, +8.338,+0.939
1666089420,+3.48,+17.199, +8.083,+0.940
1666089480,+3.48,+17.191, +8.295,+0.940
1666089540,+3.48,+17.208, +8.410,+0.940
1666089600,+3.48,+17.199, +8.453,+0.940
1666089660,+3.48,+17.225, +8.464,+0.940
1666089720,+3.48,+17.216, +8.460,+0.940
1666089780,+3.48,+17.216, +8.458,+0.940
1666089840,+3.48,+17.208, +8.401,+0.940
1666089900,+3.48,+17.216, +8.348,+0.939
1666089960,+3.48,+17.225, +8.283,+0.939
1666090020,+3.48,+17.216, +8.376,+0.940
1666090080,+3.48,+17.225, +8.454,+0.940
1666090140,+3.48,+17.225, +8.519,+0.940
1666090200,+3.48,+17.208, +8.568,+0.940
1666090260,+3.48,+17.208, +8.572,+0.940
1666090320,+3.48,+17.199, +8.522,+0.940
1666090380,+3.48,+17.199, +8.570,+0.940
1666090440,+3.48,+17.199, +8.590,+0.939
1666090500,+3.48,+17.191, +8.584,+0.940
1666090560,+3.48,+17.199, +8.581,+0.940
1666090620,+3.48,+17.199, +8.588,+0.940
1666090680,+3.48,+17.174, +8.608,+0.940
1666090740,+3.48,+17.182, +8.600,+0.940
1666090800,+3.48,+17.166, +8.567,+0.940
1666090860,+3.48,+17.191, +8.397,+0.939
1666090920,+3.48,+17.182, +8.267,+0.940
1666090980,+3.48,+17.191, +8.483,+0.940
1666091040,+3.48,+17.199, +8.598,+0.940
1666091100,+3.48,+17.182, +8.639,+0.940
1666091160,+3.48,+17.182, +8.647,+0.940
1666091220,+3.48,+17.182, +8.627,+0.940
1666091280,+3.48,+17.182, +8.609,+0.940
1666091340,+3.48,+17.199, +8.590,+0.940
1666091400,+3.48,+17.216, +8.557,+0.940
1666091460,+3.48,+17.225, +8.525,+0.940
1666091520,+3.48,+17.208, +8.516,+0.939
1666091580,+3.48,+17.216, +8.544,+0.940
1666091640,+3.48,+17.225, +8.570,+0.940
1666091700,+3.48,+17.250, +8.551,+0.940
1666091760,+3.48,+17.250, +8.535,+0.940
1666091820,+3.48,+17.250, +8.524,+0.940
1666091880,+3.48,+17.259, +8.511,+0.940
1666091940,+3.48,+17.267, +8.467,+0.940
1666092000,+3.48,+17.259, +8.432,+0.940
1666092060,+3.48,+17.259, +8.382,+0.939
1666092120,+3.48,+17.259, +8.418,+0.940
1666092180,+3.48,+17.250, +8.450,+0.940
1666092240,+3.48,+17.250, +8.447,+0.940
1666092300,+3.48,+17.242, +8.414,+0.939
1666092360,+3.48,+17.216, +8.459,+0.939
1666092420,+3.48,+17.208, +8.407,+0.940
1666092480,+3.48,+17.208, +8.382,+0.940
1666092540,+3.48,+17.199, +8.421,+0.940
1666092600,+3.48,+17.191, +8.454,+0.940
1666092660,+3.48,+17.199, +8.464,+0.940
1666092720,+3.48,+17.174, +8.338,+0.939
1666092780,+3.48,+17.182, +8.316,+0.940
1666092840,+3.48,+17.191, +8.292,+0.940
1666092900,+3.48,+17.199, +8.296,+0.940
1666092960,+3.48,+17.182, +8.235,+0.940
1666093020,+3.48,+17.174, +8.185,+0.940
1666093080,+3.48,+17.199, +8.172,+0.939
1666093140,+3.48,+17.199, +8.165,+0.939
1666093200,+3.48,+17.191, +8.242,+0.940
1666093260,+3.48,+17.174, +8.279,+0.940
1666093320,+3.48,+17.182, +8.330,+0.939
1666093380,+3.48,+17.199, +8.420,+0.940
1666093440,+3.48,+17.182, +8.484,+0.940
1666093500,+3.48,+17.174, +8.532,+0.940
1666093560,+3.48,+17.191, +8.513,+0.939
1666093620,+3.48,+17.191, +8.523,+0.939
1666093680,+3.48,+17.182, +8.568,+0.940
1666093740,+3.48,+17.199, +8.568,+0.940
1666093800,+3.48,+17.216, +8.574,+0.940
1666093860,+3.48,+17.225, +8.539,+0.940
1666093920,+3.48,+17.233, +8.510,+0.940
1666093980,+3.48,+17.242, +8.481,+0.940
1666094040,+3.48,+17.233, +8.409,+0.939
1666094100,+3.48,+17.242, +8.357,+0.940
1666094160,+3.48,+17.233, +8.367,+0.939
1666094220,+3.48,+17.225, +8.318,+0.940
1666094280,+3.48,+17.225, +8.323,+0.940
1666094340,+3.48,+17.208, +8.372,+0.939
1666094400,+3.48,+17.216, +8.360,+0.939
1666094460,+3.48,+17.225, +8.185,+0.939
1666094520,+3.48,+17.216, +8.185,+0.940
1666094580,+3.48,+17.208, +8.150,+0.940
1666094640,+3.48,+17.216, +8.087,+0.940
1666094700,+3.48,+17.199, +8.003,+0.939
1666094760,+3.48,+17.208, +8.020,+0.939
1666094820,+3.48,+17.208, +8.035,+0.940
1666094880,+3.48,+17.182, +7.966,+0.940
1666094940,+3.48,+17.216, +8.060,+0.939
1666095000,+3.48,+17.225, +8.027,+0.940
1666095060,+3.48,+17.208, +7.981,+0.939
1666095120,+3.48,+17.208, +8.136,+0.939
1666095180,+3.48,+17.199, +8.202,+0.940
1666095240,+3.48,+17.208, +8.271,+0.939
1666095300,+3.48,+17.208, +8.314,+0.940
1666095360,+3.48,+17.191, +8.308,+0.939
1666095420,+3.48,+17.208, +8.287,+0.939
1666095480,+3.48,+17.216, +8.290,+0.939
1666095540,+3.48,+17.208, +8.363,+0.940
1666095600,+3.48,+17.199, +8.405,+0.940
1666095660,+3.48,+17.208, +8.345,+0.940
1666095720,+3.48,+17.225, +8.320,+0.939
1666095780,+3.48,+17.216, +8.313,+0.940
1666095840,+3.48,+17.233, +8.288,+0.940
1666095900,+3.48,+17.225, +8.290,+0.940
1666095960,+3.48,+17.242, +8.278,+0.940
1666096020,+3.48,+17.242, +8.254,+0.939
1666096080,+3.48,+17.250, +8.262,+0.940
1666096140,+3.48,+17.233, +8.261,+0.939
1666096200,+3.48,+17.216, +8.275,+0.939
1666096260,+3.48,+17.191, +8.281,+0.939
1666096320,+3.48,+17.208, +8.369,+0.940
1666096380,+3.48,+17.216, +8.337,+0.940
1666096440,+3.48,+17.216, +8.300,+0.940
1666096500,+3.48,+17.208, +8.264,+0.940
1666096560,+3.48,+17.225, +8.228,+0.940
1666096620,+3.48,+17.208, +8.222,+0.940
1666096680,+3.48,+17.199, +8.254,+0.940
1666096740,+3.48,+17.208, +8.236,+0.940
1666096800,+3.48,+17.225, +8.202,+0.940
1666096860,+3.48,+17.216, +8.188,+0.940
1666096920,+3.48,+17.242, +8.028,+0.939
1666096980,+3.48,+17.250, +7.932,+0.940
1666097040,+3.48,+17.259, +7.885,+0.939
1666097100,+3.48,+17.267, +7.792,+0.939
1666097160,+3.48,+17.233, +7.998,+0.940
1666097220,+3.48,+17.242, +8.089,+0.940
1666097280,+3.48,+17.242, +8.108,+0.939
1666097340,+3.48,+17.250, +8.098,+0.939
1666097400,+3.47,+17.267, +8.166,+0.939
1666097460,+3.47,+17.250, +8.126,+0.939
1666097520,+3.47,+17.259, +8.155,+0.940
1666097580,+3.47,+17.259, +8.144,+0.940
1666097640,+3.47,+17.259, +8.145,+0.939
1666097700,+3.47,+17.267, +8.152,+0.939
1666097760,+3.47,+17.242, +8.189,+0.939
1666097820,+3.48,+17.233, +8.183,+0.939
1666097880,+3.47,+17.250, +8.196,+0.940
1666097940,+3.48,+17.267, +8.199,+0.940
1666098000,+3.48,+17.242, +8.181,+0.940
1666098060,+3.48,+17.242, +8.176,+0.940
1666098120,+3.47,+17.267, +8.181,+0.940
1666098180,+3.47,+17.259, +8.146,+0.940
1666098240,+3.48,+17.233, +8.165,+0.939
1666098300,+3.48,+17.216, +8.186,+0.940
1666098360,+3.48,+17.259, +8.135,+0.939
1666098420,+3.48,+17.250, +8.038,+0.939
1666098480,+3.47,+17.250, +7.813,+0.940
1666098540,+3.48,+17.233, +7.855,+0.939
1666098600,+3.48,+17.225, +7.892,+0.939
1666098660,+3.48,+17.250, +7.938,+0.939
1666098720,+3.48,+17.233, +7.962,+0.939
1666098780,+3.48,+17.242, +7.966,+0.939
1666098840,+3.48,+17.242, +7.718,+0.939
1666098900,+3.48,+17.225, +7.808,+0.939
1666098960,+3.48,+17.242, +7.938,+0.939
1666099020,+3.48,+17.233, +8.039,+0.939
1666099080,+3.48,+17.233, +8.094,+0.940
1666099140,+3.48,+17.242, +8.021,+0.939
1666099200,+3.48,+17.225, +8.075,+0.940
1666099260,+3.48,+17.233, +8.126,+0.940
1666099320,+3.48,+17.259, +7.720,+0.939
1666099380,+3.48,+17.250, +7.785,+0.939
1666099440,+3.47,+17.267, +7.889,+0.939
1666099500,+3.48,+17.267, +7.977,+0.939
1666099560,+3.48,+17.259, +8.025,+0.939
1666099620,+3.48,+17.259, +7.971,+0.939
1666099680,+3.48,+17.267, +7.878,+0.939
1666099740,+3.48,+17.267, +7.854,+0.939
1666099800,+3.48,+17.284, +7.910,+0.939
1666099860,+3.48,+17.284, +7.897,+0.939
1666099920,+3.48,+17.284, +7.962,+0.940
1666099980,+3.48,+17.267, +8.081,+0.940
1666100040,+3.48,+17.276, +8.158,+0.940
1666100100,+3.48,+17.284, +8.205,+0.939
1666100160,+3.47,+17.310, +8.240,+0.939
1666100220,+3.47,+17.301, +8.233,+0.940
1666100280,+3.47,+17.293, +8.136,+0.940
1666100340,+3.48,+17.284, +8.128,+0.940
1666100400,+3.48,+17.284, +8.161,+0.939
1666100460,+3.48,+17.267, +8.292,+0.940
1666100520,+3.48,+17.259, +8.358,+0.940
1666100580,+3.48,+17.259, +8.347,+0.940
1666100640,+3.48,+17.250, +8.268,+0.939
1666100700,+3.48,+17.242, +8.242,+0.940
1666100760,+3.48,+17.250, +8.161,+0.939
1666100820,+3.48,+17.225, +8.126,+0.939
1666100880,+3.48,+17.233, +8.134,+0.939
1666100940,+3.48,+17.233, +8.118,+0.940
1666101000,+3.48,+17.250, +8.038,+0.940
1666101060,+3.48,+17.259, +7.958,+0.939
1666101120,+3.48,+17.250, +7.858,+0.939
1666101180,+3.48,+17.259, +7.882,+0.939
1666101240,+3.48,+17.250, +8.072,+0.939
1666101300,+3.48,+17.250, +8.075,+0.939
1666101360,+3.48,+17.242, +8.051,+0.939
1666101420,+3.48,+17.259, +8.046,+0.940
1666101480,+3.48,+17.259, +7.958,+0.939
1666101540,+3.48,+17.250, +7.927,+0.939
1666101600,+3.48,+17.259, +7.983,+0.939
1666101660,+3.48,+17.250, +8.017,+0.939
1666101720,+3.48,+17.259, +8.025,+0.939
1666101780,+3.48,+17.250, +7.970,+0.939
1666101840,+3.48,+17.250, +7.918,+0.940
1666101900,+3.48,+17.250, +7.874,+0.939
1666101960,+3.48,+17.242, +7.857,+0.939
1666102020,+3.48,+17.250, +7.904,+0.940
1666102080,+3.48,+17.242, +7.969,+0.939
1666102140,+3.48,+17.267, +7.965,+0.940
1666102200,+3.48,+17.267, +8.061,+0.939
1666102260,+3.48,+17.284, +8.308,+0.940
1666102320,+3.48,+17.284, +8.344,+0.940
1666102380,+3.48,+17.284, +8.271,+0.940
1666102440,+3.48,+17.267, +8.322,+0.940
1666102500,+3.48,+17.293, +8.269,+0.939
1666102560,+3.48,+17.293, +8.261,+0.939
1666102620,+3.48,+17.284, +8.243,+0.939
1666102680,+3.48,+17.267, +8.228,+0.940
1666102740,+3.48,+17.276, +8.155,+0.939
1666102800,+3.48,+17.276, +8.112,+0.939
1666102860,+3.48,+17.293, +8.086,+0.940
1666102920,+3.48,+17.293, +8.038,+0.939
1666102980,+3.48,+17.284, +8.038,+0.939
1666103040,+3.48,+17.301, +7.972,+0.939
1666103100,+3.48,+17.293, +7.920,+0.940
1666103160,+3.48,+17.301, +7.963,+0.939
1666103220,+3.48,+17.276, +7.971,+0.939
1666103280,+3.48,+17.293, +8.033,+0.939
1666103340,+3.48,+17.293, +8.037,+0.940
1666103400,+3.48,+17.293, +7.996,+0.940
1666103460,+3.48,+17.276, +8.053,+0.939
1666103520,+3.48,+17.284, +7.991,+0.939
1666103580,+3.48,+17.267, +7.992,+0.940
1666103640,+3.48,+17.259, +7.805,+0.939
1666103700,+3.48,+17.293, +7.831,+0.939
1666103760,+3.48,+17.301, +7.710,+0.939
1666103820,+3.48,+17.284, +7.620,+0.939
1666103880,+3.48,+17.284, +7.630,+0.939
1666103940,+3.48,+17.293, +7.747,+0.939
1666104000,+3.48,+17.293, +7.831,+0.940
1666104060,+3.48,+17.276, +7.752,+0.939
1666104120,+3.48,+17.293, +7.617,+0.939
1666104180,+3.48,+17.276, +7.563,+0.939
1666104240,+3.48,+17.267, +7.502,+0.939
1666104300,+3.48,+17.293, +7.565,+0.939
1666104360,+3.48,+17.284, +7.634,+0.939
1666104420,+3.48,+17.267, +7.697,+0.939
1666104480,+3.48,+17.276, +7.833,+0.939
1666104540,+3.48,+17.284, +7.980,+0.939
1666104600,+3.48,+17.284, +8.545,+0.939
1666104660,+3.48,+17.276, +8.564,+0.940
1666104720,+3.48,+17.284, +8.545,+0.940
1666104780,+3.48,+17.293, +8.455,+0.940
1666104840,+3.48,+17.267, +8.392,+0.940
1666104900,+3.48,+17.276, +8.370,+0.940
1666104960,+3.48,+17.284, +8.374,+0.939
1666105020,+3.48,+17.276, +8.424,+0.939
1666105080,+3.48,+17.267, +8.423,+0.939
1666105140,+3.48,+17.276, +8.433,+0.940
1666105200,+3.48,+17.293, +8.368,+0.939
1666105260,+3.48,+17.293, +8.194,+0.940
1666105320,+3.48,+17.293, +8.251,+0.939
1666105380,+3.48,+17.267, +8.283,+0.939
1666105440,+3.48,+17.284, +8.314,+0.940
1666105500,+3.48,+17.293, +8.298,+0.940
1666105560,+3.48,+17.310, +8.221,+0.939
1666105620,+3.48,+17.301, +8.221,+0.939
1666105680,+3.48,+17.326, +8.243,+0.939
1666105740,+3.48,+17.310, +8.298,+0.939
1666105800,+3.48,+17.326, +8.351,+0.940
1666105860,+3.48,+17.284, +8.339,+0.939
1666105920,+3.48,+17.301, +8.254,+0.939
1666105980,+3.48,+17.293, +8.194,+0.940
1666106040,+3.48,+17.301, +8.160,+0.939
1666106100,+3.47,+17.318, +8.151,+0.939
1666106160,+3.48,+17.326, +8.123,+0.939
1666106220,+3.48,+17.326, +8.150,+0.939
1666106280,+3.48,+17.352, +8.148,+0.939
1666106340,+3.47,+17.369, +8.111,+0.939
1666106400,+3.48,+17.352, +8.189,+0.940
1666106460,+3.48,+17.343, +8.234,+0.940
1666106520,+3.47,+17.335, +8.312,+0.939
1666106580,+3.48,+17.326, +8.224,+0.939
1666106640,+3.48,+17.326, +8.212,+0.940
1666106700,+3.48,+17.326, +8.216,+0.940
1666106760,+3.48,+17.318, +8.259,+0.940
1666106820,+3.48,+17.310, +8.335,+0.940
1666106880,+3.48,+17.310, +8.367,+0.940
1666106940,+3.48,+17.318, +8.376,+0.940
1666107000,+3.48,+17.318, +8.371,+0.939
1666107060,+3.48,+17.326, +8.336,+0.939
1666107120,+3.48,+17.318, +8.438,+0.938
1666107180,+3.48,+17.318, +8.531,+0.939
1666107240,+3.48,+17.326, +8.539,+0.939
1666107300,+3.48,+17.335, +8.517,+0.939
1666107360,+3.48,+17.326, +8.473,+0.939
1666107420,+3.48,+17.326, +8.444,+0.940
1666107480,+3.48,+17.326, +8.476,+0.940
1666107540,+3.48,+17.335, +8.382,+0.939
1666107600,+3.48,+17.326, +8.346,+0.940
1666107660,+3.48,+17.335, +8.410,+0.940
1666107720,+3.48,+17.360, +8.409,+0.940
1666107780,+3.48,+17.343, +8.383,+0.940
1666107840,+3.47,+17.360, +8.378,+0.940
1666107900,+3.48,+17.352, +8.424,+0.940
1666107960,+3.47,+17.352, +8.422,+0.940
1666108020,+3.48,+17.360, +8.355,+0.939
1666108080,+3.48,+17.360, +8.155,+0.939
1666108140,+3.48,+17.377, +8.156,+0.940
1666108200,+3.47,+17.377, +8.268,+0.939
1666108260,+3.47,+17.394, +8.339,+0.940
1666108320,+3.47,+17.394, +8.345,+0.939
1666108380,+3.47,+17.394, +8.349,+0.940
1666108440,+3.47,+17.403, +8.352,+0.940
1666108500,+3.47,+17.386, +8.483,+0.939
1666108560,+3.47,+17.394, +8.445,+0.940
1666108620,+3.47,+17.369, +8.357,+0.940
1666108680,+3.47,+17.386, +8.294,+0.939
1666108740,+3.48,+17.343, +8.280,+0.940
1666108800,+3.47,+17.343, +8.296,+0.939
1666108860,+3.48,+17.318, +8.358,+0.939
1666108920,+3.48,+17.318, +8.355,+0.939
1666108980,+3.48,+17.301, +8.344,+0.939
1666109040,+3.48,+17.284, +8.242,+0.939
1666109100,+3.48,+17.276, +8.214,+0.940
1666109160,+3.48,+17.259, +8.335,+0.940
1666109220,+3.48,+17.250, +8.312,+0.939
1666109280,+3.48,+17.259, +8.291,+0.939
1666109340,+3.48,+17.242, +8.255,+0.939
1666109400,+3.48,+17.233, +8.214,+0.940
1666109460,+3.48,+17.225, +8.192,+0.940
1666109520,+3.48,+17.225, +8.177,+0.939
1666109580,+3.48,+17.233, +8.169,+0.939
1666109640,+3.48,+17.225, +8.213,+0.940
1666109700,+3.48,+17.216, +8.231,+0.940
1666109760,+3.48,+17.208, +8.240,+0.939
1666109820,+3.48,+17.191, +8.214,+0.940
1666109880,+3.48,+17.191, +8.157,+0.939
1666109940,+3.48,+17.225, +8.063,+0.939
1666110000,+3.48,+17.199, +8.164,+0.940
1666110060,+3.48,+17.199, +8.271,+0.940
1666110120,+3.48,+17.199, +8.320,+0.940
1666110180,+3.48,+17.191, +8.261,+0.940
1666110240,+3.48,+17.191, +8.214,+0.940
1666110300,+3.48,+17.199, +8.154,+0.940
1666110360,+3.48,+17.208, +8.160,+0.939
1666110420,+3.48,+17.216, +8.171,+0.940
1666110480,+3.48,+17.182, +8.245,+0.940
1666110540,+3.48,+17.191, +8.262,+0.939
1666110600,+3.48,+17.208, +8.251,+0.939
1666110660,+3.48,+17.182, +8.246,+0.940
1666110720,+3.48,+17.208, +8.187,+0.939
1666110780,+3.48,+17.208, +8.214,+0.939
1666110840,+3.48,+17.208, +8.271,+0.939
1666110900,+3.48,+17.191, +8.315,+0.939
1666110960,+3.48,+17.199, +8.325,+0.939
1666111020,+3.48,+17.199, +8.333,+0.940
1666111080,+3.48,+17.216, +8.282,+0.940
1666111140,+3.48,+17.208, +8.289,+0.940
1666111200,+3.48,+17.199, +8.329,+0.940
1666111260,+3.48,+17.225, +8.336,+0.940
1666111320,+3.48,+17.191, +8.269,+0.940
1666111380,+3.48,+17.208, +8.272,+0.940
1666111440,+3.48,+17.208, +8.319,+0.940
1666111500,+3.48,+17.191, +8.173,+0.940
1666111560,+3.48,+17.199, +8.083,+0.939
1666111620,+3.48,+17.182, +8.015,+0.940
1666111680,+3.48,+17.199, +8.152,+0.940
1666111740,+3.48,+17.208, +8.152,+0.939
1666111800,+3.48,+17.208, +8.202,+0.940
