7450-364333
OS REV: 1.05 Sensor Cal: 1644948279
Time (sec),  BV (Volts),  T (deg C),  DO (mg/l),  Q ()
1664815860,+3.47,+16.103, +8.823,+0.943
1664815920,+3.47,+16.129, +8.812,+0.943
1664815980,+3.47,+16.103, +8.830,+0.943
1664816040,+3.47,+16.120, +8.816,+0.943
1664816100,+3.47,+16.094, +8.817,+0.943
1664816160,+3.47,+16.120, +8.811,+0.943
1664816220,+3.47,+16.129, +8.815,+0.943
1664816280,+3.47,+16.129, +8.807,+0.942
1664816340,+3.47,+16.120, +8.815,+0.943
1664816400,+3.47,+16.120, +8.827,+0.943
1664816460,+3.47,+16.120, +8.814,+0.942
1664816520,+3.47,+16.129, +8.823,+0.943
1664816580,+3.47,+16.146, +8.812,+0.943
1664816640,+3.47,+16.120, +8.822,+0.943
1664816700,+3.47,+16.146, +8.816,+0.943
1664816760,+3.47,+16.137, +8.838,+0.943
1664816820,+3.47,+16.137, +8.831,+0.943
1664816880,+3.47,+16.129, +8.829,+0.943
1664816940,+3.47,+16.129, +8.838,+0.943
1664817000,+3.47,+16.129, +8.832,+0.943
1664817060,+3.47,+16.129, +8.823,+0.942
1664817120,+3.47,+16.120, +8.830,+0.943
1664817180,+3.47,+16.146, +8.828,+0.943
1664817240,+3.47,+16.137, +8.834,+0.943
1664817300,+3.47,+16.137, +8.837,+0.942
1664817360,+3.47,+16.146, +8.842,+0.943
1664817420,+3.47,+16.154, +8.834,+0.943
1664817480,+3.47,+16.137, +8.846,+0.943
1664817540,+3.47,+16.154, +8.844,+0.943
1664817600,+3.47,+16.163, +8.833,+0.943
1664817660,+3.47,+16.154, +8.830,+0.942
1664817720,+3.47,+16.171, +8.828,+0.942
1664817780,+3.47,+16.154, +8.841,+0.942
1664817840,+3.47,+16.154, +8.843,+0.943
1664817900,+3.47,+16.146, +8.860,+0.943
1664817960,+3.47,+16.154, +8.856,+0.943
1664818020,+3.47,+16.146, +8.859,+0.943
1664818080,+3.47,+16.146, +8.856,+0.943
1664818140,+3.47,+16.163, +8.857,+0.943
1664818200,+3.47,+16.163, +8.862,+0.943
1664818260,+3.47,+16.163, +8.866,+0.943
1664818320,+3.47,+16.171, +8.864,+0.942
1664818380,+3.47,+16.163, +8.860,+0.942
1664818440,+3.47,+16.171, +8.878,+0.943
1664818500,+3.47,+16.154, +8.869,+0.942
1664818560,+3.47,+16.163, +8.871,+0.943
1664818620,+3.47,+16.154, +8.858,+0.942
1664818680,+3.47,+16.137, +8.865,+0.943
1664818740,+3.47,+16.154, +8.891,+0.943
1664818800,+3.47,+16.163, +8.895,+0.943
1664818860,+3.47,+16.171, +8.902,+0.943
1664818920,+3.47,+16.188, +8.885,+0.943
1664818980,+3.47,+16.171, +8.868,+0.943
1664819040,+3.47,+16.163, +8.872,+0.943
1664819100,+3.47,+16.180, +8.859,+0.943
1664819160,+3.47,+16.154, +8.862,+0.943
1664819220,+3.47,+16.188, +8.851,+0.943
1664819280,+3.47,+16.180, +8.869,+0.943
1664819340,+3.47,+16.197, +8.885,+0.943
1664819400,+3.47,+16.171, +8.900,+0.943
1664819460,+3.47,+16.180, +8.883,+0.943
1664819520,+3.47,+16.154, +8.887,+0.943
1664819580,+3.47,+16.137, +8.899,+0.943
1664819640,+3.47,+16.171, +8.907,+0.943
1664819700,+3.47,+16.154, +8.904,+0.943
1664819760,+3.47,+16.146, +8.894,+0.943
1664819820,+3.47,+16.171, +8.884,+0.943
1664819880,+3.47,+16.171, +8.888,+0.943
1664819940,+3.47,+16.146, +8.910,+0.943
1664820000,+3.47,+16.163, +8.903,+0.943
1664820060,+3.47,+16.171, +8.891,+0.943
1664820120,+3.47,+16.154, +8.909,+0.943
1664820180,+3.47,+16.154, +8.908,+0.943
1664820240,+3.47,+16.163, +8.911,+0.943
1664820300,+3.47,+16.154, +8.916,+0.943
1664820360,+3.47,+16.163, +8.916,+0.943
1664820420,+3.47,+16.171, +8.915,+0.942
1664820480,+3.47,+16.154, +8.922,+0.942
1664820540,+3.47,+16.163, +8.923,+0.943
1664820600,+3.47,+16.171, +8.925,+0.943
1664820660,+3.47,+16.154, +8.944,+0.943
1664820720,+3.47,+16.171, +8.943,+0.943
1664820780,+3.47,+16.146, +8.949,+0.943
1664820840,+3.47,+16.171, +8.954,+0.943
1664820900,+3.47,+16.171, +8.959,+0.943
1664820960,+3.47,+16.154, +8.964,+0.943
1664821020,+3.47,+16.146, +8.979,+0.943
1664821080,+3.47,+16.171, +8.971,+0.943
1664821140,+3.47,+16.154, +8.982,+0.943
1664821200,+3.47,+16.171, +8.981,+0.943
1664821260,+3.47,+16.146, +8.992,+0.943
1664821320,+3.47,+16.146, +9.008,+0.943
1664821380,+3.47,+16.163, +9.015,+0.943
1664821440,+3.47,+16.163, +9.016,+0.943
1664821500,+3.47,+16.146, +9.022,+0.943
1664821560,+3.47,+16.137, +9.017,+0.943
1664821620,+3.47,+16.163, +9.007,+0.943
1664821680,+3.47,+16.154, +9.008,+0.943
1664821740,+3.47,+16.154, +9.001,+0.943
1664821800,+3.47,+16.154, +9.006,+0.943
1664821860,+3.47,+16.154, +8.980,+0.943
1664821920,+3.47,+16.163, +8.976,+0.943
1664821980,+3.47,+16.180, +8.973,+0.943
1664822040,+3.47,+16.180, +8.991,+0.943
1664822100,+3.47,+16.180, +8.976,+0.943
1664822160,+3.47,+16.154, +8.978,+0.943
1664822220,+3.47,+16.180, +8.961,+0.943
1664822280,+3.47,+16.171, +8.952,+0.943
1664822340,+3.47,+16.163, +8.957,+0.943
1664822400,+3.47,+16.180, +8.944,+0.943
1664822460,+3.47,+16.188, +8.978,+0.943
1664822520,+3.47,+16.188, +8.979,+0.943
1664822580,+3.47,+16.163, +8.978,+0.943
1664822640,+3.47,+16.180, +8.953,+0.943
1664822700,+3.47,+16.188, +8.954,+0.943
1664822760,+3.47,+16.188, +8.967,+0.943
1664822820,+3.47,+16.163, +8.962,+0.943
1664822880,+3.47,+16.188, +8.950,+0.943
1664822940,+3.47,+16.180, +8.940,+0.943
1664823000,+3.47,+16.171, +8.944,+0.943
1664823060,+3.47,+16.205, +8.931,+0.943
1664823120,+3.47,+16.171, +8.947,+0.943
1664823180,+3.47,+16.188, +8.934,+0.943
1664823240,+3.47,+16.188, +8.915,+0.943
1664823300,+3.47,+16.205, +8.917,+0.943
1664823360,+3.47,+16.205, +8.931,+0.943
1664823420,+3.47,+16.205, +8.915,+0.943
1664823480,+3.47,+16.205, +8.912,+0.943
1664823540,+3.47,+16.188, +8.900,+0.943
1664823600,+3.47,+16.197, +8.899,+0.943
1664823660,+3.47,+16.180, +8.911,+0.943
1664823720,+3.47,+16.163, +8.917,+0.943
1664823780,+3.47,+16.180, +8.910,+0.943
1664823840,+3.47,+16.188, +8.914,+0.943
1664823900,+3.47,+16.171, +8.914,+0.943
1664823960,+3.47,+16.188, +8.917,+0.943
1664824020,+3.47,+16.188, +8.905,+0.943
1664824080,+3.47,+16.188, +8.929,+0.943
1664824140,+3.47,+16.188, +8.920,+0.943
1664824200,+3.47,+16.188, +8.927,+0.943
1664824260,+3.47,+16.197, +8.924,+0.943
1664824320,+3.47,+16.197, +8.932,+0.943
1664824380,+3.47,+16.171, +8.932,+0.943
1664824440,+3.47,+16.163, +8.929,+0.943
1664824500,+3.47,+16.171, +8.931,+0.943
1664824560,+3.47,+16.163, +8.948,+0.943
1664824620,+3.47,+16.154, +8.944,+0.942
1664824680,+3.47,+16.180, +8.940,+0.943
1664824740,+3.47,+16.146, +8.955,+0.943
1664824800,+3.47,+16.188, +8.942,+0.943
1664824860,+3.47,+16.171, +8.928,+0.943
1664824920,+3.47,+16.171, +8.940,+0.943
1664824980,+3.47,+16.188, +8.931,+0.943
1664825040,+3.47,+16.180, +8.927,+0.943
1664825100,+3.47,+16.171, +8.925,+0.943
1664825160,+3.47,+16.180, +8.935,+0.943
1664825220,+3.47,+16.171, +8.936,+0.942
1664825280,+3.47,+16.171, +8.944,+0.943
1664825340,+3.47,+16.163, +8.949,+0.943
1664825400,+3.47,+16.137, +8.959,+0.942
1664825460,+3.47,+16.146, +8.981,+0.943
1664825520,+3.47,+16.129, +9.030,+0.943
1664825580,+3.47,+16.120, +9.046,+0.943
1664825640,+3.47,+16.120, +9.068,+0.943
1664825700,+3.47,+16.103, +9.078,+0.943
1664825760,+3.47,+16.094, +9.080,+0.943
1664825820,+3.47,+16.137, +9.027,+0.943
1664825880,+3.47,+16.120, +9.042,+0.943
1664825940,+3.47,+16.129, +9.043,+0.943
1664826000,+3.47,+16.129, +9.066,+0.943
1664826060,+3.47,+16.112, +9.068,+0.943
1664826120,+3.47,+16.103, +9.074,+0.943
1664826180,+3.47,+16.103, +9.070,+0.943
1664826240,+3.47,+16.120, +9.063,+0.943
1664826300,+3.47,+16.103, +9.069,+0.943
1664826360,+3.47,+16.112, +9.050,+0.943
1664826420,+3.47,+16.112, +9.042,+0.943
1664826480,+3.47,+16.112, +9.066,+0.943
1664826540,+3.47,+16.120, +9.075,+0.943
1664826600,+3.47,+16.112, +9.067,+0.943
1664826660,+3.47,+16.112, +9.067,+0.943
1664826720,+3.47,+16.120, +9.072,+0.943
1664826780,+3.47,+16.094, +9.105,+0.943
1664826840,+3.47,+16.120, +9.100,+0.943
1664826900,+3.47,+16.120, +9.106,+0.943
1664826960,+3.47,+16.120, +9.110,+0.942
1664827020,+3.47,+16.120, +9.117,+0.943
1664827080,+3.47,+16.112, +9.117,+0.943
1664827140,+3.47,+16.120, +9.119,+0.943
1664827200,+3.47,+16.129, +9.112,+0.943
1664827260,+3.47,+16.137, +9.115,+0.943
1664827320,+3.47,+16.129, +9.095,+0.943
1664827380,+3.47,+16.120, +9.094,+0.943
1664827440,+3.47,+16.129, +9.099,+0.943
1664827500,+3.47,+16.129, +9.086,+0.943
1664827560,+3.47,+16.129, +9.080,+0.943
1664827620,+3.47,+16.137, +9.087,+0.943
1664827680,+3.47,+16.146, +9.109,+0.943
1664827740,+3.47,+16.137, +9.108,+0.943
1664827800,+3.47,+16.137, +9.107,+0.943
1664827860,+3.47,+16.154, +9.117,+0.943
1664827920,+3.47,+16.129, +9.118,+0.943
1664827980,+3.47,+16.154, +9.112,+0.943
1664828040,+3.47,+16.146, +9.119,+0.943
1664828100,+3.47,+16.154, +9.110,+0.943
1664828160,+3.47,+16.163, +9.103,+0.943
1664828220,+3.47,+16.163, +9.108,+0.943
1664828280,+3.47,+16.163, +9.111,+0.943
1664828340,+3.47,+16.163, +9.109,+0.943
1664828400,+3.47,+16.154, +9.114,+0.943
1664828460,+3.47,+16.163, +9.116,+0.943
1664828520,+3.47,+16.154, +9.114,+0.943
1664828580,+3.47,+16.163, +9.120,+0.943
1664828640,+3.47,+16.146, +9.115,+0.942
1664828700,+3.47,+16.146, +9.125,+0.943
1664828760,+3.47,+16.163, +9.121,+0.943
1664828820,+3.47,+16.154, +9.123,+0.943
1664828880,+3.47,+16.163, +9.118,+0.943
1664828940,+3.47,+16.163, +9.112,+0.943
1664829000,+3.47,+16.146, +9.122,+0.943
1664829060,+3.47,+16.163, +9.117,+0.943
1664829120,+3.47,+16.171, +9.107,+0.943
1664829180,+3.47,+16.188, +9.111,+0.943
1664829240,+3.47,+16.180, +9.115,+0.943
1664829300,+3.47,+16.163, +9.116,+0.943
1664829360,+3.47,+16.180, +9.109,+0.943
1664829420,+3.47,+16.171, +9.121,+0.943
1664829480,+3.47,+16.188, +9.109,+0.943
1664829540,+3.47,+16.205, +9.112,+0.943
1664829600,+3.47,+16.197, +9.107,+0.943
1664829660,+3.47,+16.197, +9.083,+0.943
1664829720,+3.47,+16.205, +9.047,+0.943
1664829780,+3.47,+16.197, +9.046,+0.943
1664829840,+3.47,+16.197, +9.095,+0.943
1664829900,+3.47,+16.188, +9.140,+0.943
1664829960,+3.47,+16.214, +9.139,+0.943
1664830020,+3.47,+16.214, +9.133,+0.943
1664830080,+3.47,+16.214, +9.133,+0.943
1664830140,+3.47,+16.197, +9.126,+0.942
1664830200,+3.47,+16.214, +9.123,+0.943
1664830260,+3.47,+16.205, +9.128,+0.943
1664830320,+3.47,+16.205, +9.128,+0.943
1664830380,+3.47,+16.205, +9.131,+0.943
1664830440,+3.47,+16.197, +9.128,+0.943
1664830500,+3.47,+16.205, +9.117,+0.943
1664830560,+3.47,+16.205, +9.116,+0.943
1664830620,+3.47,+16.222, +9.106,+0.943
1664830680,+3.47,+16.197, +9.112,+0.943
1664830740,+3.47,+16.197, +9.105,+0.943
1664830800,+3.47,+16.205, +9.085,+0.943
1664830860,+3.47,+16.205, +9.079,+0.943
1664830920,+3.47,+16.197, +9.073,+0.943
1664830980,+3.47,+16.205, +9.076,+0.943
1664831040,+3.47,+16.188, +9.066,+0.943
1664831100,+3.47,+16.197, +9.064,+0.943
1664831160,+3.47,+16.197, +9.055,+0.943
1664831220,+3.47,+16.214, +9.023,+0.943
1664831280,+3.47,+16.205, +9.009,+0.943
1664831340,+3.47,+16.214, +9.021,+0.943
1664831400,+3.47,+16.197, +9.087,+0.943
1664831460,+3.47,+16.171, +9.139,+0.943
1664831520,+3.47,+16.180, +9.112,+0.943
1664831580,+3.47,+16.171, +9.110,+0.943
1664831640,+3.47,+16.188, +9.110,+0.943
1664831700,+3.47,+16.188, +9.117,+0.943
1664831760,+3.47,+16.180, +9.101,+0.943
1664831820,+3.47,+16.180, +9.085,+0.942
1664831880,+3.47,+16.197, +9.079,+0.943
1664831940,+3.47,+16.188, +9.078,+0.943
1664832000,+3.47,+16.214, +9.056,+0.943
1664832060,+3.47,+16.180, +9.053,+0.943
1664832120,+3.47,+16.197, +9.050,+0.943
1664832180,+3.47,+16.214, +9.025,+0.943
1664832240,+3.47,+16.222, +9.013,+0.943
1664832300,+3.47,+16.188, +9.013,+0.943
1664832360,+3.47,+16.188, +9.004,+0.943
1664832420,+3.47,+16.197, +8.982,+0.943
1664832480,+3.47,+16.214, +8.961,+0.943
1664832540,+3.47,+16.197, +8.948,+0.943
1664832600,+3.47,+16.197, +8.950,+0.943
1664832660,+3.47,+16.205, +8.944,+0.943
1664832720,+3.47,+16.197, +8.923,+0.943
1664832780,+3.47,+16.188, +8.897,+0.942
1664832840,+3.47,+16.188, +8.924,+0.943
1664832900,+3.47,+16.180, +8.915,+0.943
1664832960,+3.47,+16.171, +8.910,+0.943
1664833020,+3.47,+16.171, +8.899,+0.943
1664833080,+3.47,+16.163, +8.888,+0.943
1664833140,+3.47,+16.137, +8.890,+0.943
1664833200,+3.47,+16.112, +8.892,+0.942
1664833260,+3.47,+16.094, +8.899,+0.943
1664833320,+3.47,+16.077, +8.905,+0.943
1664833380,+3.47,+16.069, +8.914,+0.943
1664833440,+3.47,+16.086, +8.918,+0.942
1664833500,+3.47,+16.086, +8.927,+0.943
1664833560,+3.47,+16.094, +8.973,+0.943
1664833620,+3.47,+16.086, +9.001,+0.943
1664833680,+3.47,+16.112, +8.974,+0.943
1664833740,+3.47,+16.094, +9.002,+0.943
1664833800,+3.47,+16.112, +8.995,+0.943
1664833860,+3.47,+16.103, +8.971,+0.943
1664833920,+3.47,+16.120, +8.946,+0.943
1664833980,+3.47,+16.120, +8.937,+0.942
1664834040,+3.47,+16.103, +8.946,+0.943
1664834100,+3.47,+16.129, +8.932,+0.943
1664834160,+3.47,+16.120, +8.955,+0.943
1664834220,+3.47,+16.103, +8.954,+0.943
1664834280,+3.47,+16.094, +8.941,+0.943
1664834340,+3.47,+16.094, +8.954,+0.943
1664834400,+3.47,+16.077, +8.959,+0.943
1664834460,+3.47,+16.094, +8.947,+0.943
1664834520,+3.47,+16.094, +8.930,+0.943
1664834580,+3.47,+16.077, +8.924,+0.943
1664834640,+3.47,+16.077, +8.919,+0.942
1664834700,+3.47,+16.086, +8.911,+0.942
1664834760,+3.47,+16.077, +8.901,+0.943
1664834820,+3.47,+16.094, +8.894,+0.942
1664834880,+3.47,+16.077, +8.912,+0.943
1664834940,+3.47,+16.077, +8.909,+0.942
1664835000,+3.47,+16.103, +8.903,+0.943
1664835060,+3.47,+16.112, +8.898,+0.943
1664835120,+3.47,+16.103, +8.883,+0.943
1664835180,+3.47,+16.120, +8.864,+0.943
1664835240,+3.47,+16.094, +8.856,+0.942
1664835300,+3.47,+16.086, +8.843,+0.943
1664835360,+3.47,+16.069, +8.842,+0.943
1664835420,+3.47,+16.103, +8.844,+0.943
1664835480,+3.47,+16.060, +8.850,+0.943
1664835540,+3.47,+16.077, +8.853,+0.943
1664835600,+3.47,+16.060, +8.837,+0.943
1664835660,+3.47,+16.060, +8.823,+0.942
1664835720,+3.47,+16.060, +8.820,+0.943
1664835780,+3.47,+16.060, +8.815,+0.943
1664835840,+3.47,+16.060, +8.815,+0.943
1664835900,+3.47,+16.052, +8.810,+0.942
1664835960,+3.47,+16.060, +8.799,+0.943
1664836020,+3.47,+16.069, +8.787,+0.942
1664836080,+3.47,+16.069, +8.782,+0.942
1664836140,+3.47,+16.060, +8.791,+0.943
1664836200,+3.47,+16.043, +8.798,+0.943
1664836260,+3.47,+16.043, +8.823,+0.943
1664836320,+3.47,+16.026, +8.828,+0.943
1664836380,+3.47,+16.043, +8.826,+0.943
1664836440,+3.47,+16.052, +8.817,+0.942
1664836500,+3.47,+16.026, +8.823,+0.942
1664836560,+3.47,+16.043, +8.819,+0.942
1664836620,+3.47,+16.052, +8.810,+0.943
1664836680,+3.47,+16.043, +8.794,+0.943
1664836740,+3.47,+16.035, +8.795,+0.943
1664836800,+3.47,+16.035, +8.789,+0.942
1664836860,+3.47,+16.035, +8.789,+0.943
1664836920,+3.47,+16.043, +8.790,+0.943
1664836980,+3.47,+16.035, +8.789,+0.943
1664837040,+3.47,+16.018, +8.795,+0.942
1664837100,+3.47,+16.035, +8.796,+0.942
1664837160,+3.47,+16.026, +8.834,+0.942
1664837220,+3.47,+16.018, +8.874,+0.943
1664837280,+3.47,+15.992, +8.865,+0.943
1664837340,+3.47,+16.026, +8.866,+0.943
1664837400,+3.47,+16.009, +8.863,+0.943
1664837460,+3.47,+16.018, +8.869,+0.943
1664837520,+3.47,+16.018, +8.859,+0.942
1664837580,+3.47,+16.035, +8.852,+0.942
1664837640,+3.47,+16.035, +8.856,+0.943
1664837700,+3.47,+16.026, +8.850,+0.942
1664837760,+3.47,+16.026, +8.855,+0.942
1664837820,+3.47,+16.018, +8.855,+0.943
1664837880,+3.47,+16.018, +8.852,+0.943
1664837940,+3.47,+16.009, +8.861,+0.943
1664838000,+3.47,+16.001, +8.863,+0.943
1664838060,+3.47,+15.992, +8.864,+0.943
1664838120,+3.47,+15.992, +8.863,+0.942
1664838180,+3.47,+15.992, +8.862,+0.942
1664838240,+3.47,+15.992, +8.866,+0.942
1664838300,+3.47,+15.984, +8.857,+0.942
1664838360,+3.47,+15.992, +8.855,+0.943
1664838420,+3.47,+15.992, +8.859,+0.943
1664838480,+3.47,+15.949, +8.867,+0.943
1664838540,+3.47,+15.984, +8.852,+0.942
1664838600,+3.47,+15.992, +8.851,+0.943
1664838660,+3.47,+15.966, +8.849,+0.942
1664838720,+3.47,+16.001, +8.843,+0.943
1664838780,+3.47,+15.984, +8.852,+0.943
1664838840,+3.47,+15.975, +8.863,+0.943
1664838900,+3.47,+15.984, +8.858,+0.943
1664838960,+3.47,+15.984, +8.859,+0.943
1664839020,+3.47,+15.984, +8.894,+0.943
1664839080,+3.47,+16.001, +8.872,+0.943
1664839140,+3.47,+15.992, +8.864,+0.943
1664839200,+3.47,+16.001, +8.866,+0.943
1664839260,+3.47,+16.018, +8.866,+0.943
1664839320,+3.47,+16.001, +8.855,+0.942
1664839380,+3.47,+16.026, +8.850,+0.943
1664839440,+3.47,+16.035, +8.843,+0.943
1664839500,+3.47,+16.035, +8.840,+0.942
1664839560,+3.47,+16.043, +8.833,+0.943
1664839620,+3.47,+16.069, +8.812,+0.943
1664839680,+3.47,+16.052, +8.812,+0.943
1664839740,+3.47,+16.052, +8.805,+0.943
1664839800,+3.47,+16.043, +8.797,+0.943
1664839860,+3.47,+16.043, +8.795,+0.942
1664839920,+3.47,+16.018, +8.815,+0.943
1664839980,+3.47,+16.018, +8.810,+0.943
1664840040,+3.47,+16.026, +8.798,+0.942
1664840100,+3.47,+16.026, +8.796,+0.943
1664840160,+3.47,+16.035, +8.801,+0.943
1664840220,+3.47,+16.018, +8.807,+0.943
1664840280,+3.47,+16.009, +8.807,+0.943
1664840340,+3.47,+15.992, +8.812,+0.943
1664840400,+3.47,+15.984, +8.813,+0.942
1664840460,+3.47,+15.984, +8.818,+0.943
1664840520,+3.47,+15.958, +8.827,+0.942
1664840580,+3.47,+15.966, +8.838,+0.943
1664840640,+3.47,+15.975, +8.829,+0.943
1664840700,+3.47,+15.975, +8.820,+0.943
1664840760,+3.47,+15.966, +8.814,+0.942
1664840820,+3.47,+15.975, +8.802,+0.943
1664840880,+3.47,+15.992, +8.791,+0.942
1664840940,+3.47,+15.958, +8.803,+0.943
1664841000,+3.47,+15.966, +8.792,+0.943
1664841060,+3.47,+15.975, +8.776,+0.942
1664841120,+3.47,+15.966, +8.783,+0.943
1664841180,+3.47,+15.949, +8.821,+0.943
1664841240,+3.47,+15.958, +8.825,+0.942
1664841300,+3.47,+15.966, +8.828,+0.943
1664841360,+3.47,+15.975, +8.819,+0.942
1664841420,+3.47,+15.975, +8.816,+0.942
1664841480,+3.47,+16.001, +8.798,+0.942
1664841540,+3.47,+16.009, +8.787,+0.942
1664841600,+3.47,+16.009, +8.781,+0.943
1664841660,+3.47,+16.009, +8.772,+0.943
1664841720,+3.47,+16.026, +8.773,+0.943
1664841780,+3.47,+16.001, +8.780,+0.943
1664841840,+3.47,+16.001, +8.780,+0.943
1664841900,+3.47,+16.026, +8.759,+0.943
1664841960,+3.47,+16.026, +8.748,+0.942
1664842020,+3.47,+16.018, +8.744,+0.942
1664842080,+3.47,+16.009, +8.750,+0.942
1664842140,+3.47,+15.992, +8.764,+0.943
1664842200,+3.47,+15.992, +8.769,+0.942
1664842260,+3.47,+15.992, +8.779,+0.942
1664842320,+3.47,+15.966, +8.826,+0.943
1664842380,+3.47,+15.949, +8.854,+0.943
1664842440,+3.47,+15.966, +8.870,+0.943
1664842500,+3.47,+15.984, +8.849,+0.943
1664842560,+3.47,+15.941, +8.806,+0.943
1664842620,+3.47,+15.949, +8.770,+0.943
1664842680,+3.47,+15.932, +8.790,+0.943
1664842740,+3.47,+15.941, +8.806,+0.943
1664842800,+3.47,+15.941, +8.783,+0.942
1664842860,+3.47,+15.932, +8.760,+0.943
1664842920,+3.47,+15.924, +8.745,+0.943
1664842980,+3.47,+15.924, +8.750,+0.943
1664843040,+3.47,+15.932, +8.727,+0.942
1664843100,+3.47,+15.932, +8.761,+0.943
1664843160,+3.47,+15.941, +8.800,+0.943
1664843220,+3.47,+15.932, +8.812,+0.943
1664843280,+3.47,+15.949, +8.799,+0.942
1664843340,+3.47,+15.949, +8.825,+0.942
1664843400,+3.47,+15.949, +8.809,+0.943
1664843460,+3.47,+15.941, +8.784,+0.943
1664843520,+3.47,+15.941, +8.786,+0.942
1664843580,+3.47,+15.949, +8.789,+0.943
1664843640,+3.47,+15.958, +8.792,+0.943
1664843700,+3.47,+15.958, +8.790,+0.943
1664843760,+3.47,+15.992, +8.749,+0.942
1664843820,+3.47,+15.966, +8.764,+0.943
1664843880,+3.47,+15.975, +8.753,+0.943
1664843940,+3.47,+15.992, +8.735,+0.942
1664844000,+3.47,+15.975, +8.721,+0.942
1664844060,+3.47,+15.984, +8.709,+0.943
1664844120,+3.47,+15.992, +8.680,+0.942
1664844180,+3.47,+15.992, +8.673,+0.942
1664844240,+3.47,+15.966, +8.681,+0.942
1664844300,+3.47,+15.984, +8.694,+0.942
1664844360,+3.47,+15.975, +8.735,+0.943
1664844420,+3.47,+15.958, +8.759,+0.943
1664844480,+3.47,+15.941, +8.787,+0.942
1664844540,+3.47,+15.949, +8.821,+0.943
1664844600,+3.47,+15.941, +8.816,+0.942
1664844660,+3.47,+15.958, +8.802,+0.943
1664844720,+3.47,+15.941, +8.808,+0.942
1664844780,+3.47,+15.924, +8.830,+0.942
1664844840,+3.47,+15.949, +8.808,+0.942
1664844900,+3.47,+15.932, +8.807,+0.943
1664844960,+3.47,+15.932, +8.793,+0.943
1664845020,+3.47,+15.932, +8.771,+0.943
1664845080,+3.47,+15.915, +8.714,+0.943
1664845140,+3.47,+15.924, +8.664,+0.942
1664845200,+3.47,+15.915, +8.699,+0.943
1664845260,+3.47,+15.907, +8.753,+0.943
1664845320,+3.47,+15.907, +8.743,+0.943
1664845380,+3.47,+15.924, +8.709,+0.942
1664845440,+3.47,+15.915, +8.710,+0.943
1664845500,+3.47,+15.907, +8.693,+0.943
1664845560,+3.47,+15.915, +8.702,+0.943
1664845620,+3.47,+15.941, +8.703,+0.943
1664845680,+3.47,+15.932, +8.698,+0.943
1664845740,+3.47,+15.966, +8.667,+0.942
1664845800,+3.47,+15.949, +8.677,+0.943
1664845860,+3.47,+15.966, +8.656,+0.943
1664845920,+3.47,+15.958, +8.659,+0.943
1664845980,+3.47,+15.984, +8.635,+0.943
1664846040,+3.47,+15.966, +8.622,+0.943
1664846100,+3.47,+15.975, +8.627,+0.943
1664846160,+3.47,+15.975, +8.626,+0.943
1664846220,+3.47,+15.949, +8.624,+0.943
1664846280,+3.47,+15.949, +8.645,+0.943
1664846340,+3.47,+15.949, +8.667,+0.943
1664846400,+3.47,+15.932, +8.690,+0.943
1664846460,+3.47,+15.924, +8.680,+0.942
1664846520,+3.48,+15.924, +8.671,+0.942
1664846580,+3.47,+15.907, +8.679,+0.942
1664846640,+3.47,+15.924, +8.661,+0.942
1664846700,+3.47,+15.924, +8.656,+0.942
1664846760,+3.47,+15.898, +8.678,+0.942
1664846820,+3.47,+15.915, +8.669,+0.943
1664846880,+3.47,+15.890, +8.642,+0.943
1664846940,+3.47,+15.898, +8.620,+0.943
1664847000,+3.47,+15.907, +8.624,+0.943
1664847060,+3.47,+15.907, +8.638,+0.943
1664847120,+3.47,+15.915, +8.659,+0.943
1664847180,+3.47,+15.924, +8.644,+0.942
1664847240,+3.47,+15.915, +8.651,+0.943
1664847300,+3.47,+15.898, +8.635,+0.942
1664847360,+3.47,+15.907, +8.617,+0.943
1664847420,+3.47,+15.890, +8.632,+0.942
1664847480,+3.47,+15.907, +8.644,+0.942
1664847540,+3.47,+15.890, +8.662,+0.943
1664847600,+3.47,+15.898, +8.664,+0.943
1664847660,+3.47,+15.898, +8.667,+0.943
1664847720,+3.47,+15.898, +8.668,+0.943
1664847780,+3.47,+15.915, +8.654,+0.943
1664847840,+3.47,+15.924, +8.639,+0.942
1664847900,+3.47,+15.924, +8.630,+0.943
1664847960,+3.47,+15.941, +8.613,+0.943
1664848020,+3.47,+15.958, +8.601,+0.943
1664848080,+3.47,+15.941, +8.599,+0.943
1664848140,+3.47,+15.949, +8.590,+0.943
1664848200,+3.47,+15.949, +8.589,+0.943
1664848260,+3.47,+15.924, +8.593,+0.942
1664848320,+3.47,+15.932, +8.596,+0.942
1664848380,+3.47,+15.932, +8.639,+0.943
1664848440,+3.47,+15.890, +8.708,+0.943
1664848500,+3.47,+15.881, +8.733,+0.942
1664848560,+3.47,+15.872, +8.757,+0.943
1664848620,+3.47,+15.864, +8.752,+0.942
1664848680,+3.47,+15.855, +8.753,+0.942
1664848740,+3.47,+15.855, +8.720,+0.943
1664848800,+3.48,+15.872, +8.728,+0.942
1664848860,+3.47,+15.847, +8.737,+0.942
1664848920,+3.47,+15.855, +8.706,+0.942
1664848980,+3.48,+15.847, +8.750,+0.943
1664849040,+3.47,+15.847, +8.767,+0.943
1664849100,+3.47,+15.864, +8.759,+0.943
1664849160,+3.47,+15.855, +8.695,+0.942
1664849220,+3.47,+15.855, +8.705,+0.943
1664849280,+3.47,+15.847, +8.724,+0.942
1664849340,+3.47,+15.855, +8.716,+0.942
1664849400,+3.47,+15.872, +8.695,+0.942
1664849460,+3.47,+15.855, +8.626,+0.943
1664849520,+3.47,+15.881, +8.587,+0.943
1664849580,+3.47,+15.872, +8.584,+0.942
1664849640,+3.47,+15.872, +8.576,+0.942
1664849700,+3.47,+15.881, +8.599,+0.942
1664849760,+3.47,+15.872, +8.634,+0.942
1664849820,+3.47,+15.855, +8.657,+0.943
1664849880,+3.47,+15.855, +8.650,+0.943
1664849940,+3.48,+15.847, +8.662,+0.942
1664850000,+3.47,+15.847, +8.657,+0.942
1664850060,+3.48,+15.847, +8.656,+0.943
1664850120,+3.48,+15.847, +8.666,+0.943
1664850180,+3.47,+15.838, +8.669,+0.943
1664850240,+3.48,+15.864, +8.656,+0.942
1664850300,+3.48,+15.855, +8.686,+0.943
1664850360,+3.47,+15.838, +8.699,+0.943
1664850420,+3.48,+15.847, +8.703,+0.943
1664850480,+3.47,+15.838, +8.721,+0.943
1664850540,+3.48,+15.864, +8.729,+0.943
1664850600,+3.47,+15.813, +8.771,+0.943
1664850660,+3.48,+15.830, +8.777,+0.942
1664850720,+3.47,+15.821, +8.788,+0.942
1664850780,+3.47,+15.813, +8.802,+0.943
1664850840,+3.47,+15.804, +8.810,+0.943
1664850900,+3.47,+15.813, +8.805,+0.943
1664850960,+3.47,+15.821, +8.801,+0.943
1664851020,+3.48,+15.804, +8.792,+0.942
1664851080,+3.48,+15.804, +8.794,+0.943
1664851140,+3.47,+15.804, +8.807,+0.943
1664851200,+3.47,+15.804, +8.816,+0.943
1664851260,+3.47,+15.796, +8.809,+0.942
1664851320,+3.48,+15.796, +8.808,+0.943
1664851380,+3.47,+15.804, +8.783,+0.942
1664851440,+3.48,+15.796, +8.768,+0.943
1664851500,+3.47,+15.813, +8.728,+0.942
1664851560,+3.47,+15.796, +8.754,+0.942
1664851620,+3.47,+15.804, +8.742,+0.943
1664851680,+3.48,+15.813, +8.729,+0.942
1664851740,+3.48,+15.813, +8.748,+0.943
1664851800,+3.47,+15.813, +8.709,+0.943
1664851860,+3.48,+15.813, +8.711,+0.942
1664851920,+3.48,+15.830, +8.673,+0.942
1664851980,+3.47,+15.830, +8.704,+0.943
1664852040,+3.48,+15.821, +8.766,+0.943
1664852100,+3.48,+15.813, +8.735,+0.943
1664852160,+3.47,+15.787, +8.718,+0.943
1664852220,+3.48,+15.804, +8.761,+0.942
1664852280,+3.48,+15.761, +8.692,+0.942
1664852340,+3.47,+15.744, +8.704,+0.943
1664852400,+3.47,+15.719, +8.734,+0.942
1664852460,+3.47,+15.753, +8.727,+0.943
1664852520,+3.47,+15.770, +8.724,+0.943
1664852580,+3.47,+15.753, +8.698,+0.943
1664852640,+3.47,+15.710, +8.684,+0.942
1664852700,+3.47,+15.676, +8.687,+0.942
1664852760,+3.47,+15.650, +8.694,+0.943
1664852820,+3.47,+15.642, +8.693,+0.942
1664852880,+3.47,+15.624, +8.694,+0.943
1664852940,+3.47,+15.624, +8.691,+0.942
1664853000,+3.47,+15.599, +8.711,+0.943
1664853060,+3.47,+15.582, +8.731,+0.943
1664853120,+3.47,+15.607, +8.749,+0.943
1664853180,+3.47,+15.667, +8.725,+0.943
1664853240,+3.47,+15.701, +8.732,+0.943
1664853300,+3.47,+15.736, +8.737,+0.943
1664853360,+3.47,+15.736, +8.736,+0.942
1664853420,+3.47,+15.736, +8.739,+0.943
1664853480,+3.47,+15.753, +8.721,+0.942
1664853540,+3.47,+15.744, +8.735,+0.943
1664853600,+3.47,+15.761, +8.727,+0.942
1664853660,+3.47,+15.744, +8.738,+0.942
1664853720,+3.47,+15.710, +8.757,+0.943
1664853780,+3.47,+15.727, +8.755,+0.943
1664853840,+3.47,+15.736, +8.744,+0.942
1664853900,+3.47,+15.727, +8.749,+0.943
1664853960,+3.47,+15.719, +8.756,+0.943
1664854020,+3.47,+15.727, +8.742,+0.942
1664854080,+3.47,+15.736, +8.723,+0.943
1664854140,+3.47,+15.753, +8.737,+0.943
1664854200,+3.47,+15.744, +8.743,+0.942
1664854260,+3.47,+15.736, +8.734,+0.943
1664854320,+3.47,+15.693, +8.749,+0.942
1664854380,+3.47,+15.659, +8.751,+0.943
1664854440,+3.47,+15.633, +8.759,+0.943
1664854500,+3.47,+15.624, +8.767,+0.943
1664854560,+3.47,+15.607, +8.774,+0.943
1664854620,+3.47,+15.633, +8.761,+0.943
1664854680,+3.47,+15.633, +8.778,+0.943
1664854740,+3.47,+15.650, +8.783,+0.943
1664854800,+3.47,+15.650, +8.785,+0.943
1664854860,+3.47,+15.676, +8.787,+0.942
1664854920,+3.47,+15.693, +8.800,+0.943
1664854980,+3.47,+15.684, +8.788,+0.942
1664855040,+3.47,+15.719, +8.786,+0.942
1664855100,+3.47,+15.684, +8.799,+0.942
1664855160,+3.47,+15.710, +8.801,+0.943
1664855220,+3.47,+15.719, +8.792,+0.943
1664855280,+3.47,+15.701, +8.798,+0.943
1664855340,+3.47,+15.719, +8.789,+0.943
1664855400,+3.47,+15.710, +8.769,+0.943
1664855460,+3.47,+15.727, +8.763,+0.942
1664855520,+3.47,+15.753, +8.707,+0.943
1664855580,+3.47,+15.727, +8.752,+0.943
1664855640,+3.47,+15.727, +8.756,+0.942
1664855700,+3.47,+15.701, +8.792,+0.942
1664855760,+3.47,+15.693, +8.793,+0.942
1664855820,+3.47,+15.676, +8.816,+0.943
1664855880,+3.47,+15.676, +8.783,+0.943
1664855940,+3.47,+15.727, +8.646,+0.942
1664856000,+3.47,+15.719, +8.682,+0.943
1664856060,+3.47,+15.693, +8.731,+0.943
1664856120,+3.47,+15.676, +8.756,+0.943
1664856180,+3.47,+15.650, +8.782,+0.943
1664856240,+3.47,+15.624, +8.775,+0.942
1664856300,+3.47,+15.616, +8.756,+0.942
1664856360,+3.47,+15.564, +8.789,+0.942
1664856420,+3.47,+15.582, +8.672,+0.943
1664856480,+3.47,+15.616, +8.612,+0.943
1664856540,+3.47,+15.590, +8.656,+0.943
1664856600,+3.47,+15.564, +8.724,+0.943
1664856660,+3.47,+15.573, +8.706,+0.943
1664856720,+3.47,+15.564, +8.732,+0.943
1664856780,+3.47,+15.547, +8.809,+0.942
1664856840,+3.47,+15.530, +8.813,+0.943
1664856900,+3.47,+15.530, +8.784,+0.942
1664856960,+3.47,+15.504, +8.855,+0.943
1664857020,+3.47,+15.504, +8.859,+0.943
1664857080,+3.47,+15.522, +8.842,+0.943
1664857140,+3.47,+15.530, +8.838,+0.943
1664857200,+3.47,+15.547, +8.812,+0.943
1664857260,+3.47,+15.547, +8.828,+0.943
1664857320,+3.47,+15.556, +8.809,+0.942
1664857380,+3.47,+15.556, +8.821,+0.943
1664857440,+3.47,+15.564, +8.815,+0.943
1664857500,+3.47,+15.590, +8.751,+0.942
1664857560,+3.47,+15.573, +8.760,+0.942
1664857620,+3.47,+15.582, +8.785,+0.942
1664857680,+3.47,+15.547, +8.838,+0.943
1664857740,+3.47,+15.573, +8.824,+0.942
1664857800,+3.47,+15.590, +8.810,+0.942
1664857860,+3.47,+15.607, +8.785,+0.943
1664857920,+3.47,+15.616, +8.750,+0.943
1664857980,+3.47,+15.556, +8.800,+0.943
1664858040,+3.47,+15.556, +8.797,+0.942
1664858100,+3.47,+15.522, +8.784,+0.942
1664858160,+3.47,+15.513, +8.807,+0.943
1664858220,+3.47,+15.513, +8.809,+0.943
1664858280,+3.47,+15.513, +8.802,+0.943
1664858340,+3.47,+15.530, +8.789,+0.943
1664858400,+3.47,+15.530, +8.777,+0.943
1664858460,+3.47,+15.522, +8.781,+0.943
1664858520,+3.47,+15.547, +8.776,+0.943
1664858580,+3.47,+15.530, +8.779,+0.942
1664858640,+3.47,+15.522, +8.791,+0.943
1664858700,+3.47,+15.487, +8.801,+0.943
1664858760,+3.47,+15.556, +8.759,+0.943
1664858820,+3.47,+15.556, +8.753,+0.942
1664858880,+3.47,+15.522, +8.778,+0.943
1664858940,+3.47,+15.504, +8.775,+0.943
1664859000,+3.47,+15.479, +8.769,+0.942
1664859060,+3.47,+15.487, +8.768,+0.942
1664859120,+3.47,+15.479, +8.758,+0.942
1664859180,+3.47,+15.522, +8.728,+0.942
1664859240,+3.47,+15.522, +8.714,+0.942
1664859300,+3.47,+15.539, +8.696,+0.943
1664859360,+3.47,+15.513, +8.706,+0.943
1664859420,+3.47,+15.504, +8.735,+0.943
1664859480,+3.47,+15.513, +8.753,+0.942
1664859540,+3.47,+15.539, +8.736,+0.942
1664859600,+3.47,+15.573, +8.765,+0.943
1664859660,+3.47,+15.599, +8.784,+0.943
1664859720,+3.47,+15.633, +8.766,+0.942
1664859780,+3.47,+15.616, +8.780,+0.943
1664859840,+3.47,+15.633, +8.758,+0.942
1664859900,+3.47,+15.633, +8.767,+0.943
1664859960,+3.47,+15.642, +8.772,+0.942
1664860020,+3.47,+15.633, +8.782,+0.942
1664860080,+3.47,+15.642, +8.782,+0.943
1664860140,+3.47,+15.642, +8.763,+0.942
1664860200,+3.47,+15.642, +8.771,+0.942
1664860260,+3.47,+15.650, +8.765,+0.942
1664860320,+3.47,+15.659, +8.753,+0.942
1664860380,+3.47,+15.650, +8.737,+0.943
1664860440,+3.47,+15.624, +8.718,+0.942
1664860500,+3.47,+15.624, +8.714,+0.942
1664860560,+3.47,+15.616, +8.722,+0.942
1664860620,+3.47,+15.624, +8.728,+0.942
1664860680,+3.47,+15.624, +8.725,+0.942
1664860740,+3.47,+15.624, +8.726,+0.942
1664860800,+3.47,+15.624, +8.731,+0.943
1664860860,+3.47,+15.616, +8.729,+0.942
1664860920,+3.47,+15.616, +8.732,+0.943
1664860980,+3.47,+15.624, +8.738,+0.942
1664861040,+3.47,+15.624, +8.734,+0.943
1664861100,+3.47,+15.607, +8.740,+0.943
1664861160,+3.47,+15.616, +8.744,+0.943
1664861220,+3.47,+15.616, +8.735,+0.942
1664861280,+3.47,+15.633, +8.735,+0.942
1664861340,+3.47,+15.650, +8.724,+0.942
1664861400,+3.47,+15.642, +8.719,+0.942
1664861460,+3.47,+15.659, +8.719,+0.943
1664861520,+3.47,+15.642, +8.724,+0.942
1664861580,+3.47,+15.659, +8.738,+0.943
1664861640,+3.47,+15.633, +8.739,+0.942
1664861700,+3.47,+15.624, +8.753,+0.943
1664861760,+3.47,+15.633, +8.752,+0.942
1664861820,+3.47,+15.607, +8.761,+0.942
1664861880,+3.47,+15.582, +8.757,+0.942
1664861940,+3.47,+15.599, +8.741,+0.942
1664862000,+3.47,+15.582, +8.738,+0.942
1664862060,+3.47,+15.582, +8.741,+0.943
1664862120,+3.47,+15.616, +8.712,+0.942
1664862180,+3.47,+15.599, +8.717,+0.942
1664862240,+3.47,+15.616, +8.713,+0.942
1664862300,+3.47,+15.607, +8.726,+0.943
1664862360,+3.47,+15.624, +8.715,+0.942
1664862420,+3.47,+15.607, +8.734,+0.943
1664862480,+3.47,+15.633, +8.730,+0.942
1664862540,+3.47,+15.650, +8.727,+0.943
1664862600,+3.47,+15.642, +8.743,+0.943
1664862660,+3.47,+15.642, +8.754,+0.943
1664862720,+3.47,+15.650, +8.731,+0.942
1664862780,+3.47,+15.633, +8.717,+0.942
1664862840,+3.47,+15.624, +8.723,+0.942
1664862900,+3.47,+15.624, +8.710,+0.942
1664862960,+3.47,+15.607, +8.715,+0.942
1664863020,+3.47,+15.599, +8.713,+0.942
1664863080,+3.47,+15.599, +8.728,+0.943
1664863140,+3.47,+15.616, +8.718,+0.942
1664863200,+3.47,+15.624, +8.719,+0.943
1664863260,+3.47,+15.599, +8.716,+0.943
1664863320,+3.47,+15.624, +8.713,+0.942
1664863380,+3.47,+15.590, +8.723,+0.943
1664863440,+3.47,+15.607, +8.719,+0.942
1664863500,+3.47,+15.607, +8.723,+0.943
1664863560,+3.47,+15.616, +8.709,+0.942
1664863620,+3.47,+15.599, +8.720,+0.943
1664863680,+3.47,+15.590, +8.727,+0.943
1664863740,+3.47,+15.607, +8.714,+0.942
1664863800,+3.47,+15.590, +8.720,+0.943
1664863860,+3.47,+15.590, +8.716,+0.943
1664863920,+3.47,+15.582, +8.707,+0.943
1664863980,+3.47,+15.582, +8.710,+0.943
1664864040,+3.47,+15.573, +8.711,+0.943
1664864100,+3.47,+15.539, +8.727,+0.943
1664864160,+3.47,+15.522, +8.734,+0.943
1664864220,+3.47,+15.539, +8.719,+0.943
1664864280,+3.47,+15.539, +8.725,+0.942
1664864340,+3.47,+15.539, +8.726,+0.943
1664864400,+3.47,+15.522, +8.727,+0.942
1664864460,+3.47,+15.530, +8.722,+0.942
1664864520,+3.47,+15.522, +8.722,+0.943
1664864580,+3.47,+15.522, +8.727,+0.943
1664864640,+3.47,+15.539, +8.715,+0.942
1664864700,+3.47,+15.513, +8.726,+0.943
1664864760,+3.47,+15.530, +8.714,+0.942
1664864820,+3.47,+15.539, +8.719,+0.943
1664864880,+3.47,+15.530, +8.714,+0.942
1664864940,+3.47,+15.513, +8.718,+0.942
1664865000,+3.47,+15.513, +8.718,+0.942
1664865060,+3.47,+15.522, +8.715,+0.942
1664865120,+3.47,+15.530, +8.711,+0.942
1664865180,+3.47,+15.522, +8.721,+0.943
1664865240,+3.47,+15.513, +8.720,+0.943
1664865300,+3.47,+15.496, +8.728,+0.943
1664865360,+3.47,+15.487, +8.682,+0.943
1664865420,+3.47,+15.496, +8.673,+0.942
1664865480,+3.47,+15.479, +8.680,+0.942
1664865540,+3.47,+15.496, +8.689,+0.943
1664865600,+3.47,+15.470, +8.690,+0.942
1664865660,+3.47,+15.496, +8.698,+0.943
1664865720,+3.47,+15.487, +8.690,+0.942
1664865780,+3.47,+15.496, +8.685,+0.943
1664865840,+3.47,+15.487, +8.675,+0.942
1664865900,+3.47,+15.496, +8.693,+0.943
1664865960,+3.47,+15.487, +8.692,+0.943
1664866020,+3.47,+15.462, +8.697,+0.942
1664866080,+3.47,+15.470, +8.692,+0.942
1664866140,+3.47,+15.487, +8.689,+0.943
1664866200,+3.47,+15.496, +8.707,+0.943
1664866260,+3.47,+15.496, +8.709,+0.942
1664866320,+3.47,+15.530, +8.685,+0.943
1664866380,+3.47,+15.522, +8.688,+0.942
1664866440,+3.47,+15.504, +8.718,+0.943
1664866500,+3.47,+15.496, +8.721,+0.943
1664866560,+3.47,+15.496, +8.709,+0.942
1664866620,+3.47,+15.496, +8.702,+0.942
1664866680,+3.47,+15.487, +8.707,+0.942
1664866740,+3.47,+15.479, +8.706,+0.943
1664866800,+3.47,+15.479, +8.695,+0.942
1664866860,+3.47,+15.496, +8.688,+0.942
1664866920,+3.47,+15.487, +8.686,+0.942
1664866980,+3.47,+15.487, +8.676,+0.942
1664867040,+3.47,+15.470, +8.683,+0.942
1664867100,+3.47,+15.496, +8.675,+0.942
1664867160,+3.47,+15.479, +8.669,+0.942
1664867220,+3.47,+15.470, +8.666,+0.943
1664867280,+3.47,+15.496, +8.665,+0.942
1664867340,+3.47,+15.479, +8.653,+0.942
1664867400,+3.47,+15.479, +8.652,+0.942
1664867460,+3.47,+15.470, +8.639,+0.942
1664867520,+3.47,+15.470, +8.629,+0.942
1664867580,+3.47,+15.470, +8.636,+0.943
1664867640,+3.47,+15.470, +8.636,+0.942
1664867700,+3.47,+15.479, +8.624,+0.942
1664867760,+3.47,+15.470, +8.626,+0.943
1664867820,+3.47,+15.479, +8.610,+0.942
1664867880,+3.47,+15.496, +8.597,+0.942
1664867940,+3.47,+15.470, +8.619,+0.943
1664868000,+3.47,+15.487, +8.622,+0.942
1664868060,+3.47,+15.496, +8.621,+0.942
1664868120,+3.47,+15.513, +8.597,+0.942
1664868180,+3.47,+15.504, +8.614,+0.942
1664868240,+3.47,+15.496, +8.625,+0.942
1664868300,+3.47,+15.496, +8.616,+0.942
1664868360,+3.47,+15.487, +8.636,+0.942
1664868420,+3.47,+15.487, +8.639,+0.943
1664868480,+3.47,+15.496, +8.635,+0.942
1664868540,+3.47,+15.470, +8.605,+0.943
1664868600,+3.47,+15.504, +8.596,+0.942
1664868660,+3.47,+15.504, +8.621,+0.942
1664868720,+3.47,+15.496, +8.617,+0.942
1664868780,+3.47,+15.513, +8.592,+0.942
1664868840,+3.47,+15.496, +8.610,+0.942
1664868900,+3.47,+15.487, +8.638,+0.942
1664868960,+3.47,+15.487, +8.623,+0.942
1664869020,+3.47,+15.479, +8.636,+0.942
1664869080,+3.47,+15.479, +8.620,+0.942
1664869140,+3.47,+15.487, +8.620,+0.943
1664869200,+3.47,+15.496, +8.622,+0.942
1664869260,+3.47,+15.487, +8.623,+0.942
1664869320,+3.47,+15.496, +8.588,+0.942
1664869380,+3.47,+15.496, +8.622,+0.943
1664869440,+3.47,+15.487, +8.630,+0.943
1664869500,+3.47,+15.462, +8.625,+0.942
1664869560,+3.47,+15.479, +8.646,+0.943
1664869620,+3.47,+15.470, +8.656,+0.942
1664869680,+3.47,+15.479, +8.647,+0.942
1664869740,+3.47,+15.487, +8.647,+0.942
1664869800,+3.47,+15.487, +8.620,+0.942
1664869860,+3.47,+15.496, +8.620,+0.942
1664869920,+3.47,+15.496, +8.625,+0.943
1664869980,+3.47,+15.522, +8.569,+0.942
1664870040,+3.47,+15.530, +8.513,+0.942
1664870100,+3.47,+15.522, +8.490,+0.942
1664870160,+3.47,+15.530, +8.511,+0.942
1664870220,+3.47,+15.487, +8.514,+0.942
1664870280,+3.47,+15.504, +8.484,+0.942
1664870340,+3.47,+15.496, +8.494,+0.942
1664870400,+3.47,+15.496, +8.556,+0.942
1664870460,+3.47,+15.496, +8.532,+0.942
1664870520,+3.47,+15.496, +8.510,+0.942
1664870580,+3.47,+15.504, +8.508,+0.942
1664870640,+3.47,+15.530, +8.498,+0.942
1664870700,+3.47,+15.513, +8.497,+0.942
1664870760,+3.47,+15.496, +8.497,+0.942
1664870820,+3.47,+15.530, +8.508,+0.942
1664870880,+3.47,+15.513, +8.502,+0.942
1664870940,+3.47,+15.530, +8.520,+0.942
1664871000,+3.47,+15.530, +8.512,+0.942
1664871060,+3.47,+15.547, +8.510,+0.942
1664871120,+3.47,+15.539, +8.502,+0.942
1664871180,+3.47,+15.539, +8.493,+0.942
1664871240,+3.47,+15.530, +8.468,+0.942
1664871300,+3.47,+15.522, +8.453,+0.942
1664871360,+3.47,+15.513, +8.463,+0.943
1664871420,+3.47,+15.504, +8.448,+0.942
1664871480,+3.47,+15.504, +8.439,+0.942
1664871540,+3.47,+15.504, +8.434,+0.942
1664871600,+3.47,+15.513, +8.429,+0.942
1664871660,+3.47,+15.522, +8.422,+0.942
1664871720,+3.47,+15.504, +8.425,+0.942
1664871780,+3.47,+15.513, +8.419,+0.942
1664871840,+3.47,+15.522, +8.421,+0.942
1664871900,+3.47,+15.513, +8.425,+0.942
1664871960,+3.47,+15.530, +8.419,+0.942
1664872020,+3.47,+15.522, +8.425,+0.942
1664872080,+3.47,+15.547, +8.416,+0.942
1664872140,+3.47,+15.539, +8.417,+0.943
1664872200,+3.47,+15.556, +8.404,+0.942
1664872260,+3.47,+15.582, +8.394,+0.942
1664872320,+3.47,+15.582, +8.386,+0.942
1664872380,+3.47,+15.590, +8.391,+0.943
1664872440,+3.47,+15.607, +8.365,+0.942
1664872500,+3.47,+15.607, +8.362,+0.942
1664872560,+3.47,+15.607, +8.359,+0.942
1664872620,+3.47,+15.616, +8.358,+0.942
1664872680,+3.47,+15.633, +8.352,+0.942
1664872740,+3.47,+15.633, +8.356,+0.942
1664872800,+3.47,+15.607, +8.365,+0.942
1664872860,+3.47,+15.624, +8.362,+0.942
1664872920,+3.47,+15.616, +8.349,+0.942
1664872980,+3.47,+15.607, +8.357,+0.942
1664873040,+3.47,+15.599, +8.359,+0.942
1664873100,+3.47,+15.607, +8.356,+0.942
1664873160,+3.47,+15.590, +8.362,+0.942
1664873220,+3.47,+15.607, +8.352,+0.942
1664873280,+3.47,+15.607, +8.359,+0.942
1664873340,+3.47,+15.607, +8.356,+0.942
1664873400,+3.47,+15.624, +8.348,+0.942
1664873460,+3.47,+15.599, +8.357,+0.942
1664873520,+3.47,+15.607, +8.342,+0.942
1664873580,+3.47,+15.633, +8.344,+0.942
1664873640,+3.47,+15.616, +8.349,+0.942
1664873700,+3.47,+15.624, +8.345,+0.942
1664873760,+3.47,+15.624, +8.348,+0.942
1664873820,+3.47,+15.633, +8.340,+0.942
1664873880,+3.47,+15.616, +8.347,+0.942
1664873940,+3.47,+15.624, +8.342,+0.942
1664874000,+3.47,+15.607, +8.348,+0.942
1664874060,+3.47,+15.624, +8.342,+0.942
1664874120,+3.47,+15.607, +8.358,+0.942
1664874180,+3.47,+15.616, +8.356,+0.942
1664874240,+3.47,+15.599, +8.372,+0.943
1664874300,+3.47,+15.599, +8.368,+0.942
1664874360,+3.47,+15.607, +8.370,+0.942
1664874420,+3.47,+15.616, +8.372,+0.942
1664874480,+3.47,+15.607, +8.385,+0.942
1664874540,+3.47,+15.607, +8.387,+0.943
1664874600,+3.47,+15.599, +8.372,+0.942
1664874660,+3.47,+15.590, +8.387,+0.942
1664874720,+3.47,+15.607, +8.396,+0.942
1664874780,+3.47,+15.607, +8.388,+0.942
1664874840,+3.47,+15.590, +8.419,+0.942
1664874900,+3.47,+15.590, +8.413,+0.942
1664874960,+3.47,+15.599, +8.409,+0.942
1664875020,+3.47,+15.582, +8.412,+0.942
1664875080,+3.47,+15.573, +8.409,+0.942
1664875140,+3.47,+15.582, +8.414,+0.942
1664875200,+3.47,+15.599, +8.423,+0.942
1664875260,+3.47,+15.590, +8.441,+0.942
1664875320,+3.47,+15.556, +8.464,+0.942
1664875380,+3.47,+15.564, +8.464,+0.942
1664875440,+3.47,+15.556, +8.469,+0.942
1664875500,+3.47,+15.539, +8.465,+0.942
1664875560,+3.47,+15.547, +8.459,+0.942
1664875620,+3.47,+15.539, +8.463,+0.942
1664875680,+3.47,+15.539, +8.470,+0.942
1664875740,+3.47,+15.547, +8.461,+0.942
1664875800,+3.47,+15.556, +8.455,+0.942
1664875860,+3.47,+15.539, +8.458,+0.942
1664875920,+3.47,+15.539, +8.474,+0.942
1664875980,+3.47,+15.547, +8.475,+0.943
1664876040,+3.47,+15.530, +8.482,+0.942
1664876100,+3.47,+15.513, +8.480,+0.942
1664876160,+3.47,+15.522, +8.477,+0.942
1664876220,+3.47,+15.522, +8.475,+0.942
1664876280,+3.47,+15.513, +8.479,+0.942
1664876340,+3.47,+15.522, +8.466,+0.942
1664876400,+3.47,+15.513, +8.476,+0.942
1664876460,+3.47,+15.522, +8.471,+0.942
1664876520,+3.47,+15.522, +8.471,+0.942
1664876580,+3.47,+15.522, +8.469,+0.942
1664876640,+3.47,+15.479, +8.489,+0.942
1664876700,+3.47,+15.504, +8.484,+0.942
1664876760,+3.47,+15.513, +8.472,+0.942
1664876820,+3.47,+15.496, +8.480,+0.942
1664876880,+3.47,+15.496, +8.486,+0.942
1664876940,+3.47,+15.496, +8.484,+0.942
1664877000,+3.47,+15.513, +8.471,+0.942
1664877060,+3.47,+15.496, +8.486,+0.942
1664877120,+3.47,+15.487, +8.487,+0.942
1664877180,+3.47,+15.487, +8.481,+0.942
1664877240,+3.47,+15.487, +8.486,+0.942
1664877300,+3.47,+15.496, +8.463,+0.942
1664877360,+3.47,+15.530, +8.432,+0.942
1664877420,+3.47,+15.513, +8.462,+0.942
1664877480,+3.47,+15.522, +8.463,+0.943
1664877540,+3.47,+15.522, +8.449,+0.942
1664877600,+3.47,+15.522, +8.446,+0.942
1664877660,+3.47,+15.513, +8.455,+0.942
1664877720,+3.47,+15.513, +8.449,+0.942
1664877780,+3.47,+15.513, +8.449,+0.942
1664877840,+3.47,+15.504, +8.453,+0.942
1664877900,+3.47,+15.522, +8.447,+0.942
1664877960,+3.47,+15.513, +8.460,+0.942
1664878020,+3.47,+15.504, +8.458,+0.942
1664878080,+3.47,+15.496, +8.456,+0.942
1664878140,+3.47,+15.504, +8.453,+0.942
1664878200,+3.47,+15.504, +8.459,+0.942
1664878260,+3.47,+15.513, +8.455,+0.942
1664878320,+3.47,+15.513, +8.437,+0.942
1664878380,+3.47,+15.496, +8.474,+0.943
1664878440,+3.47,+15.504, +8.452,+0.942
1664878500,+3.47,+15.513, +8.441,+0.942
1664878560,+3.47,+15.496, +8.422,+0.942
1664878620,+3.47,+15.496, +8.415,+0.942
1664878680,+3.47,+15.479, +8.427,+0.942
1664878740,+3.47,+15.496, +8.422,+0.942
1664878800,+3.47,+15.479, +8.443,+0.943
1664878860,+3.47,+15.487, +8.442,+0.942
1664878920,+3.47,+15.487, +8.441,+0.942
1664878980,+3.47,+15.470, +8.456,+0.943
1664879040,+3.47,+15.479, +8.444,+0.942
1664879100,+3.47,+15.479, +8.453,+0.942
1664879160,+3.47,+15.479, +8.453,+0.942
1664879220,+3.47,+15.487, +8.462,+0.942
1664879280,+3.47,+15.470, +8.467,+0.942
1664879340,+3.47,+15.496, +8.456,+0.942
1664879400,+3.47,+15.496, +8.452,+0.942
1664879460,+3.47,+15.479, +8.465,+0.942
1664879520,+3.47,+15.479, +8.475,+0.943
1664879580,+3.47,+15.479, +8.466,+0.942
1664879640,+3.47,+15.487, +8.469,+0.942
1664879700,+3.47,+15.479, +8.475,+0.942
1664879760,+3.47,+15.479, +8.477,+0.943
1664879820,+3.47,+15.487, +8.467,+0.942
1664879880,+3.47,+15.470, +8.456,+0.942
1664879940,+3.47,+15.487, +8.456,+0.942
1664880000,+3.47,+15.479, +8.457,+0.942
1664880060,+3.47,+15.487, +8.439,+0.942
1664880120,+3.47,+15.479, +8.425,+0.942
1664880180,+3.47,+15.453, +8.434,+0.942
1664880240,+3.47,+15.453, +8.423,+0.942
1664880300,+3.47,+15.453, +8.401,+0.942
1664880360,+3.47,+15.436, +8.423,+0.942
1664880420,+3.47,+15.436, +8.416,+0.942
1664880480,+3.47,+15.393, +8.422,+0.942
1664880540,+3.47,+15.419, +8.408,+0.942
1664880600,+3.47,+15.427, +8.409,+0.942
1664880660,+3.47,+15.427, +8.400,+0.942
1664880720,+3.47,+15.419, +8.387,+0.942
1664880780,+3.47,+15.393, +8.401,+0.942
1664880840,+3.47,+15.402, +8.394,+0.942
1664880900,+3.47,+15.384, +8.404,+0.942
1664880960,+3.47,+15.393, +8.399,+0.942
1664881020,+3.47,+15.384, +8.404,+0.942
1664881080,+3.47,+15.393, +8.391,+0.942
1664881140,+3.47,+15.402, +8.390,+0.942
1664881200,+3.47,+15.402, +8.386,+0.942
1664881260,+3.47,+15.384, +8.395,+0.942
1664881320,+3.47,+15.376, +8.392,+0.942
1664881380,+3.47,+15.376, +8.396,+0.942
1664881440,+3.47,+15.376, +8.382,+0.942
1664881500,+3.47,+15.376, +8.376,+0.942
1664881560,+3.47,+15.376, +8.384,+0.942
1664881620,+3.47,+15.376, +8.385,+0.942
1664881680,+3.47,+15.376, +8.386,+0.942
1664881740,+3.47,+15.384, +8.386,+0.942
1664881800,+3.47,+15.367, +8.397,+0.942
1664881860,+3.47,+15.376, +8.402,+0.942
1664881920,+3.47,+15.367, +8.428,+0.943
1664881980,+3.47,+15.367, +8.428,+0.942
1664882040,+3.47,+15.384, +8.436,+0.942
1664882100,+3.47,+15.384, +8.433,+0.942
1664882160,+3.47,+15.376, +8.412,+0.942
1664882220,+3.47,+15.350, +8.422,+0.942
1664882280,+3.47,+15.384, +8.429,+0.942
1664882340,+3.47,+15.367, +8.444,+0.942
1664882400,+3.47,+15.376, +8.436,+0.942
1664882460,+3.47,+15.359, +8.439,+0.942
1664882520,+3.47,+15.359, +8.445,+0.942
1664882580,+3.47,+15.376, +8.431,+0.942
1664882640,+3.47,+15.384, +8.446,+0.942
1664882700,+3.47,+15.367, +8.450,+0.942
1664882760,+3.47,+15.367, +8.442,+0.942
1664882820,+3.47,+15.350, +8.463,+0.942
1664882880,+3.47,+15.376, +8.473,+0.942
1664882940,+3.47,+15.376, +8.481,+0.942
1664883000,+3.47,+15.367, +8.470,+0.942
1664883060,+3.47,+15.384, +8.451,+0.942
1664883120,+3.47,+15.384, +8.445,+0.942
1664883180,+3.47,+15.393, +8.445,+0.942
1664883240,+3.47,+15.384, +8.444,+0.942
1664883300,+3.47,+15.393, +8.450,+0.942
1664883360,+3.47,+15.384, +8.441,+0.942
1664883420,+3.47,+15.402, +8.442,+0.942
1664883480,+3.47,+15.402, +8.434,+0.942
1664883540,+3.47,+15.410, +8.438,+0.942
1664883600,+3.47,+15.393, +8.447,+0.942
1664883660,+3.47,+15.402, +8.444,+0.942
1664883720,+3.47,+15.402, +8.451,+0.942
1664883780,+3.47,+15.402, +8.444,+0.942
1664883840,+3.47,+15.393, +8.430,+0.942
1664883900,+3.47,+15.410, +8.430,+0.942
1664883960,+3.47,+15.402, +8.424,+0.942
1664884020,+3.47,+15.384, +8.431,+0.942
1664884080,+3.47,+15.384, +8.429,+0.942
1664884140,+3.47,+15.384, +8.416,+0.942
1664884200,+3.47,+15.376, +8.449,+0.942
1664884260,+3.47,+15.384, +8.439,+0.942
1664884320,+3.47,+15.384, +8.445,+0.942
1664884380,+3.47,+15.384, +8.447,+0.942
1664884440,+3.47,+15.393, +8.467,+0.942
1664884500,+3.47,+15.376, +8.487,+0.943
1664884560,+3.47,+15.384, +8.535,+0.942
1664884620,+3.47,+15.402, +8.532,+0.942
1664884680,+3.47,+15.410, +8.498,+0.942
1664884740,+3.47,+15.393, +8.528,+0.943
1664884800,+3.47,+15.376, +8.487,+0.942
1664884860,+3.47,+15.367, +8.499,+0.942
1664884920,+3.47,+15.376, +8.486,+0.942
1664884980,+3.47,+15.359, +8.487,+0.942
1664885040,+3.47,+15.342, +8.486,+0.942
1664885100,+3.47,+15.342, +8.499,+0.943
1664885160,+3.47,+15.333, +8.502,+0.942
1664885220,+3.47,+15.342, +8.491,+0.942
1664885280,+3.47,+15.324, +8.494,+0.942
1664885340,+3.47,+15.333, +8.486,+0.942
1664885400,+3.47,+15.333, +8.487,+0.942
1664885460,+3.47,+15.316, +8.504,+0.943
1664885520,+3.47,+15.324, +8.497,+0.943
1664885580,+3.47,+15.333, +8.485,+0.942
1664885640,+3.47,+15.333, +8.495,+0.942
1664885700,+3.47,+15.324, +8.497,+0.942
1664885760,+3.47,+15.324, +8.505,+0.942
1664885820,+3.47,+15.342, +8.498,+0.942
1664885880,+3.47,+15.333, +8.507,+0.942
1664885940,+3.47,+15.333, +8.501,+0.942
1664886000,+3.47,+15.359, +8.478,+0.942
1664886060,+3.47,+15.350, +8.478,+0.942
1664886120,+3.47,+15.359, +8.490,+0.942
1664886180,+3.47,+15.359, +8.474,+0.942
1664886240,+3.47,+15.367, +8.479,+0.942
1664886300,+3.47,+15.367, +8.486,+0.942
1664886360,+3.47,+15.376, +8.485,+0.942
1664886420,+3.47,+15.376, +8.491,+0.942
1664886480,+3.47,+15.393, +8.473,+0.942
1664886540,+3.47,+15.376, +8.487,+0.942
1664886600,+3.47,+15.393, +8.485,+0.942
1664886660,+3.47,+15.393, +8.486,+0.942
1664886720,+3.47,+15.393, +8.496,+0.942
1664886780,+3.47,+15.384, +8.503,+0.942
1664886840,+3.47,+15.367, +8.507,+0.942
1664886900,+3.47,+15.376, +8.506,+0.942
1664886960,+3.47,+15.376, +8.498,+0.942
1664887020,+3.47,+15.376, +8.493,+0.942
1664887080,+3.47,+15.393, +8.490,+0.942
1664887140,+3.47,+15.410, +8.485,+0.942
1664887200,+3.47,+15.384, +8.502,+0.942
1664887260,+3.47,+15.402, +8.488,+0.942
1664887320,+3.47,+15.376, +8.500,+0.942
1664887380,+3.47,+15.402, +8.509,+0.943
1664887440,+3.47,+15.384, +8.507,+0.942
1664887500,+3.47,+15.376, +8.512,+0.942
1664887560,+3.47,+15.410, +8.504,+0.942
1664887620,+3.47,+15.410, +8.514,+0.942
1664887680,+3.47,+15.402, +8.511,+0.942
1664887740,+3.47,+15.384, +8.546,+0.942
1664887800,+3.47,+15.402, +8.523,+0.942
1664887860,+3.47,+15.359, +8.533,+0.942
1664887920,+3.47,+15.350, +8.557,+0.942
1664887980,+3.47,+15.342, +8.559,+0.942
1664888040,+3.47,+15.342, +8.568,+0.943
1664888100,+3.47,+15.342, +8.550,+0.942
1664888160,+3.47,+15.342, +8.562,+0.942
1664888220,+3.47,+15.376, +8.551,+0.942
1664888280,+3.47,+15.350, +8.567,+0.942
1664888340,+3.47,+15.367, +8.555,+0.942
1664888400,+3.47,+15.342, +8.574,+0.942
1664888460,+3.47,+15.307, +8.595,+0.943
1664888520,+3.47,+15.299, +8.598,+0.942
1664888580,+3.47,+15.290, +8.606,+0.942
1664888640,+3.47,+15.281, +8.616,+0.943
1664888700,+3.47,+15.256, +8.617,+0.942
1664888760,+3.47,+15.256, +8.593,+0.942
1664888820,+3.47,+15.273, +8.609,+0.942
1664888880,+3.47,+15.256, +8.602,+0.943
1664888940,+3.47,+15.264, +8.589,+0.942
1664889000,+3.47,+15.264, +8.593,+0.942
1664889060,+3.47,+15.256, +8.566,+0.942
1664889120,+3.47,+15.290, +8.565,+0.942
1664889180,+3.47,+15.299, +8.573,+0.942
1664889240,+3.47,+15.299, +8.600,+0.942
1664889300,+3.47,+15.273, +8.624,+0.942
1664889360,+3.47,+15.290, +8.622,+0.942
1664889420,+3.47,+15.273, +8.628,+0.942
1664889480,+3.47,+15.281, +8.633,+0.942
1664889540,+3.47,+15.290, +8.633,+0.942
1664889600,+3.47,+15.299, +8.629,+0.942
1664889660,+3.47,+15.307, +8.625,+0.942
1664889720,+3.47,+15.324, +8.622,+0.942
1664889780,+3.47,+15.307, +8.632,+0.942
1664889840,+3.47,+15.299, +8.638,+0.942
1664889900,+3.47,+15.316, +8.627,+0.942
1664889960,+3.47,+15.299, +8.637,+0.942
1664890020,+3.47,+15.307, +8.636,+0.942
1664890080,+3.47,+15.307, +8.642,+0.942
1664890140,+3.47,+15.299, +8.654,+0.942
1664890200,+3.47,+15.281, +8.661,+0.942
1664890260,+3.47,+15.307, +8.646,+0.942
1664890320,+3.47,+15.281, +8.657,+0.942
1664890380,+3.47,+15.307, +8.658,+0.942
1664890440,+3.47,+15.307, +8.668,+0.942
1664890500,+3.47,+15.281, +8.671,+0.942
1664890560,+3.47,+15.281, +8.685,+0.943
1664890620,+3.47,+15.281, +8.679,+0.942
1664890680,+3.47,+15.299, +8.680,+0.942
1664890740,+3.47,+15.281, +8.684,+0.942
1664890800,+3.47,+15.290, +8.693,+0.942
1664890860,+3.47,+15.290, +8.692,+0.942
1664890920,+3.47,+15.273, +8.709,+0.943
1664890980,+3.47,+15.281, +8.709,+0.942
1664891040,+3.47,+15.281, +8.710,+0.942
1664891100,+3.47,+15.290, +8.716,+0.942
1664891160,+3.47,+15.290, +8.719,+0.943
1664891220,+3.47,+15.299, +8.714,+0.942
1664891280,+3.47,+15.307, +8.713,+0.942
1664891340,+3.47,+15.290, +8.723,+0.942
1664891400,+3.47,+15.316, +8.724,+0.942
1664891460,+3.47,+15.299, +8.729,+0.943
1664891520,+3.47,+15.299, +8.723,+0.942
1664891580,+3.47,+15.316, +8.715,+0.942
1664891640,+3.47,+15.324, +8.722,+0.942
1664891700,+3.47,+15.307, +8.721,+0.942
1664891760,+3.47,+15.307, +8.729,+0.942
1664891820,+3.47,+15.324, +8.729,+0.942
1664891880,+3.47,+15.324, +8.733,+0.942
1664891940,+3.47,+15.307, +8.740,+0.942
1664892000,+3.47,+15.333, +8.735,+0.942
1664892060,+3.47,+15.324, +8.742,+0.943
1664892120,+3.47,+15.324, +8.758,+0.942
1664892180,+3.47,+15.324, +8.741,+0.942
1664892240,+3.47,+15.342, +8.735,+0.942
1664892300,+3.47,+15.342, +8.736,+0.942
1664892360,+3.47,+15.324, +8.757,+0.942
1664892420,+3.47,+15.324, +8.760,+0.943
1664892480,+3.47,+15.324, +8.762,+0.942
1664892540,+3.47,+15.307, +8.778,+0.942
1664892600,+3.47,+15.333, +8.768,+0.942
1664892660,+3.47,+15.324, +8.769,+0.942
1664892720,+3.47,+15.316, +8.790,+0.942
1664892780,+3.47,+15.316, +8.791,+0.942
1664892840,+3.47,+15.324, +8.792,+0.942
1664892900,+3.47,+15.333, +8.796,+0.942
1664892960,+3.47,+15.333, +8.808,+0.942
1664893020,+3.47,+15.333, +8.831,+0.943
1664893080,+3.47,+15.342, +8.815,+0.942
1664893140,+3.47,+15.333, +8.823,+0.942
1664893200,+3.47,+15.333, +8.835,+0.942
1664893260,+3.47,+15.342, +8.846,+0.942
1664893320,+3.47,+15.342, +8.856,+0.942
1664893380,+3.47,+15.342, +8.831,+0.942
1664893440,+3.47,+15.333, +8.820,+0.942
1664893500,+3.47,+15.359, +8.817,+0.943
1664893560,+3.47,+15.350, +8.810,+0.943
1664893620,+3.47,+15.333, +8.827,+0.942
1664893680,+3.47,+15.367, +8.802,+0.942
1664893740,+3.47,+15.333, +8.786,+0.942
1664893800,+3.47,+15.367, +8.780,+0.942
1664893860,+3.47,+15.376, +8.823,+0.942
1664893920,+3.47,+15.367, +8.790,+0.942
1664893980,+3.47,+15.359, +8.790,+0.942
1664894040,+3.47,+15.333, +8.806,+0.942
1664894100,+3.47,+15.333, +8.804,+0.942
1664894160,+3.47,+15.324, +8.799,+0.942
1664894220,+3.47,+15.333, +8.800,+0.943
1664894280,+3.47,+15.350, +8.805,+0.943
1664894340,+3.47,+15.342, +8.795,+0.942
1664894400,+3.47,+15.342, +8.793,+0.942
1664894460,+3.47,+15.359, +8.799,+0.943
1664894520,+3.47,+15.367, +8.797,+0.942
1664894580,+3.47,+15.393, +8.787,+0.942
1664894640,+3.47,+15.367, +8.804,+0.942
1664894700,+3.47,+15.350, +8.801,+0.942
1664894760,+3.47,+15.359, +8.804,+0.943
1664894820,+3.47,+15.359, +8.804,+0.942
1664894880,+3.47,+15.350, +8.813,+0.943
1664894940,+3.47,+15.342, +8.818,+0.942
1664895000,+3.47,+15.324, +8.831,+0.942
1664895060,+3.47,+15.333, +8.840,+0.942
1664895120,+3.47,+15.324, +8.843,+0.942
1664895180,+3.47,+15.333, +8.851,+0.942
1664895240,+3.47,+15.342, +8.846,+0.943
1664895300,+3.47,+15.342, +8.845,+0.942
1664895360,+3.47,+15.333, +8.850,+0.942
1664895420,+3.47,+15.316, +8.862,+0.942
1664895480,+3.47,+15.324, +8.866,+0.942
1664895540,+3.47,+15.333, +8.860,+0.942
1664895600,+3.47,+15.299, +8.875,+0.942
1664895660,+3.47,+15.316, +8.868,+0.942
1664895720,+3.47,+15.299, +8.863,+0.943
1664895780,+3.47,+15.333, +8.881,+0.943
1664895840,+3.47,+15.342, +8.914,+0.942
1664895900,+3.47,+15.316, +8.923,+0.942
1664895960,+3.47,+15.350, +8.870,+0.942
1664896020,+3.47,+15.359, +8.852,+0.942
1664896080,+3.47,+15.384, +8.862,+0.942
1664896140,+3.47,+15.367, +8.825,+0.942
1664896200,+3.47,+15.393, +8.802,+0.943
1664896260,+3.47,+15.384, +8.809,+0.942
1664896320,+3.47,+15.393, +8.795,+0.942
1664896380,+3.47,+15.376, +8.797,+0.942
1664896440,+3.47,+15.393, +8.780,+0.942
1664896500,+3.47,+15.367, +8.800,+0.942
1664896560,+3.47,+15.367, +8.801,+0.943
1664896620,+3.47,+15.384, +8.790,+0.943
1664896680,+3.47,+15.384, +8.779,+0.942
1664896740,+3.47,+15.384, +8.791,+0.942
1664896800,+3.47,+15.393, +8.793,+0.942
1664896860,+3.47,+15.376, +8.799,+0.942
1664896920,+3.47,+15.384, +8.790,+0.942
1664896980,+3.47,+15.359, +8.818,+0.942
1664897040,+3.47,+15.384, +8.823,+0.942
1664897100,+3.47,+15.384, +8.828,+0.942
1664897160,+3.47,+15.393, +8.837,+0.942
1664897220,+3.47,+15.384, +8.841,+0.942
1664897280,+3.47,+15.384, +8.840,+0.942
1664897340,+3.47,+15.393, +8.836,+0.942
1664897400,+3.47,+15.402, +8.840,+0.942
1664897460,+3.47,+15.384, +8.846,+0.942
1664897520,+3.47,+15.376, +8.850,+0.942
1664897580,+3.47,+15.384, +8.867,+0.942
1664897640,+3.47,+15.376, +8.861,+0.942
1664897700,+3.47,+15.393, +8.880,+0.943
1664897760,+3.47,+15.393, +8.864,+0.942
1664897820,+3.47,+15.384, +8.839,+0.942
1664897880,+3.47,+15.384, +8.851,+0.942
1664897940,+3.47,+15.376, +8.839,+0.942
1664898000,+3.47,+15.402, +8.835,+0.942
1664898060,+3.47,+15.393, +8.846,+0.942
1664898120,+3.47,+15.393, +8.844,+0.942
1664898180,+3.47,+15.402, +8.849,+0.942
1664898240,+3.47,+15.410, +8.845,+0.943
1664898300,+3.47,+15.427, +8.816,+0.942
1664898360,+3.47,+15.427, +8.844,+0.942
1664898420,+3.47,+15.419, +8.821,+0.942
1664898480,+3.47,+15.419, +8.822,+0.942
1664898540,+3.47,+15.427, +8.818,+0.942
1664898600,+3.47,+15.436, +8.822,+0.942
1664898660,+3.47,+15.436, +8.810,+0.942
1664898720,+3.47,+15.410, +8.817,+0.942
1664898780,+3.47,+15.419, +8.828,+0.942
1664898840,+3.47,+15.427, +8.826,+0.942
1664898900,+3.47,+15.427, +8.845,+0.943
1664898960,+3.47,+15.453, +8.846,+0.943
1664899020,+3.47,+15.444, +8.863,+0.942
1664899080,+3.47,+15.436, +8.853,+0.942
1664899140,+3.47,+15.436, +8.838,+0.942
1664899200,+3.47,+15.453, +8.872,+0.942
1664899260,+3.47,+15.436, +8.844,+0.942
1664899320,+3.47,+15.444, +8.843,+0.942
1664899380,+3.47,+15.444, +8.883,+0.943
1664899440,+3.47,+15.436, +8.853,+0.942
1664899500,+3.47,+15.427, +8.872,+0.942
1664899560,+3.47,+15.436, +8.927,+0.942
1664899620,+3.47,+15.436, +8.869,+0.943
1664899680,+3.47,+15.419, +8.883,+0.942
1664899740,+3.47,+15.436, +8.876,+0.942
1664899800,+3.47,+15.427, +8.861,+0.942
1664899860,+3.47,+15.444, +8.868,+0.943
1664899920,+3.47,+15.444, +8.880,+0.942
1664899980,+3.47,+15.453, +8.896,+0.942
1664900040,+3.47,+15.444, +8.896,+0.942
1664900100,+3.47,+15.462, +8.887,+0.942
1664900160,+3.47,+15.462, +8.989,+0.942
1664900220,+3.47,+15.453, +9.041,+0.942
1664900280,+3.47,+15.470, +8.937,+0.943
1664900340,+3.47,+15.470, +8.912,+0.942
1664900400,+3.47,+15.470, +8.904,+0.942
1664900460,+3.47,+15.453, +8.918,+0.942
1664900520,+3.47,+15.444, +8.984,+0.942
1664900580,+3.47,+15.427, +8.992,+0.943
1664900640,+3.47,+15.427, +8.992,+0.942
1664900700,+3.47,+15.436, +9.002,+0.942
1664900760,+3.47,+15.427, +9.014,+0.942
1664900820,+3.47,+15.436, +9.012,+0.943
1664900880,+3.47,+15.427, +9.016,+0.942
1664900940,+3.47,+15.427, +9.025,+0.942
1664901000,+3.47,+15.427, +9.037,+0.942
1664901060,+3.47,+15.436, +9.031,+0.942
1664901120,+3.47,+15.436, +9.039,+0.942
1664901180,+3.47,+15.444, +9.042,+0.942
1664901240,+3.47,+15.444, +9.025,+0.942
1664901300,+3.47,+15.436, +9.025,+0.942
1664901360,+3.47,+15.453, +9.011,+0.943
1664901420,+3.47,+15.444, +8.996,+0.942
1664901480,+3.47,+15.444, +9.014,+0.942
1664901540,+3.47,+15.444, +8.976,+0.942
1664901600,+3.47,+15.444, +8.986,+0.942
1664901660,+3.47,+15.444, +9.047,+0.943
1664901720,+3.47,+15.444, +9.018,+0.942
1664901780,+3.47,+15.453, +9.028,+0.942
1664901840,+3.47,+15.436, +9.000,+0.943
1664901900,+3.47,+15.444, +9.006,+0.942
1664901960,+3.47,+15.453, +8.981,+0.943
1664902020,+3.47,+15.444, +8.958,+0.942
1664902080,+3.47,+15.453, +8.953,+0.942
1664902140,+3.47,+15.444, +8.937,+0.942
1664902200,+3.47,+15.453, +8.943,+0.942
