7450-364333
OS REV: 1.05 Sensor Cal: 1644948279
Time (sec),  BV (Volts),  T (deg C),  DO (mg/l),  Q ()
1667580660,+3.47,+15.855,+10.778,+0.939
1667580720,+3.47,+15.864,+10.769,+0.938
1667580780,+3.47,+15.864,+10.729,+0.938
1667580840,+3.47,+15.855,+10.712,+0.939
1667580900,+3.47,+15.847,+10.710,+0.939
1667580960,+3.47,+15.872,+10.727,+0.939
1667581020,+3.47,+15.890,+10.794,+0.938
1667581080,+3.47,+15.924,+10.849,+0.939
1667581140,+3.47,+15.941,+10.830,+0.939
1667581200,+3.47,+15.975,+10.788,+0.938
1667581260,+3.47,+15.975,+10.769,+0.938
1667581320,+3.47,+15.949,+10.717,+0.938
1667581380,+3.47,+15.949,+10.705,+0.939
1667581440,+3.47,+15.966,+10.779,+0.939
1667581500,+3.47,+15.941,+10.793,+0.938
1667581560,+3.47,+15.958,+10.802,+0.938
1667581620,+3.47,+15.958,+10.769,+0.938
1667581680,+3.47,+15.966,+10.744,+0.939
1667581740,+3.47,+16.009,+10.889,+0.939
1667581800,+3.47,+16.026,+10.877,+0.939
1667581860,+3.47,+16.018,+10.797,+0.938
1667581920,+3.47,+16.009,+10.731,+0.939
1667581980,+3.47,+16.026,+10.754,+0.938
1667582040,+3.47,+16.018,+10.734,+0.938
1667582100,+3.47,+16.052,+10.705,+0.938
1667582160,+3.47,+16.043,+10.685,+0.938
1667582220,+3.47,+16.060,+10.699,+0.938
1667582280,+3.47,+16.094,+10.748,+0.938
1667582340,+3.47,+16.112,+10.817,+0.938
1667582400,+3.47,+16.146,+10.850,+0.939
1667582460,+3.47,+16.180,+10.828,+0.939
1667582520,+3.47,+16.214,+10.838,+0.939
1667582580,+3.47,+16.239,+10.829,+0.939
1667582640,+3.47,+16.282,+10.865,+0.939
1667582700,+3.47,+16.325,+10.832,+0.939
1667582760,+3.47,+16.350,+10.848,+0.939
1667582820,+3.47,+16.384,+10.876,+0.939
1667582880,+3.47,+16.435,+10.967,+0.939
1667582940,+3.47,+16.435,+10.974,+0.939
1667583000,+3.47,+16.461,+10.974,+0.939
1667583060,+3.47,+16.503,+10.978,+0.939
1667583120,+3.47,+16.512,+11.011,+0.939
1667583180,+3.47,+16.503,+11.106,+0.939
1667583240,+3.47,+16.537,+11.060,+0.939
1667583300,+3.47,+16.580,+11.029,+0.938
1667583360,+3.47,+16.580,+11.052,+0.939
1667583420,+3.47,+16.571,+11.049,+0.939
1667583480,+3.47,+16.571,+10.976,+0.939
1667583540,+3.47,+16.588,+10.878,+0.939
1667583600,+3.47,+16.580,+10.887,+0.939
1667583660,+3.47,+16.571,+10.871,+0.939
1667583720,+3.47,+16.588,+10.780,+0.938
1667583780,+3.47,+16.580,+10.755,+0.938
1667583840,+3.47,+16.512,+10.932,+0.939
1667583900,+3.47,+16.503,+10.844,+0.939
1667583960,+3.47,+16.495,+10.752,+0.939
1667584020,+3.47,+16.478,+10.629,+0.938
1667584080,+3.47,+16.444,+10.644,+0.938
1667584140,+3.47,+16.393,+10.710,+0.938
1667584200,+3.47,+16.401,+10.705,+0.938
1667584260,+3.47,+16.350,+10.834,+0.938
1667584320,+3.47,+16.308,+10.967,+0.938
1667584380,+3.47,+16.256,+11.063,+0.938
1667584440,+3.47,+16.197,+10.999,+0.938
1667584500,+3.47,+16.154,+11.036,+0.938
1667584560,+3.47,+16.129,+11.057,+0.939
1667584620,+3.47,+16.112,+11.045,+0.938
1667584680,+3.47,+16.069,+11.024,+0.938
1667584740,+3.47,+16.069,+10.983,+0.939
1667584800,+3.47,+16.086,+11.032,+0.939
1667584860,+3.47,+16.086,+10.969,+0.938
1667584920,+3.47,+16.137,+11.094,+0.939
1667584980,+3.47,+16.154,+11.145,+0.939
1667585040,+3.47,+16.146,+11.133,+0.940
1667585100,+3.47,+16.188,+11.028,+0.939
1667585160,+3.47,+16.197,+11.026,+0.939
1667585220,+3.47,+16.231,+10.914,+0.939
1667585280,+3.47,+16.214,+10.940,+0.939
1667585340,+3.47,+16.214,+10.933,+0.939
1667585400,+3.47,+16.180,+10.939,+0.938
1667585460,+3.47,+16.163,+10.979,+0.939
1667585520,+3.47,+16.171,+10.918,+0.938
1667585580,+3.47,+16.171,+11.013,+0.939
1667585640,+3.47,+16.154,+11.008,+0.938
1667585700,+3.47,+16.180,+10.955,+0.939
1667585760,+3.47,+16.188,+11.079,+0.939
1667585820,+3.47,+16.180,+11.098,+0.939
1667585880,+3.47,+16.197,+11.111,+0.939
1667585940,+3.47,+16.205,+10.982,+0.939
1667586000,+3.47,+16.231,+10.948,+0.938
1667586060,+3.47,+16.248,+10.882,+0.938
1667586120,+3.47,+16.256,+10.828,+0.938
1667586180,+3.47,+16.265,+10.903,+0.938
1667586240,+3.47,+16.248,+10.942,+0.939
1667586300,+3.47,+16.256,+10.872,+0.939
1667586360,+3.47,+16.256,+10.895,+0.939
1667586420,+3.47,+16.274,+10.891,+0.939
1667586480,+3.47,+16.274,+10.993,+0.939
1667586540,+3.47,+16.282,+11.096,+0.939
1667586600,+3.47,+16.282,+11.201,+0.940
1667586660,+3.47,+16.299,+11.202,+0.939
1667586720,+3.47,+16.299,+11.099,+0.938
1667586780,+3.47,+16.239,+11.023,+0.939
1667586840,+3.47,+16.239,+11.013,+0.939
1667586900,+3.47,+16.205,+11.016,+0.939
1667586960,+3.47,+16.163,+10.919,+0.939
1667587020,+3.47,+16.146,+10.862,+0.939
1667587080,+3.47,+16.112,+10.907,+0.938
1667587140,+3.47,+16.094,+10.874,+0.938
1667587200,+3.47,+16.077,+10.880,+0.939
1667587260,+3.47,+16.154,+11.252,+0.939
1667587320,+3.47,+16.188,+11.432,+0.939
1667587380,+3.47,+16.256,+11.401,+0.939
1667587440,+3.47,+16.274,+11.362,+0.939
1667587500,+3.47,+16.282,+11.271,+0.939
1667587560,+3.47,+16.308,+11.289,+0.940
1667587620,+3.47,+16.299,+11.302,+0.939
1667587680,+3.47,+16.291,+11.210,+0.939
1667587740,+3.47,+16.231,+11.090,+0.939
1667587800,+3.47,+16.214,+10.986,+0.938
1667587860,+3.47,+16.180,+11.035,+0.939
1667587920,+3.47,+16.188,+11.083,+0.939
1667587980,+3.47,+16.146,+11.059,+0.939
1667588040,+3.47,+16.137,+11.007,+0.939
1667588100,+3.47,+16.120,+10.969,+0.938
1667588160,+3.47,+16.129,+11.056,+0.939
1667588220,+3.47,+16.112,+10.947,+0.939
1667588280,+3.47,+16.146,+11.071,+0.938
1667588340,+3.47,+16.120,+10.968,+0.939
1667588400,+3.47,+16.112,+10.898,+0.938
1667588460,+3.47,+16.112,+10.985,+0.939
1667588520,+3.47,+16.129,+11.019,+0.939
1667588580,+3.47,+16.129,+10.939,+0.939
1667588640,+3.47,+16.086,+10.894,+0.938
1667588700,+3.47,+16.094,+10.880,+0.939
1667588760,+3.47,+16.069,+10.868,+0.939
1667588820,+3.47,+16.060,+10.797,+0.939
1667588880,+3.47,+16.077,+10.785,+0.939
1667588940,+3.47,+16.077,+10.751,+0.939
1667589000,+3.47,+16.069,+10.616,+0.938
1667589060,+3.47,+16.060,+10.550,+0.939
1667589120,+3.47,+16.052,+10.538,+0.938
1667589180,+3.47,+16.052,+10.438,+0.938
1667589240,+3.47,+16.052,+10.422,+0.939
1667589300,+3.47,+16.052,+10.386,+0.938
1667589360,+3.47,+16.043,+10.348,+0.938
1667589420,+3.47,+16.043,+10.284,+0.938
1667589480,+3.47,+16.060,+10.287,+0.938
1667589540,+3.47,+16.060,+10.322,+0.938
1667589600,+3.47,+16.052,+10.334,+0.938
1667589660,+3.47,+16.052,+10.318,+0.938
1667589720,+3.47,+16.043,+10.429,+0.938
1667589780,+3.47,+16.060,+10.370,+0.938
1667589840,+3.47,+16.060,+10.396,+0.938
1667589900,+3.47,+16.069,+10.366,+0.938
1667589960,+3.47,+16.060,+10.378,+0.938
1667590020,+3.47,+16.069,+10.430,+0.938
1667590080,+3.47,+16.035,+10.505,+0.938
1667590140,+3.47,+16.035,+10.567,+0.938
1667590200,+3.47,+16.026,+10.609,+0.939
1667590260,+3.47,+16.018,+10.654,+0.939
1667590320,+3.47,+16.035,+10.704,+0.939
1667590380,+3.47,+16.035,+10.699,+0.939
1667590440,+3.47,+16.052,+10.695,+0.939
1667590500,+3.47,+16.035,+10.697,+0.939
1667590560,+3.47,+16.052,+10.714,+0.939
1667590620,+3.47,+16.035,+10.760,+0.939
1667590680,+3.47,+16.035,+10.795,+0.939
1667590740,+3.47,+16.026,+10.762,+0.939
1667590800,+3.47,+16.026,+10.791,+0.939
1667590860,+3.47,+16.026,+10.865,+0.938
1667590920,+3.47,+16.026,+10.942,+0.939
1667590980,+3.47,+16.009,+10.953,+0.939
1667591040,+3.47,+16.035,+10.982,+0.939
1667591100,+3.47,+16.035,+10.962,+0.939
1667591160,+3.47,+16.009,+10.979,+0.939
1667591220,+3.47,+16.026,+11.039,+0.939
1667591280,+3.47,+16.052,+11.032,+0.939
1667591340,+3.47,+16.086,+11.030,+0.939
1667591400,+3.47,+16.077,+11.063,+0.939
1667591460,+3.47,+16.112,+11.158,+0.939
1667591520,+3.47,+16.146,+11.210,+0.939
1667591580,+3.47,+16.137,+11.203,+0.939
1667591640,+3.47,+16.120,+11.202,+0.939
1667591700,+3.47,+16.112,+11.184,+0.939
1667591760,+3.47,+16.137,+11.180,+0.939
1667591820,+3.47,+16.146,+11.251,+0.939
1667591880,+3.47,+16.154,+11.136,+0.939
1667591940,+3.47,+16.188,+11.396,+0.939
1667592000,+3.47,+16.171,+11.343,+0.939
1667592060,+3.47,+16.214,+11.243,+0.940
1667592120,+3.47,+16.197,+11.221,+0.940
1667592180,+3.47,+16.188,+11.250,+0.939
1667592240,+3.47,+16.154,+11.088,+0.939
1667592300,+3.47,+16.129,+11.013,+0.939
1667592360,+3.47,+16.120,+11.026,+0.939
1667592420,+3.47,+16.120,+11.101,+0.939
1667592480,+3.47,+16.154,+11.390,+0.939
1667592540,+3.47,+16.129,+11.178,+0.939
1667592600,+3.47,+16.112,+11.240,+0.939
1667592660,+3.47,+16.137,+11.336,+0.939
1667592720,+3.47,+16.146,+11.343,+0.939
1667592780,+3.47,+16.171,+11.332,+0.939
1667592840,+3.47,+16.146,+11.073,+0.939
1667592900,+3.47,+16.120,+11.119,+0.939
1667592960,+3.47,+16.129,+11.120,+0.939
1667593020,+3.47,+16.129,+11.199,+0.939
1667593080,+3.47,+16.120,+11.034,+0.939
1667593140,+3.47,+16.103,+10.989,+0.939
1667593200,+3.47,+16.094,+11.052,+0.939
1667593260,+3.47,+16.129,+11.186,+0.939
1667593320,+3.47,+16.129,+11.233,+0.939
1667593380,+3.47,+16.146,+11.254,+0.939
1667593440,+3.47,+16.120,+11.137,+0.939
1667593500,+3.47,+16.129,+11.109,+0.939
1667593560,+3.47,+16.103,+11.132,+0.939
1667593620,+3.47,+16.112,+11.100,+0.939
1667593680,+3.47,+16.137,+11.140,+0.939
1667593740,+3.47,+16.154,+11.157,+0.939
1667593800,+3.47,+16.146,+11.154,+0.939
1667593860,+3.47,+16.137,+11.104,+0.938
1667593920,+3.47,+16.163,+11.062,+0.939
1667593980,+3.47,+16.129,+11.020,+0.939
1667594040,+3.47,+16.120,+10.983,+0.939
1667594100,+3.47,+16.112,+10.922,+0.939
1667594160,+3.47,+16.103,+10.936,+0.938
1667594220,+3.47,+16.103,+10.950,+0.939
1667594280,+3.47,+16.094,+10.923,+0.939
1667594340,+3.47,+16.094,+10.921,+0.938
1667594400,+3.47,+16.069,+10.917,+0.939
1667594460,+3.47,+16.060,+10.881,+0.939
1667594520,+3.47,+16.052,+10.899,+0.938
1667594580,+3.47,+16.043,+10.903,+0.939
1667594640,+3.47,+16.052,+10.912,+0.939
1667594700,+3.47,+16.052,+10.816,+0.938
1667594760,+3.47,+16.052,+10.842,+0.939
1667594820,+3.47,+16.043,+10.895,+0.939
1667594880,+3.47,+16.018,+10.877,+0.939
1667594940,+3.47,+16.043,+10.866,+0.939
1667595000,+3.47,+16.018,+10.817,+0.938
1667595060,+3.47,+15.992,+10.850,+0.939
1667595120,+3.47,+15.984,+10.794,+0.938
1667595180,+3.47,+15.975,+10.797,+0.938
1667595240,+3.47,+15.975,+10.766,+0.938
1667595300,+3.47,+15.966,+10.801,+0.938
1667595360,+3.47,+15.966,+10.795,+0.939
1667595420,+3.47,+15.984,+10.778,+0.938
1667595480,+3.47,+15.958,+10.755,+0.939
1667595540,+3.47,+15.966,+10.670,+0.938
1667595600,+3.47,+15.949,+10.609,+0.938
1667595660,+3.47,+15.932,+10.027,+0.938
1667595720,+3.47,+15.941,+10.191,+0.938
1667595780,+3.47,+15.932,+10.314,+0.938
1667595840,+3.47,+15.941,+10.355,+0.938
1667595900,+3.47,+15.941,+10.376,+0.938
1667595960,+3.47,+15.949,+10.440,+0.938
1667596020,+3.47,+15.941,+10.398,+0.938
1667596080,+3.47,+15.949,+10.348,+0.938
1667596140,+3.47,+15.941,+10.411,+0.938
1667596200,+3.47,+15.932,+10.530,+0.939
1667596260,+3.47,+15.941,+10.518,+0.938
1667596320,+3.47,+15.924,+10.320,+0.938
1667596380,+3.47,+15.915,+10.063,+0.938
1667596440,+3.47,+15.924,+10.434,+0.938
1667596500,+3.47,+15.932,+10.617,+0.938
1667596560,+3.47,+15.907,+10.647,+0.938
1667596620,+3.47,+15.907,+10.518,+0.938
1667596680,+3.47,+15.907,+10.403,+0.938
1667596740,+3.47,+15.924,+10.293,+0.938
1667596800,+3.47,+15.932,+10.182,+0.938
1667596860,+3.47,+15.932,+10.041,+0.937
1667596920,+3.47,+15.932, +9.960,+0.938
1667596980,+3.47,+15.932, +9.973,+0.938
1667597040,+3.47,+15.924,+10.016,+0.938
1667597100,+3.47,+15.932, +9.964,+0.938
1667597160,+3.47,+15.941, +9.941,+0.938
1667597220,+3.47,+15.907,+10.265,+0.938
1667597280,+3.47,+15.907,+10.573,+0.938
1667597340,+3.47,+15.915,+10.558,+0.938
1667597400,+3.47,+15.907,+10.492,+0.938
1667597460,+3.47,+15.898,+10.413,+0.938
1667597520,+3.47,+15.890,+10.484,+0.938
1667597580,+3.47,+15.890,+10.596,+0.938
1667597640,+3.47,+15.881,+10.582,+0.939
1667597700,+3.47,+15.864,+10.507,+0.938
1667597760,+3.47,+15.881,+10.291,+0.938
1667597820,+3.47,+15.890,+10.146,+0.938
1667597880,+3.47,+15.881,+10.029,+0.938
1667597940,+3.47,+15.872, +9.940,+0.938
1667598000,+3.47,+15.890, +9.916,+0.938
1667598060,+3.47,+15.872, +9.907,+0.938
1667598120,+3.47,+15.881, +9.909,+0.938
1667598180,+3.47,+15.872, +9.883,+0.938
1667598240,+3.47,+15.881, +9.877,+0.938
1667598300,+3.47,+15.881, +9.861,+0.937
1667598360,+3.47,+15.855,+10.125,+0.938
1667598420,+3.47,+15.872,+10.020,+0.938
1667598480,+3.47,+15.864, +9.977,+0.938
1667598540,+3.47,+15.881, +9.969,+0.938
1667598600,+3.47,+15.872,+10.079,+0.938
1667598660,+3.47,+15.864,+10.258,+0.938
1667598720,+3.47,+15.890,+10.084,+0.938
1667598780,+3.47,+15.872,+10.017,+0.938
1667598840,+3.47,+15.855, +9.986,+0.938
1667598900,+3.47,+15.855, +9.937,+0.938
1667598960,+3.47,+15.872, +9.930,+0.938
1667599020,+3.47,+15.881,+10.041,+0.938
1667599080,+3.47,+15.872,+10.032,+0.938
1667599140,+3.47,+15.872,+10.085,+0.938
1667599200,+3.47,+15.881,+10.155,+0.938
1667599260,+3.47,+15.872,+10.084,+0.938
1667599320,+3.47,+15.890, +9.979,+0.938
1667599380,+3.47,+15.872, +9.961,+0.937
1667599440,+3.47,+15.855, +9.966,+0.938
1667599500,+3.47,+15.855, +9.942,+0.938
1667599560,+3.47,+15.864, +9.799,+0.938
1667599620,+3.47,+15.872, +9.831,+0.937
1667599680,+3.47,+15.855, +9.879,+0.937
1667599740,+3.47,+15.855, +9.865,+0.938
1667599800,+3.47,+15.864, +9.767,+0.938
1667599860,+3.47,+15.881, +9.797,+0.938
1667599920,+3.47,+15.855, +9.756,+0.937
1667599980,+3.47,+15.864, +9.739,+0.938
1667600040,+3.47,+15.855, +9.695,+0.937
1667600100,+3.47,+15.855, +9.742,+0.938
1667600160,+3.47,+15.847, +9.671,+0.938
1667600220,+3.47,+15.864, +9.633,+0.937
1667600280,+3.47,+15.855, +9.677,+0.938
1667600340,+3.47,+15.838, +9.686,+0.938
1667600400,+3.47,+15.855, +9.632,+0.937
1667600460,+3.47,+15.847, +9.762,+0.938
1667600520,+3.47,+15.864, +9.779,+0.938
1667600580,+3.47,+15.847, +9.814,+0.938
1667600640,+3.47,+15.855, +9.671,+0.938
1667600700,+3.47,+15.838, +9.671,+0.937
1667600760,+3.47,+15.847, +9.689,+0.938
1667600820,+3.47,+15.855, +9.763,+0.938
1667600880,+3.47,+15.847, +9.825,+0.938
1667600940,+3.47,+15.855, +9.848,+0.938
1667601000,+3.47,+15.872, +9.850,+0.938
1667601060,+3.47,+15.847, +9.854,+0.938
1667601120,+3.47,+15.855, +9.837,+0.938
1667601180,+3.47,+15.872, +9.840,+0.938
1667601240,+3.47,+15.864,+10.032,+0.938
1667601300,+3.47,+15.864,+10.096,+0.938
1667601360,+3.47,+15.864,+10.252,+0.938
1667601420,+3.47,+15.847,+10.255,+0.938
1667601480,+3.47,+15.864,+10.040,+0.938
1667601540,+3.47,+15.881, +9.961,+0.938
1667601600,+3.47,+15.855, +9.990,+0.938
1667601660,+3.47,+15.855, +9.985,+0.938
1667601720,+3.47,+15.855, +9.984,+0.938
1667601780,+3.47,+15.855,+10.020,+0.938
1667601840,+3.47,+15.855,+10.028,+0.938
1667601900,+3.47,+15.864,+10.031,+0.938
1667601960,+3.47,+15.847,+10.028,+0.938
1667602020,+3.47,+15.838,+10.027,+0.938
1667602080,+3.47,+15.855,+10.014,+0.938
1667602140,+3.47,+15.838,+10.027,+0.938
1667602200,+3.47,+15.838, +9.984,+0.938
1667602260,+3.47,+15.838, +9.970,+0.938
1667602320,+3.47,+15.838, +9.977,+0.937
1667602380,+3.47,+15.813, +9.951,+0.938
1667602440,+3.47,+15.830, +9.891,+0.938
1667602500,+3.47,+15.821, +9.861,+0.937
1667602560,+3.47,+15.830, +9.831,+0.938
1667602620,+3.47,+15.804, +9.756,+0.938
1667602680,+3.47,+15.821, +9.739,+0.938
1667602740,+3.47,+15.813, +9.750,+0.937
1667602800,+3.47,+15.830, +9.766,+0.938
1667602860,+3.47,+15.830, +9.751,+0.937
1667602920,+3.47,+15.821, +9.748,+0.938
1667602980,+3.47,+15.804, +9.673,+0.937
1667603040,+3.47,+15.821, +9.638,+0.937
1667603100,+3.47,+15.830, +9.527,+0.937
1667603160,+3.47,+15.821, +9.448,+0.937
1667603220,+3.47,+15.813, +9.566,+0.937
1667603280,+3.47,+15.813, +9.289,+0.937
1667603340,+3.47,+15.821, +9.300,+0.937
1667603400,+3.47,+15.821, +9.567,+0.937
1667603460,+3.47,+15.830, +9.030,+0.937
1667603520,+3.47,+15.830, +8.913,+0.937
1667603580,+3.47,+15.847, +9.032,+0.937
1667603640,+3.47,+15.830, +9.178,+0.937
1667603700,+3.47,+15.821, +9.002,+0.937
1667603760,+3.47,+15.821, +8.977,+0.937
1667603820,+3.47,+15.821, +8.986,+0.937
1667603880,+3.47,+15.813, +9.134,+0.937
1667603940,+3.47,+15.813, +9.291,+0.937
1667604000,+3.47,+15.821, +9.442,+0.938
1667604060,+3.47,+15.813, +9.448,+0.937
1667604120,+3.47,+15.830, +9.484,+0.937
1667604180,+3.47,+15.847, +9.528,+0.937
1667604240,+3.47,+15.830, +9.531,+0.937
1667604300,+3.47,+15.821, +9.532,+0.938
1667604360,+3.47,+15.821, +9.481,+0.937
1667604420,+3.47,+15.821, +9.514,+0.937
1667604480,+3.47,+15.821, +9.532,+0.937
1667604540,+3.47,+15.838, +9.493,+0.938
1667604600,+3.47,+15.821, +9.458,+0.938
1667604660,+3.47,+15.838, +9.420,+0.938
1667604720,+3.47,+15.838, +9.405,+0.938
1667604780,+3.47,+15.830, +9.349,+0.937
1667604840,+3.47,+15.821, +9.366,+0.937
1667604900,+3.47,+15.838, +9.327,+0.937
1667604960,+3.47,+15.821, +9.405,+0.938
1667605020,+3.47,+15.813, +9.371,+0.937
1667605080,+3.47,+15.813, +9.354,+0.937
1667605140,+3.47,+15.838, +9.376,+0.937
1667605200,+3.47,+15.830, +9.330,+0.937
1667605260,+3.47,+15.838, +9.252,+0.937
1667605320,+3.47,+15.821, +9.180,+0.937
1667605380,+3.47,+15.813, +9.156,+0.937
1667605440,+3.47,+15.838, +9.073,+0.937
1667605500,+3.47,+15.821, +8.959,+0.936
1667605560,+3.47,+15.813, +8.963,+0.937
1667605620,+3.47,+15.813, +8.934,+0.937
1667605680,+3.47,+15.821, +8.924,+0.937
1667605740,+3.47,+15.830, +8.827,+0.937
1667605800,+3.47,+15.821, +9.009,+0.937
1667605860,+3.47,+15.847, +9.087,+0.937
1667605920,+3.47,+15.830, +9.121,+0.937
1667605980,+3.47,+15.830, +9.192,+0.938
1667606040,+3.47,+15.847, +9.222,+0.937
1667606100,+3.47,+15.830, +9.179,+0.937
1667606160,+3.47,+15.855, +9.050,+0.937
1667606220,+3.47,+15.855, +9.231,+0.937
1667606280,+3.47,+15.838, +9.264,+0.937
1667606340,+3.47,+15.855, +9.276,+0.937
1667606400,+3.47,+15.847, +9.261,+0.937
1667606460,+3.47,+15.864, +8.962,+0.937
1667606520,+3.47,+15.847, +8.976,+0.937
1667606580,+3.47,+15.855, +9.003,+0.937
1667606640,+3.47,+15.855, +9.074,+0.937
1667606700,+3.47,+15.864, +9.140,+0.937
1667606760,+3.47,+15.847, +9.238,+0.937
1667606820,+3.47,+15.864, +9.206,+0.937
1667606880,+3.47,+15.855, +9.180,+0.937
1667606940,+3.47,+15.864, +9.093,+0.937
1667607000,+3.47,+15.864, +9.080,+0.937
1667607060,+3.47,+15.864, +9.112,+0.937
1667607120,+3.47,+15.872, +9.185,+0.937
1667607180,+3.47,+15.864, +9.276,+0.937
1667607240,+3.47,+15.872, +9.256,+0.938
1667607300,+3.47,+15.872, +9.084,+0.937
1667607360,+3.47,+15.872, +9.098,+0.937
1667607420,+3.47,+15.872, +9.150,+0.937
1667607480,+3.47,+15.872, +9.294,+0.937
1667607540,+3.47,+15.890, +9.292,+0.937
1667607600,+3.47,+15.890, +9.371,+0.937
1667607660,+3.47,+15.881, +9.363,+0.937
1667607720,+3.47,+15.890, +9.430,+0.937
1667607780,+3.47,+15.898, +9.518,+0.937
1667607840,+3.47,+15.907, +9.527,+0.938
1667607900,+3.47,+15.898, +9.615,+0.938
1667607960,+3.47,+15.898, +9.553,+0.938
1667608020,+3.47,+15.881, +9.593,+0.937
1667608080,+3.47,+15.907, +9.628,+0.937
1667608140,+3.47,+15.898, +9.653,+0.938
1667608200,+3.47,+15.907, +9.508,+0.937
1667608260,+3.47,+15.881, +9.442,+0.937
1667608320,+3.47,+15.872, +9.482,+0.937
1667608380,+3.47,+15.898, +9.543,+0.938
1667608440,+3.47,+15.881, +9.604,+0.938
1667608500,+3.47,+15.872, +9.644,+0.938
1667608560,+3.47,+15.890, +9.654,+0.937
1667608620,+3.47,+15.890, +9.606,+0.938
1667608680,+3.47,+15.890, +9.621,+0.938
1667608740,+3.47,+15.872, +9.516,+0.937
1667608800,+3.47,+15.881, +9.609,+0.937
1667608860,+3.47,+15.872, +9.680,+0.938
1667608920,+3.47,+15.864, +9.712,+0.938
1667608980,+3.47,+15.855, +9.759,+0.937
1667609040,+3.47,+15.864, +9.674,+0.937
1667609100,+3.47,+15.855, +9.628,+0.938
1667609160,+3.47,+15.830, +9.663,+0.937
1667609220,+3.47,+15.821, +9.550,+0.938
1667609280,+3.47,+15.813, +9.461,+0.937
1667609340,+3.47,+15.830, +9.519,+0.938
1667609400,+3.47,+15.830, +9.552,+0.937
1667609460,+3.47,+15.821, +9.537,+0.938
1667609520,+3.47,+15.813, +9.552,+0.938
1667609580,+3.47,+15.821, +9.533,+0.937
1667609640,+3.47,+15.796, +9.585,+0.937
1667609700,+3.47,+15.787, +9.492,+0.937
1667609760,+3.47,+15.804, +9.697,+0.938
1667609820,+3.47,+15.804, +9.840,+0.938
1667609880,+3.47,+15.804, +9.831,+0.937
1667609940,+3.47,+15.778, +9.546,+0.938
1667610000,+3.47,+15.813, +9.868,+0.938
1667610060,+3.47,+15.813, +9.947,+0.938
1667610120,+3.47,+15.787,+10.001,+0.938
1667610180,+3.47,+15.796, +9.902,+0.937
1667610240,+3.47,+15.787, +9.759,+0.937
1667610300,+3.47,+15.787, +9.726,+0.938
1667610360,+3.47,+15.796, +9.708,+0.938
1667610420,+3.47,+15.813, +9.698,+0.938
1667610480,+3.47,+15.804, +9.530,+0.937
1667610540,+3.47,+15.787, +9.461,+0.937
1667610600,+3.47,+15.804, +9.157,+0.936
1667610660,+3.47,+15.787, +9.093,+0.937
1667610720,+3.47,+15.804, +9.079,+0.937
1667610780,+3.47,+15.821, +8.964,+0.937
1667610840,+3.47,+15.796, +8.918,+0.937
1667610900,+3.47,+15.813, +8.926,+0.937
1667610960,+3.47,+15.787, +9.048,+0.937
1667611020,+3.47,+15.813, +9.194,+0.937
1667611080,+3.47,+15.804, +9.486,+0.937
1667611140,+3.47,+15.813, +9.665,+0.938
1667611200,+3.47,+15.813, +9.700,+0.938
1667611260,+3.47,+15.821, +9.782,+0.938
1667611320,+3.47,+15.821,+10.006,+0.938
1667611380,+3.47,+15.804,+10.024,+0.938
1667611440,+3.47,+15.821,+10.010,+0.938
1667611500,+3.47,+15.830,+10.044,+0.938
1667611560,+3.47,+15.821, +9.967,+0.938
1667611620,+3.47,+15.830,+10.011,+0.938
1667611680,+3.47,+15.813,+10.007,+0.938
1667611740,+3.47,+15.821, +9.837,+0.938
1667611800,+3.47,+15.821, +9.694,+0.938
1667611860,+3.47,+15.813, +9.645,+0.938
1667611920,+3.47,+15.804, +9.575,+0.937
1667611980,+3.47,+15.830, +9.347,+0.937
1667612040,+3.47,+15.830, +9.155,+0.937
1667612100,+3.47,+15.813, +9.044,+0.937
1667612160,+3.47,+15.821, +8.985,+0.937
1667612220,+3.47,+15.813, +9.019,+0.937
1667612280,+3.47,+15.813, +9.086,+0.937
1667612340,+3.47,+15.813, +9.141,+0.937
1667612400,+3.47,+15.787, +9.031,+0.937
1667612460,+3.47,+15.813, +9.197,+0.937
1667612520,+3.47,+15.821, +9.280,+0.936
1667612580,+3.47,+15.813, +9.369,+0.937
1667612640,+3.47,+15.787, +9.422,+0.937
1667612700,+3.47,+15.787, +9.472,+0.937
1667612760,+3.47,+15.796, +9.417,+0.937
1667612820,+3.47,+15.787, +9.360,+0.937
1667612880,+3.47,+15.787, +9.423,+0.937
1667612940,+3.47,+15.796, +9.410,+0.937
1667613000,+3.47,+15.787, +9.420,+0.937
1667613060,+3.47,+15.770, +9.404,+0.937
1667613120,+3.47,+15.796, +9.321,+0.938
1667613180,+3.47,+15.787, +9.425,+0.937
1667613240,+3.47,+15.761, +9.334,+0.937
1667613300,+3.47,+15.796, +9.080,+0.937
1667613360,+3.47,+15.787, +8.903,+0.937
1667613420,+3.47,+15.761, +8.717,+0.937
1667613480,+3.47,+15.770, +8.843,+0.937
1667613540,+3.47,+15.787, +9.033,+0.936
1667613600,+3.47,+15.787, +8.822,+0.937
1667613660,+3.47,+15.753, +8.584,+0.937
1667613720,+3.47,+15.796, +8.558,+0.937
1667613780,+3.47,+15.778, +8.714,+0.937
1667613840,+3.47,+15.787, +8.603,+0.936
1667613900,+3.47,+15.787, +8.621,+0.937
1667613960,+3.47,+15.787, +8.523,+0.937
1667614020,+3.47,+15.787, +8.701,+0.937
1667614080,+3.47,+15.770, +8.892,+0.937
1667614140,+3.47,+15.778, +9.016,+0.937
1667614200,+3.47,+15.778, +9.139,+0.937
1667614260,+3.47,+15.778, +9.210,+0.937
1667614320,+3.47,+15.787, +9.255,+0.937
1667614380,+3.47,+15.770, +9.300,+0.937
1667614440,+3.47,+15.761, +9.265,+0.937
1667614500,+3.47,+15.778, +9.196,+0.937
1667614560,+3.47,+15.796, +9.033,+0.937
1667614620,+3.47,+15.761, +8.696,+0.937
1667614680,+3.47,+15.761, +8.642,+0.937
1667614740,+3.47,+15.761, +8.634,+0.937
1667614800,+3.47,+15.761, +8.640,+0.937
1667614860,+3.47,+15.770, +8.738,+0.937
1667614920,+3.47,+15.787, +8.929,+0.937
1667614980,+3.47,+15.761, +8.752,+0.937
1667615040,+3.47,+15.761, +8.610,+0.937
1667615100,+3.47,+15.787, +8.666,+0.937
1667615160,+3.47,+15.753, +8.741,+0.937
1667615220,+3.47,+15.770, +8.780,+0.937
1667615280,+3.47,+15.753, +8.928,+0.937
1667615340,+3.47,+15.770, +8.944,+0.937
1667615400,+3.47,+15.753, +8.906,+0.937
1667615460,+3.47,+15.736, +8.999,+0.937
1667615520,+3.47,+15.744, +9.110,+0.937
1667615580,+3.47,+15.719, +9.174,+0.937
1667615640,+3.47,+15.736, +9.225,+0.937
1667615700,+3.47,+15.744, +9.271,+0.937
1667615760,+3.47,+15.710, +9.214,+0.937
1667615820,+3.47,+15.744, +9.074,+0.937
1667615880,+3.47,+15.719, +9.061,+0.937
1667615940,+3.47,+15.736, +8.889,+0.937
1667616000,+3.47,+15.719, +8.844,+0.937
1667616060,+3.47,+15.727, +8.752,+0.937
1667616120,+3.47,+15.719, +8.786,+0.937
1667616180,+3.47,+15.719, +8.868,+0.937
1667616240,+3.47,+15.719, +9.023,+0.937
1667616300,+3.47,+15.710, +9.045,+0.937
1667616360,+3.47,+15.719, +8.955,+0.937
1667616420,+3.47,+15.719, +8.883,+0.937
1667616480,+3.47,+15.701, +8.862,+0.937
1667616540,+3.47,+15.710, +8.745,+0.937
1667616600,+3.47,+15.736, +8.708,+0.937
1667616660,+3.47,+15.727, +8.733,+0.937
1667616720,+3.47,+15.727, +8.829,+0.937
1667616780,+3.47,+15.701, +8.877,+0.937
1667616840,+3.47,+15.719, +8.981,+0.937
1667616900,+3.47,+15.719, +9.017,+0.937
1667616960,+3.47,+15.710, +9.057,+0.937
1667617020,+3.47,+15.710, +9.111,+0.937
1667617080,+3.47,+15.719, +9.201,+0.937
1667617140,+3.47,+15.719, +9.240,+0.937
1667617200,+3.47,+15.719, +9.333,+0.937
1667617260,+3.47,+15.727, +8.991,+0.937
1667617320,+3.47,+15.701, +9.151,+0.938
1667617380,+3.47,+15.744, +9.224,+0.938
1667617440,+3.47,+15.736, +9.331,+0.937
1667617500,+3.47,+15.727, +9.328,+0.938
1667617560,+3.47,+15.701, +9.328,+0.938
1667617620,+3.47,+15.727, +9.279,+0.937
1667617680,+3.47,+15.710, +9.275,+0.937
1667617740,+3.47,+15.727, +9.208,+0.937
1667617800,+3.47,+15.727, +9.236,+0.937
1667617860,+3.47,+15.719, +9.331,+0.937
1667617920,+3.47,+15.719, +9.307,+0.937
1667617980,+3.47,+15.736, +9.331,+0.938
1667618040,+3.47,+15.719, +9.432,+0.937
1667618100,+3.47,+15.727, +9.514,+0.938
1667618160,+3.47,+15.710, +9.523,+0.937
1667618220,+3.47,+15.693, +9.505,+0.937
1667618280,+3.47,+15.701, +9.415,+0.937
1667618340,+3.47,+15.684, +9.373,+0.938
1667618400,+3.47,+15.693, +9.350,+0.937
1667618460,+3.47,+15.676, +9.377,+0.937
1667618520,+3.47,+15.684, +9.406,+0.937
1667618580,+3.47,+15.667, +9.492,+0.937
1667618640,+3.47,+15.684, +9.540,+0.938
1667618700,+3.47,+15.667, +9.622,+0.938
1667618760,+3.47,+15.710, +9.633,+0.938
1667618820,+3.47,+15.684, +9.624,+0.938
1667618880,+3.47,+15.710, +9.685,+0.937
1667618940,+3.47,+15.701, +9.751,+0.938
1667619000,+3.47,+15.693, +9.747,+0.938
1667619060,+3.47,+15.693, +9.774,+0.938
1667619120,+3.47,+15.693, +9.777,+0.938
1667619180,+3.47,+15.701, +9.737,+0.938
1667619240,+3.47,+15.676, +9.758,+0.938
1667619300,+3.47,+15.684, +9.789,+0.938
1667619360,+3.47,+15.684, +9.853,+0.938
1667619420,+3.47,+15.684, +9.884,+0.938
1667619480,+3.47,+15.676, +9.850,+0.938
1667619540,+3.47,+15.676, +9.925,+0.938
1667619600,+3.47,+15.684, +9.922,+0.938
1667619660,+3.47,+15.676, +9.801,+0.938
1667619720,+3.47,+15.684, +9.551,+0.937
1667619780,+3.47,+15.684, +9.651,+0.938
1667619840,+3.47,+15.693, +9.835,+0.938
1667619900,+3.47,+15.684, +9.826,+0.938
1667619960,+3.47,+15.684, +9.844,+0.938
1667620020,+3.47,+15.676, +9.925,+0.938
1667620080,+3.47,+15.667, +9.986,+0.938
1667620140,+3.47,+15.684, +9.949,+0.938
1667620200,+3.47,+15.667,+10.008,+0.938
1667620260,+3.47,+15.676, +9.991,+0.938
1667620320,+3.47,+15.659, +9.833,+0.938
1667620380,+3.47,+15.667, +9.715,+0.938
1667620440,+3.47,+15.642, +9.474,+0.937
1667620500,+3.47,+15.667, +9.420,+0.937
1667620560,+3.47,+15.667, +9.188,+0.937
1667620620,+3.47,+15.667, +9.340,+0.937
1667620680,+3.47,+15.650, +9.405,+0.937
1667620740,+3.47,+15.684, +9.423,+0.937
1667620800,+3.47,+15.659, +9.409,+0.937
1667620860,+3.47,+15.642, +9.256,+0.937
1667620920,+3.47,+15.659, +9.223,+0.938
1667620980,+3.47,+15.659, +9.158,+0.937
1667621040,+3.47,+15.684, +9.258,+0.937
1667621100,+3.47,+15.659, +9.351,+0.937
1667621160,+3.47,+15.667, +9.432,+0.937
1667621220,+3.47,+15.659, +9.467,+0.937
1667621280,+3.47,+15.650, +9.556,+0.938
1667621340,+3.47,+15.659, +9.658,+0.937
1667621400,+3.47,+15.667, +9.666,+0.938
1667621460,+3.47,+15.667, +9.607,+0.938
1667621520,+3.47,+15.667, +9.541,+0.937
1667621580,+3.47,+15.650, +9.597,+0.938
1667621640,+3.47,+15.667, +9.706,+0.938
1667621700,+3.47,+15.650, +9.804,+0.937
1667621760,+3.47,+15.676, +9.870,+0.937
1667621820,+3.47,+15.667, +9.886,+0.938
1667621880,+3.47,+15.667, +9.896,+0.938
1667621940,+3.47,+15.676, +9.880,+0.938
1667622000,+3.47,+15.676, +9.867,+0.938
1667622060,+3.47,+15.676, +9.850,+0.938
1667622120,+3.47,+15.684, +9.812,+0.938
1667622180,+3.47,+15.693, +9.767,+0.938
1667622240,+3.47,+15.676, +9.747,+0.938
1667622300,+3.47,+15.684, +9.742,+0.938
1667622360,+3.47,+15.693, +9.627,+0.937
1667622420,+3.47,+15.676, +9.506,+0.938
1667622480,+3.47,+15.676, +9.404,+0.937
1667622540,+3.47,+15.693, +9.444,+0.937
1667622600,+3.47,+15.684, +9.530,+0.938
1667622660,+3.47,+15.684, +9.552,+0.938
1667622720,+3.47,+15.684, +9.512,+0.937
1667622780,+3.47,+15.693, +9.490,+0.937
1667622840,+3.47,+15.684, +9.384,+0.937
1667622900,+3.47,+15.684, +9.305,+0.937
1667622960,+3.47,+15.684, +9.241,+0.937
1667623020,+3.47,+15.693, +9.071,+0.937
1667623080,+3.47,+15.676, +9.007,+0.937
1667623140,+3.47,+15.693, +8.841,+0.937
1667623200,+3.47,+15.667, +8.808,+0.937
1667623260,+3.47,+15.684, +8.703,+0.937
1667623320,+3.47,+15.684, +8.575,+0.937
1667623380,+3.47,+15.684, +8.497,+0.937
1667623440,+3.47,+15.676, +8.744,+0.937
1667623500,+3.47,+15.693, +9.161,+0.937
1667623560,+3.47,+15.676, +9.371,+0.938
1667623620,+3.47,+15.684, +9.405,+0.937
1667623680,+3.47,+15.676, +9.459,+0.938
1667623740,+3.47,+15.684, +9.505,+0.937
1667623800,+3.47,+15.693, +9.446,+0.937
1667623860,+3.47,+15.676, +9.394,+0.937
1667623920,+3.47,+15.684, +9.352,+0.937
1667623980,+3.47,+15.650, +9.381,+0.937
1667624040,+3.47,+15.667, +9.428,+0.938
1667624100,+3.47,+15.684, +9.443,+0.937
1667624160,+3.47,+15.676, +9.480,+0.938
1667624220,+3.47,+15.667, +9.545,+0.937
1667624280,+3.47,+15.659, +9.581,+0.938
1667624340,+3.47,+15.659, +9.497,+0.938
1667624400,+3.47,+15.659, +9.394,+0.938
1667624460,+3.47,+15.659, +9.216,+0.938
1667624520,+3.47,+15.659, +8.974,+0.937
1667624580,+3.47,+15.667, +9.107,+0.937
1667624640,+3.47,+15.659, +9.078,+0.938
1667624700,+3.47,+15.667, +9.072,+0.937
1667624760,+3.47,+15.650, +9.326,+0.937
1667624820,+3.47,+15.667, +9.351,+0.937
1667624880,+3.47,+15.659, +9.184,+0.938
1667624940,+3.47,+15.659, +8.882,+0.937
1667625000,+3.47,+15.659, +8.781,+0.937
1667625060,+3.47,+15.659, +8.842,+0.937
1667625120,+3.47,+15.659, +9.032,+0.937
1667625180,+3.47,+15.676, +9.235,+0.937
1667625240,+3.47,+15.659, +9.032,+0.937
1667625300,+3.47,+15.659, +9.176,+0.937
1667625360,+3.47,+15.659, +9.268,+0.937
1667625420,+3.47,+15.659, +8.947,+0.937
1667625480,+3.47,+15.659, +8.969,+0.937
1667625540,+3.47,+15.667, +9.021,+0.937
1667625600,+3.47,+15.659, +8.941,+0.937
1667625660,+3.47,+15.667, +8.645,+0.937
1667625720,+3.47,+15.659, +8.476,+0.937
1667625780,+3.47,+15.676, +8.603,+0.936
1667625840,+3.47,+15.684, +8.943,+0.937
1667625900,+3.47,+15.667, +9.375,+0.937
1667625960,+3.47,+15.693, +9.694,+0.938
1667626020,+3.47,+15.684, +9.903,+0.937
1667626080,+3.47,+15.693,+10.005,+0.938
1667626140,+3.47,+15.676,+10.048,+0.938
1667626200,+3.47,+15.684,+10.066,+0.938
1667626260,+3.47,+15.701,+10.093,+0.938
1667626320,+3.47,+15.701,+10.106,+0.938
1667626380,+3.47,+15.701,+10.087,+0.938
1667626440,+3.47,+15.701,+10.033,+0.937
1667626500,+3.47,+15.693,+10.017,+0.938
1667626560,+3.47,+15.701, +9.978,+0.938
1667626620,+3.47,+15.710, +9.925,+0.938
1667626680,+3.47,+15.693, +9.870,+0.938
1667626740,+3.47,+15.676, +9.834,+0.938
1667626800,+3.47,+15.684, +9.762,+0.938
1667626860,+3.47,+15.684, +9.756,+0.938
1667626920,+3.47,+15.667, +9.760,+0.938
1667626980,+3.47,+15.676, +9.659,+0.938
1667627040,+3.47,+15.684, +9.461,+0.937
1667627100,+3.47,+15.676, +9.249,+0.937
1667627160,+3.47,+15.676, +9.445,+0.937
1667627220,+3.47,+15.650, +9.657,+0.937
1667627280,+3.47,+15.650, +9.752,+0.937
1667627340,+3.47,+15.642, +9.848,+0.938
1667627400,+3.47,+15.624, +9.904,+0.938
1667627460,+3.47,+15.633, +9.912,+0.938
1667627520,+3.47,+15.624, +9.966,+0.938
1667627580,+3.47,+15.616, +9.985,+0.938
1667627640,+3.47,+15.607, +9.984,+0.938
1667627700,+3.47,+15.607, +9.941,+0.938
1667627760,+3.47,+15.590, +9.916,+0.938
1667627820,+3.47,+15.573, +9.928,+0.938
1667627880,+3.47,+15.590, +9.925,+0.938
1667627940,+3.47,+15.590, +9.917,+0.937
1667628000,+3.47,+15.590, +9.966,+0.938
1667628060,+3.47,+15.590, +9.068,+0.937
1667628120,+3.47,+15.599, +9.280,+0.937
1667628180,+3.47,+15.599, +9.111,+0.937
1667628240,+3.47,+15.624, +9.027,+0.937
1667628300,+3.47,+15.607, +9.048,+0.937
1667628360,+3.47,+15.590, +8.669,+0.937
1667628420,+3.47,+15.599, +8.409,+0.937
1667628480,+3.47,+15.607, +8.209,+0.936
1667628540,+3.47,+15.616, +8.158,+0.937
1667628600,+3.47,+15.599, +8.412,+0.937
1667628660,+3.47,+15.564, +8.421,+0.937
1667628720,+3.47,+15.599, +8.345,+0.937
1667628780,+3.47,+15.582, +8.252,+0.937
1667628840,+3.47,+15.590, +8.189,+0.936
1667628900,+3.47,+15.590, +8.462,+0.937
1667628960,+3.47,+15.590, +8.307,+0.937
1667629020,+3.47,+15.582, +8.526,+0.937
1667629080,+3.47,+15.547, +8.597,+0.937
1667629140,+3.47,+15.590, +8.408,+0.937
1667629200,+3.47,+15.556, +8.383,+0.937
1667629260,+3.47,+15.547, +8.769,+0.937
1667629320,+3.47,+15.513, +8.635,+0.937
1667629380,+3.47,+15.547, +8.598,+0.937
1667629440,+3.47,+15.547, +8.884,+0.937
1667629500,+3.47,+15.522, +8.750,+0.937
1667629560,+3.47,+15.496, +9.056,+0.937
1667629620,+3.47,+15.504, +8.920,+0.937
1667629680,+3.47,+15.487, +9.255,+0.937
1667629740,+3.47,+15.453, +9.537,+0.937
1667629800,+3.47,+15.427, +9.686,+0.938
1667629860,+3.47,+15.427, +9.772,+0.937
1667629920,+3.47,+15.410, +9.824,+0.937
1667629980,+3.47,+15.419, +9.808,+0.938
1667630040,+3.47,+15.376, +9.865,+0.938
1667630100,+3.47,+15.376, +9.783,+0.938
1667630160,+3.47,+15.393, +9.598,+0.937
1667630220,+3.47,+15.376, +9.297,+0.937
1667630280,+3.47,+15.384, +9.079,+0.937
1667630340,+3.47,+15.384, +8.827,+0.937
1667630400,+3.47,+15.376, +8.698,+0.937
1667630460,+3.47,+15.384, +8.698,+0.937
1667630520,+3.47,+15.367, +8.731,+0.937
1667630580,+3.47,+15.393, +8.826,+0.937
1667630640,+3.47,+15.376, +8.713,+0.936
1667630700,+3.47,+15.393, +8.639,+0.937
1667630760,+3.47,+15.402, +8.668,+0.936
1667630820,+3.47,+15.402, +8.799,+0.937
1667630880,+3.47,+15.402, +9.229,+0.937
1667630940,+3.47,+15.393, +9.549,+0.937
1667631000,+3.47,+15.410, +9.356,+0.937
1667631060,+3.47,+15.419, +9.297,+0.937
1667631120,+3.47,+15.436, +9.703,+0.937
1667631180,+3.47,+15.436, +9.865,+0.937
1667631240,+3.47,+15.436, +9.262,+0.937
1667631300,+3.47,+15.436, +8.971,+0.937
1667631360,+3.47,+15.453, +9.563,+0.937
1667631420,+3.47,+15.444, +9.624,+0.937
1667631480,+3.47,+15.470, +9.975,+0.937
1667631540,+3.47,+15.470,+10.151,+0.938
1667631600,+3.47,+15.462,+10.085,+0.938
1667631660,+3.47,+15.487, +9.984,+0.938
1667631720,+3.47,+15.470,+10.094,+0.938
1667631780,+3.47,+15.487, +9.676,+0.938
1667631840,+3.47,+15.504, +9.813,+0.937
1667631900,+3.47,+15.513, +9.945,+0.938
1667631960,+3.47,+15.530, +9.978,+0.938
1667632020,+3.47,+15.530, +9.965,+0.938
1667632080,+3.47,+15.522,+10.035,+0.938
1667632140,+3.47,+15.547, +9.962,+0.938
1667632200,+3.47,+15.564, +9.712,+0.937
1667632260,+3.47,+15.564, +9.915,+0.938
1667632320,+3.47,+15.564, +9.918,+0.938
1667632380,+3.47,+15.607,+10.037,+0.938
1667632440,+3.47,+15.599,+10.154,+0.939
1667632500,+3.47,+15.616,+10.182,+0.938
1667632560,+3.47,+15.607,+10.002,+0.938
1667632620,+3.47,+15.624, +9.817,+0.937
1667632680,+3.47,+15.616, +9.986,+0.938
1667632740,+3.47,+15.616,+10.133,+0.938
1667632800,+3.47,+15.616,+10.080,+0.938
1667632860,+3.47,+15.642,+10.156,+0.938
1667632920,+3.47,+15.607,+10.208,+0.938
1667632980,+3.47,+15.599,+10.165,+0.938
1667633040,+3.47,+15.616,+10.076,+0.938
1667633100,+3.47,+15.599,+10.052,+0.937
1667633160,+3.47,+15.624,+10.131,+0.938
1667633220,+3.47,+15.616,+10.170,+0.938
1667633280,+3.47,+15.624,+10.174,+0.938
1667633340,+3.47,+15.633,+10.175,+0.938
1667633400,+3.47,+15.633,+10.150,+0.938
1667633460,+3.47,+15.642,+10.152,+0.938
1667633520,+3.47,+15.633,+10.194,+0.938
1667633580,+3.47,+15.642,+10.198,+0.938
1667633640,+3.47,+15.659,+10.215,+0.938
1667633700,+3.47,+15.667,+10.213,+0.938
1667633760,+3.47,+15.676,+10.211,+0.938
1667633820,+3.47,+15.684,+10.211,+0.938
1667633880,+3.47,+15.684,+10.183,+0.938
1667633940,+3.47,+15.684,+10.162,+0.938
1667634000,+3.47,+15.650,+10.178,+0.938
1667634060,+3.47,+15.667,+10.156,+0.938
1667634120,+3.47,+15.684,+10.135,+0.938
1667634180,+3.47,+15.701,+10.097,+0.938
1667634240,+3.47,+15.710,+10.081,+0.938
1667634300,+3.47,+15.693, +9.943,+0.938
1667634360,+3.47,+15.693,+10.000,+0.938
1667634420,+3.47,+15.684,+10.043,+0.938
1667634480,+3.47,+15.701,+10.063,+0.938
1667634540,+3.47,+15.684,+10.077,+0.938
1667634600,+3.47,+15.684,+10.031,+0.938
1667634660,+3.47,+15.710,+10.056,+0.938
1667634720,+3.47,+15.676, +9.931,+0.938
1667634780,+3.47,+15.693, +9.997,+0.938
1667634840,+3.47,+15.693,+10.100,+0.938
1667634900,+3.47,+15.693,+10.142,+0.938
1667634960,+3.47,+15.701,+10.147,+0.938
1667635020,+3.47,+15.684,+10.119,+0.938
1667635080,+3.47,+15.719,+10.070,+0.938
1667635140,+3.47,+15.684,+10.063,+0.938
1667635200,+3.47,+15.693, +9.981,+0.938
1667635260,+3.47,+15.693, +9.885,+0.938
1667635320,+3.47,+15.676, +9.795,+0.938
1667635380,+3.47,+15.667, +9.693,+0.938
1667635440,+3.47,+15.667, +9.419,+0.937
1667635500,+3.47,+15.676, +9.731,+0.938
1667635560,+3.47,+15.676, +9.820,+0.938
1667635620,+3.47,+15.684, +9.672,+0.937
1667635680,+3.47,+15.676, +9.147,+0.937
1667635740,+3.47,+15.659, +8.790,+0.937
1667635800,+3.47,+15.676, +8.527,+0.937
1667635860,+3.47,+15.659, +8.407,+0.937
1667635920,+3.47,+15.659, +8.232,+0.936
1667635980,+3.47,+15.659, +8.202,+0.937
1667636040,+3.47,+15.650, +8.139,+0.937
1667636100,+3.47,+15.642, +8.241,+0.937
1667636160,+3.47,+15.633, +8.219,+0.937
1667636220,+3.47,+15.633, +8.510,+0.937
1667636280,+3.47,+15.616, +8.830,+0.937
1667636340,+3.47,+15.642, +8.567,+0.937
1667636400,+3.47,+15.599, +8.217,+0.937
1667636460,+3.47,+15.624, +8.211,+0.937
1667636520,+3.47,+15.624, +8.778,+0.937
1667636580,+3.47,+15.624, +8.778,+0.937
1667636640,+3.47,+15.624, +8.463,+0.936
1667636700,+3.47,+15.633, +8.370,+0.936
1667636760,+3.47,+15.607, +8.496,+0.937
1667636820,+3.47,+15.607, +8.641,+0.936
1667636880,+3.47,+15.599, +8.642,+0.937
1667636940,+3.47,+15.616, +8.435,+0.936
1667637000,+3.47,+15.599, +8.325,+0.937
1667637060,+3.47,+15.607, +8.520,+0.937
1667637120,+3.47,+15.624, +8.453,+0.937
1667637180,+3.47,+15.607, +8.784,+0.937
1667637240,+3.47,+15.607, +8.882,+0.937
1667637300,+3.47,+15.624, +8.787,+0.937
1667637360,+3.47,+15.624, +8.521,+0.937
1667637420,+3.47,+15.607, +8.353,+0.937
1667637480,+3.47,+15.624, +8.179,+0.937
1667637540,+3.47,+15.616, +8.255,+0.937
1667637600,+3.47,+15.624, +8.439,+0.937
1667637660,+3.47,+15.633, +8.597,+0.937
1667637720,+3.47,+15.650, +8.475,+0.936
1667637780,+3.47,+15.624, +8.321,+0.937
1667637840,+3.47,+15.624, +8.614,+0.937
1667637900,+3.47,+15.650, +9.209,+0.937
1667637960,+3.47,+15.633, +9.652,+0.937
1667638020,+3.47,+15.633, +9.742,+0.938
1667638080,+3.47,+15.633, +9.600,+0.937
1667638140,+3.47,+15.607, +9.172,+0.937
1667638200,+3.47,+15.624, +9.096,+0.937
1667638260,+3.47,+15.616, +8.989,+0.937
1667638320,+3.47,+15.599, +9.186,+0.937
1667638380,+3.47,+15.590, +9.350,+0.937
1667638440,+3.47,+15.607, +9.585,+0.937
1667638500,+3.47,+15.624, +9.608,+0.938
1667638560,+3.47,+15.616, +9.640,+0.937
1667638620,+3.47,+15.607, +9.760,+0.938
1667638680,+3.47,+15.642, +9.597,+0.937
1667638740,+3.47,+15.650, +9.545,+0.937
1667638800,+3.47,+15.659, +9.611,+0.937
1667638860,+3.47,+15.650, +9.016,+0.937
1667638920,+3.47,+15.633, +8.683,+0.937
1667638980,+3.47,+15.642, +8.309,+0.937
1667639040,+3.47,+15.659, +8.189,+0.937
1667639100,+3.47,+15.650, +7.952,+0.936
1667639160,+3.47,+15.650, +7.920,+0.937
1667639220,+3.47,+15.642, +7.908,+0.937
1667639280,+3.47,+15.659, +7.884,+0.937
1667639340,+3.47,+15.667, +7.913,+0.937
1667639400,+3.47,+15.650, +7.941,+0.936
1667639460,+3.47,+15.650, +8.016,+0.936
1667639520,+3.47,+15.650, +7.985,+0.936
1667639580,+3.47,+15.624, +7.966,+0.936
1667639640,+3.47,+15.642, +8.020,+0.936
1667639700,+3.47,+15.633, +8.055,+0.937
1667639760,+3.47,+15.650, +8.009,+0.936
1667639820,+3.47,+15.633, +8.018,+0.936
1667639880,+3.47,+15.642, +7.943,+0.936
1667639940,+3.47,+15.667, +7.895,+0.937
1667640000,+3.47,+15.659, +7.824,+0.936
1667640060,+3.47,+15.667, +7.715,+0.936
1667640120,+3.47,+15.667, +7.676,+0.937
1667640180,+3.47,+15.659, +7.775,+0.936
1667640240,+3.47,+15.667, +7.972,+0.937
1667640300,+3.47,+15.667, +8.238,+0.937
1667640360,+3.47,+15.693, +8.380,+0.936
1667640420,+3.47,+15.684, +8.489,+0.937
1667640480,+3.47,+15.676, +8.403,+0.937
1667640540,+3.47,+15.676, +8.457,+0.937
1667640600,+3.47,+15.684, +8.637,+0.937
1667640660,+3.47,+15.676, +8.754,+0.937
1667640720,+3.47,+15.693, +8.793,+0.937
1667640780,+3.47,+15.676, +8.777,+0.937
1667640840,+3.47,+15.684, +8.723,+0.937
1667640900,+3.47,+15.676, +8.479,+0.937
1667640960,+3.47,+15.667, +8.142,+0.937
1667641020,+3.47,+15.667, +8.052,+0.936
1667641080,+3.47,+15.667, +7.763,+0.936
1667641140,+3.47,+15.650, +7.478,+0.936
1667641200,+3.47,+15.650, +7.277,+0.936
1667641260,+3.47,+15.659, +7.219,+0.936
1667641320,+3.47,+15.650, +7.288,+0.936
1667641380,+3.47,+15.642, +7.293,+0.936
1667641440,+3.47,+15.642, +7.327,+0.936
1667641500,+3.47,+15.650, +7.409,+0.936
1667641560,+3.47,+15.659, +7.479,+0.936
1667641620,+3.47,+15.650, +7.476,+0.937
1667641680,+3.47,+15.676, +7.453,+0.936
1667641740,+3.47,+15.667, +7.578,+0.937
1667641800,+3.47,+15.693, +7.909,+0.937
1667641860,+3.47,+15.676, +8.097,+0.937
1667641920,+3.47,+15.710, +8.258,+0.937
1667641980,+3.47,+15.693, +8.430,+0.937
1667642040,+3.47,+15.727, +8.377,+0.936
1667642100,+3.47,+15.710, +8.279,+0.936
1667642160,+3.47,+15.727, +8.313,+0.937
1667642220,+3.47,+15.736, +8.126,+0.936
1667642280,+3.47,+15.719, +8.103,+0.936
1667642340,+3.47,+15.744, +8.125,+0.936
1667642400,+3.47,+15.753, +7.948,+0.937
1667642460,+3.47,+15.753, +7.771,+0.936
1667642520,+3.47,+15.761, +7.648,+0.936
1667642580,+3.47,+15.753, +7.568,+0.936
1667642640,+3.47,+15.770, +7.490,+0.936
1667642700,+3.47,+15.778, +7.522,+0.936
1667642760,+3.47,+15.778, +7.423,+0.936
1667642820,+3.47,+15.778, +7.315,+0.936
1667642880,+3.47,+15.778, +7.389,+0.936
1667642940,+3.47,+15.787, +7.355,+0.936
1667643000,+3.47,+15.796, +7.399,+0.936
1667643060,+3.47,+15.796, +7.378,+0.936
1667643120,+3.47,+15.796, +7.420,+0.936
1667643180,+3.47,+15.796, +7.447,+0.936
1667643240,+3.47,+15.787, +7.464,+0.936
1667643300,+3.47,+15.796, +7.516,+0.936
1667643360,+3.47,+15.804, +8.055,+0.936
1667643420,+3.47,+15.787, +8.249,+0.937
1667643480,+3.47,+15.778, +8.420,+0.937
1667643540,+3.47,+15.787, +8.064,+0.937
1667643600,+3.47,+15.787, +7.837,+0.936
1667643660,+3.47,+15.796, +8.103,+0.937
1667643720,+3.47,+15.778, +8.147,+0.937
1667643780,+3.47,+15.813, +7.911,+0.936
1667643840,+3.47,+15.787, +7.828,+0.937
1667643900,+3.47,+15.796, +8.019,+0.937
1667643960,+3.47,+15.787, +8.077,+0.936
1667644020,+3.47,+15.787, +8.301,+0.936
1667644080,+3.47,+15.778, +8.465,+0.936
1667644140,+3.47,+15.796, +8.733,+0.936
1667644200,+3.47,+15.787, +8.829,+0.936
1667644260,+3.47,+15.778, +8.952,+0.936
1667644320,+3.47,+15.778, +8.664,+0.936
1667644380,+3.47,+15.787, +8.117,+0.937
1667644440,+3.47,+15.804, +8.197,+0.937
1667644500,+3.47,+15.804, +8.720,+0.937
1667644560,+3.47,+15.787, +9.235,+0.937
1667644620,+3.47,+15.787, +9.540,+0.937
1667644680,+3.47,+15.787, +9.625,+0.937
1667644740,+3.47,+15.778, +9.478,+0.937
1667644800,+3.47,+15.778, +9.727,+0.937
1667644860,+3.47,+15.770, +9.824,+0.938
1667644920,+3.47,+15.787, +9.899,+0.938
1667644980,+3.47,+15.778, +9.961,+0.938
1667645040,+3.47,+15.770, +9.982,+0.938
1667645100,+3.47,+15.787,+10.000,+0.938
1667645160,+3.47,+15.787,+10.014,+0.938
1667645220,+3.47,+15.753,+10.028,+0.938
1667645280,+3.47,+15.787,+10.048,+0.938
1667645340,+3.47,+15.778,+10.032,+0.938
1667645400,+3.47,+15.761, +9.983,+0.937
1667645460,+3.47,+15.770, +9.985,+0.938
1667645520,+3.47,+15.770, +9.926,+0.937
1667645580,+3.47,+15.761, +9.964,+0.937
1667645640,+3.47,+15.778,+10.021,+0.938
1667645700,+3.47,+15.778,+10.225,+0.938
1667645760,+3.47,+15.770,+10.348,+0.938
1667645820,+3.47,+15.753,+10.286,+0.938
1667645880,+3.47,+15.778,+10.131,+0.938
1667645940,+3.47,+15.761,+10.118,+0.938
1667646000,+3.47,+15.761,+10.163,+0.938
1667646060,+3.47,+15.753,+10.167,+0.938
1667646120,+3.47,+15.778,+10.191,+0.938
1667646180,+3.47,+15.770,+10.173,+0.938
1667646240,+3.47,+15.761,+10.208,+0.938
1667646300,+3.47,+15.761,+10.078,+0.938
1667646360,+3.47,+15.753,+10.002,+0.938
1667646420,+3.47,+15.770, +9.927,+0.937
1667646480,+3.47,+15.753, +9.846,+0.938
1667646540,+3.47,+15.736, +9.867,+0.938
1667646600,+3.47,+15.727, +9.823,+0.938
1667646660,+3.47,+15.727, +9.710,+0.938
1667646720,+3.47,+15.701, +9.515,+0.937
1667646780,+3.47,+15.701, +9.263,+0.937
1667646840,+3.47,+15.693, +9.259,+0.937
1667646900,+3.47,+15.693, +9.516,+0.937
1667646960,+3.47,+15.659, +9.732,+0.937
1667647020,+3.47,+15.650, +9.647,+0.937
1667647080,+3.47,+15.659, +9.450,+0.937
1667647140,+3.47,+15.659, +9.272,+0.937
1667647200,+3.47,+15.667, +9.152,+0.937
1667647260,+3.47,+15.650, +9.042,+0.937
1667647320,+3.47,+15.650, +8.988,+0.938
1667647380,+3.47,+15.633, +8.950,+0.937
1667647440,+3.47,+15.616, +8.884,+0.937
1667647500,+3.47,+15.616, +8.904,+0.937
1667647560,+3.47,+15.633, +9.010,+0.937
1667647620,+3.47,+15.607, +9.285,+0.937
1667647680,+3.47,+15.599, +9.573,+0.938
1667647740,+3.47,+15.590, +9.832,+0.937
1667647800,+3.47,+15.599, +9.947,+0.938
1667647860,+3.47,+15.582,+10.043,+0.937
1667647920,+3.47,+15.616,+10.113,+0.938
1667647980,+3.47,+15.607,+10.032,+0.938
1667648040,+3.47,+15.616, +9.724,+0.938
1667648100,+3.47,+15.624, +9.364,+0.937
1667648160,+3.47,+15.633, +9.253,+0.937
1667648220,+3.47,+15.624, +8.994,+0.937
1667648280,+3.47,+15.616, +8.884,+0.937
1667648340,+3.47,+15.642, +8.760,+0.937
1667648400,+3.47,+15.642, +8.677,+0.937
1667648460,+3.47,+15.659, +8.710,+0.937
1667648520,+3.47,+15.667, +8.801,+0.937
1667648580,+3.47,+15.650, +8.760,+0.937
1667648640,+3.47,+15.667, +8.777,+0.937
1667648700,+3.47,+15.659, +8.828,+0.937
1667648760,+3.47,+15.684, +8.811,+0.937
1667648820,+3.47,+15.684, +8.846,+0.937
1667648880,+3.47,+15.693, +8.818,+0.937
1667648940,+3.47,+15.710, +8.789,+0.937
1667649000,+3.47,+15.701, +8.789,+0.937
1667649060,+3.47,+15.701, +8.821,+0.936
1667649120,+3.47,+15.701, +8.852,+0.937
1667649180,+3.47,+15.693, +8.880,+0.937
1667649240,+3.47,+15.693, +8.869,+0.936
1667649300,+3.47,+15.719, +8.883,+0.937
1667649360,+3.47,+15.710, +8.842,+0.937
1667649420,+3.47,+15.701, +8.802,+0.937
1667649480,+3.47,+15.719, +8.727,+0.937
1667649540,+3.47,+15.727, +8.713,+0.937
1667649600,+3.47,+15.736, +8.717,+0.937
1667649660,+3.47,+15.727, +8.438,+0.937
1667649720,+3.47,+15.727, +8.442,+0.937
1667649780,+3.47,+15.727, +8.369,+0.937
1667649840,+3.47,+15.710, +8.290,+0.937
1667649900,+3.47,+15.701, +8.388,+0.937
1667649960,+3.47,+15.710, +8.695,+0.937
1667650020,+3.47,+15.693, +8.921,+0.937
1667650080,+3.47,+15.684, +8.978,+0.937
1667650140,+3.47,+15.684, +9.119,+0.937
1667650200,+3.47,+15.693, +9.229,+0.937
1667650260,+3.47,+15.701, +9.351,+0.938
1667650320,+3.47,+15.684, +9.331,+0.937
1667650380,+3.47,+15.684, +9.319,+0.937
1667650440,+3.47,+15.684, +9.413,+0.937
1667650500,+3.47,+15.684, +9.449,+0.937
1667650560,+3.47,+15.684, +9.464,+0.938
1667650620,+3.47,+15.701, +9.473,+0.937
1667650680,+3.47,+15.710, +9.358,+0.938
1667650740,+3.47,+15.710, +9.223,+0.937
1667650800,+3.47,+15.736, +9.128,+0.937
1667650860,+3.47,+15.710, +9.139,+0.937
1667650920,+3.47,+15.719, +9.320,+0.937
1667650980,+3.47,+15.719, +9.322,+0.937
1667651040,+3.47,+15.710, +9.172,+0.937
1667651100,+3.47,+15.693, +9.081,+0.937
1667651160,+3.47,+15.710, +9.158,+0.937
1667651220,+3.47,+15.727, +9.381,+0.937
1667651280,+3.47,+15.710, +9.557,+0.937
1667651340,+3.47,+15.693, +9.579,+0.938
1667651400,+3.47,+15.693, +9.674,+0.938
1667651460,+3.47,+15.667, +9.849,+0.938
1667651520,+3.47,+15.667, +9.951,+0.938
1667651580,+3.47,+15.650, +9.994,+0.938
1667651640,+3.47,+15.667,+10.019,+0.938
1667651700,+3.47,+15.659,+10.008,+0.938
1667651760,+3.47,+15.650, +9.933,+0.938
1667651820,+3.47,+15.642, +9.894,+0.937
1667651880,+3.47,+15.642, +9.837,+0.938
1667651940,+3.47,+15.642, +9.780,+0.938
1667652000,+3.47,+15.633, +9.774,+0.937
1667652060,+3.47,+15.624, +9.826,+0.938
1667652120,+3.47,+15.616, +9.862,+0.938
1667652180,+3.47,+15.616, +9.863,+0.938
1667652240,+3.47,+15.607, +9.871,+0.938
1667652300,+3.47,+15.624, +9.856,+0.938
1667652360,+3.47,+15.624, +9.872,+0.937
1667652420,+3.47,+15.624, +9.864,+0.938
1667652480,+3.47,+15.624, +9.852,+0.938
1667652540,+3.47,+15.616, +9.860,+0.937
1667652600,+3.47,+15.616, +9.901,+0.938
1667652660,+3.47,+15.616, +9.903,+0.937
1667652720,+3.47,+15.599, +9.961,+0.938
1667652780,+3.47,+15.607, +9.982,+0.938
1667652840,+3.47,+15.616, +9.960,+0.938
1667652900,+3.47,+15.633, +9.940,+0.938
1667652960,+3.47,+15.607, +9.962,+0.938
1667653020,+3.47,+15.616, +9.953,+0.938
1667653080,+3.47,+15.624, +9.950,+0.938
1667653140,+3.47,+15.633, +9.963,+0.938
1667653200,+3.47,+15.642, +9.995,+0.938
1667653260,+3.47,+15.616,+10.093,+0.938
1667653320,+3.47,+15.624,+10.068,+0.938
1667653380,+3.47,+15.624,+10.035,+0.938
1667653440,+3.47,+15.633, +9.968,+0.938
1667653500,+3.47,+15.642, +9.978,+0.938
1667653560,+3.47,+15.650, +9.973,+0.938
1667653620,+3.47,+15.624, +9.970,+0.938
1667653680,+3.47,+15.624,+10.025,+0.938
1667653740,+3.47,+15.659,+10.053,+0.938
1667653800,+3.47,+15.633,+10.054,+0.938
1667653860,+3.47,+15.659,+10.053,+0.938
1667653920,+3.47,+15.633, +9.985,+0.938
1667653980,+3.47,+15.650, +9.959,+0.937
1667654040,+3.47,+15.650, +9.892,+0.938
1667654100,+3.47,+15.667, +9.840,+0.938
1667654160,+3.47,+15.659, +9.784,+0.937
1667654220,+3.47,+15.684, +9.810,+0.937
1667654280,+3.47,+15.693, +9.825,+0.938
1667654340,+3.47,+15.701, +9.682,+0.938
1667654400,+3.47,+15.684, +9.715,+0.938
1667654460,+3.47,+15.719, +9.705,+0.938
1667654520,+3.47,+15.719, +9.700,+0.938
1667654580,+3.47,+15.736, +9.707,+0.938
1667654640,+3.47,+15.744, +9.588,+0.938
1667654700,+3.47,+15.736, +9.748,+0.938
1667654760,+3.47,+15.736,+10.059,+0.938
1667654820,+3.47,+15.736,+10.153,+0.938
1667654880,+3.47,+15.736,+10.135,+0.938
1667654940,+3.47,+15.727, +9.978,+0.938
1667655000,+3.47,+15.753, +9.800,+0.938
1667655060,+3.47,+15.753, +9.706,+0.938
1667655120,+3.47,+15.744, +9.619,+0.938
1667655180,+3.47,+15.744, +9.580,+0.937
1667655240,+3.47,+15.761, +9.507,+0.937
1667655300,+3.47,+15.761, +9.478,+0.937
1667655360,+3.47,+15.761, +9.482,+0.937
1667655420,+3.47,+15.761, +9.457,+0.937
1667655480,+3.47,+15.778, +9.552,+0.937
1667655540,+3.47,+15.761, +9.525,+0.937
1667655600,+3.47,+15.761, +9.428,+0.938
1667655660,+3.47,+15.778, +9.326,+0.937
1667655720,+3.47,+15.770, +9.179,+0.937
1667655780,+3.47,+15.753, +9.116,+0.937
1667655840,+3.47,+15.761, +9.156,+0.937
1667655900,+3.47,+15.770, +9.360,+0.937
1667655960,+3.47,+15.787, +9.587,+0.938
1667656020,+3.47,+15.787, +9.663,+0.937
1667656080,+3.47,+15.761, +9.716,+0.937
1667656140,+3.47,+15.778, +9.712,+0.937
1667656200,+3.47,+15.778, +9.670,+0.937
1667656260,+3.47,+15.778, +9.654,+0.938
1667656320,+3.47,+15.804, +9.621,+0.938
1667656380,+3.47,+15.821, +9.585,+0.937
1667656440,+3.47,+15.796, +9.580,+0.937
1667656500,+3.47,+15.821, +9.531,+0.938
1667656560,+3.47,+15.813, +9.462,+0.937
1667656620,+3.47,+15.830, +9.382,+0.937
1667656680,+3.47,+15.821, +9.313,+0.937
1667656740,+3.47,+15.796, +9.306,+0.937
1667656800,+3.47,+15.830, +9.270,+0.937
1667656860,+3.47,+15.830, +9.257,+0.937
1667656920,+3.47,+15.821, +9.261,+0.937
1667656980,+3.47,+15.830, +9.187,+0.937
1667657040,+3.47,+15.821, +9.465,+0.937
1667657100,+3.47,+15.830, +9.522,+0.937
1667657160,+3.47,+15.821, +9.672,+0.937
1667657220,+3.47,+15.838, +9.786,+0.938
1667657280,+3.47,+15.847, +9.859,+0.938
1667657340,+3.47,+15.830, +9.932,+0.938
1667657400,+3.47,+15.855, +9.940,+0.937
1667657460,+3.47,+15.847, +9.965,+0.938
1667657520,+3.47,+15.838,+10.001,+0.938
1667657580,+3.47,+15.821, +9.891,+0.938
1667657640,+3.47,+15.847, +9.670,+0.937
1667657700,+3.47,+15.847, +9.494,+0.937
1667657760,+3.47,+15.838, +9.302,+0.937
1667657820,+3.47,+15.838, +9.137,+0.937
1667657880,+3.47,+15.838, +9.065,+0.937
1667657940,+3.47,+15.821, +9.113,+0.937
1667658000,+3.47,+15.830, +9.138,+0.937
1667658060,+3.47,+15.821, +9.083,+0.937
1667658120,+3.47,+15.821, +9.047,+0.937
1667658180,+3.47,+15.830, +9.038,+0.937
1667658240,+3.47,+15.821, +9.050,+0.937
1667658300,+3.47,+15.830, +9.111,+0.937
1667658360,+3.47,+15.847, +9.174,+0.937
1667658420,+3.47,+15.847, +9.226,+0.937
1667658480,+3.47,+15.847, +9.290,+0.937
1667658540,+3.47,+15.838, +9.334,+0.937
1667658600,+3.47,+15.830, +9.361,+0.938
1667658660,+3.47,+15.847, +9.336,+0.937
1667658720,+3.47,+15.864, +9.334,+0.937
1667658780,+3.47,+15.855, +9.355,+0.938
1667658840,+3.47,+15.838, +9.311,+0.937
1667658900,+3.47,+15.864, +9.242,+0.937
1667658960,+3.47,+15.864, +9.170,+0.937
1667659020,+3.47,+15.881, +9.069,+0.937
1667659080,+3.47,+15.872, +8.992,+0.937
1667659140,+3.47,+15.855, +8.950,+0.937
1667659200,+3.47,+15.855, +8.945,+0.937
1667659260,+3.47,+15.872, +8.920,+0.938
1667659320,+3.47,+15.872, +8.897,+0.937
1667659380,+3.47,+15.855, +8.906,+0.937
1667659440,+3.47,+15.872, +8.883,+0.937
1667659500,+3.47,+15.864, +8.876,+0.937
1667659560,+3.47,+15.872, +8.825,+0.937
1667659620,+3.47,+15.881, +8.780,+0.937
1667659680,+3.47,+15.838, +8.784,+0.937
1667659740,+3.47,+15.890, +8.792,+0.937
1667659800,+3.47,+15.838, +8.817,+0.937
1667659860,+3.47,+15.872, +8.802,+0.937
1667659920,+3.47,+15.864, +8.811,+0.937
1667659980,+3.47,+15.872, +8.839,+0.937
1667660040,+3.47,+15.855, +9.325,+0.937
1667660100,+3.47,+15.872,+10.224,+0.938
1667660160,+3.47,+15.881,+10.210,+0.937
1667660220,+3.47,+15.864,+10.150,+0.939
1667660280,+3.47,+15.847,+10.155,+0.938
1667660340,+3.47,+15.872,+10.181,+0.938
1667660400,+3.47,+15.881,+10.201,+0.938
1667660460,+3.47,+15.872, +9.964,+0.937
1667660520,+3.47,+15.855, +9.969,+0.938
1667660580,+3.47,+15.855, +9.965,+0.938
1667660640,+3.47,+15.855, +9.994,+0.938
1667660700,+3.47,+15.864, +9.986,+0.938
1667660760,+3.47,+15.864, +9.923,+0.937
1667660820,+3.47,+15.872, +9.861,+0.938
1667660880,+3.47,+15.881, +9.854,+0.938
1667660940,+3.47,+15.864, +9.830,+0.938
1667661000,+3.47,+15.872, +9.755,+0.938
1667661060,+3.47,+15.864, +9.916,+0.937
1667661120,+3.47,+15.864,+10.045,+0.938
1667661180,+3.47,+15.864,+10.018,+0.938
1667661240,+3.47,+15.872, +9.909,+0.938
1667661300,+3.47,+15.847, +9.954,+0.938
1667661360,+3.47,+15.864, +9.903,+0.938
1667661420,+3.47,+15.881, +9.857,+0.938
1667661480,+3.47,+15.864, +9.945,+0.938
1667661540,+3.47,+15.907,+10.056,+0.938
1667661600,+3.47,+15.864,+10.078,+0.938
1667661660,+3.47,+15.864,+10.095,+0.938
1667661720,+3.47,+15.881,+10.064,+0.938
1667661780,+3.47,+15.890, +9.988,+0.937
1667661840,+3.47,+15.890, +9.923,+0.937
1667661900,+3.47,+15.898, +9.979,+0.938
1667661960,+3.47,+15.907, +9.903,+0.938
1667662020,+3.47,+15.915, +9.822,+0.938
1667662080,+3.47,+15.907, +9.738,+0.937
1667662140,+3.47,+15.915, +9.640,+0.937
1667662200,+3.47,+15.924, +9.689,+0.938
1667662260,+3.47,+15.941, +9.663,+0.937
1667662320,+3.47,+15.941, +9.640,+0.938
1667662380,+3.47,+15.924, +9.618,+0.938
1667662440,+3.47,+15.949, +9.577,+0.937
1667662500,+3.47,+15.924, +9.642,+0.938
1667662560,+3.47,+15.958, +9.580,+0.938
1667662620,+3.47,+15.958, +9.627,+0.938
1667662680,+3.47,+15.966, +9.628,+0.937
1667662740,+3.47,+15.975, +9.667,+0.938
1667662800,+3.47,+15.975, +9.659,+0.937
1667662860,+3.47,+15.949, +9.667,+0.937
1667662920,+3.47,+15.966, +9.703,+0.937
1667662980,+3.47,+15.992, +9.742,+0.938
1667663040,+3.47,+15.966, +9.795,+0.937
1667663100,+3.47,+15.984, +9.820,+0.938
1667663160,+3.47,+15.992, +9.827,+0.937
1667663220,+3.47,+15.975, +9.887,+0.938
1667663280,+3.47,+15.984, +9.871,+0.938
1667663340,+3.47,+15.992, +9.773,+0.938
1667663400,+3.47,+15.984, +9.749,+0.937
1667663460,+3.47,+15.984, +9.964,+0.938
1667663520,+3.47,+15.984,+10.192,+0.938
1667663580,+3.47,+16.001,+10.237,+0.938
1667663640,+3.47,+16.001,+10.346,+0.938
1667663700,+3.47,+16.001,+10.354,+0.938
1667663760,+3.47,+15.992,+10.376,+0.938
1667663820,+3.47,+15.992,+10.324,+0.938
1667663880,+3.47,+16.009,+10.311,+0.938
1667663940,+3.47,+16.009,+10.374,+0.938
1667664000,+3.47,+16.026,+10.424,+0.938
1667664060,+3.47,+16.026,+10.433,+0.938
1667664120,+3.47,+16.060,+10.485,+0.938
1667664180,+3.47,+16.060,+10.526,+0.939
1667664240,+3.47,+16.086,+10.475,+0.938
1667664300,+3.47,+16.069,+10.456,+0.938
1667664360,+3.47,+16.077,+10.445,+0.939
1667664420,+3.47,+16.077,+10.371,+0.938
1667664480,+3.47,+16.086,+10.315,+0.938
1667664540,+3.47,+16.094,+10.385,+0.938
1667664600,+3.47,+16.112,+10.584,+0.938
1667664660,+3.47,+16.129,+10.575,+0.938
1667664720,+3.47,+16.112,+10.474,+0.938
1667664780,+3.47,+16.112,+10.501,+0.938
1667664840,+3.47,+16.103,+10.394,+0.938
1667664900,+3.47,+16.112,+10.374,+0.938
1667664960,+3.47,+16.112,+10.670,+0.939
1667665020,+3.47,+16.094,+10.780,+0.939
1667665080,+3.47,+16.103,+10.735,+0.939
1667665140,+3.47,+16.112,+10.609,+0.938
1667665200,+3.47,+16.103,+10.475,+0.938
1667665260,+3.47,+16.103,+10.482,+0.938
1667665320,+3.47,+16.112,+10.543,+0.938
1667665380,+3.47,+16.103,+10.472,+0.938
1667665440,+3.47,+16.060,+10.493,+0.938
1667665500,+3.47,+16.060,+10.699,+0.938
1667665560,+3.47,+16.103,+10.667,+0.938
1667665620,+3.47,+16.086,+10.662,+0.938
1667665680,+3.47,+16.077,+10.702,+0.938
1667665740,+3.47,+16.086,+10.705,+0.939
1667665800,+3.47,+16.103,+10.668,+0.939
1667665860,+3.47,+16.120,+10.691,+0.938
1667665920,+3.47,+16.120,+10.738,+0.939
1667665980,+3.47,+16.163,+10.693,+0.939
1667666040,+3.47,+16.154,+10.702,+0.939
1667666100,+3.47,+16.163,+10.651,+0.938
1667666160,+3.47,+16.188,+10.652,+0.939
1667666220,+3.47,+16.231,+10.641,+0.938
1667666280,+3.47,+16.265,+10.712,+0.939
1667666340,+3.47,+16.256,+10.759,+0.938
1667666400,+3.47,+16.299,+10.851,+0.939
1667666460,+3.47,+16.308,+10.910,+0.939
1667666520,+3.47,+16.325,+10.741,+0.938
1667666580,+3.47,+16.325,+10.847,+0.939
1667666640,+3.47,+16.342,+10.785,+0.939
1667666700,+3.47,+16.333,+10.656,+0.938
1667666760,+3.47,+16.333,+10.687,+0.939
1667666820,+3.47,+16.359,+10.889,+0.939
1667666880,+3.47,+16.393,+10.804,+0.938
1667666940,+3.47,+16.350,+10.700,+0.938
1667667000,+3.47,+16.350,+10.617,+0.938
