7450-364333
OS REV: 1.05 Sensor Cal: 1644948279
Time (sec),  BV (Volts),  T (deg C),  DO (mg/l),  Q ()
1666630260,+3.47,+15.239, +8.595,+0.939
1666630320,+3.47,+15.256, +8.591,+0.939
1666630380,+3.47,+15.273, +8.561,+0.939
1666630440,+3.47,+15.247, +8.629,+0.939
1666630500,+3.47,+15.264, +8.520,+0.938
1666630560,+3.47,+15.247, +8.473,+0.938
1666630620,+3.47,+15.256, +8.480,+0.939
1666630680,+3.47,+15.273, +8.410,+0.938
1666630740,+3.47,+15.247, +8.535,+0.938
1666630800,+3.47,+15.273, +8.580,+0.938
1666630860,+3.47,+15.264, +8.627,+0.939
1666630920,+3.47,+15.256, +8.645,+0.939
1666630980,+3.47,+15.230, +8.695,+0.939
1666631040,+3.47,+15.247, +8.703,+0.938
1666631100,+3.47,+15.256, +8.712,+0.939
1666631160,+3.47,+15.239, +8.649,+0.939
1666631220,+3.47,+15.239, +8.647,+0.938
1666631280,+3.47,+15.230, +8.692,+0.939
1666631340,+3.47,+15.221, +8.627,+0.938
1666631400,+3.47,+15.213, +8.487,+0.939
1666631460,+3.47,+15.239, +8.371,+0.938
1666631520,+3.47,+15.213, +8.484,+0.938
1666631580,+3.47,+15.204, +8.557,+0.939
1666631640,+3.47,+15.213, +8.553,+0.938
1666631700,+3.47,+15.187, +8.837,+0.939
1666631760,+3.47,+15.196, +8.900,+0.938
1666631820,+3.47,+15.170, +8.956,+0.939
1666631880,+3.47,+15.187, +8.990,+0.939
1666631940,+3.47,+15.161, +9.001,+0.938
1666632000,+3.47,+15.178, +8.866,+0.939
1666632060,+3.47,+15.170, +8.722,+0.939
1666632120,+3.47,+15.170, +8.593,+0.939
1666632180,+3.47,+15.170, +8.510,+0.939
1666632240,+3.47,+15.178, +8.446,+0.939
1666632300,+3.47,+15.161, +8.503,+0.938
1666632360,+3.47,+15.153, +8.889,+0.939
1666632420,+3.47,+15.161, +8.992,+0.939
1666632480,+3.47,+15.170, +9.013,+0.939
1666632540,+3.47,+15.161, +9.008,+0.939
1666632600,+3.47,+15.153, +8.963,+0.939
1666632660,+3.47,+15.161, +8.878,+0.939
1666632720,+3.47,+15.170, +8.892,+0.939
1666632780,+3.47,+15.178, +8.893,+0.939
1666632840,+3.47,+15.161, +8.834,+0.939
1666632900,+3.47,+15.153, +8.769,+0.939
1666632960,+3.47,+15.170, +8.829,+0.939
1666633020,+3.47,+15.161, +9.075,+0.939
1666633080,+3.47,+15.144, +9.165,+0.939
1666633140,+3.47,+15.127, +9.184,+0.939
1666633200,+3.47,+15.144, +9.178,+0.939
1666633260,+3.47,+15.144, +9.144,+0.939
1666633320,+3.47,+15.170, +9.106,+0.939
1666633380,+3.47,+15.161, +9.085,+0.939
1666633440,+3.47,+15.153, +8.961,+0.939
1666633500,+3.47,+15.153, +8.879,+0.939
1666633560,+3.47,+15.144, +8.828,+0.939
1666633620,+3.47,+15.161, +8.809,+0.939
1666633680,+3.47,+15.161, +8.802,+0.939
1666633740,+3.47,+15.178, +8.822,+0.939
1666633800,+3.47,+15.161, +8.848,+0.939
1666633860,+3.47,+15.170, +8.889,+0.939
1666633920,+3.47,+15.153, +8.917,+0.939
1666633980,+3.47,+15.187, +8.877,+0.938
1666634040,+3.47,+15.170, +8.812,+0.939
1666634100,+3.47,+15.187, +8.725,+0.938
1666634160,+3.47,+15.187, +8.707,+0.938
1666634220,+3.47,+15.204, +8.698,+0.938
1666634280,+3.47,+15.170, +8.644,+0.938
1666634340,+3.47,+15.196, +8.552,+0.939
1666634400,+3.47,+15.178, +8.490,+0.939
1666634460,+3.47,+15.178, +8.273,+0.939
1666634520,+3.47,+15.161, +8.392,+0.938
1666634580,+3.47,+15.153, +8.408,+0.938
1666634640,+3.47,+15.161, +8.620,+0.939
1666634700,+3.47,+15.153, +8.732,+0.939
1666634760,+3.47,+15.196, +8.728,+0.939
1666634820,+3.47,+15.196, +8.763,+0.939
1666634880,+3.47,+15.196, +8.813,+0.939
1666634940,+3.47,+15.204, +8.837,+0.939
1666635000,+3.47,+15.204, +8.796,+0.939
1666635060,+3.47,+15.204, +8.742,+0.939
1666635120,+3.47,+15.196, +8.800,+0.938
1666635180,+3.47,+15.213, +8.833,+0.939
1666635240,+3.47,+15.213, +8.856,+0.939
1666635300,+3.47,+15.196, +8.938,+0.939
1666635360,+3.47,+15.213, +8.977,+0.939
1666635420,+3.47,+15.204, +9.002,+0.939
1666635480,+3.47,+15.204, +8.985,+0.939
1666635540,+3.47,+15.213, +8.918,+0.939
1666635600,+3.47,+15.213, +8.978,+0.939
1666635660,+3.47,+15.204, +8.926,+0.939
1666635720,+3.47,+15.204, +8.944,+0.939
1666635780,+3.47,+15.213, +9.026,+0.939
1666635840,+3.47,+15.230, +9.078,+0.939
1666635900,+3.47,+15.230, +9.102,+0.939
1666635960,+3.47,+15.204, +9.155,+0.939
1666636020,+3.47,+15.204, +9.190,+0.939
1666636080,+3.47,+15.196, +9.217,+0.939
1666636140,+3.47,+15.213, +9.258,+0.939
1666636200,+3.47,+15.204, +9.269,+0.939
1666636260,+3.47,+15.221, +9.241,+0.939
1666636320,+3.47,+15.239, +9.219,+0.939
1666636380,+3.47,+15.247, +9.144,+0.939
1666636440,+3.47,+15.256, +9.143,+0.939
1666636500,+3.47,+15.239, +9.184,+0.939
1666636560,+3.47,+15.247, +9.194,+0.939
1666636620,+3.47,+15.239, +9.151,+0.939
1666636680,+3.47,+15.247, +9.158,+0.939
1666636740,+3.47,+15.239, +9.186,+0.939
1666636800,+3.47,+15.239, +9.225,+0.939
1666636860,+3.47,+15.239, +9.235,+0.939
1666636920,+3.47,+15.196, +9.258,+0.939
1666636980,+3.47,+15.213, +9.251,+0.939
1666637040,+3.47,+15.213, +9.210,+0.939
1666637100,+3.47,+15.204, +9.127,+0.939
1666637160,+3.47,+15.204, +9.026,+0.939
1666637220,+3.47,+15.213, +8.941,+0.939
1666637280,+3.47,+15.204, +8.881,+0.939
1666637340,+3.47,+15.187, +8.855,+0.939
1666637400,+3.47,+15.204, +8.822,+0.939
1666637460,+3.47,+15.204, +8.767,+0.939
1666637520,+3.47,+15.213, +8.754,+0.938
1666637580,+3.47,+15.221, +8.741,+0.939
1666637640,+3.47,+15.213, +8.760,+0.939
1666637700,+3.47,+15.230, +8.775,+0.939
1666637760,+3.47,+15.230, +8.800,+0.938
1666637820,+3.47,+15.247, +8.843,+0.938
1666637880,+3.47,+15.230, +8.875,+0.939
1666637940,+3.47,+15.239, +8.851,+0.939
1666638000,+3.47,+15.247, +9.054,+0.939
1666638060,+3.47,+15.230, +9.052,+0.938
1666638120,+3.47,+15.221, +9.044,+0.939
1666638180,+3.47,+15.213, +9.019,+0.939
1666638240,+3.47,+15.239, +8.897,+0.938
1666638300,+3.47,+15.230, +8.777,+0.939
1666638360,+3.47,+15.221, +8.869,+0.939
1666638420,+3.47,+15.239, +9.066,+0.939
1666638480,+3.47,+15.221, +9.138,+0.939
1666638540,+3.47,+15.230, +9.071,+0.939
1666638600,+3.47,+15.221, +8.975,+0.938
1666638660,+3.47,+15.213, +9.133,+0.939
1666638720,+3.47,+15.221, +9.160,+0.939
1666638780,+3.47,+15.230, +9.029,+0.939
1666638840,+3.47,+15.230, +8.619,+0.939
1666638900,+3.47,+15.239, +8.342,+0.938
1666638960,+3.47,+15.247, +8.271,+0.938
1666639020,+3.47,+15.256, +8.296,+0.938
1666639080,+3.47,+15.273, +8.410,+0.939
1666639140,+3.47,+15.264, +8.486,+0.939
1666639200,+3.47,+15.264, +8.534,+0.939
1666639260,+3.47,+15.264, +8.533,+0.938
1666639320,+3.47,+15.264, +8.473,+0.939
1666639380,+3.47,+15.273, +8.430,+0.939
1666639440,+3.47,+15.290, +8.365,+0.938
1666639500,+3.47,+15.264, +8.354,+0.938
1666639560,+3.47,+15.256, +8.383,+0.938
1666639620,+3.47,+15.273, +8.366,+0.938
1666639680,+3.47,+15.273, +8.269,+0.938
1666639740,+3.47,+15.290, +8.261,+0.939
1666639800,+3.47,+15.264, +8.331,+0.938
1666639860,+3.47,+15.281, +8.351,+0.938
1666639920,+3.47,+15.290, +8.337,+0.938
1666639980,+3.47,+15.290, +8.396,+0.938
1666640040,+3.47,+15.290, +8.467,+0.938
1666640100,+3.47,+15.281, +8.557,+0.938
1666640160,+3.47,+15.299, +8.575,+0.938
1666640220,+3.47,+15.281, +8.513,+0.939
1666640280,+3.47,+15.299, +8.443,+0.939
1666640340,+3.47,+15.290, +8.358,+0.938
1666640400,+3.47,+15.273, +8.276,+0.938
1666640460,+3.47,+15.299, +8.055,+0.938
1666640520,+3.47,+15.299, +7.786,+0.938
1666640580,+3.47,+15.264, +7.567,+0.938
1666640640,+3.47,+15.290, +7.378,+0.938
1666640700,+3.47,+15.264, +7.272,+0.938
1666640760,+3.47,+15.273, +7.326,+0.938
1666640820,+3.47,+15.281, +7.540,+0.938
1666640880,+3.47,+15.273, +7.666,+0.938
1666640940,+3.47,+15.264, +7.703,+0.938
1666641000,+3.47,+15.264, +7.778,+0.938
1666641060,+3.47,+15.264, +7.914,+0.938
1666641120,+3.47,+15.273, +8.023,+0.938
1666641180,+3.47,+15.281, +8.179,+0.938
1666641240,+3.47,+15.281, +8.326,+0.938
1666641300,+3.47,+15.281, +8.465,+0.938
1666641360,+3.47,+15.273, +8.577,+0.938
1666641420,+3.47,+15.264, +8.595,+0.939
1666641480,+3.47,+15.281, +8.497,+0.939
1666641540,+3.47,+15.290, +8.562,+0.938
1666641600,+3.47,+15.281, +8.717,+0.938
1666641660,+3.47,+15.264, +8.832,+0.938
1666641720,+3.47,+15.307, +8.931,+0.939
1666641780,+3.47,+15.281, +9.021,+0.939
1666641840,+3.47,+15.264, +9.096,+0.939
1666641900,+3.47,+15.281, +9.153,+0.939
1666641960,+3.47,+15.264, +9.201,+0.939
1666642020,+3.47,+15.264, +9.219,+0.939
1666642080,+3.47,+15.264, +9.142,+0.939
1666642140,+3.47,+15.256, +9.074,+0.939
1666642200,+3.47,+15.256, +9.075,+0.939
1666642260,+3.47,+15.264, +9.075,+0.939
1666642320,+3.47,+15.264, +9.048,+0.938
1666642380,+3.47,+15.230, +9.052,+0.939
1666642440,+3.47,+15.247, +9.062,+0.939
1666642500,+3.47,+15.247, +9.063,+0.939
1666642560,+3.47,+15.256, +9.148,+0.939
1666642620,+3.47,+15.239, +9.072,+0.938
1666642680,+3.47,+15.247, +9.030,+0.939
1666642740,+3.47,+15.239, +9.013,+0.938
1666642800,+3.47,+15.239, +8.986,+0.938
1666642860,+3.47,+15.247, +9.014,+0.938
1666642920,+3.47,+15.247, +9.068,+0.938
1666642980,+3.47,+15.239, +9.107,+0.939
1666643040,+3.47,+15.230, +9.125,+0.939
1666643100,+3.47,+15.213, +9.167,+0.939
1666643160,+3.47,+15.239, +9.177,+0.939
1666643220,+3.47,+15.239, +9.199,+0.939
1666643280,+3.47,+15.239, +9.174,+0.938
1666643340,+3.47,+15.230, +9.104,+0.939
1666643400,+3.47,+15.247, +9.076,+0.939
1666643460,+3.47,+15.247, +9.070,+0.939
1666643520,+3.47,+15.256, +9.080,+0.939
1666643580,+3.47,+15.256, +9.041,+0.938
1666643640,+3.47,+15.239, +9.042,+0.939
1666643700,+3.47,+15.239, +9.021,+0.939
1666643760,+3.47,+15.281, +9.004,+0.939
1666643820,+3.47,+15.247, +9.035,+0.939
1666643880,+3.47,+15.256, +9.040,+0.939
1666643940,+3.47,+15.256, +9.045,+0.938
1666644000,+3.47,+15.264, +9.066,+0.939
1666644060,+3.47,+15.264, +9.055,+0.939
1666644120,+3.47,+15.247, +9.047,+0.939
1666644180,+3.47,+15.256, +8.989,+0.938
1666644240,+3.47,+15.256, +8.984,+0.939
1666644300,+3.47,+15.256, +8.999,+0.939
1666644360,+3.47,+15.247, +8.974,+0.938
1666644420,+3.47,+15.256, +9.001,+0.939
1666644480,+3.47,+15.256, +9.045,+0.939
1666644540,+3.47,+15.247, +9.105,+0.939
1666644600,+3.47,+15.239, +9.151,+0.939
1666644660,+3.47,+15.239, +9.187,+0.939
1666644720,+3.47,+15.247, +9.165,+0.939
1666644780,+3.47,+15.230, +9.113,+0.939
1666644840,+3.47,+15.256, +9.001,+0.938
1666644900,+3.47,+15.256, +8.921,+0.939
1666644960,+3.47,+15.264, +8.860,+0.939
1666645020,+3.47,+15.247, +8.818,+0.939
1666645080,+3.47,+15.273, +8.788,+0.939
1666645140,+3.47,+15.281, +8.713,+0.939
1666645200,+3.47,+15.299, +8.745,+0.939
1666645260,+3.47,+15.281, +8.608,+0.938
1666645320,+3.47,+15.281, +8.782,+0.938
1666645380,+3.47,+15.299, +8.913,+0.938
1666645440,+3.47,+15.290, +9.001,+0.939
1666645500,+3.47,+15.264, +9.039,+0.939
1666645560,+3.47,+15.281, +9.060,+0.939
1666645620,+3.47,+15.264, +9.079,+0.939
1666645680,+3.47,+15.273, +9.130,+0.939
1666645740,+3.47,+15.264, +9.119,+0.939
1666645800,+3.47,+15.239, +9.141,+0.939
1666645860,+3.47,+15.256, +9.145,+0.939
1666645920,+3.47,+15.264, +9.159,+0.939
1666645980,+3.47,+15.247, +9.201,+0.939
1666646040,+3.47,+15.247, +9.225,+0.939
1666646100,+3.47,+15.239, +9.194,+0.939
1666646160,+3.47,+15.273, +9.166,+0.939
1666646220,+3.47,+15.247, +9.124,+0.939
1666646280,+3.47,+15.264, +9.126,+0.939
1666646340,+3.47,+15.256, +9.068,+0.939
1666646400,+3.47,+15.247, +8.978,+0.939
1666646460,+3.47,+15.273, +8.940,+0.939
1666646520,+3.47,+15.264, +8.898,+0.939
1666646580,+3.47,+15.264, +8.859,+0.939
1666646640,+3.47,+15.264, +8.897,+0.939
1666646700,+3.47,+15.281, +8.880,+0.939
1666646760,+3.47,+15.281, +8.871,+0.939
1666646820,+3.47,+15.290, +8.859,+0.938
1666646880,+3.47,+15.247, +8.857,+0.939
1666646940,+3.47,+15.273, +8.832,+0.939
1666647000,+3.47,+15.264, +8.818,+0.939
1666647060,+3.47,+15.264, +8.826,+0.939
1666647120,+3.47,+15.264, +8.796,+0.939
1666647180,+3.47,+15.256, +8.749,+0.939
1666647240,+3.47,+15.256, +8.830,+0.938
1666647300,+3.47,+15.247, +8.849,+0.939
1666647360,+3.47,+15.247, +8.866,+0.939
1666647420,+3.47,+15.264, +8.870,+0.938
1666647480,+3.47,+15.256, +8.908,+0.938
1666647540,+3.47,+15.230, +9.107,+0.939
1666647600,+3.47,+15.230, +9.170,+0.939
1666647660,+3.47,+15.221, +9.212,+0.939
1666647720,+3.47,+15.230, +9.218,+0.939
1666647780,+3.47,+15.230, +9.193,+0.939
1666647840,+3.47,+15.230, +9.214,+0.939
1666647900,+3.47,+15.239, +9.146,+0.939
1666647960,+3.47,+15.247, +9.116,+0.939
1666648020,+3.47,+15.247, +9.053,+0.939
1666648080,+3.47,+15.230, +9.023,+0.939
1666648140,+3.47,+15.230, +8.969,+0.939
1666648200,+3.47,+15.239, +8.932,+0.939
1666648260,+3.47,+15.247, +8.917,+0.939
1666648320,+3.47,+15.230, +8.763,+0.939
1666648380,+3.47,+15.247, +8.675,+0.939
1666648440,+3.47,+15.247, +8.594,+0.939
1666648500,+3.47,+15.256, +8.634,+0.939
1666648560,+3.47,+15.264, +8.713,+0.938
1666648620,+3.47,+15.264, +8.779,+0.938
1666648680,+3.47,+15.273, +8.784,+0.939
1666648740,+3.47,+15.256, +8.802,+0.939
1666648800,+3.47,+15.247, +8.828,+0.939
1666648860,+3.47,+15.239, +8.835,+0.939
1666648920,+3.47,+15.247, +8.835,+0.939
1666648980,+3.47,+15.239, +8.840,+0.939
1666649040,+3.47,+15.239, +8.869,+0.939
1666649100,+3.47,+15.256, +8.890,+0.939
1666649160,+3.47,+15.256, +8.915,+0.939
1666649220,+3.47,+15.230, +8.943,+0.939
1666649280,+3.47,+15.256, +8.935,+0.939
1666649340,+3.47,+15.264, +8.925,+0.938
1666649400,+3.47,+15.239, +8.926,+0.938
1666649460,+3.47,+15.247, +8.904,+0.939
1666649520,+3.47,+15.230, +8.934,+0.939
1666649580,+3.47,+15.256, +8.925,+0.938
1666649640,+3.47,+15.247, +8.952,+0.939
1666649700,+3.47,+15.256, +8.939,+0.939
1666649760,+3.47,+15.273, +8.931,+0.938
1666649820,+3.47,+15.256, +8.965,+0.939
1666649880,+3.47,+15.256, +8.964,+0.939
1666649940,+3.47,+15.247, +8.955,+0.939
1666650000,+3.47,+15.264, +8.957,+0.939
1666650060,+3.47,+15.256, +8.978,+0.938
1666650120,+3.47,+15.264, +8.983,+0.939
1666650180,+3.47,+15.256, +8.990,+0.939
1666650240,+3.47,+15.256, +8.975,+0.939
1666650300,+3.47,+15.264, +8.950,+0.938
1666650360,+3.47,+15.247, +8.945,+0.939
1666650420,+3.47,+15.256, +8.946,+0.939
1666650480,+3.47,+15.247, +8.941,+0.939
1666650540,+3.47,+15.256, +8.931,+0.939
1666650600,+3.47,+15.247, +8.917,+0.939
1666650660,+3.47,+15.273, +8.921,+0.939
1666650720,+3.47,+15.290, +8.912,+0.939
1666650780,+3.47,+15.273, +8.922,+0.939
1666650840,+3.47,+15.273, +8.931,+0.939
1666650900,+3.47,+15.273, +8.955,+0.939
1666650960,+3.47,+15.273, +8.967,+0.938
1666651020,+3.47,+15.264, +9.010,+0.939
1666651080,+3.47,+15.273, +9.032,+0.938
1666651140,+3.47,+15.299, +9.046,+0.938
1666651200,+3.47,+15.299, +9.056,+0.939
1666651260,+3.47,+15.290, +9.065,+0.939
1666651320,+3.47,+15.307, +9.086,+0.939
1666651380,+3.47,+15.299, +9.098,+0.939
1666651440,+3.47,+15.307, +9.096,+0.939
1666651500,+3.47,+15.299, +9.111,+0.939
1666651560,+3.47,+15.273, +9.119,+0.939
1666651620,+3.47,+15.316, +9.088,+0.939
1666651680,+3.47,+15.299, +9.069,+0.939
1666651740,+3.47,+15.299, +9.045,+0.939
1666651800,+3.47,+15.307, +9.045,+0.939
1666651860,+3.47,+15.307, +9.062,+0.939
1666651920,+3.47,+15.299, +9.074,+0.939
1666651980,+3.47,+15.273, +9.050,+0.939
1666652040,+3.47,+15.273, +9.051,+0.939
1666652100,+3.47,+15.281, +9.053,+0.939
1666652160,+3.47,+15.281, +9.036,+0.939
1666652220,+3.47,+15.273, +9.038,+0.939
1666652280,+3.47,+15.290, +9.019,+0.939
1666652340,+3.47,+15.273, +9.015,+0.939
1666652400,+3.47,+15.281, +9.014,+0.939
1666652460,+3.47,+15.281, +9.022,+0.939
1666652520,+3.47,+15.273, +9.022,+0.939
1666652580,+3.47,+15.256, +9.033,+0.939
1666652640,+3.47,+15.264, +9.025,+0.939
1666652700,+3.47,+15.281, +8.989,+0.939
1666652760,+3.47,+15.281, +8.941,+0.939
1666652820,+3.47,+15.281, +8.858,+0.939
1666652880,+3.47,+15.273, +8.778,+0.939
1666652940,+3.47,+15.256, +8.739,+0.938
1666653000,+3.47,+15.273, +8.744,+0.938
1666653060,+3.47,+15.273, +8.803,+0.938
1666653120,+3.47,+15.264, +8.804,+0.938
1666653180,+3.47,+15.264, +8.795,+0.938
1666653240,+3.47,+15.273, +8.777,+0.939
1666653300,+3.47,+15.264, +8.773,+0.939
1666653360,+3.47,+15.273, +8.778,+0.939
1666653420,+3.47,+15.273, +8.772,+0.939
1666653480,+3.47,+15.281, +8.817,+0.939
1666653540,+3.47,+15.264, +8.867,+0.938
1666653600,+3.47,+15.281, +8.928,+0.939
1666653660,+3.47,+15.264, +8.976,+0.939
1666653720,+3.47,+15.264, +8.999,+0.938
1666653780,+3.47,+15.273, +9.005,+0.939
1666653840,+3.47,+15.281, +9.019,+0.939
1666653900,+3.47,+15.273, +9.019,+0.939
1666653960,+3.47,+15.273, +9.019,+0.939
1666654020,+3.47,+15.264, +9.035,+0.939
1666654080,+3.47,+15.273, +9.045,+0.939
1666654140,+3.47,+15.273, +9.048,+0.938
1666654200,+3.47,+15.273, +9.056,+0.938
1666654260,+3.47,+15.273, +9.072,+0.939
1666654320,+3.47,+15.273, +9.108,+0.939
1666654380,+3.47,+15.273, +9.110,+0.939
1666654440,+3.47,+15.264, +9.101,+0.938
1666654500,+3.47,+15.273, +9.093,+0.939
1666654560,+3.47,+15.273, +9.087,+0.939
1666654620,+3.47,+15.273, +9.073,+0.938
1666654680,+3.47,+15.281, +9.083,+0.939
1666654740,+3.47,+15.256, +9.084,+0.939
1666654800,+3.47,+15.256, +9.071,+0.939
1666654860,+3.47,+15.273, +9.071,+0.939
1666654920,+3.47,+15.273, +9.076,+0.939
1666654980,+3.47,+15.273, +9.081,+0.939
1666655040,+3.47,+15.281, +9.064,+0.939
1666655100,+3.47,+15.264, +9.072,+0.938
1666655160,+3.47,+15.264, +9.077,+0.939
1666655220,+3.47,+15.264, +9.069,+0.939
1666655280,+3.47,+15.281, +9.052,+0.938
1666655340,+3.47,+15.264, +9.015,+0.939
1666655400,+3.47,+15.264, +8.921,+0.938
1666655460,+3.47,+15.281, +8.919,+0.939
1666655520,+3.47,+15.264, +8.968,+0.939
1666655580,+3.47,+15.273, +9.006,+0.939
1666655640,+3.47,+15.264, +9.019,+0.939
1666655700,+3.47,+15.273, +9.011,+0.938
1666655760,+3.47,+15.273, +9.021,+0.938
1666655820,+3.47,+15.273, +9.068,+0.939
1666655880,+3.47,+15.281, +9.124,+0.939
1666655940,+3.47,+15.290, +9.173,+0.938
1666656000,+3.47,+15.264, +9.222,+0.939
1666656060,+3.47,+15.273, +8.315,+0.938
1666656120,+3.47,+15.256, +8.728,+0.939
1666656180,+3.47,+15.273, +9.036,+0.939
1666656240,+3.47,+15.290, +9.130,+0.939
1666656300,+3.47,+15.281, +9.193,+0.939
1666656360,+3.47,+15.281, +9.201,+0.939
1666656420,+3.47,+15.273, +9.211,+0.939
1666656480,+3.47,+15.273, +9.240,+0.939
1666656540,+3.47,+15.281, +9.272,+0.939
1666656600,+3.47,+15.273, +9.265,+0.939
1666656660,+3.47,+15.273, +9.162,+0.939
1666656720,+3.47,+15.281, +9.028,+0.939
1666656780,+3.47,+15.290, +8.968,+0.938
1666656840,+3.47,+15.264, +8.946,+0.939
1666656900,+3.47,+15.273, +8.957,+0.939
1666656960,+3.47,+15.273, +8.954,+0.939
1666657020,+3.47,+15.281, +8.939,+0.938
1666657080,+3.47,+15.281, +8.938,+0.938
1666657140,+3.47,+15.290, +8.961,+0.938
1666657200,+3.47,+15.273, +8.975,+0.938
1666657260,+3.47,+15.273, +8.988,+0.939
1666657320,+3.47,+15.299, +8.938,+0.939
1666657380,+3.47,+15.273, +8.944,+0.939
1666657440,+3.47,+15.281, +8.946,+0.939
1666657500,+3.47,+15.290, +8.928,+0.939
1666657560,+3.47,+15.290, +8.914,+0.939
1666657620,+3.47,+15.264, +9.037,+0.939
1666657680,+3.47,+15.273, +9.190,+0.939
1666657740,+3.47,+15.290, +9.265,+0.939
1666657800,+3.47,+15.273, +9.290,+0.939
1666657860,+3.47,+15.273, +9.259,+0.939
1666657920,+3.47,+15.273, +9.193,+0.939
1666657980,+3.47,+15.281, +9.157,+0.939
1666658040,+3.47,+15.290, +9.171,+0.939
1666658100,+3.47,+15.273, +9.184,+0.939
1666658160,+3.47,+15.264, +9.189,+0.939
1666658220,+3.47,+15.273, +9.183,+0.939
1666658280,+3.47,+15.273, +9.200,+0.939
1666658340,+3.47,+15.281, +9.162,+0.939
1666658400,+3.47,+15.299, +9.165,+0.939
1666658460,+3.47,+15.273, +9.172,+0.939
1666658520,+3.47,+15.256, +9.132,+0.939
1666658580,+3.47,+15.264, +9.122,+0.939
1666658640,+3.47,+15.290, +9.111,+0.939
1666658700,+3.47,+15.273, +9.135,+0.939
1666658760,+3.47,+15.281, +9.047,+0.939
1666658820,+3.47,+15.281, +9.006,+0.939
1666658880,+3.47,+15.281, +9.025,+0.939
1666658940,+3.47,+15.264, +9.040,+0.939
1666659000,+3.47,+15.264, +9.072,+0.939
1666659060,+3.47,+15.264, +9.078,+0.939
1666659120,+3.47,+15.281, +9.065,+0.938
1666659180,+3.47,+15.273, +9.064,+0.939
1666659240,+3.47,+15.264, +9.063,+0.938
1666659300,+3.47,+15.273, +9.035,+0.938
1666659360,+3.47,+15.256, +9.076,+0.939
1666659420,+3.47,+15.273, +9.107,+0.939
1666659480,+3.47,+15.264, +9.103,+0.939
1666659540,+3.47,+15.281, +9.042,+0.939
1666659600,+3.47,+15.264, +9.122,+0.939
1666659660,+3.47,+15.281, +9.178,+0.939
1666659720,+3.47,+15.256, +9.189,+0.939
1666659780,+3.47,+15.264, +9.182,+0.938
1666659840,+3.47,+15.264, +9.161,+0.938
1666659900,+3.47,+15.273, +9.103,+0.939
1666659960,+3.47,+15.290, +9.016,+0.939
1666660020,+3.47,+15.264, +8.920,+0.939
1666660080,+3.47,+15.273, +8.844,+0.939
1666660140,+3.47,+15.256, +8.773,+0.938
1666660200,+3.47,+15.256, +8.662,+0.938
1666660260,+3.47,+15.273, +8.706,+0.939
1666660320,+3.47,+15.273, +8.742,+0.939
1666660380,+3.47,+15.273, +8.789,+0.939
1666660440,+3.47,+15.256, +9.005,+0.939
1666660500,+3.47,+15.290, +9.053,+0.939
1666660560,+3.47,+15.281, +8.995,+0.939
1666660620,+3.47,+15.264, +8.990,+0.939
1666660680,+3.47,+15.273, +9.174,+0.939
1666660740,+3.47,+15.264, +9.283,+0.939
1666660800,+3.47,+15.273, +9.324,+0.939
1666660860,+3.47,+15.273, +9.307,+0.939
1666660920,+3.47,+15.264, +9.208,+0.939
1666660980,+3.47,+15.256, +9.133,+0.939
1666661040,+3.47,+15.273, +9.062,+0.939
1666661100,+3.47,+15.264, +9.014,+0.939
1666661160,+3.47,+15.281, +9.057,+0.939
1666661220,+3.47,+15.273, +9.164,+0.939
1666661280,+3.47,+15.281, +9.241,+0.939
1666661340,+3.47,+15.281, +9.280,+0.939
1666661400,+3.47,+15.281, +9.305,+0.939
1666661460,+3.47,+15.281, +9.306,+0.939
1666661520,+3.47,+15.281, +9.295,+0.939
1666661580,+3.47,+15.281, +9.280,+0.939
1666661640,+3.47,+15.264, +9.187,+0.939
1666661700,+3.47,+15.273, +9.096,+0.939
1666661760,+3.47,+15.264, +9.006,+0.939
1666661820,+3.47,+15.273, +8.913,+0.938
1666661880,+3.47,+15.264, +8.863,+0.939
1666661940,+3.47,+15.264, +8.830,+0.939
1666662000,+3.47,+15.264, +8.794,+0.939
1666662060,+3.47,+15.273, +8.771,+0.939
1666662120,+3.47,+15.264, +8.696,+0.939
1666662180,+3.47,+15.264, +8.798,+0.939
1666662240,+3.47,+15.256, +8.678,+0.939
1666662300,+3.47,+15.264, +8.587,+0.938
1666662360,+3.47,+15.273, +8.553,+0.939
1666662420,+3.47,+15.256, +8.682,+0.939
1666662480,+3.47,+15.239, +8.710,+0.939
1666662540,+3.47,+15.256, +8.820,+0.939
1666662600,+3.47,+15.256, +9.056,+0.939
1666662660,+3.47,+15.256, +9.117,+0.938
1666662720,+3.47,+15.264, +8.943,+0.938
1666662780,+3.47,+15.264, +8.620,+0.939
1666662840,+3.47,+15.256, +8.478,+0.939
1666662900,+3.47,+15.273, +8.533,+0.938
1666662960,+3.47,+15.256, +8.632,+0.939
1666663020,+3.47,+15.239, +8.627,+0.939
1666663080,+3.47,+15.273, +8.580,+0.938
1666663140,+3.47,+15.264, +8.572,+0.939
1666663200,+3.47,+15.264, +8.563,+0.938
1666663260,+3.47,+15.281, +8.578,+0.939
1666663320,+3.47,+15.256, +8.606,+0.939
1666663380,+3.47,+15.273, +8.625,+0.939
1666663440,+3.47,+15.256, +8.507,+0.939
1666663500,+3.47,+15.264, +8.698,+0.939
1666663560,+3.47,+15.264, +8.781,+0.939
1666663620,+3.47,+15.273, +8.813,+0.939
1666663680,+3.47,+15.256, +8.818,+0.939
1666663740,+3.47,+15.264, +8.804,+0.938
1666663800,+3.47,+15.264, +8.754,+0.939
1666663860,+3.47,+15.273, +8.666,+0.938
1666663920,+3.47,+15.273, +8.446,+0.939
1666663980,+3.47,+15.256, +8.344,+0.938
1666664040,+3.47,+15.256, +8.319,+0.939
1666664100,+3.47,+15.247, +8.324,+0.939
1666664160,+3.47,+15.256, +8.383,+0.938
1666664220,+3.47,+15.247, +8.413,+0.938
1666664280,+3.47,+15.264, +8.436,+0.938
1666664340,+3.47,+15.264, +8.454,+0.938
1666664400,+3.47,+15.256, +8.390,+0.939
1666664460,+3.47,+15.264, +8.306,+0.938
1666664520,+3.47,+15.281, +8.272,+0.938
1666664580,+3.47,+15.264, +8.324,+0.939
1666664640,+3.47,+15.256, +8.277,+0.938
1666664700,+3.47,+15.264, +8.218,+0.938
1666664760,+3.47,+15.264, +8.141,+0.938
1666664820,+3.47,+15.264, +8.145,+0.938
1666664880,+3.47,+15.264, +8.461,+0.939
1666664940,+3.47,+15.256, +8.736,+0.938
1666665000,+3.47,+15.264, +8.831,+0.939
1666665060,+3.47,+15.264, +8.834,+0.938
1666665120,+3.47,+15.281, +8.981,+0.938
1666665180,+3.47,+15.273, +9.078,+0.939
1666665240,+3.47,+15.281, +9.113,+0.939
1666665300,+3.47,+15.290, +9.157,+0.939
1666665360,+3.47,+15.281, +9.191,+0.939
1666665420,+3.47,+15.290, +9.187,+0.939
1666665480,+3.47,+15.281, +9.184,+0.939
1666665540,+3.47,+15.281, +9.174,+0.939
1666665600,+3.47,+15.290, +9.033,+0.938
1666665660,+3.47,+15.273, +8.944,+0.939
1666665720,+3.47,+15.273, +8.840,+0.939
1666665780,+3.47,+15.290, +8.722,+0.938
1666665840,+3.47,+15.290, +8.556,+0.938
1666665900,+3.47,+15.290, +8.474,+0.938
1666665960,+3.47,+15.299, +8.391,+0.939
1666666020,+3.47,+15.281, +8.427,+0.938
1666666080,+3.47,+15.281, +8.479,+0.938
1666666140,+3.47,+15.290, +8.565,+0.938
1666666200,+3.47,+15.290, +8.572,+0.939
1666666260,+3.47,+15.290, +8.531,+0.938
1666666320,+3.47,+15.290, +8.511,+0.938
1666666380,+3.47,+15.290, +8.627,+0.938
1666666440,+3.47,+15.299, +8.621,+0.938
1666666500,+3.47,+15.299, +8.467,+0.938
1666666560,+3.47,+15.307, +8.313,+0.938
1666666620,+3.47,+15.299, +8.144,+0.938
1666666680,+3.47,+15.307, +8.102,+0.938
1666666740,+3.47,+15.290, +8.061,+0.938
1666666800,+3.47,+15.307, +8.050,+0.938
1666666860,+3.47,+15.307, +7.810,+0.938
1666666920,+3.47,+15.307, +8.028,+0.939
1666666980,+3.47,+15.299, +8.116,+0.938
1666667040,+3.47,+15.299, +8.150,+0.938
1666667100,+3.47,+15.316, +8.198,+0.938
1666667160,+3.47,+15.316, +8.115,+0.938
1666667220,+3.47,+15.299, +8.159,+0.938
1666667280,+3.47,+15.316, +8.156,+0.938
1666667340,+3.47,+15.307, +8.172,+0.938
1666667400,+3.47,+15.307, +8.229,+0.938
1666667460,+3.47,+15.299, +8.223,+0.938
1666667520,+3.47,+15.316, +8.215,+0.938
1666667580,+3.47,+15.316, +8.219,+0.939
1666667640,+3.47,+15.307, +8.212,+0.938
1666667700,+3.47,+15.316, +8.250,+0.938
1666667760,+3.47,+15.316, +8.424,+0.938
1666667820,+3.47,+15.324, +8.512,+0.938
1666667880,+3.47,+15.316, +8.493,+0.938
1666667940,+3.47,+15.324, +8.496,+0.938
1666668000,+3.47,+15.299, +8.459,+0.939
1666668060,+3.47,+15.307, +8.411,+0.938
1666668120,+3.47,+15.316, +8.392,+0.938
1666668180,+3.47,+15.299, +8.291,+0.938
1666668240,+3.47,+15.316, +8.285,+0.938
1666668300,+3.47,+15.307, +8.321,+0.938
1666668360,+3.47,+15.324, +8.369,+0.938
1666668420,+3.47,+15.307, +8.406,+0.938
1666668480,+3.47,+15.307, +8.374,+0.938
1666668540,+3.47,+15.307, +8.431,+0.938
1666668600,+3.47,+15.307, +8.513,+0.939
1666668660,+3.47,+15.316, +8.468,+0.938
1666668720,+3.47,+15.299, +8.413,+0.938
1666668780,+3.47,+15.324, +8.302,+0.938
1666668840,+3.47,+15.299, +8.314,+0.938
1666668900,+3.47,+15.299, +8.359,+0.938
1666668960,+3.47,+15.307, +8.508,+0.939
1666669020,+3.47,+15.324, +8.489,+0.939
1666669080,+3.47,+15.307, +8.424,+0.939
1666669140,+3.47,+15.333, +8.499,+0.938
1666669200,+3.47,+15.316, +8.447,+0.938
1666669260,+3.47,+15.316, +8.419,+0.938
1666669320,+3.47,+15.324, +8.419,+0.939
1666669380,+3.47,+15.307, +8.349,+0.938
1666669440,+3.47,+15.299, +8.380,+0.938
1666669500,+3.47,+15.316, +8.407,+0.938
1666669560,+3.47,+15.281, +8.421,+0.938
1666669620,+3.47,+15.316, +8.537,+0.938
1666669680,+3.47,+15.316, +8.621,+0.939
1666669740,+3.47,+15.307, +8.702,+0.938
1666669800,+3.47,+15.307, +8.800,+0.939
1666669860,+3.47,+15.307, +8.810,+0.938
1666669920,+3.47,+15.324, +8.732,+0.938
1666669980,+3.47,+15.324, +8.687,+0.938
1666670040,+3.47,+15.307, +8.682,+0.939
1666670100,+3.47,+15.307, +8.649,+0.938
1666670160,+3.47,+15.316, +8.594,+0.939
1666670220,+3.47,+15.342, +8.553,+0.938
1666670280,+3.47,+15.307, +8.511,+0.939
1666670340,+3.47,+15.299, +8.477,+0.938
1666670400,+3.47,+15.324, +8.435,+0.938
1666670460,+3.47,+15.324, +8.437,+0.939
1666670520,+3.47,+15.307, +8.456,+0.938
1666670580,+3.47,+15.316, +8.432,+0.938
1666670640,+3.47,+15.316, +8.465,+0.938
1666670700,+3.47,+15.307, +8.458,+0.938
1666670760,+3.47,+15.307, +8.448,+0.938
1666670820,+3.47,+15.324, +8.495,+0.938
1666670880,+3.47,+15.307, +8.537,+0.938
1666670940,+3.47,+15.316, +8.535,+0.938
1666671000,+3.47,+15.307, +8.531,+0.939
1666671060,+3.47,+15.324, +8.541,+0.939
1666671120,+3.47,+15.299, +8.529,+0.939
1666671180,+3.47,+15.324, +8.434,+0.939
1666671240,+3.47,+15.307, +8.295,+0.939
1666671300,+3.47,+15.307, +8.341,+0.939
1666671360,+3.47,+15.316, +8.338,+0.938
1666671420,+3.47,+15.333, +8.193,+0.938
1666671480,+3.47,+15.316, +8.084,+0.938
1666671540,+3.47,+15.316, +8.012,+0.938
1666671600,+3.47,+15.333, +7.929,+0.938
1666671660,+3.47,+15.324, +7.914,+0.938
1666671720,+3.47,+15.307, +7.911,+0.938
1666671780,+3.47,+15.307, +7.946,+0.938
1666671840,+3.47,+15.299, +7.987,+0.938
1666671900,+3.47,+15.307, +8.000,+0.938
1666671960,+3.47,+15.324, +8.021,+0.938
1666672020,+3.47,+15.307, +8.056,+0.938
1666672080,+3.47,+15.307, +8.096,+0.938
1666672140,+3.47,+15.316, +8.140,+0.938
1666672200,+3.47,+15.299, +8.176,+0.939
1666672260,+3.47,+15.307, +8.154,+0.938
1666672320,+3.47,+15.316, +8.141,+0.938
1666672380,+3.47,+15.316, +8.049,+0.938
1666672440,+3.47,+15.307, +7.953,+0.938
1666672500,+3.47,+15.316, +7.947,+0.938
1666672560,+3.47,+15.299, +8.027,+0.938
1666672620,+3.47,+15.316, +8.088,+0.938
1666672680,+3.47,+15.307, +8.168,+0.938
1666672740,+3.47,+15.307, +8.189,+0.938
1666672800,+3.47,+15.299, +8.174,+0.938
1666672860,+3.47,+15.307, +8.204,+0.938
1666672920,+3.47,+15.316, +8.176,+0.938
1666672980,+3.47,+15.307, +8.151,+0.938
1666673040,+3.47,+15.307, +8.168,+0.938
1666673100,+3.47,+15.307, +8.226,+0.938
1666673160,+3.47,+15.273, +8.384,+0.939
1666673220,+3.47,+15.324, +8.367,+0.938
1666673280,+3.47,+15.299, +8.403,+0.939
1666673340,+3.47,+15.324, +8.403,+0.938
1666673400,+3.47,+15.307, +8.389,+0.938
1666673460,+3.47,+15.316, +8.332,+0.938
1666673520,+3.47,+15.316, +8.313,+0.939
1666673580,+3.47,+15.307, +8.334,+0.938
1666673640,+3.47,+15.307, +8.425,+0.939
1666673700,+3.47,+15.307, +8.358,+0.938
1666673760,+3.47,+15.307, +8.528,+0.938
1666673820,+3.47,+15.307, +8.647,+0.938
1666673880,+3.47,+15.290, +8.753,+0.939
1666673940,+3.47,+15.290, +8.770,+0.939
1666674000,+3.47,+15.290, +8.760,+0.938
1666674060,+3.47,+15.307, +8.716,+0.939
1666674120,+3.47,+15.290, +8.646,+0.939
1666674180,+3.47,+15.290, +8.657,+0.939
1666674240,+3.47,+15.290, +8.717,+0.939
1666674300,+3.47,+15.299, +8.726,+0.939
1666674360,+3.47,+15.316, +8.669,+0.939
1666674420,+3.47,+15.290, +8.685,+0.938
1666674480,+3.47,+15.273, +8.694,+0.938
1666674540,+3.47,+15.299, +8.695,+0.938
1666674600,+3.47,+15.299, +8.684,+0.938
1666674660,+3.47,+15.290, +8.662,+0.938
1666674720,+3.47,+15.307, +8.596,+0.938
1666674780,+3.47,+15.307, +8.485,+0.938
1666674840,+3.47,+15.307, +8.392,+0.938
1666674900,+3.47,+15.307, +8.326,+0.938
1666674960,+3.47,+15.316, +8.271,+0.938
1666675020,+3.47,+15.316, +8.225,+0.938
1666675080,+3.47,+15.299, +8.207,+0.939
1666675140,+3.47,+15.299, +8.260,+0.938
1666675200,+3.47,+15.316, +8.266,+0.938
1666675260,+3.47,+15.307, +8.242,+0.939
1666675320,+3.47,+15.307, +8.246,+0.939
1666675380,+3.47,+15.324, +8.211,+0.938
1666675440,+3.47,+15.290, +8.200,+0.938
1666675500,+3.47,+15.290, +8.229,+0.938
1666675560,+3.47,+15.316, +8.237,+0.938
1666675620,+3.47,+15.324, +8.248,+0.938
1666675680,+3.47,+15.299, +8.303,+0.938
1666675740,+3.47,+15.316, +8.364,+0.938
1666675800,+3.47,+15.307, +8.453,+0.938
1666675860,+3.47,+15.316, +8.488,+0.939
1666675920,+3.47,+15.316, +8.463,+0.938
1666675980,+3.47,+15.324, +8.402,+0.938
1666676040,+3.47,+15.299, +8.261,+0.938
1666676100,+3.47,+15.281, +8.126,+0.938
1666676160,+3.47,+15.290, +8.065,+0.938
1666676220,+3.47,+15.316, +8.095,+0.938
1666676280,+3.47,+15.290, +8.175,+0.938
1666676340,+3.47,+15.290, +8.241,+0.938
1666676400,+3.47,+15.316, +8.283,+0.938
1666676460,+3.47,+15.307, +8.299,+0.938
1666676520,+3.47,+15.307, +8.217,+0.938
1666676580,+3.47,+15.316, +8.096,+0.938
1666676640,+3.47,+15.316, +7.980,+0.938
1666676700,+3.47,+15.333, +7.877,+0.938
1666676760,+3.47,+15.324, +7.746,+0.938
1666676820,+3.47,+15.316, +7.602,+0.938
1666676880,+3.47,+15.324, +7.507,+0.938
1666676940,+3.47,+15.316, +7.499,+0.938
1666677000,+3.47,+15.307, +7.602,+0.938
1666677060,+3.47,+15.290, +7.627,+0.938
1666677120,+3.47,+15.316, +7.642,+0.938
1666677180,+3.47,+15.307, +7.845,+0.938
1666677240,+3.47,+15.333, +8.180,+0.938
1666677300,+3.47,+15.324, +8.369,+0.938
1666677360,+3.47,+15.324, +8.427,+0.938
1666677420,+3.47,+15.307, +8.292,+0.938
1666677480,+3.47,+15.316, +8.139,+0.938
1666677540,+3.47,+15.299, +7.983,+0.938
1666677600,+3.47,+15.316, +7.765,+0.938
1666677660,+3.47,+15.316, +7.124,+0.938
1666677720,+3.47,+15.299, +7.238,+0.938
1666677780,+3.47,+15.299, +7.243,+0.938
1666677840,+3.47,+15.333, +7.373,+0.937
1666677900,+3.47,+15.324, +7.301,+0.937
1666677960,+3.47,+15.324, +7.380,+0.937
1666678020,+3.47,+15.316, +7.451,+0.936
1666678080,+3.47,+15.324, +7.535,+0.936
1666678140,+3.47,+15.316, +7.559,+0.936
1666678200,+3.47,+15.324, +7.658,+0.936
1666678260,+3.47,+15.324, +7.739,+0.937
1666678320,+3.47,+15.333, +7.875,+0.937
1666678380,+3.47,+15.316, +8.001,+0.938
1666678440,+3.47,+15.333, +8.036,+0.938
1666678500,+3.47,+15.333, +8.038,+0.938
1666678560,+3.47,+15.316, +8.025,+0.938
1666678620,+3.47,+15.333, +8.034,+0.938
1666678680,+3.47,+15.342, +8.003,+0.938
1666678740,+3.47,+15.333, +8.024,+0.938
1666678800,+3.47,+15.350, +8.074,+0.938
1666678860,+3.47,+15.316, +8.137,+0.938
1666678920,+3.47,+15.324, +8.244,+0.938
1666678980,+3.47,+15.333, +8.428,+0.938
1666679040,+3.47,+15.324, +8.548,+0.938
1666679100,+3.47,+15.333, +8.571,+0.939
1666679160,+3.47,+15.342, +8.514,+0.938
1666679220,+3.47,+15.333, +8.276,+0.938
1666679280,+3.47,+15.333, +8.116,+0.938
1666679340,+3.47,+15.324, +8.032,+0.938
1666679400,+3.47,+15.316, +7.990,+0.938
1666679460,+3.47,+15.324, +7.938,+0.938
1666679520,+3.47,+15.333, +7.954,+0.938
1666679580,+3.47,+15.324, +7.964,+0.938
1666679640,+3.47,+15.333, +7.933,+0.938
1666679700,+3.47,+15.342, +7.791,+0.938
1666679760,+3.47,+15.324, +7.603,+0.938
1666679820,+3.47,+15.350, +7.505,+0.938
1666679880,+3.47,+15.316, +7.404,+0.938
1666679940,+3.47,+15.342, +7.317,+0.938
1666680000,+3.47,+15.359, +7.246,+0.938
1666680060,+3.47,+15.324, +7.254,+0.938
1666680120,+3.47,+15.350, +7.236,+0.938
1666680180,+3.47,+15.342, +7.640,+0.938
1666680240,+3.47,+15.333, +7.786,+0.938
1666680300,+3.47,+15.342, +8.000,+0.938
1666680360,+3.47,+15.333, +8.206,+0.939
1666680420,+3.47,+15.350, +8.363,+0.939
1666680480,+3.47,+15.342, +8.405,+0.938
1666680540,+3.47,+15.342, +8.431,+0.938
1666680600,+3.47,+15.333, +8.266,+0.938
1666680660,+3.47,+15.350, +7.882,+0.938
1666680720,+3.47,+15.342, +7.660,+0.938
1666680780,+3.47,+15.350, +7.522,+0.938
1666680840,+3.47,+15.359, +7.397,+0.938
1666680900,+3.47,+15.359, +7.322,+0.938
1666680960,+3.47,+15.350, +7.264,+0.938
1666681020,+3.47,+15.359, +7.201,+0.938
1666681080,+3.47,+15.342, +7.123,+0.938
1666681140,+3.47,+15.359, +7.018,+0.937
1666681200,+3.47,+15.350, +7.009,+0.938
1666681260,+3.47,+15.367, +7.057,+0.937
1666681320,+3.47,+15.367, +7.079,+0.937
1666681380,+3.47,+15.359, +7.131,+0.938
1666681440,+3.47,+15.367, +7.152,+0.938
1666681500,+3.47,+15.359, +7.181,+0.938
1666681560,+3.47,+15.367, +7.233,+0.938
1666681620,+3.47,+15.367, +7.192,+0.938
1666681680,+3.47,+15.367, +7.221,+0.938
1666681740,+3.47,+15.359, +7.221,+0.938
1666681800,+3.47,+15.359, +7.312,+0.938
1666681860,+3.47,+15.359, +7.527,+0.938
1666681920,+3.47,+15.342, +7.684,+0.938
1666681980,+3.47,+15.367, +7.763,+0.938
1666682040,+3.47,+15.359, +7.817,+0.938
1666682100,+3.47,+15.359, +7.851,+0.938
1666682160,+3.47,+15.359, +7.790,+0.938
1666682220,+3.47,+15.350, +7.702,+0.938
1666682280,+3.47,+15.367, +7.449,+0.938
1666682340,+3.47,+15.384, +7.201,+0.938
1666682400,+3.47,+15.376, +6.935,+0.937
1666682460,+3.47,+15.376, +6.749,+0.937
1666682520,+3.47,+15.376, +6.459,+0.937
1666682580,+3.47,+15.376, +6.423,+0.937
1666682640,+3.47,+15.384, +6.746,+0.937
1666682700,+3.47,+15.384, +7.114,+0.938
1666682760,+3.47,+15.376, +7.283,+0.938
1666682820,+3.47,+15.376, +7.302,+0.938
1666682880,+3.47,+15.359, +7.318,+0.938
1666682940,+3.47,+15.367, +7.269,+0.938
1666683000,+3.47,+15.367, +7.171,+0.938
1666683060,+3.47,+15.376, +7.114,+0.938
1666683120,+3.47,+15.384, +7.069,+0.938
1666683180,+3.47,+15.376, +7.135,+0.938
1666683240,+3.47,+15.384, +7.206,+0.938
1666683300,+3.47,+15.367, +7.319,+0.938
1666683360,+3.47,+15.367, +7.399,+0.938
1666683420,+3.47,+15.376, +7.479,+0.938
1666683480,+3.47,+15.367, +7.517,+0.938
1666683540,+3.47,+15.367, +7.507,+0.938
1666683600,+3.47,+15.359, +7.505,+0.938
1666683660,+3.47,+15.393, +7.483,+0.938
1666683720,+3.47,+15.376, +7.441,+0.938
1666683780,+3.47,+15.384, +7.407,+0.938
1666683840,+3.47,+15.376, +7.337,+0.938
1666683900,+3.47,+15.376, +7.239,+0.938
1666683960,+3.47,+15.384, +6.892,+0.937
1666684020,+3.47,+15.393, +6.597,+0.936
1666684080,+3.47,+15.410, +6.540,+0.936
1666684140,+3.47,+15.384, +6.934,+0.937
1666684200,+3.47,+15.402, +7.253,+0.938
1666684260,+3.47,+15.410, +7.624,+0.938
1666684320,+3.47,+15.410, +7.760,+0.938
1666684380,+3.47,+15.427, +7.940,+0.938
1666684440,+3.47,+15.393, +8.025,+0.938
1666684500,+3.47,+15.402, +7.659,+0.938
1666684560,+3.47,+15.402, +6.359,+0.937
1666684620,+3.47,+15.402, +6.670,+0.937
1666684680,+3.47,+15.427, +7.341,+0.938
1666684740,+3.47,+15.402, +7.207,+0.938
1666684800,+3.47,+15.410, +6.023,+0.937
1666684860,+3.47,+15.376, +6.044,+0.936
1666684920,+3.47,+15.419, +6.862,+0.937
1666684980,+3.47,+15.393, +7.487,+0.937
1666685040,+3.47,+15.402, +7.813,+0.938
1666685100,+3.47,+15.410, +7.928,+0.938
1666685160,+3.47,+15.410, +7.974,+0.938
1666685220,+3.47,+15.410, +7.964,+0.938
1666685280,+3.47,+15.402, +7.919,+0.938
1666685340,+3.47,+15.410, +7.926,+0.938
1666685400,+3.47,+15.410, +7.850,+0.938
1666685460,+3.47,+15.410, +7.829,+0.938
1666685520,+3.47,+15.427, +7.718,+0.938
1666685580,+3.47,+15.436, +7.683,+0.938
1666685640,+3.47,+15.436, +7.791,+0.938
1666685700,+3.47,+15.419, +7.856,+0.938
1666685760,+3.47,+15.419, +7.965,+0.938
1666685820,+3.47,+15.410, +8.008,+0.939
1666685880,+3.47,+15.410, +7.846,+0.938
1666685940,+3.47,+15.436, +7.802,+0.938
1666686000,+3.47,+15.436, +7.765,+0.938
1666686060,+3.47,+15.436, +7.962,+0.938
1666686120,+3.47,+15.444, +7.933,+0.938
1666686180,+3.47,+15.436, +8.055,+0.938
1666686240,+3.47,+15.453, +8.264,+0.939
1666686300,+3.47,+15.453, +8.449,+0.938
1666686360,+3.47,+15.462, +8.467,+0.939
1666686420,+3.47,+15.453, +8.485,+0.938
1666686480,+3.47,+15.453, +8.517,+0.939
1666686540,+3.47,+15.470, +8.409,+0.939
1666686600,+3.47,+15.479, +8.342,+0.939
1666686660,+3.47,+15.479, +8.287,+0.938
1666686720,+3.47,+15.479, +8.297,+0.938
1666686780,+3.47,+15.487, +8.333,+0.938
1666686840,+3.47,+15.487, +8.290,+0.938
1666686900,+3.47,+15.487, +8.299,+0.938
1666686960,+3.47,+15.487, +8.321,+0.938
1666687020,+3.47,+15.479, +8.273,+0.938
1666687080,+3.47,+15.479, +8.303,+0.938
1666687140,+3.47,+15.479, +8.184,+0.938
1666687200,+3.47,+15.479, +8.097,+0.938
1666687260,+3.47,+15.470, +7.936,+0.938
1666687320,+3.47,+15.470, +7.916,+0.938
1666687380,+3.47,+15.479, +7.772,+0.938
1666687440,+3.47,+15.462, +7.841,+0.938
1666687500,+3.47,+15.479, +7.846,+0.938
1666687560,+3.47,+15.479, +7.790,+0.939
1666687620,+3.47,+15.479, +7.750,+0.938
1666687680,+3.47,+15.479, +7.864,+0.938
1666687740,+3.47,+15.479, +8.007,+0.938
1666687800,+3.47,+15.487, +8.178,+0.938
1666687860,+3.47,+15.479, +8.107,+0.938
1666687920,+3.47,+15.487, +8.026,+0.938
1666687980,+3.47,+15.470, +8.017,+0.938
1666688040,+3.47,+15.487, +8.001,+0.938
1666688100,+3.47,+15.479, +8.018,+0.939
1666688160,+3.47,+15.487, +8.161,+0.938
1666688220,+3.47,+15.479, +8.253,+0.938
1666688280,+3.47,+15.453, +8.311,+0.938
1666688340,+3.47,+15.487, +8.291,+0.938
1666688400,+3.47,+15.487, +8.168,+0.938
1666688460,+3.47,+15.479, +7.616,+0.938
1666688520,+3.47,+15.453, +7.853,+0.938
1666688580,+3.47,+15.479, +7.939,+0.938
1666688640,+3.47,+15.487, +8.058,+0.938
1666688700,+3.47,+15.462, +8.070,+0.938
1666688760,+3.47,+15.487, +8.118,+0.938
1666688820,+3.47,+15.470, +8.199,+0.938
1666688880,+3.47,+15.470, +8.228,+0.938
1666688940,+3.47,+15.487, +8.229,+0.938
1666689000,+3.47,+15.479, +8.206,+0.938
1666689060,+3.47,+15.487, +8.228,+0.938
1666689120,+3.47,+15.496, +8.266,+0.938
1666689180,+3.47,+15.487, +8.284,+0.938
1666689240,+3.47,+15.496, +8.263,+0.939
1666689300,+3.47,+15.496, +8.258,+0.938
1666689360,+3.47,+15.504, +8.252,+0.938
1666689420,+3.47,+15.513, +8.222,+0.938
1666689480,+3.47,+15.504, +8.149,+0.938
1666689540,+3.47,+15.504, +8.154,+0.938
1666689600,+3.47,+15.504, +8.260,+0.938
1666689660,+3.47,+15.496, +8.439,+0.938
1666689720,+3.47,+15.504, +8.565,+0.938
1666689780,+3.47,+15.504, +8.519,+0.939
1666689840,+3.47,+15.504, +8.544,+0.939
1666689900,+3.47,+15.496, +8.497,+0.938
1666689960,+3.47,+15.504, +8.515,+0.938
1666690020,+3.47,+15.504, +8.530,+0.938
1666690080,+3.47,+15.504, +8.489,+0.938
1666690140,+3.47,+15.487, +8.424,+0.938
1666690200,+3.47,+15.487, +8.325,+0.938
1666690260,+3.47,+15.487, +8.370,+0.938
1666690320,+3.47,+15.496, +8.365,+0.938
1666690380,+3.47,+15.487, +8.317,+0.938
1666690440,+3.47,+15.487, +8.250,+0.938
1666690500,+3.47,+15.487, +8.168,+0.938
1666690560,+3.47,+15.470, +8.089,+0.938
1666690620,+3.47,+15.487, +8.090,+0.938
1666690680,+3.47,+15.487, +8.281,+0.938
1666690740,+3.47,+15.496, +8.344,+0.939
1666690800,+3.47,+15.479, +8.296,+0.938
1666690860,+3.47,+15.487, +8.230,+0.938
1666690920,+3.47,+15.487, +8.264,+0.939
1666690980,+3.47,+15.487, +8.271,+0.938
1666691040,+3.47,+15.487, +8.298,+0.939
1666691100,+3.47,+15.479, +8.246,+0.939
1666691160,+3.47,+15.487, +8.187,+0.938
1666691220,+3.47,+15.470, +8.159,+0.938
1666691280,+3.47,+15.479, +8.022,+0.938
1666691340,+3.47,+15.479, +7.679,+0.938
1666691400,+3.47,+15.470, +7.505,+0.938
1666691460,+3.47,+15.470, +7.475,+0.938
1666691520,+3.47,+15.479, +7.433,+0.938
1666691580,+3.47,+15.479, +7.255,+0.938
1666691640,+3.47,+15.470, +7.190,+0.938
1666691700,+3.47,+15.470, +7.265,+0.938
1666691760,+3.47,+15.487, +7.287,+0.938
1666691820,+3.47,+15.479, +7.331,+0.938
1666691880,+3.47,+15.470, +7.360,+0.938
1666691940,+3.47,+15.479, +7.357,+0.938
1666692000,+3.47,+15.462, +7.437,+0.938
1666692060,+3.47,+15.470, +7.521,+0.938
1666692120,+3.47,+15.470, +7.509,+0.938
1666692180,+3.47,+15.444, +7.364,+0.938
1666692240,+3.47,+15.462, +7.253,+0.938
1666692300,+3.47,+15.479, +7.189,+0.938
1666692360,+3.47,+15.462, +7.371,+0.938
1666692420,+3.47,+15.470, +7.297,+0.938
1666692480,+3.47,+15.453, +7.276,+0.938
1666692540,+3.47,+15.462, +7.275,+0.938
1666692600,+3.47,+15.444, +7.358,+0.938
1666692660,+3.47,+15.462, +7.430,+0.938
1666692720,+3.47,+15.453, +7.616,+0.938
1666692780,+3.47,+15.444, +7.798,+0.938
1666692840,+3.47,+15.453, +7.789,+0.938
1666692900,+3.47,+15.462, +7.452,+0.938
1666692960,+3.47,+15.462, +7.194,+0.938
1666693020,+3.47,+15.453, +7.077,+0.938
1666693080,+3.47,+15.444, +7.160,+0.938
1666693140,+3.47,+15.444, +7.156,+0.938
1666693200,+3.47,+15.436, +7.233,+0.938
1666693260,+3.47,+15.453, +7.155,+0.938
1666693320,+3.47,+15.462, +7.040,+0.938
1666693380,+3.47,+15.436, +6.852,+0.938
1666693440,+3.47,+15.436, +6.921,+0.938
1666693500,+3.47,+15.436, +7.079,+0.938
1666693560,+3.47,+15.453, +7.210,+0.938
1666693620,+3.47,+15.453, +7.233,+0.938
1666693680,+3.47,+15.444, +7.038,+0.938
1666693740,+3.47,+15.444, +7.168,+0.938
1666693800,+3.47,+15.427, +7.248,+0.938
1666693860,+3.47,+15.444, +7.197,+0.938
1666693920,+3.47,+15.436, +7.214,+0.938
1666693980,+3.47,+15.453, +7.339,+0.938
1666694040,+3.47,+15.453, +7.261,+0.938
1666694100,+3.47,+15.436, +7.436,+0.938
1666694160,+3.47,+15.436, +7.349,+0.938
1666694220,+3.47,+15.436, +7.386,+0.937
1666694280,+3.47,+15.444, +7.411,+0.937
1666694340,+3.47,+15.436, +7.297,+0.937
1666694400,+3.47,+15.436, +7.458,+0.938
1666694460,+3.47,+15.436, +7.592,+0.938
1666694520,+3.47,+15.436, +7.309,+0.938
1666694580,+3.47,+15.436, +7.172,+0.937
1666694640,+3.47,+15.453, +7.118,+0.937
1666694700,+3.47,+15.427, +7.334,+0.938
1666694760,+3.47,+15.427, +7.465,+0.938
1666694820,+3.47,+15.436, +7.605,+0.937
1666694880,+3.47,+15.436, +7.526,+0.937
1666694940,+3.47,+15.436, +7.513,+0.938
1666695000,+3.47,+15.436, +7.384,+0.937
1666695060,+3.47,+15.427, +7.643,+0.937
1666695120,+3.47,+15.410, +7.896,+0.938
1666695180,+3.47,+15.427, +8.058,+0.938
1666695240,+3.47,+15.402, +8.129,+0.938
1666695300,+3.47,+15.410, +8.087,+0.938
1666695360,+3.47,+15.419, +8.043,+0.938
1666695420,+3.47,+15.410, +8.103,+0.938
1666695480,+3.47,+15.410, +8.174,+0.938
1666695540,+3.47,+15.419, +8.280,+0.938
1666695600,+3.47,+15.419, +8.320,+0.938
1666695660,+3.47,+15.427, +8.271,+0.938
1666695720,+3.47,+15.436, +8.282,+0.938
1666695780,+3.47,+15.419, +8.173,+0.938
1666695840,+3.47,+15.427, +8.062,+0.938
1666695900,+3.47,+15.419, +8.159,+0.938
1666695960,+3.47,+15.419, +8.261,+0.938
1666696020,+3.47,+15.419, +8.344,+0.938
1666696080,+3.47,+15.427, +8.398,+0.938
1666696140,+3.47,+15.410, +8.442,+0.939
1666696200,+3.47,+15.419, +8.386,+0.938
1666696260,+3.47,+15.419, +8.411,+0.938
1666696320,+3.47,+15.419, +8.397,+0.938
1666696380,+3.47,+15.419, +8.377,+0.938
1666696440,+3.47,+15.419, +8.400,+0.939
1666696500,+3.47,+15.436, +8.376,+0.938
1666696560,+3.47,+15.419, +8.384,+0.938
1666696620,+3.47,+15.402, +8.385,+0.938
1666696680,+3.47,+15.436, +8.398,+0.938
1666696740,+3.47,+15.410, +8.418,+0.938
1666696800,+3.47,+15.419, +8.393,+0.939
1666696860,+3.47,+15.419, +8.394,+0.938
1666696920,+3.47,+15.419, +8.423,+0.939
1666696980,+3.47,+15.419, +8.422,+0.938
1666697040,+3.47,+15.419, +8.363,+0.938
1666697100,+3.47,+15.419, +8.382,+0.939
1666697160,+3.47,+15.402, +8.323,+0.938
1666697220,+3.47,+15.410, +8.391,+0.938
1666697280,+3.47,+15.402, +8.431,+0.938
1666697340,+3.47,+15.419, +8.420,+0.938
1666697400,+3.47,+15.427, +8.443,+0.938
1666697460,+3.47,+15.402, +8.486,+0.938
1666697520,+3.47,+15.410, +8.480,+0.938
1666697580,+3.47,+15.419, +8.451,+0.938
1666697640,+3.47,+15.410, +8.426,+0.938
1666697700,+3.47,+15.419, +8.421,+0.938
1666697760,+3.47,+15.402, +8.432,+0.938
1666697820,+3.47,+15.410, +8.396,+0.939
1666697880,+3.47,+15.427, +8.439,+0.938
1666697940,+3.47,+15.427, +8.394,+0.938
1666698000,+3.47,+15.402, +8.408,+0.938
1666698060,+3.47,+15.410, +8.436,+0.939
1666698120,+3.47,+15.419, +8.422,+0.938
1666698180,+3.47,+15.419, +8.380,+0.938
1666698240,+3.47,+15.419, +8.286,+0.938
1666698300,+3.47,+15.427, +8.219,+0.938
1666698360,+3.47,+15.410, +8.212,+0.938
1666698420,+3.47,+15.419, +8.197,+0.939
1666698480,+3.47,+15.419, +8.197,+0.938
1666698540,+3.47,+15.427, +8.184,+0.938
1666698600,+3.47,+15.402, +8.232,+0.938
1666698660,+3.47,+15.410, +8.271,+0.938
1666698720,+3.47,+15.419, +8.295,+0.938
1666698780,+3.47,+15.410, +8.293,+0.938
1666698840,+3.47,+15.393, +8.289,+0.939
1666698900,+3.47,+15.402, +8.255,+0.938
1666698960,+3.47,+15.410, +8.269,+0.938
1666699020,+3.47,+15.410, +8.264,+0.938
1666699080,+3.47,+15.402, +8.282,+0.938
1666699140,+3.47,+15.402, +8.311,+0.938
1666699200,+3.47,+15.384, +8.329,+0.938
1666699260,+3.47,+15.393, +8.013,+0.938
1666699320,+3.47,+15.393, +8.142,+0.938
1666699380,+3.47,+15.410, +8.202,+0.938
1666699440,+3.47,+15.427, +8.248,+0.938
1666699500,+3.47,+15.427, +8.240,+0.939
1666699560,+3.47,+15.427, +8.212,+0.938
1666699620,+3.47,+15.453, +8.230,+0.938
1666699680,+3.47,+15.436, +8.245,+0.938
1666699740,+3.47,+15.444, +8.263,+0.938
1666699800,+3.47,+15.444, +8.262,+0.938
1666699860,+3.47,+15.444, +8.303,+0.938
1666699920,+3.47,+15.453, +8.292,+0.938
1666699980,+3.47,+15.470, +8.335,+0.939
1666700040,+3.47,+15.462, +8.439,+0.938
1666700100,+3.47,+15.470, +8.621,+0.938
1666700160,+3.47,+15.462, +8.709,+0.938
1666700220,+3.47,+15.487, +8.683,+0.939
1666700280,+3.47,+15.436, +8.686,+0.938
1666700340,+3.47,+15.470, +8.657,+0.938
1666700400,+3.47,+15.470, +8.610,+0.938
1666700460,+3.47,+15.453, +8.717,+0.939
1666700520,+3.47,+15.453, +8.731,+0.938
1666700580,+3.47,+15.462, +8.685,+0.938
1666700640,+3.47,+15.453, +8.678,+0.938
1666700700,+3.47,+15.470, +8.671,+0.939
1666700760,+3.47,+15.453, +8.641,+0.939
1666700820,+3.47,+15.462, +8.562,+0.938
1666700880,+3.47,+15.470, +8.565,+0.939
1666700940,+3.47,+15.436, +8.551,+0.938
1666701000,+3.47,+15.444, +8.551,+0.938
1666701060,+3.47,+15.444, +8.594,+0.939
1666701120,+3.47,+15.444, +8.566,+0.938
1666701180,+3.47,+15.436, +8.563,+0.938
1666701240,+3.47,+15.436, +8.576,+0.938
1666701300,+3.47,+15.444, +8.604,+0.938
1666701360,+3.47,+15.444, +8.599,+0.938
1666701420,+3.47,+15.444, +8.591,+0.938
1666701480,+3.47,+15.462, +8.565,+0.938
1666701540,+3.47,+15.444, +8.380,+0.938
1666701600,+3.47,+15.453, +8.173,+0.938
1666701660,+3.47,+15.444, +8.103,+0.938
1666701720,+3.47,+15.444, +7.954,+0.938
1666701780,+3.47,+15.453, +7.833,+0.938
1666701840,+3.47,+15.453, +8.197,+0.938
1666701900,+3.47,+15.444, +8.699,+0.938
1666701960,+3.47,+15.436, +8.789,+0.939
1666702020,+3.47,+15.444, +8.746,+0.939
1666702080,+3.47,+15.444, +8.704,+0.938
1666702140,+3.47,+15.453, +8.705,+0.939
1666702200,+3.47,+15.436, +8.731,+0.939
1666702260,+3.47,+15.436, +8.738,+0.938
1666702320,+3.47,+15.444, +8.717,+0.938
1666702380,+3.47,+15.453, +8.651,+0.938
1666702440,+3.47,+15.444, +8.402,+0.939
1666702500,+3.47,+15.444, +8.034,+0.938
1666702560,+3.47,+15.444, +7.825,+0.938
1666702620,+3.47,+15.453, +7.833,+0.938
1666702680,+3.47,+15.436, +7.873,+0.938
1666702740,+3.47,+15.462, +7.990,+0.938
1666702800,+3.47,+15.436, +8.138,+0.938
1666702860,+3.47,+15.453, +8.240,+0.938
1666702920,+3.47,+15.462, +8.309,+0.938
1666702980,+3.47,+15.462, +8.395,+0.939
1666703040,+3.47,+15.487, +8.406,+0.938
1666703100,+3.47,+15.487, +8.454,+0.938
1666703160,+3.47,+15.496, +8.541,+0.938
1666703220,+3.47,+15.496, +8.577,+0.938
1666703280,+3.47,+15.496, +8.709,+0.939
1666703340,+3.47,+15.522, +8.741,+0.938
1666703400,+3.47,+15.513, +8.772,+0.938
1666703460,+3.47,+15.539, +8.764,+0.939
1666703520,+3.47,+15.522, +8.766,+0.939
1666703580,+3.47,+15.522, +8.767,+0.938
1666703640,+3.47,+15.539, +8.744,+0.938
1666703700,+3.47,+15.530, +8.640,+0.938
1666703760,+3.47,+15.504, +8.715,+0.938
1666703820,+3.47,+15.513, +8.632,+0.938
1666703880,+3.47,+15.530, +8.653,+0.938
1666703940,+3.47,+15.530, +8.619,+0.938
1666704000,+3.47,+15.547, +8.545,+0.938
1666704060,+3.47,+15.547, +8.625,+0.938
1666704120,+3.47,+15.530, +8.686,+0.939
1666704180,+3.47,+15.547, +8.716,+0.938
1666704240,+3.47,+15.556, +8.811,+0.938
1666704300,+3.47,+15.556, +8.765,+0.938
1666704360,+3.47,+15.539, +8.731,+0.938
1666704420,+3.47,+15.547, +9.164,+0.939
1666704480,+3.47,+15.556, +9.224,+0.939
1666704540,+3.47,+15.556, +9.174,+0.939
1666704600,+3.47,+15.547, +9.153,+0.939
1666704660,+3.47,+15.530, +9.231,+0.939
1666704720,+3.47,+15.530, +9.244,+0.939
1666704780,+3.47,+15.530, +9.223,+0.939
1666704840,+3.47,+15.522, +9.231,+0.939
1666704900,+3.47,+15.547, +9.269,+0.939
1666704960,+3.47,+15.539, +9.268,+0.939
1666705020,+3.47,+15.564, +9.225,+0.939
1666705080,+3.47,+15.547, +9.218,+0.938
1666705140,+3.47,+15.573, +9.211,+0.939
1666705200,+3.47,+15.556, +9.211,+0.939
1666705260,+3.47,+15.530, +9.212,+0.939
1666705320,+3.47,+15.564, +9.191,+0.939
1666705380,+3.47,+15.530, +9.208,+0.939
1666705440,+3.47,+15.522, +9.204,+0.938
1666705500,+3.47,+15.522, +9.223,+0.939
1666705560,+3.47,+15.513, +9.204,+0.939
1666705620,+3.47,+15.539, +9.167,+0.939
1666705680,+3.47,+15.496, +9.163,+0.938
1666705740,+3.47,+15.504, +9.144,+0.938
1666705800,+3.47,+15.513, +9.076,+0.939
1666705860,+3.47,+15.513, +8.999,+0.939
1666705920,+3.47,+15.504, +8.951,+0.938
1666705980,+3.47,+15.496, +8.943,+0.938
1666706040,+3.47,+15.513, +8.907,+0.938
1666706100,+3.47,+15.504, +8.916,+0.939
1666706160,+3.47,+15.522, +8.966,+0.939
1666706220,+3.47,+15.487, +9.079,+0.939
1666706280,+3.47,+15.504, +9.157,+0.939
1666706340,+3.47,+15.522, +9.154,+0.939
1666706400,+3.47,+15.487, +9.210,+0.939
1666706460,+3.47,+15.487, +9.213,+0.939
1666706520,+3.47,+15.487, +9.219,+0.939
1666706580,+3.47,+15.487, +9.169,+0.938
1666706640,+3.47,+15.487, +9.162,+0.939
1666706700,+3.47,+15.479, +9.208,+0.939
1666706760,+3.47,+15.487, +9.108,+0.939
1666706820,+3.47,+15.479, +9.085,+0.939
1666706880,+3.47,+15.487, +9.136,+0.939
1666706940,+3.47,+15.487, +9.149,+0.939
1666707000,+3.47,+15.504, +9.176,+0.939
1666707060,+3.47,+15.513, +9.166,+0.939
1666707120,+3.47,+15.513, +9.165,+0.939
1666707180,+3.47,+15.513, +9.098,+0.939
1666707240,+3.47,+15.530, +9.089,+0.939
1666707300,+3.47,+15.513, +9.064,+0.939
1666707360,+3.47,+15.504, +9.075,+0.939
1666707420,+3.47,+15.522, +9.083,+0.939
1666707480,+3.47,+15.513, +8.998,+0.939
1666707540,+3.47,+15.496, +8.939,+0.938
1666707600,+3.47,+15.522, +9.004,+0.938
1666707660,+3.47,+15.513, +9.002,+0.939
1666707720,+3.47,+15.522, +9.034,+0.939
1666707780,+3.47,+15.504, +9.092,+0.938
1666707840,+3.47,+15.496, +9.101,+0.939
1666707900,+3.47,+15.504, +9.092,+0.939
1666707960,+3.47,+15.522, +9.092,+0.938
1666708020,+3.47,+15.513, +9.133,+0.939
1666708080,+3.47,+15.522, +9.135,+0.939
1666708140,+3.47,+15.539, +9.150,+0.939
1666708200,+3.47,+15.530, +9.146,+0.939
1666708260,+3.47,+15.504, +9.117,+0.939
1666708320,+3.47,+15.513, +9.068,+0.938
1666708380,+3.47,+15.522, +9.021,+0.938
1666708440,+3.47,+15.530, +9.037,+0.939
1666708500,+3.47,+15.522, +9.027,+0.939
1666708560,+3.47,+15.539, +8.997,+0.939
1666708620,+3.47,+15.539, +9.044,+0.939
1666708680,+3.47,+15.530, +9.016,+0.939
1666708740,+3.47,+15.513, +8.932,+0.938
1666708800,+3.47,+15.539, +8.865,+0.938
1666708860,+3.47,+15.522, +8.808,+0.938
1666708920,+3.47,+15.547, +8.820,+0.939
1666708980,+3.47,+15.539, +8.796,+0.938
1666709040,+3.47,+15.547, +8.794,+0.938
1666709100,+3.47,+15.564, +8.838,+0.939
1666709160,+3.47,+15.547, +8.877,+0.938
1666709220,+3.47,+15.564, +8.926,+0.938
1666709280,+3.47,+15.573, +8.909,+0.939
1666709340,+3.47,+15.564, +8.915,+0.939
1666709400,+3.47,+15.582, +8.890,+0.939
1666709460,+3.47,+15.582, +8.828,+0.939
1666709520,+3.47,+15.582, +8.837,+0.938
1666709580,+3.47,+15.564, +8.799,+0.939
1666709640,+3.47,+15.573, +8.750,+0.938
1666709700,+3.47,+15.607, +8.763,+0.939
1666709760,+3.47,+15.599, +8.807,+0.938
1666709820,+3.47,+15.607, +8.789,+0.939
1666709880,+3.47,+15.633, +8.739,+0.938
1666709940,+3.47,+15.607, +8.838,+0.939
1666710000,+3.47,+15.616, +8.889,+0.939
1666710060,+3.47,+15.599, +8.339,+0.938
1666710120,+3.47,+15.642, +8.706,+0.938
1666710180,+3.47,+15.624, +8.938,+0.939
1666710240,+3.47,+15.599, +8.973,+0.939
1666710300,+3.47,+15.633, +8.930,+0.939
1666710360,+3.47,+15.633, +8.965,+0.939
1666710420,+3.47,+15.616, +8.956,+0.939
1666710480,+3.47,+15.642, +8.955,+0.939
1666710540,+3.47,+15.624, +8.970,+0.939
1666710600,+3.47,+15.624, +8.975,+0.938
1666710660,+3.47,+15.616, +8.988,+0.939
1666710720,+3.47,+15.599, +8.943,+0.938
1666710780,+3.47,+15.607, +8.931,+0.938
1666710840,+3.47,+15.590, +8.929,+0.938
1666710900,+3.47,+15.616, +8.863,+0.939
1666710960,+3.47,+15.607, +8.921,+0.939
1666711020,+3.47,+15.607, +8.927,+0.939
1666711080,+3.47,+15.607, +8.858,+0.938
1666711140,+3.47,+15.624, +8.946,+0.938
1666711200,+3.47,+15.616, +9.106,+0.939
1666711260,+3.47,+15.607, +9.190,+0.939
1666711320,+3.47,+15.590, +9.316,+0.939
1666711380,+3.47,+15.607, +9.251,+0.939
1666711440,+3.47,+15.607, +9.224,+0.939
1666711500,+3.47,+15.616, +9.162,+0.939
1666711560,+3.47,+15.607, +9.139,+0.939
1666711620,+3.47,+15.624, +9.197,+0.939
1666711680,+3.47,+15.607, +9.272,+0.939
1666711740,+3.47,+15.582, +9.285,+0.939
1666711800,+3.47,+15.590, +9.271,+0.939
1666711860,+3.47,+15.599, +9.248,+0.939
1666711920,+3.47,+15.607, +9.224,+0.938
1666711980,+3.47,+15.599, +9.226,+0.939
1666712040,+3.47,+15.624, +9.255,+0.939
1666712100,+3.47,+15.607, +9.260,+0.938
1666712160,+3.47,+15.607, +9.250,+0.939
1666712220,+3.47,+15.624, +9.202,+0.938
1666712280,+3.47,+15.616, +9.182,+0.938
1666712340,+3.47,+15.607, +9.320,+0.939
1666712400,+3.47,+15.590, +9.344,+0.939
1666712460,+3.47,+15.607, +9.307,+0.939
1666712520,+3.47,+15.616, +9.256,+0.939
1666712580,+3.47,+15.616, +9.254,+0.939
1666712640,+3.47,+15.616, +9.276,+0.939
1666712700,+3.47,+15.616, +9.265,+0.939
1666712760,+3.47,+15.624, +9.288,+0.939
1666712820,+3.47,+15.642, +9.274,+0.939
1666712880,+3.47,+15.642, +9.260,+0.939
1666712940,+3.47,+15.633, +9.223,+0.938
1666713000,+3.47,+15.642, +9.239,+0.939
1666713060,+3.47,+15.633, +9.223,+0.939
1666713120,+3.47,+15.642, +9.158,+0.939
1666713180,+3.47,+15.659, +9.171,+0.939
1666713240,+3.47,+15.650, +9.172,+0.939
1666713300,+3.47,+15.667, +9.178,+0.939
1666713360,+3.47,+15.650, +9.150,+0.938
1666713420,+3.47,+15.650, +9.197,+0.939
1666713480,+3.47,+15.667, +9.155,+0.938
1666713540,+3.47,+15.667, +9.136,+0.939
1666713600,+3.47,+15.676, +9.107,+0.939
1666713660,+3.47,+15.693, +9.044,+0.939
1666713720,+3.47,+15.676, +9.021,+0.939
1666713780,+3.47,+15.684, +9.020,+0.939
1666713840,+3.47,+15.701, +9.006,+0.939
1666713900,+3.47,+15.701, +9.082,+0.939
1666713960,+3.47,+15.710, +9.237,+0.939
1666714020,+3.47,+15.770, +9.328,+0.939
1666714080,+3.47,+15.787, +9.344,+0.939
1666714140,+3.47,+15.796, +9.304,+0.939
1666714200,+3.47,+15.847, +9.259,+0.939
1666714260,+3.47,+15.864, +9.222,+0.938
1666714320,+3.47,+15.864, +9.347,+0.939
1666714380,+3.47,+15.864, +9.380,+0.939
1666714440,+3.47,+15.924, +9.338,+0.939
1666714500,+3.47,+15.924, +9.325,+0.938
1666714560,+3.47,+15.941, +9.323,+0.939
1666714620,+3.47,+15.907, +9.359,+0.939
1666714680,+3.47,+15.915, +9.332,+0.939
1666714740,+3.47,+15.915, +9.313,+0.939
1666714800,+3.47,+15.907, +9.354,+0.939
1666714860,+3.47,+15.890, +9.369,+0.938
1666714920,+3.47,+15.898, +9.346,+0.939
1666714980,+3.47,+15.898, +9.329,+0.939
1666715040,+3.47,+15.872, +9.349,+0.939
1666715100,+3.47,+15.881, +9.356,+0.938
1666715160,+3.47,+15.864, +9.348,+0.939
1666715220,+3.47,+15.855, +9.317,+0.938
1666715280,+3.47,+15.847, +9.343,+0.939
1666715340,+3.47,+15.813, +9.414,+0.939
1666715400,+3.47,+15.804, +9.371,+0.938
1666715460,+3.47,+15.804, +9.322,+0.939
1666715520,+3.47,+15.787, +9.295,+0.939
1666715580,+3.47,+15.796, +9.324,+0.939
1666715640,+3.47,+15.796, +9.371,+0.939
1666715700,+3.47,+15.804, +9.385,+0.939
1666715760,+3.47,+15.796, +9.342,+0.939
1666715820,+3.47,+15.787, +9.303,+0.939
1666715880,+3.47,+15.804, +9.280,+0.939
1666715940,+3.47,+15.787, +9.317,+0.939
1666716000,+3.47,+15.804, +9.472,+0.939
1666716060,+3.47,+15.813, +9.456,+0.939
1666716120,+3.47,+15.813, +9.385,+0.939
1666716180,+3.47,+15.813, +9.312,+0.939
1666716240,+3.47,+15.838, +9.220,+0.938
1666716300,+3.47,+15.864, +9.232,+0.939
1666716360,+3.47,+15.881, +9.285,+0.939
1666716420,+3.47,+15.872, +9.294,+0.939
1666716480,+3.47,+15.890, +9.261,+0.939
1666716540,+3.47,+15.907, +9.244,+0.939
1666716600,+3.47,+15.941, +9.195,+0.939
