7450-364333
OS REV: 1.05 Sensor Cal: 1644948279
Time (sec),  BV (Volts),  T (deg C),  DO (mg/l),  Q ()
1663433460,+3.49,+22.112, +9.687,+0.951
1663433520,+3.49,+22.103, +9.723,+0.951
1663433580,+3.49,+22.112, +9.729,+0.951
1663433640,+3.49,+22.120, +9.722,+0.951
1663433700,+3.49,+22.112, +9.732,+0.951
1663433760,+3.49,+22.103, +9.752,+0.951
1663433820,+3.49,+22.103, +9.766,+0.951
1663433880,+3.49,+22.112, +9.753,+0.951
1663433940,+3.49,+22.129, +9.758,+0.951
1663434000,+3.49,+22.120, +9.757,+0.951
1663434060,+3.49,+22.129, +9.788,+0.951
1663434120,+3.49,+22.145, +9.770,+0.951
1663434180,+3.49,+22.145, +9.797,+0.952
1663434240,+3.49,+22.129, +9.797,+0.951
1663434300,+3.49,+22.137, +9.809,+0.951
1663434360,+3.49,+22.137, +9.774,+0.951
1663434420,+3.49,+22.129, +9.816,+0.951
1663434480,+3.49,+22.145, +9.828,+0.951
1663434540,+3.49,+22.154, +9.828,+0.951
1663434600,+3.49,+22.145, +9.833,+0.951
1663434660,+3.49,+22.145, +9.855,+0.951
1663434720,+3.49,+22.137, +9.863,+0.952
1663434780,+3.49,+22.137, +9.881,+0.951
1663434840,+3.49,+22.162, +9.883,+0.951
1663434900,+3.49,+22.162, +9.897,+0.951
1663434960,+3.49,+22.145, +9.916,+0.952
1663435020,+3.49,+22.179, +9.932,+0.951
1663435080,+3.49,+22.179, +9.930,+0.952
1663435140,+3.49,+22.170, +9.934,+0.952
1663435200,+3.49,+22.179, +9.957,+0.951
1663435260,+3.49,+22.179, +9.953,+0.952
1663435320,+3.49,+22.170, +9.941,+0.951
1663435380,+3.49,+22.154, +9.938,+0.951
1663435440,+3.49,+22.154, +9.966,+0.951
1663435500,+3.49,+22.170,+10.008,+0.951
1663435560,+3.49,+22.170,+10.051,+0.952
1663435620,+3.49,+22.170,+10.004,+0.951
1663435680,+3.49,+22.170, +9.992,+0.952
1663435740,+3.49,+22.187,+10.003,+0.951
1663435800,+3.49,+22.137,+10.006,+0.952
1663435860,+3.49,+22.162,+10.006,+0.952
1663435920,+3.49,+22.162,+10.010,+0.951
1663435980,+3.49,+22.170,+10.020,+0.952
1663436040,+3.49,+22.170,+10.034,+0.952
1663436100,+3.49,+22.170,+10.027,+0.951
1663436160,+3.49,+22.145,+10.039,+0.951
1663436220,+3.49,+22.170,+10.041,+0.951
1663436280,+3.49,+22.154,+10.054,+0.951
1663436340,+3.49,+22.154,+10.065,+0.952
1663436400,+3.49,+22.154,+10.061,+0.951
1663436460,+3.49,+22.145,+10.069,+0.951
1663436520,+3.49,+22.137,+10.068,+0.952
1663436580,+3.49,+22.137,+10.070,+0.951
1663436640,+3.49,+22.145,+10.065,+0.952
1663436700,+3.49,+22.145,+10.076,+0.951
1663436760,+3.49,+22.120,+10.083,+0.952
1663436820,+3.49,+22.137,+10.085,+0.951
1663436880,+3.49,+22.145,+10.101,+0.952
1663436940,+3.49,+22.137,+10.094,+0.951
1663437000,+3.49,+22.129,+10.099,+0.952
1663437060,+3.49,+22.129,+10.115,+0.952
1663437120,+3.49,+22.137,+10.089,+0.952
1663437180,+3.49,+22.137,+10.121,+0.952
1663437240,+3.49,+22.120,+10.114,+0.951
1663437300,+3.49,+22.129,+10.096,+0.951
1663437360,+3.49,+22.120,+10.104,+0.951
1663437420,+3.49,+22.129,+10.101,+0.951
1663437480,+3.49,+22.129,+10.115,+0.951
1663437540,+3.49,+22.129,+10.115,+0.952
1663437600,+3.49,+22.112,+10.123,+0.952
1663437660,+3.49,+22.112,+10.116,+0.952
1663437720,+3.49,+22.112,+10.114,+0.951
1663437780,+3.49,+22.103,+10.138,+0.951
1663437840,+3.49,+22.120,+10.142,+0.951
1663437900,+3.49,+22.112,+10.164,+0.951
1663437960,+3.49,+22.120,+10.168,+0.952
1663438020,+3.49,+22.112,+10.185,+0.952
1663438080,+3.49,+22.129,+10.224,+0.952
1663438140,+3.49,+22.120,+10.192,+0.952
1663438200,+3.49,+22.120,+10.176,+0.951
1663438260,+3.49,+22.129,+10.176,+0.952
1663438320,+3.49,+22.112,+10.210,+0.952
1663438380,+3.49,+22.120,+10.190,+0.951
1663438440,+3.49,+22.103,+10.207,+0.951
1663438500,+3.49,+22.095,+10.217,+0.952
1663438560,+3.49,+22.087,+10.225,+0.952
1663438620,+3.49,+22.095,+10.220,+0.952
1663438680,+3.49,+22.087,+10.232,+0.952
1663438740,+3.49,+22.103,+10.232,+0.951
1663438800,+3.49,+22.103,+10.252,+0.952
1663438860,+3.49,+22.087,+10.276,+0.952
1663438920,+3.49,+22.087,+10.281,+0.952
1663438980,+3.49,+22.087,+10.276,+0.951
1663439040,+3.49,+22.070,+10.292,+0.952
1663439100,+3.49,+22.070,+10.282,+0.951
1663439160,+3.49,+22.078,+10.284,+0.951
1663439220,+3.49,+22.078,+10.275,+0.952
1663439280,+3.49,+22.062,+10.276,+0.951
1663439340,+3.49,+22.070,+10.295,+0.952
1663439400,+3.49,+22.062,+10.269,+0.951
1663439460,+3.49,+22.062,+10.273,+0.951
1663439520,+3.49,+22.045,+10.285,+0.952
1663439580,+3.49,+22.037,+10.323,+0.952
1663439640,+3.49,+22.078,+10.316,+0.952
1663439700,+3.49,+22.045,+10.341,+0.952
1663439760,+3.49,+22.070,+10.347,+0.952
1663439820,+3.49,+22.045,+10.357,+0.952
1663439880,+3.49,+22.045,+10.357,+0.952
1663439940,+3.49,+22.045,+10.347,+0.951
1663440000,+3.49,+22.037,+10.369,+0.952
1663440060,+3.49,+22.037,+10.344,+0.951
1663440120,+3.49,+22.045,+10.348,+0.952
1663440180,+3.49,+22.037,+10.366,+0.952
1663440240,+3.49,+22.028,+10.396,+0.952
1663440300,+3.49,+22.037,+10.417,+0.952
1663440360,+3.49,+22.045,+10.418,+0.952
1663440420,+3.49,+22.045,+10.400,+0.951
1663440480,+3.49,+22.053,+10.419,+0.952
1663440540,+3.49,+22.045,+10.410,+0.951
1663440600,+3.49,+22.037,+10.434,+0.952
1663440660,+3.49,+22.037,+10.426,+0.952
1663440720,+3.49,+22.028,+10.430,+0.952
1663440780,+3.49,+22.045,+10.438,+0.952
1663440840,+3.49,+22.062,+10.422,+0.952
1663440900,+3.49,+22.045,+10.450,+0.952
1663440960,+3.49,+22.045,+10.448,+0.952
1663441020,+3.49,+22.045,+10.455,+0.952
1663441080,+3.49,+22.020,+10.458,+0.952
1663441140,+3.49,+22.045,+10.457,+0.952
1663441200,+3.49,+22.037,+10.452,+0.951
1663441260,+3.49,+22.037,+10.460,+0.951
1663441320,+3.49,+22.003,+10.490,+0.952
1663441380,+3.49,+21.986,+10.511,+0.952
1663441440,+3.49,+22.020,+10.497,+0.952
1663441500,+3.49,+22.045,+10.492,+0.952
1663441560,+3.49,+22.037,+10.511,+0.952
1663441620,+3.49,+22.020,+10.525,+0.952
1663441680,+3.49,+22.028,+10.524,+0.952
1663441740,+3.49,+22.003,+10.548,+0.952
1663441800,+3.49,+22.003,+10.543,+0.952
1663441860,+3.49,+21.978,+10.569,+0.952
1663441920,+3.49,+21.961,+10.580,+0.952
1663441980,+3.49,+21.970,+10.586,+0.952
1663442040,+3.49,+21.936,+10.600,+0.952
1663442100,+3.49,+21.936,+10.606,+0.952
1663442160,+3.49,+21.919,+10.619,+0.952
1663442220,+3.49,+21.928,+10.630,+0.952
1663442280,+3.49,+21.944,+10.619,+0.952
1663442340,+3.49,+21.919,+10.632,+0.952
1663442400,+3.49,+21.911,+10.660,+0.952
1663442460,+3.49,+21.894,+10.633,+0.952
1663442520,+3.49,+21.861,+10.594,+0.952
1663442580,+3.49,+21.869,+10.617,+0.952
1663442640,+3.49,+21.886,+10.689,+0.952
1663442700,+3.49,+21.928,+10.667,+0.952
1663442760,+3.49,+21.919,+10.682,+0.952
1663442820,+3.49,+21.961,+10.679,+0.952
1663442880,+3.49,+21.961,+10.646,+0.952
1663442940,+3.49,+21.978,+10.645,+0.952
1663443000,+3.49,+21.970,+10.654,+0.952
1663443060,+3.49,+21.995,+10.659,+0.952
1663443120,+3.49,+21.961,+10.643,+0.952
1663443180,+3.49,+21.936,+10.659,+0.952
1663443240,+3.49,+21.936,+10.688,+0.952
1663443300,+3.49,+21.903,+10.687,+0.952
1663443360,+3.49,+21.903,+10.662,+0.952
1663443420,+3.49,+21.886,+10.699,+0.952
1663443480,+3.49,+21.886,+10.686,+0.952
1663443540,+3.49,+21.903,+10.707,+0.952
1663443600,+3.49,+21.886,+10.726,+0.952
1663443660,+3.49,+21.936,+10.752,+0.952
1663443720,+3.49,+21.936,+10.755,+0.952
1663443780,+3.49,+21.953,+10.737,+0.952
1663443840,+3.49,+21.953,+10.707,+0.952
1663443900,+3.49,+21.911,+10.704,+0.952
1663443960,+3.49,+21.894,+10.733,+0.952
1663444020,+3.49,+21.944,+10.790,+0.952
1663444080,+3.49,+21.970,+10.787,+0.953
1663444140,+3.49,+21.986,+10.784,+0.953
1663444200,+3.49,+21.995,+10.781,+0.953
1663444260,+3.49,+21.995,+10.794,+0.953
1663444320,+3.49,+21.995,+10.757,+0.952
1663444380,+3.49,+21.970,+10.784,+0.952
1663444440,+3.49,+21.995,+10.794,+0.952
1663444500,+3.49,+22.003,+10.795,+0.952
1663444560,+3.49,+22.011,+10.795,+0.952
1663444620,+3.49,+22.020,+10.799,+0.952
1663444680,+3.49,+22.028,+10.793,+0.952
1663444740,+3.49,+22.011,+10.789,+0.953
1663444800,+3.49,+21.995,+10.818,+0.952
1663444860,+3.49,+21.995,+10.784,+0.952
1663444920,+3.49,+21.995,+10.799,+0.953
1663444980,+3.49,+22.003,+10.817,+0.952
1663445040,+3.49,+22.011,+10.812,+0.952
1663445100,+3.49,+22.003,+10.782,+0.952
1663445160,+3.49,+22.011,+10.749,+0.952
1663445220,+3.49,+21.953,+10.760,+0.953
1663445280,+3.49,+21.986,+10.831,+0.952
1663445340,+3.49,+21.986,+10.790,+0.952
1663445400,+3.49,+21.978,+10.831,+0.953
1663445460,+3.49,+21.961,+10.762,+0.952
1663445520,+3.49,+21.944,+10.716,+0.951
1663445580,+3.49,+21.919,+10.754,+0.952
1663445640,+3.49,+21.944,+10.807,+0.952
1663445700,+3.49,+21.944,+10.733,+0.952
1663445760,+3.49,+21.928,+10.759,+0.952
1663445820,+3.49,+21.919,+10.775,+0.952
1663445880,+3.49,+21.919,+10.790,+0.952
1663445940,+3.49,+21.928,+10.833,+0.953
1663446000,+3.49,+21.928,+10.815,+0.953
1663446060,+3.49,+21.961,+10.840,+0.952
1663446120,+3.49,+22.003,+10.840,+0.952
1663446180,+3.49,+22.028,+10.831,+0.952
1663446240,+3.49,+22.037,+10.828,+0.952
1663446300,+3.49,+22.037,+10.847,+0.953
1663446360,+3.49,+22.053,+10.837,+0.953
1663446420,+3.49,+22.062,+10.834,+0.953
1663446480,+3.49,+22.062,+10.839,+0.953
1663446540,+3.49,+22.087,+10.818,+0.952
1663446600,+3.49,+22.070,+10.839,+0.952
1663446660,+3.49,+22.070,+10.852,+0.952
1663446720,+3.49,+22.070,+10.845,+0.953
1663446780,+3.49,+22.028,+10.839,+0.952
1663446840,+3.49,+22.037,+10.846,+0.953
1663446900,+3.49,+22.045,+10.845,+0.952
1663446960,+3.49,+22.020,+10.863,+0.952
1663447020,+3.49,+22.070,+10.845,+0.952
1663447080,+3.49,+22.078,+10.845,+0.953
1663447140,+3.49,+22.095,+10.836,+0.952
1663447200,+3.49,+22.070,+10.841,+0.953
1663447260,+3.49,+22.103,+10.812,+0.952
1663447320,+3.49,+22.095,+10.817,+0.952
1663447380,+3.49,+22.095,+10.837,+0.953
1663447440,+3.49,+22.129,+10.822,+0.952
1663447500,+3.49,+22.120,+10.813,+0.952
1663447560,+3.49,+22.087,+10.837,+0.952
1663447620,+3.49,+22.087,+10.831,+0.952
1663447680,+3.49,+22.087,+10.861,+0.953
1663447740,+3.49,+22.095,+10.853,+0.952
1663447800,+3.49,+22.087,+10.877,+0.953
1663447860,+3.49,+22.103,+10.860,+0.952
1663447920,+3.49,+22.095,+10.870,+0.952
1663447980,+3.49,+22.103,+10.860,+0.952
1663448040,+3.49,+22.078,+10.873,+0.952
1663448100,+3.49,+22.095,+10.863,+0.953
1663448160,+3.49,+22.078,+10.863,+0.952
1663448220,+3.49,+22.070,+10.859,+0.952
1663448280,+3.49,+22.078,+10.878,+0.953
1663448340,+3.49,+22.087,+10.862,+0.952
1663448400,+3.49,+22.078,+10.876,+0.952
1663448460,+3.49,+22.070,+10.865,+0.952
1663448520,+3.49,+22.062,+10.874,+0.952
1663448580,+3.49,+22.062,+10.865,+0.952
1663448640,+3.49,+22.062,+10.919,+0.953
1663448700,+3.49,+22.078,+10.896,+0.952
1663448760,+3.49,+22.087,+10.901,+0.953
1663448820,+3.49,+22.062,+10.908,+0.952
1663448880,+3.49,+22.078,+10.906,+0.953
1663448940,+3.49,+22.078,+10.887,+0.952
1663449000,+3.49,+22.087,+10.889,+0.953
1663449060,+3.49,+22.087,+10.899,+0.952
1663449120,+3.49,+22.070,+10.919,+0.953
1663449180,+3.49,+22.095,+10.905,+0.952
1663449240,+3.49,+22.078,+10.921,+0.953
1663449300,+3.49,+22.078,+10.911,+0.952
1663449360,+3.49,+22.053,+10.929,+0.953
1663449420,+3.49,+22.070,+10.929,+0.953
1663449480,+3.49,+22.078,+10.925,+0.952
1663449540,+3.49,+22.053,+10.935,+0.952
1663449600,+3.49,+22.045,+10.946,+0.953
1663449660,+3.49,+22.037,+10.944,+0.952
1663449720,+3.49,+22.070,+10.937,+0.952
1663449780,+3.49,+22.028,+10.952,+0.952
1663449840,+3.49,+22.028,+10.962,+0.953
1663449900,+3.49,+22.028,+10.966,+0.953
1663449960,+3.49,+22.037,+10.958,+0.953
1663450020,+3.49,+22.028,+10.960,+0.952
1663450080,+3.49,+22.020,+10.934,+0.952
1663450140,+3.49,+21.986,+10.924,+0.952
1663450200,+3.49,+21.995,+10.968,+0.952
1663450260,+3.49,+21.995,+10.982,+0.952
1663450320,+3.49,+22.020,+10.994,+0.953
1663450380,+3.49,+22.011,+10.986,+0.952
1663450440,+3.49,+22.011,+10.985,+0.952
1663450500,+3.49,+22.011,+11.001,+0.953
1663450560,+3.49,+22.003,+11.011,+0.952
1663450620,+3.49,+21.986,+11.023,+0.953
1663450680,+3.49,+21.995,+10.997,+0.953
1663450740,+3.49,+21.978,+10.968,+0.953
1663450800,+3.49,+21.986,+10.990,+0.952
1663450860,+3.49,+21.986,+11.011,+0.952
1663450920,+3.49,+21.978,+11.022,+0.953
1663450980,+3.49,+21.978,+10.939,+0.952
1663451040,+3.49,+21.953,+10.873,+0.952
1663451100,+3.49,+21.961,+10.872,+0.952
1663451160,+3.49,+21.944,+10.889,+0.952
1663451220,+3.49,+21.953,+10.961,+0.952
1663451280,+3.49,+21.961,+11.007,+0.953
1663451340,+3.49,+21.944,+11.006,+0.952
1663451400,+3.49,+21.953,+10.978,+0.952
1663451460,+3.49,+21.944,+11.017,+0.952
1663451520,+3.49,+21.970,+10.986,+0.952
1663451580,+3.49,+21.953,+11.014,+0.952
1663451640,+3.49,+21.936,+11.013,+0.952
1663451700,+3.49,+21.953,+10.993,+0.952
1663451760,+3.49,+21.936,+10.982,+0.952
1663451820,+3.49,+21.936,+11.009,+0.953
1663451880,+3.49,+21.953,+10.988,+0.952
1663451940,+3.49,+21.936,+10.955,+0.952
1663452000,+3.49,+21.911,+10.952,+0.952
1663452060,+3.49,+21.919,+10.959,+0.953
1663452120,+3.49,+21.911,+10.957,+0.952
1663452180,+3.49,+21.903,+10.954,+0.952
1663452240,+3.49,+21.894,+10.984,+0.953
1663452300,+3.49,+21.903,+10.978,+0.953
1663452360,+3.49,+21.886,+10.968,+0.953
1663452420,+3.49,+21.869,+10.976,+0.953
1663452480,+3.49,+21.869,+10.993,+0.952
1663452540,+3.49,+21.886,+10.964,+0.952
1663452600,+3.49,+21.894,+10.958,+0.952
1663452660,+3.49,+21.886,+10.956,+0.952
1663452720,+3.49,+21.878,+10.958,+0.952
1663452780,+3.49,+21.894,+10.828,+0.951
1663452840,+3.49,+21.894,+10.774,+0.952
1663452900,+3.49,+21.903,+10.791,+0.952
1663452960,+3.49,+21.886,+10.907,+0.953
1663453020,+3.49,+21.903,+10.906,+0.952
1663453080,+3.49,+21.886,+10.952,+0.952
1663453140,+3.49,+21.861,+10.985,+0.953
1663453200,+3.49,+21.861,+10.985,+0.953
1663453260,+3.49,+21.861,+10.984,+0.953
1663453320,+3.49,+21.869,+10.948,+0.952
1663453380,+3.49,+21.861,+10.953,+0.952
1663453440,+3.49,+21.852,+10.956,+0.953
1663453500,+3.49,+21.869,+10.916,+0.952
1663453560,+3.49,+21.852,+10.903,+0.952
1663453620,+3.49,+21.861,+10.914,+0.952
1663453680,+3.49,+21.861,+10.899,+0.952
1663453740,+3.49,+21.836,+10.898,+0.953
1663453800,+3.49,+21.852,+10.888,+0.952
1663453860,+3.49,+21.836,+10.902,+0.952
1663453920,+3.49,+21.852,+10.879,+0.952
1663453980,+3.49,+21.861,+10.866,+0.952
1663454040,+3.49,+21.844,+10.844,+0.952
1663454100,+3.49,+21.819,+10.891,+0.953
1663454160,+3.49,+21.827,+10.880,+0.952
1663454220,+3.49,+21.811,+10.914,+0.953
1663454280,+3.49,+21.827,+10.895,+0.952
1663454340,+3.49,+21.819,+10.821,+0.952
1663454400,+3.49,+21.819,+10.819,+0.952
1663454460,+3.49,+21.836,+10.841,+0.952
1663454520,+3.49,+21.827,+10.829,+0.952
1663454580,+3.49,+21.819,+10.793,+0.951
1663454640,+3.49,+21.819,+10.855,+0.952
1663454700,+3.49,+21.819,+10.861,+0.953
1663454760,+3.49,+21.811,+10.851,+0.952
1663454820,+3.49,+21.802,+10.838,+0.952
1663454880,+3.49,+21.811,+10.852,+0.953
1663454940,+3.49,+21.811,+10.862,+0.952
1663455000,+3.49,+21.819,+10.850,+0.953
1663455060,+3.49,+21.811,+10.851,+0.952
1663455120,+3.49,+21.811,+10.828,+0.952
1663455180,+3.49,+21.811,+10.829,+0.952
1663455240,+3.49,+21.811,+10.862,+0.952
1663455300,+3.49,+21.794,+10.875,+0.953
1663455360,+3.49,+21.786,+10.865,+0.952
1663455420,+3.49,+21.802,+10.860,+0.952
1663455480,+3.49,+21.786,+10.874,+0.952
1663455540,+3.49,+21.786,+10.849,+0.952
1663455600,+3.49,+21.786,+10.886,+0.953
1663455660,+3.49,+21.777,+10.851,+0.952
1663455720,+3.49,+21.794,+10.836,+0.952
1663455780,+3.49,+21.786,+10.847,+0.952
1663455840,+3.49,+21.786,+10.859,+0.952
1663455900,+3.49,+21.786,+10.864,+0.952
1663455960,+3.49,+21.794,+10.887,+0.952
1663456020,+3.49,+21.769,+10.899,+0.952
1663456080,+3.49,+21.777,+10.890,+0.952
1663456140,+3.49,+21.802,+10.887,+0.953
1663456200,+3.49,+21.786,+10.859,+0.951
1663456260,+3.49,+21.794,+10.869,+0.952
1663456320,+3.49,+21.777,+10.893,+0.953
1663456380,+3.49,+21.786,+10.867,+0.952
1663456440,+3.49,+21.802,+10.853,+0.952
1663456500,+3.49,+21.777,+10.864,+0.952
1663456560,+3.49,+21.760,+10.863,+0.952
1663456620,+3.49,+21.769,+10.874,+0.952
1663456680,+3.49,+21.769,+10.873,+0.952
1663456740,+3.49,+21.769,+10.864,+0.952
1663456800,+3.49,+21.769,+10.862,+0.952
1663456860,+3.49,+21.777,+10.858,+0.952
1663456920,+3.49,+21.760,+10.866,+0.952
1663456980,+3.49,+21.777,+10.832,+0.952
1663457040,+3.49,+21.777,+10.819,+0.952
1663457100,+3.49,+21.786,+10.828,+0.952
1663457160,+3.49,+21.777,+10.825,+0.952
1663457220,+3.49,+21.760,+10.822,+0.952
1663457280,+3.49,+21.786,+10.797,+0.952
1663457340,+3.49,+21.777,+10.822,+0.953
1663457400,+3.49,+21.786,+10.791,+0.952
1663457460,+3.49,+21.752,+10.777,+0.952
1663457520,+3.49,+21.777,+10.823,+0.952
1663457580,+3.49,+21.769,+10.796,+0.952
1663457640,+3.49,+21.760,+10.812,+0.952
1663457700,+3.49,+21.760,+10.794,+0.952
1663457760,+3.49,+21.752,+10.771,+0.952
1663457820,+3.49,+21.769,+10.749,+0.952
1663457880,+3.49,+21.769,+10.737,+0.952
1663457940,+3.49,+21.760,+10.735,+0.952
1663458000,+3.49,+21.752,+10.714,+0.952
1663458060,+3.49,+21.735,+10.720,+0.952
1663458120,+3.49,+21.752,+10.715,+0.952
1663458180,+3.49,+21.727,+10.719,+0.952
1663458240,+3.49,+21.735,+10.722,+0.952
1663458300,+3.49,+21.744,+10.702,+0.951
1663458360,+3.49,+21.744,+10.719,+0.952
1663458420,+3.49,+21.744,+10.718,+0.952
1663458480,+3.49,+21.744,+10.721,+0.952
1663458540,+3.49,+21.744,+10.710,+0.951
1663458600,+3.49,+21.744,+10.738,+0.952
1663458660,+3.49,+21.744,+10.738,+0.952
1663458720,+3.49,+21.744,+10.730,+0.952
1663458780,+3.49,+21.752,+10.719,+0.951
1663458840,+3.49,+21.744,+10.716,+0.952
1663458900,+3.49,+21.744,+10.718,+0.952
1663458960,+3.49,+21.744,+10.719,+0.952
1663459020,+3.49,+21.744,+10.723,+0.952
1663459080,+3.49,+21.752,+10.679,+0.952
1663459140,+3.49,+21.744,+10.674,+0.952
1663459200,+3.49,+21.744,+10.671,+0.951
1663459260,+3.49,+21.769,+10.679,+0.952
1663459320,+3.49,+21.727,+10.677,+0.951
1663459380,+3.49,+21.735,+10.671,+0.952
1663459440,+3.49,+21.760,+10.658,+0.952
1663459500,+3.49,+21.727,+10.674,+0.952
1663459560,+3.49,+21.735,+10.660,+0.952
1663459620,+3.49,+21.752,+10.645,+0.951
1663459680,+3.49,+21.744,+10.663,+0.952
1663459740,+3.49,+21.727,+10.672,+0.952
1663459800,+3.49,+21.719,+10.662,+0.952
1663459860,+3.49,+21.727,+10.654,+0.952
1663459920,+3.49,+21.735,+10.654,+0.952
1663459980,+3.49,+21.727,+10.643,+0.951
1663460040,+3.49,+21.735,+10.638,+0.952
1663460100,+3.49,+21.735,+10.595,+0.951
1663460160,+3.49,+21.744,+10.589,+0.952
1663460220,+3.49,+21.735,+10.592,+0.951
1663460280,+3.49,+21.769,+10.592,+0.952
1663460340,+3.49,+21.744,+10.579,+0.952
1663460400,+3.49,+21.727,+10.589,+0.951
1663460460,+3.49,+21.735,+10.593,+0.952
1663460520,+3.49,+21.735,+10.586,+0.952
1663460580,+3.49,+21.744,+10.585,+0.952
1663460640,+3.49,+21.735,+10.572,+0.952
1663460700,+3.49,+21.760,+10.554,+0.952
1663460760,+3.49,+21.735,+10.529,+0.951
1663460820,+3.49,+21.744,+10.525,+0.952
1663460880,+3.49,+21.735,+10.497,+0.952
1663460940,+3.49,+21.752,+10.475,+0.952
1663461000,+3.49,+21.735,+10.483,+0.951
1663461060,+3.49,+21.744,+10.501,+0.952
1663461120,+3.49,+21.752,+10.481,+0.951
1663461180,+3.49,+21.727,+10.477,+0.952
1663461240,+3.49,+21.760,+10.130,+0.951
1663461300,+3.49,+21.794, +9.903,+0.951
1663461360,+3.49,+21.794, +9.870,+0.951
1663461420,+3.49,+21.827, +9.911,+0.951
1663461480,+3.49,+21.819, +9.949,+0.951
1663461540,+3.49,+21.811, +9.979,+0.951
1663461600,+3.49,+21.786,+10.082,+0.951
1663461660,+3.49,+21.777,+10.130,+0.951
1663461720,+3.49,+21.786,+10.049,+0.951
1663461780,+3.49,+21.777,+10.142,+0.951
1663461840,+3.49,+21.777,+10.144,+0.951
1663461900,+3.49,+21.760,+10.100,+0.951
1663461960,+3.49,+21.769, +9.910,+0.951
1663462020,+3.49,+21.760,+10.000,+0.951
1663462080,+3.49,+21.794, +9.962,+0.951
1663462140,+3.49,+21.769, +9.911,+0.951
1663462200,+3.49,+21.777, +9.487,+0.950
1663462260,+3.49,+21.811, +9.454,+0.950
1663462320,+3.49,+21.836, +9.440,+0.950
1663462380,+3.49,+21.819, +9.710,+0.951
1663462440,+3.49,+21.811, +9.668,+0.951
1663462500,+3.49,+21.794, +9.818,+0.951
1663462560,+3.49,+21.769, +9.907,+0.951
1663462620,+3.49,+21.786, +9.763,+0.950
1663462680,+3.49,+21.786, +9.716,+0.951
1663462740,+3.49,+21.769, +9.934,+0.951
1663462800,+3.49,+21.786, +9.754,+0.950
1663462860,+3.49,+21.786, +9.665,+0.950
1663462920,+3.49,+21.786, +9.534,+0.950
1663462980,+3.49,+21.794, +9.540,+0.950
1663463040,+3.49,+21.786, +9.586,+0.950
1663463100,+3.49,+21.794, +9.510,+0.951
1663463160,+3.49,+21.794, +9.506,+0.950
1663463220,+3.49,+21.802, +9.489,+0.950
1663463280,+3.49,+21.819, +9.471,+0.950
1663463340,+3.49,+21.819, +9.456,+0.951
1663463400,+3.49,+21.802, +9.422,+0.950
1663463460,+3.49,+21.794, +9.406,+0.951
1663463520,+3.49,+21.819, +9.416,+0.950
1663463580,+3.49,+21.786, +9.487,+0.950
1663463640,+3.49,+21.802, +9.468,+0.950
1663463700,+3.49,+21.794, +9.466,+0.951
1663463760,+3.49,+21.794, +9.576,+0.951
1663463820,+3.49,+21.769, +9.681,+0.951
1663463880,+3.49,+21.777, +9.746,+0.951
1663463940,+3.49,+21.760, +9.870,+0.951
1663464000,+3.49,+21.752, +9.809,+0.951
1663464060,+3.49,+21.752, +9.745,+0.951
1663464120,+3.49,+21.752, +9.717,+0.951
1663464180,+3.49,+21.752, +9.684,+0.951
1663464240,+3.49,+21.744, +9.640,+0.951
1663464300,+3.49,+21.735, +9.604,+0.950
1663464360,+3.49,+21.744, +9.563,+0.950
1663464420,+3.49,+21.744, +9.530,+0.950
1663464480,+3.49,+21.744, +9.648,+0.951
1663464540,+3.49,+21.744, +9.689,+0.951
1663464600,+3.49,+21.735, +9.693,+0.951
1663464660,+3.49,+21.727, +9.701,+0.951
1663464720,+3.49,+21.744, +9.661,+0.950
1663464780,+3.49,+21.760, +9.617,+0.950
1663464840,+3.49,+21.744, +9.631,+0.951
1663464900,+3.49,+21.727, +9.613,+0.950
1663464960,+3.49,+21.719, +9.602,+0.951
1663465020,+3.49,+21.727, +9.616,+0.951
1663465080,+3.49,+21.727, +9.585,+0.951
1663465140,+3.49,+21.744, +9.574,+0.951
1663465200,+3.49,+21.727, +9.566,+0.951
1663465260,+3.49,+21.719, +9.614,+0.950
1663465320,+3.49,+21.735, +9.697,+0.951
1663465380,+3.49,+21.727, +9.789,+0.951
1663465440,+3.49,+21.719, +9.790,+0.951
1663465500,+3.49,+21.693, +9.814,+0.951
1663465560,+3.49,+21.710, +9.757,+0.950
1663465620,+3.49,+21.735, +9.673,+0.950
1663465680,+3.49,+21.727, +9.583,+0.950
1663465740,+3.49,+21.719, +9.642,+0.951
1663465800,+3.49,+21.727, +9.645,+0.951
1663465860,+3.49,+21.710, +9.664,+0.951
1663465920,+3.49,+21.719, +9.664,+0.951
1663465980,+3.49,+21.710, +9.702,+0.951
1663466040,+3.49,+21.719, +9.742,+0.950
1663466100,+3.49,+21.693, +9.854,+0.951
1663466160,+3.49,+21.685, +9.885,+0.951
1663466220,+3.49,+21.685, +9.776,+0.951
1663466280,+3.49,+21.685, +9.762,+0.951
1663466340,+3.49,+21.693, +9.793,+0.951
1663466400,+3.49,+21.677, +9.792,+0.951
1663466460,+3.49,+21.677, +9.797,+0.950
1663466520,+3.49,+21.668, +9.820,+0.951
1663466580,+3.49,+21.677, +9.826,+0.951
1663466640,+3.49,+21.668, +9.807,+0.951
1663466700,+3.49,+21.668, +9.790,+0.950
1663466760,+3.49,+21.668, +9.801,+0.951
1663466820,+3.49,+21.685, +9.785,+0.951
1663466880,+3.49,+21.693, +9.778,+0.951
1663466940,+3.49,+21.693, +9.776,+0.951
1663467000,+3.49,+21.668, +9.791,+0.951
1663467060,+3.49,+21.668, +9.807,+0.951
1663467120,+3.49,+21.668, +9.796,+0.950
1663467180,+3.49,+21.660, +9.775,+0.950
1663467240,+3.49,+21.660, +9.814,+0.951
1663467300,+3.49,+21.668, +9.824,+0.951
1663467360,+3.49,+21.660, +9.837,+0.951
1663467420,+3.49,+21.660, +9.791,+0.950
1663467480,+3.49,+21.693, +9.769,+0.951
1663467540,+3.49,+21.685, +9.780,+0.950
1663467600,+3.49,+21.668, +9.814,+0.951
1663467660,+3.49,+21.677, +9.837,+0.951
1663467720,+3.49,+21.668, +9.852,+0.951
1663467780,+3.49,+21.668, +9.855,+0.950
1663467840,+3.49,+21.668, +9.860,+0.951
1663467900,+3.49,+21.660, +9.863,+0.951
1663467960,+3.49,+21.652, +9.872,+0.951
1663468020,+3.49,+21.643, +9.884,+0.951
1663468080,+3.49,+21.643, +9.877,+0.951
1663468140,+3.49,+21.643, +9.879,+0.951
1663468200,+3.49,+21.635, +9.874,+0.951
1663468260,+3.49,+21.660, +9.870,+0.951
1663468320,+3.49,+21.643, +9.861,+0.951
1663468380,+3.49,+21.635, +9.853,+0.951
1663468440,+3.49,+21.643, +9.857,+0.951
1663468500,+3.49,+21.652, +9.842,+0.950
1663468560,+3.49,+21.643, +9.832,+0.951
1663468620,+3.49,+21.643, +9.823,+0.951
1663468680,+3.49,+21.643, +9.832,+0.951
1663468740,+3.49,+21.643, +9.834,+0.951
1663468800,+3.49,+21.652, +9.857,+0.950
1663468860,+3.49,+21.635, +9.871,+0.951
1663468920,+3.49,+21.652, +9.843,+0.950
1663468980,+3.49,+21.643, +9.863,+0.951
1663469040,+3.49,+21.652, +9.881,+0.951
1663469100,+3.49,+21.652, +9.866,+0.950
1663469160,+3.49,+21.635, +9.881,+0.951
1663469220,+3.49,+21.652, +9.836,+0.951
1663469280,+3.49,+21.660, +9.799,+0.951
1663469340,+3.49,+21.643, +9.858,+0.951
1663469400,+3.49,+21.643, +9.860,+0.950
1663469460,+3.49,+21.635, +9.846,+0.950
1663469520,+3.49,+21.635, +9.870,+0.951
1663469580,+3.49,+21.627, +9.886,+0.951
1663469640,+3.49,+21.635, +9.873,+0.951
1663469700,+3.49,+21.627, +9.868,+0.951
1663469760,+3.49,+21.627, +9.868,+0.951
1663469820,+3.49,+21.643, +9.852,+0.951
1663469880,+3.49,+21.618, +9.864,+0.951
1663469940,+3.49,+21.635, +9.837,+0.951
1663470000,+3.49,+21.627, +9.841,+0.951
1663470060,+3.49,+21.610, +9.831,+0.951
1663470120,+3.49,+21.601, +9.827,+0.950
1663470180,+3.49,+21.601, +9.849,+0.951
1663470240,+3.49,+21.601, +9.824,+0.951
1663470300,+3.49,+21.618, +9.805,+0.950
1663470360,+3.49,+21.618, +9.816,+0.951
1663470420,+3.49,+21.618, +9.803,+0.950
1663470480,+3.49,+21.627, +9.810,+0.951
1663470540,+3.49,+21.627, +9.799,+0.951
1663470600,+3.49,+21.610, +9.789,+0.950
1663470660,+3.49,+21.593, +9.796,+0.950
1663470720,+3.49,+21.601, +9.791,+0.951
1663470780,+3.49,+21.618, +9.787,+0.951
1663470840,+3.49,+21.601, +9.792,+0.951
1663470900,+3.49,+21.601, +9.780,+0.950
1663470960,+3.49,+21.610, +9.773,+0.951
1663471020,+3.49,+21.593, +9.808,+0.951
1663471080,+3.49,+21.601, +9.799,+0.951
1663471140,+3.49,+21.610, +9.798,+0.951
1663471200,+3.49,+21.601, +9.804,+0.951
1663471260,+3.49,+21.593, +9.794,+0.950
1663471320,+3.49,+21.601, +9.739,+0.951
1663471380,+3.49,+21.601, +9.693,+0.951
1663471440,+3.49,+21.610, +9.683,+0.950
1663471500,+3.49,+21.610, +9.683,+0.950
1663471560,+3.49,+21.593, +9.737,+0.951
1663471620,+3.49,+21.601, +9.751,+0.951
1663471680,+3.49,+21.593, +9.725,+0.950
1663471740,+3.49,+21.576, +9.727,+0.951
1663471800,+3.49,+21.585, +9.733,+0.950
1663471860,+3.49,+21.601, +9.764,+0.951
1663471920,+3.49,+21.593, +9.678,+0.951
1663471980,+3.49,+21.585, +9.616,+0.951
1663472040,+3.49,+21.601, +9.567,+0.951
1663472100,+3.49,+21.593, +9.630,+0.951
1663472160,+3.49,+21.585, +9.607,+0.950
1663472220,+3.49,+21.601, +9.573,+0.950
1663472280,+3.49,+21.610, +9.591,+0.950
1663472340,+3.49,+21.610, +9.552,+0.950
1663472400,+3.49,+21.593, +9.673,+0.950
1663472460,+3.49,+21.593, +9.688,+0.950
1663472520,+3.49,+21.601, +9.689,+0.951
1663472580,+3.49,+21.610, +9.637,+0.950
1663472640,+3.49,+21.601, +9.567,+0.950
1663472700,+3.49,+21.618, +9.635,+0.950
1663472760,+3.49,+21.601, +9.678,+0.950
1663472820,+3.49,+21.601, +9.715,+0.951
1663472880,+3.49,+21.610, +9.748,+0.951
1663472940,+3.49,+21.601, +9.729,+0.951
1663473000,+3.49,+21.627, +9.673,+0.950
1663473060,+3.49,+21.610, +9.677,+0.950
1663473120,+3.49,+21.618, +9.705,+0.950
1663473180,+3.49,+21.601, +9.708,+0.950
1663473240,+3.49,+21.601, +9.708,+0.950
1663473300,+3.49,+21.618, +9.691,+0.950
1663473360,+3.49,+21.627, +9.592,+0.950
1663473420,+3.49,+21.627, +9.662,+0.951
1663473480,+3.49,+21.601, +9.756,+0.951
1663473540,+3.49,+21.601, +9.721,+0.950
1663473600,+3.49,+21.610, +9.618,+0.950
1663473660,+3.49,+21.601, +9.769,+0.950
1663473720,+3.49,+21.601, +9.766,+0.950
1663473780,+3.49,+21.601, +9.613,+0.951
1663473840,+3.49,+21.618, +9.624,+0.950
1663473900,+3.49,+21.618, +9.614,+0.950
1663473960,+3.49,+21.610, +9.673,+0.950
1663474020,+3.49,+21.618, +9.580,+0.950
1663474080,+3.49,+21.652, +9.564,+0.950
1663474140,+3.49,+21.635, +9.456,+0.950
1663474200,+3.49,+21.643, +9.455,+0.950
1663474260,+3.49,+21.635, +9.515,+0.950
1663474320,+3.49,+21.635, +9.511,+0.950
1663474380,+3.49,+21.643, +9.664,+0.950
1663474440,+3.49,+21.618, +9.696,+0.950
1663474500,+3.49,+21.610, +9.772,+0.950
1663474560,+3.49,+21.610, +9.781,+0.950
1663474620,+3.49,+21.593, +9.766,+0.950
1663474680,+3.49,+21.576, +9.766,+0.950
1663474740,+3.49,+21.601, +9.713,+0.950
1663474800,+3.49,+21.601, +9.755,+0.951
1663474860,+3.49,+21.593, +9.703,+0.950
1663474920,+3.49,+21.593, +9.746,+0.950
1663474980,+3.49,+21.585, +9.780,+0.951
1663475040,+3.49,+21.593, +9.782,+0.951
1663475100,+3.49,+21.568, +9.768,+0.950
1663475160,+3.49,+21.568, +9.715,+0.951
1663475220,+3.49,+21.593, +9.708,+0.951
1663475280,+3.49,+21.576, +9.737,+0.951
1663475340,+3.49,+21.585, +9.697,+0.950
1663475400,+3.49,+21.585, +9.715,+0.951
1663475460,+3.49,+21.568, +9.710,+0.951
1663475520,+3.49,+21.568, +9.715,+0.951
1663475580,+3.49,+21.568, +9.744,+0.951
1663475640,+3.49,+21.576, +9.754,+0.950
1663475700,+3.49,+21.551, +9.747,+0.951
1663475760,+3.49,+21.568, +9.734,+0.950
1663475820,+3.49,+21.560, +9.721,+0.951
1663475880,+3.49,+21.560, +9.679,+0.950
1663475940,+3.49,+21.535, +9.711,+0.950
1663476000,+3.49,+21.551, +9.691,+0.950
1663476060,+3.49,+21.535, +9.691,+0.950
1663476120,+3.49,+21.568, +9.686,+0.950
1663476180,+3.49,+21.551, +9.664,+0.950
1663476240,+3.49,+21.518, +9.674,+0.950
1663476300,+3.49,+21.535, +9.661,+0.951
1663476360,+3.49,+21.543, +9.637,+0.951
1663476420,+3.49,+21.526, +9.621,+0.950
1663476480,+3.49,+21.518, +9.620,+0.950
1663476540,+3.49,+21.535, +9.644,+0.951
1663476600,+3.49,+21.518, +9.697,+0.951
1663476660,+3.49,+21.535, +9.679,+0.950
1663476720,+3.49,+21.535, +9.663,+0.951
1663476780,+3.49,+21.509, +9.674,+0.950
1663476840,+3.49,+21.535, +9.660,+0.950
1663476900,+3.49,+21.535, +9.644,+0.950
1663476960,+3.49,+21.526, +9.639,+0.950
1663477020,+3.49,+21.509, +9.718,+0.951
1663477080,+3.49,+21.526, +9.729,+0.951
1663477140,+3.49,+21.509, +9.721,+0.951
1663477200,+3.49,+21.526, +9.712,+0.951
1663477260,+3.49,+21.509, +9.728,+0.950
1663477320,+3.49,+21.518, +9.726,+0.950
1663477380,+3.49,+21.518, +9.728,+0.950
1663477440,+3.49,+21.501, +9.726,+0.950
1663477500,+3.49,+21.526, +9.694,+0.950
1663477560,+3.49,+21.501, +9.695,+0.950
1663477620,+3.49,+21.493, +9.709,+0.950
1663477680,+3.49,+21.501, +9.687,+0.950
1663477740,+3.49,+21.493, +9.696,+0.951
1663477800,+3.49,+21.484, +9.735,+0.950
1663477860,+3.49,+21.518, +9.717,+0.951
1663477920,+3.49,+21.509, +9.695,+0.951
1663477980,+3.49,+21.501, +9.710,+0.950
1663478040,+3.49,+21.501, +9.691,+0.950
1663478100,+3.49,+21.518, +9.690,+0.950
1663478160,+3.49,+21.509, +9.643,+0.950
1663478220,+3.49,+21.526, +9.610,+0.950
1663478280,+3.49,+21.518, +9.623,+0.950
1663478340,+3.49,+21.509, +9.646,+0.950
1663478400,+3.49,+21.501, +9.691,+0.950
1663478460,+3.49,+21.509, +9.702,+0.950
1663478520,+3.49,+21.526, +9.651,+0.951
1663478580,+3.49,+21.501, +9.662,+0.951
1663478640,+3.49,+21.509, +9.693,+0.950
1663478700,+3.49,+21.509, +9.720,+0.950
1663478760,+3.49,+21.526, +9.700,+0.950
1663478820,+3.49,+21.493, +9.642,+0.950
1663478880,+3.49,+21.509, +9.600,+0.950
1663478940,+3.49,+21.509, +9.600,+0.950
1663479000,+3.49,+21.509, +9.588,+0.950
1663479060,+3.49,+21.518, +9.616,+0.950
1663479120,+3.49,+21.509, +9.603,+0.950
1663479180,+3.49,+21.518, +9.596,+0.950
1663479240,+3.49,+21.535, +9.549,+0.950
1663479300,+3.49,+21.509, +9.524,+0.950
1663479360,+3.49,+21.501, +9.543,+0.950
1663479420,+3.49,+21.501, +9.558,+0.950
1663479480,+3.49,+21.509, +9.524,+0.950
1663479540,+3.49,+21.501, +9.497,+0.950
1663479600,+3.49,+21.493, +9.490,+0.951
1663479660,+3.49,+21.501, +9.458,+0.950
1663479720,+3.49,+21.493, +9.430,+0.950
1663479780,+3.49,+21.484, +9.443,+0.950
1663479840,+3.49,+21.476, +9.464,+0.950
1663479900,+3.49,+21.468, +9.452,+0.950
1663479960,+3.49,+21.493, +9.432,+0.950
1663480020,+3.49,+21.501, +9.387,+0.950
1663480080,+3.49,+21.501, +9.381,+0.950
1663480140,+3.49,+21.501, +9.342,+0.950
1663480200,+3.49,+21.501, +9.298,+0.950
1663480260,+3.49,+21.493, +9.333,+0.950
1663480320,+3.49,+21.493, +9.364,+0.950
1663480380,+3.49,+21.493, +9.377,+0.950
1663480440,+3.49,+21.493, +9.383,+0.950
1663480500,+3.49,+21.484, +9.384,+0.950
1663480560,+3.49,+21.501, +9.362,+0.950
1663480620,+3.49,+21.476, +9.356,+0.950
1663480680,+3.49,+21.493, +9.356,+0.950
1663480740,+3.49,+21.476, +9.368,+0.950
1663480800,+3.49,+21.468, +9.405,+0.950
1663480860,+3.49,+21.468, +9.412,+0.950
1663480920,+3.49,+21.476, +9.435,+0.950
1663480980,+3.49,+21.468, +9.433,+0.950
1663481040,+3.49,+21.451, +9.439,+0.950
1663481100,+3.49,+21.468, +9.445,+0.950
1663481160,+3.49,+21.459, +9.464,+0.950
1663481220,+3.49,+21.443, +9.467,+0.950
1663481280,+3.49,+21.434, +9.476,+0.950
1663481340,+3.49,+21.459, +9.497,+0.950
1663481400,+3.49,+21.459, +9.492,+0.950
1663481460,+3.49,+21.468, +9.469,+0.950
1663481520,+3.49,+21.484, +9.453,+0.950
1663481580,+3.49,+21.459, +9.531,+0.950
1663481640,+3.49,+21.459, +9.578,+0.951
1663481700,+3.49,+21.451, +9.598,+0.951
1663481760,+3.49,+21.443, +9.581,+0.951
1663481820,+3.49,+21.451, +9.560,+0.950
1663481880,+3.49,+21.443, +9.552,+0.950
1663481940,+3.49,+21.451, +9.536,+0.951
1663482000,+3.49,+21.459, +9.533,+0.950
1663482060,+3.49,+21.459, +9.539,+0.950
1663482120,+3.49,+21.468, +9.523,+0.950
1663482180,+3.49,+21.451, +9.503,+0.950
1663482240,+3.49,+21.468, +9.500,+0.950
1663482300,+3.49,+21.459, +9.497,+0.950
1663482360,+3.49,+21.443, +9.518,+0.950
1663482420,+3.49,+21.459, +9.513,+0.950
1663482480,+3.49,+21.468, +9.507,+0.950
1663482540,+3.49,+21.451, +9.503,+0.950
1663482600,+3.49,+21.459, +9.513,+0.951
1663482660,+3.49,+21.459, +9.504,+0.950
1663482720,+3.49,+21.451, +9.505,+0.950
1663482780,+3.49,+21.484, +9.487,+0.950
1663482840,+3.49,+21.451, +9.480,+0.950
1663482900,+3.49,+21.476, +9.464,+0.950
1663482960,+3.49,+21.451, +9.450,+0.950
1663483020,+3.49,+21.459, +9.445,+0.950
1663483080,+3.49,+21.484, +9.443,+0.950
1663483140,+3.49,+21.443, +9.469,+0.950
1663483200,+3.49,+21.459, +9.524,+0.950
1663483260,+3.49,+21.459, +9.549,+0.950
1663483320,+3.49,+21.434, +9.567,+0.950
1663483380,+3.49,+21.459, +9.585,+0.951
1663483440,+3.49,+21.443, +9.592,+0.950
1663483500,+3.49,+21.468, +9.550,+0.950
1663483560,+3.49,+21.451, +9.520,+0.950
1663483620,+3.49,+21.443, +9.567,+0.951
1663483680,+3.49,+21.459, +9.527,+0.950
1663483740,+3.49,+21.468, +9.545,+0.950
1663483800,+3.49,+21.468, +9.557,+0.950
1663483860,+3.49,+21.459, +9.562,+0.950
1663483920,+3.49,+21.476, +9.517,+0.951
1663483980,+3.49,+21.459, +9.473,+0.950
1663484040,+3.49,+21.451, +9.449,+0.949
1663484100,+3.49,+21.476, +9.421,+0.950
1663484160,+3.49,+21.484, +9.358,+0.950
1663484220,+3.49,+21.501, +9.330,+0.950
1663484280,+3.49,+21.476, +9.356,+0.950
1663484340,+3.49,+21.493, +9.385,+0.951
1663484400,+3.49,+21.459, +9.411,+0.950
1663484460,+3.49,+21.476, +9.431,+0.950
1663484520,+3.49,+21.451, +9.469,+0.950
1663484580,+3.49,+21.459, +9.472,+0.949
1663484640,+3.49,+21.451, +9.528,+0.950
1663484700,+3.49,+21.451, +9.577,+0.951
1663484760,+3.49,+21.451, +9.578,+0.950
1663484820,+3.49,+21.468, +9.558,+0.950
1663484880,+3.49,+21.451, +9.529,+0.950
1663484940,+3.49,+21.468, +9.512,+0.950
1663485000,+3.49,+21.459, +9.493,+0.950
1663485060,+3.49,+21.468, +9.432,+0.950
1663485120,+3.49,+21.476, +9.393,+0.950
1663485180,+3.49,+21.468, +9.393,+0.950
1663485240,+3.49,+21.476, +9.359,+0.950
1663485300,+3.49,+21.484, +9.361,+0.950
1663485360,+3.49,+21.459, +9.352,+0.950
1663485420,+3.49,+21.468, +9.401,+0.950
1663485480,+3.49,+21.459, +9.441,+0.950
1663485540,+3.49,+21.468, +9.476,+0.951
1663485600,+3.49,+21.468, +9.460,+0.950
1663485660,+3.49,+21.468, +9.480,+0.951
1663485720,+3.49,+21.476, +9.506,+0.950
1663485780,+3.49,+21.459, +9.496,+0.950
1663485840,+3.49,+21.451, +9.455,+0.950
1663485900,+3.49,+21.476, +9.414,+0.950
1663485960,+3.49,+21.459, +9.415,+0.950
1663486020,+3.49,+21.459, +9.397,+0.950
1663486080,+3.49,+21.484, +9.373,+0.950
1663486140,+3.49,+21.451, +9.387,+0.950
1663486200,+3.49,+21.468, +9.373,+0.950
1663486260,+3.49,+21.484, +9.367,+0.950
1663486320,+3.49,+21.476, +9.378,+0.950
1663486380,+3.49,+21.459, +9.396,+0.950
1663486440,+3.49,+21.468, +9.397,+0.950
1663486500,+3.49,+21.476, +9.406,+0.950
1663486560,+3.49,+21.459, +9.402,+0.950
1663486620,+3.49,+21.468, +9.396,+0.950
1663486680,+3.49,+21.468, +9.398,+0.950
1663486740,+3.49,+21.476, +9.427,+0.950
1663486800,+3.49,+21.484, +9.410,+0.950
1663486860,+3.49,+21.468, +9.389,+0.950
1663486920,+3.49,+21.493, +9.402,+0.950
1663486980,+3.49,+21.484, +9.430,+0.950
1663487040,+3.49,+21.493, +9.452,+0.950
1663487100,+3.49,+21.468, +9.428,+0.950
1663487160,+3.49,+21.451, +9.425,+0.949
1663487220,+3.49,+21.443, +9.441,+0.950
1663487280,+3.49,+21.459, +9.455,+0.950
1663487340,+3.49,+21.459, +9.451,+0.950
1663487400,+3.49,+21.451, +9.432,+0.950
1663487460,+3.49,+21.443, +9.397,+0.950
1663487520,+3.49,+21.459, +9.392,+0.950
1663487580,+3.49,+21.459, +9.415,+0.950
1663487640,+3.49,+21.434, +9.408,+0.950
1663487700,+3.49,+21.451, +9.389,+0.950
1663487760,+3.49,+21.459, +9.401,+0.950
1663487820,+3.49,+21.459, +9.411,+0.950
1663487880,+3.49,+21.426, +9.436,+0.950
1663487940,+3.49,+21.443, +9.429,+0.950
1663488000,+3.49,+21.434, +9.421,+0.950
1663488060,+3.49,+21.434, +9.422,+0.950
1663488120,+3.49,+21.434, +9.399,+0.950
1663488180,+3.49,+21.443, +9.401,+0.950
1663488240,+3.49,+21.434, +9.387,+0.950
1663488300,+3.49,+21.426, +9.392,+0.950
1663488360,+3.49,+21.443, +9.405,+0.950
1663488420,+3.49,+21.434, +9.436,+0.951
1663488480,+3.49,+21.434, +9.433,+0.949
1663488540,+3.49,+21.434, +9.466,+0.950
1663488600,+3.49,+21.434, +9.477,+0.950
1663488660,+3.49,+21.426, +9.501,+0.950
1663488720,+3.49,+21.434, +9.498,+0.950
1663488780,+3.49,+21.417, +9.510,+0.950
1663488840,+3.49,+21.434, +9.510,+0.950
1663488900,+3.49,+21.451, +9.509,+0.950
1663488960,+3.49,+21.426, +9.515,+0.950
1663489020,+3.49,+21.434, +9.513,+0.950
1663489080,+3.49,+21.434, +9.511,+0.950
1663489140,+3.49,+21.426, +9.520,+0.950
1663489200,+3.49,+21.417, +9.526,+0.950
1663489260,+3.49,+21.417, +9.532,+0.950
1663489320,+3.49,+21.443, +9.524,+0.950
1663489380,+3.49,+21.443, +9.529,+0.950
1663489440,+3.49,+21.434, +9.523,+0.950
1663489500,+3.49,+21.426, +9.520,+0.950
1663489560,+3.49,+21.426, +9.522,+0.950
1663489620,+3.49,+21.443, +9.534,+0.950
1663489680,+3.49,+21.426, +9.542,+0.950
1663489740,+3.49,+21.417, +9.524,+0.950
1663489800,+3.49,+21.417, +9.510,+0.950
1663489860,+3.49,+21.401, +9.503,+0.950
1663489920,+3.49,+21.409, +9.494,+0.950
1663489980,+3.49,+21.409, +9.486,+0.950
1663490040,+3.49,+21.392, +9.501,+0.950
1663490100,+3.49,+21.401, +9.504,+0.950
1663490160,+3.49,+21.401, +9.489,+0.950
1663490220,+3.49,+21.384, +9.497,+0.950
1663490280,+3.49,+21.392, +9.506,+0.950
1663490340,+3.49,+21.401, +9.502,+0.950
1663490400,+3.49,+21.417, +9.507,+0.950
1663490460,+3.49,+21.392, +9.499,+0.950
1663490520,+3.49,+21.409, +9.506,+0.950
1663490580,+3.49,+21.417, +9.496,+0.950
1663490640,+3.49,+21.401, +9.497,+0.950
1663490700,+3.49,+21.409, +9.490,+0.950
1663490760,+3.49,+21.426, +9.493,+0.950
1663490820,+3.49,+21.409, +9.513,+0.950
1663490880,+3.49,+21.409, +9.501,+0.950
1663490940,+3.49,+21.401, +9.506,+0.950
1663491000,+3.49,+21.417, +9.501,+0.950
1663491060,+3.49,+21.426, +9.492,+0.950
1663491120,+3.49,+21.417, +9.462,+0.950
1663491180,+3.49,+21.443, +9.389,+0.949
1663491240,+3.49,+21.417, +9.358,+0.950
1663491300,+3.49,+21.426, +9.294,+0.950
1663491360,+3.49,+21.443, +9.260,+0.950
1663491420,+3.49,+21.451, +9.294,+0.950
1663491480,+3.49,+21.443, +9.364,+0.950
1663491540,+3.49,+21.434, +9.412,+0.950
1663491600,+3.49,+21.426, +9.420,+0.950
1663491660,+3.49,+21.443, +9.378,+0.950
1663491720,+3.49,+21.434, +9.401,+0.950
1663491780,+3.49,+21.443, +9.406,+0.950
1663491840,+3.49,+21.443, +9.407,+0.950
1663491900,+3.49,+21.426, +9.425,+0.950
1663491960,+3.49,+21.443, +9.413,+0.950
1663492020,+3.49,+21.459, +9.391,+0.950
1663492080,+3.49,+21.443, +9.384,+0.950
1663492140,+3.49,+21.434, +9.372,+0.950
1663492200,+3.49,+21.451, +9.339,+0.950
1663492260,+3.49,+21.451, +9.277,+0.950
1663492320,+3.49,+21.443, +9.304,+0.950
1663492380,+3.49,+21.443, +9.326,+0.950
1663492440,+3.49,+21.443, +9.295,+0.950
1663492500,+3.49,+21.443, +9.266,+0.950
1663492560,+3.49,+21.459, +9.232,+0.950
1663492620,+3.49,+21.451, +9.248,+0.950
1663492680,+3.49,+21.451, +9.264,+0.950
1663492740,+3.49,+21.459, +9.240,+0.950
1663492800,+3.49,+21.476, +9.161,+0.950
1663492860,+3.49,+21.476, +9.113,+0.950
1663492920,+3.49,+21.468, +9.068,+0.950
1663492980,+3.49,+21.451, +8.975,+0.950
1663493040,+3.49,+21.468, +8.940,+0.949
1663493100,+3.49,+21.451, +8.883,+0.949
1663493160,+3.49,+21.443, +8.875,+0.949
1663493220,+3.49,+21.468, +8.833,+0.949
1663493280,+3.49,+21.459, +8.831,+0.950
1663493340,+3.49,+21.451, +8.793,+0.949
1663493400,+3.49,+21.426, +8.752,+0.949
1663493460,+3.49,+21.434, +8.767,+0.949
1663493520,+3.49,+21.443, +8.787,+0.949
1663493580,+3.49,+21.451, +8.794,+0.950
1663493640,+3.49,+21.468, +8.791,+0.949
1663493700,+3.49,+21.476, +8.854,+0.949
1663493760,+3.49,+21.468, +8.848,+0.949
1663493820,+3.49,+21.484, +8.836,+0.949
1663493880,+3.49,+21.484, +8.819,+0.949
1663493940,+3.49,+21.468, +8.847,+0.949
1663494000,+3.49,+21.468, +8.841,+0.950
1663494060,+3.49,+21.476, +8.807,+0.949
1663494120,+3.49,+21.476, +8.821,+0.949
1663494180,+3.49,+21.468, +8.814,+0.949
1663494240,+3.49,+21.484, +8.776,+0.949
1663494300,+3.49,+21.484, +8.754,+0.949
1663494360,+3.49,+21.459, +8.707,+0.949
1663494420,+3.49,+21.468, +8.665,+0.950
1663494480,+3.49,+21.476, +8.615,+0.949
1663494540,+3.49,+21.476, +8.624,+0.949
1663494600,+3.49,+21.484, +8.617,+0.949
1663494660,+3.49,+21.476, +8.616,+0.949
1663494720,+3.49,+21.476, +8.587,+0.949
1663494780,+3.49,+21.459, +8.567,+0.949
1663494840,+3.49,+21.459, +8.560,+0.949
1663494900,+3.49,+21.468, +8.544,+0.949
1663494960,+3.49,+21.468, +8.547,+0.949
1663495020,+3.49,+21.451, +8.558,+0.949
1663495080,+3.49,+21.484, +8.533,+0.950
1663495140,+3.49,+21.434, +8.533,+0.949
1663495200,+3.49,+21.443, +8.526,+0.949
1663495260,+3.49,+21.434, +8.524,+0.949
1663495320,+3.49,+21.443, +8.494,+0.949
1663495380,+3.49,+21.426, +8.503,+0.949
1663495440,+3.49,+21.434, +8.494,+0.949
1663495500,+3.49,+21.426, +8.508,+0.949
1663495560,+3.49,+21.434, +8.621,+0.949
1663495620,+3.49,+21.434, +8.742,+0.949
1663495680,+3.49,+21.443, +8.761,+0.949
1663495740,+3.49,+21.434, +8.795,+0.949
1663495800,+3.49,+21.434, +8.848,+0.949
1663495860,+3.49,+21.434, +8.931,+0.949
1663495920,+3.49,+21.426, +8.961,+0.949
1663495980,+3.49,+21.443, +8.974,+0.950
1663496040,+3.49,+21.426, +8.938,+0.949
1663496100,+3.49,+21.434, +8.844,+0.949
1663496160,+3.49,+21.426, +8.909,+0.950
1663496220,+3.49,+21.426, +8.879,+0.949
1663496280,+3.49,+21.426, +8.854,+0.949
1663496340,+3.49,+21.434, +8.835,+0.949
1663496400,+3.49,+21.434, +8.844,+0.949
1663496460,+3.49,+21.409, +8.818,+0.949
1663496520,+3.49,+21.409, +8.691,+0.949
1663496580,+3.49,+21.426, +8.654,+0.949
1663496640,+3.49,+21.409, +8.538,+0.949
1663496700,+3.49,+21.434, +8.459,+0.949
1663496760,+3.49,+21.443, +8.401,+0.949
1663496820,+3.49,+21.426, +8.425,+0.949
1663496880,+3.49,+21.443, +8.455,+0.949
1663496940,+3.49,+21.434, +8.409,+0.949
1663497000,+3.49,+21.443, +8.426,+0.949
1663497060,+3.49,+21.426, +8.465,+0.949
1663497120,+3.49,+21.409, +8.490,+0.949
1663497180,+3.49,+21.434, +8.566,+0.949
1663497240,+3.49,+21.434, +8.630,+0.949
1663497300,+3.49,+21.409, +8.776,+0.950
1663497360,+3.49,+21.417, +8.878,+0.949
1663497420,+3.49,+21.426, +8.814,+0.949
1663497480,+3.49,+21.409, +8.830,+0.949
1663497540,+3.49,+21.409, +8.793,+0.949
1663497600,+3.49,+21.392, +8.834,+0.949
1663497660,+3.49,+21.392, +8.877,+0.949
1663497720,+3.49,+21.392, +8.832,+0.950
1663497780,+3.49,+21.392, +8.835,+0.949
1663497840,+3.49,+21.384, +8.843,+0.949
1663497900,+3.49,+21.392, +8.845,+0.949
1663497960,+3.49,+21.376, +8.827,+0.949
1663498020,+3.49,+21.392, +8.813,+0.949
1663498080,+3.49,+21.376, +8.802,+0.949
1663498140,+3.49,+21.376, +8.764,+0.949
1663498200,+3.49,+21.376, +8.719,+0.949
1663498260,+3.49,+21.367, +8.729,+0.949
1663498320,+3.49,+21.376, +8.764,+0.949
1663498380,+3.49,+21.376, +8.775,+0.950
1663498440,+3.49,+21.376, +8.664,+0.949
1663498500,+3.49,+21.367, +8.592,+0.949
1663498560,+3.49,+21.376, +8.654,+0.949
1663498620,+3.49,+21.359, +8.728,+0.949
1663498680,+3.49,+21.367, +8.766,+0.949
1663498740,+3.49,+21.359, +8.788,+0.949
1663498800,+3.49,+21.350, +8.799,+0.950
1663498860,+3.49,+21.350, +8.808,+0.949
1663498920,+3.49,+21.325, +8.804,+0.949
1663498980,+3.49,+21.350, +8.743,+0.949
1663499040,+3.49,+21.325, +8.742,+0.949
1663499100,+3.49,+21.342, +8.757,+0.949
1663499160,+3.49,+21.342, +8.804,+0.949
1663499220,+3.49,+21.334, +8.754,+0.949
1663499280,+3.49,+21.334, +8.791,+0.949
1663499340,+3.49,+21.342, +8.827,+0.949
1663499400,+3.49,+21.342, +8.847,+0.949
1663499460,+3.49,+21.342, +8.809,+0.949
1663499520,+3.49,+21.325, +8.830,+0.949
1663499580,+3.49,+21.325, +8.863,+0.950
1663499640,+3.49,+21.309, +8.907,+0.949
1663499700,+3.49,+21.342, +8.885,+0.949
1663499760,+3.49,+21.317, +8.896,+0.949
1663499820,+3.49,+21.317, +8.877,+0.949
1663499880,+3.49,+21.300, +8.835,+0.949
1663499940,+3.49,+21.325, +8.838,+0.949
1663500000,+3.49,+21.325, +8.815,+0.950
1663500060,+3.49,+21.325, +8.817,+0.949
1663500120,+3.49,+21.317, +8.820,+0.949
1663500180,+3.49,+21.325, +8.818,+0.949
1663500240,+3.49,+21.317, +8.823,+0.949
1663500300,+3.49,+21.317, +8.831,+0.950
1663500360,+3.49,+21.309, +8.819,+0.949
1663500420,+3.49,+21.309, +8.814,+0.949
1663500480,+3.49,+21.292, +8.798,+0.949
1663500540,+3.49,+21.309, +8.864,+0.950
1663500600,+3.49,+21.300, +8.925,+0.950
1663500660,+3.49,+21.292, +8.921,+0.950
1663500720,+3.49,+21.284, +8.865,+0.949
1663500780,+3.49,+21.309, +8.883,+0.950
1663500840,+3.49,+21.292, +8.913,+0.950
1663500900,+3.49,+21.292, +8.935,+0.949
1663500960,+3.49,+21.275, +8.948,+0.949
1663501020,+3.49,+21.284, +8.936,+0.949
1663501080,+3.49,+21.284, +8.925,+0.949
1663501140,+3.49,+21.284, +8.867,+0.949
1663501200,+3.49,+21.292, +8.855,+0.949
1663501260,+3.49,+21.275, +8.844,+0.949
1663501320,+3.49,+21.284, +8.824,+0.949
1663501380,+3.49,+21.300, +8.791,+0.949
1663501440,+3.49,+21.284, +8.701,+0.949
1663501500,+3.49,+21.284, +8.712,+0.949
1663501560,+3.49,+21.292, +8.777,+0.949
1663501620,+3.49,+21.309, +8.819,+0.949
1663501680,+3.49,+21.284, +8.839,+0.950
1663501740,+3.49,+21.284, +8.827,+0.949
1663501800,+3.49,+21.275, +8.776,+0.949
1663501860,+3.49,+21.275, +8.831,+0.949
1663501920,+3.49,+21.275, +8.823,+0.949
1663501980,+3.49,+21.258, +8.875,+0.949
1663502040,+3.49,+21.275, +8.903,+0.949
1663502100,+3.49,+21.284, +8.896,+0.949
1663502160,+3.49,+21.275, +8.888,+0.949
1663502220,+3.49,+21.284, +8.880,+0.949
1663502280,+3.49,+21.267, +8.892,+0.949
1663502340,+3.49,+21.258, +8.887,+0.949
1663502400,+3.49,+21.275, +8.887,+0.949
1663502460,+3.49,+21.292, +8.881,+0.949
1663502520,+3.49,+21.275, +8.843,+0.949
1663502580,+3.49,+21.284, +8.886,+0.949
1663502640,+3.49,+21.284, +8.904,+0.950
1663502700,+3.49,+21.275, +8.897,+0.949
1663502760,+3.49,+21.292, +8.901,+0.949
1663502820,+3.49,+21.275, +8.883,+0.949
1663502880,+3.49,+21.267, +8.886,+0.950
1663502940,+3.49,+21.284, +8.862,+0.949
1663503000,+3.49,+21.292, +8.868,+0.949
1663503060,+3.49,+21.284, +8.797,+0.949
1663503120,+3.49,+21.292, +8.734,+0.949
1663503180,+3.49,+21.275, +8.698,+0.949
1663503240,+3.49,+21.275, +8.745,+0.949
1663503300,+3.49,+21.292, +8.788,+0.949
1663503360,+3.49,+21.275, +8.820,+0.949
1663503420,+3.49,+21.284, +8.863,+0.949
1663503480,+3.49,+21.292, +8.865,+0.950
1663503540,+3.49,+21.292, +8.830,+0.949
1663503600,+3.49,+21.300, +8.804,+0.949
1663503660,+3.49,+21.284, +8.616,+0.949
1663503720,+3.49,+21.292, +8.437,+0.949
1663503780,+3.49,+21.284, +8.438,+0.948
1663503840,+3.49,+21.309, +8.478,+0.949
1663503900,+3.49,+21.292, +8.689,+0.949
1663503960,+3.49,+21.317, +8.715,+0.949
1663504020,+3.49,+21.309, +8.776,+0.949
1663504080,+3.49,+21.309, +8.729,+0.950
1663504140,+3.49,+21.309, +8.741,+0.949
1663504200,+3.49,+21.300, +8.731,+0.949
1663504260,+3.49,+21.309, +8.745,+0.950
1663504320,+3.49,+21.300, +8.799,+0.949
1663504380,+3.49,+21.309, +8.816,+0.949
1663504440,+3.49,+21.300, +8.830,+0.949
1663504500,+3.49,+21.309, +8.828,+0.949
1663504560,+3.49,+21.300, +8.840,+0.949
1663504620,+3.49,+21.309, +8.839,+0.949
1663504680,+3.49,+21.325, +8.837,+0.949
1663504740,+3.49,+21.317, +8.841,+0.950
1663504800,+3.49,+21.309, +8.831,+0.949
1663504860,+3.49,+21.325, +8.856,+0.949
1663504920,+3.49,+21.300, +8.884,+0.949
1663504980,+3.49,+21.300, +8.896,+0.949
1663505040,+3.49,+21.317, +8.899,+0.950
1663505100,+3.49,+21.309, +8.904,+0.950
1663505160,+3.49,+21.317, +8.870,+0.949
1663505220,+3.49,+21.309, +8.866,+0.949
1663505280,+3.49,+21.309, +8.841,+0.949
1663505340,+3.49,+21.325, +8.827,+0.949
1663505400,+3.49,+21.309, +8.825,+0.949
1663505460,+3.49,+21.325, +8.821,+0.949
1663505520,+3.49,+21.309, +8.841,+0.950
1663505580,+3.49,+21.309, +8.813,+0.949
1663505640,+3.49,+21.309, +8.805,+0.949
1663505700,+3.49,+21.309, +8.798,+0.949
1663505760,+3.49,+21.309, +8.804,+0.949
1663505820,+3.49,+21.309, +8.795,+0.949
1663505880,+3.49,+21.317, +8.816,+0.949
1663505940,+3.49,+21.309, +8.874,+0.949
1663506000,+3.49,+21.317, +8.864,+0.949
1663506060,+3.49,+21.309, +8.870,+0.949
1663506120,+3.49,+21.309, +8.863,+0.949
1663506180,+3.49,+21.275, +8.869,+0.949
1663506240,+3.49,+21.309, +8.882,+0.949
1663506300,+3.49,+21.325, +8.866,+0.949
1663506360,+3.49,+21.317, +8.884,+0.949
1663506420,+3.49,+21.325, +8.869,+0.949
1663506480,+3.49,+21.350, +8.881,+0.950
1663506540,+3.49,+21.350, +8.891,+0.949
1663506600,+3.49,+21.350, +8.930,+0.950
1663506660,+3.49,+21.376, +8.894,+0.949
1663506720,+3.49,+21.359, +8.923,+0.949
1663506780,+3.49,+21.376, +8.909,+0.949
1663506840,+3.49,+21.367, +8.924,+0.950
1663506900,+3.49,+21.367, +8.884,+0.949
1663506960,+3.49,+21.376, +8.903,+0.949
1663507020,+3.49,+21.359, +8.884,+0.949
1663507080,+3.49,+21.367, +8.872,+0.949
1663507140,+3.49,+21.376, +8.913,+0.949
1663507200,+3.49,+21.367, +8.881,+0.949
1663507260,+3.49,+21.376, +8.872,+0.950
1663507320,+3.49,+21.359, +8.840,+0.950
1663507380,+3.49,+21.350, +8.834,+0.949
1663507440,+3.49,+21.359, +8.825,+0.949
1663507500,+3.49,+21.350, +8.824,+0.949
1663507560,+3.49,+21.359, +8.821,+0.949
1663507620,+3.49,+21.359, +8.742,+0.949
1663507680,+3.49,+21.367, +8.748,+0.949
1663507740,+3.49,+21.334, +8.762,+0.949
1663507800,+3.49,+21.359, +8.672,+0.949
1663507860,+3.49,+21.342, +8.565,+0.949
1663507920,+3.49,+21.334, +8.418,+0.948
1663507980,+3.49,+21.309, +8.524,+0.949
1663508040,+3.49,+21.325, +8.554,+0.949
1663508100,+3.49,+21.317, +8.574,+0.949
1663508160,+3.49,+21.334, +8.526,+0.948
1663508220,+3.49,+21.359, +8.738,+0.949
1663508280,+3.49,+21.376, +8.837,+0.950
1663508340,+3.49,+21.367, +8.805,+0.950
1663508400,+3.49,+21.392, +8.812,+0.949
1663508460,+3.49,+21.392, +8.837,+0.949
1663508520,+3.49,+21.376, +8.864,+0.949
1663508580,+3.49,+21.417, +8.895,+0.949
1663508640,+3.49,+21.392, +8.804,+0.949
1663508700,+3.49,+21.417, +8.966,+0.949
1663508760,+3.49,+21.409, +8.846,+0.950
1663508820,+3.49,+21.426, +8.837,+0.950
1663508880,+3.49,+21.409, +8.737,+0.949
1663508940,+3.49,+21.392, +8.659,+0.949
1663509000,+3.49,+21.384, +8.768,+0.949
1663509060,+3.49,+21.392, +8.641,+0.949
1663509120,+3.49,+21.367, +8.425,+0.949
1663509180,+3.49,+21.334, +8.278,+0.948
1663509240,+3.49,+21.317, +8.054,+0.949
1663509300,+3.49,+21.300, +8.113,+0.948
1663509360,+3.49,+21.267, +8.014,+0.949
1663509420,+3.49,+21.225, +7.817,+0.948
1663509480,+3.49,+21.208, +7.773,+0.948
1663509540,+3.49,+21.217, +8.054,+0.949
1663509600,+3.49,+21.225, +7.971,+0.948
1663509660,+3.49,+21.217, +7.921,+0.948
1663509720,+3.49,+21.217, +7.927,+0.948
1663509780,+3.49,+21.217, +7.932,+0.948
1663509840,+3.49,+21.208, +7.928,+0.948
1663509900,+3.49,+21.233, +8.035,+0.948
1663509960,+3.49,+21.208, +7.917,+0.948
1663510020,+3.49,+21.200, +7.936,+0.948
1663510080,+3.49,+21.166, +7.757,+0.948
1663510140,+3.49,+21.141, +7.810,+0.948
1663510200,+3.49,+21.133, +7.734,+0.948
1663510260,+3.49,+21.125, +7.741,+0.948
1663510320,+3.49,+21.099, +7.810,+0.948
1663510380,+3.49,+21.116, +7.851,+0.948
1663510440,+3.49,+21.133, +7.892,+0.949
1663510500,+3.49,+21.141, +7.866,+0.948
1663510560,+3.49,+21.133, +7.942,+0.948
1663510620,+3.49,+21.166, +7.966,+0.948
1663510680,+3.49,+21.183, +8.021,+0.948
1663510740,+3.49,+21.175, +8.042,+0.948
1663510800,+3.49,+21.166, +7.874,+0.948
1663510860,+3.49,+21.166, +7.902,+0.948
1663510920,+3.49,+21.200, +8.186,+0.949
1663510980,+3.49,+21.158, +7.866,+0.948
1663511040,+3.49,+21.166, +7.890,+0.948
1663511100,+3.49,+21.150, +7.905,+0.948
1663511160,+3.49,+21.133, +7.834,+0.948
1663511220,+3.49,+21.125, +7.767,+0.948
1663511280,+3.49,+21.091, +7.833,+0.948
1663511340,+3.49,+21.108, +7.788,+0.948
1663511400,+3.49,+21.099, +7.805,+0.948
1663511460,+3.49,+21.083, +7.883,+0.948
1663511520,+3.49,+21.091, +7.798,+0.948
1663511580,+3.49,+21.066, +7.696,+0.948
1663511640,+3.49,+21.049, +7.748,+0.948
1663511700,+3.49,+21.083, +7.816,+0.948
1663511760,+3.49,+21.083, +7.630,+0.948
1663511820,+3.49,+21.058, +7.643,+0.948
1663511880,+3.49,+21.041, +7.780,+0.948
1663511940,+3.49,+21.033, +7.861,+0.948
1663512000,+3.49,+20.991, +7.892,+0.948
1663512060,+3.49,+20.982, +7.880,+0.948
1663512120,+3.49,+20.991, +7.980,+0.948
1663512180,+3.49,+20.966, +7.994,+0.948
1663512240,+3.49,+20.966, +8.048,+0.948
1663512300,+3.49,+20.966, +7.967,+0.948
1663512360,+3.49,+20.949, +7.989,+0.948
1663512420,+3.49,+20.991, +7.937,+0.948
1663512480,+3.49,+20.982, +8.097,+0.948
1663512540,+3.49,+20.982, +8.076,+0.948
1663512600,+3.49,+20.982, +8.121,+0.948
1663512660,+3.49,+20.999, +8.111,+0.948
1663512720,+3.49,+20.982, +8.209,+0.949
1663512780,+3.49,+20.999, +8.186,+0.949
1663512840,+3.49,+21.024, +8.192,+0.949
1663512900,+3.49,+21.007, +8.163,+0.948
1663512960,+3.49,+21.033, +8.150,+0.949
1663513020,+3.49,+21.007, +8.158,+0.948
1663513080,+3.49,+21.083, +8.210,+0.948
1663513140,+3.49,+21.125, +8.187,+0.948
1663513200,+3.49,+21.150, +8.294,+0.948
1663513260,+3.49,+21.191, +8.600,+0.949
1663513320,+3.49,+21.334, +8.899,+0.950
1663513380,+3.49,+21.401, +8.597,+0.949
1663513440,+3.49,+21.317, +8.270,+0.948
1663513500,+3.49,+21.267, +8.295,+0.949
1663513560,+3.49,+21.200, +8.375,+0.949
1663513620,+3.49,+21.166, +8.247,+0.948
1663513680,+3.49,+21.141, +8.322,+0.948
1663513740,+3.49,+21.125, +8.360,+0.949
1663513800,+3.49,+21.091, +8.344,+0.949
1663513860,+3.49,+21.058, +8.333,+0.949
1663513920,+3.49,+21.058, +8.324,+0.948
1663513980,+3.49,+21.049, +8.403,+0.948
1663514040,+3.49,+21.074, +8.489,+0.948
1663514100,+3.49,+21.083, +8.429,+0.949
1663514160,+3.49,+21.108, +8.493,+0.949
1663514220,+3.49,+21.108, +8.404,+0.948
1663514280,+3.49,+21.091, +8.391,+0.948
1663514340,+3.49,+21.083, +8.422,+0.948
1663514400,+3.49,+21.066, +8.442,+0.949
1663514460,+3.49,+21.083, +8.451,+0.949
1663514520,+3.49,+21.074, +8.379,+0.948
1663514580,+3.49,+21.049, +8.367,+0.948
1663514640,+3.49,+21.024, +8.373,+0.948
1663514700,+3.49,+21.016, +8.315,+0.948
1663514760,+3.49,+21.041, +8.289,+0.948
1663514820,+3.49,+21.016, +8.179,+0.948
1663514880,+3.49,+21.033, +8.227,+0.948
1663514940,+3.49,+21.024, +8.335,+0.948
1663515000,+3.49,+21.041, +8.316,+0.949
1663515060,+3.49,+21.024, +8.369,+0.948
1663515120,+3.49,+21.049, +8.434,+0.949
1663515180,+3.49,+21.166, +8.584,+0.949
1663515240,+3.49,+21.200, +8.608,+0.949
1663515300,+3.49,+21.275, +8.600,+0.949
1663515360,+3.49,+21.300, +8.580,+0.949
1663515420,+3.49,+21.376, +8.651,+0.949
1663515480,+3.49,+21.459, +8.789,+0.950
1663515540,+3.49,+21.518, +8.781,+0.949
1663515600,+3.49,+21.593, +8.769,+0.949
1663515660,+3.49,+21.627, +8.780,+0.949
1663515720,+3.49,+21.635, +8.773,+0.950
1663515780,+3.49,+21.601, +8.659,+0.949
1663515840,+3.49,+21.610, +8.764,+0.949
1663515900,+3.49,+21.643, +8.784,+0.949
1663515960,+3.49,+21.652, +8.779,+0.949
1663516020,+3.49,+21.652, +8.819,+0.949
1663516080,+3.49,+21.677, +8.817,+0.950
1663516140,+3.49,+21.710, +8.812,+0.950
1663516200,+3.49,+21.710, +8.856,+0.949
1663516260,+3.49,+21.710, +8.885,+0.950
1663516320,+3.49,+21.727, +8.869,+0.949
1663516380,+3.49,+21.727, +8.933,+0.949
1663516440,+3.49,+21.769, +8.928,+0.950
1663516500,+3.49,+21.769, +8.925,+0.949
1663516560,+3.49,+21.786, +8.895,+0.949
1663516620,+3.49,+21.786, +8.912,+0.950
1663516680,+3.49,+21.760, +8.864,+0.949
1663516740,+3.49,+21.752, +8.887,+0.949
1663516800,+3.49,+21.744, +8.977,+0.949
1663516860,+3.49,+21.827, +8.933,+0.950
1663516920,+3.49,+21.811, +8.960,+0.950
1663516980,+3.49,+21.844, +8.973,+0.950
1663517040,+3.49,+21.878, +8.965,+0.950
1663517100,+3.49,+21.878, +8.944,+0.950
1663517160,+3.49,+21.903, +8.932,+0.949
1663517220,+3.49,+21.911, +8.968,+0.949
1663517280,+3.49,+21.861, +8.891,+0.949
1663517340,+3.49,+21.852, +8.964,+0.949
1663517400,+3.49,+21.886, +8.941,+0.950
1663517460,+3.49,+21.886, +8.962,+0.950
1663517520,+3.49,+21.894, +8.992,+0.950
1663517580,+3.49,+21.944, +8.997,+0.950
1663517640,+3.49,+21.936, +8.987,+0.950
1663517700,+3.49,+21.919, +8.960,+0.949
1663517760,+3.49,+21.944, +9.027,+0.950
1663517820,+3.49,+21.961, +9.011,+0.950
1663517880,+3.49,+21.995, +9.026,+0.950
1663517940,+3.49,+21.978, +9.029,+0.950
1663518000,+3.49,+21.995, +9.045,+0.950
1663518060,+3.49,+21.995, +8.993,+0.950
1663518120,+3.49,+22.003, +9.011,+0.949
1663518180,+3.49,+22.011, +8.995,+0.949
1663518240,+3.49,+22.003, +9.042,+0.950
1663518300,+3.49,+22.028, +8.967,+0.950
1663518360,+3.49,+22.011, +9.003,+0.950
1663518420,+3.49,+22.020, +8.948,+0.950
1663518480,+3.49,+21.995, +9.016,+0.950
1663518540,+3.49,+22.003, +8.979,+0.950
1663518600,+3.49,+21.995, +8.982,+0.950
1663518660,+3.49,+22.011, +8.969,+0.949
1663518720,+3.49,+21.995, +8.981,+0.950
1663518780,+3.49,+22.003, +8.978,+0.950
1663518840,+3.49,+22.011, +8.972,+0.949
1663518900,+3.49,+22.028, +8.975,+0.950
1663518960,+3.49,+22.037, +8.982,+0.951
1663519020,+3.49,+22.037, +8.959,+0.950
1663519080,+3.49,+22.037, +8.953,+0.950
1663519140,+3.49,+22.045, +9.001,+0.949
1663519200,+3.49,+22.045, +8.982,+0.950
1663519260,+3.49,+22.062, +8.955,+0.949
1663519320,+3.49,+22.070, +8.966,+0.950
1663519380,+3.49,+22.053, +9.003,+0.950
1663519440,+3.49,+22.062, +8.947,+0.950
1663519500,+3.49,+22.078, +8.985,+0.950
1663519560,+3.49,+22.078, +9.046,+0.950
1663519620,+3.49,+22.078, +9.033,+0.950
1663519680,+3.49,+22.095, +9.068,+0.950
1663519740,+3.49,+22.103, +9.032,+0.950
1663519800,+3.49,+22.120, +9.099,+0.950
