7450-383325
OS REV: 1.05 Sensor Cal: 1644949570
Time (sec),  BV (Volts),  T (deg C),  DO (mg/l),  Q ()
1660926900,+3.45,+22.654, +8.421,+0.975
1660926960,+3.45,+22.972, +8.357,+0.975
1660927020,+3.45,+22.989, +8.354,+0.975
1660927080,+3.45,+22.922, +8.365,+0.975
1660927140,+3.46,+22.737, +8.410,+0.975
1660927200,+3.46,+22.537, +8.428,+0.974
1660927260,+3.46,+22.629, +8.379,+0.974
1660927320,+3.46,+22.687, +8.368,+0.974
1660927380,+3.46,+22.696, +8.361,+0.974
1660927440,+3.46,+22.612, +8.386,+0.974
1660927500,+3.46,+22.486, +8.402,+0.974
1660927560,+3.46,+22.453, +8.403,+0.974
1660927620,+3.46,+22.394, +8.420,+0.975
1660927680,+3.47,+22.336, +8.427,+0.974
1660927740,+3.47,+22.311, +8.410,+0.974
1660927800,+3.47,+22.286, +8.429,+0.975
1660927860,+3.47,+22.244, +8.439,+0.975
1660927920,+3.47,+22.235, +8.434,+0.974
1660927980,+3.47,+22.202, +8.439,+0.974
1660928040,+3.47,+22.185, +8.443,+0.974
1660928100,+3.46,+22.093, +8.467,+0.974
1660928160,+3.46,+22.043, +8.514,+0.974
1660928220,+3.47,+22.277, +8.448,+0.973
1660928280,+3.47,+22.219, +8.484,+0.974
1660928340,+3.47,+21.892, +8.525,+0.973
1660928400,+3.47,+21.733, +8.533,+0.973
1660928460,+3.47,+21.558, +8.540,+0.974
1660928520,+3.47,+21.424, +8.504,+0.974
1660928580,+3.47,+21.340, +8.475,+0.974
1660928640,+3.47,+21.265, +8.437,+0.974
1660928700,+3.47,+21.215, +8.432,+0.974
1660928760,+3.47,+21.165, +8.432,+0.974
1660928820,+3.47,+21.123, +8.447,+0.974
1660928880,+3.47,+21.081, +8.475,+0.974
1660928940,+3.47,+21.056, +8.497,+0.974
1660929000,+3.47,+21.039, +8.501,+0.974
1660929060,+3.47,+21.022, +8.520,+0.974
1660929120,+3.47,+20.997, +8.536,+0.974
1660929180,+3.47,+20.997, +8.533,+0.974
1660929240,+3.47,+21.006, +8.535,+0.974
1660929300,+3.47,+20.981, +8.529,+0.974
1660929360,+3.47,+20.964, +8.533,+0.974
1660929420,+3.47,+20.964, +8.528,+0.974
1660929480,+3.47,+20.972, +8.515,+0.974
1660929540,+3.47,+20.964, +8.516,+0.974
1660929600,+3.47,+20.947, +8.519,+0.974
1660929660,+3.47,+20.939, +8.521,+0.974
1660929720,+3.47,+20.947, +8.508,+0.974
1660929780,+3.47,+20.922, +8.515,+0.975
1660929840,+3.47,+20.922, +8.501,+0.974
1660929900,+3.47,+20.922, +8.501,+0.974
1660929960,+3.47,+20.914, +8.491,+0.974
1660930020,+3.47,+20.922, +8.496,+0.974
1660930080,+3.47,+20.905, +8.502,+0.974
1660930140,+3.47,+20.914, +8.502,+0.974
1660930200,+3.47,+20.897, +8.497,+0.974
1660930260,+3.47,+20.922, +8.481,+0.974
1660930320,+3.47,+20.897, +8.481,+0.974
1660930380,+3.47,+20.888, +8.479,+0.974
1660930440,+3.47,+20.897, +8.487,+0.974
1660930500,+3.47,+20.888, +8.500,+0.974
1660930560,+3.47,+20.888, +8.513,+0.974
1660930620,+3.47,+20.888, +8.516,+0.974
1660930680,+3.47,+20.880, +8.518,+0.974
1660930740,+3.47,+20.897, +8.519,+0.974
1660930800,+3.47,+20.872, +8.529,+0.975
1660930860,+3.47,+20.905, +8.509,+0.974
1660930920,+3.47,+20.880, +8.515,+0.974
1660930980,+3.47,+20.880, +8.514,+0.974
1660931040,+3.47,+20.888, +8.492,+0.974
1660931100,+3.47,+20.888, +8.476,+0.974
1660931160,+3.47,+20.880, +8.455,+0.974
1660931220,+3.47,+20.888, +8.426,+0.974
1660931280,+3.47,+20.897, +8.400,+0.974
1660931340,+3.47,+20.863, +8.408,+0.974
1660931400,+3.47,+20.888, +8.400,+0.974
1660931460,+3.47,+20.872, +8.407,+0.974
1660931520,+3.47,+20.888, +8.411,+0.974
1660931580,+3.47,+20.880, +8.404,+0.974
1660931640,+3.47,+20.888, +8.404,+0.974
1660931700,+3.47,+20.880, +8.406,+0.974
1660931760,+3.47,+20.880, +8.433,+0.974
1660931820,+3.47,+20.872, +8.450,+0.974
1660931880,+3.47,+20.872, +8.461,+0.974
1660931940,+3.47,+20.872, +8.469,+0.974
1660932000,+3.47,+20.863, +8.470,+0.974
1660932060,+3.47,+20.880, +8.458,+0.974
1660932120,+3.47,+20.872, +8.410,+0.974
1660932180,+3.48,+20.872, +8.523,+0.974
1660932240,+3.47,+20.872, +8.549,+0.974
1660932300,+3.47,+20.872, +8.549,+0.974
1660932360,+3.48,+20.872, +8.607,+0.974
1660932420,+3.48,+20.897, +8.613,+0.974
1660932480,+3.48,+20.897, +8.610,+0.974
1660932540,+3.48,+20.914, +8.611,+0.974
1660932600,+3.48,+20.922, +8.573,+0.974
1660932660,+3.48,+20.914, +8.575,+0.975
1660932720,+3.48,+20.914, +8.558,+0.974
1660932780,+3.48,+20.897, +8.559,+0.975
1660932840,+3.48,+20.914, +8.542,+0.974
1660932900,+3.48,+20.905, +8.583,+0.974
1660932960,+3.48,+20.897, +8.591,+0.974
1660933020,+3.48,+20.888, +8.601,+0.974
1660933080,+3.48,+21.190, +9.461,+0.981
1660933140,+3.48,+22.386, +8.588,+0.976
1660933200,+3.48,+22.771, +8.482,+0.976
1660933260,+3.47,+23.072, +8.389,+0.976
1660933320,+3.48,+23.282, +8.293,+0.976
1660933380,+3.47,+23.852, +8.447,+0.978
1660933440,+3.47,+24.893, +8.264,+0.977
1660933500,+3.47,+25.255, +8.199,+0.977
1660933560,+3.47,+25.457, +8.132,+0.977
1660933620,+3.47,+25.710, +8.105,+0.977
1660933680,+3.47,+25.845, +8.037,+0.977
1660933740,+3.47,+25.913, +7.956,+0.977
1660933800,+3.47,+25.989, +7.880,+0.976
1660933860,+3.47,+26.023, +7.823,+0.976
1660933920,+3.47,+26.040, +7.783,+0.976
1660933980,+3.47,+26.056, +7.755,+0.976
1660934040,+3.47,+26.065, +7.710,+0.975
1660934100,+3.47,+26.065, +7.667,+0.975
1660934160,+3.47,+26.073, +7.641,+0.976
1660934220,+3.47,+26.065, +7.572,+0.975
1660934280,+3.47,+26.056, +7.530,+0.975
1660934340,+3.47,+26.065, +7.443,+0.975
1660934400,+3.47,+26.065, +7.415,+0.976
1660934460,+3.47,+26.056, +7.364,+0.975
1660934520,+3.47,+26.031, +7.340,+0.975
1660934580,+3.47,+26.023, +7.315,+0.975
1660934640,+3.48,+26.014, +7.286,+0.975
1660934700,+3.48,+25.980, +7.249,+0.974
1660934760,+3.48,+25.989, +7.213,+0.974
1660934820,+3.48,+25.955, +7.181,+0.975
1660934880,+3.48,+25.955, +7.115,+0.974
1660934940,+3.48,+25.947, +7.014,+0.974
1660935000,+3.48,+25.921, +6.842,+0.974
1660935060,+3.48,+25.913, +6.751,+0.975
1660935120,+3.47,+26.378, +6.250,+0.976
1660935180,+3.48,+26.801, +6.366,+0.976
1660935240,+3.48,+27.796, +6.570,+0.977
1660935300,+3.47,+28.684, +6.444,+0.977
1660935360,+3.48,+29.070, +6.197,+0.977
1660935420,+3.47,+29.285, +5.907,+0.977
1660935480,+3.47,+29.449, +5.613,+0.976
1660935540,+3.47,+29.363, +7.389,+0.976
1660935600,+3.47,+33.287, +6.945,+0.983
1660935660,+3.47,+34.907, +6.091,+0.972
1660935720,+3.47,+35.122, +5.816,+0.971
1660935780,+3.47,+35.338, +5.495,+0.969
1660935840,+3.47,+35.509, +5.286,+0.969
1660935900,+3.47,+35.806, +4.678,+0.968
1660935960,+3.47,+35.914, +4.205,+0.968
1660936020,+3.47,+35.996, +3.670,+0.968
1660936080,+3.47,+35.996, +3.123,+0.968
1660936140,+3.47,+36.005, +2.589,+0.969
1660936200,+3.47,+35.932, +2.094,+0.970
1660936260,+3.47,+35.851, +1.773,+0.970
1660936320,+3.47,+35.761, +1.459,+0.971
1660936380,+3.47,+35.680, +1.084,+0.972
1660936440,+3.47,+35.590, +0.794,+0.971
1660936500,+3.48,+35.545, +0.589,+0.968
1660936560,+3.47,+35.473, +0.403,+0.966
1660936620,+3.47,+35.401, +0.287,+0.964
1660936680,+3.47,+35.329, +0.184,+0.962
1660936740,+3.47,+35.293, +0.118,+0.961
1660936800,+3.47,+35.221, +0.081,+0.960
1660936860,+3.48,+35.167, +0.060,+0.960
1660936920,+3.48,+35.078, +0.050,+0.960
1660936980,+3.48,+34.997, +0.044,+0.960
1660937040,+3.48,+34.952, +0.040,+0.960
1660937100,+3.48,+34.916, +0.038,+0.960
1660937160,+3.48,+34.853, +0.036,+0.960
1660937220,+3.48,+34.773, +0.035,+0.960
1660937280,+3.48,+34.728, +0.034,+0.960
1660937340,+3.48,+34.683, +0.033,+0.960
1660937400,+3.48,+34.639, +0.032,+0.960
1660937460,+3.48,+34.585, +0.032,+0.960
1660937520,+3.49,+34.514, +0.031,+0.960
1660937580,+3.49,+34.478, +0.030,+0.960
1660937640,+3.49,+34.424, +0.030,+0.960
1660937700,+3.49,+34.353, +0.030,+0.960
1660937760,+3.49,+34.300, +0.031,+0.960
1660937820,+3.49,+34.237, +0.031,+0.960
1660937880,+3.48,+34.184, +0.032,+0.960
1660937940,+3.48,+34.139, +0.033,+0.960
1660938000,+3.48,+34.077, +0.033,+0.960
1660938060,+3.49,+34.006, +0.033,+0.960
1660938120,+3.49,+33.952, +0.032,+0.960
1660938180,+3.49,+33.917, +0.032,+0.960
1660938240,+3.49,+33.837, +0.032,+0.960
1660938300,+3.49,+33.775, +0.032,+0.960
1660938360,+3.49,+33.739, +0.031,+0.960
1660938420,+3.49,+33.677, +0.030,+0.960
1660938480,+3.49,+33.615, +0.029,+0.960
1660938540,+3.49,+33.579, +0.029,+0.960
1660938600,+3.49,+33.508, +0.028,+0.960
1660938660,+3.49,+33.473, +0.028,+0.960
1660938720,+3.50,+33.438, +0.028,+0.960
1660938780,+3.50,+33.367, +0.028,+0.960
1660938840,+3.50,+33.331, +0.027,+0.960
1660938900,+3.50,+33.269, +0.027,+0.960
1660938960,+3.50,+33.243, +0.026,+0.960
1660939020,+3.50,+33.163, +0.027,+0.960
1660939080,+3.49,+33.119, +0.026,+0.960
1660939140,+3.49,+33.084, +0.026,+0.960
1660939200,+3.49,+33.031, +0.026,+0.960
1660939260,+3.49,+32.951, +0.026,+0.960
1660939320,+3.49,+32.916, +0.027,+0.960
1660939380,+3.49,+32.942, +0.025,+0.960
1660939440,+3.49,+33.066, +0.033,+0.960
1660939500,+3.50,+33.278, +0.031,+0.960
1660939560,+3.50,+33.340, +0.032,+0.960
1660939620,+3.50,+33.429, +0.032,+0.960
1660939680,+3.50,+33.508, +0.031,+0.960
1660939740,+3.50,+33.579, +0.030,+0.960
1660939800,+3.50,+33.668, +0.029,+0.960
1660939860,+3.50,+33.766, +0.028,+0.960
1660939920,+3.50,+33.783, +0.026,+0.960
1660939980,+3.50,+33.810, +0.026,+0.960
1660940040,+3.50,+33.783, +0.025,+0.960
1660940100,+3.50,+33.730, +0.025,+0.960
1660940160,+3.50,+33.695, +0.025,+0.960
1660940220,+3.50,+33.615, +0.025,+0.960
1660940280,+3.50,+33.570, +0.024,+0.960
1660940340,+3.50,+33.482, +0.024,+0.960
1660940400,+3.50,+33.438, +0.024,+0.960
1660940460,+3.50,+33.349, +0.024,+0.960
1660940520,+3.50,+33.305, +0.024,+0.960
1660940580,+3.50,+33.243, +1.480,+0.973
1660940640,+3.50,+31.512, +6.839,+0.976
1660940700,+3.50,+29.423, +7.203,+0.977
1660940760,+3.51,+28.368, +7.436,+0.978
1660940820,+3.51,+27.668, +7.566,+0.977
