7450-383325
OS REV: 1.05 Sensor Cal: 1644949570
Time (sec),  BV (Volts),  T (deg C),  DO (mg/l),  Q ()
1659644940,+3.42,+24.649, +8.021,+0.983
1659645000,+3.42,+24.902, +7.991,+0.984
1659645060,+3.42,+24.969, +7.980,+0.984
1659645120,+3.42,+24.918, +7.988,+0.984
1659645180,+3.43,+24.801, +8.000,+0.983
1659645240,+3.43,+24.632, +8.023,+0.983
1659645300,+3.43,+24.464, +8.051,+0.983
1659645360,+3.43,+24.355, +8.067,+0.983
1659645420,+3.43,+24.238, +8.078,+0.983
1659645480,+3.43,+24.154, +8.088,+0.983
1659645540,+3.43,+24.078, +8.097,+0.983
1659645600,+3.43,+24.011, +8.094,+0.983
1659645660,+3.44,+23.927, +8.117,+0.983
1659645720,+3.44,+23.894, +8.114,+0.983
1659645780,+3.44,+23.835, +8.124,+0.983
1659645840,+3.44,+23.835, +8.131,+0.983
1659645900,+3.44,+23.860, +8.115,+0.983
1659645960,+3.44,+23.810, +8.134,+0.983
1659646020,+3.44,+23.785, +8.136,+0.983
1659646080,+3.44,+23.726, +8.140,+0.983
1659646140,+3.45,+23.676, +8.145,+0.982
1659646200,+3.45,+23.609, +8.158,+0.982
1659646260,+3.45,+23.575, +8.163,+0.982
1659646320,+3.45,+23.516, +8.172,+0.982
1659646380,+3.45,+23.466, +8.175,+0.982
1659646440,+3.45,+23.391, +8.201,+0.983
1659646500,+3.45,+23.399, +8.195,+0.982
1659646560,+3.45,+23.349, +8.208,+0.983
1659646620,+3.45,+23.324, +8.215,+0.983
1659646680,+3.45,+23.240, +8.221,+0.982
1659646740,+3.45,+23.148, +8.239,+0.982
1659646800,+3.45,+23.064, +8.245,+0.982
1659646860,+3.45,+23.022, +8.264,+0.983
1659646920,+3.45,+22.963, +8.259,+0.982
1659646980,+3.45,+22.930, +8.260,+0.982
1659647040,+3.45,+22.888, +8.268,+0.982
1659647100,+3.45,+22.846, +8.284,+0.983
1659647160,+3.45,+22.830, +8.266,+0.982
1659647220,+3.46,+22.788, +8.285,+0.982
1659647280,+3.46,+22.763, +8.293,+0.983
1659647340,+3.46,+22.746, +8.297,+0.982
1659647400,+3.46,+22.712, +8.298,+0.982
1659647460,+3.46,+22.696, +8.304,+0.982
1659647520,+3.46,+22.654, +8.311,+0.982
1659647580,+3.46,+22.620, +8.312,+0.982
1659647640,+3.46,+22.578, +8.323,+0.982
1659647700,+3.46,+22.511, +8.337,+0.982
1659647760,+3.46,+22.453, +8.344,+0.982
1659647820,+3.46,+22.394, +8.354,+0.982
1659647880,+3.46,+22.336, +8.356,+0.982
1659647940,+3.46,+22.269, +8.375,+0.983
1659648000,+3.46,+22.202, +8.381,+0.982
1659648060,+3.46,+22.127, +8.396,+0.982
1659648120,+3.46,+22.068, +8.406,+0.982
1659648180,+3.46,+22.026, +8.401,+0.982
1659648240,+3.46,+21.984, +8.411,+0.982
1659648300,+3.46,+21.951, +8.417,+0.982
1659648360,+3.46,+21.909, +8.432,+0.982
1659648420,+3.46,+21.917, +8.418,+0.982
1659648480,+3.46,+21.909, +8.423,+0.982
1659648540,+3.46,+21.892, +8.429,+0.982
1659648600,+3.46,+21.901, +8.428,+0.982
1659648660,+3.46,+21.901, +8.422,+0.982
1659648720,+3.46,+21.884, +8.429,+0.982
1659648780,+3.46,+21.884, +8.427,+0.982
1659648840,+3.46,+21.867, +8.437,+0.982
1659648900,+3.46,+21.867, +8.429,+0.982
1659648960,+3.46,+21.851, +8.434,+0.982
1659649020,+3.47,+21.809, +8.446,+0.982
1659649080,+3.47,+21.775, +8.448,+0.982
1659649140,+3.47,+21.742, +8.449,+0.982
1659649200,+3.47,+21.717, +8.451,+0.982
1659649260,+3.47,+21.641, +8.468,+0.981
1659649320,+3.47,+21.625, +8.473,+0.982
1659649380,+3.47,+21.583, +8.472,+0.981
1659649440,+3.47,+21.508, +8.490,+0.982
1659649500,+3.47,+21.491, +8.492,+0.982
1659649560,+3.47,+21.466, +8.499,+0.982
1659649620,+3.47,+21.449, +8.509,+0.982
1659649680,+3.47,+21.449, +8.498,+0.982
1659649740,+3.47,+21.424, +8.510,+0.982
1659649800,+3.47,+21.432, +8.496,+0.982
1659649860,+3.47,+21.457, +8.493,+0.982
1659649920,+3.47,+21.457, +8.491,+0.982
1659649980,+3.47,+21.466, +8.497,+0.982
1659650040,+3.47,+21.482, +8.489,+0.982
1659650100,+3.47,+21.474, +8.485,+0.981
1659650160,+3.47,+21.491, +8.491,+0.982
1659650220,+3.47,+21.482, +8.497,+0.982
1659650280,+3.47,+21.457, +8.493,+0.982
1659650340,+3.47,+21.449, +8.502,+0.982
1659650400,+3.47,+21.416, +8.499,+0.982
1659650460,+3.47,+21.390, +8.504,+0.982
1659650520,+3.47,+21.340, +8.513,+0.982
1659650580,+3.47,+21.298, +8.526,+0.982
1659650640,+3.47,+21.257, +8.522,+0.981
1659650700,+3.47,+21.232, +8.541,+0.982
1659650760,+3.47,+21.206, +8.541,+0.982
1659650820,+3.47,+21.173, +8.552,+0.982
1659650880,+3.47,+21.181, +8.537,+0.981
1659650940,+3.47,+21.173, +8.537,+0.982
1659651000,+3.47,+21.165, +8.547,+0.982
1659651060,+3.47,+21.173, +8.538,+0.982
1659651120,+3.47,+21.181, +8.533,+0.981
1659651180,+3.47,+21.206, +8.538,+0.982
1659651240,+3.47,+21.215, +8.529,+0.982
1659651300,+3.47,+21.223, +8.531,+0.982
1659651360,+3.48,+21.240, +8.528,+0.982
1659651420,+3.47,+21.257, +8.523,+0.982
1659651480,+3.48,+21.265, +8.524,+0.982
1659651540,+3.48,+21.240, +8.534,+0.982
1659651600,+3.48,+21.232, +8.531,+0.982
1659651660,+3.48,+21.215, +8.531,+0.982
1659651720,+3.48,+21.190, +8.545,+0.982
1659651780,+3.48,+21.173, +8.543,+0.982
1659651840,+3.47,+21.140, +8.547,+0.982
1659651900,+3.47,+21.106, +8.555,+0.982
1659651960,+3.47,+21.073, +8.556,+0.982
1659652020,+3.47,+21.047, +8.561,+0.982
1659652080,+3.47,+21.022, +8.569,+0.982
1659652140,+3.47,+21.031, +8.568,+0.982
1659652200,+3.47,+21.031, +8.564,+0.982
1659652260,+3.47,+21.039, +8.561,+0.982
1659652320,+3.47,+21.047, +8.553,+0.981
1659652380,+3.47,+21.047, +8.561,+0.982
1659652440,+3.47,+21.081, +8.556,+0.982
1659652500,+3.47,+21.106, +8.551,+0.982
1659652560,+3.47,+21.131, +8.552,+0.982
1659652620,+3.47,+21.114, +8.556,+0.982
1659652680,+3.48,+21.140, +8.545,+0.982
1659652740,+3.48,+21.173, +8.540,+0.982
1659652800,+3.47,+21.140, +8.550,+0.982
1659652860,+3.47,+21.140, +8.540,+0.981
1659652920,+3.48,+21.123, +8.546,+0.982
1659652980,+3.47,+21.081, +8.557,+0.982
1659653040,+3.47,+21.081, +8.556,+0.982
1659653100,+3.47,+21.039, +8.569,+0.982
1659653160,+3.47,+21.031, +8.561,+0.981
1659653220,+3.47,+20.972, +8.575,+0.981
1659653280,+3.47,+20.964, +8.578,+0.981
1659653340,+3.47,+20.930, +8.586,+0.982
1659653400,+3.47,+20.922, +8.583,+0.981
1659653460,+3.47,+20.914, +8.589,+0.982
1659653520,+3.47,+20.930, +8.578,+0.981
1659653580,+3.47,+20.939, +8.580,+0.982
1659653640,+3.47,+20.964, +8.579,+0.982
1659653700,+3.47,+20.964, +8.579,+0.982
1659653760,+3.47,+21.014, +8.571,+0.982
1659653820,+3.47,+21.047, +8.549,+0.981
1659653880,+3.47,+21.056, +8.566,+0.982
1659653940,+3.47,+21.073, +8.561,+0.982
1659654000,+3.48,+21.106, +8.548,+0.982
1659654060,+3.48,+21.106, +8.545,+0.981
1659654120,+3.48,+21.098, +8.559,+0.982
1659654180,+3.47,+21.073, +8.554,+0.982
1659654240,+3.47,+21.073, +8.549,+0.981
1659654300,+3.47,+21.047, +8.558,+0.982
1659654360,+3.47,+21.006, +8.560,+0.981
1659654420,+3.48,+21.006, +8.568,+0.982
1659654480,+3.48,+20.939, +8.578,+0.981
1659654540,+3.48,+20.930, +8.576,+0.981
1659654600,+3.48,+20.880, +8.590,+0.982
1659654660,+3.48,+20.880, +8.593,+0.982
1659654720,+3.48,+20.872, +8.583,+0.981
1659654780,+3.48,+20.863, +8.597,+0.982
1659654840,+3.48,+20.872, +8.585,+0.981
1659654900,+3.48,+20.872, +8.594,+0.982
1659654960,+3.48,+20.897, +8.589,+0.982
1659655020,+3.48,+20.914, +8.585,+0.982
1659655080,+3.48,+20.922, +8.583,+0.982
1659655140,+3.48,+20.972, +8.566,+0.981
1659655200,+3.48,+20.981, +8.574,+0.982
1659655260,+3.48,+21.006, +8.557,+0.981
1659655320,+3.48,+21.022, +8.571,+0.982
1659655380,+3.48,+21.039, +8.563,+0.982
1659655440,+3.48,+21.022, +8.562,+0.982
1659655500,+3.48,+21.014, +8.563,+0.982
1659655560,+3.48,+21.006, +8.566,+0.982
1659655620,+3.48,+20.972, +8.565,+0.981
1659655680,+3.48,+20.939, +8.577,+0.982
1659655740,+3.48,+20.905, +8.586,+0.982
1659655800,+3.48,+20.888, +8.587,+0.982
1659655860,+3.48,+20.855, +8.592,+0.982
1659655920,+3.48,+20.805, +8.606,+0.982
1659655980,+3.48,+20.780, +8.606,+0.982
1659656040,+3.48,+20.729, +8.610,+0.981
1659656100,+3.48,+20.729, +8.613,+0.982
1659656160,+3.48,+20.696, +8.622,+0.982
1659656220,+3.48,+20.688, +8.621,+0.981
1659656280,+3.48,+20.704, +8.614,+0.981
1659656340,+3.48,+20.696, +8.617,+0.981
1659656400,+3.48,+20.704, +8.612,+0.981
1659656460,+3.48,+20.713, +8.624,+0.982
1659656520,+3.48,+20.729, +8.608,+0.981
1659656580,+3.48,+20.729, +8.621,+0.982
1659656640,+3.48,+20.763, +8.604,+0.981
1659656700,+3.48,+20.805, +8.599,+0.981
1659656760,+3.48,+20.822, +8.592,+0.981
1659656820,+3.48,+20.847, +8.591,+0.981
1659656880,+3.48,+20.855, +8.593,+0.982
1659656940,+3.48,+20.855, +8.595,+0.982
1659657000,+3.48,+20.847, +8.601,+0.982
1659657060,+3.48,+20.847, +8.586,+0.981
1659657120,+3.48,+20.822, +8.591,+0.981
1659657180,+3.48,+20.796, +8.597,+0.981
1659657240,+3.48,+20.738, +8.613,+0.981
1659657300,+3.48,+20.729, +8.608,+0.981
1659657360,+3.48,+20.679, +8.617,+0.981
1659657420,+3.48,+20.663, +8.618,+0.981
1659657480,+3.48,+20.612, +8.630,+0.981
1659657540,+3.48,+20.604, +8.628,+0.981
1659657600,+3.48,+20.579, +8.636,+0.981
1659657660,+3.48,+20.562, +8.635,+0.981
1659657720,+3.48,+20.579, +8.637,+0.982
1659657780,+3.48,+20.579, +8.635,+0.981
1659657840,+3.48,+20.604, +8.633,+0.982
1659657900,+3.48,+20.612, +8.634,+0.982
1659657960,+3.48,+20.629, +8.630,+0.981
1659658020,+3.48,+20.654, +8.629,+0.982
1659658080,+3.48,+20.688, +8.618,+0.981
1659658140,+3.48,+20.729, +8.614,+0.982
1659658200,+3.48,+20.755, +8.609,+0.981
1659658260,+3.48,+20.763, +8.615,+0.982
1659658320,+3.48,+20.780, +8.613,+0.982
1659658380,+3.48,+20.796, +8.600,+0.981
1659658440,+3.48,+20.813, +8.596,+0.981
1659658500,+3.48,+20.796, +8.603,+0.982
1659658560,+3.48,+20.780, +8.604,+0.982
1659658620,+3.48,+20.746, +8.600,+0.981
1659658680,+3.48,+20.713, +8.608,+0.981
1659658740,+3.48,+20.679, +8.616,+0.981
1659658800,+3.48,+20.646, +8.623,+0.981
1659658860,+3.48,+20.637, +8.621,+0.981
1659658920,+3.48,+20.621, +8.624,+0.981
1659658980,+3.48,+20.587, +8.639,+0.981
1659659040,+3.48,+20.596, +8.636,+0.981
1659659100,+3.48,+20.621, +8.626,+0.981
1659659160,+3.48,+20.621, +8.633,+0.981
1659659220,+3.48,+20.654, +8.619,+0.981
1659659280,+3.48,+20.671, +8.630,+0.982
1659659340,+3.48,+20.688, +8.615,+0.981
1659659400,+3.48,+20.696, +8.625,+0.981
1659659460,+3.48,+20.738, +8.609,+0.981
1659659520,+3.48,+20.763, +8.608,+0.981
1659659580,+3.48,+20.788, +8.596,+0.981
1659659640,+3.48,+20.796, +8.598,+0.981
1659659700,+3.48,+20.813, +8.594,+0.981
1659659760,+3.48,+20.805, +8.591,+0.981
1659659820,+3.48,+20.805, +8.595,+0.981
1659659880,+3.48,+20.755, +8.606,+0.981
1659659940,+3.48,+20.738, +8.601,+0.981
1659660000,+3.48,+20.696, +8.620,+0.981
1659660060,+3.48,+20.679, +8.616,+0.981
1659660120,+3.48,+20.637, +8.632,+0.981
1659660180,+3.48,+20.612, +8.632,+0.981
1659660240,+3.48,+20.596, +8.634,+0.981
1659660300,+3.48,+20.604, +8.636,+0.982
1659660360,+3.48,+20.579, +8.646,+0.982
1659660420,+3.48,+20.570, +8.645,+0.982
1659660480,+3.48,+20.612, +8.632,+0.981
1659660540,+3.48,+20.621, +8.625,+0.981
1659660600,+3.48,+20.646, +8.623,+0.981
1659660660,+3.48,+20.663, +8.628,+0.982
1659660720,+3.48,+20.671, +8.622,+0.981
1659660780,+3.48,+20.738, +8.613,+0.981
1659660840,+3.48,+20.755, +8.613,+0.982
1659660900,+3.48,+20.780, +8.604,+0.981
1659660960,+3.48,+20.780, +8.606,+0.981
1659661020,+3.48,+20.805, +8.601,+0.981
1659661080,+3.48,+20.805, +8.607,+0.982
1659661140,+3.48,+20.796, +8.605,+0.982
1659661200,+3.48,+20.771, +8.605,+0.981
1659661260,+3.48,+20.738, +8.604,+0.981
1659661320,+3.48,+20.704, +8.620,+0.982
1659661380,+3.48,+20.679, +8.621,+0.981
1659661440,+3.48,+20.646, +8.629,+0.981
1659661500,+3.48,+20.604, +8.636,+0.981
1659661560,+3.48,+20.579, +8.647,+0.982
1659661620,+3.49,+20.579, +8.641,+0.981
1659661680,+3.49,+20.579, +8.644,+0.981
1659661740,+3.49,+20.570, +8.644,+0.981
1659661800,+3.49,+20.579, +8.645,+0.982
1659661860,+3.49,+20.612, +8.630,+0.981
1659661920,+3.48,+20.621, +8.625,+0.981
1659661980,+3.49,+20.621, +8.636,+0.982
1659662040,+3.48,+20.637, +8.633,+0.981
1659662100,+3.48,+20.671, +8.626,+0.981
1659662160,+3.48,+20.688, +8.628,+0.982
1659662220,+3.48,+20.688, +8.630,+0.982
1659662280,+3.48,+20.729, +8.615,+0.981
1659662340,+3.48,+20.746, +8.613,+0.981
1659662400,+3.48,+20.755, +8.609,+0.981
1659662460,+3.48,+20.763, +8.608,+0.981
1659662520,+3.48,+20.738, +8.603,+0.981
1659662580,+3.48,+20.704, +8.615,+0.981
1659662640,+3.49,+20.688, +8.615,+0.981
1659662700,+3.49,+20.637, +8.631,+0.981
1659662760,+3.49,+20.604, +8.637,+0.981
1659662820,+3.49,+20.579, +8.643,+0.982
1659662880,+3.49,+20.554, +8.642,+0.981
1659662940,+3.49,+20.545, +8.644,+0.981
1659663000,+3.49,+20.520, +8.649,+0.981
1659663060,+3.49,+20.520, +8.655,+0.981
1659663120,+3.49,+20.554, +8.641,+0.981
1659663180,+3.49,+20.545, +8.645,+0.981
1659663240,+3.49,+20.562, +8.636,+0.981
1659663300,+3.49,+20.587, +8.641,+0.981
1659663360,+3.49,+20.587, +8.641,+0.981
1659663420,+3.49,+20.612, +8.636,+0.981
1659663480,+3.49,+20.654, +8.630,+0.982
1659663540,+3.49,+20.663, +8.623,+0.981
1659663600,+3.49,+20.696, +8.619,+0.981
1659663660,+3.49,+20.704, +8.622,+0.981
1659663720,+3.49,+20.704, +8.619,+0.981
1659663780,+3.49,+20.713, +8.622,+0.981
1659663840,+3.49,+20.704, +8.620,+0.981
1659663900,+3.48,+20.713, +8.611,+0.981
1659663960,+3.49,+20.663, +8.620,+0.981
1659664020,+3.49,+20.654, +8.633,+0.982
1659664080,+3.49,+20.604, +8.637,+0.981
1659664140,+3.49,+20.570, +8.641,+0.981
1659664200,+3.49,+20.579, +8.634,+0.981
1659664260,+3.49,+20.537, +8.649,+0.981
1659664320,+3.49,+20.554, +8.637,+0.981
1659664380,+3.49,+20.545, +8.640,+0.981
1659664440,+3.49,+20.545, +8.644,+0.981
1659664500,+3.49,+20.554, +8.645,+0.982
1659664560,+3.49,+20.562, +8.643,+0.981
1659664620,+3.49,+20.587, +8.635,+0.981
1659664680,+3.49,+20.612, +8.635,+0.982
1659664740,+3.49,+20.621, +8.633,+0.981
1659664800,+3.49,+20.654, +8.621,+0.981
1659664860,+3.49,+20.671, +8.620,+0.981
1659664920,+3.49,+20.688, +8.638,+0.982
1659664980,+3.49,+20.713, +8.605,+0.981
1659665040,+3.49,+20.713, +8.612,+0.981
1659665100,+3.49,+20.713, +8.612,+0.981
1659665160,+3.49,+20.704, +8.621,+0.982
1659665220,+3.49,+20.696, +8.616,+0.981
1659665280,+3.49,+20.654, +8.616,+0.981
1659665340,+3.49,+20.629, +8.623,+0.981
1659665400,+3.49,+20.604, +8.638,+0.981
1659665460,+3.49,+20.562, +8.656,+0.982
1659665520,+3.49,+20.554, +8.647,+0.981
1659665580,+3.49,+20.529, +8.650,+0.981
1659665640,+3.49,+20.537, +8.651,+0.981
1659665700,+3.49,+20.529, +8.650,+0.981
1659665760,+3.49,+20.545, +8.647,+0.981
1659665820,+3.49,+20.562, +8.636,+0.981
1659665880,+3.49,+20.562, +8.643,+0.981
1659665940,+3.49,+20.579, +8.639,+0.981
1659666000,+3.49,+20.579, +8.644,+0.981
1659666060,+3.49,+20.604, +8.642,+0.981
1659666120,+3.49,+20.637, +8.633,+0.981
1659666180,+3.49,+20.654, +8.629,+0.981
1659666240,+3.49,+20.679, +8.616,+0.981
1659666300,+3.49,+20.688, +8.621,+0.981
1659666360,+3.49,+20.704, +8.618,+0.981
1659666420,+3.49,+20.696, +8.621,+0.981
1659666480,+3.49,+20.671, +8.626,+0.981
1659666540,+3.49,+20.671, +8.622,+0.981
1659666600,+3.49,+20.637, +8.631,+0.981
1659666660,+3.49,+20.596, +8.635,+0.981
1659666720,+3.49,+20.587, +8.648,+0.982
1659666780,+3.49,+20.554, +8.642,+0.981
1659666840,+3.49,+20.520, +8.653,+0.981
1659666900,+3.49,+20.503, +8.656,+0.981
1659666960,+3.49,+20.495, +8.657,+0.981
1659667020,+3.49,+20.495, +8.654,+0.981
1659667080,+3.49,+20.503, +8.654,+0.981
1659667140,+3.49,+20.503, +8.656,+0.981
1659667200,+3.49,+20.554, +8.648,+0.982
1659667260,+3.49,+20.554, +8.647,+0.981
1659667320,+3.49,+20.562, +8.649,+0.981
1659667380,+3.49,+20.562, +8.643,+0.981
1659667440,+3.49,+20.596, +8.638,+0.981
1659667500,+3.49,+20.629, +8.631,+0.981
1659667560,+3.49,+20.629, +8.642,+0.982
1659667620,+3.49,+20.663, +8.623,+0.981
1659667680,+3.49,+20.679, +8.624,+0.981
1659667740,+3.49,+20.688, +8.616,+0.981
1659667800,+3.49,+20.671, +8.624,+0.981
1659667860,+3.49,+20.663, +8.627,+0.981
1659667920,+3.49,+20.612, +8.633,+0.981
1659667980,+3.49,+20.604, +8.628,+0.981
1659668040,+3.49,+20.562, +8.641,+0.981
1659668100,+3.49,+20.529, +8.652,+0.981
1659668160,+3.49,+20.512, +8.653,+0.981
1659668220,+3.49,+20.512, +8.644,+0.981
1659668280,+3.49,+20.478, +8.653,+0.981
1659668340,+3.49,+20.512, +8.650,+0.981
1659668400,+3.49,+20.495, +8.654,+0.981
1659668460,+3.49,+20.520, +8.650,+0.982
1659668520,+3.49,+20.529, +8.649,+0.981
1659668580,+3.49,+20.529, +8.654,+0.982
1659668640,+3.49,+20.570, +8.647,+0.982
1659668700,+3.49,+20.570, +8.642,+0.981
1659668760,+3.49,+20.612, +8.636,+0.981
1659668820,+3.49,+20.646, +8.630,+0.982
1659668880,+3.49,+20.654, +8.622,+0.981
1659668940,+3.49,+20.671, +8.626,+0.981
1659669000,+3.49,+20.688, +8.622,+0.981
1659669060,+3.49,+20.704, +8.618,+0.982
1659669120,+3.49,+20.679, +8.619,+0.981
1659669180,+3.49,+20.688, +8.617,+0.981
1659669240,+3.49,+20.646, +8.634,+0.982
1659669300,+3.49,+20.646, +8.622,+0.981
1659669360,+3.49,+20.612, +8.629,+0.981
1659669420,+3.49,+20.570, +8.636,+0.981
1659669480,+3.49,+20.529, +8.651,+0.981
1659669540,+3.49,+20.520, +8.650,+0.981
1659669600,+3.49,+20.520, +8.651,+0.981
1659669660,+3.49,+20.512, +8.641,+0.981
1659669720,+3.49,+20.529, +8.637,+0.981
1659669780,+3.49,+20.537, +8.653,+0.982
1659669840,+3.49,+20.562, +8.635,+0.981
1659669900,+3.49,+20.570, +8.635,+0.981
1659669960,+3.49,+20.570, +8.641,+0.981
1659670020,+3.49,+20.604, +8.640,+0.982
1659670080,+3.49,+20.612, +8.634,+0.981
1659670140,+3.49,+20.629, +8.636,+0.982
1659670200,+3.49,+20.663, +8.623,+0.981
1659670260,+3.49,+20.704, +8.607,+0.981
1659670320,+3.49,+20.671, +8.622,+0.981
1659670380,+3.49,+20.688, +8.617,+0.981
1659670440,+3.49,+20.671, +8.615,+0.981
1659670500,+3.49,+20.646, +8.621,+0.981
1659670560,+3.49,+20.612, +8.625,+0.981
1659670620,+3.49,+20.596, +8.637,+0.981
1659670680,+3.49,+20.570, +8.635,+0.981
1659670740,+3.49,+20.520, +8.648,+0.981
1659670800,+3.49,+20.512, +8.649,+0.981
1659670860,+3.49,+20.495, +8.650,+0.981
1659670920,+3.49,+20.487, +8.649,+0.981
1659670980,+3.49,+20.487, +8.648,+0.981
1659671040,+3.49,+20.503, +8.651,+0.981
1659671100,+3.49,+20.537, +8.629,+0.980
1659671160,+3.49,+20.537, +8.634,+0.981
1659671220,+3.49,+20.537, +8.642,+0.981
1659671280,+3.49,+20.570, +8.641,+0.982
1659671340,+3.49,+20.596, +8.625,+0.981
1659671400,+3.49,+20.596, +8.632,+0.981
1659671460,+3.49,+20.604, +8.631,+0.981
1659671520,+3.49,+20.637, +8.635,+0.982
1659671580,+3.49,+20.654, +8.622,+0.981
1659671640,+3.49,+20.654, +8.621,+0.981
1659671700,+3.49,+20.663, +8.619,+0.981
1659671760,+3.49,+20.654, +8.631,+0.982
1659671820,+3.49,+20.629, +8.623,+0.981
1659671880,+3.49,+20.637, +8.609,+0.981
1659671940,+3.49,+20.587, +8.631,+0.981
1659672000,+3.49,+20.529, +8.643,+0.981
1659672060,+3.49,+20.529, +8.636,+0.981
1659672120,+3.49,+20.512, +8.639,+0.981
1659672180,+3.49,+20.503, +8.644,+0.981
1659672240,+3.49,+20.495, +8.647,+0.981
1659672300,+3.49,+20.495, +8.649,+0.981
1659672360,+3.49,+20.487, +8.648,+0.981
1659672420,+3.49,+20.503, +8.648,+0.981
1659672480,+3.49,+20.545, +8.652,+0.982
1659672540,+3.49,+20.545, +8.637,+0.981
1659672600,+3.49,+20.554, +8.645,+0.982
1659672660,+3.49,+20.579, +8.633,+0.981
1659672720,+3.49,+20.604, +8.626,+0.981
1659672780,+3.49,+20.629, +8.621,+0.981
1659672840,+3.49,+20.671, +8.614,+0.981
1659672900,+3.49,+20.646, +8.633,+0.982
1659672960,+3.49,+20.671, +8.620,+0.981
1659673020,+3.49,+20.671, +8.627,+0.982
1659673080,+3.49,+20.671, +8.616,+0.981
1659673140,+3.49,+20.646, +8.618,+0.981
1659673200,+3.49,+20.612, +8.623,+0.981
1659673260,+3.49,+20.587, +8.627,+0.981
1659673320,+3.49,+20.562, +8.634,+0.981
1659673380,+3.49,+20.554, +8.634,+0.981
1659673440,+3.49,+20.512, +8.639,+0.981
1659673500,+3.49,+20.503, +8.643,+0.981
1659673560,+3.49,+20.495, +8.642,+0.981
1659673620,+3.49,+20.495, +8.639,+0.981
1659673680,+3.49,+20.478, +8.651,+0.981
1659673740,+3.49,+20.478, +8.651,+0.981
1659673800,+3.49,+20.512, +8.643,+0.981
1659673860,+3.49,+20.537, +8.636,+0.981
1659673920,+3.49,+20.554, +8.635,+0.981
1659673980,+3.49,+20.570, +8.639,+0.981
1659674040,+3.49,+20.579, +8.635,+0.981
1659674100,+3.49,+20.612, +8.630,+0.981
1659674160,+3.49,+20.629, +8.635,+0.982
1659674220,+3.49,+20.671, +8.625,+0.982
1659674280,+3.49,+20.663, +8.624,+0.981
1659674340,+3.49,+20.671, +8.618,+0.981
1659674400,+3.49,+20.671, +8.617,+0.981
1659674460,+3.49,+20.629, +8.621,+0.981
1659674520,+3.49,+20.596, +8.635,+0.982
1659674580,+3.49,+20.604, +8.628,+0.981
1659674640,+3.49,+20.562, +8.640,+0.982
1659674700,+3.49,+20.537, +8.642,+0.981
1659674760,+3.49,+20.503, +8.642,+0.981
1659674820,+3.49,+20.520, +8.638,+0.981
1659674880,+3.49,+20.478, +8.651,+0.981
1659674940,+3.49,+20.495, +8.642,+0.981
1659675000,+3.49,+20.503, +8.636,+0.981
1659675060,+3.49,+20.503, +8.648,+0.981
1659675120,+3.49,+20.520, +8.644,+0.981
1659675180,+3.49,+20.529, +8.643,+0.981
1659675240,+3.49,+20.537, +8.635,+0.981
1659675300,+3.49,+20.579, +8.634,+0.981
1659675360,+3.49,+20.596, +8.628,+0.981
1659675420,+3.49,+20.596, +8.632,+0.981
1659675480,+3.49,+20.629, +8.625,+0.981
1659675540,+3.49,+20.663, +8.618,+0.981
1659675600,+3.49,+20.654, +8.617,+0.981
1659675660,+3.49,+20.679, +8.616,+0.981
1659675720,+3.49,+20.663, +8.613,+0.981
1659675780,+3.49,+20.663, +8.610,+0.981
1659675840,+3.49,+20.604, +8.634,+0.982
1659675900,+3.49,+20.604, +8.617,+0.981
1659675960,+3.49,+20.562, +8.628,+0.981
1659676020,+3.49,+20.495, +8.649,+0.981
1659676080,+3.49,+20.487, +8.644,+0.981
1659676140,+3.49,+20.487, +8.641,+0.981
1659676200,+3.49,+20.470, +8.649,+0.981
1659676260,+3.49,+20.487, +8.640,+0.981
1659676320,+3.49,+20.470, +8.651,+0.981
1659676380,+3.49,+20.478, +8.639,+0.981
1659676440,+3.49,+20.495, +8.634,+0.980
1659676500,+3.49,+20.529, +8.641,+0.981
1659676560,+3.49,+20.520, +8.647,+0.981
1659676620,+3.49,+20.554, +8.636,+0.981
1659676680,+3.49,+20.579, +8.625,+0.981
1659676740,+3.49,+20.587, +8.627,+0.981
1659676800,+3.49,+20.621, +8.617,+0.981
1659676860,+3.49,+20.663, +8.616,+0.981
1659676920,+3.49,+20.654, +8.620,+0.981
1659676980,+3.49,+20.629, +8.632,+0.982
1659677040,+3.49,+20.654, +8.620,+0.982
1659677100,+3.49,+20.637, +8.628,+0.982
1659677160,+3.49,+20.596, +8.632,+0.982
1659677220,+3.49,+20.621, +8.617,+0.981
1659677280,+3.49,+20.562, +8.625,+0.981
1659677340,+3.49,+20.545, +8.635,+0.981
1659677400,+3.49,+20.512, +8.644,+0.981
1659677460,+3.49,+20.487, +8.649,+0.981
1659677520,+3.49,+20.478, +8.652,+0.981
1659677580,+3.49,+20.487, +8.644,+0.981
1659677640,+3.49,+20.503, +8.633,+0.981
1659677700,+3.49,+20.512, +8.639,+0.981
1659677760,+3.49,+20.520, +8.641,+0.981
1659677820,+3.49,+20.529, +8.642,+0.982
1659677880,+3.49,+20.562, +8.627,+0.981
1659677940,+3.49,+20.570, +8.623,+0.981
1659678000,+3.49,+20.596, +8.627,+0.981
1659678060,+3.49,+20.629, +8.621,+0.981
1659678120,+3.49,+20.621, +8.621,+0.981
1659678180,+3.49,+20.663, +8.615,+0.981
1659678240,+3.49,+20.663, +8.616,+0.982
1659678300,+3.49,+20.663, +8.611,+0.981
1659678360,+3.49,+20.646, +8.619,+0.982
1659678420,+3.49,+20.629, +8.616,+0.981
1659678480,+3.49,+20.604, +8.615,+0.981
1659678540,+3.49,+20.570, +8.626,+0.981
1659678600,+3.49,+20.537, +8.630,+0.981
1659678660,+3.49,+20.512, +8.633,+0.981
1659678720,+3.49,+20.495, +8.645,+0.981
1659678780,+3.49,+20.487, +8.643,+0.981
1659678840,+3.49,+20.470, +8.645,+0.981
1659678900,+3.49,+20.445, +8.651,+0.981
1659678960,+3.49,+20.470, +8.643,+0.981
1659679020,+3.49,+20.462, +8.643,+0.981
1659679080,+3.49,+20.512, +8.636,+0.981
1659679140,+3.49,+20.512, +8.635,+0.981
1659679200,+3.49,+20.520, +8.631,+0.981
1659679260,+3.49,+20.562, +8.627,+0.981
1659679320,+3.49,+20.596, +8.620,+0.981
1659679380,+3.49,+20.596, +8.631,+0.981
1659679440,+3.49,+20.596, +8.629,+0.981
1659679500,+3.49,+20.637, +8.623,+0.982
1659679560,+3.49,+20.654, +8.614,+0.981
1659679620,+3.49,+20.671, +8.603,+0.981
1659679680,+3.49,+20.663, +8.610,+0.981
1659679740,+3.49,+20.646, +8.608,+0.981
1659679800,+3.49,+20.612, +8.627,+0.982
1659679860,+3.49,+20.587, +8.621,+0.981
1659679920,+3.49,+20.562, +8.625,+0.981
1659679980,+3.49,+20.537, +8.629,+0.981
1659680040,+3.49,+20.529, +8.627,+0.981
1659680100,+3.49,+20.487, +8.650,+0.982
1659680160,+3.49,+20.503, +8.631,+0.981
1659680220,+3.49,+20.478, +8.644,+0.981
1659680280,+3.49,+20.478, +8.634,+0.981
1659680340,+3.49,+20.512, +8.635,+0.981
1659680400,+3.49,+20.495, +8.637,+0.981
1659680460,+3.49,+20.503, +8.644,+0.981
1659680520,+3.49,+20.529, +8.636,+0.981
1659680580,+3.49,+20.529, +8.640,+0.981
1659680640,+3.49,+20.554, +8.623,+0.981
1659680700,+3.49,+20.587, +8.627,+0.981
1659680760,+3.49,+20.604, +8.621,+0.981
1659680820,+3.49,+20.629, +8.618,+0.981
1659680880,+3.49,+20.637, +8.626,+0.982
1659680940,+3.49,+20.637, +8.619,+0.981
1659681000,+3.49,+20.654, +8.617,+0.981
1659681060,+3.49,+20.629, +8.613,+0.981
1659681120,+3.49,+20.604, +8.618,+0.981
1659681180,+3.49,+20.587, +8.615,+0.981
1659681240,+3.49,+20.537, +8.639,+0.982
1659681300,+3.49,+20.520, +8.636,+0.981
1659681360,+3.49,+20.503, +8.645,+0.982
1659681420,+3.49,+20.478, +8.644,+0.981
1659681480,+3.49,+20.470, +8.635,+0.980
1659681540,+3.49,+20.470, +8.650,+0.981
1659681600,+3.49,+20.470, +8.642,+0.981
1659681660,+3.49,+20.495, +8.639,+0.981
1659681720,+3.49,+20.495, +8.633,+0.981
1659681780,+3.49,+20.503, +8.636,+0.981
1659681840,+3.49,+20.503, +8.644,+0.981
1659681900,+3.49,+20.529, +8.627,+0.981
1659681960,+3.49,+20.537, +8.629,+0.981
1659682020,+3.49,+20.562, +8.625,+0.981
1659682080,+3.49,+20.579, +8.632,+0.981
1659682140,+3.49,+20.621, +8.619,+0.981
1659682200,+3.49,+20.621, +8.617,+0.981
1659682260,+3.49,+20.637, +8.614,+0.981
1659682320,+3.49,+20.637, +8.615,+0.981
1659682380,+3.49,+20.637, +8.611,+0.981
1659682440,+3.49,+20.621, +8.615,+0.981
1659682500,+3.49,+20.570, +8.626,+0.981
1659682560,+3.49,+20.545, +8.629,+0.981
1659682620,+3.49,+20.512, +8.636,+0.981
1659682680,+3.49,+20.495, +8.640,+0.981
1659682740,+3.49,+20.462, +8.642,+0.981
1659682800,+3.49,+20.420, +8.656,+0.981
1659682860,+3.49,+20.428, +8.651,+0.981
1659682920,+3.49,+20.411, +8.653,+0.981
1659682980,+3.49,+20.411, +8.643,+0.980
1659683040,+3.49,+20.428, +8.648,+0.981
1659683100,+3.49,+20.437, +8.651,+0.981
1659683160,+3.49,+20.445, +8.644,+0.981
1659683220,+3.49,+20.470, +8.640,+0.981
1659683280,+3.49,+20.487, +8.641,+0.981
1659683340,+3.49,+20.495, +8.639,+0.981
1659683400,+3.49,+20.520, +8.637,+0.981
1659683460,+3.49,+20.545, +8.630,+0.981
1659683520,+3.49,+20.570, +8.629,+0.981
1659683580,+3.49,+20.579, +8.622,+0.981
1659683640,+3.49,+20.612, +8.616,+0.981
1659683700,+3.49,+20.612, +8.611,+0.981
1659683760,+3.49,+20.587, +8.620,+0.981
1659683820,+3.49,+20.604, +8.619,+0.981
1659683880,+3.49,+20.579, +8.620,+0.981
1659683940,+3.49,+20.545, +8.622,+0.981
1659684000,+3.49,+20.512, +8.634,+0.981
1659684060,+3.49,+20.487, +8.637,+0.981
1659684120,+3.49,+20.445, +8.651,+0.981
1659684180,+3.49,+20.428, +8.649,+0.981
1659684240,+3.49,+20.420, +8.649,+0.981
1659684300,+3.49,+20.420, +8.644,+0.981
1659684360,+3.49,+20.403, +8.648,+0.981
1659684420,+3.49,+20.428, +8.644,+0.981
1659684480,+3.49,+20.445, +8.646,+0.981
1659684540,+3.49,+20.437, +8.641,+0.981
1659684600,+3.49,+20.453, +8.644,+0.981
1659684660,+3.49,+20.487, +8.636,+0.981
1659684720,+3.49,+20.487, +8.642,+0.981
1659684780,+3.49,+20.512, +8.634,+0.981
1659684840,+3.49,+20.537, +8.633,+0.981
1659684900,+3.49,+20.570, +8.627,+0.981
1659684960,+3.49,+20.587, +8.622,+0.981
1659685020,+3.49,+20.604, +8.614,+0.981
1659685080,+3.49,+20.596, +8.622,+0.981
1659685140,+3.49,+20.579, +8.624,+0.981
1659685200,+3.49,+20.587, +8.619,+0.981
1659685260,+3.49,+20.562, +8.627,+0.981
1659685320,+3.49,+20.529, +8.632,+0.981
1659685380,+3.49,+20.503, +8.630,+0.981
1659685440,+3.49,+20.478, +8.638,+0.981
1659685500,+3.49,+20.445, +8.647,+0.981
1659685560,+3.49,+20.437, +8.644,+0.981
1659685620,+3.49,+20.453, +8.655,+0.982
1659685680,+3.49,+20.428, +8.644,+0.981
1659685740,+3.49,+20.437, +8.647,+0.981
1659685800,+3.49,+20.453, +8.644,+0.981
1659685860,+3.49,+20.470, +8.643,+0.981
1659685920,+3.49,+20.470, +8.644,+0.981
1659685980,+3.49,+20.503, +8.647,+0.982
1659686040,+3.49,+20.512, +8.633,+0.981
1659686100,+3.49,+20.520, +8.636,+0.981
1659686160,+3.49,+20.562, +8.628,+0.981
1659686220,+3.49,+20.579, +8.630,+0.981
1659686280,+3.49,+20.587, +8.627,+0.981
1659686340,+3.49,+20.604, +8.614,+0.981
1659686400,+3.49,+20.612, +8.619,+0.981
1659686460,+3.49,+20.596, +8.623,+0.981
1659686520,+3.49,+20.596, +8.623,+0.981
1659686580,+3.49,+20.587, +8.612,+0.981
1659686640,+3.49,+20.545, +8.629,+0.981
1659686700,+3.49,+20.529, +8.635,+0.981
1659686760,+3.49,+20.478, +8.635,+0.981
1659686820,+3.49,+20.470, +8.644,+0.981
1659686880,+3.49,+20.453, +8.645,+0.981
1659686940,+3.49,+20.445, +8.648,+0.981
1659687000,+3.49,+20.445, +8.646,+0.981
1659687060,+3.49,+20.453, +8.644,+0.981
1659687120,+3.49,+20.445, +8.649,+0.981
1659687180,+3.49,+20.462, +8.645,+0.981
1659687240,+3.49,+20.478, +8.646,+0.981
1659687300,+3.49,+20.487, +8.643,+0.981
1659687360,+3.49,+20.529, +8.634,+0.981
1659687420,+3.49,+20.537, +8.632,+0.981
1659687480,+3.49,+20.545, +8.630,+0.981
1659687540,+3.49,+20.562, +8.628,+0.981
1659687600,+3.49,+20.596, +8.628,+0.981
1659687660,+3.49,+20.596, +8.623,+0.981
1659687720,+3.49,+20.629, +8.612,+0.981
1659687780,+3.49,+20.604, +8.623,+0.981
1659687840,+3.49,+20.604, +8.618,+0.981
1659687900,+3.49,+20.579, +8.625,+0.981
1659687960,+3.49,+20.562, +8.617,+0.981
1659688020,+3.49,+20.537, +8.636,+0.981
1659688080,+3.49,+20.512, +8.630,+0.981
1659688140,+3.49,+20.478, +8.644,+0.981
1659688200,+3.49,+20.462, +8.640,+0.981
1659688260,+3.49,+20.453, +8.643,+0.981
1659688320,+3.49,+20.453, +8.643,+0.981
1659688380,+3.49,+20.437, +8.650,+0.981
1659688440,+3.49,+20.445, +8.656,+0.982
1659688500,+3.49,+20.470, +8.641,+0.981
1659688560,+3.49,+20.478, +8.641,+0.981
1659688620,+3.49,+20.487, +8.641,+0.981
1659688680,+3.49,+20.512, +8.627,+0.981
1659688740,+3.49,+20.503, +8.649,+0.982
1659688800,+3.49,+20.545, +8.631,+0.981
1659688860,+3.49,+20.562, +8.629,+0.981
1659688920,+3.49,+20.579, +8.630,+0.981
1659688980,+3.49,+20.604, +8.625,+0.981
1659689040,+3.49,+20.621, +8.618,+0.981
1659689100,+3.49,+20.621, +8.621,+0.981
1659689160,+3.49,+20.604, +8.624,+0.981
1659689220,+3.49,+20.596, +8.623,+0.981
1659689280,+3.49,+20.562, +8.622,+0.981
1659689340,+3.49,+20.545, +8.623,+0.981
1659689400,+3.49,+20.503, +8.638,+0.981
1659689460,+3.49,+20.487, +8.639,+0.981
1659689520,+3.49,+20.453, +8.639,+0.981
1659689580,+3.49,+20.437, +8.651,+0.981
1659689640,+3.49,+20.420, +8.652,+0.981
1659689700,+3.49,+20.437, +8.650,+0.981
1659689760,+3.49,+20.420, +8.656,+0.981
1659689820,+3.49,+20.437, +8.651,+0.981
1659689880,+3.49,+20.487, +8.644,+0.982
1659689940,+3.49,+20.470, +8.642,+0.981
1659690000,+3.49,+20.495, +8.635,+0.981
1659690060,+3.49,+20.503, +8.636,+0.981
1659690120,+3.49,+20.520, +8.635,+0.981
1659690180,+3.49,+20.529, +8.639,+0.981
1659690240,+3.49,+20.570, +8.624,+0.981
1659690300,+3.49,+20.587, +8.624,+0.981
1659690360,+3.49,+20.596, +8.621,+0.981
1659690420,+3.49,+20.604, +8.626,+0.981
1659690480,+3.49,+20.596, +8.629,+0.981
1659690540,+3.49,+20.570, +8.634,+0.982
1659690600,+3.49,+20.562, +8.636,+0.982
1659690660,+3.49,+20.529, +8.631,+0.981
1659690720,+3.49,+20.512, +8.634,+0.981
1659690780,+3.49,+20.462, +8.653,+0.981
1659690840,+3.49,+20.445, +8.650,+0.981
1659690900,+3.49,+20.453, +8.641,+0.981
1659690960,+3.49,+20.428, +8.649,+0.981
1659691020,+3.49,+20.428, +8.653,+0.981
1659691080,+3.49,+20.437, +8.658,+0.981
1659691140,+3.49,+20.462, +8.642,+0.981
1659691200,+3.49,+20.453, +8.653,+0.981
1659691260,+3.49,+20.487, +8.646,+0.981
1659691320,+3.49,+20.495, +8.643,+0.981
1659691380,+3.49,+20.520, +8.629,+0.981
1659691440,+3.49,+20.537, +8.630,+0.981
1659691500,+3.49,+20.554, +8.638,+0.981
1659691560,+3.49,+20.562, +8.632,+0.981
1659691620,+3.49,+20.587, +8.637,+0.982
1659691680,+3.49,+20.612, +8.630,+0.982
1659691740,+3.49,+20.621, +8.622,+0.981
1659691800,+3.49,+20.621, +8.617,+0.981
1659691860,+3.49,+20.579, +8.630,+0.981
1659691920,+3.49,+20.579, +8.620,+0.981
1659691980,+3.49,+20.545, +8.627,+0.981
1659692040,+3.49,+20.512, +8.639,+0.981
1659692100,+3.49,+20.470, +8.647,+0.981
1659692160,+3.49,+20.478, +8.635,+0.980
1659692220,+3.49,+20.445, +8.653,+0.981
1659692280,+3.49,+20.445, +8.641,+0.980
1659692340,+3.49,+20.453, +8.647,+0.981
1659692400,+3.49,+20.420, +8.661,+0.981
1659692460,+3.49,+20.453, +8.650,+0.981
1659692520,+3.49,+20.487, +8.645,+0.981
1659692580,+3.49,+20.495, +8.639,+0.981
1659692640,+3.49,+20.512, +8.635,+0.981
1659692700,+3.49,+20.520, +8.642,+0.981
1659692760,+3.49,+20.537, +8.642,+0.981
1659692820,+3.49,+20.545, +8.642,+0.981
1659692880,+3.49,+20.579, +8.634,+0.981
1659692940,+3.49,+20.587, +8.635,+0.981
1659693000,+3.49,+20.629, +8.625,+0.981
1659693060,+3.49,+20.596, +8.625,+0.981
1659693120,+3.49,+20.596, +8.621,+0.981
1659693180,+3.49,+20.579, +8.627,+0.981
1659693240,+3.49,+20.570, +8.634,+0.981
1659693300,+3.49,+20.545, +8.622,+0.981
1659693360,+3.49,+20.478, +8.646,+0.981
1659693420,+3.49,+20.462, +8.648,+0.981
1659693480,+3.49,+20.445, +8.650,+0.981
1659693540,+3.50,+20.411, +8.662,+0.981
1659693600,+3.49,+20.411, +8.660,+0.981
1659693660,+3.49,+20.411, +8.663,+0.981
1659693720,+3.50,+20.420, +8.666,+0.982
1659693780,+3.49,+20.445, +8.658,+0.981
1659693840,+3.49,+20.453, +8.646,+0.981
1659693900,+3.49,+20.470, +8.649,+0.981
1659693960,+3.49,+20.487, +8.642,+0.981
1659694020,+3.49,+20.512, +8.637,+0.981
1659694080,+3.49,+20.554, +8.637,+0.981
1659694140,+3.49,+20.562, +8.633,+0.981
1659694200,+3.49,+20.587, +8.630,+0.981
1659694260,+3.49,+20.604, +8.630,+0.981
1659694320,+3.49,+20.637, +8.624,+0.981
1659694380,+3.49,+20.621, +8.626,+0.981
1659694440,+3.49,+20.621, +8.627,+0.981
1659694500,+3.49,+20.587, +8.634,+0.982
1659694560,+3.49,+20.570, +8.641,+0.982
1659694620,+3.49,+20.545, +8.639,+0.981
1659694680,+3.49,+20.512, +8.637,+0.981
1659694740,+3.49,+20.495, +8.650,+0.981
1659694800,+3.49,+20.453, +8.661,+0.981
1659694860,+3.49,+20.445, +8.656,+0.981
1659694920,+3.49,+20.445, +8.649,+0.981
1659694980,+3.49,+20.437, +8.650,+0.981
1659695040,+3.49,+20.445, +8.648,+0.981
1659695100,+3.49,+20.453, +8.655,+0.981
1659695160,+3.49,+20.470, +8.651,+0.981
1659695220,+3.49,+20.478, +8.652,+0.981
1659695280,+3.49,+20.495, +8.649,+0.981
1659695340,+3.49,+20.520, +8.640,+0.981
1659695400,+3.49,+20.554, +8.628,+0.981
1659695460,+3.49,+20.545, +8.637,+0.981
1659695520,+3.49,+20.579, +8.635,+0.981
1659695580,+3.49,+20.604, +8.628,+0.981
1659695640,+3.49,+20.612, +8.623,+0.981
1659695700,+3.49,+20.612, +8.623,+0.981
1659695760,+3.49,+20.629, +8.619,+0.981
1659695820,+3.49,+20.604, +8.626,+0.981
1659695880,+3.49,+20.579, +8.629,+0.981
1659695940,+3.49,+20.545, +8.630,+0.981
1659696000,+3.49,+20.520, +8.642,+0.981
1659696060,+3.49,+20.512, +8.642,+0.981
1659696120,+3.49,+20.478, +8.646,+0.981
1659696180,+3.49,+20.445, +8.662,+0.982
1659696240,+3.49,+20.428, +8.656,+0.981
1659696300,+3.50,+20.428, +8.655,+0.981
1659696360,+3.50,+20.453, +8.655,+0.981
1659696420,+3.49,+20.462, +8.650,+0.981
1659696480,+3.49,+20.453, +8.660,+0.981
1659696540,+3.49,+20.495, +8.647,+0.981
1659696600,+3.49,+20.512, +8.637,+0.981
1659696660,+3.49,+20.537, +8.643,+0.981
1659696720,+3.49,+20.545, +8.636,+0.981
1659696780,+3.49,+20.570, +8.640,+0.982
1659696840,+3.49,+20.587, +8.638,+0.981
1659696900,+3.49,+20.604, +8.633,+0.981
1659696960,+3.49,+20.621, +8.633,+0.981
1659697020,+3.49,+20.637, +8.623,+0.981
1659697080,+3.49,+20.629, +8.630,+0.982
1659697140,+3.49,+20.604, +8.623,+0.981
1659697200,+3.49,+20.604, +8.622,+0.981
1659697260,+3.49,+20.579, +8.629,+0.981
1659697320,+3.49,+20.545, +8.632,+0.981
1659697380,+3.49,+20.520, +8.642,+0.981
1659697440,+3.49,+20.478, +8.644,+0.981
1659697500,+3.49,+20.470, +8.645,+0.981
1659697560,+3.49,+20.462, +8.650,+0.981
1659697620,+3.49,+20.437, +8.660,+0.981
1659697680,+3.49,+20.453, +8.661,+0.981
1659697740,+3.49,+20.462, +8.650,+0.981
1659697800,+3.49,+20.462, +8.650,+0.981
1659697860,+3.49,+20.503, +8.642,+0.981
1659697920,+3.49,+20.487, +8.645,+0.981
1659697980,+3.49,+20.503, +8.651,+0.981
1659698040,+3.49,+20.512, +8.644,+0.981
1659698100,+3.49,+20.554, +8.643,+0.981
1659698160,+3.49,+20.554, +8.651,+0.982
1659698220,+3.49,+20.587, +8.641,+0.981
1659698280,+3.49,+20.612, +8.626,+0.981
1659698340,+3.49,+20.604, +8.635,+0.981
1659698400,+3.49,+20.604, +8.629,+0.981
1659698460,+3.49,+20.612, +8.627,+0.981
1659698520,+3.49,+20.596, +8.633,+0.981
1659698580,+3.49,+20.570, +8.632,+0.981
1659698640,+3.49,+20.554, +8.631,+0.981
1659698700,+3.49,+20.495, +8.638,+0.980
1659698760,+3.49,+20.470, +8.651,+0.981
1659698820,+3.49,+20.445, +8.662,+0.981
1659698880,+3.49,+20.453, +8.654,+0.981
1659698940,+3.49,+20.453, +8.647,+0.981
1659699000,+3.49,+20.445, +8.656,+0.981
1659699060,+3.49,+20.478, +8.651,+0.981
1659699120,+3.49,+20.478, +8.648,+0.981
1659699180,+3.49,+20.495, +8.643,+0.981
1659699240,+3.49,+20.520, +8.644,+0.981
1659699300,+3.49,+20.529, +8.641,+0.981
1659699360,+3.49,+20.554, +8.640,+0.981
1659699420,+3.49,+20.554, +8.639,+0.981
1659699480,+3.49,+20.604, +8.627,+0.981
1659699540,+3.49,+20.604, +8.625,+0.981
1659699600,+3.49,+20.612, +8.628,+0.981
1659699660,+3.49,+20.629, +8.622,+0.981
1659699720,+3.49,+20.621, +8.625,+0.981
1659699780,+3.49,+20.596, +8.624,+0.981
1659699840,+3.49,+20.554, +8.640,+0.981
1659699900,+3.49,+20.562, +8.636,+0.981
1659699960,+3.49,+20.512, +8.641,+0.981
1659700020,+3.49,+20.487, +8.645,+0.981
1659700080,+3.49,+20.478, +8.652,+0.981
1659700140,+3.50,+20.445, +8.658,+0.981
1659700200,+3.49,+20.437, +8.663,+0.981
1659700260,+3.49,+20.420, +8.664,+0.981
1659700320,+3.49,+20.462, +8.648,+0.981
1659700380,+3.49,+20.453, +8.663,+0.981
1659700440,+3.49,+20.470, +8.653,+0.981
1659700500,+3.49,+20.495, +8.661,+0.982
1659700560,+3.49,+20.495, +8.657,+0.981
1659700620,+3.49,+20.512, +8.656,+0.981
1659700680,+3.49,+20.537, +8.645,+0.981
1659700740,+3.49,+20.570, +8.636,+0.981
1659700800,+3.49,+20.604, +8.634,+0.981
1659700860,+3.49,+20.612, +8.629,+0.981
1659700920,+3.49,+20.629, +8.627,+0.981
1659700980,+3.49,+20.604, +8.635,+0.981
1659701040,+3.49,+20.579, +8.645,+0.982
1659701100,+3.49,+20.579, +8.629,+0.981
1659701160,+3.49,+20.554, +8.634,+0.981
1659701220,+3.49,+20.512, +8.654,+0.981
1659701280,+3.49,+20.495, +8.652,+0.981
1659701340,+3.49,+20.462, +8.659,+0.981
1659701400,+3.49,+20.462, +8.660,+0.981
1659701460,+3.49,+20.453, +8.655,+0.981
1659701520,+3.49,+20.428, +8.671,+0.981
1659701580,+3.50,+20.437, +8.663,+0.981
1659701640,+3.49,+20.445, +8.661,+0.981
1659701700,+3.49,+20.453, +8.661,+0.981
1659701760,+3.49,+20.453, +8.666,+0.981
1659701820,+3.49,+20.487, +8.661,+0.981
1659701880,+3.49,+20.503, +8.650,+0.981
1659701940,+3.49,+20.520, +8.647,+0.981
1659702000,+3.49,+20.520, +8.646,+0.981
1659702060,+3.49,+20.554, +8.647,+0.981
1659702120,+3.49,+20.587, +8.639,+0.981
1659702180,+3.49,+20.596, +8.637,+0.981
1659702240,+3.49,+20.596, +8.637,+0.981
1659702300,+3.49,+20.596, +8.635,+0.981
1659702360,+3.49,+20.562, +8.646,+0.981
1659702420,+3.49,+20.537, +8.649,+0.981
1659702480,+3.49,+20.520, +8.640,+0.981
1659702540,+3.49,+20.487, +8.657,+0.981
1659702600,+3.49,+20.453, +8.662,+0.981
1659702660,+3.49,+20.445, +8.663,+0.981
1659702720,+3.50,+20.428, +8.658,+0.980
1659702780,+3.49,+20.411, +8.671,+0.981
1659702840,+3.49,+20.428, +8.659,+0.981
1659702900,+3.50,+20.428, +8.666,+0.981
1659702960,+3.50,+20.437, +8.656,+0.981
1659703020,+3.49,+20.437, +8.667,+0.981
1659703080,+3.49,+20.437, +8.669,+0.981
1659703140,+3.49,+20.462, +8.656,+0.981
1659703200,+3.49,+20.487, +8.662,+0.981
1659703260,+3.49,+20.503, +8.657,+0.981
1659703320,+3.49,+20.537, +8.645,+0.981
1659703380,+3.49,+20.545, +8.649,+0.981
1659703440,+3.49,+20.554, +8.647,+0.981
1659703500,+3.49,+20.587, +8.636,+0.981
1659703560,+3.49,+20.587, +8.642,+0.981
1659703620,+3.49,+20.604, +8.643,+0.981
1659703680,+3.49,+20.596, +8.640,+0.981
1659703740,+3.49,+20.587, +8.637,+0.981
1659703800,+3.49,+20.545, +8.647,+0.981
1659703860,+3.49,+20.529, +8.646,+0.981
1659703920,+3.49,+20.487, +8.665,+0.982
1659703980,+3.50,+20.470, +8.655,+0.981
1659704040,+3.49,+20.437, +8.674,+0.981
1659704100,+3.50,+20.420, +8.666,+0.981
1659704160,+3.49,+20.411, +8.672,+0.981
1659704220,+3.50,+20.420, +8.677,+0.981
1659704280,+3.49,+20.445, +8.662,+0.981
1659704340,+3.50,+20.428, +8.666,+0.981
1659704400,+3.49,+20.487, +8.653,+0.981
1659704460,+3.49,+20.478, +8.668,+0.981
1659704520,+3.49,+20.503, +8.655,+0.981
1659704580,+3.49,+20.520, +8.660,+0.981
1659704640,+3.49,+20.545, +8.656,+0.981
1659704700,+3.49,+20.579, +8.649,+0.981
1659704760,+3.49,+20.621, +8.640,+0.981
1659704820,+3.49,+20.646, +8.621,+0.980
1659704880,+3.49,+20.654, +8.627,+0.981
1659704940,+3.49,+20.646, +8.635,+0.981
1659705000,+3.49,+20.637, +8.635,+0.981
1659705060,+3.49,+20.629, +8.636,+0.981
1659705120,+3.49,+20.596, +8.636,+0.981
1659705180,+3.49,+20.587, +8.654,+0.981
1659705240,+3.49,+20.629, +8.629,+0.981
1659705300,+3.49,+20.654, +8.646,+0.982
1659705360,+3.49,+20.671, +8.652,+0.982
1659705420,+3.49,+20.805, +8.631,+0.982
1659705480,+3.49,+21.031, +8.602,+0.981
1659705540,+3.49,+21.282, +8.565,+0.982
1659705600,+3.49,+21.608, +8.512,+0.982
1659705660,+3.49,+21.876, +8.463,+0.981
1659705720,+3.49,+22.093, +8.432,+0.982
1659705780,+3.49,+22.319, +8.397,+0.982
1659705840,+3.49,+22.520, +8.362,+0.982
1659705900,+3.49,+22.687, +8.335,+0.982
1659705960,+3.49,+22.871, +8.306,+0.982
1659706020,+3.49,+23.005, +8.294,+0.982
1659706080,+3.49,+23.173, +8.264,+0.982
1659706140,+3.49,+23.307, +8.233,+0.981
1659706200,+3.49,+23.458, +8.216,+0.982
1659706260,+3.49,+23.567, +8.212,+0.982
1659706320,+3.49,+23.701, +8.177,+0.982
1659706380,+3.49,+23.801, +8.171,+0.982
1659706440,+3.49,+23.944, +8.151,+0.982
1659706500,+3.49,+24.087, +8.128,+0.982
1659706560,+3.49,+24.196, +8.112,+0.982
1659706620,+3.49,+24.296, +8.097,+0.982
1659706680,+3.49,+24.422, +8.074,+0.982
1659706740,+3.49,+24.523, +8.058,+0.982
1659706800,+3.49,+24.599, +8.048,+0.982
1659706860,+3.49,+24.658, +8.038,+0.982
1659706920,+3.49,+24.733, +8.034,+0.983
1659706980,+3.49,+24.809, +8.022,+0.983
1659707040,+3.49,+24.868, +8.008,+0.982
1659707100,+3.49,+24.902, +8.003,+0.982
1659707160,+3.49,+24.969, +7.987,+0.982
1659707220,+3.49,+25.036, +7.991,+0.983
1659707280,+3.49,+25.095, +7.972,+0.982
1659707340,+3.49,+25.162, +7.958,+0.982
1659707400,+3.49,+25.238, +7.955,+0.982
1659707460,+3.49,+25.289, +7.953,+0.983
1659707520,+3.49,+25.339, +7.952,+0.983
1659707580,+3.49,+25.407, +7.928,+0.982
1659707640,+3.49,+25.474, +7.917,+0.982
1659707700,+3.49,+25.525, +7.905,+0.982
1659707760,+3.49,+25.558, +7.913,+0.983
1659707820,+3.49,+25.626, +7.901,+0.982
1659707880,+3.49,+25.702, +7.889,+0.983
1659707940,+3.49,+25.744, +7.885,+0.983
1659708000,+3.49,+25.828, +7.874,+0.983
1659708060,+3.49,+25.904, +7.859,+0.982
1659708120,+3.49,+25.964, +7.860,+0.983
1659708180,+3.49,+26.031, +7.851,+0.983
1659708240,+3.49,+26.073, +7.852,+0.983
1659708300,+3.49,+26.149, +7.839,+0.983
1659708360,+3.49,+26.209, +7.827,+0.983
1659708420,+3.49,+26.285, +7.808,+0.982
1659708480,+3.49,+26.319, +7.806,+0.982
1659708540,+3.49,+26.386, +7.800,+0.983
1659708600,+3.49,+26.403, +7.788,+0.982
1659708660,+3.49,+26.403, +7.798,+0.983
1659708720,+3.49,+26.386, +7.770,+0.982
1659708780,+3.49,+26.302, +7.785,+0.982
1659708840,+3.49,+26.192, +7.809,+0.983
1659708900,+3.49,+26.040, +7.861,+0.982
1659708960,+3.49,+25.871, +7.893,+0.982
1659709020,+3.49,+25.744, +7.889,+0.982
1659709080,+3.49,+25.558, +7.925,+0.981
1659709140,+3.49,+25.415, +7.939,+0.982
1659709200,+3.49,+25.272, +7.967,+0.982
1659709260,+3.49,+25.137, +7.966,+0.981
1659709320,+3.49,+24.960, +8.003,+0.982
1659709380,+3.49,+24.817, +8.023,+0.981
1659709440,+3.50,+24.691, +8.046,+0.982
1659709500,+3.50,+24.574, +8.052,+0.981
1659709560,+3.50,+24.506, +8.066,+0.982
1659709620,+3.50,+24.464, +8.070,+0.981
1659709680,+3.50,+24.473, +8.071,+0.982
1659709740,+3.50,+24.456, +8.085,+0.982
1659709800,+3.50,+24.422, +8.090,+0.982
1659709860,+3.50,+24.439, +8.082,+0.982
1659709920,+3.50,+24.481, +8.074,+0.982
1659709980,+3.50,+24.523, +8.061,+0.982
1659710040,+3.50,+24.616, +8.054,+0.983
1659710100,+3.50,+24.725, +8.025,+0.982
1659710160,+3.50,+24.817, +8.022,+0.983
1659710220,+3.49,+24.927, +7.995,+0.982
1659710280,+3.49,+25.036, +7.994,+0.983
1659710340,+3.49,+25.137, +7.983,+0.983
1659710400,+3.49,+25.263, +7.953,+0.982
1659710460,+3.49,+25.373, +7.940,+0.982
1659710520,+3.50,+25.491, +7.929,+0.983
1659710580,+3.50,+25.609, +7.916,+0.983
1659710640,+3.50,+25.736, +7.895,+0.983
1659710700,+3.50,+25.812, +7.886,+0.983
1659710760,+3.49,+25.930, +7.863,+0.982
1659710820,+3.49,+26.048, +7.860,+0.983
1659710880,+3.49,+26.158, +7.836,+0.983
1659710940,+3.49,+26.259, +7.828,+0.983
1659711000,+3.49,+26.352, +7.817,+0.983
1659711060,+3.49,+26.445, +7.799,+0.983
1659711120,+3.50,+26.556, +7.788,+0.983
1659711180,+3.50,+26.657, +7.775,+0.983
1659711240,+3.50,+26.750, +7.760,+0.983
1659711300,+3.50,+26.835, +7.844,+0.983
1659711360,+3.49,+26.979, +7.852,+0.982
1659711420,+3.49,+27.115, +7.854,+0.982
1659711480,+3.49,+26.979, +8.569,+0.983
1659711540,+3.50,+26.835, +8.567,+0.983
1659711600,+3.50,+26.733, +8.543,+0.983
1659711660,+3.50,+26.649, +8.589,+0.983
1659711720,+3.50,+26.615, +8.642,+0.983
1659711780,+3.49,+26.462, +8.433,+0.983
1659711840,+3.49,+26.302, +8.226,+0.983
1659711900,+3.49,+26.259, +8.059,+0.982
1659711960,+3.49,+26.437, +8.765,+0.983
1659712020,+3.49,+26.505, +8.820,+0.984
1659712080,+3.50,+26.547, +8.816,+0.984
1659712140,+3.50,+26.556, +8.809,+0.984
1659712200,+3.50,+26.581, +8.795,+0.984
1659712260,+3.50,+26.581, +8.759,+0.983
1659712320,+3.50,+26.589, +8.786,+0.984
1659712380,+3.50,+26.598, +8.822,+0.983
1659712440,+3.50,+26.623, +8.818,+0.984
1659712500,+3.50,+26.623, +8.800,+0.984
1659712560,+3.50,+26.649, +8.805,+0.984
1659712620,+3.50,+26.691, +8.788,+0.984
1659712680,+3.50,+26.691, +8.762,+0.984
1659712740,+3.50,+26.700, +8.767,+0.984
1659712800,+3.50,+26.708, +8.748,+0.983
1659712860,+3.50,+26.733, +8.831,+0.984
1659712920,+3.50,+26.725, +8.837,+0.983
1659712980,+3.50,+26.725, +8.850,+0.983
1659713040,+3.50,+26.733, +8.831,+0.984
1659713100,+3.50,+26.742, +8.824,+0.983
1659713160,+3.50,+26.759, +8.820,+0.985
1659713220,+3.50,+26.759, +8.723,+0.984
1659713280,+3.50,+26.776, +8.588,+0.984
1659713340,+3.50,+26.784, +8.558,+0.984
1659713400,+3.50,+26.784, +8.535,+0.984
1659713460,+3.50,+26.767, +8.474,+0.983
1659713520,+3.50,+26.784, +8.490,+0.984
1659713580,+3.50,+26.784, +8.439,+0.984
1659713640,+3.50,+26.793, +8.423,+0.984
1659713700,+3.50,+26.767, +8.365,+0.983
1659713760,+3.50,+26.767, +8.451,+0.984
1659713820,+3.50,+26.742, +8.335,+0.983
1659713880,+3.50,+26.733, +8.373,+0.984
1659713940,+3.50,+26.700, +8.702,+0.984
1659714000,+3.50,+26.700, +8.735,+0.984
1659714060,+3.50,+26.666, +8.716,+0.984
1659714120,+3.50,+26.640, +8.751,+0.984
1659714180,+3.50,+26.632, +8.709,+0.983
1659714240,+3.50,+26.598, +8.687,+0.983
1659714300,+3.50,+26.581, +8.639,+0.983
1659714360,+3.50,+26.581, +8.597,+0.984
1659714420,+3.50,+26.564, +8.468,+0.983
1659714480,+3.50,+26.581, +8.337,+0.983
1659714540,+3.50,+26.530, +8.324,+0.983
1659714600,+3.50,+26.496, +8.274,+0.983
1659714660,+3.50,+26.471, +8.299,+0.984
1659714720,+3.50,+26.454, +8.285,+0.983
1659714780,+3.50,+26.454, +8.353,+0.983
1659714840,+3.50,+26.395, +8.476,+0.983
1659714900,+3.50,+26.386, +8.513,+0.983
1659714960,+3.50,+26.395, +8.466,+0.983
1659715020,+3.50,+26.386, +8.383,+0.983
1659715080,+3.50,+26.369, +8.470,+0.984
1659715140,+3.50,+26.361, +8.568,+0.983
1659715200,+3.50,+26.369, +8.593,+0.983
1659715260,+3.50,+26.352, +8.666,+0.983
1659715320,+3.50,+26.327, +8.716,+0.984
1659715380,+3.50,+26.361, +8.716,+0.984
1659715440,+3.50,+26.361, +8.743,+0.984
1659715500,+3.50,+26.361, +8.744,+0.983
1659715560,+3.50,+26.369, +8.786,+0.983
1659715620,+3.50,+26.361, +8.814,+0.984
1659715680,+3.50,+26.429, +8.773,+0.984
1659715740,+3.50,+26.429, +8.744,+0.983
1659715800,+3.50,+26.429, +8.737,+0.984
1659715860,+3.50,+26.454, +8.706,+0.984
1659715920,+3.50,+26.454, +8.661,+0.984
1659715980,+3.50,+26.471, +8.514,+0.984
1659716040,+3.50,+26.496, +8.465,+0.984
1659716100,+3.50,+26.505, +8.449,+0.984
1659716160,+3.50,+26.496, +8.481,+0.983
1659716220,+3.50,+26.513, +8.477,+0.984
1659716280,+3.50,+26.530, +8.461,+0.983
1659716340,+3.50,+26.513, +8.476,+0.984
1659716400,+3.50,+26.539, +8.488,+0.984
1659716460,+3.50,+26.539, +8.439,+0.983
1659716520,+3.50,+26.556, +8.447,+0.983
1659716580,+3.50,+26.572, +8.463,+0.984
1659716640,+3.50,+26.589, +8.447,+0.984
1659716700,+3.50,+26.598, +8.386,+0.984
1659716760,+3.50,+26.598, +8.355,+0.983
1659716820,+3.50,+26.615, +8.367,+0.984
1659716880,+3.50,+26.640, +8.388,+0.984
1659716940,+3.50,+26.649, +8.382,+0.983
1659717000,+3.50,+26.649, +8.407,+0.984
1659717060,+3.50,+26.683, +8.410,+0.984
1659717120,+3.50,+26.683, +8.409,+0.984
1659717180,+3.50,+26.716, +8.417,+0.984
1659717240,+3.50,+26.733, +8.412,+0.984
1659717300,+3.50,+26.750, +8.383,+0.983
1659717360,+3.50,+26.750, +8.349,+0.984
1659717420,+3.50,+26.784, +8.346,+0.983
1659717480,+3.50,+26.784, +8.346,+0.984
1659717540,+3.50,+26.801, +8.336,+0.984
1659717600,+3.50,+26.818, +8.307,+0.983
1659717660,+3.50,+26.810, +8.314,+0.983
1659717720,+3.50,+26.827, +8.329,+0.984
1659717780,+3.50,+26.835, +8.326,+0.984
1659717840,+3.50,+26.852, +8.303,+0.983
1659717900,+3.50,+26.861, +8.322,+0.984
1659717960,+3.50,+26.869, +8.303,+0.983
1659718020,+3.50,+26.861, +8.302,+0.983
1659718080,+3.50,+26.861, +8.196,+0.983
1659718140,+3.50,+26.852, +8.252,+0.984
1659718200,+3.50,+26.844, +8.312,+0.983
1659718260,+3.50,+26.835, +8.351,+0.984
1659718320,+3.50,+26.869, +8.356,+0.983
1659718380,+3.50,+26.827, +8.398,+0.983
1659718440,+3.50,+26.827, +8.401,+0.984
1659718500,+3.50,+26.861, +8.336,+0.983
1659718560,+3.50,+26.861, +8.295,+0.983
1659718620,+3.50,+26.852, +8.315,+0.984
1659718680,+3.50,+26.861, +8.370,+0.984
1659718740,+3.50,+26.844, +8.249,+0.984
1659718800,+3.50,+26.844, +8.207,+0.983
1659718860,+3.50,+26.827, +8.209,+0.984
1659718920,+3.50,+26.818, +8.188,+0.984
1659718980,+3.50,+26.835, +8.292,+0.984
1659719040,+3.50,+26.835, +8.317,+0.983
1659719100,+3.50,+26.827, +8.392,+0.984
1659719160,+3.50,+26.844, +8.428,+0.984
1659719220,+3.50,+26.818, +8.417,+0.983
1659719280,+3.50,+26.835, +8.536,+0.984
1659719340,+3.50,+26.844, +8.574,+0.984
1659719400,+3.50,+26.835, +8.641,+0.984
1659719460,+3.50,+26.861, +8.666,+0.984
1659719520,+3.50,+26.852, +8.700,+0.984
1659719580,+3.50,+26.861, +8.734,+0.984
1659719640,+3.50,+26.861, +8.727,+0.984
1659719700,+3.50,+26.869, +8.737,+0.984
1659719760,+3.50,+26.852, +8.726,+0.983
1659719820,+3.50,+26.878, +8.727,+0.984
1659719880,+3.50,+26.869, +8.739,+0.985
1659719940,+3.50,+26.869, +8.704,+0.984
1659720000,+3.50,+26.852, +8.708,+0.983
1659720060,+3.50,+26.844, +8.647,+0.984
1659720120,+3.50,+26.801, +8.615,+0.984
1659720180,+3.50,+26.810, +8.550,+0.984
1659720240,+3.50,+26.776, +8.535,+0.983
1659720300,+3.50,+26.767, +8.678,+0.984
1659720360,+3.50,+26.793, +8.648,+0.983
1659720420,+3.50,+26.793, +8.654,+0.984
1659720480,+3.50,+26.767, +8.646,+0.983
1659720540,+3.50,+26.776, +8.658,+0.984
1659720600,+3.50,+26.793, +8.671,+0.985
1659720660,+3.50,+26.784, +8.543,+0.984
1659720720,+3.50,+26.793, +8.565,+0.984
1659720780,+3.50,+26.810, +8.615,+0.984
1659720840,+3.50,+26.818, +8.659,+0.984
1659720900,+3.50,+26.801, +8.716,+0.984
1659720960,+3.50,+26.793, +8.784,+0.984
1659721020,+3.50,+26.801, +8.820,+0.984
1659721080,+3.50,+26.784, +8.839,+0.984
1659721140,+3.50,+26.784, +8.864,+0.985
1659721200,+3.50,+26.784, +8.855,+0.984
1659721260,+3.51,+26.784, +8.821,+0.984
1659721320,+3.50,+26.776, +8.830,+0.984
1659721380,+3.51,+26.767, +8.817,+0.984
1659721440,+3.51,+26.776, +8.861,+0.984
1659721500,+3.51,+26.793, +8.866,+0.984
1659721560,+3.51,+26.776, +8.888,+0.985
1659721620,+3.51,+26.784, +8.859,+0.983
1659721680,+3.51,+26.776, +8.898,+0.985
1659721740,+3.51,+26.784, +8.863,+0.985
1659721800,+3.51,+26.767, +8.874,+0.984
1659721860,+3.51,+26.776, +8.903,+0.984
1659721920,+3.50,+26.767, +8.886,+0.984
1659721980,+3.51,+26.759, +8.931,+0.985
1659722040,+3.51,+26.750, +8.945,+0.984
1659722100,+3.51,+26.776, +8.903,+0.984
1659722160,+3.51,+26.750, +9.002,+0.984
1659722220,+3.51,+26.767, +9.006,+0.984
1659722280,+3.51,+26.733, +9.021,+0.984
1659722340,+3.51,+26.742, +8.986,+0.984
1659722400,+3.51,+26.750, +8.968,+0.985
1659722460,+3.51,+26.733, +8.929,+0.984
1659722520,+3.51,+26.750, +8.907,+0.984
1659722580,+3.51,+26.750, +8.914,+0.984
1659722640,+3.51,+26.733, +8.978,+0.984
1659722700,+3.51,+26.733, +8.980,+0.983
1659722760,+3.51,+26.716, +9.005,+0.984
1659722820,+3.51,+26.725, +8.987,+0.984
1659722880,+3.51,+26.750, +8.958,+0.984
1659722940,+3.51,+26.733, +8.985,+0.984
1659723000,+3.51,+26.759, +8.976,+0.984
1659723060,+3.51,+26.759, +8.972,+0.985
1659723120,+3.51,+26.767, +8.959,+0.984
1659723180,+3.51,+26.793, +8.985,+0.984
1659723240,+3.51,+26.776, +8.993,+0.984
1659723300,+3.51,+26.776, +9.005,+0.984
1659723360,+3.51,+26.776, +8.983,+0.985
1659723420,+3.51,+26.767, +8.914,+0.985
1659723480,+3.51,+26.759, +8.869,+0.984
1659723540,+3.51,+26.759, +8.856,+0.984
1659723600,+3.51,+26.725, +8.875,+0.984
1659723660,+3.51,+26.725, +8.871,+0.984
1659723720,+3.51,+26.700, +8.882,+0.984
1659723780,+3.51,+26.708, +8.865,+0.984
1659723840,+3.51,+26.674, +8.799,+0.984
1659723900,+3.51,+26.666, +8.808,+0.985
1659723960,+3.51,+26.657, +8.780,+0.984
1659724020,+3.51,+26.649, +8.800,+0.984
1659724080,+3.51,+26.632, +8.837,+0.984
1659724140,+3.51,+26.606, +8.876,+0.984
1659724200,+3.51,+26.606, +8.853,+0.984
1659724260,+3.51,+26.606, +8.855,+0.984
1659724320,+3.51,+26.572, +8.815,+0.984
1659724380,+3.51,+26.547, +8.797,+0.984
1659724440,+3.51,+26.556, +8.696,+0.983
1659724500,+3.51,+26.522, +8.737,+0.984
1659724560,+3.50,+26.513, +8.783,+0.984
1659724620,+3.50,+26.471, +8.792,+0.984
1659724680,+3.50,+26.454, +8.778,+0.984
1659724740,+3.50,+26.420, +8.805,+0.984
1659724800,+3.50,+26.412, +8.768,+0.984
1659724860,+3.50,+26.386, +8.759,+0.983
1659724920,+3.50,+26.361, +8.823,+0.984
1659724980,+3.50,+26.369, +8.822,+0.983
1659725040,+3.50,+26.352, +8.845,+0.984
1659725100,+3.50,+26.310, +8.859,+0.984
1659725160,+3.50,+26.319, +8.869,+0.984
1659725220,+3.50,+26.319, +8.851,+0.983
1659725280,+3.50,+26.310, +8.848,+0.983
1659725340,+3.50,+26.285, +8.880,+0.984
1659725400,+3.50,+26.225, +8.872,+0.983
1659725460,+3.50,+26.192, +8.941,+0.984
1659725520,+3.50,+26.183, +8.964,+0.984
1659725580,+3.50,+26.175, +8.950,+0.984
1659725640,+3.50,+26.149, +8.995,+0.984
1659725700,+3.50,+26.141, +9.054,+0.984
1659725760,+3.51,+26.124, +9.074,+0.984
1659725820,+3.51,+26.099, +9.068,+0.984
1659725880,+3.51,+26.065, +9.133,+0.985
1659725940,+3.51,+26.048, +9.135,+0.984
1659726000,+3.51,+26.023, +9.083,+0.984
1659726060,+3.51,+26.006, +9.103,+0.984
1659726120,+3.51,+25.980, +9.200,+0.984
1659726180,+3.51,+25.964, +9.253,+0.984
1659726240,+3.51,+25.964, +9.278,+0.984
1659726300,+3.51,+25.947, +9.296,+0.984
1659726360,+3.51,+25.938, +9.317,+0.985
1659726420,+3.51,+25.930, +9.244,+0.984
1659726480,+3.51,+25.930, +9.230,+0.984
1659726540,+3.51,+25.913, +9.259,+0.985
1659726600,+3.51,+25.913, +9.248,+0.984
1659726660,+3.51,+25.921, +9.249,+0.984
1659726720,+3.51,+25.921, +9.259,+0.984
1659726780,+3.51,+25.921, +9.280,+0.984
1659726840,+3.51,+25.904, +9.303,+0.984
1659726900,+3.51,+25.913, +9.324,+0.985
1659726960,+3.51,+25.930, +9.257,+0.983
1659727020,+3.51,+25.913, +9.282,+0.984
1659727080,+3.51,+25.921, +9.269,+0.985
1659727140,+3.51,+25.938, +9.266,+0.984
1659727200,+3.51,+25.921, +9.306,+0.984
1659727260,+3.51,+25.930, +9.313,+0.984
1659727320,+3.51,+25.938, +9.332,+0.984
1659727380,+3.51,+25.947, +9.328,+0.984
1659727440,+3.51,+25.972, +9.262,+0.984
1659727500,+3.51,+25.997, +9.114,+0.984
1659727560,+3.51,+25.997, +9.244,+0.985
1659727620,+3.51,+25.997, +9.308,+0.984
1659727680,+3.51,+26.006, +9.345,+0.985
1659727740,+3.51,+26.014, +9.383,+0.984
1659727800,+3.51,+26.031, +9.424,+0.985
1659727860,+3.51,+26.023, +9.311,+0.984
1659727920,+3.51,+26.040, +9.306,+0.985
1659727980,+3.51,+26.056, +9.301,+0.985
1659728040,+3.51,+26.031, +9.334,+0.985
1659728100,+3.51,+26.031, +9.311,+0.985
1659728160,+3.51,+26.048, +9.351,+0.984
1659728220,+3.51,+26.023, +9.380,+0.984
1659728280,+3.51,+26.023, +9.289,+0.985
1659728340,+3.51,+26.031, +9.287,+0.984
1659728400,+3.51,+26.040, +9.327,+0.984
1659728460,+3.51,+26.048, +9.334,+0.984
1659728520,+3.51,+26.040, +9.337,+0.984
1659728580,+3.51,+26.048, +9.363,+0.984
1659728640,+3.51,+26.048, +9.307,+0.985
1659728700,+3.51,+26.048, +9.384,+0.984
1659728760,+3.51,+26.023, +9.480,+0.984
1659728820,+3.51,+26.031, +9.477,+0.984
1659728880,+3.51,+26.040, +9.408,+0.984
1659728940,+3.51,+26.056, +9.377,+0.984
1659729000,+3.51,+26.031, +9.340,+0.984
1659729060,+3.51,+26.040, +9.431,+0.985
1659729120,+3.51,+26.040, +9.331,+0.984
1659729180,+3.51,+26.031, +9.328,+0.985
1659729240,+3.51,+26.048, +9.395,+0.984
1659729300,+3.51,+26.023, +9.462,+0.984
1659729360,+3.51,+26.014, +9.512,+0.985
1659729420,+3.51,+26.023, +9.546,+0.984
1659729480,+3.51,+26.031, +9.537,+0.985
1659729540,+3.51,+26.056, +9.540,+0.985
1659729600,+3.51,+26.031, +9.613,+0.984
1659729660,+3.51,+26.006, +9.667,+0.984
1659729720,+3.51,+26.006, +9.707,+0.985
1659729780,+3.51,+26.023, +9.685,+0.984
1659729840,+3.51,+26.014, +9.706,+0.985
1659729900,+3.51,+25.997, +9.728,+0.984
1659729960,+3.51,+26.023, +9.734,+0.984
1659730020,+3.51,+26.014, +9.738,+0.985
1659730080,+3.51,+26.040, +9.740,+0.984
1659730140,+3.51,+26.031, +9.767,+0.984
1659730200,+3.51,+26.014, +9.870,+0.985
1659730260,+3.51,+25.989, +9.912,+0.984
1659730320,+3.51,+25.997, +9.924,+0.985
1659730380,+3.51,+25.997, +9.853,+0.984
1659730440,+3.51,+25.997, +9.856,+0.986
1659730500,+3.51,+25.997, +9.803,+0.985
1659730560,+3.51,+26.006, +9.747,+0.984
1659730620,+3.51,+25.989, +9.797,+0.984
1659730680,+3.51,+25.989, +9.826,+0.985
1659730740,+3.51,+26.006, +9.864,+0.985
1659730800,+3.51,+25.997, +9.887,+0.985
1659730860,+3.51,+26.006, +9.863,+0.984
1659730920,+3.51,+25.972, +9.871,+0.985
1659730980,+3.51,+25.972, +9.853,+0.984
1659731040,+3.51,+25.955, +9.870,+0.985
1659731100,+3.51,+25.972, +9.882,+0.985
1659731160,+3.51,+25.980, +9.874,+0.985
1659731220,+3.51,+25.997, +9.868,+0.985
1659731280,+3.51,+25.989, +9.918,+0.986
