7450-383325
OS REV: 1.05 Sensor Cal: 1644949570
Time (sec),  BV (Volts),  T (deg C),  DO (mg/l),  Q ()
1659990540,+3.51,+28.342, +8.610,+0.983
1659990600,+3.51,+28.368, +8.584,+0.982
1659990660,+3.51,+28.342, +8.576,+0.982
1659990720,+3.51,+28.325, +8.556,+0.982
1659990780,+3.51,+28.325, +8.543,+0.983
1659990840,+3.51,+28.317, +8.548,+0.982
1659990900,+3.51,+28.325, +8.549,+0.982
1659990960,+3.51,+28.325, +8.588,+0.982
1659991020,+3.51,+28.291, +8.633,+0.983
1659991080,+3.51,+28.299, +8.624,+0.982
1659991140,+3.51,+28.325, +8.576,+0.982
1659991200,+3.51,+28.334, +8.531,+0.982
1659991260,+3.51,+28.325, +8.508,+0.982
1659991320,+3.51,+28.334, +8.385,+0.982
1659991380,+3.51,+28.342, +8.421,+0.982
1659991440,+3.51,+28.334, +8.480,+0.982
1659991500,+3.51,+28.359, +8.489,+0.982
1659991560,+3.51,+28.342, +8.513,+0.982
1659991620,+3.51,+28.351, +8.510,+0.981
1659991680,+3.51,+28.351, +8.522,+0.982
1659991740,+3.51,+28.368, +8.541,+0.982
1659991800,+3.51,+28.368, +8.550,+0.982
1659991860,+3.51,+28.342, +8.532,+0.982
1659991920,+3.51,+28.376, +8.510,+0.982
1659991980,+3.51,+28.359, +8.484,+0.982
1659992040,+3.51,+28.342, +8.428,+0.982
1659992100,+3.51,+28.342, +8.390,+0.982
1659992160,+3.51,+28.325, +8.360,+0.982
1659992220,+3.51,+28.308, +8.351,+0.982
1659992280,+3.51,+28.317, +8.340,+0.982
1659992340,+3.51,+28.291, +8.279,+0.981
1659992400,+3.51,+28.274, +8.245,+0.981
1659992460,+3.51,+28.291, +8.253,+0.982
1659992520,+3.51,+28.274, +8.157,+0.982
1659992580,+3.51,+28.274, +8.158,+0.982
1659992640,+3.51,+28.265, +8.104,+0.982
1659992700,+3.51,+28.231, +8.011,+0.982
1659992760,+3.51,+28.231, +8.008,+0.982
1659992820,+3.51,+28.240, +7.990,+0.981
1659992880,+3.51,+28.248, +7.986,+0.982
1659992940,+3.51,+28.205, +8.006,+0.982
1659993000,+3.51,+28.197, +8.144,+0.982
1659993060,+3.51,+28.214, +8.188,+0.982
1659993120,+3.51,+28.214, +8.194,+0.982
1659993180,+3.51,+28.214, +8.204,+0.982
1659993240,+3.51,+28.197, +8.211,+0.982
1659993300,+3.51,+28.188, +8.193,+0.981
1659993360,+3.51,+28.154, +8.230,+0.981
1659993420,+3.51,+28.154, +8.189,+0.982
1659993480,+3.51,+28.129, +8.130,+0.982
1659993540,+3.51,+28.103, +8.122,+0.982
1659993600,+3.51,+28.077, +8.110,+0.982
1659993660,+3.51,+28.069, +8.079,+0.982
1659993720,+3.51,+28.043, +8.047,+0.982
1659993780,+3.51,+28.052, +8.046,+0.981
1659993840,+3.51,+28.009, +8.052,+0.981
1659993900,+3.51,+28.000, +8.043,+0.981
1659993960,+3.51,+27.983, +8.007,+0.981
1659994020,+3.52,+27.958, +7.996,+0.982
1659994080,+3.51,+27.932, +7.969,+0.981
1659994140,+3.52,+27.898, +7.908,+0.982
1659994200,+3.52,+27.881, +7.887,+0.982
1659994260,+3.51,+27.847, +7.877,+0.982
1659994320,+3.52,+27.796, +7.908,+0.982
1659994380,+3.52,+27.779, +7.918,+0.982
1659994440,+3.52,+27.728, +7.921,+0.981
1659994500,+3.52,+27.711, +7.892,+0.981
1659994560,+3.52,+27.660, +7.849,+0.981
1659994620,+3.52,+27.651, +7.810,+0.981
1659994680,+3.52,+27.625, +7.815,+0.982
1659994740,+3.52,+27.642, +7.784,+0.981
1659994800,+3.51,+27.600, +7.799,+0.981
1659994860,+3.51,+27.583, +7.796,+0.981
1659994920,+3.51,+27.549, +7.757,+0.981
1659994980,+3.51,+27.540, +7.760,+0.981
1659995040,+3.51,+27.506, +7.808,+0.982
1659995100,+3.51,+27.455, +7.873,+0.981
1659995160,+3.51,+27.447, +7.860,+0.981
1659995220,+3.51,+27.413, +7.889,+0.981
1659995280,+3.51,+27.362, +7.897,+0.981
1659995340,+3.51,+27.345, +7.939,+0.981
1659995400,+3.51,+27.302, +8.043,+0.981
1659995460,+3.51,+27.277, +8.074,+0.981
1659995520,+3.51,+27.260, +8.107,+0.982
1659995580,+3.51,+27.217, +8.169,+0.982
1659995640,+3.51,+27.200, +8.137,+0.981
1659995700,+3.51,+27.183, +8.160,+0.982
1659995760,+3.51,+27.158, +8.145,+0.981
1659995820,+3.51,+27.141, +8.141,+0.982
1659995880,+3.51,+27.124, +8.099,+0.982
1659995940,+3.51,+27.115, +8.079,+0.982
1659996000,+3.51,+27.098, +8.075,+0.981
1659996060,+3.51,+27.073, +8.049,+0.981
1659996120,+3.51,+27.073, +8.063,+0.981
1659996180,+3.52,+27.047, +8.109,+0.982
1659996240,+3.51,+27.047, +8.163,+0.981
1659996300,+3.51,+27.039, +8.139,+0.981
1659996360,+3.51,+27.030, +8.121,+0.981
1659996420,+3.51,+27.056, +8.096,+0.982
1659996480,+3.52,+27.022, +8.098,+0.982
1659996540,+3.52,+27.005, +8.090,+0.982
1659996600,+3.51,+27.022, +8.095,+0.982
1659996660,+3.52,+27.013, +8.036,+0.981
1659996720,+3.52,+26.988, +8.079,+0.982
1659996780,+3.52,+27.005, +8.055,+0.982
1659996840,+3.52,+26.996, +8.055,+0.981
1659996900,+3.52,+26.979, +8.097,+0.982
1659996960,+3.52,+26.979, +8.108,+0.981
1659997020,+3.52,+26.988, +8.130,+0.982
1659997080,+3.52,+26.979, +8.095,+0.982
1659997140,+3.52,+26.988, +8.078,+0.982
1659997200,+3.52,+26.962, +8.059,+0.981
1659997260,+3.52,+26.954, +8.080,+0.982
1659997320,+3.52,+26.971, +8.074,+0.982
1659997380,+3.52,+26.962, +8.101,+0.982
1659997440,+3.52,+26.962, +8.045,+0.982
1659997500,+3.52,+26.971, +8.121,+0.981
1659997560,+3.52,+26.954, +8.286,+0.982
1659997620,+3.52,+26.979, +8.254,+0.982
1659997680,+3.52,+26.971, +8.207,+0.982
1659997740,+3.52,+26.988, +8.145,+0.981
1659997800,+3.52,+26.962, +8.139,+0.982
1659997860,+3.52,+26.971, +8.150,+0.982
1659997920,+3.52,+26.971, +8.182,+0.982
1659997980,+3.52,+26.954, +8.284,+0.982
1659998040,+3.52,+26.945, +8.275,+0.982
1659998100,+3.52,+26.954, +8.268,+0.982
1659998160,+3.52,+26.945, +8.270,+0.982
1659998220,+3.52,+26.937, +8.320,+0.982
1659998280,+3.52,+26.920, +8.305,+0.982
1659998340,+3.52,+26.920, +8.277,+0.982
1659998400,+3.52,+26.912, +8.333,+0.982
1659998460,+3.52,+26.920, +8.318,+0.982
1659998520,+3.52,+26.912, +8.288,+0.981
1659998580,+3.52,+26.912, +8.309,+0.982
1659998640,+3.52,+26.903, +8.273,+0.982
1659998700,+3.52,+26.895, +8.207,+0.982
1659998760,+3.52,+26.903, +8.179,+0.981
1659998820,+3.52,+26.895, +8.182,+0.981
1659998880,+3.52,+26.912, +8.059,+0.981
1659998940,+3.52,+26.895, +7.998,+0.982
1659999000,+3.52,+26.886, +7.992,+0.981
1659999060,+3.52,+26.869, +7.930,+0.981
1659999120,+3.52,+26.861, +8.015,+0.981
1659999180,+3.52,+26.878, +8.052,+0.982
1659999240,+3.52,+26.861, +8.096,+0.982
1659999300,+3.52,+26.878, +8.059,+0.982
1659999360,+3.52,+26.869, +8.045,+0.981
1659999420,+3.52,+26.886, +8.073,+0.981
1659999480,+3.52,+26.869, +8.125,+0.981
1659999540,+3.52,+26.852, +8.206,+0.982
1659999600,+3.52,+26.878, +8.278,+0.982
1659999660,+3.52,+26.869, +8.283,+0.981
1659999720,+3.52,+26.852, +8.286,+0.982
1659999780,+3.52,+26.844, +8.300,+0.981
1659999840,+3.52,+26.861, +8.257,+0.981
1659999900,+3.52,+26.835, +8.218,+0.981
1659999960,+3.52,+26.844, +8.184,+0.982
1660000020,+3.52,+26.818, +8.081,+0.982
1660000080,+3.52,+26.810, +8.212,+0.982
1660000140,+3.52,+26.801, +8.289,+0.982
1660000200,+3.52,+26.801, +8.273,+0.981
1660000260,+3.52,+26.776, +8.297,+0.981
1660000320,+3.52,+26.767, +8.284,+0.982
1660000380,+3.52,+26.750, +8.224,+0.982
1660000440,+3.52,+26.733, +8.204,+0.981
1660000500,+3.52,+26.716, +8.217,+0.982
1660000560,+3.52,+26.725, +8.118,+0.982
1660000620,+3.52,+26.691, +8.095,+0.981
1660000680,+3.52,+26.691, +8.129,+0.982
1660000740,+3.52,+26.683, +8.047,+0.982
1660000800,+3.52,+26.666, +8.103,+0.981
1660000860,+3.52,+26.649, +8.148,+0.981
1660000920,+3.52,+26.640, +8.092,+0.981
1660000980,+3.52,+26.632, +8.068,+0.981
1660001040,+3.52,+26.623, +8.000,+0.981
1660001100,+3.52,+26.615, +7.896,+0.982
1660001160,+3.52,+26.598, +7.833,+0.981
1660001220,+3.52,+26.581, +7.845,+0.981
1660001280,+3.52,+26.581, +8.082,+0.982
1660001340,+3.52,+26.572, +8.237,+0.981
1660001400,+3.52,+26.572, +8.278,+0.982
1660001460,+3.52,+26.547, +8.312,+0.982
1660001520,+3.52,+26.564, +8.296,+0.981
1660001580,+3.52,+26.556, +8.279,+0.982
1660001640,+3.52,+26.556, +8.283,+0.981
1660001700,+3.52,+26.556, +8.297,+0.982
1660001760,+3.52,+26.556, +8.305,+0.981
1660001820,+3.52,+26.547, +8.227,+0.981
1660001880,+3.52,+26.530, +8.124,+0.981
1660001940,+3.52,+26.547, +8.130,+0.982
1660002000,+3.52,+26.547, +8.192,+0.982
1660002060,+3.52,+26.547, +8.204,+0.982
1660002120,+3.52,+26.530, +8.191,+0.981
1660002180,+3.52,+26.539, +8.192,+0.981
1660002240,+3.52,+26.564, +8.137,+0.982
1660002300,+3.52,+26.556, +8.136,+0.982
1660002360,+3.52,+26.522, +8.153,+0.982
1660002420,+3.52,+26.547, +8.093,+0.981
1660002480,+3.52,+26.556, +8.082,+0.982
1660002540,+3.52,+26.522, +8.086,+0.981
1660002600,+3.52,+26.539, +8.091,+0.981
1660002660,+3.52,+26.556, +8.098,+0.982
1660002720,+3.52,+26.556, +8.100,+0.981
1660002780,+3.52,+26.547, +7.957,+0.982
1660002840,+3.51,+26.522, +7.889,+0.981
1660002900,+3.52,+26.539, +7.896,+0.981
1660002960,+3.52,+26.539, +7.883,+0.981
1660003020,+3.51,+26.522, +7.890,+0.981
1660003080,+3.52,+26.539, +7.919,+0.982
1660003140,+3.51,+26.513, +7.940,+0.981
1660003200,+3.51,+26.539, +7.851,+0.982
1660003260,+3.52,+26.522, +7.860,+0.981
1660003320,+3.52,+26.539, +7.860,+0.981
1660003380,+3.51,+26.547, +7.859,+0.981
1660003440,+3.52,+26.547, +7.711,+0.981
1660003500,+3.52,+26.547, +7.709,+0.981
1660003560,+3.52,+26.564, +7.712,+0.981
1660003620,+3.52,+26.556, +7.764,+0.982
1660003680,+3.52,+26.556, +7.790,+0.981
1660003740,+3.52,+26.564, +7.771,+0.981
1660003800,+3.52,+26.564, +7.758,+0.982
1660003860,+3.52,+26.564, +7.883,+0.981
1660003920,+3.52,+26.564, +7.876,+0.982
1660003980,+3.52,+26.572, +7.852,+0.981
1660004040,+3.52,+26.564, +7.842,+0.982
1660004100,+3.52,+26.589, +7.800,+0.982
1660004160,+3.52,+26.572, +7.760,+0.982
1660004220,+3.52,+26.581, +7.676,+0.981
1660004280,+3.52,+26.598, +7.586,+0.981
1660004340,+3.52,+26.598, +7.611,+0.981
1660004400,+3.52,+26.598, +7.640,+0.981
1660004460,+3.52,+26.606, +7.649,+0.981
1660004520,+3.52,+26.623, +7.654,+0.981
1660004580,+3.52,+26.606, +7.638,+0.981
1660004640,+3.52,+26.615, +7.600,+0.981
1660004700,+3.52,+26.615, +7.545,+0.981
1660004760,+3.52,+26.615, +7.470,+0.981
1660004820,+3.52,+26.640, +7.431,+0.981
1660004880,+3.52,+26.623, +7.335,+0.981
1660004940,+3.52,+26.615, +7.205,+0.981
1660005000,+3.52,+26.649, +7.080,+0.981
1660005060,+3.52,+26.649, +7.075,+0.981
1660005120,+3.52,+26.623, +6.980,+0.980
1660005180,+3.52,+26.623, +6.922,+0.981
1660005240,+3.52,+26.615, +6.891,+0.980
1660005300,+3.52,+26.606, +6.874,+0.980
1660005360,+3.52,+26.598, +6.812,+0.981
1660005420,+3.52,+26.589, +6.858,+0.980
1660005480,+3.52,+26.606, +6.854,+0.981
1660005540,+3.52,+26.606, +6.841,+0.981
1660005600,+3.52,+26.581, +6.827,+0.980
1660005660,+3.52,+26.589, +6.803,+0.981
1660005720,+3.51,+26.581, +6.773,+0.981
1660005780,+3.52,+26.581, +6.710,+0.980
1660005840,+3.52,+26.598, +6.626,+0.981
1660005900,+3.52,+26.606, +6.580,+0.981
1660005960,+3.52,+26.598, +6.531,+0.980
1660006020,+3.52,+26.606, +6.451,+0.981
1660006080,+3.52,+26.615, +6.393,+0.981
1660006140,+3.52,+26.623, +6.323,+0.981
1660006200,+3.52,+26.615, +6.331,+0.981
1660006260,+3.52,+26.606, +6.329,+0.980
1660006320,+3.52,+26.615, +6.333,+0.980
1660006380,+3.52,+26.632, +6.305,+0.980
1660006440,+3.52,+26.649, +6.297,+0.981
1660006500,+3.52,+26.649, +6.286,+0.980
1660006560,+3.52,+26.700, +6.214,+0.980
1660006620,+3.52,+26.691, +6.128,+0.980
1660006680,+3.51,+26.683, +6.092,+0.980
1660006740,+3.52,+26.674, +6.037,+0.980
1660006800,+3.52,+26.683, +5.985,+0.980
1660006860,+3.52,+26.683, +5.995,+0.980
1660006920,+3.51,+26.700, +6.029,+0.980
1660006980,+3.51,+26.725, +6.023,+0.980
1660007040,+3.51,+26.767, +6.048,+0.981
1660007100,+3.51,+26.801, +6.001,+0.981
1660007160,+3.51,+26.818, +6.068,+0.981
1660007220,+3.51,+26.818, +5.996,+0.980
1660007280,+3.51,+26.835, +5.955,+0.981
1660007340,+3.51,+26.912, +5.966,+0.981
1660007400,+3.51,+26.937, +6.066,+0.981
1660007460,+3.51,+26.928, +6.123,+0.980
1660007520,+3.51,+26.912, +6.049,+0.981
1660007580,+3.51,+26.912, +5.964,+0.980
1660007640,+3.51,+26.945, +5.906,+0.980
1660007700,+3.51,+26.945, +5.927,+0.981
1660007760,+3.51,+26.962, +5.937,+0.981
1660007820,+3.51,+26.945, +5.920,+0.981
1660007880,+3.51,+26.954, +5.924,+0.981
1660007940,+3.51,+26.996, +5.895,+0.981
1660008000,+3.51,+27.030, +5.867,+0.981
1660008060,+3.51,+27.039, +5.907,+0.981
1660008120,+3.51,+27.030, +5.956,+0.980
1660008180,+3.51,+27.073, +5.957,+0.980
1660008240,+3.51,+27.081, +6.049,+0.981
1660008300,+3.51,+27.107, +6.094,+0.981
1660008360,+3.51,+27.115, +6.144,+0.980
1660008420,+3.51,+27.149, +6.181,+0.981
1660008480,+3.51,+27.149, +6.181,+0.981
1660008540,+3.51,+27.175, +6.244,+0.981
1660008600,+3.51,+27.183, +6.313,+0.981
1660008660,+3.51,+27.226, +6.427,+0.981
1660008720,+3.51,+27.226, +6.430,+0.981
1660008780,+3.51,+27.226, +6.388,+0.981
1660008840,+3.51,+27.234, +6.412,+0.981
1660008900,+3.51,+27.243, +6.460,+0.981
1660008960,+3.51,+27.285, +6.538,+0.980
1660009020,+3.51,+27.285, +6.561,+0.980
1660009080,+3.51,+27.294, +6.576,+0.981
1660009140,+3.51,+27.302, +6.649,+0.981
1660009200,+3.51,+27.311, +6.690,+0.981
1660009260,+3.51,+27.319, +6.692,+0.981
1660009320,+3.51,+27.319, +6.729,+0.981
1660009380,+3.51,+27.319, +6.693,+0.981
1660009440,+3.51,+27.345, +6.707,+0.981
1660009500,+3.51,+27.345, +6.646,+0.981
1660009560,+3.51,+27.345, +6.594,+0.981
1660009620,+3.51,+27.336, +6.682,+0.980
1660009680,+3.51,+27.353, +6.706,+0.981
1660009740,+3.51,+27.353, +6.720,+0.981
1660009800,+3.51,+27.370, +6.695,+0.981
1660009860,+3.51,+27.345, +6.636,+0.981
1660009920,+3.51,+27.370, +6.611,+0.981
1660009980,+3.51,+27.353, +6.607,+0.981
1660010040,+3.51,+27.353, +6.532,+0.981
1660010100,+3.51,+27.379, +6.499,+0.981
1660010160,+3.51,+27.328, +6.469,+0.981
1660010220,+3.51,+27.345, +6.409,+0.981
1660010280,+3.51,+27.336, +6.372,+0.980
1660010340,+3.51,+27.328, +6.369,+0.980
1660010400,+3.51,+27.345, +6.353,+0.981
1660010460,+3.51,+27.319, +6.436,+0.980
1660010520,+3.51,+27.328, +6.442,+0.980
1660010580,+3.51,+27.311, +6.411,+0.981
1660010640,+3.51,+27.311, +6.404,+0.981
1660010700,+3.51,+27.294, +6.412,+0.980
1660010760,+3.51,+27.319, +6.415,+0.980
1660010820,+3.51,+27.319, +6.399,+0.981
1660010880,+3.51,+27.311, +6.434,+0.981
1660010940,+3.51,+27.311, +6.450,+0.980
1660011000,+3.51,+27.319, +6.460,+0.981
1660011060,+3.51,+27.328, +6.469,+0.981
1660011120,+3.51,+27.319, +6.490,+0.981
1660011180,+3.51,+27.336, +6.519,+0.980
1660011240,+3.51,+27.336, +6.510,+0.981
1660011300,+3.51,+27.345, +6.549,+0.981
1660011360,+3.51,+27.345, +6.560,+0.981
1660011420,+3.51,+27.336, +6.567,+0.981
1660011480,+3.51,+27.353, +6.525,+0.980
1660011540,+3.51,+27.345, +6.562,+0.981
1660011600,+3.51,+27.345, +6.585,+0.981
1660011660,+3.51,+27.336, +6.614,+0.981
1660011720,+3.51,+27.345, +6.598,+0.980
1660011780,+3.51,+27.336, +6.574,+0.981
1660011840,+3.51,+27.336, +6.579,+0.980
1660011900,+3.51,+27.336, +6.602,+0.981
1660011960,+3.51,+27.311, +6.587,+0.981
1660012020,+3.51,+27.319, +6.550,+0.980
1660012080,+3.51,+27.328, +6.577,+0.981
1660012140,+3.51,+27.328, +6.629,+0.981
1660012200,+3.51,+27.336, +6.649,+0.981
1660012260,+3.51,+27.319, +6.673,+0.980
1660012320,+3.51,+27.336, +6.620,+0.981
1660012380,+3.51,+27.319, +6.606,+0.981
1660012440,+3.51,+27.319, +6.625,+0.981
1660012500,+3.51,+27.311, +6.622,+0.981
1660012560,+3.51,+27.328, +6.643,+0.980
1660012620,+3.51,+27.319, +6.669,+0.980
1660012680,+3.51,+27.319, +6.647,+0.980
1660012740,+3.51,+27.345, +6.668,+0.981
1660012800,+3.51,+27.328, +6.627,+0.980
1660012860,+3.51,+27.336, +6.617,+0.980
1660012920,+3.51,+27.319, +6.678,+0.981
1660012980,+3.51,+27.319, +6.655,+0.981
1660013040,+3.51,+27.319, +6.578,+0.980
1660013100,+3.51,+27.328, +6.532,+0.980
1660013160,+3.51,+27.328, +6.636,+0.980
1660013220,+3.51,+27.319, +6.623,+0.980
1660013280,+3.51,+27.319, +6.648,+0.981
1660013340,+3.51,+27.319, +6.622,+0.980
1660013400,+3.51,+27.336, +6.638,+0.981
1660013460,+3.51,+27.336, +6.644,+0.980
1660013520,+3.51,+27.336, +6.635,+0.981
1660013580,+3.51,+27.336, +6.565,+0.981
1660013640,+3.51,+27.328, +6.544,+0.981
1660013700,+3.51,+27.336, +6.527,+0.981
1660013760,+3.51,+27.345, +6.540,+0.981
1660013820,+3.51,+27.328, +6.512,+0.981
1660013880,+3.51,+27.345, +6.517,+0.980
1660013940,+3.51,+27.345, +6.497,+0.980
1660014000,+3.51,+27.353, +6.516,+0.980
1660014060,+3.51,+27.336, +6.509,+0.980
1660014120,+3.51,+27.353, +6.507,+0.981
1660014180,+3.51,+27.370, +6.544,+0.980
1660014240,+3.51,+27.362, +6.608,+0.981
1660014300,+3.51,+27.353, +6.583,+0.980
1660014360,+3.51,+27.353, +6.601,+0.980
1660014420,+3.51,+27.362, +6.569,+0.980
1660014480,+3.51,+27.362, +6.534,+0.980
1660014540,+3.51,+27.370, +6.510,+0.980
1660014600,+3.51,+27.370, +6.533,+0.981
1660014660,+3.51,+27.370, +6.544,+0.980
1660014720,+3.51,+27.370, +6.541,+0.981
1660014780,+3.51,+27.396, +6.531,+0.980
1660014840,+3.51,+27.387, +6.567,+0.980
1660014900,+3.51,+27.379, +6.563,+0.981
1660014960,+3.51,+27.387, +6.578,+0.981
1660015020,+3.51,+27.387, +6.595,+0.981
1660015080,+3.51,+27.396, +6.630,+0.981
1660015140,+3.51,+27.387, +6.626,+0.981
1660015200,+3.51,+27.396, +6.581,+0.981
1660015260,+3.51,+27.404, +6.631,+0.980
1660015320,+3.51,+27.396, +6.651,+0.981
1660015380,+3.51,+27.413, +6.676,+0.980
1660015440,+3.51,+27.404, +6.691,+0.980
1660015500,+3.51,+27.387, +6.695,+0.980
1660015560,+3.51,+27.387, +6.696,+0.981
1660015620,+3.51,+27.404, +6.678,+0.981
1660015680,+3.51,+27.396, +6.629,+0.980
1660015740,+3.51,+27.404, +6.614,+0.981
1660015800,+3.51,+27.396, +6.620,+0.981
1660015860,+3.51,+27.396, +6.584,+0.981
1660015920,+3.51,+27.404, +6.580,+0.980
1660015980,+3.51,+27.404, +6.601,+0.981
1660016040,+3.51,+27.413, +6.615,+0.980
1660016100,+3.51,+27.413, +6.580,+0.981
1660016160,+3.51,+27.404, +6.590,+0.981
1660016220,+3.51,+27.421, +6.616,+0.980
1660016280,+3.51,+27.404, +6.636,+0.980
1660016340,+3.51,+27.396, +6.645,+0.981
1660016400,+3.51,+27.413, +6.613,+0.980
1660016460,+3.51,+27.404, +6.617,+0.980
1660016520,+3.51,+27.413, +6.664,+0.980
1660016580,+3.51,+27.404, +6.662,+0.980
1660016640,+3.51,+27.421, +6.644,+0.980
1660016700,+3.51,+27.421, +6.601,+0.980
1660016760,+3.51,+27.421, +6.726,+0.980
1660016820,+3.51,+27.430, +6.767,+0.981
1660016880,+3.51,+27.430, +6.805,+0.980
1660016940,+3.51,+27.447, +6.826,+0.981
1660017000,+3.51,+27.438, +6.851,+0.981
1660017060,+3.51,+27.447, +6.916,+0.981
1660017120,+3.51,+27.438, +6.972,+0.980
1660017180,+3.51,+27.438, +6.951,+0.980
1660017240,+3.51,+27.447, +6.880,+0.980
1660017300,+3.51,+27.455, +6.862,+0.981
1660017360,+3.51,+27.455, +6.829,+0.981
1660017420,+3.51,+27.438, +6.831,+0.981
1660017480,+3.51,+27.430, +6.825,+0.981
1660017540,+3.51,+27.455, +6.771,+0.980
1660017600,+3.51,+27.447, +6.789,+0.980
1660017660,+3.51,+27.430, +6.822,+0.980
1660017720,+3.51,+27.404, +6.897,+0.981
1660017780,+3.51,+27.396, +6.893,+0.980
1660017840,+3.51,+27.370, +6.901,+0.981
1660017900,+3.51,+27.362, +6.865,+0.981
1660017960,+3.51,+27.345, +6.793,+0.981
1660018020,+3.51,+27.345, +6.723,+0.980
1660018080,+3.51,+27.336, +6.726,+0.981
1660018140,+3.51,+27.345, +6.703,+0.981
1660018200,+3.51,+27.311, +6.675,+0.981
1660018260,+3.51,+27.319, +6.629,+0.981
1660018320,+3.51,+27.311, +6.642,+0.980
1660018380,+3.51,+27.311, +6.733,+0.981
1660018440,+3.51,+27.302, +6.768,+0.981
1660018500,+3.51,+27.294, +6.740,+0.981
1660018560,+3.51,+27.294, +6.764,+0.980
1660018620,+3.51,+27.294, +6.805,+0.980
1660018680,+3.51,+27.294, +6.780,+0.981
1660018740,+3.51,+27.268, +6.780,+0.980
1660018800,+3.51,+27.268, +6.768,+0.981
1660018860,+3.51,+27.285, +6.712,+0.980
1660018920,+3.51,+27.260, +6.700,+0.980
1660018980,+3.51,+27.277, +6.705,+0.981
1660019040,+3.51,+27.251, +6.750,+0.981
1660019100,+3.51,+27.260, +6.770,+0.980
1660019160,+3.51,+27.251, +6.783,+0.981
1660019220,+3.51,+27.251, +6.818,+0.980
1660019280,+3.51,+27.234, +6.837,+0.981
1660019340,+3.51,+27.243, +6.857,+0.981
1660019400,+3.51,+27.234, +6.813,+0.981
1660019460,+3.51,+27.234, +6.790,+0.980
1660019520,+3.51,+27.234, +6.769,+0.980
1660019580,+3.51,+27.226, +6.745,+0.981
1660019640,+3.51,+27.260, +6.693,+0.981
1660019700,+3.51,+27.243, +6.642,+0.980
1660019760,+3.51,+27.243, +6.621,+0.980
1660019820,+3.51,+27.243, +6.629,+0.980
1660019880,+3.51,+27.234, +6.632,+0.980
1660019940,+3.51,+27.234, +6.623,+0.980
1660020000,+3.51,+27.217, +6.594,+0.980
1660020060,+3.51,+27.234, +6.567,+0.980
1660020120,+3.51,+27.226, +6.604,+0.981
1660020180,+3.51,+27.226, +6.609,+0.980
1660020240,+3.51,+27.217, +6.592,+0.980
1660020300,+3.51,+27.226, +6.563,+0.981
1660020360,+3.51,+27.243, +6.552,+0.980
1660020420,+3.51,+27.217, +6.591,+0.980
1660020480,+3.51,+27.209, +6.534,+0.980
1660020540,+3.51,+27.226, +6.532,+0.980
1660020600,+3.51,+27.234, +6.536,+0.980
1660020660,+3.51,+27.226, +6.488,+0.980
1660020720,+3.51,+27.217, +6.482,+0.980
1660020780,+3.51,+27.234, +6.589,+0.980
1660020840,+3.51,+27.234, +6.581,+0.980
1660020900,+3.51,+27.243, +6.580,+0.981
1660020960,+3.51,+27.243, +6.526,+0.980
1660021020,+3.51,+27.234, +6.548,+0.981
1660021080,+3.51,+27.251, +6.549,+0.981
1660021140,+3.51,+27.268, +6.549,+0.980
1660021200,+3.51,+27.251, +6.565,+0.980
1660021260,+3.51,+27.277, +6.663,+0.980
1660021320,+3.51,+27.277, +6.671,+0.981
1660021380,+3.51,+27.285, +6.692,+0.981
1660021440,+3.51,+27.302, +6.619,+0.980
1660021500,+3.51,+27.277, +6.586,+0.980
1660021560,+3.51,+27.294, +6.536,+0.980
1660021620,+3.51,+27.294, +6.525,+0.980
1660021680,+3.51,+27.302, +6.540,+0.981
1660021740,+3.51,+27.294, +6.579,+0.980
1660021800,+3.51,+27.302, +6.585,+0.981
1660021860,+3.51,+27.328, +6.551,+0.980
1660021920,+3.51,+27.319, +6.534,+0.981
1660021980,+3.51,+27.302, +6.554,+0.980
1660022040,+3.51,+27.345, +6.609,+0.980
1660022100,+3.51,+27.319, +6.631,+0.981
1660022160,+3.51,+27.345, +6.618,+0.980
1660022220,+3.51,+27.328, +6.633,+0.980
1660022280,+3.51,+27.328, +6.597,+0.980
1660022340,+3.51,+27.345, +6.598,+0.980
1660022400,+3.51,+27.345, +6.618,+0.980
1660022460,+3.51,+27.353, +6.649,+0.980
1660022520,+3.51,+27.362, +6.643,+0.980
1660022580,+3.51,+27.353, +6.694,+0.981
1660022640,+3.51,+27.362, +6.704,+0.980
1660022700,+3.51,+27.370, +6.704,+0.981
1660022760,+3.51,+27.370, +6.740,+0.980
1660022820,+3.51,+27.370, +6.745,+0.981
1660022880,+3.51,+27.362, +6.786,+0.981
1660022940,+3.51,+27.404, +6.758,+0.981
1660023000,+3.51,+27.387, +6.758,+0.981
1660023060,+3.51,+27.404, +6.746,+0.980
1660023120,+3.51,+27.404, +6.769,+0.980
1660023180,+3.51,+27.396, +6.783,+0.980
1660023240,+3.51,+27.413, +6.842,+0.981
1660023300,+3.51,+27.404, +6.863,+0.981
1660023360,+3.51,+27.421, +6.815,+0.980
1660023420,+3.51,+27.387, +6.825,+0.981
1660023480,+3.51,+27.430, +6.837,+0.980
1660023540,+3.51,+27.430, +6.854,+0.980
1660023600,+3.51,+27.421, +6.853,+0.981
1660023660,+3.51,+27.438, +6.866,+0.981
1660023720,+3.51,+27.430, +6.866,+0.980
1660023780,+3.51,+27.438, +6.881,+0.980
1660023840,+3.51,+27.438, +6.931,+0.981
1660023900,+3.51,+27.447, +6.916,+0.981
1660023960,+3.51,+27.438, +6.901,+0.981
1660024020,+3.51,+27.455, +6.881,+0.980
1660024080,+3.51,+27.438, +6.862,+0.980
1660024140,+3.51,+27.438, +6.854,+0.980
1660024200,+3.51,+27.438, +6.872,+0.981
1660024260,+3.51,+27.447, +6.871,+0.981
1660024320,+3.51,+27.455, +6.866,+0.981
1660024380,+3.51,+27.430, +6.899,+0.980
1660024440,+3.51,+27.438, +6.917,+0.980
1660024500,+3.51,+27.438, +6.872,+0.981
1660024560,+3.51,+27.413, +6.883,+0.981
1660024620,+3.51,+27.430, +6.884,+0.981
1660024680,+3.51,+27.447, +6.904,+0.981
1660024740,+3.51,+27.447, +6.875,+0.980
1660024800,+3.51,+27.430, +6.876,+0.981
1660024860,+3.51,+27.447, +6.841,+0.980
1660024920,+3.51,+27.438, +6.847,+0.981
1660024980,+3.51,+27.438, +6.863,+0.980
1660025040,+3.51,+27.421, +6.863,+0.980
1660025100,+3.51,+27.421, +6.888,+0.981
1660025160,+3.51,+27.421, +6.854,+0.980
1660025220,+3.51,+27.421, +6.817,+0.980
1660025280,+3.51,+27.447, +6.812,+0.980
1660025340,+3.51,+27.438, +6.846,+0.981
1660025400,+3.51,+27.421, +6.824,+0.980
1660025460,+3.51,+27.430, +6.827,+0.980
1660025520,+3.51,+27.455, +6.828,+0.980
1660025580,+3.51,+27.430, +6.849,+0.981
1660025640,+3.51,+27.438, +6.853,+0.980
1660025700,+3.51,+27.438, +6.849,+0.980
1660025760,+3.51,+27.421, +6.833,+0.980
1660025820,+3.51,+27.430, +6.836,+0.980
1660025880,+3.51,+27.447, +6.842,+0.980
1660025940,+3.51,+27.455, +6.830,+0.980
1660026000,+3.51,+27.430, +6.848,+0.980
1660026060,+3.51,+27.447, +6.836,+0.980
1660026120,+3.51,+27.438, +6.815,+0.980
1660026180,+3.51,+27.455, +6.832,+0.981
1660026240,+3.51,+27.455, +6.815,+0.980
1660026300,+3.51,+27.464, +6.841,+0.980
1660026360,+3.51,+27.447, +6.864,+0.980
1660026420,+3.51,+27.447, +6.868,+0.981
1660026480,+3.51,+27.464, +6.859,+0.980
1660026540,+3.51,+27.472, +6.839,+0.981
1660026600,+3.51,+27.455, +6.779,+0.980
1660026660,+3.51,+27.455, +6.751,+0.980
1660026720,+3.51,+27.472, +6.721,+0.981
1660026780,+3.51,+27.481, +6.685,+0.980
1660026840,+3.51,+27.464, +6.714,+0.980
1660026900,+3.51,+27.472, +6.696,+0.981
1660026960,+3.51,+27.464, +6.678,+0.980
1660027020,+3.51,+27.472, +6.701,+0.980
1660027080,+3.51,+27.472, +6.766,+0.980
1660027140,+3.51,+27.472, +6.734,+0.980
1660027200,+3.51,+27.472, +6.723,+0.980
1660027260,+3.51,+27.489, +6.698,+0.980
1660027320,+3.51,+27.464, +6.710,+0.980
1660027380,+3.51,+27.481, +6.737,+0.981
1660027440,+3.51,+27.498, +6.762,+0.981
1660027500,+3.51,+27.489, +6.702,+0.980
1660027560,+3.51,+27.464, +6.693,+0.980
1660027620,+3.51,+27.472, +6.671,+0.980
1660027680,+3.51,+27.489, +6.667,+0.980
1660027740,+3.51,+27.472, +6.676,+0.980
1660027800,+3.51,+27.498, +6.659,+0.981
1660027860,+3.51,+27.498, +6.606,+0.980
1660027920,+3.51,+27.489, +6.601,+0.980
1660027980,+3.51,+27.498, +6.609,+0.980
1660028040,+3.51,+27.489, +6.600,+0.980
1660028100,+3.51,+27.498, +6.566,+0.980
1660028160,+3.51,+27.464, +6.545,+0.980
1660028220,+3.51,+27.489, +6.457,+0.980
1660028280,+3.51,+27.498, +6.392,+0.980
1660028340,+3.51,+27.489, +6.363,+0.980
1660028400,+3.51,+27.498, +6.312,+0.980
1660028460,+3.51,+27.481, +6.304,+0.980
1660028520,+3.51,+27.489, +6.260,+0.980
1660028580,+3.51,+27.464, +6.224,+0.980
1660028640,+3.51,+27.472, +6.216,+0.980
1660028700,+3.51,+27.481, +6.211,+0.980
1660028760,+3.51,+27.464, +6.246,+0.980
1660028820,+3.51,+27.472, +6.251,+0.980
1660028880,+3.51,+27.481, +6.229,+0.980
1660028940,+3.51,+27.455, +6.228,+0.980
1660029000,+3.51,+27.472, +6.173,+0.980
1660029060,+3.51,+27.481, +6.156,+0.980
1660029120,+3.51,+27.472, +6.146,+0.980
1660029180,+3.51,+27.472, +6.129,+0.980
1660029240,+3.51,+27.464, +6.098,+0.980
1660029300,+3.51,+27.447, +6.041,+0.980
1660029360,+3.51,+27.447, +6.024,+0.980
1660029420,+3.51,+27.455, +5.996,+0.979
1660029480,+3.51,+27.438, +5.946,+0.980
1660029540,+3.51,+27.430, +5.917,+0.980
1660029600,+3.51,+27.430, +5.890,+0.980
1660029660,+3.51,+27.438, +5.877,+0.980
1660029720,+3.51,+27.438, +5.878,+0.980
1660029780,+3.51,+27.421, +5.879,+0.980
1660029840,+3.51,+27.438, +5.853,+0.980
1660029900,+3.51,+27.413, +5.796,+0.980
1660029960,+3.51,+27.413, +5.807,+0.980
1660030020,+3.51,+27.404, +5.865,+0.980
1660030080,+3.51,+27.396, +5.917,+0.980
1660030140,+3.51,+27.387, +5.961,+0.980
1660030200,+3.51,+27.404, +6.016,+0.980
1660030260,+3.51,+27.379, +6.029,+0.980
1660030320,+3.51,+27.387, +6.038,+0.980
1660030380,+3.51,+27.379, +6.011,+0.980
1660030440,+3.51,+27.404, +6.012,+0.980
1660030500,+3.51,+27.396, +6.023,+0.980
1660030560,+3.51,+27.387, +6.077,+0.980
1660030620,+3.51,+27.387, +6.139,+0.980
1660030680,+3.51,+27.370, +6.130,+0.980
1660030740,+3.51,+27.362, +6.107,+0.980
1660030800,+3.51,+27.353, +6.109,+0.980
1660030860,+3.51,+27.370, +6.080,+0.980
1660030920,+3.51,+27.362, +6.038,+0.980
1660030980,+3.51,+27.353, +6.008,+0.980
1660031040,+3.51,+27.362, +6.011,+0.980
1660031100,+3.51,+27.370, +6.028,+0.980
1660031160,+3.51,+27.362, +6.016,+0.980
1660031220,+3.51,+27.362, +5.985,+0.980
1660031280,+3.51,+27.362, +5.960,+0.980
1660031340,+3.51,+27.370, +5.998,+0.980
1660031400,+3.51,+27.396, +6.028,+0.980
1660031460,+3.51,+27.379, +6.017,+0.980
1660031520,+3.51,+27.404, +6.034,+0.980
1660031580,+3.51,+27.370, +6.031,+0.980
1660031640,+3.51,+27.396, +6.066,+0.980
1660031700,+3.51,+27.413, +6.055,+0.980
1660031760,+3.51,+27.421, +6.087,+0.980
1660031820,+3.51,+27.438, +6.227,+0.980
1660031880,+3.51,+27.447, +6.313,+0.980
1660031940,+3.51,+27.472, +6.378,+0.980
1660032000,+3.51,+27.472, +6.349,+0.980
1660032060,+3.51,+27.472, +6.320,+0.980
1660032120,+3.51,+27.506, +6.328,+0.980
1660032180,+3.51,+27.489, +6.376,+0.980
1660032240,+3.51,+27.489, +6.366,+0.980
1660032300,+3.51,+27.498, +6.330,+0.981
1660032360,+3.51,+27.498, +6.330,+0.980
1660032420,+3.51,+27.498, +6.293,+0.980
1660032480,+3.51,+27.489, +6.288,+0.980
1660032540,+3.51,+27.506, +6.263,+0.980
1660032600,+3.51,+27.489, +6.275,+0.980
1660032660,+3.51,+27.498, +6.244,+0.980
1660032720,+3.51,+27.506, +6.209,+0.980
1660032780,+3.51,+27.472, +6.217,+0.980
1660032840,+3.51,+27.481, +6.192,+0.980
1660032900,+3.51,+27.464, +6.183,+0.980
1660032960,+3.51,+27.447, +6.174,+0.980
1660033020,+3.51,+27.438, +6.170,+0.980
1660033080,+3.51,+27.447, +6.196,+0.980
1660033140,+3.51,+27.430, +6.166,+0.980
1660033200,+3.51,+27.430, +6.147,+0.980
1660033260,+3.51,+27.438, +6.112,+0.980
1660033320,+3.51,+27.430, +6.077,+0.980
1660033380,+3.51,+27.430, +6.106,+0.980
1660033440,+3.51,+27.421, +6.129,+0.980
1660033500,+3.51,+27.413, +6.137,+0.980
1660033560,+3.51,+27.430, +6.141,+0.980
1660033620,+3.51,+27.413, +6.124,+0.980
1660033680,+3.51,+27.404, +6.131,+0.980
1660033740,+3.51,+27.396, +6.112,+0.980
1660033800,+3.51,+27.413, +6.103,+0.980
1660033860,+3.51,+27.413, +6.082,+0.980
1660033920,+3.51,+27.413, +6.047,+0.980
1660033980,+3.51,+27.413, +6.064,+0.980
1660034040,+3.51,+27.396, +6.060,+0.980
1660034100,+3.51,+27.387, +6.078,+0.980
1660034160,+3.51,+27.379, +6.063,+0.980
1660034220,+3.51,+27.387, +6.048,+0.979
1660034280,+3.51,+27.396, +6.031,+0.980
1660034340,+3.51,+27.362, +5.975,+0.980
1660034400,+3.51,+27.387, +5.991,+0.980
1660034460,+3.51,+27.387, +5.981,+0.980
1660034520,+3.51,+27.387, +6.003,+0.980
1660034580,+3.51,+27.379, +5.983,+0.980
1660034640,+3.51,+27.370, +5.980,+0.980
1660034700,+3.51,+27.379, +5.996,+0.980
1660034760,+3.51,+27.370, +5.969,+0.980
1660034820,+3.51,+27.379, +5.983,+0.980
1660034880,+3.51,+27.396, +5.942,+0.980
1660034940,+3.51,+27.379, +5.947,+0.980
1660035000,+3.51,+27.362, +5.931,+0.979
1660035060,+3.51,+27.353, +5.892,+0.980
1660035120,+3.51,+27.345, +5.853,+0.980
1660035180,+3.51,+27.353, +5.847,+0.980
1660035240,+3.51,+27.362, +5.794,+0.980
1660035300,+3.51,+27.362, +5.815,+0.980
1660035360,+3.51,+27.345, +5.802,+0.980
1660035420,+3.51,+27.336, +5.802,+0.980
1660035480,+3.51,+27.328, +5.794,+0.980
1660035540,+3.51,+27.319, +5.765,+0.980
1660035600,+3.51,+27.319, +5.745,+0.980
1660035660,+3.51,+27.319, +5.713,+0.980
1660035720,+3.51,+27.328, +5.696,+0.980
1660035780,+3.51,+27.319, +5.653,+0.980
1660035840,+3.51,+27.319, +5.624,+0.980
1660035900,+3.51,+27.311, +5.626,+0.980
1660035960,+3.51,+27.285, +5.643,+0.980
1660036020,+3.51,+27.302, +5.602,+0.980
1660036080,+3.51,+27.268, +5.617,+0.980
1660036140,+3.51,+27.285, +5.595,+0.980
1660036200,+3.51,+27.294, +5.630,+0.980
1660036260,+3.51,+27.302, +5.609,+0.980
1660036320,+3.51,+27.277, +5.558,+0.980
1660036380,+3.51,+27.260, +5.552,+0.980
1660036440,+3.51,+27.285, +5.525,+0.980
1660036500,+3.51,+27.260, +5.564,+0.980
1660036560,+3.51,+27.268, +5.562,+0.980
1660036620,+3.51,+27.260, +5.523,+0.980
1660036680,+3.51,+27.277, +5.493,+0.980
1660036740,+3.51,+27.268, +5.516,+0.980
1660036800,+3.51,+27.268, +5.471,+0.980
1660036860,+3.51,+27.251, +5.446,+0.980
1660036920,+3.51,+27.260, +5.461,+0.980
1660036980,+3.51,+27.251, +5.457,+0.980
1660037040,+3.51,+27.251, +5.440,+0.980
1660037100,+3.51,+27.268, +5.420,+0.980
1660037160,+3.51,+27.268, +5.411,+0.980
1660037220,+3.51,+27.251, +5.421,+0.980
1660037280,+3.51,+27.260, +5.397,+0.980
1660037340,+3.51,+27.243, +5.385,+0.980
1660037400,+3.51,+27.234, +5.393,+0.980
1660037460,+3.51,+27.243, +5.336,+0.980
1660037520,+3.51,+27.234, +5.319,+0.980
1660037580,+3.51,+27.243, +5.329,+0.980
1660037640,+3.51,+27.234, +5.336,+0.980
1660037700,+3.51,+27.234, +5.316,+0.980
1660037760,+3.51,+27.234, +5.299,+0.980
1660037820,+3.51,+27.234, +5.257,+0.980
1660037880,+3.51,+27.217, +5.234,+0.980
1660037940,+3.51,+27.217, +5.221,+0.980
1660038000,+3.51,+27.226, +5.202,+0.980
1660038060,+3.51,+27.226, +5.191,+0.980
1660038120,+3.51,+27.226, +5.234,+0.980
1660038180,+3.51,+27.209, +5.243,+0.980
1660038240,+3.51,+27.234, +5.211,+0.980
1660038300,+3.51,+27.217, +5.206,+0.980
1660038360,+3.51,+27.226, +5.180,+0.980
1660038420,+3.51,+27.192, +5.190,+0.980
1660038480,+3.51,+27.192, +5.212,+0.980
1660038540,+3.51,+27.217, +5.239,+0.980
1660038600,+3.51,+27.200, +5.296,+0.980
1660038660,+3.51,+27.200, +5.299,+0.980
1660038720,+3.51,+27.192, +5.285,+0.980
1660038780,+3.51,+27.200, +5.284,+0.980
1660038840,+3.51,+27.183, +5.253,+0.980
1660038900,+3.51,+27.192, +5.270,+0.979
1660038960,+3.51,+27.183, +5.331,+0.980
1660039020,+3.51,+27.183, +5.304,+0.980
1660039080,+3.51,+27.175, +5.297,+0.980
1660039140,+3.51,+27.175, +5.290,+0.980
1660039200,+3.51,+27.158, +5.295,+0.980
1660039260,+3.51,+27.158, +5.293,+0.980
1660039320,+3.51,+27.166, +5.257,+0.980
1660039380,+3.51,+27.141, +5.212,+0.980
1660039440,+3.51,+27.158, +5.173,+0.980
1660039500,+3.51,+27.175, +5.161,+0.980
1660039560,+3.51,+27.158, +5.146,+0.979
1660039620,+3.51,+27.141, +5.110,+0.980
1660039680,+3.51,+27.149, +5.086,+0.980
1660039740,+3.51,+27.158, +5.048,+0.980
1660039800,+3.51,+27.158, +5.055,+0.980
1660039860,+3.51,+27.141, +5.055,+0.980
1660039920,+3.51,+27.158, +5.042,+0.980
1660039980,+3.51,+27.132, +5.000,+0.979
1660040040,+3.51,+27.149, +4.971,+0.980
1660040100,+3.51,+27.132, +4.979,+0.980
1660040160,+3.51,+27.158, +4.958,+0.980
1660040220,+3.51,+27.132, +4.962,+0.980
1660040280,+3.51,+27.132, +4.971,+0.979
1660040340,+3.51,+27.115, +5.023,+0.980
1660040400,+3.51,+27.098, +5.084,+0.980
1660040460,+3.51,+27.090, +5.087,+0.980
1660040520,+3.51,+27.047, +5.139,+0.980
1660040580,+3.51,+27.005, +5.271,+0.980
1660040640,+3.51,+26.945, +5.306,+0.980
1660040700,+3.51,+26.928, +5.314,+0.980
1660040760,+3.51,+26.903, +5.300,+0.980
1660040820,+3.51,+26.827, +5.359,+0.980
1660040880,+3.51,+26.801, +5.381,+0.980
1660040940,+3.52,+26.759, +5.431,+0.980
1660041000,+3.52,+26.742, +5.430,+0.980
1660041060,+3.52,+26.708, +5.426,+0.980
1660041120,+3.52,+26.666, +5.378,+0.979
1660041180,+3.52,+26.657, +5.368,+0.979
1660041240,+3.52,+26.632, +5.354,+0.980
1660041300,+3.52,+26.632, +5.349,+0.980
1660041360,+3.52,+26.606, +5.366,+0.979
1660041420,+3.52,+26.572, +5.370,+0.980
1660041480,+3.52,+26.564, +5.379,+0.979
1660041540,+3.51,+26.530, +5.388,+0.979
1660041600,+3.51,+26.496, +5.434,+0.980
1660041660,+3.51,+26.471, +5.484,+0.980
1660041720,+3.51,+26.437, +5.463,+0.980
1660041780,+3.51,+26.403, +5.471,+0.980
1660041840,+3.51,+26.386, +5.472,+0.980
1660041900,+3.51,+26.352, +5.440,+0.980
1660041960,+3.51,+26.344, +5.424,+0.980
1660042020,+3.51,+26.319, +5.424,+0.980
1660042080,+3.51,+26.310, +5.485,+0.980
1660042140,+3.51,+26.285, +5.469,+0.980
1660042200,+3.51,+26.285, +5.459,+0.980
1660042260,+3.51,+26.242, +5.427,+0.980
1660042320,+3.51,+26.251, +5.465,+0.980
1660042380,+3.51,+26.225, +5.474,+0.980
1660042440,+3.51,+26.234, +5.459,+0.980
1660042500,+3.51,+26.200, +5.460,+0.979
1660042560,+3.51,+26.192, +5.444,+0.980
1660042620,+3.51,+26.166, +5.422,+0.980
1660042680,+3.51,+26.166, +5.418,+0.979
1660042740,+3.51,+26.158, +5.434,+0.980
1660042800,+3.51,+26.141, +5.469,+0.980
1660042860,+3.51,+26.124, +5.451,+0.980
1660042920,+3.51,+26.124, +5.444,+0.980
1660042980,+3.51,+26.116, +5.450,+0.980
1660043040,+3.51,+26.099, +5.429,+0.980
1660043100,+3.51,+26.073, +5.460,+0.980
1660043160,+3.51,+26.065, +5.468,+0.980
1660043220,+3.51,+26.048, +5.473,+0.980
1660043280,+3.51,+26.023, +5.474,+0.980
1660043340,+3.51,+26.040, +5.485,+0.980
1660043400,+3.51,+25.997, +5.501,+0.980
1660043460,+3.51,+25.997, +5.509,+0.980
1660043520,+3.51,+25.997, +5.511,+0.980
1660043580,+3.51,+25.980, +5.473,+0.980
1660043640,+3.51,+25.972, +5.455,+0.980
1660043700,+3.51,+25.930, +5.475,+0.980
1660043760,+3.51,+25.938, +5.447,+0.980
1660043820,+3.51,+25.921, +5.441,+0.980
1660043880,+3.51,+25.921, +5.564,+0.980
1660043940,+3.51,+25.921, +5.640,+0.980
1660044000,+3.51,+25.896, +5.684,+0.980
1660044060,+3.51,+25.896, +5.673,+0.980
1660044120,+3.51,+25.871, +5.653,+0.980
1660044180,+3.51,+25.888, +5.664,+0.980
1660044240,+3.51,+25.854, +5.713,+0.980
1660044300,+3.51,+25.837, +5.769,+0.980
1660044360,+3.51,+25.845, +5.772,+0.980
1660044420,+3.51,+25.845, +5.754,+0.980
1660044480,+3.51,+25.854, +5.705,+0.980
1660044540,+3.51,+25.854, +5.661,+0.980
1660044600,+3.51,+25.845, +5.613,+0.980
1660044660,+3.51,+25.837, +5.586,+0.980
1660044720,+3.51,+25.854, +5.564,+0.980
1660044780,+3.52,+25.828, +5.564,+0.980
1660044840,+3.51,+25.854, +5.602,+0.980
1660044900,+3.51,+25.854, +5.580,+0.980
1660044960,+3.51,+25.871, +5.551,+0.980
1660045020,+3.51,+25.837, +5.523,+0.980
1660045080,+3.51,+25.854, +5.492,+0.980
1660045140,+3.51,+25.862, +5.476,+0.980
1660045200,+3.51,+25.854, +5.454,+0.980
1660045260,+3.51,+25.871, +5.430,+0.980
1660045320,+3.51,+25.854, +5.419,+0.980
1660045380,+3.51,+25.871, +5.406,+0.980
1660045440,+3.51,+25.871, +5.383,+0.980
1660045500,+3.51,+25.871, +5.345,+0.980
1660045560,+3.51,+25.896, +5.258,+0.979
1660045620,+3.51,+25.879, +5.177,+0.980
1660045680,+3.51,+25.896, +5.137,+0.980
1660045740,+3.51,+25.879, +5.099,+0.980
1660045800,+3.51,+25.904, +5.107,+0.980
1660045860,+3.51,+25.904, +5.125,+0.980
1660045920,+3.51,+25.913, +5.062,+0.979
1660045980,+3.51,+25.921, +4.992,+0.980
1660046040,+3.51,+25.921, +5.007,+0.980
1660046100,+3.51,+25.913, +5.102,+0.980
1660046160,+3.51,+25.921, +5.137,+0.980
1660046220,+3.51,+25.930, +5.171,+0.980
1660046280,+3.51,+25.930, +5.221,+0.979
1660046340,+3.51,+25.930, +5.272,+0.980
1660046400,+3.51,+25.955, +5.239,+0.980
1660046460,+3.51,+25.955, +5.205,+0.980
1660046520,+3.51,+25.955, +5.230,+0.980
1660046580,+3.51,+25.938, +5.270,+0.980
1660046640,+3.51,+25.947, +5.257,+0.979
1660046700,+3.51,+25.947, +5.242,+0.980
1660046760,+3.51,+25.972, +5.229,+0.980
1660046820,+3.51,+25.972, +5.232,+0.980
1660046880,+3.51,+25.972, +5.262,+0.980
1660046940,+3.51,+25.972, +5.280,+0.980
1660047000,+3.51,+25.980, +5.297,+0.980
1660047060,+3.51,+25.972, +5.288,+0.980
1660047120,+3.51,+25.964, +5.255,+0.980
1660047180,+3.51,+25.964, +5.192,+0.980
1660047240,+3.51,+25.964, +5.118,+0.980
1660047300,+3.51,+25.955, +5.105,+0.980
1660047360,+3.51,+25.964, +5.142,+0.980
1660047420,+3.51,+25.955, +5.149,+0.979
1660047480,+3.51,+25.955, +5.163,+0.980
1660047540,+3.51,+25.947, +5.178,+0.980
1660047600,+3.51,+25.955, +5.147,+0.980
1660047660,+3.51,+25.980, +5.156,+0.979
1660047720,+3.51,+25.972, +5.129,+0.980
1660047780,+3.51,+25.964, +5.147,+0.979
1660047840,+3.51,+25.964, +5.084,+0.979
1660047900,+3.51,+25.972, +4.956,+0.980
1660047960,+3.51,+25.980, +4.902,+0.980
1660048020,+3.51,+25.980, +4.876,+0.979
1660048080,+3.51,+25.989, +4.845,+0.979
1660048140,+3.51,+25.989, +4.788,+0.980
1660048200,+3.51,+25.972, +4.806,+0.980
1660048260,+3.51,+25.997, +4.918,+0.980
1660048320,+3.51,+25.989, +4.997,+0.980
1660048380,+3.51,+25.989, +5.033,+0.979
1660048440,+3.51,+25.989, +5.135,+0.979
1660048500,+3.51,+26.006, +5.327,+0.980
1660048560,+3.51,+25.997, +5.366,+0.980
1660048620,+3.51,+26.014, +5.361,+0.980
1660048680,+3.51,+26.023, +5.309,+0.979
1660048740,+3.51,+26.006, +5.257,+0.979
1660048800,+3.51,+26.014, +5.224,+0.980
1660048860,+3.51,+26.006, +5.146,+0.979
1660048920,+3.51,+26.023, +5.114,+0.980
1660048980,+3.51,+26.014, +5.120,+0.979
1660049040,+3.51,+26.031, +5.147,+0.980
1660049100,+3.51,+26.031, +5.160,+0.979
1660049160,+3.51,+26.040, +5.135,+0.980
1660049220,+3.51,+26.040, +5.160,+0.979
1660049280,+3.51,+26.040, +5.189,+0.979
1660049340,+3.51,+26.040, +5.189,+0.979
1660049400,+3.51,+26.056, +5.198,+0.980
1660049460,+3.51,+26.065, +5.243,+0.979
1660049520,+3.51,+26.048, +5.235,+0.980
1660049580,+3.51,+26.056, +5.248,+0.980
1660049640,+3.51,+26.065, +5.285,+0.979
1660049700,+3.51,+26.065, +5.315,+0.979
1660049760,+3.51,+26.056, +5.396,+0.980
1660049820,+3.51,+26.090, +5.435,+0.980
1660049880,+3.51,+26.082, +5.423,+0.980
1660049940,+3.51,+26.090, +5.360,+0.980
1660050000,+3.51,+26.107, +5.356,+0.979
1660050060,+3.51,+26.099, +5.395,+0.980
1660050120,+3.51,+26.116, +5.379,+0.979
1660050180,+3.51,+26.124, +5.420,+0.980
1660050240,+3.51,+26.149, +5.428,+0.980
1660050300,+3.51,+26.149, +5.461,+0.979
1660050360,+3.51,+26.158, +5.472,+0.980
1660050420,+3.51,+26.141, +5.532,+0.980
1660050480,+3.51,+26.166, +5.588,+0.980
1660050540,+3.51,+26.158, +5.611,+0.980
1660050600,+3.51,+26.175, +5.770,+0.980
1660050660,+3.51,+26.183, +5.750,+0.980
1660050720,+3.51,+26.183, +5.763,+0.980
1660050780,+3.51,+26.200, +5.802,+0.980
1660050840,+3.51,+26.200, +5.850,+0.980
1660050900,+3.51,+26.234, +5.834,+0.980
1660050960,+3.51,+26.242, +5.786,+0.980
1660051020,+3.51,+26.259, +5.787,+0.980
1660051080,+3.51,+26.276, +5.782,+0.980
1660051140,+3.51,+26.310, +5.759,+0.980
1660051200,+3.51,+26.319, +5.733,+0.980
1660051260,+3.51,+26.344, +5.701,+0.980
1660051320,+3.51,+26.344, +5.687,+0.980
1660051380,+3.51,+26.369, +5.659,+0.980
1660051440,+3.51,+26.352, +5.662,+0.980
1660051500,+3.51,+26.352, +5.655,+0.980
1660051560,+3.51,+26.335, +5.677,+0.980
1660051620,+3.51,+26.310, +5.782,+0.980
1660051680,+3.51,+26.378, +5.808,+0.980
1660051740,+3.51,+26.386, +5.740,+0.980
1660051800,+3.51,+26.395, +5.695,+0.980
1660051860,+3.51,+26.420, +5.682,+0.980
1660051920,+3.51,+26.445, +5.631,+0.980
1660051980,+3.51,+26.454, +5.645,+0.980
1660052040,+3.51,+26.471, +5.650,+0.980
1660052100,+3.51,+26.488, +5.627,+0.979
1660052160,+3.51,+26.488, +5.641,+0.980
1660052220,+3.51,+26.505, +5.634,+0.980
1660052280,+3.51,+26.496, +5.580,+0.980
1660052340,+3.51,+26.530, +5.631,+0.980
1660052400,+3.51,+26.539, +5.666,+0.980
1660052460,+3.51,+26.530, +5.704,+0.980
1660052520,+3.51,+26.572, +5.740,+0.980
1660052580,+3.51,+26.581, +5.816,+0.980
1660052640,+3.51,+26.589, +5.781,+0.980
1660052700,+3.51,+26.598, +5.769,+0.980
1660052760,+3.51,+26.623, +5.729,+0.980
1660052820,+3.51,+26.649, +5.763,+0.980
1660052880,+3.51,+26.649, +5.778,+0.980
1660052940,+3.51,+26.674, +5.796,+0.980
1660053000,+3.51,+26.691, +5.789,+0.980
1660053060,+3.51,+26.691, +5.794,+0.980
1660053120,+3.51,+26.725, +5.840,+0.980
1660053180,+3.51,+26.733, +5.854,+0.980
1660053240,+3.51,+26.767, +5.928,+0.980
1660053300,+3.51,+26.767, +6.014,+0.980
1660053360,+3.51,+26.793, +6.005,+0.980
1660053420,+3.51,+26.810, +6.034,+0.980
1660053480,+3.51,+26.827, +6.029,+0.980
1660053540,+3.51,+26.844, +6.045,+0.980
1660053600,+3.51,+26.861, +6.034,+0.980
1660053660,+3.51,+26.861, +6.010,+0.980
1660053720,+3.51,+26.869, +5.977,+0.980
1660053780,+3.51,+26.878, +5.983,+0.980
1660053840,+3.51,+26.886, +6.049,+0.980
1660053900,+3.51,+26.886, +6.095,+0.980
1660053960,+3.51,+26.912, +6.151,+0.981
1660054020,+3.51,+26.903, +6.168,+0.980
1660054080,+3.51,+26.912, +6.188,+0.980
1660054140,+3.51,+26.928, +6.205,+0.980
1660054200,+3.51,+26.945, +6.191,+0.980
1660054260,+3.51,+26.945, +6.206,+0.980
1660054320,+3.51,+26.928, +6.152,+0.980
1660054380,+3.51,+26.954, +6.281,+0.980
1660054440,+3.51,+26.945, +6.328,+0.980
1660054500,+3.51,+26.971, +6.353,+0.980
1660054560,+3.51,+26.979, +6.376,+0.980
1660054620,+3.51,+26.962, +6.336,+0.980
1660054680,+3.51,+26.979, +6.310,+0.980
1660054740,+3.51,+26.971, +6.307,+0.980
1660054800,+3.51,+26.988, +6.294,+0.980
1660054860,+3.51,+26.996, +6.320,+0.980
1660054920,+3.51,+26.988, +6.307,+0.980
1660054980,+3.51,+26.996, +6.314,+0.980
1660055040,+3.51,+27.005, +6.307,+0.980
1660055100,+3.51,+26.996, +6.330,+0.980
1660055160,+3.51,+26.996, +6.322,+0.980
1660055220,+3.51,+26.996, +6.314,+0.980
1660055280,+3.51,+26.996, +6.350,+0.980
1660055340,+3.51,+27.013, +6.347,+0.980
1660055400,+3.51,+27.022, +6.355,+0.980
1660055460,+3.51,+27.030, +6.385,+0.980
1660055520,+3.51,+27.022, +6.404,+0.980
1660055580,+3.51,+27.039, +6.455,+0.980
1660055640,+3.51,+27.039, +6.500,+0.980
1660055700,+3.51,+27.047, +6.528,+0.980
1660055760,+3.51,+27.064, +6.530,+0.980
1660055820,+3.51,+27.064, +6.526,+0.980
1660055880,+3.51,+27.081, +6.536,+0.980
1660055940,+3.51,+27.081, +6.544,+0.980
1660056000,+3.51,+27.081, +6.570,+0.980
1660056060,+3.51,+27.098, +6.569,+0.980
1660056120,+3.51,+27.090, +6.604,+0.981
1660056180,+3.51,+27.090, +6.592,+0.980
1660056240,+3.51,+27.098, +6.610,+0.980
1660056300,+3.51,+27.081, +6.644,+0.980
1660056360,+3.51,+27.107, +6.629,+0.980
1660056420,+3.51,+27.098, +6.645,+0.980
1660056480,+3.51,+27.098, +6.646,+0.979
1660056540,+3.51,+27.115, +6.667,+0.980
1660056600,+3.51,+27.115, +6.686,+0.980
1660056660,+3.51,+27.107, +6.713,+0.980
1660056720,+3.51,+27.141, +6.716,+0.980
1660056780,+3.51,+27.124, +6.716,+0.980
1660056840,+3.51,+27.132, +6.723,+0.980
1660056900,+3.51,+27.141, +6.722,+0.980
1660056960,+3.51,+27.149, +6.662,+0.979
1660057020,+3.51,+27.141, +6.694,+0.980
1660057080,+3.51,+27.149, +6.752,+0.980
1660057140,+3.51,+27.132, +6.787,+0.980
1660057200,+3.51,+27.149, +6.782,+0.980
1660057260,+3.51,+27.166, +6.792,+0.980
1660057320,+3.51,+27.141, +6.818,+0.980
1660057380,+3.51,+27.149, +6.802,+0.979
1660057440,+3.51,+27.141, +6.860,+0.980
1660057500,+3.51,+27.158, +6.875,+0.980
1660057560,+3.51,+27.158, +6.882,+0.980
1660057620,+3.51,+27.183, +6.895,+0.980
1660057680,+3.51,+27.166, +6.920,+0.980
1660057740,+3.51,+27.166, +6.938,+0.980
1660057800,+3.51,+27.158, +6.924,+0.980
1660057860,+3.51,+27.192, +6.895,+0.980
1660057920,+3.51,+27.175, +6.900,+0.980
1660057980,+3.51,+27.175, +6.936,+0.980
1660058040,+3.51,+27.175, +6.953,+0.980
1660058100,+3.51,+27.192, +6.938,+0.980
1660058160,+3.51,+27.209, +6.944,+0.980
1660058220,+3.51,+27.192, +6.961,+0.980
1660058280,+3.51,+27.217, +7.010,+0.980
1660058340,+3.51,+27.217, +7.057,+0.980
1660058400,+3.51,+27.200, +7.085,+0.980
1660058460,+3.51,+27.217, +7.137,+0.981
1660058520,+3.51,+27.200, +7.157,+0.980
1660058580,+3.51,+27.209, +7.158,+0.980
1660058640,+3.51,+27.226, +7.201,+0.981
1660058700,+3.51,+27.234, +7.222,+0.980
1660058760,+3.51,+27.226, +7.223,+0.980
1660058820,+3.51,+27.226, +7.256,+0.980
1660058880,+3.51,+27.226, +7.237,+0.980
1660058940,+3.51,+27.209, +7.250,+0.981
1660059000,+3.51,+27.209, +7.272,+0.980
1660059060,+3.51,+27.226, +7.303,+0.980
1660059120,+3.51,+27.217, +7.304,+0.980
1660059180,+3.51,+27.200, +7.289,+0.980
1660059240,+3.51,+27.209, +7.253,+0.980
1660059300,+3.51,+27.217, +7.290,+0.980
1660059360,+3.51,+27.200, +7.349,+0.981
1660059420,+3.51,+27.192, +7.364,+0.980
1660059480,+3.51,+27.192, +7.357,+0.980
1660059540,+3.51,+27.200, +7.335,+0.981
1660059600,+3.51,+27.200, +7.401,+0.980
1660059660,+3.51,+27.192, +7.416,+0.980
1660059720,+3.51,+27.209, +7.393,+0.981
1660059780,+3.51,+27.192, +7.362,+0.981
1660059840,+3.51,+27.200, +7.340,+0.981
1660059900,+3.51,+27.209, +7.309,+0.981
1660059960,+3.51,+27.209, +7.367,+0.980
1660060020,+3.51,+27.209, +7.386,+0.980
1660060080,+3.51,+27.226, +7.378,+0.980
1660060140,+3.51,+27.217, +7.382,+0.980
1660060200,+3.51,+27.226, +7.380,+0.980
1660060260,+3.51,+27.209, +7.401,+0.980
1660060320,+3.51,+27.226, +7.439,+0.980
1660060380,+3.51,+27.234, +7.543,+0.981
1660060440,+3.51,+27.217, +7.555,+0.980
1660060500,+3.51,+27.217, +7.566,+0.980
1660060560,+3.51,+27.217, +7.578,+0.980
1660060620,+3.51,+27.209, +7.578,+0.981
1660060680,+3.51,+27.192, +7.581,+0.980
1660060740,+3.51,+27.175, +7.566,+0.980
1660060800,+3.51,+27.175, +7.593,+0.981
1660060860,+3.51,+27.149, +7.581,+0.981
1660060920,+3.51,+27.166, +7.587,+0.980
1660060980,+3.51,+27.132, +7.575,+0.980
1660061040,+3.51,+27.132, +7.550,+0.980
1660061100,+3.51,+27.107, +7.611,+0.980
1660061160,+3.51,+27.107, +7.605,+0.980
1660061220,+3.51,+27.107, +7.573,+0.981
1660061280,+3.51,+27.098, +7.580,+0.981
1660061340,+3.51,+27.098, +7.599,+0.981
1660061400,+3.51,+27.098, +7.612,+0.981
1660061460,+3.51,+27.090, +7.603,+0.980
1660061520,+3.51,+27.090, +7.590,+0.980
1660061580,+3.51,+27.081, +7.603,+0.981
1660061640,+3.51,+27.056, +7.622,+0.980
1660061700,+3.51,+27.056, +7.649,+0.981
1660061760,+3.51,+27.056, +7.632,+0.980
1660061820,+3.51,+27.073, +7.634,+0.981
1660061880,+3.51,+27.064, +7.642,+0.981
1660061940,+3.51,+27.030, +7.656,+0.981
1660062000,+3.51,+27.047, +7.689,+0.981
1660062060,+3.51,+27.039, +7.704,+0.981
1660062120,+3.51,+27.022, +7.694,+0.981
1660062180,+3.51,+27.022, +7.696,+0.980
1660062240,+3.51,+27.030, +7.702,+0.981
1660062300,+3.51,+27.022, +7.716,+0.981
1660062360,+3.51,+27.013, +7.698,+0.980
1660062420,+3.51,+27.022, +7.705,+0.980
1660062480,+3.51,+27.013, +7.728,+0.981
1660062540,+3.51,+27.013, +7.756,+0.981
1660062600,+3.51,+27.005, +7.738,+0.980
1660062660,+3.51,+27.013, +7.732,+0.981
1660062720,+3.51,+27.013, +7.778,+0.980
1660062780,+3.51,+27.022, +7.810,+0.980
1660062840,+3.51,+27.005, +7.803,+0.981
1660062900,+3.51,+27.013, +7.804,+0.980
1660062960,+3.51,+26.988, +7.838,+0.981
1660063020,+3.51,+26.988, +7.835,+0.981
1660063080,+3.51,+26.996, +7.795,+0.981
1660063140,+3.51,+26.996, +7.808,+0.981
1660063200,+3.51,+26.979, +7.821,+0.981
1660063260,+3.51,+26.979, +7.839,+0.980
1660063320,+3.51,+26.979, +7.867,+0.980
1660063380,+3.51,+26.979, +7.884,+0.981
1660063440,+3.51,+26.988, +7.905,+0.981
1660063500,+3.51,+26.996, +7.925,+0.980
1660063560,+3.51,+26.979, +7.928,+0.980
1660063620,+3.51,+26.988, +7.945,+0.981
1660063680,+3.51,+26.996, +7.941,+0.981
1660063740,+3.51,+26.979, +7.961,+0.980
1660063800,+3.51,+26.996, +7.977,+0.980
1660063860,+3.51,+27.005, +8.053,+0.980
1660063920,+3.51,+27.005, +8.118,+0.981
1660063980,+3.51,+27.005, +8.171,+0.981
1660064040,+3.51,+27.005, +8.165,+0.981
1660064100,+3.51,+27.005, +8.133,+0.981
1660064160,+3.51,+27.022, +8.101,+0.981
1660064220,+3.51,+27.022, +8.076,+0.981
1660064280,+3.51,+27.030, +8.054,+0.980
1660064340,+3.51,+27.030, +8.104,+0.981
1660064400,+3.51,+27.030, +8.108,+0.980
1660064460,+3.51,+27.005, +8.151,+0.981
1660064520,+3.51,+27.022, +8.126,+0.981
1660064580,+3.51,+27.039, +8.179,+0.981
1660064640,+3.51,+27.030, +8.208,+0.981
1660064700,+3.51,+27.047, +8.222,+0.981
1660064760,+3.51,+27.039, +8.237,+0.981
1660064820,+3.51,+27.056, +8.253,+0.981
1660064880,+3.51,+27.090, +8.205,+0.980
1660064940,+3.51,+27.081, +8.197,+0.981
1660065000,+3.51,+27.064, +8.363,+0.981
1660065060,+3.51,+27.081, +8.370,+0.981
1660065120,+3.51,+27.090, +8.311,+0.981
1660065180,+3.51,+27.107, +8.282,+0.981
1660065240,+3.51,+27.115, +8.272,+0.980
1660065300,+3.51,+27.107, +8.304,+0.981
1660065360,+3.51,+27.098, +8.294,+0.981
1660065420,+3.51,+27.124, +8.318,+0.981
1660065480,+3.51,+27.098, +8.366,+0.982
1660065540,+3.51,+27.107, +8.348,+0.981
1660065600,+3.51,+27.124, +8.341,+0.980
1660065660,+3.51,+27.124, +8.360,+0.981
1660065720,+3.51,+27.132, +8.317,+0.981
1660065780,+3.51,+27.132, +8.332,+0.981
1660065840,+3.51,+27.149, +8.290,+0.981
1660065900,+3.51,+27.124, +8.310,+0.981
1660065960,+3.51,+27.141, +8.324,+0.981
1660066020,+3.51,+27.149, +8.389,+0.981
1660066080,+3.51,+27.132, +8.408,+0.981
1660066140,+3.51,+27.141, +8.439,+0.981
1660066200,+3.51,+27.141, +8.469,+0.981
1660066260,+3.51,+27.158, +8.482,+0.982
1660066320,+3.51,+27.158, +8.511,+0.982
1660066380,+3.51,+27.175, +8.567,+0.981
1660066440,+3.51,+27.175, +8.632,+0.981
1660066500,+3.51,+27.175, +8.710,+0.981
1660066560,+3.51,+27.200, +8.720,+0.981
1660066620,+3.51,+27.192, +8.702,+0.981
1660066680,+3.51,+27.192, +8.732,+0.982
1660066740,+3.51,+27.226, +8.718,+0.981
1660066800,+3.51,+27.209, +8.713,+0.981
1660066860,+3.51,+27.226, +8.713,+0.981
1660066920,+3.51,+27.217, +8.768,+0.981
1660066980,+3.51,+27.260, +8.771,+0.981
1660067040,+3.51,+27.243, +8.773,+0.981
1660067100,+3.51,+27.243, +8.819,+0.982
1660067160,+3.51,+27.251, +8.882,+0.982
1660067220,+3.51,+27.226, +8.901,+0.981
1660067280,+3.51,+27.268, +8.916,+0.981
1660067340,+3.51,+27.260, +8.921,+0.981
1660067400,+3.51,+27.268, +8.921,+0.981
1660067460,+3.51,+27.277, +8.976,+0.982
1660067520,+3.51,+27.277, +8.966,+0.981
1660067580,+3.51,+27.285, +9.039,+0.981
1660067640,+3.51,+27.285, +9.057,+0.981
1660067700,+3.51,+27.285, +9.049,+0.981
1660067760,+3.51,+27.294, +9.073,+0.982
1660067820,+3.51,+27.268, +9.073,+0.981
1660067880,+3.51,+27.285, +9.072,+0.981
1660067940,+3.51,+27.285, +9.117,+0.982
1660068000,+3.51,+27.294, +9.064,+0.981
1660068060,+3.51,+27.285, +9.053,+0.982
1660068120,+3.51,+27.285, +9.022,+0.981
1660068180,+3.51,+27.294, +9.036,+0.982
1660068240,+3.51,+27.302, +9.038,+0.981
1660068300,+3.51,+27.311, +9.023,+0.981
1660068360,+3.51,+27.319, +9.041,+0.981
1660068420,+3.51,+27.319, +8.989,+0.981
1660068480,+3.51,+27.311, +8.945,+0.981
1660068540,+3.51,+27.319, +8.959,+0.981
1660068600,+3.51,+27.302, +8.991,+0.982
1660068660,+3.51,+27.294, +9.064,+0.981
1660068720,+3.51,+27.319, +9.048,+0.982
1660068780,+3.51,+27.319, +9.016,+0.981
1660068840,+3.51,+27.336, +8.966,+0.982
1660068900,+3.51,+27.336, +8.964,+0.981
1660068960,+3.51,+27.345, +8.909,+0.981
1660069020,+3.51,+27.353, +8.952,+0.981
1660069080,+3.51,+27.353, +8.995,+0.981
1660069140,+3.51,+27.370, +8.989,+0.981
1660069200,+3.51,+27.362, +8.996,+0.982
1660069260,+3.51,+27.387, +8.971,+0.981
1660069320,+3.51,+27.379, +8.967,+0.981
1660069380,+3.51,+27.379, +8.940,+0.981
1660069440,+3.51,+27.387, +8.908,+0.981
1660069500,+3.51,+27.396, +8.903,+0.982
1660069560,+3.51,+27.413, +8.901,+0.982
1660069620,+3.51,+27.387, +8.855,+0.981
1660069680,+3.51,+27.396, +8.862,+0.982
1660069740,+3.51,+27.413, +8.784,+0.981
1660069800,+3.51,+27.404, +8.788,+0.982
1660069860,+3.51,+27.404, +8.798,+0.981
1660069920,+3.51,+27.413, +8.813,+0.981
1660069980,+3.51,+27.396, +8.854,+0.981
1660070040,+3.51,+27.430, +8.911,+0.981
1660070100,+3.51,+27.413, +8.916,+0.981
1660070160,+3.51,+27.413, +8.910,+0.981
1660070220,+3.51,+27.404, +8.923,+0.981
1660070280,+3.51,+27.404, +8.958,+0.981
1660070340,+3.51,+27.421, +8.965,+0.981
1660070400,+3.51,+27.413, +9.009,+0.981
1660070460,+3.51,+27.413, +9.085,+0.981
1660070520,+3.51,+27.413, +9.145,+0.982
1660070580,+3.51,+27.430, +9.172,+0.981
1660070640,+3.51,+27.413, +9.255,+0.982
1660070700,+3.51,+27.430, +9.322,+0.981
1660070760,+3.51,+27.438, +9.378,+0.982
1660070820,+3.51,+27.430, +9.438,+0.982
1660070880,+3.51,+27.455, +9.398,+0.982
1660070940,+3.51,+27.464, +9.429,+0.981
1660071000,+3.51,+27.472, +9.458,+0.982
1660071060,+3.51,+27.464, +9.468,+0.982
1660071120,+3.51,+27.481, +9.497,+0.982
1660071180,+3.51,+27.489, +9.506,+0.982
1660071240,+3.51,+27.523, +9.432,+0.982
1660071300,+3.51,+27.506, +9.364,+0.982
1660071360,+3.51,+27.523, +9.342,+0.982
1660071420,+3.51,+27.540, +9.311,+0.982
1660071480,+3.51,+27.523, +9.295,+0.982
1660071540,+3.51,+27.540, +9.336,+0.982
1660071600,+3.51,+27.549, +9.433,+0.982
1660071660,+3.51,+27.566, +9.519,+0.982
1660071720,+3.51,+27.557, +9.593,+0.982
1660071780,+3.51,+27.583, +9.586,+0.982
1660071840,+3.51,+27.600, +9.597,+0.982
1660071900,+3.51,+27.625, +9.610,+0.982
1660071960,+3.51,+27.625, +9.656,+0.983
1660072020,+3.51,+27.617, +9.623,+0.981
1660072080,+3.51,+27.608, +9.680,+0.983
1660072140,+3.51,+27.608, +9.666,+0.982
1660072200,+3.51,+27.617, +9.660,+0.982
1660072260,+3.51,+27.634, +9.637,+0.982
1660072320,+3.51,+27.600, +9.690,+0.982
1660072380,+3.51,+27.625, +9.681,+0.982
1660072440,+3.51,+27.625, +9.683,+0.982
1660072500,+3.51,+27.617, +9.685,+0.982
1660072560,+3.51,+27.642, +9.746,+0.983
1660072620,+3.51,+27.634, +9.739,+0.982
1660072680,+3.51,+27.651, +9.747,+0.982
1660072740,+3.51,+27.668, +9.760,+0.983
1660072800,+3.51,+27.685, +9.750,+0.982
1660072860,+3.51,+27.694, +9.821,+0.981
1660072920,+3.51,+27.694, +9.931,+0.982
1660072980,+3.51,+27.711,+10.007,+0.982
1660073040,+3.51,+27.745, +9.989,+0.983
1660073100,+3.51,+27.762, +9.997,+0.983
1660073160,+3.51,+27.762,+10.030,+0.983
1660073220,+3.51,+27.762, +9.978,+0.983
1660073280,+3.51,+27.779, +9.886,+0.982
1660073340,+3.51,+27.796, +9.866,+0.982
1660073400,+3.51,+27.787, +9.866,+0.982
1660073460,+3.51,+27.813, +9.856,+0.982
1660073520,+3.51,+27.813, +9.809,+0.982
1660073580,+3.51,+27.847, +9.700,+0.982
1660073640,+3.51,+27.855, +9.629,+0.983
1660073700,+3.51,+27.873, +9.608,+0.982
1660073760,+3.51,+27.873, +9.644,+0.982
1660073820,+3.51,+27.890, +9.676,+0.982
1660073880,+3.51,+27.915, +9.657,+0.982
1660073940,+3.51,+27.932, +9.659,+0.981
1660074000,+3.51,+27.966, +9.563,+0.983
1660074060,+3.51,+27.983, +9.495,+0.982
1660074120,+3.51,+28.009, +9.392,+0.981
1660074180,+3.51,+28.018, +9.374,+0.982
1660074240,+3.51,+28.052, +9.199,+0.982
1660074300,+3.51,+28.060, +9.134,+0.981
1660074360,+3.51,+28.086, +9.080,+0.982
1660074420,+3.51,+28.103, +9.160,+0.981
1660074480,+3.51,+28.103, +9.181,+0.981
1660074540,+3.51,+28.120, +9.175,+0.982
1660074600,+3.51,+28.137, +9.121,+0.982
1660074660,+3.51,+28.129, +9.130,+0.982
1660074720,+3.51,+28.163, +9.158,+0.981
1660074780,+3.51,+28.163, +9.120,+0.981
1660074840,+3.51,+28.180, +9.072,+0.981
1660074900,+3.51,+28.180, +9.030,+0.982
1660074960,+3.51,+28.188, +8.957,+0.981
1660075020,+3.51,+28.205, +8.960,+0.981
1660075080,+3.51,+28.197, +8.938,+0.982
1660075140,+3.51,+28.188, +8.918,+0.982
1660075200,+3.51,+28.205, +8.915,+0.981
1660075260,+3.51,+28.205, +8.923,+0.981
1660075320,+3.51,+28.188, +8.933,+0.981
1660075380,+3.51,+28.154, +8.950,+0.981
1660075440,+3.51,+28.180, +8.913,+0.981
1660075500,+3.51,+28.154, +8.884,+0.981
1660075560,+3.51,+28.163, +8.857,+0.981
1660075620,+3.51,+28.137, +8.830,+0.982
1660075680,+3.51,+28.111, +8.776,+0.981
1660075740,+3.51,+28.120, +8.682,+0.981
1660075800,+3.51,+28.077, +8.666,+0.981
1660075860,+3.51,+28.052, +8.623,+0.981
1660075920,+3.51,+28.043, +8.611,+0.981
1660075980,+3.51,+28.018, +8.605,+0.981
1660076040,+3.51,+27.992, +8.594,+0.981
1660076100,+3.51,+28.000, +8.609,+0.981
1660076160,+3.51,+28.009, +8.605,+0.981
1660076220,+3.51,+28.000, +8.600,+0.981
1660076280,+3.51,+28.018, +8.617,+0.981
1660076340,+3.51,+28.009, +8.639,+0.981
1660076400,+3.51,+28.026, +8.615,+0.981
1660076460,+3.51,+28.026, +8.587,+0.981
1660076520,+3.51,+28.035, +8.596,+0.981
1660076580,+3.51,+28.000, +8.602,+0.981
1660076640,+3.51,+28.018, +8.590,+0.982
1660076700,+3.51,+28.026, +8.573,+0.981
1660076760,+3.51,+28.035, +8.538,+0.981
1660076820,+3.51,+28.052, +8.533,+0.981
1660076880,+3.51,+28.060, +8.520,+0.981
