7450-383325
OS REV: 1.05 Sensor Cal: 1644949570
Time (sec),  BV (Volts),  T (deg C),  DO (mg/l),  Q ()
1648678080,+3.45,+21.006, +8.686,+0.975
1648678140,+3.46,+21.140, +8.652,+0.975
1648678200,+3.46,+21.240, +8.626,+0.975
1648678260,+3.46,+21.332, +8.616,+0.975
1648678320,+3.46,+20.370, +9.115,+0.973
1648678380,+3.46,+19.531, +9.168,+0.973
1648678440,+3.46,+18.961, +9.196,+0.974
1648678500,+3.46,+18.700, +9.214,+0.975
1648678560,+3.47,+18.498, +9.249,+0.975
1648678620,+3.47,+18.338, +9.294,+0.975
1648678680,+3.47,+18.212, +9.309,+0.975
1648678740,+3.47,+18.169, +9.309,+0.975
1648678800,+3.47,+18.085, +9.342,+0.976
1648678860,+3.47,+18.018, +9.350,+0.976
1648678920,+3.47,+17.959, +9.346,+0.975
1648678980,+3.47,+17.925, +9.374,+0.976
1648679040,+3.47,+17.900, +9.367,+0.975
1648679100,+3.47,+17.874, +9.378,+0.976
1648679160,+3.47,+17.832, +9.377,+0.975
1648679220,+3.47,+17.857, +9.377,+0.976
1648679280,+3.47,+17.807, +9.399,+0.976
1648679340,+3.47,+17.798, +9.389,+0.976
1648679400,+3.47,+17.807, +9.383,+0.976
1648679460,+3.47,+17.798, +9.380,+0.976
1648679520,+3.47,+17.798, +9.380,+0.976
1648679580,+3.47,+17.798, +9.384,+0.976
1648679640,+3.47,+17.798, +9.384,+0.976
1648679700,+3.47,+17.790, +9.382,+0.976
1648679760,+3.47,+17.781, +9.388,+0.976
1648679820,+3.47,+17.764, +9.375,+0.975
1648679880,+3.47,+17.773, +9.390,+0.976
1648679940,+3.47,+17.790, +9.387,+0.976
1648680000,+3.47,+17.781, +9.381,+0.976
1648680060,+3.47,+17.798, +9.374,+0.976
1648680120,+3.47,+17.781, +9.378,+0.976
1648680180,+3.47,+17.790, +9.370,+0.976
1648680240,+3.47,+17.781, +9.370,+0.975
1648680300,+3.47,+17.798, +9.378,+0.976
1648680360,+3.47,+17.798, +9.371,+0.976
1648680420,+3.47,+17.798, +9.374,+0.976
1648680480,+3.47,+17.773, +9.369,+0.976
1648680540,+3.47,+17.781, +9.360,+0.976
1648680600,+3.47,+17.790, +9.358,+0.976
1648680660,+3.47,+17.773, +9.366,+0.976
1648680720,+3.47,+17.798, +9.361,+0.976
1648680780,+3.47,+17.807, +9.366,+0.976
1648680840,+3.47,+17.824, +9.369,+0.976
1648680900,+3.47,+17.824, +9.361,+0.976
1648680960,+3.47,+17.824, +9.369,+0.976
1648681020,+3.47,+17.849, +9.365,+0.976
1648681080,+3.47,+17.857, +9.360,+0.976
1648681140,+3.47,+17.857, +9.367,+0.976
1648681200,+3.47,+17.866, +9.368,+0.976
1648681260,+3.47,+17.874, +9.360,+0.976
1648681320,+3.47,+17.883, +9.365,+0.976
1648681380,+3.47,+17.891, +9.362,+0.976
1648681440,+3.47,+17.900, +9.369,+0.976
1648681500,+3.47,+17.908, +9.358,+0.976
1648681560,+3.47,+17.916, +9.361,+0.976
1648681620,+3.47,+17.916, +9.365,+0.976
1648681680,+3.48,+17.925, +9.361,+0.976
1648681740,+3.48,+17.942, +9.353,+0.976
1648681800,+3.48,+17.950, +9.351,+0.975
1648681860,+3.48,+17.933, +9.364,+0.976
1648681920,+3.48,+17.959, +9.359,+0.976
1648681980,+3.48,+17.959, +9.352,+0.976
1648682040,+3.48,+17.950, +9.349,+0.976
1648682100,+3.48,+17.959, +9.341,+0.976
1648682160,+3.48,+17.967, +9.343,+0.975
1648682220,+3.48,+17.967, +9.345,+0.976
1648682280,+3.48,+17.975, +9.353,+0.976
1648682340,+3.48,+17.984, +9.352,+0.976
1648682400,+3.48,+18.009, +9.350,+0.976
1648682460,+3.48,+18.018, +9.347,+0.976
1648682520,+3.48,+18.026, +9.342,+0.976
1648682580,+3.48,+18.043, +9.348,+0.976
1648682640,+3.48,+18.043, +9.343,+0.976
1648682700,+3.48,+18.043, +9.346,+0.976
1648682760,+3.48,+18.051, +9.329,+0.975
1648682820,+3.48,+18.060, +9.340,+0.976
1648682880,+3.48,+18.051, +9.336,+0.976
1648682940,+3.48,+18.077, +9.330,+0.976
1648683000,+3.48,+18.077, +9.320,+0.975
1648683060,+3.48,+18.068, +9.330,+0.976
1648683120,+3.48,+18.068, +9.326,+0.975
1648683180,+3.48,+18.077, +9.320,+0.976
1648683240,+3.48,+18.102, +9.314,+0.976
1648683300,+3.48,+18.094, +9.322,+0.976
1648683360,+3.48,+18.110, +9.326,+0.976
1648683420,+3.48,+18.110, +9.318,+0.976
1648683480,+3.48,+18.127, +9.318,+0.976
1648683540,+3.48,+18.127, +9.328,+0.976
1648683600,+3.48,+18.127, +9.331,+0.976
1648683660,+3.48,+18.153, +9.306,+0.975
1648683720,+3.48,+18.153, +9.314,+0.976
1648683780,+3.48,+18.136, +9.320,+0.976
1648683840,+3.48,+18.161, +9.310,+0.976
1648683900,+3.48,+18.161, +9.301,+0.975
1648683960,+3.48,+18.153, +9.304,+0.975
1648684020,+3.48,+18.161, +9.317,+0.976
1648684080,+3.48,+18.178, +9.306,+0.976
1648684140,+3.48,+18.178, +9.304,+0.975
1648684200,+3.48,+18.203, +9.293,+0.975
1648684260,+3.48,+18.186, +9.307,+0.976
1648684320,+3.48,+18.203, +9.305,+0.975
1648684380,+3.48,+18.228, +9.311,+0.976
1648684440,+3.48,+18.228, +9.325,+0.976
1648684500,+3.48,+18.245, +9.300,+0.975
1648684560,+3.48,+18.279, +9.299,+0.976
1648684620,+3.48,+18.262, +9.298,+0.975
1648684680,+3.48,+18.271, +9.297,+0.975
1648684740,+3.48,+18.262, +9.311,+0.976
1648684800,+3.48,+18.279, +9.306,+0.976
1648684860,+3.48,+18.296, +9.301,+0.976
1648684920,+3.48,+18.296, +9.300,+0.976
1648684980,+3.48,+18.304, +9.303,+0.976
1648685040,+3.48,+18.313, +9.294,+0.975
1648685100,+3.48,+18.304, +9.306,+0.976
1648685160,+3.48,+18.321, +9.295,+0.975
1648685220,+3.48,+18.346, +9.279,+0.975
1648685280,+3.48,+18.330, +9.294,+0.976
1648685340,+3.48,+18.338, +9.280,+0.975
1648685400,+3.48,+18.330, +9.294,+0.976
1648685460,+3.48,+18.338, +9.286,+0.976
1648685520,+3.48,+18.338, +9.297,+0.976
1648685580,+3.48,+18.363, +9.286,+0.976
1648685640,+3.48,+18.346, +9.296,+0.976
1648685700,+3.48,+18.355, +9.295,+0.976
1648685760,+3.48,+18.355, +9.288,+0.976
1648685820,+3.48,+18.389, +9.286,+0.976
1648685880,+3.48,+18.363, +9.279,+0.975
1648685940,+3.48,+18.405, +9.284,+0.976
1648686000,+3.48,+18.405, +9.281,+0.975
1648686060,+3.48,+18.405, +9.287,+0.976
1648686120,+3.48,+18.414, +9.279,+0.975
1648686180,+3.48,+18.414, +9.286,+0.976
1648686240,+3.48,+18.414, +9.284,+0.975
1648686300,+3.48,+18.414, +9.285,+0.976
1648686360,+3.48,+18.431, +9.275,+0.975
1648686420,+3.48,+18.431, +9.285,+0.976
1648686480,+3.48,+18.431, +9.280,+0.975
1648686540,+3.48,+18.464, +9.271,+0.975
1648686600,+3.48,+18.464, +9.268,+0.975
1648686660,+3.48,+18.464, +9.272,+0.975
1648686720,+3.48,+18.481, +9.261,+0.975
1648686780,+3.48,+18.490, +9.263,+0.975
1648686840,+3.48,+18.456, +9.272,+0.975
1648686900,+3.48,+18.481, +9.266,+0.975
1648686960,+3.48,+18.498, +9.275,+0.976
1648687020,+3.48,+18.515, +9.277,+0.976
1648687080,+3.48,+18.515, +9.274,+0.975
1648687140,+3.48,+18.523, +9.274,+0.975
1648687200,+3.48,+18.532, +9.270,+0.975
1648687260,+3.48,+18.557, +9.272,+0.976
1648687320,+3.48,+18.557, +9.271,+0.976
1648687380,+3.48,+18.557, +9.276,+0.976
1648687440,+3.48,+18.565, +9.276,+0.976
1648687500,+3.48,+18.574, +9.267,+0.976
1648687560,+3.48,+18.548, +9.266,+0.975
1648687620,+3.48,+18.574, +9.264,+0.976
1648687680,+3.48,+18.565, +9.262,+0.975
1648687740,+3.48,+18.574, +9.278,+0.976
1648687800,+3.48,+18.591, +9.267,+0.975
1648687860,+3.48,+18.607, +9.268,+0.976
1648687920,+3.48,+18.616, +9.256,+0.975
1648687980,+3.48,+18.607, +9.266,+0.976
1648688040,+3.48,+18.607, +9.252,+0.975
1648688100,+3.48,+18.616, +9.264,+0.976
1648688160,+3.48,+18.616, +9.257,+0.975
1648688220,+3.48,+18.624, +9.260,+0.975
1648688280,+3.48,+18.633, +9.249,+0.975
1648688340,+3.48,+18.658, +9.248,+0.975
1648688400,+3.48,+18.633, +9.263,+0.975
1648688460,+3.48,+18.658, +9.248,+0.975
1648688520,+3.48,+18.649, +9.255,+0.975
1648688580,+3.48,+18.666, +9.246,+0.975
1648688640,+3.48,+18.658, +9.253,+0.975
1648688700,+3.48,+18.658, +9.251,+0.975
1648688760,+3.48,+18.658, +9.259,+0.976
1648688820,+3.48,+18.649, +9.258,+0.975
1648688880,+3.48,+18.692, +9.253,+0.975
1648688940,+3.48,+18.692, +9.254,+0.975
1648689000,+3.48,+18.708, +9.248,+0.975
1648689060,+3.48,+18.700, +9.259,+0.975
1648689120,+3.48,+18.692, +9.259,+0.975
1648689180,+3.48,+18.725, +9.241,+0.975
1648689240,+3.48,+18.734, +9.246,+0.975
1648689300,+3.48,+18.725, +9.253,+0.975
1648689360,+3.48,+18.742, +9.247,+0.975
1648689420,+3.48,+18.708, +9.251,+0.975
1648689480,+3.48,+18.725, +9.250,+0.975
1648689540,+3.48,+18.734, +9.246,+0.975
1648689600,+3.48,+18.742, +9.243,+0.975
1648689660,+3.48,+18.742, +9.252,+0.975
1648689720,+3.48,+18.759, +9.249,+0.975
1648689780,+3.48,+18.759, +9.239,+0.975
1648689840,+3.48,+18.759, +9.248,+0.975
1648689900,+3.48,+18.776, +9.239,+0.975
1648689960,+3.48,+18.776, +9.241,+0.975
1648690020,+3.48,+18.767, +9.245,+0.975
1648690080,+3.48,+18.784, +9.232,+0.975
1648690140,+3.48,+18.767, +9.244,+0.975
1648690200,+3.48,+18.759, +9.248,+0.975
1648690260,+3.48,+18.801, +9.232,+0.975
1648690320,+3.48,+18.801, +9.238,+0.975
1648690380,+3.48,+18.809, +9.239,+0.976
1648690440,+3.48,+18.826, +9.218,+0.975
1648690500,+3.48,+18.809, +9.229,+0.975
1648690560,+3.48,+18.818, +9.235,+0.975
1648690620,+3.48,+18.826, +9.225,+0.975
1648690680,+3.48,+18.826, +9.238,+0.976
1648690740,+3.48,+18.826, +9.232,+0.975
1648690800,+3.48,+18.843, +9.222,+0.975
1648690860,+3.48,+18.826, +9.245,+0.976
1648690920,+3.48,+18.860, +9.236,+0.975
1648690980,+3.48,+18.868, +9.230,+0.975
1648691040,+3.48,+18.868, +9.243,+0.975
1648691100,+3.48,+18.885, +9.234,+0.975
1648691160,+3.48,+18.893, +9.230,+0.975
1648691220,+3.48,+18.902, +9.233,+0.975
1648691280,+3.48,+18.910, +9.224,+0.975
1648691340,+3.48,+18.902, +9.229,+0.975
1648691400,+3.48,+18.910, +9.227,+0.975
1648691460,+3.48,+18.910, +9.223,+0.975
1648691520,+3.48,+18.902, +9.232,+0.976
1648691580,+3.48,+18.902, +9.220,+0.975
1648691640,+3.48,+18.919, +9.215,+0.975
1648691700,+3.48,+18.910, +9.218,+0.975
1648691760,+3.48,+18.927, +9.214,+0.975
1648691820,+3.48,+18.927, +9.217,+0.975
1648691880,+3.48,+18.927, +9.216,+0.975
1648691940,+3.48,+18.935, +9.219,+0.975
1648692000,+3.48,+18.935, +9.217,+0.975
1648692060,+3.48,+18.935, +9.219,+0.975
1648692120,+3.48,+18.919, +9.227,+0.975
1648692180,+3.48,+18.944, +9.223,+0.976
1648692240,+3.48,+18.944, +9.220,+0.975
1648692300,+3.48,+18.935, +9.215,+0.975
1648692360,+3.48,+18.952, +9.217,+0.975
1648692420,+3.48,+18.961, +9.214,+0.975
1648692480,+3.48,+18.977, +9.213,+0.975
1648692540,+3.48,+18.961, +9.219,+0.975
1648692600,+3.48,+18.986, +9.210,+0.975
1648692660,+3.48,+18.994, +9.207,+0.975
1648692720,+3.48,+18.977, +9.215,+0.975
1648692780,+3.48,+18.986, +9.211,+0.975
1648692840,+3.48,+19.011, +9.212,+0.976
1648692900,+3.48,+18.994, +9.213,+0.975
1648692960,+3.49,+19.011, +9.203,+0.975
1648693020,+3.48,+19.011, +9.202,+0.975
1648693080,+3.49,+19.011, +9.202,+0.975
1648693140,+3.49,+19.011, +9.209,+0.975
1648693200,+3.49,+19.003, +9.213,+0.976
1648693260,+3.49,+19.028, +9.213,+0.976
1648693320,+3.49,+19.036, +9.199,+0.975
1648693380,+3.49,+19.045, +9.197,+0.975
1648693440,+3.49,+19.028, +9.204,+0.975
1648693500,+3.49,+19.045, +9.194,+0.975
1648693560,+3.49,+19.045, +9.197,+0.975
1648693620,+3.49,+19.028, +9.209,+0.975
1648693680,+3.49,+19.061, +9.197,+0.975
1648693740,+3.49,+19.078, +9.195,+0.975
1648693800,+3.49,+19.070, +9.200,+0.975
1648693860,+3.49,+19.078, +9.197,+0.975
1648693920,+3.49,+19.070, +9.197,+0.975
1648693980,+3.49,+19.078, +9.195,+0.975
1648694040,+3.49,+19.095, +9.193,+0.975
1648694100,+3.49,+19.103, +9.189,+0.975
1648694160,+3.49,+19.087, +9.187,+0.975
1648694220,+3.49,+19.078, +9.195,+0.975
1648694280,+3.49,+19.095, +9.189,+0.975
1648694340,+3.49,+19.112, +9.192,+0.975
1648694400,+3.49,+19.120, +9.190,+0.975
1648694460,+3.49,+19.103, +9.198,+0.975
1648694520,+3.49,+19.120, +9.191,+0.975
1648694580,+3.49,+19.137, +9.184,+0.975
1648694640,+3.49,+19.120, +9.194,+0.975
1648694700,+3.49,+19.129, +9.197,+0.975
1648694760,+3.49,+19.129, +9.203,+0.976
1648694820,+3.49,+19.145, +9.186,+0.975
1648694880,+3.49,+19.137, +9.186,+0.975
1648694940,+3.49,+19.145, +9.193,+0.975
1648695000,+3.49,+19.137, +9.197,+0.975
1648695060,+3.49,+19.154, +9.186,+0.975
1648695120,+3.49,+19.154, +9.189,+0.975
1648695180,+3.49,+19.162, +9.178,+0.975
1648695240,+3.49,+19.145, +9.193,+0.975
1648695300,+3.49,+19.154, +9.186,+0.975
1648695360,+3.49,+19.137, +9.205,+0.976
1648695420,+3.49,+19.171, +9.194,+0.975
1648695480,+3.49,+19.204, +9.187,+0.975
1648695540,+3.49,+19.196, +9.192,+0.975
1648695600,+3.49,+19.204, +9.176,+0.974
1648695660,+3.49,+19.213, +9.194,+0.976
1648695720,+3.49,+19.204, +9.189,+0.975
1648695780,+3.49,+19.221, +9.177,+0.975
1648695840,+3.49,+19.229, +9.186,+0.975
1648695900,+3.49,+19.213, +9.191,+0.975
1648695960,+3.49,+19.229, +9.175,+0.975
1648696020,+3.49,+19.229, +9.188,+0.976
1648696080,+3.49,+19.221, +9.184,+0.975
1648696140,+3.49,+19.229, +9.177,+0.975
1648696200,+3.49,+19.229, +9.180,+0.975
1648696260,+3.49,+19.246, +9.173,+0.975
1648696320,+3.49,+19.255, +9.166,+0.975
1648696380,+3.49,+19.246, +9.172,+0.975
1648696440,+3.49,+19.246, +9.191,+0.976
1648696500,+3.49,+19.255, +9.178,+0.975
1648696560,+3.49,+19.280, +9.171,+0.975
1648696620,+3.49,+19.271, +9.166,+0.975
1648696680,+3.49,+19.255, +9.177,+0.975
1648696740,+3.49,+19.271, +9.171,+0.975
1648696800,+3.49,+19.271, +9.178,+0.975
1648696860,+3.49,+19.280, +9.181,+0.976
1648696920,+3.49,+19.271, +9.177,+0.975
1648696980,+3.49,+19.280, +9.166,+0.975
1648697040,+3.49,+19.288, +9.165,+0.975
1648697100,+3.49,+19.288, +9.162,+0.975
1648697160,+3.49,+19.305, +9.161,+0.975
1648697220,+3.49,+19.280, +9.173,+0.975
1648697280,+3.49,+19.280, +9.165,+0.975
1648697340,+3.49,+19.280, +9.172,+0.975
1648697400,+3.49,+19.297, +9.164,+0.975
1648697460,+3.49,+19.297, +9.166,+0.975
1648697520,+3.49,+19.313, +9.174,+0.976
1648697580,+3.49,+19.297, +9.167,+0.975
1648697640,+3.49,+19.313, +9.167,+0.975
1648697700,+3.49,+19.313, +9.164,+0.975
1648697760,+3.49,+19.313, +9.163,+0.975
1648697820,+3.49,+19.305, +9.160,+0.975
1648697880,+3.49,+19.338, +9.158,+0.975
1648697940,+3.49,+19.330, +9.162,+0.975
1648698000,+3.49,+19.322, +9.159,+0.975
1648698060,+3.49,+19.330, +9.155,+0.975
1648698120,+3.49,+19.338, +9.156,+0.975
1648698180,+3.49,+19.330, +9.164,+0.975
1648698240,+3.49,+19.355, +9.164,+0.975
1648698300,+3.49,+19.355, +9.154,+0.975
1648698360,+3.49,+19.364, +9.153,+0.975
1648698420,+3.49,+19.364, +9.164,+0.975
1648698480,+3.49,+19.372, +9.158,+0.975
1648698540,+3.49,+19.372, +9.160,+0.975
1648698600,+3.49,+19.364, +9.161,+0.975
1648698660,+3.49,+19.380, +9.150,+0.975
1648698720,+3.49,+19.372, +9.158,+0.975
1648698780,+3.49,+19.372, +9.165,+0.976
1648698840,+3.49,+19.380, +9.153,+0.975
1648698900,+3.49,+19.364, +9.157,+0.975
1648698960,+3.49,+19.380, +9.153,+0.975
1648699020,+3.49,+19.380, +9.151,+0.975
1648699080,+3.49,+19.389, +9.147,+0.975
1648699140,+3.49,+19.406, +9.147,+0.975
1648699200,+3.49,+19.406, +9.154,+0.975
1648699260,+3.49,+19.406, +9.143,+0.975
1648699320,+3.49,+19.397, +9.154,+0.975
1648699380,+3.49,+19.406, +9.150,+0.975
1648699440,+3.49,+19.406, +9.150,+0.975
1648699500,+3.49,+19.406, +9.151,+0.975
1648699560,+3.49,+19.414, +9.146,+0.975
1648699620,+3.49,+19.406, +9.156,+0.975
1648699680,+3.49,+19.431, +9.143,+0.975
1648699740,+3.49,+19.431, +9.144,+0.975
1648699800,+3.49,+19.439, +9.137,+0.975
1648699860,+3.49,+19.456, +9.140,+0.975
1648699920,+3.49,+19.431, +9.139,+0.975
1648699980,+3.49,+19.422, +9.143,+0.975
1648700040,+3.49,+19.439, +9.138,+0.975
1648700100,+3.49,+19.448, +9.137,+0.975
1648700160,+3.49,+19.456, +9.138,+0.975
1648700220,+3.49,+19.456, +9.133,+0.975
1648700280,+3.49,+19.439, +9.142,+0.975
1648700340,+3.49,+19.464, +9.131,+0.975
1648700400,+3.49,+19.464, +9.131,+0.975
1648700460,+3.49,+19.473, +9.127,+0.975
1648700520,+3.49,+19.464, +9.136,+0.975
1648700580,+3.49,+19.456, +9.139,+0.975
1648700640,+3.49,+19.464, +9.141,+0.975
1648700700,+3.49,+19.481, +9.131,+0.975
1648700760,+3.49,+19.473, +9.135,+0.975
1648700820,+3.49,+19.481, +9.131,+0.975
1648700880,+3.49,+19.456, +9.143,+0.975
1648700940,+3.49,+19.498, +9.125,+0.975
1648701000,+3.49,+19.490, +9.130,+0.975
1648701060,+3.49,+19.506, +9.128,+0.975
1648701120,+3.49,+19.490, +9.128,+0.975
1648701180,+3.49,+19.498, +9.132,+0.975
1648701240,+3.49,+19.490, +9.126,+0.975
1648701300,+3.49,+19.498, +9.127,+0.975
1648701360,+3.49,+19.481, +9.142,+0.976
1648701420,+3.49,+19.515, +9.137,+0.976
1648701480,+3.49,+19.490, +9.131,+0.975
1648701540,+3.49,+19.498, +9.135,+0.975
1648701600,+3.49,+19.523, +9.128,+0.975
1648701660,+3.49,+19.506, +9.136,+0.975
1648701720,+3.49,+19.523, +9.120,+0.975
1648701780,+3.49,+19.523, +9.122,+0.975
1648701840,+3.49,+19.531, +9.126,+0.975
1648701900,+3.49,+19.540, +9.120,+0.975
1648701960,+3.49,+19.540, +9.121,+0.975
1648702020,+3.49,+19.557, +9.110,+0.975
1648702080,+3.49,+19.540, +9.121,+0.975
1648702140,+3.49,+19.523, +9.121,+0.975
1648702200,+3.49,+19.531, +9.123,+0.975
1648702260,+3.49,+19.548, +9.123,+0.975
1648702320,+3.49,+19.565, +9.114,+0.975
1648702380,+3.49,+19.548, +9.118,+0.975
1648702440,+3.49,+19.565, +9.116,+0.975
1648702500,+3.49,+19.565, +9.110,+0.975
1648702560,+3.49,+19.565, +9.104,+0.974
1648702620,+3.49,+19.573, +9.106,+0.975
1648702680,+3.49,+19.557, +9.113,+0.975
1648702740,+3.49,+19.573, +9.121,+0.976
1648702800,+3.49,+19.557, +9.120,+0.975
1648702860,+3.49,+19.573, +9.120,+0.975
1648702920,+3.49,+19.573, +9.114,+0.975
1648702980,+3.49,+19.565, +9.120,+0.975
1648703040,+3.49,+19.573, +9.115,+0.975
1648703100,+3.49,+19.590, +9.106,+0.975
1648703160,+3.49,+19.590, +9.108,+0.975
1648703220,+3.49,+19.590, +9.117,+0.975
1648703280,+3.49,+19.590, +9.118,+0.975
1648703340,+3.49,+19.599, +9.111,+0.975
1648703400,+3.49,+19.624, +9.110,+0.975
1648703460,+3.49,+19.582, +9.114,+0.975
1648703520,+3.49,+19.607, +9.110,+0.975
1648703580,+3.49,+19.599, +9.115,+0.975
1648703640,+3.49,+19.624, +9.108,+0.975
1648703700,+3.49,+19.624, +9.098,+0.975
1648703760,+3.49,+19.590, +9.113,+0.975
1648703820,+3.49,+19.599, +9.119,+0.975
1648703880,+3.49,+19.615, +9.113,+0.975
1648703940,+3.49,+19.624, +9.109,+0.975
1648704000,+3.49,+19.615, +9.115,+0.975
1648704060,+3.49,+19.624, +9.103,+0.975
1648704120,+3.49,+19.624, +9.098,+0.975
1648704180,+3.49,+19.624, +9.106,+0.975
1648704240,+3.49,+19.649, +9.094,+0.975
1648704300,+3.49,+19.624, +9.095,+0.975
1648704360,+3.49,+19.632, +9.111,+0.976
1648704420,+3.49,+19.632, +9.103,+0.975
1648704480,+3.49,+19.641, +9.096,+0.975
1648704540,+3.49,+19.641, +9.102,+0.975
1648704600,+3.49,+19.649, +9.098,+0.975
1648704660,+3.49,+19.641, +9.095,+0.975
1648704720,+3.49,+19.666, +9.088,+0.975
1648704780,+3.49,+19.657, +9.091,+0.975
1648704840,+3.49,+19.666, +9.090,+0.975
1648704900,+3.49,+19.657, +9.089,+0.975
1648704960,+3.49,+19.641, +9.102,+0.975
1648705020,+3.49,+19.649, +9.100,+0.975
1648705080,+3.49,+19.657, +9.089,+0.975
1648705140,+3.49,+19.666, +9.092,+0.975
1648705200,+3.49,+19.657, +9.086,+0.975
1648705260,+3.49,+19.666, +9.101,+0.975
1648705320,+3.49,+19.666, +9.096,+0.975
1648705380,+3.49,+19.682, +9.093,+0.975
1648705440,+3.49,+19.682, +9.087,+0.975
1648705500,+3.49,+19.691, +9.092,+0.975
1648705560,+3.49,+19.699, +9.083,+0.975
1648705620,+3.49,+19.708, +9.080,+0.975
1648705680,+3.49,+19.699, +9.085,+0.975
1648705740,+3.49,+19.682, +9.092,+0.975
1648705800,+3.49,+19.699, +9.092,+0.976
1648705860,+3.49,+19.691, +9.085,+0.975
1648705920,+3.49,+19.682, +9.088,+0.975
1648705980,+3.49,+19.716, +9.082,+0.975
1648706040,+3.49,+19.699, +9.082,+0.975
1648706100,+3.49,+19.716, +9.072,+0.974
1648706160,+3.49,+19.724, +9.073,+0.975
1648706220,+3.49,+19.724, +9.080,+0.975
1648706280,+3.49,+19.741, +9.066,+0.974
1648706340,+3.49,+19.716, +9.075,+0.975
1648706400,+3.49,+19.716, +9.084,+0.975
1648706460,+3.49,+19.716, +9.080,+0.975
1648706520,+3.49,+19.724, +9.077,+0.975
1648706580,+3.49,+19.733, +9.081,+0.975
1648706640,+3.49,+19.724, +9.078,+0.975
1648706700,+3.49,+19.741, +9.073,+0.975
1648706760,+3.49,+19.741, +9.077,+0.975
1648706820,+3.49,+19.750, +9.067,+0.975
1648706880,+3.49,+19.741, +9.083,+0.975
1648706940,+3.49,+19.741, +9.077,+0.975
1648707000,+3.49,+19.750, +9.077,+0.975
1648707060,+3.49,+19.741, +9.078,+0.975
1648707120,+3.49,+19.750, +9.070,+0.974
1648707180,+3.49,+19.750, +9.068,+0.975
1648707240,+3.49,+19.758, +9.063,+0.975
1648707300,+3.49,+19.741, +9.070,+0.975
1648707360,+3.49,+19.750, +9.077,+0.975
1648707420,+3.49,+19.750, +9.074,+0.975
1648707480,+3.49,+19.750, +9.070,+0.975
1648707540,+3.49,+19.766, +9.063,+0.975
1648707600,+3.49,+19.766, +9.069,+0.975
1648707660,+3.49,+19.766, +9.071,+0.975
1648707720,+3.49,+19.766, +9.068,+0.975
1648707780,+3.49,+19.766, +9.067,+0.975
1648707840,+3.49,+19.758, +9.073,+0.975
1648707900,+3.49,+19.766, +9.070,+0.975
1648707960,+3.49,+19.783, +9.069,+0.975
1648708020,+3.49,+19.783, +9.060,+0.974
1648708080,+3.49,+19.791, +9.066,+0.975
1648708140,+3.49,+19.783, +9.058,+0.974
1648708200,+3.49,+19.783, +9.072,+0.975
1648708260,+3.49,+19.783, +9.075,+0.975
1648708320,+3.49,+19.800, +9.060,+0.975
1648708380,+3.49,+19.800, +9.057,+0.974
1648708440,+3.49,+19.791, +9.070,+0.975
1648708500,+3.49,+19.783, +9.064,+0.975
1648708560,+3.49,+19.791, +9.068,+0.975
1648708620,+3.49,+19.808, +9.064,+0.975
1648708680,+3.49,+19.825, +9.052,+0.975
1648708740,+3.49,+19.825, +9.057,+0.975
1648708800,+3.49,+19.800, +9.060,+0.975
1648708860,+3.49,+19.825, +9.055,+0.975
1648708920,+3.49,+19.817, +9.056,+0.975
1648708980,+3.49,+19.825, +9.053,+0.975
1648709040,+3.49,+19.817, +9.057,+0.975
1648709100,+3.49,+19.825, +9.061,+0.975
1648709160,+3.49,+19.833, +9.058,+0.975
1648709220,+3.49,+19.842, +9.064,+0.975
1648709280,+3.49,+19.842, +9.054,+0.975
1648709340,+3.49,+19.842, +9.060,+0.975
1648709400,+3.49,+19.842, +9.055,+0.975
1648709460,+3.49,+19.833, +9.061,+0.975
1648709520,+3.49,+19.842, +9.058,+0.975
1648709580,+3.49,+19.858, +9.054,+0.975
1648709640,+3.49,+19.858, +9.056,+0.975
1648709700,+3.49,+19.842, +9.056,+0.975
1648709760,+3.49,+19.858, +9.053,+0.975
1648709820,+3.49,+19.867, +9.053,+0.975
1648709880,+3.49,+19.867, +9.052,+0.975
1648709940,+3.49,+19.867, +9.052,+0.975
1648710000,+3.49,+19.850, +9.051,+0.975
1648710060,+3.49,+19.884, +9.039,+0.974
1648710120,+3.49,+19.875, +9.047,+0.975
1648710180,+3.49,+19.884, +9.048,+0.975
1648710240,+3.49,+19.867, +9.047,+0.975
1648710300,+3.49,+19.875, +9.049,+0.975
1648710360,+3.49,+19.867, +9.056,+0.975
1648710420,+3.49,+19.875, +9.044,+0.975
1648710480,+3.49,+19.875, +9.056,+0.975
1648710540,+3.49,+19.884, +9.047,+0.975
1648710600,+3.49,+19.858, +9.058,+0.975
1648710660,+3.49,+19.900, +9.044,+0.975
1648710720,+3.49,+19.892, +9.045,+0.975
1648710780,+3.49,+19.875, +9.051,+0.975
1648710840,+3.49,+19.892, +9.054,+0.975
1648710900,+3.49,+19.875, +9.044,+0.974
1648710960,+3.49,+19.867, +9.058,+0.975
1648711020,+3.49,+19.884, +9.051,+0.975
1648711080,+3.49,+19.926, +9.041,+0.975
1648711140,+3.49,+19.917, +9.046,+0.975
1648711200,+3.49,+19.934, +9.038,+0.975
1648711260,+3.49,+19.909, +9.049,+0.975
1648711320,+3.49,+19.917, +9.040,+0.974
1648711380,+3.49,+19.900, +9.056,+0.975
1648711440,+3.49,+19.926, +9.042,+0.975
1648711500,+3.49,+19.926, +9.047,+0.975
1648711560,+3.49,+19.934, +9.045,+0.975
1648711620,+3.49,+19.934, +9.033,+0.974
1648711680,+3.49,+19.917, +9.047,+0.975
1648711740,+3.49,+19.934, +9.050,+0.975
1648711800,+3.49,+19.934, +9.037,+0.975
1648711860,+3.49,+19.934, +9.052,+0.975
1648711920,+3.49,+19.926, +9.034,+0.974
1648711980,+3.49,+19.909, +9.047,+0.975
1648712040,+3.49,+19.926, +9.046,+0.975
1648712100,+3.49,+19.942, +9.042,+0.975
1648712160,+3.49,+19.917, +9.043,+0.975
1648712220,+3.49,+19.909, +9.053,+0.975
1648712280,+3.49,+19.917, +9.045,+0.975
1648712340,+3.49,+19.909, +9.044,+0.974
1648712400,+3.49,+19.926, +9.043,+0.975
1648712460,+3.49,+19.942, +9.044,+0.975
1648712520,+3.49,+19.959, +9.047,+0.975
1648712580,+3.49,+19.951, +9.046,+0.975
1648712640,+3.49,+19.959, +9.034,+0.975
1648712700,+3.49,+19.959, +9.043,+0.975
1648712760,+3.49,+19.976, +9.036,+0.975
1648712820,+3.49,+19.976, +9.037,+0.975
1648712880,+3.49,+19.976, +9.027,+0.975
1648712940,+3.49,+19.942, +9.044,+0.975
1648713000,+3.49,+19.984, +9.033,+0.975
1648713060,+3.49,+19.984, +9.034,+0.975
1648713120,+3.49,+19.976, +9.032,+0.975
1648713180,+3.49,+19.959, +9.030,+0.975
1648713240,+3.49,+19.942, +9.042,+0.974
1648713300,+3.49,+19.967, +9.042,+0.975
1648713360,+3.49,+19.959, +9.039,+0.975
1648713420,+3.49,+19.984, +9.035,+0.975
1648713480,+3.49,+19.984, +9.037,+0.975
1648713540,+3.49,+19.976, +9.034,+0.975
1648713600,+3.49,+19.967, +9.042,+0.975
1648713660,+3.49,+19.993, +9.035,+0.975
1648713720,+3.49,+20.001, +9.031,+0.975
1648713780,+3.49,+19.993, +9.041,+0.975
1648713840,+3.49,+20.018, +9.036,+0.975
1648713900,+3.49,+20.001, +9.037,+0.975
1648713960,+3.49,+20.009, +9.036,+0.975
1648714020,+3.49,+20.009, +9.033,+0.975
1648714080,+3.49,+20.018, +9.043,+0.976
1648714140,+3.49,+20.018, +9.033,+0.975
1648714200,+3.49,+20.018, +9.026,+0.975
1648714260,+3.49,+19.993, +9.032,+0.975
1648714320,+3.49,+20.001, +9.030,+0.975
1648714380,+3.49,+20.018, +9.029,+0.975
1648714440,+3.49,+20.018, +9.027,+0.975
1648714500,+3.49,+20.009, +9.026,+0.975
1648714560,+3.49,+20.018, +9.020,+0.975
1648714620,+3.49,+20.018, +9.022,+0.975
1648714680,+3.49,+20.018, +9.022,+0.975
1648714740,+3.49,+20.026, +9.033,+0.975
1648714800,+3.49,+20.018, +9.028,+0.975
1648714860,+3.49,+20.009, +9.041,+0.975
1648714920,+3.49,+20.034, +9.037,+0.976
1648714980,+3.49,+20.026, +9.034,+0.975
1648715040,+3.49,+20.051, +9.020,+0.975
1648715100,+3.49,+20.034, +9.023,+0.975
1648715160,+3.49,+20.026, +9.035,+0.975
1648715220,+3.49,+20.068, +9.023,+0.975
1648715280,+3.49,+20.068, +9.022,+0.975
1648715340,+3.49,+20.043, +9.028,+0.975
1648715400,+3.49,+20.051, +9.029,+0.975
1648715460,+3.49,+20.034, +9.036,+0.975
1648715520,+3.49,+20.051, +9.026,+0.975
1648715580,+3.49,+20.068, +9.022,+0.975
1648715640,+3.49,+20.060, +9.021,+0.975
1648715700,+3.49,+20.076, +9.021,+0.975
1648715760,+3.49,+20.068, +9.017,+0.975
1648715820,+3.49,+20.060, +9.019,+0.975
1648715880,+3.49,+20.060, +9.026,+0.975
1648715940,+3.49,+20.076, +9.022,+0.975
1648716000,+3.49,+20.060, +9.019,+0.974
1648716060,+3.49,+20.076, +9.020,+0.975
1648716120,+3.49,+20.076, +9.028,+0.975
1648716180,+3.49,+20.085, +9.024,+0.975
1648716240,+3.49,+20.093, +9.018,+0.975
1648716300,+3.49,+20.093, +9.025,+0.975
1648716360,+3.49,+20.076, +9.020,+0.975
1648716420,+3.49,+20.093, +9.010,+0.974
1648716480,+3.49,+20.093, +9.020,+0.975
1648716540,+3.49,+20.110, +9.008,+0.975
1648716600,+3.49,+20.093, +9.013,+0.974
1648716660,+3.49,+20.085, +9.018,+0.975
1648716720,+3.49,+20.076, +9.016,+0.975
1648716780,+3.49,+20.076, +9.026,+0.975
1648716840,+3.50,+20.102, +9.013,+0.975
1648716900,+3.49,+20.085, +9.016,+0.975
1648716960,+3.49,+20.085, +9.011,+0.974
1648717020,+3.50,+20.110, +9.008,+0.975
1648717080,+3.49,+20.102, +9.000,+0.974
1648717140,+3.50,+20.110, +9.013,+0.975
1648717200,+3.50,+20.102, +9.013,+0.975
1648717260,+3.50,+20.085, +9.011,+0.975
1648717320,+3.50,+20.093, +9.014,+0.975
1648717380,+3.50,+20.102, +9.012,+0.975
1648717440,+3.50,+20.093, +9.020,+0.975
1648717500,+3.50,+20.118, +9.006,+0.975
1648717560,+3.50,+20.102, +9.011,+0.975
1648717620,+3.50,+20.093, +9.017,+0.975
1648717680,+3.50,+20.110, +9.012,+0.975
1648717740,+3.50,+20.118, +9.011,+0.975
1648717800,+3.50,+20.110, +9.011,+0.975
1648717860,+3.50,+20.118, +9.012,+0.975
1648717920,+3.50,+20.110, +9.017,+0.975
1648717980,+3.50,+20.127, +9.005,+0.975
1648718040,+3.50,+20.118, +9.008,+0.975
1648718100,+3.50,+20.127, +9.000,+0.974
1648718160,+3.50,+20.135, +9.001,+0.975
1648718220,+3.50,+20.127, +9.012,+0.975
1648718280,+3.50,+20.135, +9.007,+0.975
1648718340,+3.50,+20.143, +9.004,+0.975
1648718400,+3.50,+20.127, +9.013,+0.975
1648718460,+3.50,+20.110, +9.011,+0.975
1648718520,+3.50,+20.135, +8.999,+0.975
1648718580,+3.50,+20.110, +9.013,+0.975
1648718640,+3.50,+20.143, +8.996,+0.974
1648718700,+3.50,+20.152, +8.991,+0.974
1648718760,+3.50,+20.135, +9.003,+0.974
1648718820,+3.50,+20.152, +9.006,+0.975
1648718880,+3.50,+20.160, +9.016,+0.976
1648718940,+3.50,+20.177, +8.990,+0.975
1648719000,+3.50,+20.169, +8.991,+0.975
1648719060,+3.50,+20.160, +8.999,+0.975
1648719120,+3.50,+20.177, +8.991,+0.975
1648719180,+3.50,+20.169, +8.988,+0.974
1648719240,+3.50,+20.143, +9.007,+0.975
1648719300,+3.50,+20.169, +8.997,+0.975
1648719360,+3.50,+20.169, +9.004,+0.975
1648719420,+3.50,+20.160, +9.000,+0.975
1648719480,+3.50,+20.169, +8.996,+0.975
1648719540,+3.50,+20.177, +8.999,+0.975
1648719600,+3.50,+20.169, +9.004,+0.975
1648719660,+3.50,+20.160, +9.008,+0.975
1648719720,+3.50,+20.169, +9.004,+0.975
1648719780,+3.50,+20.169, +8.999,+0.975
1648719840,+3.50,+20.185, +9.002,+0.975
1648719900,+3.50,+20.194, +9.003,+0.975
1648719960,+3.50,+20.177, +8.998,+0.975
1648720020,+3.50,+20.194, +8.995,+0.974
1648720080,+3.50,+20.194, +9.002,+0.975
1648720140,+3.50,+20.210, +8.995,+0.975
1648720200,+3.50,+20.210, +9.001,+0.975
1648720260,+3.50,+20.236, +8.979,+0.974
1648720320,+3.50,+20.185, +9.007,+0.975
1648720380,+3.50,+20.194, +9.000,+0.975
1648720440,+3.50,+20.210, +8.996,+0.975
1648720500,+3.50,+20.219, +8.999,+0.975
1648720560,+3.50,+20.210, +8.997,+0.975
1648720620,+3.50,+20.227, +8.990,+0.975
1648720680,+3.50,+20.236, +8.988,+0.975
1648720740,+3.50,+20.210, +8.993,+0.975
1648720800,+3.50,+20.194, +8.995,+0.975
1648720860,+3.50,+20.227, +8.997,+0.975
1648720920,+3.50,+20.236, +8.986,+0.975
1648720980,+3.50,+20.227, +8.999,+0.976
1648721040,+3.50,+20.227, +8.986,+0.975
1648721100,+3.50,+20.219, +8.987,+0.974
1648721160,+3.50,+20.227, +8.991,+0.975
1648721220,+3.50,+20.236, +8.988,+0.974
1648721280,+3.50,+20.202, +9.005,+0.975
1648721340,+3.50,+20.236, +8.995,+0.975
1648721400,+3.50,+20.236, +8.995,+0.975
1648721460,+3.50,+20.244, +8.985,+0.975
1648721520,+3.50,+20.236, +8.987,+0.975
1648721580,+3.50,+20.236, +8.995,+0.975
1648721640,+3.50,+20.252, +8.986,+0.975
1648721700,+3.50,+20.244, +8.988,+0.975
1648721760,+3.50,+20.227, +8.997,+0.975
1648721820,+3.50,+20.261, +8.982,+0.975
1648721880,+3.50,+20.261, +8.993,+0.975
1648721940,+3.50,+20.261, +8.979,+0.975
1648722000,+3.50,+20.269, +8.977,+0.975
1648722060,+3.50,+20.252, +8.992,+0.975
1648722120,+3.50,+20.269, +8.989,+0.975
1648722180,+3.50,+20.269, +8.983,+0.975
1648722240,+3.50,+20.277, +8.979,+0.975
1648722300,+3.50,+20.261, +8.990,+0.975
1648722360,+3.50,+20.277, +8.977,+0.975
1648722420,+3.50,+20.269, +8.986,+0.975
1648722480,+3.50,+20.269, +8.982,+0.975
1648722540,+3.50,+20.277, +8.973,+0.974
1648722600,+3.50,+20.269, +8.982,+0.975
1648722660,+3.50,+20.261, +8.985,+0.975
1648722720,+3.50,+20.277, +8.984,+0.975
1648722780,+3.50,+20.269, +8.978,+0.975
1648722840,+3.50,+20.261, +8.983,+0.975
1648722900,+3.50,+20.269, +8.984,+0.975
1648722960,+3.50,+20.269, +8.980,+0.975
1648723020,+3.50,+20.277, +8.984,+0.975
1648723080,+3.50,+20.277, +8.978,+0.975
1648723140,+3.50,+20.286, +8.979,+0.975
1648723200,+3.50,+20.286, +8.979,+0.975
1648723260,+3.50,+20.277, +8.984,+0.975
1648723320,+3.50,+20.286, +8.973,+0.975
1648723380,+3.50,+20.303, +8.967,+0.974
1648723440,+3.50,+20.303, +8.967,+0.974
1648723500,+3.50,+20.286, +8.969,+0.975
1648723560,+3.50,+20.303, +8.966,+0.975
1648723620,+3.50,+20.286, +8.972,+0.974
1648723680,+3.50,+20.286, +8.978,+0.975
1648723740,+3.50,+20.277, +8.971,+0.974
1648723800,+3.50,+20.303, +8.977,+0.975
1648723860,+3.50,+20.286, +8.975,+0.975
1648723920,+3.50,+20.303, +8.981,+0.975
1648723980,+3.50,+20.303, +8.965,+0.974
1648724040,+3.50,+20.303, +8.978,+0.975
1648724100,+3.50,+20.303, +8.979,+0.975
1648724160,+3.50,+20.311, +8.967,+0.975
1648724220,+3.50,+20.303, +8.974,+0.975
1648724280,+3.50,+20.311, +8.975,+0.975
1648724340,+3.50,+20.311, +8.974,+0.975
1648724400,+3.50,+20.311, +8.971,+0.975
1648724460,+3.50,+20.328, +8.970,+0.975
1648724520,+3.50,+20.319, +8.971,+0.975
1648724580,+3.50,+20.328, +8.978,+0.975
1648724640,+3.50,+20.336, +8.970,+0.975
1648724700,+3.50,+20.319, +8.972,+0.975
1648724760,+3.50,+20.319, +8.970,+0.975
1648724820,+3.50,+20.328, +8.972,+0.975
1648724880,+3.50,+20.328, +8.973,+0.975
1648724940,+3.50,+20.336, +8.969,+0.975
1648725000,+3.50,+20.328, +8.970,+0.975
1648725060,+3.50,+20.336, +8.973,+0.975
1648725120,+3.50,+20.344, +8.971,+0.975
1648725180,+3.50,+20.353, +8.973,+0.975
1648725240,+3.50,+20.344, +8.966,+0.975
1648725300,+3.50,+20.344, +8.969,+0.975
1648725360,+3.50,+20.353, +8.968,+0.975
1648725420,+3.50,+20.353, +8.967,+0.975
1648725480,+3.50,+20.344, +8.974,+0.975
1648725540,+3.50,+20.361, +8.975,+0.976
1648725600,+3.50,+20.328, +8.984,+0.975
1648725660,+3.50,+20.344, +8.975,+0.975
1648725720,+3.50,+20.344, +8.975,+0.975
1648725780,+3.50,+20.361, +8.960,+0.975
1648725840,+3.50,+20.361, +8.964,+0.975
1648725900,+3.50,+20.370, +8.954,+0.974
1648725960,+3.50,+20.370, +8.963,+0.975
1648726020,+3.50,+20.361, +8.971,+0.975
1648726080,+3.50,+20.344, +8.969,+0.975
1648726140,+3.50,+20.378, +8.957,+0.975
1648726200,+3.50,+20.353, +8.967,+0.975
1648726260,+3.50,+20.378, +8.958,+0.975
1648726320,+3.50,+20.344, +8.975,+0.975
1648726380,+3.50,+20.378, +8.961,+0.975
1648726440,+3.50,+20.370, +8.960,+0.975
1648726500,+3.50,+20.353, +8.971,+0.975
1648726560,+3.50,+20.370, +8.963,+0.975
1648726620,+3.50,+20.361, +8.962,+0.975
1648726680,+3.50,+20.370, +8.956,+0.974
1648726740,+3.50,+20.370, +8.957,+0.975
1648726800,+3.50,+20.370, +8.969,+0.975
1648726860,+3.50,+20.386, +8.961,+0.975
1648726920,+3.50,+20.386, +8.960,+0.975
1648726980,+3.50,+20.386, +8.964,+0.975
1648727040,+3.50,+20.386, +8.956,+0.975
1648727100,+3.50,+20.378, +8.956,+0.975
1648727160,+3.50,+20.395, +8.956,+0.975
1648727220,+3.50,+20.386, +8.955,+0.974
1648727280,+3.50,+20.386, +8.963,+0.975
1648727340,+3.50,+20.378, +8.964,+0.975
1648727400,+3.50,+20.386, +8.961,+0.975
1648727460,+3.50,+20.403, +8.956,+0.975
1648727520,+3.50,+20.411, +8.957,+0.975
1648727580,+3.50,+20.395, +8.960,+0.975
1648727640,+3.50,+20.403, +8.957,+0.975
1648727700,+3.50,+20.403, +8.956,+0.975
1648727760,+3.50,+20.395, +8.959,+0.975
1648727820,+3.50,+20.411, +8.956,+0.975
1648727880,+3.50,+20.403, +8.952,+0.975
1648727940,+3.50,+20.420, +8.953,+0.975
1648728000,+3.50,+20.403, +8.954,+0.975
1648728060,+3.50,+20.411, +8.955,+0.975
1648728120,+3.50,+20.395, +8.961,+0.975
1648728180,+3.50,+20.420, +8.957,+0.975
1648728240,+3.50,+20.428, +8.948,+0.975
1648728300,+3.50,+20.420, +8.952,+0.975
1648728360,+3.50,+20.437, +8.950,+0.975
1648728420,+3.50,+20.411, +8.956,+0.975
1648728480,+3.50,+20.420, +8.947,+0.975
1648728540,+3.50,+20.428, +8.948,+0.975
1648728600,+3.50,+20.420, +8.943,+0.974
1648728660,+3.50,+20.437, +8.939,+0.974
1648728720,+3.50,+20.420, +8.946,+0.975
1648728780,+3.50,+20.428, +8.962,+0.976
1648728840,+3.50,+20.420, +8.957,+0.975
1648728900,+3.50,+20.428, +8.952,+0.975
1648728960,+3.50,+20.453, +8.949,+0.975
1648729020,+3.50,+20.428, +8.953,+0.975
1648729080,+3.50,+20.437, +8.950,+0.975
1648729140,+3.50,+20.437, +8.956,+0.975
1648729200,+3.50,+20.445, +8.949,+0.975
1648729260,+3.50,+20.437, +8.947,+0.975
1648729320,+3.50,+20.428, +8.960,+0.975
1648729380,+3.50,+20.437, +8.952,+0.975
1648729440,+3.50,+20.462, +8.945,+0.975
1648729500,+3.50,+20.453, +8.951,+0.975
1648729560,+3.50,+20.470, +8.949,+0.975
1648729620,+3.50,+20.470, +8.941,+0.975
1648729680,+3.50,+20.453, +8.947,+0.975
1648729740,+3.50,+20.453, +8.952,+0.975
1648729800,+3.50,+20.470, +8.941,+0.975
1648729860,+3.50,+20.462, +8.943,+0.975
1648729920,+3.50,+20.478, +8.944,+0.975
1648729980,+3.50,+20.470, +8.953,+0.975
1648730040,+3.50,+20.470, +8.940,+0.975
1648730100,+3.50,+20.478, +8.944,+0.975
1648730160,+3.50,+20.487, +8.937,+0.975
1648730220,+3.50,+20.478, +8.937,+0.975
1648730280,+3.50,+20.470, +8.952,+0.975
1648730340,+3.50,+20.470, +8.946,+0.975
1648730400,+3.50,+20.495, +8.930,+0.974
1648730460,+3.50,+20.478, +8.944,+0.975
1648730520,+3.50,+20.487, +8.935,+0.975
1648730580,+3.50,+20.495, +8.936,+0.975
1648730640,+3.50,+20.470, +8.940,+0.974
1648730700,+3.50,+20.495, +8.935,+0.975
1648730760,+3.50,+20.503, +8.930,+0.975
1648730820,+3.50,+20.495, +8.938,+0.975
1648730880,+3.50,+20.487, +8.943,+0.975
1648730940,+3.50,+20.495, +8.940,+0.975
1648731000,+3.50,+20.478, +8.947,+0.975
1648731060,+3.50,+20.495, +8.944,+0.975
1648731120,+3.50,+20.495, +8.940,+0.975
1648731180,+3.50,+20.495, +8.942,+0.975
1648731240,+3.50,+20.487, +8.939,+0.975
1648731300,+3.50,+20.503, +8.929,+0.974
1648731360,+3.50,+20.495, +8.939,+0.975
1648731420,+3.50,+20.503, +8.931,+0.975
1648731480,+3.50,+20.495, +8.939,+0.975
1648731540,+3.50,+20.512, +8.937,+0.975
1648731600,+3.50,+20.503, +8.930,+0.975
1648731660,+3.50,+20.520, +8.930,+0.975
1648731720,+3.50,+20.512, +8.932,+0.975
1648731780,+3.50,+20.520, +8.940,+0.975
1648731840,+3.50,+20.529, +8.931,+0.975
1648731900,+3.50,+20.529, +8.941,+0.975
1648731960,+3.50,+20.529, +8.929,+0.975
1648732020,+3.50,+20.529, +8.937,+0.975
1648732080,+3.50,+20.529, +8.934,+0.975
1648732140,+3.50,+20.545, +8.925,+0.975
1648732200,+3.50,+20.545, +8.929,+0.975
1648732260,+3.50,+20.545, +8.930,+0.975
1648732320,+3.50,+20.520, +8.937,+0.975
1648732380,+3.50,+20.529, +8.944,+0.975
1648732440,+3.50,+20.545, +8.930,+0.975
1648732500,+3.50,+20.545, +8.930,+0.975
1648732560,+3.50,+20.537, +8.932,+0.975
1648732620,+3.50,+20.554, +8.933,+0.975
1648732680,+3.50,+20.537, +8.931,+0.975
1648732740,+3.50,+20.554, +8.925,+0.975
1648732800,+3.50,+20.554, +8.927,+0.974
1648732860,+3.50,+20.537, +8.934,+0.975
1648732920,+3.50,+20.562, +8.928,+0.975
1648732980,+3.50,+20.562, +8.925,+0.974
1648733040,+3.50,+20.554, +8.931,+0.975
1648733100,+3.50,+20.554, +8.926,+0.975
1648733160,+3.50,+20.570, +8.926,+0.975
1648733220,+3.50,+20.554, +8.938,+0.975
1648733280,+3.50,+20.570, +8.921,+0.975
1648733340,+3.50,+20.587, +8.910,+0.974
1648733400,+3.50,+20.570, +8.926,+0.975
1648733460,+3.50,+20.579, +8.924,+0.975
1648733520,+3.50,+20.579, +8.922,+0.975
1648733580,+3.50,+20.570, +8.925,+0.975
1648733640,+3.50,+20.604, +8.914,+0.975
1648733700,+3.50,+20.587, +8.930,+0.975
1648733760,+3.50,+20.570, +8.923,+0.974
1648733820,+3.50,+20.562, +8.933,+0.975
1648733880,+3.50,+20.570, +8.929,+0.975
1648733940,+3.50,+20.604, +8.925,+0.975
1648734000,+3.50,+20.587, +8.937,+0.975
1648734060,+3.50,+20.587, +8.927,+0.975
1648734120,+3.50,+20.587, +8.924,+0.975
1648734180,+3.50,+20.596, +8.929,+0.975
1648734240,+3.50,+20.579, +8.932,+0.975
1648734300,+3.50,+20.587, +8.928,+0.975
1648734360,+3.50,+20.604, +8.918,+0.975
1648734420,+3.50,+20.596, +8.925,+0.975
1648734480,+3.50,+20.596, +8.928,+0.975
1648734540,+3.50,+20.596, +8.915,+0.974
1648734600,+3.50,+20.596, +8.920,+0.975
1648734660,+3.50,+20.604, +8.918,+0.975
1648734720,+3.50,+20.612, +8.918,+0.975
1648734780,+3.50,+20.604, +8.921,+0.975
1648734840,+3.50,+20.621, +8.916,+0.975
1648734900,+3.50,+20.621, +8.923,+0.975
1648734960,+3.50,+20.621, +8.924,+0.975
1648735020,+3.50,+20.637, +8.915,+0.975
1648735080,+3.50,+20.604, +8.916,+0.974
1648735140,+3.50,+20.637, +8.907,+0.975
1648735200,+3.50,+20.629, +8.907,+0.974
1648735260,+3.50,+20.629, +8.906,+0.974
1648735320,+3.50,+20.604, +8.916,+0.974
1648735380,+3.50,+20.621, +8.920,+0.975
1648735440,+3.50,+20.654, +8.913,+0.975
1648735500,+3.50,+20.637, +8.917,+0.975
1648735560,+3.50,+20.612, +8.934,+0.975
1648735620,+3.50,+20.637, +8.921,+0.975
1648735680,+3.50,+20.621, +8.929,+0.975
1648735740,+3.50,+20.637, +8.919,+0.975
1648735800,+3.50,+20.646, +8.912,+0.975
1648735860,+3.50,+20.654, +8.907,+0.975
1648735920,+3.50,+20.663, +8.906,+0.975
1648735980,+3.50,+20.629, +8.909,+0.974
1648736040,+3.50,+20.671, +8.908,+0.975
1648736100,+3.50,+20.654, +8.912,+0.975
1648736160,+3.50,+20.646, +8.909,+0.975
1648736220,+3.50,+20.654, +8.911,+0.975
1648736280,+3.50,+20.654, +8.913,+0.975
1648736340,+3.50,+20.663, +8.911,+0.975
1648736400,+3.50,+20.663, +8.906,+0.975
1648736460,+3.50,+20.671, +8.902,+0.975
1648736520,+3.50,+20.671, +8.901,+0.975
1648736580,+3.50,+20.663, +8.913,+0.975
1648736640,+3.50,+20.671, +8.908,+0.975
1648736700,+3.50,+20.671, +8.909,+0.975
1648736760,+3.50,+20.654, +8.910,+0.975
1648736820,+3.50,+20.671, +8.911,+0.975
1648736880,+3.50,+20.663, +8.908,+0.975
1648736940,+3.50,+20.688, +8.907,+0.975
1648737000,+3.50,+20.671, +8.911,+0.975
1648737060,+3.50,+20.679, +8.908,+0.975
1648737120,+3.50,+20.671, +8.902,+0.975
1648737180,+3.50,+20.688, +8.907,+0.975
1648737240,+3.50,+20.688, +8.910,+0.975
1648737300,+3.50,+20.679, +8.911,+0.975
1648737360,+3.50,+20.679, +8.909,+0.975
1648737420,+3.50,+20.679, +8.917,+0.975
1648737480,+3.50,+20.696, +8.904,+0.975
1648737540,+3.50,+20.679, +8.915,+0.975
1648737600,+3.50,+20.688, +8.903,+0.975
1648737660,+3.50,+20.696, +8.905,+0.975
1648737720,+3.50,+20.704, +8.904,+0.975
1648737780,+3.50,+20.688, +8.903,+0.975
1648737840,+3.50,+20.704, +8.899,+0.975
1648737900,+3.50,+20.688, +8.904,+0.975
1648737960,+3.50,+20.696, +8.908,+0.975
1648738020,+3.50,+20.704, +8.908,+0.975
1648738080,+3.50,+20.696, +8.905,+0.975
1648738140,+3.50,+20.721, +8.901,+0.975
1648738200,+3.50,+20.704, +8.905,+0.975
1648738260,+3.50,+20.729, +8.900,+0.975
1648738320,+3.50,+20.721, +8.897,+0.975
1648738380,+3.50,+20.729, +8.902,+0.975
1648738440,+3.50,+20.713, +8.894,+0.974
1648738500,+3.50,+20.721, +8.900,+0.975
1648738560,+3.50,+20.713, +8.901,+0.975
1648738620,+3.50,+20.713, +8.902,+0.975
1648738680,+3.50,+20.729, +8.897,+0.975
1648738740,+3.50,+20.729, +8.898,+0.975
1648738800,+3.50,+20.704, +8.906,+0.975
1648738860,+3.50,+20.721, +8.897,+0.975
1648738920,+3.50,+20.721, +8.898,+0.975
1648738980,+3.50,+20.746, +8.902,+0.975
1648739040,+3.50,+20.729, +8.903,+0.975
1648739100,+3.50,+20.755, +8.900,+0.975
1648739160,+3.50,+20.729, +8.902,+0.975
1648739220,+3.50,+20.746, +8.895,+0.975
1648739280,+3.50,+20.738, +8.898,+0.975
1648739340,+3.50,+20.763, +8.890,+0.975
1648739400,+3.50,+20.746, +8.907,+0.975
1648739460,+3.50,+20.755, +8.896,+0.975
1648739520,+3.50,+20.755, +8.891,+0.975
1648739580,+3.50,+20.763, +8.892,+0.975
1648739640,+3.50,+20.771, +8.887,+0.975
1648739700,+3.50,+20.771, +8.889,+0.975
1648739760,+3.50,+20.755, +8.887,+0.975
1648739820,+3.50,+20.755, +8.892,+0.975
1648739880,+3.50,+20.771, +8.893,+0.975
1648739940,+3.50,+20.763, +8.895,+0.975
1648740000,+3.50,+20.771, +8.883,+0.974
1648740060,+3.50,+20.763, +8.896,+0.975
1648740120,+3.50,+20.763, +8.892,+0.975
1648740180,+3.50,+20.763, +8.892,+0.975
1648740240,+3.50,+20.780, +8.885,+0.975
1648740300,+3.50,+20.788, +8.887,+0.975
1648740360,+3.50,+20.780, +8.882,+0.975
1648740420,+3.50,+20.780, +8.879,+0.975
1648740480,+3.50,+20.788, +8.888,+0.975
1648740540,+3.50,+20.796, +8.888,+0.975
1648740600,+3.50,+20.796, +8.885,+0.975
1648740660,+3.50,+20.796, +8.882,+0.975
1648740720,+3.50,+20.780, +8.891,+0.975
1648740780,+3.50,+20.780, +8.885,+0.975
1648740840,+3.50,+20.771, +8.887,+0.975
1648740900,+3.50,+20.788, +8.882,+0.975
1648740960,+3.50,+20.796, +8.889,+0.975
1648741020,+3.50,+20.796, +8.886,+0.975
1648741080,+3.50,+20.805, +8.886,+0.975
1648741140,+3.50,+20.796, +8.881,+0.975
1648741200,+3.50,+20.788, +8.873,+0.974
1648741260,+3.50,+20.805, +8.882,+0.975
1648741320,+3.50,+20.805, +8.883,+0.975
1648741380,+3.50,+20.813, +8.878,+0.975
1648741440,+3.50,+20.813, +8.880,+0.975
1648741500,+3.50,+20.830, +8.875,+0.975
1648741560,+3.50,+20.796, +8.879,+0.975
1648741620,+3.50,+20.822, +8.878,+0.975
1648741680,+3.50,+20.838, +8.878,+0.975
1648741740,+3.50,+20.813, +8.874,+0.975
1648741800,+3.50,+20.813, +8.887,+0.975
1648741860,+3.50,+20.830, +8.878,+0.975
1648741920,+3.50,+20.847, +8.868,+0.975
1648741980,+3.50,+20.847, +8.880,+0.975
1648742040,+3.50,+20.838, +8.888,+0.976
1648742100,+3.50,+20.838, +8.868,+0.974
1648742160,+3.50,+20.863, +8.875,+0.975
1648742220,+3.50,+20.863, +8.871,+0.975
1648742280,+3.50,+20.863, +8.876,+0.975
1648742340,+3.50,+20.863, +8.872,+0.975
1648742400,+3.50,+20.863, +8.877,+0.975
1648742460,+3.50,+20.855, +8.879,+0.975
1648742520,+3.50,+20.872, +8.875,+0.975
1648742580,+3.50,+20.872, +8.871,+0.975
1648742640,+3.49,+20.872, +8.873,+0.975
1648742700,+3.50,+20.863, +8.875,+0.975
1648742760,+3.50,+20.863, +8.874,+0.975
1648742820,+3.50,+20.872, +8.872,+0.975
1648742880,+3.50,+20.872, +8.873,+0.975
1648742940,+3.49,+20.880, +8.866,+0.975
1648743000,+3.50,+20.880, +8.870,+0.975
1648743060,+3.50,+20.888, +8.865,+0.975
1648743120,+3.49,+20.880, +8.869,+0.975
1648743180,+3.49,+20.897, +8.868,+0.975
1648743240,+3.50,+20.888, +8.866,+0.975
1648743300,+3.49,+20.872, +8.877,+0.975
1648743360,+3.49,+20.897, +8.870,+0.975
1648743420,+3.50,+20.897, +8.860,+0.975
1648743480,+3.49,+20.914, +8.861,+0.975
1648743540,+3.50,+20.888, +8.873,+0.976
1648743600,+3.49,+20.914, +8.863,+0.975
1648743660,+3.49,+20.914, +8.857,+0.975
1648743720,+3.50,+20.930, +8.856,+0.975
1648743780,+3.50,+20.930, +8.864,+0.976
1648743840,+3.49,+20.922, +8.862,+0.975
1648743900,+3.49,+20.922, +8.870,+0.976
1648743960,+3.49,+20.914, +8.868,+0.975
1648744020,+3.49,+20.930, +8.861,+0.975
1648744080,+3.50,+20.939, +8.851,+0.975
1648744140,+3.49,+20.947, +8.859,+0.975
1648744200,+3.49,+20.939, +8.863,+0.975
1648744260,+3.50,+20.939, +8.852,+0.975
1648744320,+3.49,+20.930, +8.868,+0.975
1648744380,+3.49,+20.955, +8.867,+0.976
1648744440,+3.50,+20.955, +8.853,+0.975
1648744500,+3.50,+20.964, +8.857,+0.975
1648744560,+3.50,+20.964, +8.848,+0.975
1648744620,+3.50,+20.964, +8.850,+0.975
1648744680,+3.50,+20.972, +8.849,+0.975
1648744740,+3.49,+20.964, +8.856,+0.975
1648744800,+3.50,+20.981, +8.852,+0.975
1648744860,+3.50,+20.964, +8.856,+0.975
1648744920,+3.50,+20.972, +8.857,+0.975
1648744980,+3.50,+20.981, +8.851,+0.975
1648745040,+3.49,+20.997, +8.850,+0.975
1648745100,+3.49,+20.989, +8.846,+0.975
1648745160,+3.49,+20.997, +8.857,+0.976
1648745220,+3.49,+20.997, +8.854,+0.975
1648745280,+3.49,+21.014, +8.839,+0.975
1648745340,+3.50,+21.006, +8.840,+0.975
1648745400,+3.49,+21.014, +8.848,+0.976
1648745460,+3.49,+21.022, +8.844,+0.975
1648745520,+3.50,+21.022, +8.842,+0.975
1648745580,+3.50,+21.031, +8.844,+0.975
1648745640,+3.49,+21.022, +8.839,+0.975
1648745700,+3.50,+20.997, +8.851,+0.975
1648745760,+3.50,+21.031, +8.845,+0.975
1648745820,+3.50,+21.022, +8.845,+0.975
1648745880,+3.49,+21.014, +8.850,+0.975
1648745940,+3.50,+21.022, +8.856,+0.976
1648746000,+3.50,+21.006, +8.847,+0.975
1648746060,+3.50,+21.031, +8.847,+0.975
1648746120,+3.50,+21.056, +8.835,+0.975
1648746180,+3.50,+21.039, +8.843,+0.975
1648746240,+3.50,+21.039, +8.848,+0.975
1648746300,+3.50,+21.047, +8.836,+0.975
1648746360,+3.49,+21.056, +8.845,+0.975
1648746420,+3.50,+21.056, +8.837,+0.975
1648746480,+3.49,+21.056, +8.834,+0.975
1648746540,+3.50,+21.056, +8.824,+0.974
1648746600,+3.50,+21.039, +8.841,+0.975
1648746660,+3.50,+21.056, +8.837,+0.975
1648746720,+3.50,+21.064, +8.838,+0.975
1648746780,+3.50,+21.073, +8.839,+0.975
1648746840,+3.50,+21.064, +8.842,+0.975
1648746900,+3.50,+21.081, +8.834,+0.975
1648746960,+3.50,+21.073, +8.829,+0.975
1648747020,+3.50,+21.073, +8.841,+0.976
1648747080,+3.49,+21.073, +8.834,+0.975
1648747140,+3.50,+21.073, +8.839,+0.975
1648747200,+3.50,+21.073, +8.834,+0.975
1648747260,+3.50,+21.073, +8.847,+0.976
1648747320,+3.50,+21.098, +8.826,+0.975
1648747380,+3.50,+21.106, +8.831,+0.975
1648747440,+3.50,+21.098, +8.836,+0.975
1648747500,+3.50,+21.098, +8.835,+0.975
1648747560,+3.50,+21.106, +8.831,+0.975
1648747620,+3.50,+21.131, +8.834,+0.976
1648747680,+3.50,+21.123, +8.832,+0.975
1648747740,+3.50,+21.140, +8.824,+0.975
1648747800,+3.50,+21.123, +8.834,+0.975
1648747860,+3.50,+21.131, +8.829,+0.975
1648747920,+3.50,+21.165, +8.821,+0.975
1648747980,+3.50,+21.156, +8.822,+0.975
1648748040,+3.50,+21.140, +8.823,+0.975
1648748100,+3.50,+21.148, +8.823,+0.975
1648748160,+3.50,+21.156, +8.826,+0.975
1648748220,+3.50,+21.165, +8.821,+0.975
1648748280,+3.50,+21.173, +8.827,+0.976
1648748340,+3.50,+21.165, +8.828,+0.975
1648748400,+3.50,+21.181, +8.812,+0.975
1648748460,+3.50,+21.156, +8.817,+0.975
1648748520,+3.50,+21.156, +8.829,+0.976
1648748580,+3.50,+21.156, +8.820,+0.975
1648748640,+3.50,+21.181, +8.817,+0.975
1648748700,+3.50,+21.156, +8.824,+0.975
1648748760,+3.50,+21.181, +8.819,+0.975
1648748820,+3.50,+21.173, +8.823,+0.975
1648748880,+3.50,+21.206, +8.808,+0.975
1648748940,+3.50,+21.181, +8.810,+0.975
1648749000,+3.50,+21.190, +8.804,+0.975
1648749060,+3.50,+21.173, +8.816,+0.975
1648749120,+3.50,+21.173, +8.817,+0.975
1648749180,+3.50,+21.165, +8.816,+0.975
1648749240,+3.50,+21.165, +8.820,+0.975
1648749300,+3.50,+21.198, +8.811,+0.975
1648749360,+3.50,+21.198, +8.808,+0.975
1648749420,+3.50,+20.955, +8.427,+0.975
1648749480,+3.50,+20.838, +8.454,+0.975
1648749540,+3.50,+20.822, +8.467,+0.974
1648749600,+3.50,+20.947, +8.419,+0.974
1648749660,+3.50,+21.148, +8.398,+0.974
1648749720,+3.50,+21.315, +8.367,+0.974
1648749780,+3.50,+21.424, +8.352,+0.974
1648749840,+3.50,+21.508, +8.339,+0.974
1648749900,+3.50,+21.549, +8.336,+0.974
1648749960,+3.50,+21.583, +8.341,+0.975
1648750020,+3.50,+21.616, +8.330,+0.975
1648750080,+3.50,+21.641, +8.325,+0.975
1648750140,+3.50,+21.675, +8.316,+0.975
