7450-383325
OS REV: 1.05 Sensor Cal: 1644949570
Time (sec),  BV (Volts),  T (deg C),  DO (mg/l),  Q ()
1663692540,+3.50,+22.670, +7.497,+0.968
1663692600,+3.49,+22.687, +7.655,+0.968
1663692660,+3.50,+22.696, +7.741,+0.968
1663692720,+3.49,+22.687, +7.743,+0.968
1663692780,+3.49,+22.670, +7.692,+0.968
1663692840,+3.50,+22.687, +7.948,+0.969
1663692900,+3.50,+22.662, +7.987,+0.968
1663692960,+3.50,+22.670, +8.075,+0.968
1663693020,+3.50,+22.687, +8.100,+0.968
1663693080,+3.49,+22.670, +8.011,+0.968
1663693140,+3.50,+22.687, +8.055,+0.968
1663693200,+3.50,+22.679, +8.071,+0.968
1663693260,+3.50,+22.696, +8.103,+0.969
1663693320,+3.50,+22.696, +8.072,+0.968
1663693380,+3.49,+22.696, +8.006,+0.968
1663693440,+3.50,+22.696, +8.017,+0.968
1663693500,+3.49,+22.687, +8.081,+0.969
1663693560,+3.50,+22.696, +8.080,+0.968
1663693620,+3.50,+22.687, +8.089,+0.968
1663693680,+3.49,+22.679, +8.036,+0.968
1663693740,+3.49,+22.696, +7.980,+0.968
1663693800,+3.49,+22.704, +7.928,+0.968
1663693860,+3.50,+22.704, +7.897,+0.967
1663693920,+3.50,+22.679, +7.917,+0.968
1663693980,+3.50,+22.679, +7.867,+0.968
1663694040,+3.50,+22.696, +7.864,+0.968
1663694100,+3.50,+22.670, +7.916,+0.968
1663694160,+3.50,+22.687, +7.978,+0.968
1663694220,+3.49,+22.704, +7.949,+0.968
1663694280,+3.50,+22.687, +7.975,+0.968
1663694340,+3.50,+22.712, +7.858,+0.968
1663694400,+3.49,+22.712, +7.865,+0.968
1663694460,+3.49,+22.712, +7.820,+0.968
1663694520,+3.50,+22.737, +7.769,+0.968
1663694580,+3.49,+22.754, +7.743,+0.968
1663694640,+3.49,+22.754, +7.551,+0.968
1663694700,+3.49,+22.746, +7.288,+0.968
1663694760,+3.49,+22.746, +7.724,+0.968
1663694820,+3.49,+22.746, +8.282,+0.969
1663694880,+3.49,+22.729, +8.425,+0.969
1663694940,+3.49,+22.737, +8.439,+0.968
1663695000,+3.49,+22.737, +8.442,+0.968
1663695060,+3.49,+22.721, +8.471,+0.968
1663695120,+3.49,+22.729, +8.441,+0.968
1663695180,+3.50,+22.729, +8.428,+0.969
1663695240,+3.49,+22.729, +8.444,+0.968
1663695300,+3.49,+22.737, +8.273,+0.968
1663695360,+3.50,+22.746, +8.111,+0.968
1663695420,+3.50,+22.721, +8.279,+0.969
1663695480,+3.49,+22.721, +8.303,+0.968
1663695540,+3.49,+22.746, +8.374,+0.968
1663695600,+3.49,+22.729, +8.341,+0.968
1663695660,+3.50,+22.721, +8.246,+0.969
1663695720,+3.49,+22.712, +8.140,+0.968
1663695780,+3.50,+22.712, +8.103,+0.968
1663695840,+3.49,+22.687, +8.113,+0.969
1663695900,+3.50,+22.712, +8.143,+0.968
1663695960,+3.49,+22.712, +8.169,+0.968
1663696020,+3.50,+22.704, +8.176,+0.968
1663696080,+3.50,+22.704, +8.230,+0.969
1663696140,+3.49,+22.712, +8.185,+0.968
1663696200,+3.50,+22.729, +8.229,+0.968
1663696260,+3.49,+22.721, +8.238,+0.968
1663696320,+3.50,+22.712, +8.256,+0.968
1663696380,+3.50,+22.737, +8.241,+0.968
1663696440,+3.50,+22.729, +8.217,+0.968
1663696500,+3.49,+22.737, +8.167,+0.969
1663696560,+3.49,+22.754, +8.147,+0.968
1663696620,+3.50,+22.729, +8.215,+0.968
1663696680,+3.50,+22.737, +8.270,+0.968
1663696740,+3.49,+22.763, +8.261,+0.969
1663696800,+3.50,+22.729, +8.356,+0.968
1663696860,+3.49,+22.712, +8.468,+0.968
1663696920,+3.49,+22.754, +8.426,+0.969
1663696980,+3.49,+22.729, +8.417,+0.969
1663697040,+3.50,+22.746, +8.375,+0.968
1663697100,+3.50,+22.746, +8.382,+0.968
1663697160,+3.49,+22.754, +8.378,+0.968
1663697220,+3.49,+22.771, +8.343,+0.968
1663697280,+3.50,+22.746, +8.329,+0.968
1663697340,+3.49,+22.771, +8.348,+0.969
1663697400,+3.49,+22.763, +8.327,+0.968
1663697460,+3.49,+22.788, +8.281,+0.968
1663697520,+3.49,+22.771, +8.351,+0.968
1663697580,+3.49,+22.796, +8.407,+0.968
1663697640,+3.49,+22.796, +8.462,+0.969
1663697700,+3.49,+22.796, +8.424,+0.969
1663697760,+3.49,+22.813, +8.464,+0.968
1663697820,+3.49,+22.788, +8.547,+0.968
1663697880,+3.49,+22.779, +8.673,+0.968
1663697940,+3.49,+22.779, +8.750,+0.969
1663698000,+3.49,+22.788, +8.775,+0.968
1663698060,+3.49,+22.771, +8.766,+0.969
1663698120,+3.49,+22.796, +8.794,+0.969
1663698180,+3.49,+22.779, +8.833,+0.969
1663698240,+3.49,+22.763, +8.816,+0.968
1663698300,+3.49,+22.763, +8.742,+0.969
1663698360,+3.49,+22.771, +8.716,+0.968
1663698420,+3.49,+22.763, +8.698,+0.968
1663698480,+3.49,+22.788, +8.553,+0.968
1663698540,+3.49,+22.796, +8.591,+0.968
1663698600,+3.49,+22.796, +8.579,+0.969
1663698660,+3.50,+22.788, +8.590,+0.969
1663698720,+3.49,+22.763, +8.534,+0.968
1663698780,+3.49,+22.788, +8.514,+0.968
1663698840,+3.49,+22.796, +8.479,+0.968
1663698900,+3.49,+22.813, +8.475,+0.968
1663698960,+3.49,+22.796, +8.490,+0.968
1663699020,+3.49,+22.796, +8.567,+0.969
1663699080,+3.49,+22.804, +8.969,+0.969
1663699140,+3.49,+22.821, +9.021,+0.968
1663699200,+3.49,+22.821, +9.094,+0.969
1663699260,+3.49,+22.838, +9.103,+0.968
1663699320,+3.49,+22.830, +9.124,+0.969
1663699380,+3.49,+22.838, +9.169,+0.969
1663699440,+3.49,+22.838, +9.219,+0.969
1663699500,+3.49,+22.830, +9.230,+0.969
1663699560,+3.49,+22.863, +8.961,+0.969
1663699620,+3.49,+22.855, +9.025,+0.968
1663699680,+3.49,+22.855, +9.084,+0.968
1663699740,+3.49,+22.863, +9.169,+0.969
1663699800,+3.49,+22.871, +9.305,+0.969
1663699860,+3.49,+22.863, +9.335,+0.969
1663699920,+3.49,+22.855, +9.277,+0.969
1663699980,+3.49,+22.888, +9.328,+0.969
1663700040,+3.49,+22.888, +9.252,+0.968
1663700100,+3.49,+22.896, +9.187,+0.969
1663700160,+3.49,+22.888, +9.210,+0.969
1663700220,+3.49,+22.896, +9.280,+0.969
1663700280,+3.49,+22.896, +9.317,+0.969
1663700340,+3.49,+22.913, +9.317,+0.969
1663700400,+3.49,+22.913, +9.316,+0.969
1663700460,+3.49,+22.913, +9.307,+0.969
1663700520,+3.49,+22.913, +9.278,+0.969
1663700580,+3.49,+22.938, +9.359,+0.969
1663700640,+3.49,+22.938, +9.370,+0.969
1663700700,+3.49,+22.938, +9.389,+0.969
1663700760,+3.49,+22.938, +9.391,+0.969
1663700820,+3.49,+22.947, +9.415,+0.969
1663700880,+3.49,+22.955, +9.437,+0.969
1663700940,+3.49,+22.955, +9.456,+0.969
1663701000,+3.49,+22.980, +9.545,+0.969
1663701060,+3.49,+22.963, +9.673,+0.969
1663701120,+3.49,+22.989, +9.698,+0.970
1663701180,+3.49,+22.997, +9.706,+0.969
1663701240,+3.49,+22.989, +9.728,+0.969
1663701300,+3.49,+23.005, +9.744,+0.969
1663701360,+3.49,+23.005, +9.794,+0.969
1663701420,+3.49,+23.039, +9.758,+0.969
1663701480,+3.49,+23.005, +9.732,+0.969
1663701540,+3.49,+23.022, +9.710,+0.969
1663701600,+3.49,+23.022, +9.675,+0.968
1663701660,+3.49,+23.030, +9.622,+0.969
1663701720,+3.49,+23.014, +9.534,+0.970
1663701780,+3.49,+23.005, +9.575,+0.969
1663701840,+3.49,+23.005, +9.568,+0.969
1663701900,+3.49,+23.022, +9.499,+0.969
1663701960,+3.49,+23.039, +9.459,+0.969
1663702020,+3.49,+23.047, +9.408,+0.969
1663702080,+3.49,+23.022, +9.334,+0.969
1663702140,+3.49,+23.030, +9.206,+0.969
1663702200,+3.49,+23.014, +9.174,+0.969
1663702260,+3.49,+23.014, +9.012,+0.969
1663702320,+3.49,+22.997, +8.922,+0.969
1663702380,+3.49,+23.022, +8.851,+0.968
1663702440,+3.49,+23.022, +8.778,+0.968
1663702500,+3.49,+23.030, +8.742,+0.969
1663702560,+3.49,+23.005, +8.649,+0.968
1663702620,+3.49,+23.014, +8.569,+0.969
1663702680,+3.49,+23.014, +8.660,+0.969
1663702740,+3.49,+23.039, +8.730,+0.969
1663702800,+3.49,+23.030, +8.670,+0.969
1663702860,+3.49,+23.022, +8.554,+0.968
1663702920,+3.49,+23.030, +8.747,+0.969
1663702980,+3.49,+23.072, +8.899,+0.969
1663703040,+3.49,+23.047, +8.910,+0.969
1663703100,+3.49,+23.039, +8.974,+0.969
1663703160,+3.49,+23.056, +9.023,+0.969
1663703220,+3.49,+23.056, +9.064,+0.969
1663703280,+3.49,+23.056, +9.174,+0.969
1663703340,+3.49,+23.064, +9.316,+0.969
1663703400,+3.49,+23.064, +9.361,+0.969
1663703460,+3.49,+23.039, +9.281,+0.969
1663703520,+3.49,+23.039, +9.227,+0.969
1663703580,+3.49,+23.030, +9.252,+0.969
1663703640,+3.49,+23.014, +9.168,+0.968
1663703700,+3.49,+23.022, +9.113,+0.969
1663703760,+3.49,+22.997, +9.040,+0.969
1663703820,+3.49,+23.005, +9.011,+0.969
1663703880,+3.49,+23.014, +9.118,+0.968
1663703940,+3.49,+22.997, +9.238,+0.969
1663704000,+3.49,+22.972, +9.317,+0.969
1663704060,+3.49,+22.955, +9.359,+0.969
1663704120,+3.49,+22.972, +9.423,+0.969
1663704180,+3.49,+22.955, +9.460,+0.969
1663704240,+3.49,+22.955, +9.487,+0.969
1663704300,+3.49,+22.930, +9.462,+0.969
1663704360,+3.49,+22.938, +9.468,+0.969
1663704420,+3.49,+22.938, +9.477,+0.968
1663704480,+3.49,+22.930, +9.503,+0.969
1663704540,+3.49,+22.938, +9.465,+0.969
1663704600,+3.49,+22.930, +9.399,+0.969
1663704660,+3.49,+22.938, +9.355,+0.969
1663704720,+3.49,+22.947, +9.443,+0.969
1663704780,+3.49,+22.930, +9.534,+0.969
1663704840,+3.49,+22.938, +9.630,+0.969
1663704900,+3.49,+22.930, +9.690,+0.969
1663704960,+3.49,+22.947, +9.676,+0.969
1663705020,+3.49,+22.922, +9.696,+0.969
1663705080,+3.49,+22.930, +9.710,+0.969
1663705140,+3.49,+22.930, +9.719,+0.969
1663705200,+3.49,+22.938, +9.697,+0.969
1663705260,+3.49,+22.938, +9.688,+0.968
1663705320,+3.49,+22.938, +9.610,+0.969
1663705380,+3.49,+22.947, +9.615,+0.969
1663705440,+3.49,+22.938, +9.673,+0.968
1663705500,+3.49,+22.930, +9.774,+0.969
1663705560,+3.49,+22.938, +9.763,+0.969
1663705620,+3.49,+22.905, +9.832,+0.970
1663705680,+3.49,+22.938, +9.869,+0.969
1663705740,+3.49,+22.930, +9.860,+0.970
1663705800,+3.49,+22.930, +9.841,+0.969
1663705860,+3.49,+22.922, +9.863,+0.969
1663705920,+3.49,+22.913, +9.832,+0.969
1663705980,+3.49,+22.922, +9.838,+0.969
1663706040,+3.49,+22.922, +9.788,+0.968
1663706100,+3.49,+22.913, +9.849,+0.970
1663706160,+3.49,+22.913, +9.834,+0.969
1663706220,+3.49,+22.896, +9.827,+0.969
1663706280,+3.49,+22.888, +9.838,+0.969
1663706340,+3.49,+22.896, +9.837,+0.969
1663706400,+3.49,+22.896, +9.801,+0.969
1663706460,+3.49,+22.888, +9.801,+0.969
1663706520,+3.49,+22.888, +9.815,+0.969
1663706580,+3.49,+22.880, +9.804,+0.969
1663706640,+3.49,+22.888, +9.792,+0.970
1663706700,+3.49,+22.905, +9.775,+0.969
1663706760,+3.49,+22.896, +9.728,+0.969
1663706820,+3.49,+22.922, +9.657,+0.969
1663706880,+3.49,+22.905, +9.678,+0.969
1663706940,+3.49,+22.880, +9.639,+0.969
1663707000,+3.49,+22.896, +9.671,+0.969
1663707060,+3.49,+22.888, +9.637,+0.969
1663707120,+3.49,+22.888, +9.593,+0.969
1663707180,+3.49,+22.888, +9.567,+0.969
1663707240,+3.49,+22.888, +9.543,+0.968
1663707300,+3.49,+22.896, +9.546,+0.969
1663707360,+3.49,+22.896, +9.537,+0.969
1663707420,+3.49,+22.905, +9.520,+0.969
1663707480,+3.49,+22.896, +9.442,+0.969
1663707540,+3.49,+22.905, +9.381,+0.969
1663707600,+3.49,+22.905, +9.331,+0.969
1663707660,+3.49,+22.913, +9.471,+0.969
1663707720,+3.50,+22.871, +9.501,+0.969
1663707780,+3.49,+22.913, +9.528,+0.969
1663707840,+3.49,+22.888, +9.564,+0.969
1663707900,+3.49,+22.896, +9.504,+0.969
1663707960,+3.49,+22.905, +9.551,+0.969
1663708020,+3.49,+22.896, +9.635,+0.969
1663708080,+3.49,+22.888, +9.644,+0.969
1663708140,+3.49,+22.896, +9.650,+0.970
1663708200,+3.49,+22.905, +9.608,+0.969
1663708260,+3.49,+22.880, +9.501,+0.969
1663708320,+3.49,+22.888, +9.550,+0.969
1663708380,+3.49,+22.888, +9.622,+0.969
1663708440,+3.49,+22.896, +9.631,+0.969
1663708500,+3.49,+22.896, +9.628,+0.969
1663708560,+3.49,+22.896, +9.626,+0.969
1663708620,+3.49,+22.896, +9.611,+0.969
1663708680,+3.49,+22.888, +9.619,+0.969
1663708740,+3.49,+22.880, +9.592,+0.969
1663708800,+3.49,+22.871, +9.526,+0.969
1663708860,+3.49,+22.888, +9.410,+0.969
1663708920,+3.49,+22.871, +9.381,+0.969
1663708980,+3.49,+22.863, +9.394,+0.969
1663709040,+3.49,+22.871, +9.409,+0.969
1663709100,+3.49,+22.896, +9.374,+0.969
1663709160,+3.49,+22.880, +9.271,+0.969
1663709220,+3.49,+22.880, +9.258,+0.969
1663709280,+3.49,+22.880, +9.331,+0.969
1663709340,+3.49,+22.888, +9.447,+0.969
1663709400,+3.49,+22.888, +9.480,+0.969
1663709460,+3.49,+22.888, +9.480,+0.969
1663709520,+3.49,+22.880, +9.478,+0.969
1663709580,+3.49,+22.896, +9.423,+0.969
1663709640,+3.49,+22.905, +9.434,+0.969
1663709700,+3.49,+22.888, +9.423,+0.969
1663709760,+3.49,+22.905, +9.390,+0.969
1663709820,+3.49,+22.896, +9.405,+0.969
1663709880,+3.49,+22.896, +9.385,+0.969
1663709940,+3.49,+22.913, +9.433,+0.969
1663710000,+3.49,+22.922, +9.394,+0.969
1663710060,+3.49,+22.896, +9.395,+0.969
1663710120,+3.49,+22.913, +9.365,+0.969
1663710180,+3.49,+22.922, +9.299,+0.969
1663710240,+3.49,+22.922, +9.272,+0.969
1663710300,+3.49,+22.930, +9.183,+0.968
1663710360,+3.49,+22.896, +8.936,+0.968
1663710420,+3.49,+22.905, +8.786,+0.969
1663710480,+3.49,+22.905, +8.870,+0.969
1663710540,+3.49,+22.913, +8.911,+0.968
1663710600,+3.49,+22.913, +8.949,+0.969
1663710660,+3.49,+22.922, +8.981,+0.968
1663710720,+3.49,+22.930, +9.023,+0.968
1663710780,+3.49,+22.938, +9.099,+0.969
1663710840,+3.49,+22.922, +9.102,+0.969
1663710900,+3.49,+22.938, +9.068,+0.969
1663710960,+3.49,+22.930, +8.925,+0.968
1663711020,+3.49,+22.913, +8.842,+0.969
1663711080,+3.49,+22.947, +8.809,+0.968
1663711140,+3.49,+22.938, +8.831,+0.969
1663711200,+3.49,+22.930, +8.866,+0.969
1663711260,+3.49,+22.955, +8.856,+0.968
1663711320,+3.49,+22.947, +8.907,+0.969
1663711380,+3.49,+22.938, +8.929,+0.969
1663711440,+3.49,+22.947, +8.946,+0.969
1663711500,+3.49,+22.947, +8.963,+0.969
1663711560,+3.49,+22.955, +8.980,+0.968
1663711620,+3.49,+22.963, +9.037,+0.969
1663711680,+3.49,+22.980, +9.053,+0.969
1663711740,+3.49,+22.955, +9.079,+0.969
1663711800,+3.49,+22.963, +9.059,+0.968
1663711860,+3.49,+22.972, +9.026,+0.969
1663711920,+3.49,+22.989, +8.996,+0.969
1663711980,+3.49,+22.980, +8.992,+0.969
1663712040,+3.49,+22.989, +9.012,+0.969
1663712100,+3.49,+22.989, +9.002,+0.969
1663712160,+3.49,+22.989, +9.008,+0.969
1663712220,+3.49,+23.014, +9.136,+0.969
1663712280,+3.49,+22.989, +9.184,+0.969
1663712340,+3.49,+22.989, +9.170,+0.969
1663712400,+3.49,+22.997, +9.097,+0.969
1663712460,+3.49,+22.997, +9.096,+0.969
1663712520,+3.49,+23.005, +9.067,+0.969
1663712580,+3.49,+22.980, +9.011,+0.969
1663712640,+3.49,+22.989, +8.986,+0.969
1663712700,+3.49,+22.989, +9.006,+0.968
1663712760,+3.49,+23.005, +8.980,+0.969
1663712820,+3.49,+23.005, +8.969,+0.969
1663712880,+3.49,+23.022, +8.892,+0.969
1663712940,+3.49,+23.005, +8.884,+0.968
1663713000,+3.49,+23.005, +8.986,+0.968
1663713060,+3.49,+22.989, +9.033,+0.969
1663713120,+3.49,+22.989, +9.012,+0.969
1663713180,+3.49,+23.014, +9.023,+0.969
1663713240,+3.49,+23.005, +9.109,+0.969
1663713300,+3.49,+23.022, +9.266,+0.969
1663713360,+3.49,+23.039, +9.302,+0.969
1663713420,+3.49,+23.039, +9.282,+0.969
1663713480,+3.49,+23.056, +9.216,+0.969
1663713540,+3.49,+23.047, +9.222,+0.969
1663713600,+3.49,+23.047, +9.203,+0.969
1663713660,+3.49,+23.039, +9.200,+0.969
1663713720,+3.49,+23.030, +9.190,+0.969
1663713780,+3.49,+23.030, +9.200,+0.969
1663713840,+3.49,+23.022, +9.210,+0.969
1663713900,+3.49,+23.030, +9.204,+0.969
1663713960,+3.49,+23.030, +9.196,+0.969
1663714020,+3.49,+23.039, +9.182,+0.969
1663714080,+3.49,+23.030, +9.201,+0.969
1663714140,+3.49,+23.047, +9.198,+0.969
1663714200,+3.49,+23.039, +9.188,+0.969
1663714260,+3.49,+23.030, +9.179,+0.969
1663714320,+3.49,+23.030, +9.189,+0.969
1663714380,+3.49,+23.056, +9.175,+0.969
1663714440,+3.49,+23.047, +9.157,+0.969
1663714500,+3.49,+23.039, +9.124,+0.969
1663714560,+3.49,+23.039, +9.095,+0.969
1663714620,+3.49,+23.047, +9.057,+0.969
1663714680,+3.49,+23.047, +9.024,+0.969
1663714740,+3.49,+23.047, +8.912,+0.969
1663714800,+3.49,+23.030, +9.017,+0.969
1663714860,+3.49,+23.056, +9.048,+0.968
1663714920,+3.49,+23.056, +9.006,+0.969
1663714980,+3.49,+23.056, +9.007,+0.969
1663715040,+3.49,+23.064, +9.092,+0.969
1663715100,+3.49,+23.064, +9.119,+0.969
1663715160,+3.49,+23.056, +9.131,+0.969
1663715220,+3.49,+23.056, +9.122,+0.968
1663715280,+3.49,+23.056, +9.114,+0.970
1663715340,+3.49,+23.081, +9.088,+0.969
1663715400,+3.49,+23.047, +9.117,+0.969
1663715460,+3.49,+23.072, +9.080,+0.969
1663715520,+3.49,+23.056, +9.070,+0.968
1663715580,+3.49,+23.072, +9.093,+0.969
1663715640,+3.49,+23.072, +9.021,+0.968
1663715700,+3.49,+23.056, +9.069,+0.969
1663715760,+3.49,+23.072, +9.094,+0.969
1663715820,+3.49,+23.089, +9.123,+0.969
1663715880,+3.49,+23.072, +9.142,+0.969
1663715940,+3.49,+23.064, +9.155,+0.969
1663716000,+3.49,+23.072, +9.162,+0.969
1663716060,+3.49,+23.064, +9.154,+0.969
1663716120,+3.49,+23.072, +9.096,+0.968
1663716180,+3.49,+23.081, +9.072,+0.969
1663716240,+3.49,+23.072, +9.069,+0.969
1663716300,+3.49,+23.072, +9.090,+0.969
1663716360,+3.49,+23.072, +9.066,+0.969
1663716420,+3.49,+23.072, +9.041,+0.969
1663716480,+3.49,+23.064, +8.985,+0.969
1663716540,+3.49,+23.081, +8.988,+0.969
1663716600,+3.49,+23.081, +8.997,+0.969
1663716660,+3.49,+23.089, +9.007,+0.969
1663716720,+3.49,+23.097, +8.988,+0.969
1663716780,+3.49,+23.081, +8.919,+0.969
1663716840,+3.49,+23.089, +8.981,+0.969
1663716900,+3.49,+23.089, +9.073,+0.969
1663716960,+3.49,+23.106, +9.105,+0.969
1663717020,+3.49,+23.106, +9.084,+0.969
1663717080,+3.49,+23.106, +8.901,+0.969
1663717140,+3.49,+23.089, +8.814,+0.969
1663717200,+3.49,+23.123, +8.946,+0.969
1663717260,+3.49,+23.123, +9.011,+0.969
1663717320,+3.49,+23.097, +9.042,+0.969
1663717380,+3.49,+23.123, +9.046,+0.969
1663717440,+3.49,+23.097, +9.051,+0.969
1663717500,+3.49,+23.106, +8.991,+0.969
1663717560,+3.49,+23.114, +8.933,+0.969
1663717620,+3.49,+23.114, +8.935,+0.969
1663717680,+3.49,+23.106, +9.043,+0.969
1663717740,+3.49,+23.123, +9.088,+0.969
1663717800,+3.49,+23.131, +9.095,+0.969
1663717860,+3.49,+23.123, +9.091,+0.969
1663717920,+3.49,+23.131, +9.034,+0.969
1663717980,+3.49,+23.164, +9.173,+0.969
1663718040,+3.49,+23.139, +9.222,+0.969
1663718100,+3.49,+23.156, +9.187,+0.969
1663718160,+3.49,+23.139, +9.098,+0.969
1663718220,+3.49,+23.164, +9.019,+0.969
1663718280,+3.49,+23.148, +9.000,+0.969
1663718340,+3.49,+23.156, +8.987,+0.969
1663718400,+3.49,+23.148, +9.005,+0.969
1663718460,+3.49,+23.156, +8.999,+0.969
1663718520,+3.49,+23.148, +8.989,+0.969
1663718580,+3.49,+23.156, +8.951,+0.969
1663718640,+3.49,+23.148, +8.924,+0.969
1663718700,+3.49,+23.148, +8.866,+0.969
1663718760,+3.49,+23.148, +8.859,+0.969
1663718820,+3.49,+23.148, +8.845,+0.969
1663718880,+3.49,+23.148, +8.819,+0.968
1663718940,+3.49,+23.148, +8.763,+0.969
1663719000,+3.49,+23.173, +8.748,+0.968
1663719060,+3.49,+23.139, +8.761,+0.969
1663719120,+3.49,+23.164, +8.787,+0.969
1663719180,+3.49,+23.148, +8.820,+0.968
1663719240,+3.49,+23.164, +8.810,+0.968
1663719300,+3.49,+23.139, +8.846,+0.968
1663719360,+3.49,+23.139, +8.862,+0.969
1663719420,+3.49,+23.148, +8.873,+0.969
1663719480,+3.49,+23.148, +8.885,+0.969
1663719540,+3.49,+23.164, +8.825,+0.969
1663719600,+3.49,+23.173, +8.817,+0.968
1663719660,+3.49,+23.173, +8.866,+0.969
1663719720,+3.49,+23.164, +8.925,+0.969
1663719780,+3.49,+23.148, +8.932,+0.969
1663719840,+3.49,+23.164, +8.929,+0.969
1663719900,+3.49,+23.173, +8.892,+0.969
1663719960,+3.49,+23.148, +8.863,+0.969
1663720020,+3.49,+23.156, +8.835,+0.969
1663720080,+3.49,+23.148, +8.787,+0.968
1663720140,+3.49,+23.139, +8.594,+0.968
1663720200,+3.49,+23.156, +8.431,+0.968
1663720260,+3.49,+23.173, +8.466,+0.968
1663720320,+3.49,+23.173, +8.608,+0.968
1663720380,+3.49,+23.173, +8.699,+0.969
1663720440,+3.49,+23.181, +8.876,+0.969
1663720500,+3.49,+23.173, +8.879,+0.969
1663720560,+3.49,+23.181, +8.894,+0.969
1663720620,+3.49,+23.173, +8.896,+0.969
1663720680,+3.49,+23.164, +8.976,+0.969
1663720740,+3.49,+23.173, +9.041,+0.969
1663720800,+3.49,+23.190, +9.077,+0.970
1663720860,+3.49,+23.190, +9.045,+0.970
1663720920,+3.49,+23.173, +9.034,+0.969
1663720980,+3.49,+23.173, +9.002,+0.968
1663721040,+3.49,+23.173, +8.996,+0.969
1663721100,+3.49,+23.190, +8.981,+0.969
1663721160,+3.49,+23.173, +8.951,+0.969
1663721220,+3.49,+23.173, +8.940,+0.969
1663721280,+3.49,+23.164, +8.872,+0.968
1663721340,+3.49,+23.164, +8.847,+0.969
1663721400,+3.49,+23.173, +8.717,+0.968
1663721460,+3.49,+23.164, +8.578,+0.968
1663721520,+3.49,+23.190, +9.009,+0.969
1663721580,+3.49,+23.181, +9.117,+0.969
1663721640,+3.49,+23.198, +9.185,+0.970
1663721700,+3.49,+23.198, +9.171,+0.969
1663721760,+3.49,+23.190, +9.187,+0.969
1663721820,+3.49,+23.181, +9.193,+0.969
1663721880,+3.49,+23.190, +9.205,+0.969
1663721940,+3.49,+23.215, +9.204,+0.969
1663722000,+3.49,+23.190, +9.176,+0.969
1663722060,+3.49,+23.181, +9.114,+0.969
1663722120,+3.49,+23.190, +9.095,+0.969
1663722180,+3.49,+23.190, +9.089,+0.969
1663722240,+3.49,+23.198, +9.073,+0.969
1663722300,+3.49,+23.190, +9.095,+0.970
1663722360,+3.49,+23.215, +9.094,+0.969
1663722420,+3.49,+23.190, +9.093,+0.969
1663722480,+3.49,+23.190, +8.792,+0.969
1663722540,+3.49,+23.173, +8.583,+0.968
1663722600,+3.49,+23.181, +8.517,+0.969
1663722660,+3.49,+23.206, +8.545,+0.969
1663722720,+3.49,+23.223, +8.668,+0.969
1663722780,+3.49,+23.223, +8.924,+0.969
1663722840,+3.49,+23.223, +9.006,+0.969
1663722900,+3.49,+23.190, +9.077,+0.969
1663722960,+3.49,+23.231, +9.132,+0.969
1663723020,+3.49,+23.248, +9.236,+0.969
1663723080,+3.49,+23.240, +9.266,+0.969
1663723140,+3.49,+23.206, +9.267,+0.969
1663723200,+3.49,+23.206, +9.077,+0.969
1663723260,+3.49,+23.231, +9.066,+0.969
1663723320,+3.49,+23.223, +9.082,+0.969
1663723380,+3.49,+23.223, +9.121,+0.969
1663723440,+3.49,+23.231, +9.133,+0.969
1663723500,+3.49,+23.240, +9.102,+0.969
1663723560,+3.49,+23.215, +8.926,+0.969
1663723620,+3.49,+23.240, +8.955,+0.969
1663723680,+3.49,+23.248, +9.036,+0.969
1663723740,+3.49,+23.231, +9.022,+0.969
1663723800,+3.49,+23.198, +8.984,+0.969
1663723860,+3.49,+23.223, +8.907,+0.969
1663723920,+3.49,+23.215, +8.670,+0.969
1663723980,+3.49,+23.198, +8.583,+0.969
1663724040,+3.49,+23.198, +8.479,+0.968
1663724100,+3.49,+23.215, +8.559,+0.969
1663724160,+3.49,+23.215, +8.692,+0.969
1663724220,+3.49,+23.223, +8.737,+0.969
1663724280,+3.49,+23.223, +8.850,+0.969
1663724340,+3.49,+23.231, +8.854,+0.968
1663724400,+3.49,+23.240, +8.943,+0.968
1663724460,+3.49,+23.223, +8.958,+0.969
1663724520,+3.49,+23.215, +8.955,+0.969
1663724580,+3.49,+23.215, +8.951,+0.969
1663724640,+3.49,+23.206, +8.886,+0.969
1663724700,+3.49,+23.206, +8.770,+0.969
1663724760,+3.49,+23.223, +8.762,+0.969
1663724820,+3.49,+23.223, +8.777,+0.969
1663724880,+3.49,+23.223, +8.829,+0.969
1663724940,+3.49,+23.198, +8.902,+0.969
1663725000,+3.49,+23.215, +8.881,+0.968
1663725060,+3.49,+23.231, +8.897,+0.969
1663725120,+3.49,+23.223, +8.923,+0.968
1663725180,+3.49,+23.215, +8.917,+0.969
1663725240,+3.49,+23.231, +8.882,+0.969
1663725300,+3.49,+23.215, +8.877,+0.969
1663725360,+3.49,+23.240, +8.760,+0.968
1663725420,+3.49,+23.206, +8.637,+0.969
1663725480,+3.49,+23.215, +8.645,+0.968
1663725540,+3.49,+23.223, +8.744,+0.969
1663725600,+3.49,+23.231, +8.830,+0.969
1663725660,+3.49,+23.223, +8.884,+0.969
1663725720,+3.49,+23.231, +8.872,+0.969
1663725780,+3.49,+23.248, +8.920,+0.969
1663725840,+3.49,+23.223, +8.959,+0.969
1663725900,+3.49,+23.223, +9.045,+0.969
1663725960,+3.50,+23.240, +9.056,+0.969
1663726020,+3.50,+23.273, +9.045,+0.969
1663726080,+3.50,+23.265, +9.063,+0.969
1663726140,+3.49,+23.248, +9.028,+0.969
1663726200,+3.50,+23.257, +8.955,+0.968
1663726260,+3.49,+23.257, +8.832,+0.969
1663726320,+3.49,+23.240, +8.920,+0.969
1663726380,+3.50,+23.240, +8.960,+0.969
1663726440,+3.50,+23.231, +8.971,+0.969
1663726500,+3.50,+23.240, +8.911,+0.968
1663726560,+3.50,+23.248, +8.765,+0.968
1663726620,+3.49,+23.223, +8.616,+0.968
1663726680,+3.49,+23.223, +8.531,+0.969
1663726740,+3.50,+23.240, +8.667,+0.968
1663726800,+3.50,+23.240, +8.719,+0.969
1663726860,+3.49,+23.248, +8.746,+0.969
1663726920,+3.49,+23.240, +8.792,+0.969
1663726980,+3.49,+23.240, +8.805,+0.969
1663727040,+3.49,+23.248, +8.811,+0.969
1663727100,+3.50,+23.231, +8.806,+0.969
1663727160,+3.49,+23.223, +8.740,+0.968
1663727220,+3.49,+23.240, +8.600,+0.968
1663727280,+3.49,+23.248, +8.729,+0.969
1663727340,+3.49,+23.231, +8.768,+0.968
1663727400,+3.49,+23.231, +8.825,+0.969
1663727460,+3.49,+23.215, +8.841,+0.969
1663727520,+3.49,+23.231, +8.786,+0.969
1663727580,+3.49,+23.231, +8.751,+0.968
1663727640,+3.49,+23.223, +8.656,+0.969
1663727700,+3.50,+23.231, +8.597,+0.969
1663727760,+3.49,+23.215, +8.589,+0.968
1663727820,+3.49,+23.231, +8.614,+0.969
1663727880,+3.49,+23.231, +8.639,+0.968
1663727940,+3.49,+23.248, +8.523,+0.968
1663728000,+3.49,+23.223, +8.444,+0.968
1663728060,+3.49,+23.223, +8.355,+0.968
1663728120,+3.49,+23.240, +8.375,+0.968
1663728180,+3.49,+23.198, +8.405,+0.969
1663728240,+3.49,+23.206, +8.286,+0.969
1663728300,+3.49,+23.206, +8.267,+0.968
1663728360,+3.49,+23.215, +8.354,+0.969
1663728420,+3.49,+23.223, +8.354,+0.968
1663728480,+3.49,+23.215, +8.341,+0.969
1663728540,+3.49,+23.206, +8.249,+0.969
1663728600,+3.49,+23.181, +8.281,+0.969
1663728660,+3.49,+23.181, +8.254,+0.968
1663728720,+3.49,+23.181, +8.239,+0.969
1663728780,+3.49,+23.173, +8.225,+0.968
1663728840,+3.49,+23.148, +8.216,+0.968
1663728900,+3.49,+23.156, +8.184,+0.969
1663728960,+3.49,+23.164, +8.231,+0.968
1663729020,+3.49,+23.173, +8.242,+0.968
1663729080,+3.49,+23.164, +8.293,+0.969
1663729140,+3.49,+23.156, +8.262,+0.968
1663729200,+3.49,+23.156, +8.280,+0.969
1663729260,+3.49,+23.156, +8.275,+0.969
1663729320,+3.49,+23.156, +8.146,+0.968
1663729380,+3.49,+23.148, +8.093,+0.969
1663729440,+3.49,+23.156, +8.078,+0.969
1663729500,+3.49,+23.156, +8.110,+0.968
1663729560,+3.49,+23.148, +8.115,+0.968
1663729620,+3.49,+23.156, +8.129,+0.969
1663729680,+3.49,+23.173, +8.175,+0.968
1663729740,+3.49,+23.164, +8.203,+0.969
1663729800,+3.49,+23.148, +8.197,+0.968
1663729860,+3.49,+23.148, +8.182,+0.969
1663729920,+3.49,+23.139, +8.135,+0.968
1663729980,+3.49,+23.139, +8.081,+0.968
1663730040,+3.49,+23.139, +8.035,+0.968
1663730100,+3.49,+23.148, +8.020,+0.968
1663730160,+3.49,+23.148, +8.003,+0.969
1663730220,+3.49,+23.131, +7.945,+0.968
1663730280,+3.49,+23.123, +7.751,+0.968
1663730340,+3.49,+23.114, +7.502,+0.968
1663730400,+3.49,+23.131, +7.392,+0.969
1663730460,+3.49,+23.139, +7.333,+0.968
1663730520,+3.49,+23.123, +7.247,+0.968
1663730580,+3.49,+23.139, +7.348,+0.968
1663730640,+3.49,+23.148, +7.545,+0.968
1663730700,+3.49,+23.148, +7.810,+0.968
1663730760,+3.49,+23.131, +7.892,+0.968
1663730820,+3.49,+23.139, +7.880,+0.968
1663730880,+3.49,+23.148, +7.809,+0.968
1663730940,+3.49,+23.156, +7.713,+0.968
1663731000,+3.49,+23.164, +7.654,+0.968
1663731060,+3.49,+23.148, +7.655,+0.968
1663731120,+3.49,+23.173, +7.637,+0.968
1663731180,+3.49,+23.173, +7.583,+0.968
1663731240,+3.49,+23.156, +7.493,+0.968
1663731300,+3.49,+23.148, +7.327,+0.967
1663731360,+3.49,+23.173, +7.385,+0.968
1663731420,+3.49,+23.164, +7.464,+0.968
1663731480,+3.49,+23.156, +7.471,+0.968
1663731540,+3.49,+23.181, +7.434,+0.968
1663731600,+3.49,+23.173, +7.452,+0.968
1663731660,+3.49,+23.164, +7.459,+0.968
1663731720,+3.49,+23.173, +7.408,+0.968
1663731780,+3.49,+23.173, +7.338,+0.968
1663731840,+3.49,+23.173, +7.326,+0.968
1663731900,+3.49,+23.173, +7.427,+0.968
1663731960,+3.49,+23.173, +7.556,+0.968
1663732020,+3.49,+23.173, +7.851,+0.968
1663732080,+3.49,+23.164, +7.929,+0.968
1663732140,+3.49,+23.181, +7.963,+0.968
1663732200,+3.49,+23.156, +7.946,+0.969
1663732260,+3.49,+23.131, +7.926,+0.968
1663732320,+3.49,+23.139, +7.848,+0.968
1663732380,+3.49,+23.148, +7.855,+0.968
1663732440,+3.49,+23.131, +7.893,+0.968
1663732500,+3.49,+23.139, +7.883,+0.968
1663732560,+3.49,+23.148, +7.534,+0.968
1663732620,+3.49,+23.114, +7.064,+0.967
1663732680,+3.49,+23.106, +6.719,+0.967
1663732740,+3.49,+23.114, +6.520,+0.968
1663732800,+3.49,+23.114, +6.468,+0.968
1663732860,+3.49,+23.106, +6.449,+0.968
1663732920,+3.49,+23.097, +6.624,+0.968
1663732980,+3.49,+23.097, +6.821,+0.968
1663733040,+3.49,+23.106, +6.960,+0.968
1663733100,+3.49,+23.106, +7.148,+0.968
1663733160,+3.49,+23.097, +7.206,+0.968
1663733220,+3.49,+23.097, +7.227,+0.968
1663733280,+3.49,+23.123, +7.318,+0.968
1663733340,+3.49,+23.097, +7.404,+0.968
1663733400,+3.49,+23.114, +7.477,+0.968
1663733460,+3.49,+23.081, +7.670,+0.969
1663733520,+3.49,+23.114, +7.803,+0.968
1663733580,+3.49,+23.089, +7.903,+0.968
1663733640,+3.49,+23.097, +7.817,+0.968
1663733700,+3.49,+23.106, +7.793,+0.968
1663733760,+3.49,+23.089, +7.800,+0.969
1663733820,+3.49,+23.081, +7.858,+0.968
1663733880,+3.49,+23.081, +7.889,+0.968
1663733940,+3.49,+23.089, +7.894,+0.968
1663734000,+3.49,+23.097, +7.974,+0.968
1663734060,+3.49,+23.097, +7.979,+0.968
1663734120,+3.49,+23.114, +8.056,+0.968
1663734180,+3.49,+23.089, +8.085,+0.968
1663734240,+3.49,+23.089, +8.024,+0.969
1663734300,+3.49,+23.081, +8.040,+0.969
1663734360,+3.49,+23.081, +8.037,+0.968
1663734420,+3.49,+23.106, +7.951,+0.968
1663734480,+3.49,+23.064, +7.877,+0.968
1663734540,+3.49,+23.072, +7.727,+0.968
1663734600,+3.49,+23.081, +7.572,+0.968
1663734660,+3.49,+23.039, +7.423,+0.968
1663734720,+3.49,+23.030, +7.118,+0.968
1663734780,+3.49,+23.014, +6.821,+0.968
1663734840,+3.49,+22.997, +6.626,+0.968
1663734900,+3.49,+22.989, +6.428,+0.968
1663734960,+3.50,+22.997, +6.254,+0.968
1663735020,+3.49,+22.972, +6.163,+0.967
1663735080,+3.49,+22.963, +6.026,+0.968
1663735140,+3.49,+22.989, +5.911,+0.968
1663735200,+3.50,+22.980, +5.802,+0.968
1663735260,+3.50,+22.972, +5.953,+0.968
1663735320,+3.50,+22.980, +6.214,+0.968
1663735380,+3.50,+22.989, +6.488,+0.968
1663735440,+3.49,+23.005, +6.730,+0.968
1663735500,+3.50,+22.997, +6.917,+0.968
1663735560,+3.49,+23.005, +7.052,+0.968
1663735620,+3.49,+23.014, +7.128,+0.968
1663735680,+3.49,+23.014, +7.164,+0.968
1663735740,+3.50,+23.030, +7.236,+0.968
1663735800,+3.49,+23.022, +7.295,+0.968
1663735860,+3.49,+23.030, +7.367,+0.968
1663735920,+3.49,+23.039, +7.510,+0.968
1663735980,+3.49,+23.039, +7.556,+0.968
1663736040,+3.49,+23.047, +7.653,+0.968
1663736100,+3.49,+23.022, +7.724,+0.968
1663736160,+3.49,+23.030, +7.720,+0.968
1663736220,+3.49,+23.030, +7.672,+0.968
1663736280,+3.49,+23.022, +7.650,+0.968
1663736340,+3.49,+23.039, +7.662,+0.968
1663736400,+3.49,+23.030, +7.304,+0.968
1663736460,+3.49,+23.022, +7.111,+0.968
1663736520,+3.49,+23.014, +6.951,+0.968
1663736580,+3.49,+23.022, +6.972,+0.968
1663736640,+3.49,+23.014, +7.132,+0.968
1663736700,+3.49,+23.022, +7.233,+0.968
1663736760,+3.50,+23.014, +7.255,+0.968
1663736820,+3.49,+22.997, +7.070,+0.968
1663736880,+3.50,+23.005, +6.593,+0.968
1663736940,+3.50,+22.997, +6.032,+0.968
1663737000,+3.50,+22.997, +5.664,+0.967
1663737060,+3.50,+22.980, +5.402,+0.967
1663737120,+3.50,+22.989, +5.221,+0.967
1663737180,+3.50,+22.989, +5.313,+0.967
1663737240,+3.50,+22.980, +5.824,+0.968
1663737300,+3.50,+22.955, +5.992,+0.967
1663737360,+3.50,+22.972, +6.088,+0.968
1663737420,+3.50,+22.972, +6.185,+0.968
1663737480,+3.50,+22.980, +6.398,+0.968
1663737540,+3.50,+22.980, +6.488,+0.968
1663737600,+3.50,+22.980, +6.570,+0.968
1663737660,+3.50,+22.972, +6.722,+0.968
1663737720,+3.50,+23.005, +6.834,+0.968
1663737780,+3.50,+22.997, +6.867,+0.968
1663737840,+3.49,+22.989, +6.858,+0.967
1663737900,+3.50,+22.989, +6.540,+0.968
1663737960,+3.50,+22.997, +6.461,+0.968
1663738020,+3.49,+22.997, +6.443,+0.968
1663738080,+3.50,+22.997, +6.123,+0.968
1663738140,+3.50,+22.972, +6.295,+0.968
1663738200,+3.50,+22.997, +6.246,+0.968
1663738260,+3.50,+22.997, +5.943,+0.968
1663738320,+3.50,+23.005, +5.752,+0.968
1663738380,+3.49,+22.980, +5.664,+0.968
1663738440,+3.50,+22.989, +5.521,+0.968
1663738500,+3.49,+22.997, +5.157,+0.968
1663738560,+3.50,+22.989, +5.002,+0.968
1663738620,+3.50,+22.989, +4.942,+0.968
1663738680,+3.50,+22.980, +5.183,+0.968
1663738740,+3.50,+22.989, +5.123,+0.968
1663738800,+3.50,+22.997, +5.531,+0.968
1663738860,+3.49,+22.980, +6.020,+0.967
1663738920,+3.50,+22.963, +6.557,+0.968
1663738980,+3.49,+22.989, +6.780,+0.968
1663739040,+3.50,+22.980, +6.883,+0.967
1663739100,+3.50,+22.972, +6.939,+0.968
1663739160,+3.50,+22.980, +6.947,+0.968
1663739220,+3.50,+22.972, +6.964,+0.968
1663739280,+3.49,+22.980, +6.933,+0.968
1663739340,+3.50,+22.980, +6.954,+0.968
1663739400,+3.50,+22.989, +6.946,+0.968
1663739460,+3.50,+22.963, +6.587,+0.968
1663739520,+3.50,+22.980, +5.899,+0.967
1663739580,+3.50,+22.980, +5.594,+0.968
1663739640,+3.50,+22.980, +5.317,+0.968
1663739700,+3.50,+22.989, +5.613,+0.967
1663739760,+3.49,+22.980, +6.229,+0.967
1663739820,+3.49,+22.963, +6.604,+0.968
1663739880,+3.50,+22.972, +6.721,+0.968
1663739940,+3.50,+22.955, +6.786,+0.968
1663740000,+3.50,+22.955, +6.840,+0.968
1663740060,+3.49,+22.989, +7.126,+0.968
1663740120,+3.49,+22.972, +7.272,+0.968
1663740180,+3.49,+22.972, +7.302,+0.968
1663740240,+3.50,+22.972, +7.287,+0.968
1663740300,+3.50,+22.980, +7.577,+0.968
1663740360,+3.50,+23.005, +7.710,+0.968
1663740420,+3.50,+22.980, +7.777,+0.968
1663740480,+3.50,+22.963, +7.789,+0.969
1663740540,+3.49,+22.997, +7.696,+0.968
1663740600,+3.49,+23.005, +7.701,+0.969
1663740660,+3.50,+22.972, +7.526,+0.968
1663740720,+3.49,+22.980, +7.265,+0.968
1663740780,+3.49,+22.989, +7.217,+0.968
1663740840,+3.50,+22.980, +7.218,+0.968
1663740900,+3.50,+22.963, +7.196,+0.968
1663740960,+3.49,+22.972, +7.014,+0.968
1663741020,+3.49,+22.980, +7.171,+0.968
1663741080,+3.49,+22.963, +7.301,+0.968
1663741140,+3.49,+22.963, +7.379,+0.968
1663741200,+3.49,+22.972, +7.443,+0.968
1663741260,+3.49,+22.972, +7.497,+0.968
1663741320,+3.49,+22.972, +7.514,+0.968
1663741380,+3.49,+22.963, +7.470,+0.968
1663741440,+3.50,+22.980, +7.443,+0.968
1663741500,+3.50,+22.955, +7.460,+0.968
1663741560,+3.50,+22.972, +7.477,+0.968
1663741620,+3.49,+22.972, +7.484,+0.968
1663741680,+3.50,+22.963, +7.442,+0.968
1663741740,+3.49,+22.972, +7.368,+0.968
1663741800,+3.50,+22.980, +7.326,+0.968
1663741860,+3.49,+22.989, +7.172,+0.968
1663741920,+3.50,+22.989, +7.242,+0.968
1663741980,+3.49,+22.963, +7.324,+0.968
1663742040,+3.49,+22.980, +7.392,+0.968
1663742100,+3.49,+22.980, +7.438,+0.968
1663742160,+3.50,+22.972, +7.452,+0.968
1663742220,+3.50,+22.972, +7.450,+0.968
1663742280,+3.50,+22.980, +7.398,+0.968
1663742340,+3.50,+22.955, +7.384,+0.968
1663742400,+3.50,+22.947, +7.370,+0.968
1663742460,+3.50,+22.963, +7.356,+0.968
1663742520,+3.50,+22.963, +7.319,+0.968
1663742580,+3.50,+22.963, +7.050,+0.968
1663742640,+3.49,+22.972, +6.852,+0.968
1663742700,+3.50,+22.972, +7.097,+0.967
1663742760,+3.50,+22.972, +7.228,+0.968
1663742820,+3.50,+22.972, +7.248,+0.967
1663742880,+3.50,+22.963, +7.306,+0.968
1663742940,+3.50,+22.963, +7.352,+0.968
1663743000,+3.49,+22.972, +7.296,+0.968
1663743060,+3.50,+22.972, +7.358,+0.968
1663743120,+3.50,+22.972, +7.444,+0.969
1663743180,+3.50,+22.972, +7.468,+0.968
1663743240,+3.50,+22.972, +7.459,+0.968
1663743300,+3.50,+22.963, +7.406,+0.968
1663743360,+3.50,+22.989, +7.354,+0.968
1663743420,+3.49,+22.980, +7.263,+0.968
1663743480,+3.49,+22.972, +7.248,+0.968
1663743540,+3.49,+22.963, +7.251,+0.968
1663743600,+3.49,+22.955, +7.254,+0.968
1663743660,+3.49,+22.980, +7.215,+0.968
1663743720,+3.50,+22.972, +7.231,+0.968
1663743780,+3.49,+22.989, +7.242,+0.968
1663743840,+3.50,+22.972, +7.242,+0.968
1663743900,+3.50,+22.980, +7.192,+0.968
1663743960,+3.50,+22.980, +7.165,+0.968
1663744020,+3.50,+22.963, +7.029,+0.968
1663744080,+3.50,+22.955, +7.038,+0.968
1663744140,+3.49,+22.963, +7.001,+0.967
1663744200,+3.49,+22.972, +7.034,+0.968
1663744260,+3.49,+22.963, +7.051,+0.968
1663744320,+3.50,+22.955, +7.012,+0.968
1663744380,+3.49,+22.955, +6.956,+0.967
1663744440,+3.50,+22.955, +6.939,+0.968
1663744500,+3.49,+22.972, +6.921,+0.967
1663744560,+3.50,+22.947, +6.925,+0.968
1663744620,+3.50,+22.955, +6.866,+0.968
1663744680,+3.50,+22.963, +6.772,+0.968
1663744740,+3.50,+22.963, +6.673,+0.968
1663744800,+3.50,+22.947, +6.593,+0.968
1663744860,+3.50,+22.955, +6.605,+0.968
1663744920,+3.50,+22.955, +6.635,+0.968
1663744980,+3.50,+22.938, +6.681,+0.968
1663745040,+3.50,+22.938, +6.713,+0.968
1663745100,+3.50,+22.930, +6.735,+0.967
1663745160,+3.50,+22.922, +6.765,+0.968
1663745220,+3.49,+22.947, +6.750,+0.968
1663745280,+3.50,+22.930, +6.711,+0.968
1663745340,+3.50,+22.913, +6.652,+0.968
1663745400,+3.50,+22.880, +6.966,+0.967
1663745460,+3.50,+22.896, +6.992,+0.967
1663745520,+3.50,+22.888, +7.239,+0.968
1663745580,+3.50,+22.896, +7.503,+0.968
1663745640,+3.50,+22.896, +7.644,+0.968
1663745700,+3.50,+22.896, +7.704,+0.968
1663745760,+3.50,+22.888, +7.793,+0.968
1663745820,+3.50,+22.880, +7.828,+0.968
1663745880,+3.50,+22.880, +7.832,+0.968
1663745940,+3.50,+22.896, +7.837,+0.968
1663746000,+3.50,+22.896, +7.843,+0.968
1663746060,+3.50,+22.880, +7.930,+0.968
1663746120,+3.50,+22.880, +7.908,+0.968
1663746180,+3.50,+22.863, +7.979,+0.968
1663746240,+3.50,+22.846, +8.022,+0.968
1663746300,+3.50,+22.855, +8.016,+0.968
1663746360,+3.50,+22.855, +8.127,+0.968
1663746420,+3.50,+22.846, +8.215,+0.968
1663746480,+3.50,+22.830, +8.363,+0.968
1663746540,+3.50,+22.830, +8.539,+0.968
1663746600,+3.50,+22.838, +8.557,+0.968
1663746660,+3.50,+22.838, +8.494,+0.969
1663746720,+3.50,+22.830, +8.436,+0.968
1663746780,+3.50,+22.821, +8.532,+0.968
1663746840,+3.50,+22.830, +8.571,+0.968
1663746900,+3.50,+22.830, +8.603,+0.969
1663746960,+3.50,+22.821, +8.622,+0.968
1663747020,+3.50,+22.821, +8.589,+0.969
1663747080,+3.50,+22.838, +8.583,+0.969
1663747140,+3.50,+22.813, +8.508,+0.968
1663747200,+3.50,+22.821, +8.484,+0.969
1663747260,+3.50,+22.830, +8.441,+0.969
1663747320,+3.50,+22.846, +8.409,+0.968
1663747380,+3.50,+22.821, +8.435,+0.969
1663747440,+3.50,+22.804, +8.433,+0.969
1663747500,+3.50,+22.830, +8.396,+0.968
1663747560,+3.50,+22.804, +8.265,+0.968
1663747620,+3.50,+22.804, +8.052,+0.967
1663747680,+3.50,+22.788, +8.563,+0.968
1663747740,+3.50,+22.788, +8.687,+0.968
1663747800,+3.50,+22.779, +8.753,+0.968
1663747860,+3.50,+22.771, +8.774,+0.969
1663747920,+3.50,+22.771, +8.755,+0.968
1663747980,+3.50,+22.788, +8.759,+0.968
1663748040,+3.50,+22.779, +8.762,+0.968
1663748100,+3.50,+22.763, +8.736,+0.968
1663748160,+3.50,+22.763, +8.777,+0.969
1663748220,+3.50,+22.763, +8.779,+0.968
1663748280,+3.50,+22.771, +8.795,+0.968
1663748340,+3.50,+22.771, +8.767,+0.968
1663748400,+3.50,+22.763, +8.719,+0.968
1663748460,+3.50,+22.771, +8.598,+0.968
1663748520,+3.50,+22.796, +8.514,+0.969
1663748580,+3.50,+22.771, +8.553,+0.969
1663748640,+3.50,+22.754, +8.561,+0.969
1663748700,+3.50,+22.763, +8.559,+0.968
1663748760,+3.50,+22.754, +8.724,+0.968
1663748820,+3.50,+22.763, +8.749,+0.969
1663748880,+3.50,+22.754, +8.723,+0.968
1663748940,+3.50,+22.771, +8.599,+0.968
1663749000,+3.50,+22.771, +8.554,+0.968
1663749060,+3.50,+22.746, +8.618,+0.968
1663749120,+3.50,+22.729, +8.721,+0.968
1663749180,+3.50,+22.737, +8.719,+0.968
1663749240,+3.50,+22.729, +8.807,+0.968
1663749300,+3.50,+22.721, +8.805,+0.968
1663749360,+3.50,+22.712, +8.782,+0.969
1663749420,+3.50,+22.737, +8.757,+0.969
1663749480,+3.50,+22.746, +8.686,+0.968
1663749540,+3.50,+22.729, +8.622,+0.968
1663749600,+3.50,+22.721, +8.580,+0.969
1663749660,+3.50,+22.729, +8.525,+0.968
1663749720,+3.50,+22.712, +8.470,+0.968
1663749780,+3.50,+22.721, +8.384,+0.967
1663749840,+3.50,+22.721, +8.240,+0.968
1663749900,+3.50,+22.729, +8.114,+0.968
1663749960,+3.50,+22.712, +8.114,+0.968
1663750020,+3.50,+22.704, +8.094,+0.968
1663750080,+3.50,+22.729, +8.130,+0.968
1663750140,+3.50,+22.721, +8.168,+0.968
1663750200,+3.50,+22.721, +8.199,+0.968
1663750260,+3.50,+22.729, +8.185,+0.968
1663750320,+3.50,+22.729, +8.176,+0.969
1663750380,+3.50,+22.737, +8.134,+0.968
1663750440,+3.50,+22.704, +8.109,+0.968
1663750500,+3.50,+22.721, +8.030,+0.968
1663750560,+3.50,+22.721, +7.890,+0.968
1663750620,+3.50,+22.729, +7.854,+0.968
1663750680,+3.50,+22.721, +7.841,+0.968
1663750740,+3.50,+22.704, +7.625,+0.967
1663750800,+3.50,+22.712, +7.595,+0.968
1663750860,+3.50,+22.704, +7.424,+0.967
1663750920,+3.50,+22.704, +7.039,+0.967
1663750980,+3.50,+22.712, +6.717,+0.967
1663751040,+3.50,+22.712, +6.018,+0.967
1663751100,+3.50,+22.712, +5.940,+0.967
1663751160,+3.50,+22.696, +6.120,+0.968
1663751220,+3.50,+22.704, +6.287,+0.967
1663751280,+3.50,+22.712, +6.669,+0.967
1663751340,+3.50,+22.704, +7.054,+0.968
1663751400,+3.50,+22.687, +7.280,+0.968
1663751460,+3.50,+22.712, +7.408,+0.968
1663751520,+3.50,+22.679, +7.517,+0.968
1663751580,+3.50,+22.704, +7.616,+0.967
1663751640,+3.50,+22.687, +7.680,+0.968
1663751700,+3.50,+22.696, +7.693,+0.968
1663751760,+3.50,+22.696, +7.750,+0.968
1663751820,+3.50,+22.696, +7.860,+0.968
1663751880,+3.50,+22.670, +8.026,+0.968
1663751940,+3.50,+22.679, +8.136,+0.968
1663752000,+3.50,+22.679, +8.178,+0.968
1663752060,+3.50,+22.662, +8.266,+0.968
1663752120,+3.50,+22.687, +8.297,+0.968
1663752180,+3.50,+22.670, +8.291,+0.968
1663752240,+3.50,+22.679, +8.243,+0.968
1663752300,+3.50,+22.662, +8.212,+0.968
1663752360,+3.50,+22.662, +8.175,+0.968
1663752420,+3.50,+22.662, +8.160,+0.968
1663752480,+3.50,+22.645, +8.074,+0.967
1663752540,+3.50,+22.654, +8.051,+0.968
1663752600,+3.50,+22.662, +8.003,+0.967
1663752660,+3.50,+22.670, +7.983,+0.968
1663752720,+3.50,+22.645, +8.035,+0.968
1663752780,+3.50,+22.654, +8.055,+0.968
1663752840,+3.50,+22.670, +8.064,+0.968
1663752900,+3.50,+22.662, +8.019,+0.968
1663752960,+3.50,+22.654, +8.005,+0.968
1663753020,+3.50,+22.662, +7.969,+0.968
1663753080,+3.50,+22.654, +7.978,+0.967
1663753140,+3.50,+22.637, +8.091,+0.968
1663753200,+3.50,+22.645, +8.154,+0.968
1663753260,+3.50,+22.654, +8.232,+0.968
1663753320,+3.50,+22.629, +8.342,+0.969
1663753380,+3.50,+22.654, +8.464,+0.969
1663753440,+3.50,+22.637, +8.496,+0.968
1663753500,+3.50,+22.645, +8.357,+0.968
1663753560,+3.50,+22.645, +8.087,+0.968
1663753620,+3.50,+22.645, +7.858,+0.968
1663753680,+3.50,+22.629, +7.741,+0.967
1663753740,+3.50,+22.637, +7.333,+0.967
1663753800,+3.50,+22.654, +7.245,+0.968
1663753860,+3.50,+22.637, +7.742,+0.968
1663753920,+3.50,+22.637, +7.680,+0.968
1663753980,+3.50,+22.629, +7.375,+0.968
1663754040,+3.50,+22.629, +7.848,+0.968
1663754100,+3.50,+22.637, +8.239,+0.968
1663754160,+3.50,+22.629, +8.311,+0.969
1663754220,+3.50,+22.629, +8.268,+0.968
1663754280,+3.50,+22.620, +8.390,+0.968
1663754340,+3.50,+22.629, +8.472,+0.968
1663754400,+3.50,+22.612, +8.497,+0.968
1663754460,+3.50,+22.612, +8.508,+0.968
1663754520,+3.50,+22.629, +8.497,+0.969
1663754580,+3.50,+22.620, +8.524,+0.969
1663754640,+3.50,+22.629, +8.388,+0.968
1663754700,+3.50,+22.620, +8.220,+0.968
1663754760,+3.50,+22.637, +8.138,+0.968
1663754820,+3.50,+22.612, +8.072,+0.969
1663754880,+3.50,+22.629, +8.012,+0.968
1663754940,+3.50,+22.612, +7.937,+0.968
1663755000,+3.50,+22.637, +7.942,+0.968
1663755060,+3.50,+22.629, +7.976,+0.968
1663755120,+3.50,+22.637, +7.934,+0.968
1663755180,+3.50,+22.629, +7.941,+0.968
1663755240,+3.50,+22.620, +7.961,+0.968
1663755300,+3.50,+22.612, +7.990,+0.968
1663755360,+3.50,+22.629, +7.968,+0.968
1663755420,+3.50,+22.629, +7.916,+0.968
1663755480,+3.50,+22.645, +7.985,+0.968
1663755540,+3.50,+22.629, +8.047,+0.968
1663755600,+3.50,+22.612, +8.100,+0.968
1663755660,+3.50,+22.637, +8.061,+0.968
1663755720,+3.50,+22.612, +7.888,+0.968
1663755780,+3.50,+22.620, +7.696,+0.967
1663755840,+3.50,+22.620, +7.687,+0.968
1663755900,+3.50,+22.637, +7.627,+0.968
1663755960,+3.50,+22.620, +7.742,+0.968
1663756020,+3.50,+22.629, +7.679,+0.967
1663756080,+3.50,+22.612, +7.452,+0.967
1663756140,+3.50,+22.629, +7.256,+0.968
1663756200,+3.50,+22.620, +7.171,+0.968
1663756260,+3.50,+22.620, +6.613,+0.967
1663756320,+3.50,+22.637, +6.231,+0.968
1663756380,+3.50,+22.637, +6.023,+0.967
1663756440,+3.50,+22.620, +6.333,+0.967
1663756500,+3.50,+22.612, +6.067,+0.968
1663756560,+3.50,+22.629, +6.142,+0.967
1663756620,+3.50,+22.637, +6.344,+0.968
1663756680,+3.50,+22.629, +6.470,+0.968
1663756740,+3.50,+22.629, +6.757,+0.968
1663756800,+3.50,+22.612, +7.069,+0.968
1663756860,+3.50,+22.629, +7.067,+0.968
1663756920,+3.50,+22.620, +7.207,+0.968
1663756980,+3.50,+22.612, +7.414,+0.968
1663757040,+3.50,+22.612, +7.567,+0.968
1663757100,+3.50,+22.637, +7.669,+0.968
1663757160,+3.50,+22.629, +7.699,+0.968
1663757220,+3.50,+22.620, +7.755,+0.968
1663757280,+3.50,+22.629, +7.803,+0.968
1663757340,+3.50,+22.637, +7.821,+0.968
1663757400,+3.50,+22.612, +7.834,+0.968
1663757460,+3.50,+22.604, +7.730,+0.968
1663757520,+3.50,+22.629, +7.472,+0.968
1663757580,+3.50,+22.620, +7.352,+0.968
1663757640,+3.50,+22.595, +7.245,+0.968
1663757700,+3.50,+22.604, +7.337,+0.968
1663757760,+3.50,+22.604, +7.475,+0.968
1663757820,+3.50,+22.604, +7.506,+0.968
1663757880,+3.50,+22.637, +7.334,+0.968
1663757940,+3.50,+22.637, +7.227,+0.968
1663758000,+3.50,+22.645, +7.167,+0.968
1663758060,+3.50,+22.654, +7.062,+0.968
1663758120,+3.50,+22.645, +7.005,+0.968
1663758180,+3.50,+22.679, +6.895,+0.968
1663758240,+3.50,+22.670, +6.848,+0.967
1663758300,+3.50,+22.679, +6.763,+0.968
1663758360,+3.50,+22.670, +6.768,+0.967
1663758420,+3.50,+22.679, +6.794,+0.968
1663758480,+3.50,+22.687, +6.867,+0.968
1663758540,+3.50,+22.696, +6.873,+0.968
1663758600,+3.50,+22.704, +6.652,+0.968
1663758660,+3.50,+22.704, +6.530,+0.968
1663758720,+3.50,+22.704, +6.447,+0.968
1663758780,+3.50,+22.721, +6.417,+0.968
1663758840,+3.50,+22.696, +6.403,+0.968
1663758900,+3.50,+22.721, +6.258,+0.968
1663758960,+3.50,+22.721, +6.278,+0.968
1663759020,+3.50,+22.721, +6.290,+0.968
1663759080,+3.50,+22.737, +6.271,+0.968
1663759140,+3.50,+22.729, +5.870,+0.968
1663759200,+3.50,+22.729, +5.460,+0.968
1663759260,+3.50,+22.712, +5.207,+0.968
1663759320,+3.50,+22.721, +5.108,+0.968
1663759380,+3.50,+22.712, +5.116,+0.968
1663759440,+3.50,+22.712, +5.201,+0.968
1663759500,+3.50,+22.721, +5.107,+0.968
1663759560,+3.50,+22.721, +5.032,+0.968
1663759620,+3.50,+22.696, +5.214,+0.968
1663759680,+3.50,+22.712, +5.275,+0.968
1663759740,+3.50,+22.712, +5.377,+0.968
1663759800,+3.50,+22.704, +5.534,+0.967
1663759860,+3.50,+22.696, +5.703,+0.968
1663759920,+3.50,+22.696, +5.880,+0.968
1663759980,+3.50,+22.670, +5.966,+0.968
1663760040,+3.50,+22.687, +6.014,+0.968
1663760100,+3.50,+22.662, +5.995,+0.968
1663760160,+3.50,+22.679, +6.033,+0.968
1663760220,+3.50,+22.670, +6.101,+0.968
1663760280,+3.50,+22.687, +6.157,+0.968
1663760340,+3.50,+22.662, +6.156,+0.968
1663760400,+3.50,+22.662, +6.212,+0.968
1663760460,+3.50,+22.662, +6.222,+0.968
1663760520,+3.50,+22.679, +6.267,+0.967
1663760580,+3.50,+22.679, +6.271,+0.968
1663760640,+3.50,+22.662, +6.263,+0.968
1663760700,+3.50,+22.670, +6.237,+0.968
1663760760,+3.50,+22.670, +6.250,+0.968
1663760820,+3.50,+22.679, +6.233,+0.968
1663760880,+3.50,+22.670, +6.163,+0.968
1663760940,+3.50,+22.662, +6.067,+0.968
1663761000,+3.50,+22.670, +6.124,+0.968
1663761060,+3.50,+22.662, +6.188,+0.968
1663761120,+3.50,+22.670, +6.169,+0.968
1663761180,+3.50,+22.662, +6.157,+0.967
1663761240,+3.50,+22.662, +6.175,+0.968
1663761300,+3.50,+22.679, +6.204,+0.968
1663761360,+3.50,+22.679, +6.150,+0.968
1663761420,+3.50,+22.662, +6.106,+0.968
1663761480,+3.50,+22.679, +6.016,+0.968
1663761540,+3.50,+22.696, +6.028,+0.968
1663761600,+3.50,+22.679, +6.134,+0.968
1663761660,+3.50,+22.670, +6.159,+0.968
1663761720,+3.50,+22.679, +6.088,+0.968
1663761780,+3.50,+22.679, +6.141,+0.967
1663761840,+3.50,+22.696, +6.175,+0.968
1663761900,+3.50,+22.679, +6.262,+0.968
1663761960,+3.50,+22.712, +6.368,+0.968
1663762020,+3.50,+22.679, +6.385,+0.968
1663762080,+3.50,+22.696, +6.376,+0.968
1663762140,+3.50,+22.687, +6.387,+0.968
1663762200,+3.50,+22.712, +6.374,+0.968
1663762260,+3.50,+22.687, +6.420,+0.968
1663762320,+3.50,+22.679, +6.457,+0.968
1663762380,+3.50,+22.679, +6.460,+0.968
1663762440,+3.50,+22.687, +6.466,+0.968
1663762500,+3.50,+22.696, +6.447,+0.968
1663762560,+3.50,+22.712, +6.435,+0.968
1663762620,+3.50,+22.704, +6.447,+0.968
1663762680,+3.50,+22.704, +6.457,+0.968
1663762740,+3.50,+22.712, +6.487,+0.968
1663762800,+3.50,+22.704, +6.462,+0.968
1663762860,+3.50,+22.696, +6.376,+0.967
1663762920,+3.50,+22.704, +6.401,+0.968
1663762980,+3.50,+22.712, +6.383,+0.968
1663763040,+3.50,+22.721, +6.298,+0.967
1663763100,+3.50,+22.729, +6.239,+0.968
1663763160,+3.50,+22.696, +6.295,+0.968
1663763220,+3.50,+22.704, +6.307,+0.968
1663763280,+3.50,+22.704, +6.321,+0.968
1663763340,+3.50,+22.721, +6.385,+0.968
1663763400,+3.50,+22.712, +6.374,+0.968
1663763460,+3.50,+22.712, +6.354,+0.968
1663763520,+3.50,+22.721, +6.374,+0.968
1663763580,+3.50,+22.712, +6.390,+0.968
1663763640,+3.50,+22.712, +6.439,+0.968
1663763700,+3.50,+22.712, +6.436,+0.968
1663763760,+3.50,+22.712, +6.450,+0.968
1663763820,+3.50,+22.729, +6.407,+0.968
1663763880,+3.50,+22.712, +6.404,+0.968
1663763940,+3.50,+22.704, +6.365,+0.968
1663764000,+3.50,+22.712, +6.443,+0.968
1663764060,+3.50,+22.721, +6.527,+0.968
1663764120,+3.50,+22.737, +6.568,+0.968
1663764180,+3.50,+22.746, +6.580,+0.968
1663764240,+3.50,+22.721, +6.580,+0.968
1663764300,+3.50,+22.729, +6.595,+0.968
1663764360,+3.50,+22.746, +6.577,+0.968
1663764420,+3.50,+22.721, +6.599,+0.968
1663764480,+3.49,+22.729, +6.668,+0.968
1663764540,+3.50,+22.737, +6.668,+0.967
1663764600,+3.50,+22.737, +6.664,+0.968
1663764660,+3.50,+22.746, +6.607,+0.968
1663764720,+3.50,+22.737, +6.593,+0.968
1663764780,+3.50,+22.737, +6.606,+0.968
1663764840,+3.50,+22.746, +6.611,+0.968
1663764900,+3.50,+22.746, +6.644,+0.968
1663764960,+3.50,+22.737, +6.695,+0.968
1663765020,+3.50,+22.754, +6.701,+0.968
1663765080,+3.50,+22.746, +6.729,+0.968
1663765140,+3.49,+22.763, +6.781,+0.968
1663765200,+3.50,+22.746, +6.820,+0.968
1663765260,+3.50,+22.754, +6.842,+0.968
1663765320,+3.50,+22.763, +6.869,+0.968
1663765380,+3.50,+22.779, +6.919,+0.967
1663765440,+3.50,+22.754, +6.927,+0.968
1663765500,+3.50,+22.737, +6.931,+0.968
1663765560,+3.50,+22.763, +6.951,+0.968
1663765620,+3.50,+22.771, +6.945,+0.968
1663765680,+3.49,+22.771, +6.914,+0.968
1663765740,+3.50,+22.771, +6.964,+0.967
1663765800,+3.50,+22.771, +7.013,+0.967
1663765860,+3.49,+22.763, +7.079,+0.968
1663765920,+3.50,+22.763, +7.078,+0.968
1663765980,+3.50,+22.746, +7.074,+0.968
1663766040,+3.50,+22.746, +7.112,+0.968
1663766100,+3.50,+22.763, +7.169,+0.968
1663766160,+3.50,+22.754, +7.169,+0.968
1663766220,+3.50,+22.746, +7.230,+0.968
1663766280,+3.50,+22.754, +7.276,+0.968
1663766340,+3.50,+22.754, +7.310,+0.968
1663766400,+3.50,+22.737, +7.376,+0.968
1663766460,+3.50,+22.729, +7.428,+0.968
1663766520,+3.50,+22.737, +7.451,+0.968
1663766580,+3.50,+22.746, +7.494,+0.968
1663766640,+3.50,+22.754, +7.535,+0.968
1663766700,+3.50,+22.737, +7.570,+0.968
1663766760,+3.50,+22.721, +7.558,+0.967
1663766820,+3.50,+22.746, +7.577,+0.968
1663766880,+3.50,+22.721, +7.571,+0.968
1663766940,+3.50,+22.729, +7.562,+0.968
1663767000,+3.50,+22.729, +7.526,+0.968
1663767060,+3.50,+22.737, +7.475,+0.967
1663767120,+3.49,+22.729, +7.513,+0.968
1663767180,+3.50,+22.729, +7.484,+0.968
1663767240,+3.50,+22.729, +7.498,+0.968
1663767300,+3.50,+22.754, +7.537,+0.967
1663767360,+3.50,+22.737, +7.544,+0.968
1663767420,+3.50,+22.754, +7.576,+0.968
1663767480,+3.50,+22.746, +7.584,+0.968
1663767540,+3.50,+22.737, +7.497,+0.968
1663767600,+3.50,+22.763, +7.591,+0.969
1663767660,+3.50,+22.746, +7.644,+0.968
1663767720,+3.50,+22.763, +7.678,+0.968
1663767780,+3.50,+22.763, +7.714,+0.968
1663767840,+3.49,+22.771, +7.687,+0.968
1663767900,+3.50,+22.754, +7.665,+0.968
1663767960,+3.50,+22.754, +7.618,+0.968
1663768020,+3.49,+22.763, +7.459,+0.968
1663768080,+3.50,+22.754, +7.368,+0.968
1663768140,+3.50,+22.754, +7.368,+0.968
1663768200,+3.50,+22.737, +7.448,+0.968
1663768260,+3.50,+22.754, +7.488,+0.968
1663768320,+3.50,+22.746, +7.527,+0.968
1663768380,+3.49,+22.754, +7.516,+0.968
1663768440,+3.50,+22.754, +7.482,+0.968
1663768500,+3.50,+22.763, +7.253,+0.968
1663768560,+3.50,+22.746, +7.274,+0.967
1663768620,+3.50,+22.754, +7.383,+0.968
1663768680,+3.50,+22.763, +7.543,+0.968
1663768740,+3.50,+22.771, +7.593,+0.968
1663768800,+3.50,+22.771, +7.618,+0.968
1663768860,+3.50,+22.771, +7.610,+0.968
1663768920,+3.50,+22.771, +7.680,+0.968
1663768980,+3.50,+22.796, +7.699,+0.968
1663769040,+3.50,+22.788, +7.642,+0.968
1663769100,+3.50,+22.788, +7.594,+0.968
1663769160,+3.49,+22.796, +7.625,+0.968
1663769220,+3.49,+22.796, +7.685,+0.968
1663769280,+3.50,+22.796, +7.759,+0.968
1663769340,+3.50,+22.796, +7.839,+0.968
1663769400,+3.49,+22.804, +7.812,+0.968
1663769460,+3.49,+22.804, +7.792,+0.968
1663769520,+3.49,+22.821, +7.756,+0.968
1663769580,+3.49,+22.796, +7.750,+0.968
1663769640,+3.49,+22.821, +7.728,+0.968
1663769700,+3.49,+22.821, +7.783,+0.968
1663769760,+3.49,+22.830, +7.793,+0.968
1663769820,+3.49,+22.830, +7.810,+0.968
1663769880,+3.49,+22.846, +7.833,+0.968
1663769940,+3.49,+22.846, +7.887,+0.968
1663770000,+3.49,+22.846, +7.897,+0.968
1663770060,+3.49,+22.846, +7.887,+0.969
1663770120,+3.49,+22.830, +7.878,+0.968
1663770180,+3.49,+22.838, +7.885,+0.968
1663770240,+3.49,+22.821, +7.892,+0.968
1663770300,+3.49,+22.838, +7.854,+0.968
1663770360,+3.49,+22.846, +7.826,+0.968
1663770420,+3.49,+22.855, +7.869,+0.968
1663770480,+3.49,+22.830, +7.877,+0.968
1663770540,+3.50,+22.830, +7.851,+0.968
1663770600,+3.49,+22.838, +7.779,+0.968
1663770660,+3.49,+22.846, +7.752,+0.968
1663770720,+3.49,+22.846, +7.693,+0.967
1663770780,+3.49,+22.846, +7.699,+0.968
1663770840,+3.49,+22.838, +7.680,+0.968
1663770900,+3.49,+22.846, +7.710,+0.968
1663770960,+3.49,+22.838, +7.747,+0.968
1663771020,+3.49,+22.855, +7.758,+0.968
1663771080,+3.49,+22.855, +7.877,+0.969
1663771140,+3.49,+22.863, +7.928,+0.968
1663771200,+3.49,+22.846, +7.963,+0.968
1663771260,+3.49,+22.846, +8.008,+0.968
1663771320,+3.49,+22.855, +7.933,+0.968
1663771380,+3.49,+22.863, +7.574,+0.968
1663771440,+3.49,+22.855, +7.354,+0.968
1663771500,+3.49,+22.838, +7.229,+0.968
1663771560,+3.49,+22.838, +7.418,+0.968
1663771620,+3.49,+22.838, +7.516,+0.968
1663771680,+3.49,+22.821, +7.613,+0.968
1663771740,+3.49,+22.821, +7.681,+0.968
1663771800,+3.49,+22.830, +7.716,+0.968
1663771860,+3.49,+22.830, +7.686,+0.968
1663771920,+3.49,+22.830, +7.603,+0.968
1663771980,+3.50,+22.813, +7.526,+0.968
1663772040,+3.49,+22.804, +7.540,+0.968
1663772100,+3.50,+22.804, +7.452,+0.967
1663772160,+3.50,+22.813, +7.472,+0.968
1663772220,+3.50,+22.796, +7.606,+0.968
1663772280,+3.50,+22.779, +7.730,+0.968
1663772340,+3.50,+22.804, +7.802,+0.968
1663772400,+3.49,+22.804, +7.839,+0.968
1663772460,+3.50,+22.779, +7.879,+0.968
1663772520,+3.50,+22.779, +7.906,+0.967
1663772580,+3.50,+22.779, +7.956,+0.967
1663772640,+3.50,+22.779, +7.996,+0.968
1663772700,+3.50,+22.779, +8.014,+0.968
1663772760,+3.50,+22.754, +8.059,+0.968
1663772820,+3.50,+22.754, +8.079,+0.968
1663772880,+3.50,+22.754, +8.106,+0.968
1663772940,+3.50,+22.737, +8.086,+0.968
1663773000,+3.50,+22.737, +8.062,+0.968
1663773060,+3.50,+22.737, +8.027,+0.968
1663773120,+3.50,+22.729, +8.027,+0.968
1663773180,+3.50,+22.729, +8.025,+0.968
1663773240,+3.50,+22.721, +8.149,+0.969
1663773300,+3.50,+22.704, +8.166,+0.968
1663773360,+3.50,+22.721, +8.204,+0.968
1663773420,+3.50,+22.712, +8.236,+0.968
1663773480,+3.50,+22.721, +8.241,+0.968
1663773540,+3.50,+22.696, +8.267,+0.968
1663773600,+3.50,+22.704, +8.274,+0.968
1663773660,+3.50,+22.679, +8.260,+0.968
1663773720,+3.50,+22.712, +8.216,+0.968
1663773780,+3.50,+22.712, +8.157,+0.968
1663773840,+3.50,+22.712, +8.186,+0.968
1663773900,+3.50,+22.704, +8.196,+0.968
1663773960,+3.50,+22.712, +8.154,+0.968
1663774020,+3.50,+22.704, +8.091,+0.968
1663774080,+3.50,+22.712, +7.816,+0.968
1663774140,+3.50,+22.704, +7.933,+0.968
1663774200,+3.50,+22.696, +7.950,+0.968
1663774260,+3.50,+22.696, +7.907,+0.968
1663774320,+3.50,+22.704, +7.927,+0.968
1663774380,+3.50,+22.687, +7.839,+0.968
1663774440,+3.50,+22.704, +7.858,+0.968
1663774500,+3.50,+22.704, +7.797,+0.968
1663774560,+3.50,+22.721, +7.669,+0.967
1663774620,+3.50,+22.704, +7.508,+0.968
1663774680,+3.50,+22.696, +7.531,+0.968
1663774740,+3.50,+22.687, +7.608,+0.968
1663774800,+3.50,+22.712, +7.631,+0.967
1663774860,+3.50,+22.696, +7.659,+0.968
1663774920,+3.50,+22.712, +7.646,+0.968
1663774980,+3.50,+22.704, +7.642,+0.968
1663775040,+3.50,+22.704, +7.670,+0.968
1663775100,+3.50,+22.704, +7.695,+0.968
1663775160,+3.50,+22.704, +7.623,+0.968
1663775220,+3.50,+22.679, +7.652,+0.968
1663775280,+3.50,+22.721, +7.757,+0.968
1663775340,+3.50,+22.712, +7.741,+0.968
1663775400,+3.50,+22.721, +7.840,+0.968
1663775460,+3.50,+22.712, +7.988,+0.968
1663775520,+3.50,+22.696, +8.077,+0.968
1663775580,+3.50,+22.687, +8.119,+0.968
1663775640,+3.50,+22.687, +8.139,+0.968
1663775700,+3.50,+22.712, +8.113,+0.968
1663775760,+3.50,+22.696, +8.083,+0.968
1663775820,+3.50,+22.704, +8.217,+0.968
1663775880,+3.50,+22.696, +8.211,+0.968
1663775940,+3.50,+22.687, +8.248,+0.968
1663776000,+3.50,+22.704, +8.259,+0.968
1663776060,+3.50,+22.712, +8.250,+0.968
1663776120,+3.50,+22.696, +8.246,+0.968
1663776180,+3.50,+22.704, +8.299,+0.968
1663776240,+3.50,+22.721, +8.299,+0.968
1663776300,+3.50,+22.696, +8.328,+0.968
1663776360,+3.50,+22.729, +8.301,+0.968
1663776420,+3.50,+22.712, +8.288,+0.968
1663776480,+3.50,+22.696, +8.295,+0.968
1663776540,+3.50,+22.704, +8.196,+0.968
1663776600,+3.50,+22.729, +8.128,+0.968
1663776660,+3.50,+22.737, +8.079,+0.968
1663776720,+3.50,+22.721, +8.068,+0.968
1663776780,+3.50,+22.712, +8.235,+0.968
1663776840,+3.50,+22.721, +8.200,+0.968
1663776900,+3.50,+22.712, +8.080,+0.968
1663776960,+3.50,+22.704, +8.109,+0.968
1663777020,+3.50,+22.712, +8.261,+0.968
1663777080,+3.50,+22.737, +8.366,+0.968
1663777140,+3.50,+22.721, +8.420,+0.968
1663777200,+3.50,+22.729, +8.466,+0.968
1663777260,+3.50,+22.729, +8.474,+0.968
1663777320,+3.50,+22.729, +8.465,+0.969
1663777380,+3.50,+22.729, +8.470,+0.968
1663777440,+3.50,+22.737, +8.463,+0.968
1663777500,+3.50,+22.721, +8.437,+0.968
1663777560,+3.50,+22.729, +8.408,+0.968
1663777620,+3.50,+22.721, +8.476,+0.969
1663777680,+3.50,+22.721, +8.458,+0.968
1663777740,+3.50,+22.737, +8.442,+0.968
1663777800,+3.50,+22.746, +8.341,+0.968
1663777860,+3.50,+22.721, +8.319,+0.968
1663777920,+3.50,+22.729, +8.281,+0.968
1663777980,+3.50,+22.704, +8.315,+0.968
1663778040,+3.50,+22.746, +8.330,+0.968
1663778100,+3.50,+22.746, +8.225,+0.968
1663778160,+3.50,+22.746, +8.186,+0.968
1663778220,+3.50,+22.754, +8.192,+0.968
1663778280,+3.50,+22.737, +8.320,+0.968
1663778340,+3.50,+22.737, +8.383,+0.968
1663778400,+3.50,+22.746, +8.371,+0.968
1663778460,+3.50,+22.746, +8.362,+0.968
1663778520,+3.50,+22.763, +8.319,+0.968
1663778580,+3.50,+22.729, +8.406,+0.968
1663778640,+3.50,+22.746, +8.423,+0.968
1663778700,+3.50,+22.754, +8.413,+0.968
1663778760,+3.50,+22.746, +8.407,+0.969
1663778820,+3.50,+22.763, +8.289,+0.969
1663778880,+3.50,+22.763, +8.150,+0.968
