7450-383325
OS REV: 1.05 Sensor Cal: 1644949570
Time (sec),  BV (Volts),  T (deg C),  DO (mg/l),  Q ()
1664642940,+3.48,+18.144, +8.380,+0.963
1664643000,+3.48,+18.119, +8.394,+0.963
1664643060,+3.48,+18.136, +8.309,+0.963
1664643120,+3.48,+18.127, +8.311,+0.964
1664643180,+3.48,+18.144, +8.288,+0.964
1664643240,+3.48,+18.136, +8.201,+0.963
1664643300,+3.48,+18.144, +7.983,+0.963
1664643360,+3.48,+18.127, +7.883,+0.963
1664643420,+3.48,+18.136, +8.016,+0.963
1664643480,+3.48,+18.136, +8.075,+0.963
1664643540,+3.48,+18.136, +8.155,+0.963
1664643600,+3.48,+18.127, +8.124,+0.963
1664643660,+3.48,+18.136, +8.076,+0.964
1664643720,+3.48,+18.144, +8.091,+0.963
1664643780,+3.48,+18.144, +8.106,+0.963
1664643840,+3.48,+18.144, +8.089,+0.963
1664643900,+3.48,+18.161, +8.005,+0.963
1664643960,+3.48,+18.161, +7.993,+0.963
1664644020,+3.48,+18.161, +7.802,+0.963
1664644080,+3.48,+18.153, +7.759,+0.963
1664644140,+3.48,+18.153, +7.682,+0.963
1664644200,+3.48,+18.161, +7.693,+0.963
1664644260,+3.48,+18.161, +7.839,+0.963
1664644320,+3.48,+18.153, +7.864,+0.963
1664644380,+3.48,+18.178, +7.825,+0.963
1664644440,+3.48,+18.161, +7.827,+0.964
1664644500,+3.48,+18.153, +7.825,+0.964
1664644560,+3.48,+18.144, +7.968,+0.963
1664644620,+3.48,+18.127, +7.964,+0.964
1664644680,+3.48,+18.127, +7.999,+0.963
1664644740,+3.48,+18.136, +8.064,+0.964
1664644800,+3.48,+18.102, +8.173,+0.963
1664644860,+3.48,+18.127, +8.241,+0.963
1664644920,+3.48,+18.119, +8.205,+0.964
1664644980,+3.48,+18.094, +8.259,+0.963
1664645040,+3.48,+18.068, +8.240,+0.964
1664645100,+3.48,+18.051, +8.238,+0.963
1664645160,+3.48,+18.051, +8.222,+0.964
1664645220,+3.48,+18.043, +8.234,+0.963
1664645280,+3.48,+18.043, +8.225,+0.964
1664645340,+3.48,+18.035, +8.141,+0.964
1664645400,+3.48,+18.026, +8.036,+0.963
1664645460,+3.48,+18.043, +7.920,+0.963
1664645520,+3.48,+18.043, +7.920,+0.963
1664645580,+3.48,+18.018, +7.980,+0.963
1664645640,+3.48,+18.051, +7.933,+0.963
1664645700,+3.48,+18.043, +7.897,+0.963
1664645760,+3.48,+18.043, +7.816,+0.963
1664645820,+3.48,+18.060, +7.858,+0.963
1664645880,+3.48,+18.060, +7.813,+0.963
1664645940,+3.48,+18.068, +7.791,+0.964
1664646000,+3.48,+18.068, +7.843,+0.963
1664646060,+3.48,+18.068, +7.869,+0.963
1664646120,+3.48,+18.060, +7.932,+0.963
1664646180,+3.48,+18.068, +7.974,+0.963
1664646240,+3.48,+18.068, +7.943,+0.963
1664646300,+3.48,+18.060, +7.902,+0.964
1664646360,+3.48,+18.060, +7.790,+0.964
1664646420,+3.48,+18.077, +7.841,+0.963
1664646480,+3.48,+18.051, +7.916,+0.963
1664646540,+3.48,+18.035, +7.977,+0.963
1664646600,+3.48,+18.085, +8.003,+0.964
1664646660,+3.48,+18.060, +7.958,+0.964
1664646720,+3.48,+18.060, +7.842,+0.963
1664646780,+3.48,+18.085, +7.751,+0.963
1664646840,+3.48,+18.077, +7.784,+0.963
1664646900,+3.48,+18.060, +7.838,+0.963
1664646960,+3.48,+18.077, +7.867,+0.963
1664647020,+3.48,+18.060, +7.816,+0.964
1664647080,+3.48,+18.077, +7.899,+0.964
1664647140,+3.48,+18.060, +7.928,+0.963
1664647200,+3.48,+18.068, +7.954,+0.964
1664647260,+3.48,+18.077, +7.996,+0.963
1664647320,+3.48,+18.068, +8.061,+0.963
1664647380,+3.48,+18.068, +8.119,+0.963
1664647440,+3.48,+18.068, +8.113,+0.963
1664647500,+3.48,+18.060, +8.143,+0.963
1664647560,+3.48,+18.060, +8.158,+0.964
1664647620,+3.48,+18.051, +8.175,+0.963
1664647680,+3.48,+18.077, +8.153,+0.963
1664647740,+3.49,+18.068, +8.156,+0.963
1664647800,+3.48,+18.060, +8.178,+0.964
1664647860,+3.48,+18.060, +8.176,+0.963
1664647920,+3.48,+18.060, +8.174,+0.963
1664647980,+3.48,+18.051, +8.197,+0.963
1664648040,+3.48,+18.077, +8.211,+0.963
1664648100,+3.48,+18.060, +8.226,+0.963
1664648160,+3.48,+18.060, +8.232,+0.964
1664648220,+3.48,+18.060, +8.244,+0.963
1664648280,+3.48,+18.077, +8.236,+0.963
1664648340,+3.48,+18.077, +8.233,+0.964
1664648400,+3.48,+18.085, +8.191,+0.963
1664648460,+3.48,+18.060, +8.230,+0.963
1664648520,+3.48,+18.060, +8.267,+0.963
1664648580,+3.48,+18.051, +8.283,+0.963
1664648640,+3.48,+18.060, +8.309,+0.963
1664648700,+3.48,+18.068, +8.330,+0.964
1664648760,+3.48,+18.060, +8.343,+0.964
1664648820,+3.48,+18.068, +8.348,+0.963
1664648880,+3.48,+18.060, +8.334,+0.963
1664648940,+3.48,+18.068, +8.346,+0.964
1664649000,+3.48,+18.051, +8.335,+0.963
1664649060,+3.48,+18.068, +8.335,+0.963
1664649120,+3.48,+18.060, +8.339,+0.963
1664649180,+3.48,+18.051, +8.339,+0.964
1664649240,+3.48,+18.060, +8.324,+0.963
1664649300,+3.48,+18.060, +8.332,+0.963
1664649360,+3.48,+18.051, +8.333,+0.964
1664649420,+3.48,+18.051, +8.336,+0.963
1664649480,+3.48,+18.077, +8.344,+0.964
1664649540,+3.48,+18.051, +8.352,+0.964
1664649600,+3.48,+18.077, +8.339,+0.963
1664649660,+3.48,+18.077, +8.347,+0.963
1664649720,+3.48,+18.077, +8.352,+0.963
1664649780,+3.48,+18.043, +8.363,+0.964
1664649840,+3.48,+18.085, +8.328,+0.963
1664649900,+3.48,+18.077, +8.310,+0.964
1664649960,+3.48,+18.068, +8.280,+0.963
1664650020,+3.48,+18.094, +8.267,+0.963
1664650080,+3.48,+18.068, +8.292,+0.963
1664650140,+3.48,+18.077, +8.311,+0.963
1664650200,+3.48,+18.094, +8.396,+0.963
1664650260,+3.48,+18.127, +8.513,+0.963
1664650320,+3.48,+18.161, +8.534,+0.963
1664650380,+3.48,+18.136, +8.503,+0.963
1664650440,+3.48,+18.144, +8.401,+0.964
1664650500,+3.48,+18.144, +8.350,+0.963
1664650560,+3.48,+18.153, +8.291,+0.963
1664650620,+3.48,+18.153, +8.271,+0.963
1664650680,+3.48,+18.161, +8.208,+0.963
1664650740,+3.48,+18.161, +8.158,+0.963
1664650800,+3.48,+18.127, +8.166,+0.963
1664650860,+3.48,+18.169, +8.100,+0.963
1664650920,+3.48,+18.136, +8.117,+0.963
1664650980,+3.48,+18.136, +8.137,+0.963
1664651040,+3.48,+18.161, +8.139,+0.963
1664651100,+3.48,+18.136, +8.135,+0.963
1664651160,+3.48,+18.144, +8.113,+0.963
1664651220,+3.48,+18.144, +8.123,+0.963
1664651280,+3.48,+18.144, +8.131,+0.963
1664651340,+3.48,+18.136, +8.117,+0.964
1664651400,+3.48,+18.144, +8.060,+0.963
1664651460,+3.48,+18.136, +8.042,+0.963
1664651520,+3.48,+18.153, +8.040,+0.963
1664651580,+3.48,+18.144, +8.046,+0.963
1664651640,+3.48,+18.136, +8.084,+0.964
1664651700,+3.48,+18.161, +8.121,+0.963
1664651760,+3.48,+18.153, +8.135,+0.963
1664651820,+3.48,+18.136, +8.154,+0.964
1664651880,+3.48,+18.144, +8.207,+0.963
1664651940,+3.48,+18.169, +8.254,+0.963
1664652000,+3.48,+18.161, +8.263,+0.963
1664652060,+3.48,+18.161, +8.253,+0.963
1664652120,+3.48,+18.153, +8.253,+0.963
1664652180,+3.48,+18.127, +8.235,+0.964
1664652240,+3.48,+18.136, +8.181,+0.963
1664652300,+3.48,+18.110, +8.197,+0.963
1664652360,+3.48,+18.119, +8.184,+0.963
1664652420,+3.48,+18.094, +8.180,+0.963
1664652480,+3.48,+18.085, +8.176,+0.963
1664652540,+3.48,+18.085, +8.184,+0.963
1664652600,+3.48,+18.085, +8.150,+0.963
1664652660,+3.48,+18.085, +8.140,+0.963
1664652720,+3.48,+18.094, +8.127,+0.964
1664652780,+3.48,+18.094, +8.079,+0.963
1664652840,+3.48,+18.094, +8.061,+0.963
1664652900,+3.48,+18.094, +8.069,+0.963
1664652960,+3.48,+18.094, +8.046,+0.963
1664653020,+3.48,+18.102, +7.971,+0.963
1664653080,+3.48,+18.077, +7.981,+0.964
1664653140,+3.48,+18.085, +7.924,+0.964
1664653200,+3.48,+18.068, +7.934,+0.963
1664653260,+3.48,+18.068, +7.839,+0.963
1664653320,+3.48,+18.077, +7.955,+0.963
1664653380,+3.48,+18.060, +8.034,+0.963
1664653440,+3.48,+18.060, +8.049,+0.963
1664653500,+3.48,+18.051, +8.061,+0.964
1664653560,+3.48,+18.051, +7.959,+0.963
1664653620,+3.48,+18.060, +7.963,+0.963
1664653680,+3.48,+18.043, +7.985,+0.964
1664653740,+3.48,+18.068, +7.994,+0.963
1664653800,+3.48,+18.051, +7.961,+0.963
1664653860,+3.48,+18.051, +7.982,+0.963
1664653920,+3.48,+18.043, +8.070,+0.963
1664653980,+3.48,+18.068, +8.062,+0.963
1664654040,+3.48,+18.077, +8.101,+0.964
1664654100,+3.48,+18.060, +8.123,+0.963
1664654160,+3.48,+18.068, +8.105,+0.963
1664654220,+3.48,+18.068, +8.095,+0.963
1664654280,+3.48,+18.068, +8.068,+0.963
1664654340,+3.48,+18.043, +8.081,+0.963
1664654400,+3.48,+18.051, +8.120,+0.963
1664654460,+3.48,+18.043, +8.086,+0.963
1664654520,+3.48,+18.060, +8.058,+0.963
1664654580,+3.48,+18.060, +8.072,+0.963
1664654640,+3.48,+18.068, +8.053,+0.963
1664654700,+3.48,+18.060, +8.096,+0.963
1664654760,+3.48,+18.043, +8.030,+0.963
1664654820,+3.48,+18.077, +8.010,+0.963
1664654880,+3.48,+18.060, +7.974,+0.963
1664654940,+3.48,+18.060, +8.012,+0.963
1664655000,+3.48,+18.068, +8.030,+0.963
1664655060,+3.48,+18.051, +8.050,+0.963
1664655120,+3.48,+18.051, +8.027,+0.963
1664655180,+3.48,+18.060, +8.011,+0.963
1664655240,+3.48,+18.043, +7.993,+0.964
1664655300,+3.48,+18.051, +8.012,+0.963
1664655360,+3.48,+18.043, +8.040,+0.963
1664655420,+3.48,+18.043, +8.120,+0.963
1664655480,+3.48,+18.060, +8.110,+0.963
1664655540,+3.48,+18.035, +8.067,+0.963
1664655600,+3.48,+18.060, +7.879,+0.963
1664655660,+3.48,+18.060, +7.960,+0.963
1664655720,+3.48,+18.043, +8.012,+0.963
1664655780,+3.48,+18.051, +8.040,+0.963
1664655840,+3.48,+18.060, +8.014,+0.964
1664655900,+3.48,+18.060, +7.979,+0.963
1664655960,+3.48,+18.051, +7.982,+0.963
1664656020,+3.48,+18.043, +7.910,+0.963
1664656080,+3.48,+18.068, +7.846,+0.963
1664656140,+3.48,+18.051, +7.828,+0.963
1664656200,+3.48,+18.060, +7.812,+0.963
1664656260,+3.48,+18.051, +7.813,+0.963
1664656320,+3.48,+18.068, +7.768,+0.963
1664656380,+3.48,+18.068, +7.797,+0.963
1664656440,+3.48,+18.085, +7.833,+0.963
1664656500,+3.48,+18.060, +7.892,+0.963
1664656560,+3.48,+18.068, +7.936,+0.963
1664656620,+3.48,+18.085, +7.931,+0.963
1664656680,+3.48,+18.068, +7.914,+0.963
1664656740,+3.48,+18.077, +7.812,+0.963
1664656800,+3.48,+18.068, +7.850,+0.963
1664656860,+3.48,+18.060, +7.955,+0.964
1664656920,+3.48,+18.051, +7.977,+0.963
1664656980,+3.48,+18.060, +7.980,+0.963
1664657040,+3.48,+18.051, +8.024,+0.963
1664657100,+3.48,+18.051, +8.080,+0.963
1664657160,+3.48,+18.051, +8.054,+0.963
1664657220,+3.48,+18.068, +7.978,+0.963
1664657280,+3.48,+18.035, +7.885,+0.963
1664657340,+3.48,+18.043, +8.034,+0.963
1664657400,+3.48,+18.060, +8.074,+0.964
1664657460,+3.48,+18.043, +8.074,+0.963
1664657520,+3.48,+18.060, +8.068,+0.963
1664657580,+3.48,+18.051, +7.927,+0.963
1664657640,+3.48,+18.035, +7.895,+0.963
1664657700,+3.48,+18.051, +7.953,+0.963
1664657760,+3.48,+18.026, +7.985,+0.963
1664657820,+3.48,+18.018, +8.068,+0.963
1664657880,+3.48,+18.026, +8.009,+0.963
1664657940,+3.48,+18.043, +7.976,+0.963
1664658000,+3.48,+18.035, +7.974,+0.963
1664658060,+3.48,+18.026, +7.975,+0.963
1664658120,+3.48,+18.018, +8.007,+0.963
1664658180,+3.48,+18.026, +8.031,+0.963
1664658240,+3.48,+18.026, +8.039,+0.963
1664658300,+3.48,+18.035, +8.023,+0.963
1664658360,+3.48,+18.035, +8.007,+0.963
1664658420,+3.48,+18.026, +8.027,+0.963
1664658480,+3.48,+18.026, +8.102,+0.963
1664658540,+3.48,+17.992, +8.147,+0.963
1664658600,+3.48,+18.026, +8.175,+0.963
1664658660,+3.48,+18.026, +8.183,+0.963
1664658720,+3.48,+18.026, +8.169,+0.963
1664658780,+3.48,+18.009, +8.100,+0.963
1664658840,+3.48,+18.018, +8.164,+0.963
1664658900,+3.48,+18.018, +8.198,+0.963
1664658960,+3.48,+18.009, +8.203,+0.963
1664659020,+3.48,+18.018, +8.216,+0.963
1664659080,+3.48,+18.009, +8.210,+0.963
1664659140,+3.48,+18.043, +8.164,+0.963
1664659200,+3.48,+18.018, +8.149,+0.963
1664659260,+3.48,+18.009, +8.101,+0.963
1664659320,+3.48,+18.009, +8.090,+0.963
1664659380,+3.48,+17.992, +7.992,+0.963
1664659440,+3.48,+18.009, +7.954,+0.963
1664659500,+3.48,+17.992, +7.940,+0.963
1664659560,+3.48,+18.001, +7.812,+0.963
1664659620,+3.48,+18.018, +7.733,+0.963
1664659680,+3.48,+18.009, +7.778,+0.963
1664659740,+3.48,+17.992, +7.765,+0.963
1664659800,+3.48,+18.018, +7.791,+0.963
1664659860,+3.48,+18.009, +7.870,+0.963
1664659920,+3.48,+18.001, +7.880,+0.963
1664659980,+3.48,+18.001, +7.946,+0.963
1664660040,+3.48,+18.018, +7.964,+0.964
1664660100,+3.48,+18.018, +7.937,+0.963
1664660160,+3.48,+18.001, +7.965,+0.963
1664660220,+3.48,+18.009, +7.971,+0.963
1664660280,+3.48,+18.009, +7.984,+0.963
1664660340,+3.48,+17.992, +7.987,+0.963
1664660400,+3.48,+18.001, +8.007,+0.963
1664660460,+3.48,+17.984, +8.055,+0.963
1664660520,+3.48,+17.992, +8.076,+0.963
1664660580,+3.48,+17.984, +8.081,+0.964
1664660640,+3.48,+17.984, +8.075,+0.963
1664660700,+3.48,+18.001, +8.051,+0.963
1664660760,+3.48,+17.992, +8.022,+0.963
1664660820,+3.48,+17.992, +8.093,+0.963
1664660880,+3.48,+18.001, +8.069,+0.963
1664660940,+3.48,+17.984, +7.959,+0.963
1664661000,+3.48,+17.975, +7.967,+0.963
1664661060,+3.48,+18.018, +7.949,+0.963
1664661120,+3.48,+17.992, +7.983,+0.963
1664661180,+3.48,+17.984, +7.968,+0.963
1664661240,+3.48,+17.992, +7.969,+0.963
1664661300,+3.48,+17.992, +7.904,+0.963
1664661360,+3.48,+17.984, +7.835,+0.963
1664661420,+3.48,+17.975, +7.838,+0.963
1664661480,+3.48,+17.984, +7.842,+0.963
1664661540,+3.48,+18.001, +7.826,+0.963
1664661600,+3.48,+17.975, +7.841,+0.963
1664661660,+3.48,+17.975, +7.881,+0.963
1664661720,+3.48,+17.984, +7.868,+0.963
1664661780,+3.48,+17.984, +7.913,+0.963
1664661840,+3.48,+18.001, +7.900,+0.963
1664661900,+3.48,+17.984, +7.906,+0.963
1664661960,+3.48,+17.984, +7.880,+0.963
1664662020,+3.48,+17.967, +7.867,+0.963
1664662080,+3.48,+17.984, +7.827,+0.963
1664662140,+3.48,+17.984, +7.898,+0.963
1664662200,+3.48,+17.992, +7.983,+0.963
1664662260,+3.48,+18.001, +7.983,+0.963
1664662320,+3.48,+17.984, +7.933,+0.963
1664662380,+3.48,+17.992, +7.901,+0.964
1664662440,+3.48,+17.975, +7.938,+0.963
1664662500,+3.48,+17.992, +7.964,+0.963
1664662560,+3.48,+17.992, +8.000,+0.963
1664662620,+3.48,+18.001, +7.944,+0.963
1664662680,+3.48,+17.984, +7.923,+0.963
1664662740,+3.48,+17.992, +7.924,+0.963
1664662800,+3.48,+17.992, +7.867,+0.963
1664662860,+3.48,+17.984, +7.875,+0.963
1664662920,+3.48,+17.967, +7.750,+0.963
1664662980,+3.48,+17.975, +7.808,+0.963
1664663040,+3.48,+17.975, +7.894,+0.963
1664663100,+3.48,+17.984, +7.897,+0.963
1664663160,+3.48,+18.001, +7.768,+0.964
1664663220,+3.48,+17.967, +7.770,+0.963
1664663280,+3.48,+17.975, +7.749,+0.964
1664663340,+3.48,+17.967, +7.865,+0.963
1664663400,+3.48,+17.959, +7.999,+0.963
1664663460,+3.48,+17.967, +8.002,+0.963
1664663520,+3.48,+17.967, +8.038,+0.963
1664663580,+3.48,+17.967, +8.066,+0.963
1664663640,+3.48,+17.959, +8.074,+0.963
1664663700,+3.48,+17.984, +7.976,+0.963
1664663760,+3.48,+17.967, +7.863,+0.964
1664663820,+3.48,+17.967, +7.761,+0.963
1664663880,+3.48,+17.967, +7.840,+0.963
1664663940,+3.48,+17.975, +7.878,+0.963
1664664000,+3.48,+17.967, +7.986,+0.963
1664664060,+3.48,+17.959, +8.037,+0.963
1664664120,+3.48,+17.975, +8.062,+0.963
1664664180,+3.48,+18.001, +8.082,+0.963
1664664240,+3.48,+17.984, +8.095,+0.963
1664664300,+3.48,+17.975, +8.059,+0.964
1664664360,+3.48,+17.992, +8.007,+0.963
1664664420,+3.48,+18.001, +7.946,+0.963
1664664480,+3.48,+18.001, +7.913,+0.963
1664664540,+3.48,+18.001, +7.868,+0.963
1664664600,+3.48,+17.984, +7.887,+0.963
1664664660,+3.48,+18.001, +7.915,+0.963
1664664720,+3.48,+17.992, +7.935,+0.963
1664664780,+3.48,+18.009, +7.954,+0.963
1664664840,+3.48,+17.992, +7.977,+0.963
1664664900,+3.48,+18.001, +8.011,+0.963
1664664960,+3.48,+18.018, +7.987,+0.963
1664665020,+3.48,+18.009, +7.987,+0.963
1664665080,+3.48,+18.009, +7.921,+0.963
1664665140,+3.48,+18.018, +7.976,+0.963
1664665200,+3.48,+18.009, +7.975,+0.963
1664665260,+3.48,+17.992, +7.949,+0.963
1664665320,+3.48,+17.984, +7.985,+0.963
1664665380,+3.48,+18.018, +8.025,+0.963
1664665440,+3.48,+17.984, +8.042,+0.963
1664665500,+3.48,+17.992, +8.123,+0.963
1664665560,+3.48,+17.984, +8.177,+0.963
1664665620,+3.48,+17.984, +8.154,+0.963
1664665680,+3.48,+18.001, +8.134,+0.963
1664665740,+3.48,+18.001, +8.106,+0.963
1664665800,+3.48,+18.001, +8.110,+0.963
1664665860,+3.48,+17.984, +8.118,+0.963
1664665920,+3.48,+17.984, +8.053,+0.963
1664665980,+3.48,+17.975, +8.052,+0.963
1664666040,+3.48,+17.984, +8.047,+0.963
1664666100,+3.48,+17.984, +8.040,+0.963
1664666160,+3.48,+17.984, +8.085,+0.963
1664666220,+3.48,+17.975, +8.172,+0.963
1664666280,+3.48,+17.967, +8.175,+0.963
1664666340,+3.48,+17.984, +8.153,+0.963
1664666400,+3.48,+17.975, +8.144,+0.963
1664666460,+3.48,+17.959, +8.118,+0.963
1664666520,+3.48,+17.992, +8.045,+0.963
1664666580,+3.48,+17.992, +7.954,+0.963
1664666640,+3.48,+17.975, +7.932,+0.963
1664666700,+3.48,+17.992, +7.891,+0.963
1664666760,+3.48,+18.001, +7.867,+0.963
1664666820,+3.48,+17.984, +7.900,+0.963
1664666880,+3.48,+17.992, +7.942,+0.963
1664666940,+3.48,+18.001, +7.947,+0.963
1664667000,+3.48,+18.009, +7.964,+0.963
1664667060,+3.48,+18.001, +7.903,+0.963
1664667120,+3.48,+17.984, +7.854,+0.963
1664667180,+3.48,+17.984, +7.913,+0.963
1664667240,+3.48,+17.992, +7.902,+0.963
1664667300,+3.48,+17.984, +7.758,+0.963
1664667360,+3.48,+17.984, +7.888,+0.963
1664667420,+3.48,+17.975, +7.986,+0.963
1664667480,+3.48,+17.975, +8.076,+0.963
1664667540,+3.48,+17.959, +8.142,+0.963
1664667600,+3.48,+17.967, +8.060,+0.963
1664667660,+3.48,+17.959, +8.059,+0.963
1664667720,+3.48,+17.942, +8.141,+0.963
1664667780,+3.48,+17.950, +8.146,+0.964
1664667840,+3.48,+17.959, +8.061,+0.963
1664667900,+3.48,+17.975, +8.033,+0.963
1664667960,+3.48,+17.975, +8.055,+0.963
1664668020,+3.48,+17.975, +8.106,+0.963
1664668080,+3.48,+17.967, +8.084,+0.963
1664668140,+3.48,+17.967, +8.095,+0.963
1664668200,+3.48,+17.967, +8.116,+0.963
1664668260,+3.48,+17.959, +8.131,+0.963
1664668320,+3.48,+17.942, +8.231,+0.962
1664668380,+3.48,+17.959, +8.262,+0.963
1664668440,+3.48,+17.950, +8.286,+0.963
1664668500,+3.48,+17.942, +8.281,+0.963
1664668560,+3.48,+17.942, +8.275,+0.963
1664668620,+3.48,+17.925, +8.279,+0.963
1664668680,+3.48,+17.925, +8.248,+0.963
1664668740,+3.48,+17.900, +8.292,+0.963
1664668800,+3.48,+17.908, +8.293,+0.963
1664668860,+3.48,+17.916, +8.317,+0.963
1664668920,+3.48,+17.883, +8.305,+0.963
1664668980,+3.48,+17.891, +8.304,+0.963
1664669040,+3.48,+17.900, +8.295,+0.963
1664669100,+3.48,+17.866, +8.267,+0.963
1664669160,+3.48,+17.849, +8.251,+0.963
1664669220,+3.48,+17.857, +8.272,+0.963
1664669280,+3.48,+17.832, +8.291,+0.963
1664669340,+3.48,+17.849, +8.274,+0.963
1664669400,+3.48,+17.832, +8.234,+0.963
1664669460,+3.48,+17.815, +8.262,+0.963
1664669520,+3.48,+17.832, +8.310,+0.963
1664669580,+3.48,+17.832, +8.310,+0.963
1664669640,+3.48,+17.807, +8.314,+0.963
1664669700,+3.48,+17.824, +8.324,+0.963
1664669760,+3.48,+17.815, +8.330,+0.963
1664669820,+3.48,+17.824, +8.324,+0.963
1664669880,+3.48,+17.807, +8.296,+0.963
1664669940,+3.48,+17.815, +8.217,+0.963
1664670000,+3.48,+17.798, +8.169,+0.963
1664670060,+3.48,+17.798, +8.167,+0.963
1664670120,+3.48,+17.798, +8.168,+0.963
1664670180,+3.48,+17.815, +8.202,+0.963
1664670240,+3.48,+17.815, +8.238,+0.963
1664670300,+3.48,+17.815, +8.241,+0.963
1664670360,+3.48,+17.815, +8.278,+0.963
1664670420,+3.48,+17.815, +8.242,+0.963
1664670480,+3.48,+17.807, +8.222,+0.963
1664670540,+3.48,+17.815, +8.156,+0.963
1664670600,+3.48,+17.798, +8.026,+0.963
1664670660,+3.48,+17.824, +7.941,+0.963
1664670720,+3.48,+17.798, +7.928,+0.963
1664670780,+3.48,+17.824, +7.961,+0.963
1664670840,+3.48,+17.807, +8.068,+0.963
1664670900,+3.48,+17.815, +8.083,+0.963
1664670960,+3.48,+17.807, +8.116,+0.963
1664671020,+3.48,+17.815, +8.135,+0.963
1664671080,+3.48,+17.815, +8.140,+0.963
1664671140,+3.48,+17.832, +8.151,+0.963
1664671200,+3.48,+17.798, +8.190,+0.963
1664671260,+3.48,+17.824, +8.141,+0.963
1664671320,+3.48,+17.798, +8.076,+0.963
1664671380,+3.48,+17.807, +8.090,+0.963
1664671440,+3.48,+17.781, +8.157,+0.963
1664671500,+3.48,+17.807, +8.190,+0.963
1664671560,+3.48,+17.807, +8.205,+0.963
1664671620,+3.48,+17.790, +8.199,+0.963
1664671680,+3.48,+17.790, +8.150,+0.963
1664671740,+3.48,+17.790, +8.175,+0.963
1664671800,+3.48,+17.781, +8.173,+0.963
1664671860,+3.48,+17.781, +8.207,+0.963
1664671920,+3.48,+17.773, +8.233,+0.963
1664671980,+3.48,+17.790, +8.216,+0.963
1664672040,+3.48,+17.790, +8.173,+0.963
1664672100,+3.48,+17.773, +8.160,+0.963
1664672160,+3.48,+17.781, +8.217,+0.963
1664672220,+3.48,+17.781, +8.263,+0.963
1664672280,+3.48,+17.798, +8.249,+0.963
1664672340,+3.48,+17.764, +8.244,+0.963
1664672400,+3.48,+17.781, +8.244,+0.963
1664672460,+3.48,+17.790, +8.236,+0.963
1664672520,+3.48,+17.764, +8.240,+0.963
1664672580,+3.48,+17.790, +8.180,+0.963
1664672640,+3.48,+17.781, +8.154,+0.963
1664672700,+3.48,+17.764, +8.135,+0.963
1664672760,+3.48,+17.790, +8.104,+0.963
1664672820,+3.48,+17.790, +8.095,+0.963
1664672880,+3.48,+17.773, +8.096,+0.963
1664672940,+3.48,+17.798, +8.040,+0.962
1664673000,+3.48,+17.798, +7.810,+0.963
1664673060,+3.48,+17.790, +7.678,+0.963
1664673120,+3.48,+17.773, +7.718,+0.963
1664673180,+3.48,+17.748, +7.977,+0.963
1664673240,+3.48,+17.756, +8.085,+0.963
1664673300,+3.48,+17.748, +8.182,+0.963
1664673360,+3.48,+17.739, +8.208,+0.963
1664673420,+3.48,+17.731, +8.224,+0.963
1664673480,+3.48,+17.739, +8.252,+0.963
1664673540,+3.48,+17.731, +8.274,+0.963
1664673600,+3.48,+17.722, +8.271,+0.964
1664673660,+3.48,+17.722, +8.252,+0.963
1664673720,+3.48,+17.739, +8.278,+0.963
1664673780,+3.48,+17.731, +8.306,+0.963
1664673840,+3.48,+17.748, +8.272,+0.963
1664673900,+3.48,+17.731, +8.217,+0.963
1664673960,+3.48,+17.739, +8.119,+0.963
1664674020,+3.48,+17.722, +8.041,+0.962
1664674080,+3.48,+17.731, +7.974,+0.963
1664674140,+3.48,+17.731, +7.960,+0.963
1664674200,+3.48,+17.714, +7.697,+0.963
1664674260,+3.48,+17.731, +7.715,+0.963
1664674320,+3.48,+17.739, +7.773,+0.964
1664674380,+3.48,+17.731, +7.918,+0.963
1664674440,+3.48,+17.722, +8.069,+0.963
1664674500,+3.48,+17.722, +8.184,+0.963
1664674560,+3.48,+17.714, +8.243,+0.963
1664674620,+3.48,+17.697, +8.277,+0.963
1664674680,+3.48,+17.705, +8.294,+0.963
1664674740,+3.48,+17.688, +8.298,+0.963
1664674800,+3.48,+17.697, +8.277,+0.963
1664674860,+3.48,+17.722, +8.259,+0.963
1664674920,+3.48,+17.722, +8.254,+0.963
1664674980,+3.48,+17.697, +8.216,+0.963
1664675040,+3.48,+17.714, +8.190,+0.963
1664675100,+3.48,+17.714, +8.169,+0.963
1664675160,+3.48,+17.731, +8.206,+0.963
1664675220,+3.48,+17.722, +8.169,+0.962
1664675280,+3.48,+17.714, +8.192,+0.963
1664675340,+3.48,+17.722, +8.171,+0.963
1664675400,+3.48,+17.722, +8.147,+0.963
1664675460,+3.48,+17.722, +8.160,+0.962
1664675520,+3.48,+17.731, +8.132,+0.963
1664675580,+3.48,+17.748, +8.084,+0.963
1664675640,+3.48,+17.722, +7.794,+0.963
1664675700,+3.48,+17.722, +7.827,+0.963
1664675760,+3.48,+17.731, +7.821,+0.963
1664675820,+3.48,+17.722, +8.007,+0.963
1664675880,+3.48,+17.722, +8.138,+0.963
1664675940,+3.48,+17.722, +8.120,+0.963
1664676000,+3.48,+17.714, +8.129,+0.963
1664676060,+3.48,+17.714, +8.134,+0.963
1664676120,+3.48,+17.722, +8.123,+0.963
1664676180,+3.48,+17.731, +8.109,+0.963
1664676240,+3.48,+17.722, +8.122,+0.963
1664676300,+3.48,+17.722, +8.101,+0.963
1664676360,+3.48,+17.714, +8.127,+0.963
1664676420,+3.48,+17.731, +8.172,+0.963
1664676480,+3.48,+17.722, +8.192,+0.963
1664676540,+3.48,+17.739, +8.247,+0.963
1664676600,+3.48,+17.714, +8.260,+0.963
1664676660,+3.48,+17.722, +8.292,+0.963
1664676720,+3.48,+17.705, +8.306,+0.963
1664676780,+3.48,+17.697, +8.303,+0.963
1664676840,+3.48,+17.705, +8.317,+0.963
1664676900,+3.48,+17.688, +8.309,+0.963
1664676960,+3.48,+17.705, +8.312,+0.963
1664677020,+3.48,+17.688, +8.317,+0.963
1664677080,+3.48,+17.688, +8.286,+0.963
1664677140,+3.48,+17.714, +8.260,+0.962
1664677200,+3.48,+17.697, +8.284,+0.963
1664677260,+3.48,+17.688, +8.304,+0.963
1664677320,+3.48,+17.680, +8.366,+0.963
1664677380,+3.48,+17.697, +8.389,+0.963
1664677440,+3.48,+17.680, +8.409,+0.963
1664677500,+3.48,+17.680, +8.405,+0.963
1664677560,+3.48,+17.697, +8.412,+0.963
1664677620,+3.48,+17.688, +8.423,+0.963
1664677680,+3.48,+17.688, +8.417,+0.963
1664677740,+3.48,+17.680, +8.395,+0.963
1664677800,+3.48,+17.688, +8.402,+0.963
1664677860,+3.48,+17.671, +8.402,+0.963
1664677920,+3.48,+17.671, +8.400,+0.963
1664677980,+3.48,+17.671, +8.401,+0.963
1664678040,+3.48,+17.688, +8.399,+0.963
1664678100,+3.48,+17.663, +8.397,+0.963
1664678160,+3.48,+17.671, +8.385,+0.963
1664678220,+3.48,+17.697, +8.368,+0.963
1664678280,+3.48,+17.688, +8.372,+0.963
1664678340,+3.48,+17.671, +8.359,+0.963
1664678400,+3.48,+17.671, +8.348,+0.963
1664678460,+3.48,+17.688, +8.337,+0.963
1664678520,+3.48,+17.688, +8.330,+0.963
1664678580,+3.48,+17.688, +8.331,+0.963
1664678640,+3.48,+17.697, +8.334,+0.963
1664678700,+3.48,+17.680, +8.331,+0.963
1664678760,+3.48,+17.688, +8.324,+0.963
1664678820,+3.48,+17.680, +8.329,+0.963
1664678880,+3.48,+17.697, +8.330,+0.963
1664678940,+3.48,+17.714, +8.323,+0.963
1664679000,+3.48,+17.722, +8.319,+0.963
1664679060,+3.48,+17.697, +8.304,+0.963
1664679120,+3.48,+17.705, +8.285,+0.962
1664679180,+3.48,+17.722, +8.287,+0.963
1664679240,+3.48,+17.705, +8.287,+0.963
1664679300,+3.48,+17.731, +8.252,+0.963
1664679360,+3.48,+17.722, +8.239,+0.963
1664679420,+3.48,+17.722, +8.233,+0.963
1664679480,+3.48,+17.739, +8.248,+0.963
1664679540,+3.48,+17.739, +8.248,+0.963
1664679600,+3.48,+17.731, +8.218,+0.963
1664679660,+3.48,+17.714, +8.206,+0.963
1664679720,+3.48,+17.731, +8.176,+0.963
1664679780,+3.48,+17.722, +8.186,+0.962
1664679840,+3.48,+17.731, +8.200,+0.963
1664679900,+3.48,+17.731, +8.221,+0.963
1664679960,+3.48,+17.756, +8.231,+0.963
1664680020,+3.48,+17.748, +8.229,+0.963
1664680080,+3.48,+17.739, +8.254,+0.963
1664680140,+3.48,+17.739, +8.262,+0.963
1664680200,+3.48,+17.756, +8.246,+0.963
1664680260,+3.48,+17.773, +8.232,+0.963
1664680320,+3.48,+17.764, +8.216,+0.963
1664680380,+3.48,+17.773, +8.216,+0.963
1664680440,+3.48,+17.756, +8.235,+0.963
1664680500,+3.48,+17.790, +8.229,+0.963
1664680560,+3.48,+17.764, +8.222,+0.963
1664680620,+3.48,+17.790, +8.201,+0.963
1664680680,+3.48,+17.798, +8.200,+0.963
1664680740,+3.48,+17.781, +8.195,+0.962
1664680800,+3.48,+17.790, +8.203,+0.963
1664680860,+3.48,+17.790, +8.188,+0.963
1664680920,+3.48,+17.781, +8.172,+0.963
1664680980,+3.48,+17.781, +8.171,+0.963
1664681040,+3.48,+17.781, +8.192,+0.964
1664681100,+3.48,+17.798, +8.162,+0.963
1664681160,+3.48,+17.815, +8.151,+0.963
1664681220,+3.48,+17.773, +8.163,+0.963
1664681280,+3.48,+17.815, +8.143,+0.963
1664681340,+3.48,+17.815, +8.158,+0.963
1664681400,+3.48,+17.832, +8.149,+0.963
1664681460,+3.48,+17.832, +8.149,+0.963
1664681520,+3.48,+17.815, +8.115,+0.963
1664681580,+3.48,+17.832, +8.108,+0.963
1664681640,+3.48,+17.832, +8.113,+0.963
1664681700,+3.48,+17.840, +8.092,+0.963
1664681760,+3.48,+17.849, +8.099,+0.963
1664681820,+3.48,+17.849, +8.086,+0.963
1664681880,+3.48,+17.857, +8.100,+0.963
1664681940,+3.48,+17.849, +8.109,+0.963
1664682000,+3.48,+17.849, +8.128,+0.963
1664682060,+3.48,+17.849, +8.093,+0.963
1664682120,+3.48,+17.874, +8.121,+0.963
1664682180,+3.48,+17.849, +8.140,+0.963
1664682240,+3.48,+17.874, +8.135,+0.963
1664682300,+3.48,+17.866, +8.139,+0.962
1664682360,+3.48,+17.857, +8.119,+0.963
1664682420,+3.48,+17.866, +8.125,+0.963
1664682480,+3.48,+17.866, +8.133,+0.963
1664682540,+3.48,+17.866, +8.140,+0.963
1664682600,+3.48,+17.866, +8.154,+0.963
1664682660,+3.48,+17.849, +8.116,+0.963
1664682720,+3.48,+17.900, +8.143,+0.963
1664682780,+3.48,+17.866, +8.160,+0.963
1664682840,+3.48,+17.874, +8.125,+0.963
1664682900,+3.48,+17.849, +8.033,+0.963
1664682960,+3.48,+17.857, +8.099,+0.963
1664683020,+3.48,+17.900, +8.130,+0.963
1664683080,+3.48,+17.857, +8.138,+0.963
1664683140,+3.48,+17.866, +8.137,+0.963
1664683200,+3.48,+17.874, +8.147,+0.963
1664683260,+3.48,+17.866, +8.161,+0.963
1664683320,+3.48,+17.866, +8.166,+0.963
1664683380,+3.48,+17.891, +8.164,+0.963
1664683440,+3.48,+17.883, +8.152,+0.963
1664683500,+3.48,+17.866, +8.162,+0.963
1664683560,+3.48,+17.866, +8.126,+0.962
1664683620,+3.48,+17.874, +8.140,+0.963
1664683680,+3.48,+17.874, +8.158,+0.963
1664683740,+3.48,+17.874, +8.165,+0.963
1664683800,+3.48,+17.874, +8.163,+0.963
1664683860,+3.48,+17.883, +8.138,+0.963
1664683920,+3.48,+17.874, +8.129,+0.963
1664683980,+3.48,+17.900, +8.138,+0.963
1664684040,+3.48,+17.891, +8.140,+0.963
1664684100,+3.48,+17.866, +8.167,+0.963
1664684160,+3.48,+17.874, +8.161,+0.963
1664684220,+3.48,+17.874, +8.142,+0.963
1664684280,+3.48,+17.874, +8.144,+0.963
1664684340,+3.48,+17.866, +8.105,+0.963
1664684400,+3.48,+17.883, +8.048,+0.963
1664684460,+3.48,+17.866, +8.079,+0.963
1664684520,+3.48,+17.883, +8.110,+0.963
1664684580,+3.48,+17.866, +8.116,+0.963
1664684640,+3.48,+17.891, +8.129,+0.963
1664684700,+3.48,+17.883, +8.093,+0.963
1664684760,+3.48,+17.874, +8.059,+0.963
1664684820,+3.48,+17.874, +8.062,+0.963
1664684880,+3.48,+17.891, +8.023,+0.963
1664684940,+3.48,+17.891, +7.969,+0.963
1664685000,+3.48,+17.900, +7.956,+0.963
1664685060,+3.48,+17.900, +7.857,+0.963
1664685120,+3.48,+17.900, +7.783,+0.963
1664685180,+3.48,+17.891, +7.755,+0.963
1664685240,+3.48,+17.891, +7.701,+0.963
1664685300,+3.48,+17.891, +7.674,+0.963
1664685360,+3.48,+17.891, +7.493,+0.963
1664685420,+3.48,+17.883, +7.372,+0.963
1664685480,+3.48,+17.883, +7.240,+0.963
1664685540,+3.48,+17.891, +7.230,+0.963
1664685600,+3.48,+17.900, +7.274,+0.963
1664685660,+3.48,+17.900, +7.432,+0.963
1664685720,+3.48,+17.874, +7.623,+0.963
1664685780,+3.48,+17.908, +7.735,+0.963
1664685840,+3.48,+17.900, +7.835,+0.963
1664685900,+3.48,+17.891, +7.828,+0.963
1664685960,+3.48,+17.900, +7.788,+0.963
1664686020,+3.48,+17.900, +7.796,+0.963
1664686080,+3.48,+17.900, +7.806,+0.963
1664686140,+3.48,+17.883, +7.777,+0.963
1664686200,+3.48,+17.916, +7.721,+0.963
1664686260,+3.48,+17.916, +7.732,+0.962
1664686320,+3.48,+17.908, +7.718,+0.963
1664686380,+3.48,+17.908, +7.759,+0.963
1664686440,+3.48,+17.900, +7.755,+0.963
1664686500,+3.48,+17.916, +7.714,+0.963
1664686560,+3.48,+17.916, +7.552,+0.963
1664686620,+3.48,+17.925, +7.391,+0.963
1664686680,+3.48,+17.916, +7.451,+0.963
1664686740,+3.48,+17.925, +7.515,+0.963
1664686800,+3.48,+17.933, +7.342,+0.963
1664686860,+3.48,+17.916, +7.206,+0.963
1664686920,+3.48,+17.916, +7.256,+0.963
1664686980,+3.48,+17.925, +7.229,+0.963
1664687040,+3.48,+17.933, +7.082,+0.963
1664687100,+3.48,+17.908, +7.056,+0.963
1664687160,+3.48,+17.908, +6.969,+0.963
1664687220,+3.48,+17.933, +6.899,+0.963
1664687280,+3.48,+17.925, +7.021,+0.963
1664687340,+3.48,+17.925, +7.219,+0.963
1664687400,+3.48,+17.925, +7.075,+0.963
1664687460,+3.48,+17.933, +6.962,+0.963
1664687520,+3.48,+17.925, +6.978,+0.963
1664687580,+3.48,+17.925, +6.906,+0.963
1664687640,+3.48,+17.933, +6.800,+0.963
1664687700,+3.48,+17.908, +6.752,+0.963
1664687760,+3.48,+17.933, +6.649,+0.963
1664687820,+3.48,+17.942, +6.553,+0.963
1664687880,+3.48,+17.925, +6.541,+0.963
1664687940,+3.48,+17.933, +6.478,+0.963
1664688000,+3.48,+17.942, +6.469,+0.963
1664688060,+3.48,+17.942, +6.469,+0.963
1664688120,+3.48,+17.950, +6.718,+0.963
1664688180,+3.48,+17.942, +7.038,+0.963
1664688240,+3.48,+17.933, +7.161,+0.963
1664688300,+3.48,+17.925, +7.314,+0.963
1664688360,+3.48,+17.933, +7.317,+0.963
1664688420,+3.48,+17.933, +7.292,+0.963
1664688480,+3.48,+17.933, +7.207,+0.963
1664688540,+3.48,+17.933, +7.145,+0.963
1664688600,+3.48,+17.925, +7.076,+0.963
1664688660,+3.48,+17.942, +7.138,+0.963
1664688720,+3.48,+17.950, +7.174,+0.963
1664688780,+3.48,+17.916, +7.200,+0.963
1664688840,+3.48,+17.933, +7.215,+0.963
1664688900,+3.48,+17.916, +7.290,+0.963
1664688960,+3.48,+17.925, +7.359,+0.963
1664689020,+3.48,+17.933, +7.418,+0.963
1664689080,+3.48,+17.916, +7.511,+0.963
1664689140,+3.48,+17.925, +7.506,+0.963
1664689200,+3.48,+17.900, +7.522,+0.963
1664689260,+3.48,+17.916, +7.513,+0.963
1664689320,+3.48,+17.908, +7.601,+0.963
1664689380,+3.48,+17.900, +7.614,+0.963
1664689440,+3.48,+17.891, +7.550,+0.963
1664689500,+3.48,+17.883, +7.534,+0.963
1664689560,+3.48,+17.916, +7.382,+0.963
1664689620,+3.48,+17.916, +7.382,+0.963
1664689680,+3.48,+17.916, +7.356,+0.963
1664689740,+3.48,+17.908, +7.368,+0.963
1664689800,+3.48,+17.950, +7.368,+0.963
1664689860,+3.48,+17.916, +7.419,+0.963
1664689920,+3.48,+17.916, +7.372,+0.963
1664689980,+3.48,+17.942, +7.343,+0.963
1664690040,+3.48,+17.942, +7.275,+0.963
1664690100,+3.48,+17.942, +7.256,+0.963
1664690160,+3.48,+17.942, +7.184,+0.963
1664690220,+3.48,+17.925, +7.159,+0.963
1664690280,+3.48,+17.942, +7.132,+0.963
1664690340,+3.48,+17.950, +7.129,+0.963
1664690400,+3.48,+17.925, +7.224,+0.963
1664690460,+3.48,+17.925, +7.323,+0.963
1664690520,+3.48,+17.925, +7.335,+0.963
1664690580,+3.48,+17.900, +7.417,+0.963
1664690640,+3.48,+17.933, +7.324,+0.963
1664690700,+3.48,+17.908, +7.227,+0.963
1664690760,+3.48,+17.916, +7.148,+0.963
1664690820,+3.48,+17.908, +7.093,+0.963
1664690880,+3.48,+17.925, +7.058,+0.964
1664690940,+3.48,+17.916, +7.070,+0.963
1664691000,+3.48,+17.908, +6.989,+0.963
1664691060,+3.48,+17.908, +7.016,+0.963
1664691120,+3.48,+17.891, +7.116,+0.963
1664691180,+3.48,+17.891, +7.130,+0.963
1664691240,+3.48,+17.891, +7.048,+0.963
1664691300,+3.48,+17.900, +7.036,+0.963
1664691360,+3.48,+17.891, +6.965,+0.963
1664691420,+3.48,+17.883, +6.916,+0.963
1664691480,+3.48,+17.891, +6.934,+0.963
1664691540,+3.48,+17.891, +6.933,+0.963
1664691600,+3.48,+17.891, +6.991,+0.963
1664691660,+3.48,+17.874, +7.082,+0.963
1664691720,+3.48,+17.849, +7.069,+0.963
1664691780,+3.48,+17.857, +7.073,+0.963
1664691840,+3.48,+17.832, +7.095,+0.963
1664691900,+3.48,+17.832, +7.190,+0.963
1664691960,+3.48,+17.798, +7.268,+0.963
1664692020,+3.48,+17.773, +7.455,+0.963
1664692080,+3.48,+17.781, +7.512,+0.963
1664692140,+3.48,+17.764, +7.601,+0.963
1664692200,+3.48,+17.739, +7.616,+0.963
1664692260,+3.48,+17.748, +7.538,+0.963
1664692320,+3.48,+17.739, +7.492,+0.963
1664692380,+3.48,+17.731, +7.495,+0.963
1664692440,+3.48,+17.722, +7.540,+0.963
1664692500,+3.48,+17.705, +7.551,+0.963
1664692560,+3.48,+17.714, +7.528,+0.963
1664692620,+3.48,+17.705, +7.551,+0.963
1664692680,+3.48,+17.714, +7.563,+0.963
1664692740,+3.48,+17.705, +7.569,+0.963
1664692800,+3.48,+17.705, +7.592,+0.963
1664692860,+3.48,+17.705, +7.637,+0.963
1664692920,+3.48,+17.722, +7.666,+0.963
1664692980,+3.48,+17.697, +7.692,+0.963
1664693040,+3.48,+17.688, +7.679,+0.963
1664693100,+3.48,+17.688, +7.639,+0.963
1664693160,+3.48,+17.705, +7.580,+0.963
1664693220,+3.48,+17.688, +7.572,+0.963
1664693280,+3.48,+17.688, +7.576,+0.963
1664693340,+3.48,+17.705, +7.560,+0.963
1664693400,+3.48,+17.697, +7.528,+0.963
1664693460,+3.48,+17.697, +7.465,+0.963
1664693520,+3.48,+17.688, +7.437,+0.963
1664693580,+3.48,+17.705, +7.385,+0.963
1664693640,+3.48,+17.714, +7.404,+0.963
1664693700,+3.48,+17.697, +7.457,+0.963
1664693760,+3.48,+17.680, +7.490,+0.963
1664693820,+3.48,+17.655, +7.480,+0.963
1664693880,+3.48,+17.655, +7.533,+0.963
1664693940,+3.48,+17.629, +7.538,+0.963
1664694000,+3.48,+17.629, +7.490,+0.963
1664694060,+3.48,+17.621, +7.461,+0.963
1664694120,+3.48,+17.595, +7.484,+0.963
1664694180,+3.48,+17.604, +7.515,+0.963
1664694240,+3.48,+17.604, +7.552,+0.963
1664694300,+3.48,+17.595, +7.532,+0.963
1664694360,+3.48,+17.579, +7.474,+0.963
1664694420,+3.48,+17.587, +7.632,+0.963
1664694480,+3.48,+17.570, +7.681,+0.963
1664694540,+3.48,+17.579, +7.695,+0.963
1664694600,+3.48,+17.579, +7.657,+0.963
1664694660,+3.48,+17.587, +7.613,+0.963
1664694720,+3.48,+17.587, +7.654,+0.963
1664694780,+3.48,+17.587, +7.639,+0.963
1664694840,+3.48,+17.595, +7.610,+0.963
1664694900,+3.48,+17.579, +7.701,+0.963
1664694960,+3.48,+17.587, +7.726,+0.963
1664695020,+3.48,+17.579, +7.739,+0.963
1664695080,+3.48,+17.587, +7.781,+0.963
1664695140,+3.48,+17.587, +7.783,+0.963
1664695200,+3.48,+17.604, +7.713,+0.963
1664695260,+3.48,+17.604, +7.697,+0.963
1664695320,+3.48,+17.604, +7.661,+0.963
1664695380,+3.48,+17.638, +7.624,+0.963
1664695440,+3.48,+17.638, +7.610,+0.963
1664695500,+3.48,+17.638, +7.555,+0.963
1664695560,+3.48,+17.621, +7.536,+0.963
1664695620,+3.48,+17.629, +7.488,+0.963
1664695680,+3.48,+17.655, +7.484,+0.963
1664695740,+3.48,+17.646, +7.523,+0.963
1664695800,+3.48,+17.646, +7.572,+0.963
1664695860,+3.48,+17.638, +7.632,+0.963
1664695920,+3.48,+17.629, +7.665,+0.963
1664695980,+3.48,+17.621, +7.675,+0.963
1664696040,+3.48,+17.629, +7.677,+0.963
1664696100,+3.48,+17.638, +7.640,+0.963
1664696160,+3.48,+17.671, +7.625,+0.963
1664696220,+3.48,+17.671, +7.623,+0.963
1664696280,+3.48,+17.697, +7.579,+0.964
1664696340,+3.48,+17.764, +7.491,+0.963
1664696400,+3.48,+17.798, +7.406,+0.963
1664696460,+3.48,+17.773, +7.475,+0.963
1664696520,+3.48,+17.773, +7.515,+0.963
1664696580,+3.48,+17.756, +7.543,+0.963
1664696640,+3.48,+17.764, +7.534,+0.963
1664696700,+3.48,+17.756, +7.561,+0.963
1664696760,+3.48,+17.731, +7.594,+0.963
1664696820,+3.48,+17.739, +7.636,+0.963
1664696880,+3.48,+17.714, +7.706,+0.963
1664696940,+3.48,+17.705, +7.746,+0.963
1664697000,+3.48,+17.705, +7.765,+0.963
1664697060,+3.48,+17.671, +7.804,+0.963
1664697120,+3.48,+17.655, +7.817,+0.963
1664697180,+3.48,+17.646, +7.852,+0.963
1664697240,+3.48,+17.646, +7.876,+0.963
1664697300,+3.48,+17.655, +7.862,+0.963
1664697360,+3.48,+17.621, +7.869,+0.963
1664697420,+3.48,+17.629, +7.855,+0.963
1664697480,+3.48,+17.655, +7.841,+0.963
1664697540,+3.48,+17.671, +7.807,+0.963
1664697600,+3.48,+17.663, +7.737,+0.963
1664697660,+3.48,+17.638, +7.728,+0.963
1664697720,+3.48,+17.663, +7.734,+0.963
1664697780,+3.48,+17.646, +7.728,+0.963
1664697840,+3.48,+17.655, +7.675,+0.963
1664697900,+3.48,+17.646, +7.540,+0.963
1664697960,+3.48,+17.655, +7.447,+0.963
1664698020,+3.48,+17.663, +7.438,+0.963
1664698080,+3.48,+17.671, +7.467,+0.963
1664698140,+3.48,+17.646, +7.497,+0.963
1664698200,+3.48,+17.638, +7.469,+0.963
1664698260,+3.48,+17.655, +7.486,+0.963
1664698320,+3.48,+17.655, +7.451,+0.963
1664698380,+3.48,+17.655, +7.441,+0.963
1664698440,+3.48,+17.663, +7.434,+0.964
1664698500,+3.48,+17.680, +7.377,+0.963
1664698560,+3.48,+17.680, +7.332,+0.963
1664698620,+3.48,+17.671, +7.313,+0.963
1664698680,+3.48,+17.663, +7.193,+0.963
1664698740,+3.48,+17.680, +7.030,+0.963
1664698800,+3.48,+17.680, +7.073,+0.963
1664698860,+3.48,+17.663, +7.015,+0.963
1664698920,+3.48,+17.671, +7.108,+0.963
1664698980,+3.48,+17.655, +7.091,+0.963
1664699040,+3.48,+17.671, +7.171,+0.963
1664699100,+3.48,+17.663, +7.189,+0.963
1664699160,+3.48,+17.671, +7.222,+0.963
1664699220,+3.48,+17.697, +7.229,+0.963
1664699280,+3.48,+17.680, +7.301,+0.963
1664699340,+3.48,+17.671, +7.332,+0.963
1664699400,+3.48,+17.697, +7.228,+0.963
1664699460,+3.48,+17.680, +7.246,+0.963
1664699520,+3.48,+17.680, +7.298,+0.963
1664699580,+3.48,+17.671, +7.343,+0.963
1664699640,+3.48,+17.688, +7.332,+0.964
1664699700,+3.48,+17.688, +7.339,+0.963
1664699760,+3.48,+17.680, +7.321,+0.963
1664699820,+3.48,+17.671, +7.325,+0.963
1664699880,+3.48,+17.671, +7.347,+0.963
1664699940,+3.48,+17.680, +7.359,+0.963
1664700000,+3.48,+17.688, +7.384,+0.963
1664700060,+3.48,+17.697, +7.378,+0.963
1664700120,+3.48,+17.688, +7.374,+0.963
1664700180,+3.48,+17.688, +7.374,+0.963
1664700240,+3.48,+17.680, +7.310,+0.963
1664700300,+3.48,+17.697, +7.285,+0.963
1664700360,+3.48,+17.714, +7.262,+0.963
1664700420,+3.48,+17.680, +7.261,+0.963
1664700480,+3.48,+17.697, +7.237,+0.963
1664700540,+3.48,+17.671, +7.239,+0.963
1664700600,+3.48,+17.680, +7.242,+0.963
1664700660,+3.48,+17.697, +7.237,+0.963
1664700720,+3.48,+17.688, +7.267,+0.963
1664700780,+3.48,+17.688, +7.297,+0.963
1664700840,+3.48,+17.688, +7.238,+0.963
1664700900,+3.48,+17.680, +7.224,+0.963
1664700960,+3.48,+17.697, +7.168,+0.963
1664701020,+3.48,+17.688, +7.114,+0.963
1664701080,+3.48,+17.680, +7.092,+0.963
1664701140,+3.48,+17.688, +7.089,+0.963
1664701200,+3.48,+17.680, +7.017,+0.963
1664701260,+3.48,+17.680, +6.997,+0.963
1664701320,+3.48,+17.688, +6.912,+0.963
1664701380,+3.48,+17.671, +6.881,+0.963
1664701440,+3.48,+17.671, +6.926,+0.963
1664701500,+3.48,+17.671, +6.861,+0.963
1664701560,+3.48,+17.655, +6.854,+0.963
1664701620,+3.48,+17.680, +6.699,+0.963
1664701680,+3.48,+17.671, +6.692,+0.963
1664701740,+3.48,+17.655, +6.707,+0.962
1664701800,+3.48,+17.663, +6.546,+0.963
1664701860,+3.48,+17.655, +6.364,+0.963
1664701920,+3.48,+17.646, +6.383,+0.963
1664701980,+3.48,+17.671, +6.546,+0.963
1664702040,+3.48,+17.655, +6.655,+0.963
1664702100,+3.48,+17.671, +6.553,+0.963
1664702160,+3.48,+17.655, +6.591,+0.963
1664702220,+3.48,+17.655, +6.445,+0.963
1664702280,+3.48,+17.646, +6.530,+0.963
1664702340,+3.48,+17.663, +6.712,+0.963
1664702400,+3.48,+17.680, +6.864,+0.963
1664702460,+3.48,+17.680, +6.892,+0.963
1664702520,+3.48,+17.655, +6.996,+0.963
1664702580,+3.48,+17.655, +7.037,+0.963
1664702640,+3.48,+17.663, +7.013,+0.963
1664702700,+3.48,+17.655, +7.050,+0.963
1664702760,+3.48,+17.663, +7.131,+0.963
1664702820,+3.48,+17.663, +7.155,+0.963
1664702880,+3.48,+17.671, +7.141,+0.963
1664702940,+3.48,+17.663, +7.122,+0.963
1664703000,+3.48,+17.663, +7.066,+0.963
1664703060,+3.48,+17.655, +7.048,+0.963
1664703120,+3.48,+17.655, +7.032,+0.963
1664703180,+3.48,+17.655, +7.019,+0.963
1664703240,+3.48,+17.671, +7.066,+0.963
1664703300,+3.48,+17.680, +7.148,+0.963
1664703360,+3.48,+17.671, +7.171,+0.963
1664703420,+3.48,+17.646, +7.284,+0.963
1664703480,+3.48,+17.663, +7.322,+0.963
1664703540,+3.48,+17.680, +7.344,+0.963
1664703600,+3.48,+17.655, +7.390,+0.963
1664703660,+3.48,+17.671, +7.430,+0.963
1664703720,+3.48,+17.671, +7.424,+0.963
1664703780,+3.48,+17.663, +7.441,+0.963
1664703840,+3.48,+17.663, +7.403,+0.963
1664703900,+3.48,+17.663, +7.414,+0.963
1664703960,+3.48,+17.663, +7.386,+0.963
1664704020,+3.48,+17.671, +7.387,+0.963
1664704080,+3.48,+17.646, +7.367,+0.963
1664704140,+3.48,+17.663, +7.325,+0.963
1664704200,+3.48,+17.655, +7.343,+0.963
1664704260,+3.48,+17.655, +7.341,+0.963
1664704320,+3.48,+17.646, +7.142,+0.963
1664704380,+3.48,+17.671, +7.093,+0.963
1664704440,+3.48,+17.671, +7.127,+0.963
1664704500,+3.48,+17.663, +7.192,+0.963
1664704560,+3.48,+17.688, +7.247,+0.963
1664704620,+3.48,+17.671, +7.296,+0.963
1664704680,+3.48,+17.663, +7.316,+0.963
1664704740,+3.48,+17.671, +7.325,+0.963
1664704800,+3.48,+17.655, +7.372,+0.963
1664704860,+3.48,+17.680, +7.373,+0.963
1664704920,+3.48,+17.655, +7.364,+0.963
1664704980,+3.48,+17.638, +7.359,+0.963
1664705040,+3.48,+17.663, +7.341,+0.963
1664705100,+3.48,+17.646, +7.328,+0.963
1664705160,+3.48,+17.663, +7.288,+0.963
1664705220,+3.48,+17.680, +7.219,+0.963
1664705280,+3.48,+17.671, +7.248,+0.963
1664705340,+3.48,+17.663, +7.229,+0.963
1664705400,+3.48,+17.655, +7.147,+0.963
1664705460,+3.48,+17.671, +7.171,+0.963
1664705520,+3.48,+17.671, +7.220,+0.963
1664705580,+3.48,+17.663, +7.254,+0.963
1664705640,+3.48,+17.688, +7.240,+0.963
1664705700,+3.48,+17.655, +7.232,+0.963
1664705760,+3.48,+17.655, +7.229,+0.963
1664705820,+3.48,+17.680, +7.224,+0.963
1664705880,+3.48,+17.663, +7.117,+0.963
1664705940,+3.48,+17.646, +7.018,+0.963
1664706000,+3.48,+17.638, +7.081,+0.963
1664706060,+3.48,+17.663, +7.131,+0.963
1664706120,+3.48,+17.663, +7.176,+0.963
1664706180,+3.48,+17.646, +7.121,+0.963
1664706240,+3.48,+17.646, +7.132,+0.963
1664706300,+3.48,+17.638, +7.063,+0.963
1664706360,+3.48,+17.638, +6.964,+0.963
1664706420,+3.48,+17.621, +7.044,+0.963
1664706480,+3.48,+17.595, +7.096,+0.963
1664706540,+3.48,+17.587, +7.225,+0.963
1664706600,+3.48,+17.587, +7.266,+0.963
1664706660,+3.48,+17.579, +7.285,+0.963
1664706720,+3.48,+17.562, +7.324,+0.963
1664706780,+3.48,+17.587, +7.364,+0.963
1664706840,+3.48,+17.562, +7.410,+0.963
1664706900,+3.48,+17.562, +7.372,+0.963
1664706960,+3.48,+17.570, +7.329,+0.963
1664707020,+3.48,+17.579, +7.311,+0.963
1664707080,+3.48,+17.562, +7.268,+0.963
1664707140,+3.48,+17.570, +7.307,+0.963
1664707200,+3.48,+17.570, +7.318,+0.963
1664707260,+3.48,+17.570, +7.250,+0.963
1664707320,+3.48,+17.570, +7.019,+0.963
1664707380,+3.48,+17.579, +7.002,+0.963
1664707440,+3.48,+17.587, +6.973,+0.963
1664707500,+3.48,+17.570, +7.029,+0.963
1664707560,+3.48,+17.570, +7.099,+0.963
1664707620,+3.48,+17.562, +7.206,+0.963
1664707680,+3.48,+17.553, +7.314,+0.963
1664707740,+3.48,+17.553, +7.372,+0.963
1664707800,+3.48,+17.553, +7.373,+0.963
1664707860,+3.48,+17.553, +7.366,+0.963
1664707920,+3.48,+17.545, +7.370,+0.963
1664707980,+3.48,+17.553, +7.348,+0.963
1664708040,+3.48,+17.553, +7.305,+0.963
1664708100,+3.48,+17.570, +7.269,+0.963
1664708160,+3.48,+17.570, +7.221,+0.963
1664708220,+3.48,+17.528, +7.197,+0.964
1664708280,+3.48,+17.570, +7.120,+0.963
1664708340,+3.48,+17.536, +7.176,+0.963
1664708400,+3.48,+17.553, +7.226,+0.963
1664708460,+3.48,+17.536, +7.178,+0.963
1664708520,+3.48,+17.553, +7.034,+0.963
1664708580,+3.48,+17.536, +6.876,+0.963
1664708640,+3.48,+17.536, +6.602,+0.963
1664708700,+3.48,+17.545, +6.488,+0.963
1664708760,+3.48,+17.536, +6.395,+0.963
1664708820,+3.48,+17.536, +6.421,+0.963
1664708880,+3.48,+17.545, +6.345,+0.963
1664708940,+3.48,+17.553, +6.120,+0.963
1664709000,+3.48,+17.528, +6.116,+0.963
1664709060,+3.48,+17.528, +6.301,+0.963
1664709120,+3.48,+17.536, +6.415,+0.963
1664709180,+3.48,+17.519, +6.559,+0.963
1664709240,+3.48,+17.536, +6.652,+0.963
1664709300,+3.48,+17.528, +6.771,+0.963
1664709360,+3.48,+17.528, +6.770,+0.963
1664709420,+3.48,+17.536, +6.879,+0.963
1664709480,+3.48,+17.519, +6.956,+0.963
1664709540,+3.48,+17.528, +7.040,+0.963
1664709600,+3.48,+17.536, +7.055,+0.963
1664709660,+3.48,+17.536, +7.020,+0.963
1664709720,+3.48,+17.536, +7.059,+0.963
1664709780,+3.48,+17.545, +7.011,+0.962
1664709840,+3.48,+17.519, +7.087,+0.963
1664709900,+3.48,+17.545, +7.149,+0.963
1664709960,+3.48,+17.545, +7.169,+0.963
1664710020,+3.48,+17.570, +7.129,+0.963
1664710080,+3.48,+17.562, +7.092,+0.963
1664710140,+3.48,+17.553, +7.052,+0.963
1664710200,+3.48,+17.562, +7.053,+0.963
1664710260,+3.48,+17.587, +7.064,+0.963
1664710320,+3.48,+17.570, +7.067,+0.963
1664710380,+3.48,+17.587, +7.097,+0.963
1664710440,+3.48,+17.595, +7.098,+0.963
1664710500,+3.48,+17.587, +7.084,+0.963
1664710560,+3.48,+17.595, +7.104,+0.963
1664710620,+3.48,+17.579, +7.136,+0.963
1664710680,+3.48,+17.570, +7.135,+0.963
1664710740,+3.48,+17.604, +7.122,+0.963
1664710800,+3.48,+17.562, +7.099,+0.963
1664710860,+3.48,+17.587, +7.100,+0.963
1664710920,+3.48,+17.579, +7.093,+0.963
1664710980,+3.48,+17.587, +7.144,+0.963
1664711040,+3.48,+17.579, +7.146,+0.963
1664711100,+3.48,+17.579, +7.136,+0.963
1664711160,+3.48,+17.553, +7.172,+0.963
1664711220,+3.48,+17.545, +7.198,+0.963
1664711280,+3.48,+17.587, +7.236,+0.963
1664711340,+3.48,+17.562, +7.287,+0.963
1664711400,+3.48,+17.579, +7.312,+0.963
1664711460,+3.48,+17.545, +7.332,+0.963
1664711520,+3.48,+17.579, +7.317,+0.963
1664711580,+3.48,+17.587, +7.324,+0.963
1664711640,+3.48,+17.570, +7.306,+0.963
1664711700,+3.48,+17.562, +7.295,+0.963
1664711760,+3.48,+17.562, +7.360,+0.963
1664711820,+3.48,+17.545, +7.420,+0.963
1664711880,+3.48,+17.528, +7.460,+0.963
1664711940,+3.48,+17.536, +7.464,+0.963
1664712000,+3.48,+17.545, +7.480,+0.963
1664712060,+3.48,+17.545, +7.452,+0.963
1664712120,+3.48,+17.536, +7.428,+0.963
1664712180,+3.48,+17.553, +7.380,+0.963
1664712240,+3.48,+17.545, +7.264,+0.963
1664712300,+3.48,+17.528, +7.204,+0.963
1664712360,+3.48,+17.519, +7.283,+0.963
1664712420,+3.48,+17.511, +7.254,+0.963
1664712480,+3.48,+17.536, +7.328,+0.963
1664712540,+3.48,+17.502, +7.378,+0.963
1664712600,+3.48,+17.519, +7.429,+0.963
1664712660,+3.48,+17.536, +7.436,+0.963
1664712720,+3.48,+17.528, +7.466,+0.963
1664712780,+3.48,+17.536, +7.464,+0.963
1664712840,+3.48,+17.511, +7.432,+0.963
1664712900,+3.48,+17.528, +7.401,+0.963
1664712960,+3.48,+17.536, +7.389,+0.963
1664713020,+3.48,+17.536, +7.413,+0.963
1664713080,+3.48,+17.528, +7.428,+0.963
1664713140,+3.48,+17.519, +7.461,+0.963
1664713200,+3.48,+17.536, +7.478,+0.963
1664713260,+3.48,+17.502, +7.490,+0.963
1664713320,+3.48,+17.545, +7.435,+0.963
1664713380,+3.48,+17.502, +7.448,+0.963
1664713440,+3.48,+17.511, +7.446,+0.963
1664713500,+3.48,+17.519, +7.393,+0.963
1664713560,+3.48,+17.519, +7.404,+0.963
1664713620,+3.48,+17.528, +7.386,+0.963
1664713680,+3.48,+17.502, +7.429,+0.963
1664713740,+3.48,+17.511, +7.482,+0.963
1664713800,+3.48,+17.494, +7.504,+0.963
1664713860,+3.48,+17.502, +7.534,+0.962
1664713920,+3.48,+17.502, +7.569,+0.963
1664713980,+3.48,+17.511, +7.579,+0.963
1664714040,+3.48,+17.485, +7.598,+0.963
1664714100,+3.48,+17.519, +7.579,+0.963
1664714160,+3.48,+17.485, +7.567,+0.963
1664714220,+3.48,+17.485, +7.588,+0.963
1664714280,+3.48,+17.494, +7.562,+0.963
1664714340,+3.48,+17.477, +7.588,+0.963
1664714400,+3.48,+17.469, +7.611,+0.963
1664714460,+3.48,+17.477, +7.579,+0.963
1664714520,+3.48,+17.477, +7.533,+0.963
1664714580,+3.48,+17.485, +7.550,+0.963
1664714640,+3.48,+17.494, +7.536,+0.963
1664714700,+3.48,+17.485, +7.561,+0.963
1664714760,+3.48,+17.477, +7.609,+0.963
1664714820,+3.48,+17.460, +7.680,+0.963
1664714880,+3.48,+17.452, +7.696,+0.963
1664714940,+3.48,+17.477, +7.684,+0.963
1664715000,+3.48,+17.460, +7.716,+0.963
1664715060,+3.48,+17.485, +7.709,+0.962
1664715120,+3.48,+17.469, +7.752,+0.963
1664715180,+3.48,+17.477, +7.748,+0.963
1664715240,+3.48,+17.460, +7.730,+0.962
1664715300,+3.48,+17.477, +7.742,+0.963
1664715360,+3.48,+17.477, +7.677,+0.963
1664715420,+3.48,+17.477, +7.667,+0.963
1664715480,+3.48,+17.477, +7.650,+0.963
1664715540,+3.48,+17.485, +7.648,+0.963
1664715600,+3.48,+17.485, +7.640,+0.963
1664715660,+3.48,+17.469, +7.671,+0.963
1664715720,+3.48,+17.469, +7.675,+0.963
1664715780,+3.48,+17.477, +7.658,+0.963
1664715840,+3.48,+17.485, +7.662,+0.963
1664715900,+3.48,+17.469, +7.678,+0.963
1664715960,+3.48,+17.469, +7.669,+0.963
1664716020,+3.48,+17.469, +7.674,+0.963
1664716080,+3.48,+17.460, +7.670,+0.963
1664716140,+3.48,+17.443, +7.658,+0.963
1664716200,+3.48,+17.469, +7.669,+0.963
1664716260,+3.48,+17.460, +7.637,+0.963
1664716320,+3.48,+17.452, +7.628,+0.963
1664716380,+3.48,+17.460, +7.675,+0.963
1664716440,+3.48,+17.460, +7.689,+0.963
1664716500,+3.48,+17.443, +7.723,+0.963
1664716560,+3.48,+17.435, +7.747,+0.963
1664716620,+3.48,+17.452, +7.749,+0.963
1664716680,+3.48,+17.435, +7.762,+0.962
1664716740,+3.48,+17.435, +7.775,+0.963
1664716800,+3.48,+17.452, +7.748,+0.962
1664716860,+3.48,+17.460, +7.751,+0.963
1664716920,+3.48,+17.443, +7.777,+0.963
1664716980,+3.48,+17.452, +7.798,+0.963
1664717040,+3.48,+17.452, +7.793,+0.963
1664717100,+3.48,+17.443, +7.805,+0.963
1664717160,+3.48,+17.443, +7.831,+0.963
1664717220,+3.48,+17.443, +7.845,+0.963
1664717280,+3.48,+17.477, +7.838,+0.963
1664717340,+3.48,+17.469, +7.857,+0.963
1664717400,+3.48,+17.452, +7.843,+0.963
1664717460,+3.48,+17.494, +7.813,+0.963
1664717520,+3.48,+17.502, +7.802,+0.962
1664717580,+3.48,+17.511, +7.735,+0.963
1664717640,+3.48,+17.511, +7.607,+0.963
1664717700,+3.48,+17.545, +7.448,+0.963
1664717760,+3.48,+17.562, +7.411,+0.963
1664717820,+3.48,+17.562, +7.390,+0.963
1664717880,+3.48,+17.579, +7.367,+0.963
1664717940,+3.48,+17.587, +7.357,+0.963
1664718000,+3.48,+17.595, +7.351,+0.963
1664718060,+3.48,+17.587, +7.374,+0.963
1664718120,+3.48,+17.570, +7.391,+0.963
1664718180,+3.48,+17.587, +7.408,+0.963
1664718240,+3.48,+17.579, +7.458,+0.963
1664718300,+3.48,+17.595, +7.470,+0.963
1664718360,+3.48,+17.579, +7.516,+0.963
1664718420,+3.48,+17.579, +7.565,+0.963
1664718480,+3.48,+17.579, +7.596,+0.963
1664718540,+3.48,+17.562, +7.653,+0.963
1664718600,+3.48,+17.570, +7.660,+0.963
1664718660,+3.48,+17.562, +7.667,+0.963
1664718720,+3.48,+17.579, +7.694,+0.963
1664718780,+3.48,+17.570, +7.721,+0.963
1664718840,+3.48,+17.579, +7.713,+0.962
1664718900,+3.48,+17.553, +7.708,+0.963
1664718960,+3.48,+17.570, +7.705,+0.963
1664719020,+3.48,+17.570, +7.710,+0.963
1664719080,+3.48,+17.579, +7.744,+0.962
1664719140,+3.48,+17.562, +7.757,+0.963
1664719200,+3.48,+17.570, +7.746,+0.963
1664719260,+3.48,+17.579, +7.722,+0.963
1664719320,+3.48,+17.587, +7.746,+0.963
1664719380,+3.48,+17.579, +7.748,+0.963
1664719440,+3.48,+17.587, +7.739,+0.963
1664719500,+3.48,+17.587, +7.721,+0.963
1664719560,+3.48,+17.579, +7.667,+0.963
1664719620,+3.48,+17.579, +7.678,+0.963
1664719680,+3.48,+17.570, +7.680,+0.963
1664719740,+3.48,+17.579, +7.684,+0.963
1664719800,+3.48,+17.587, +7.697,+0.963
1664719860,+3.48,+17.587, +7.738,+0.963
1664719920,+3.48,+17.587, +7.753,+0.963
1664719980,+3.48,+17.587, +7.768,+0.963
1664720040,+3.48,+17.579, +7.737,+0.963
1664720100,+3.48,+17.570, +7.747,+0.963
1664720160,+3.48,+17.579, +7.727,+0.962
1664720220,+3.48,+17.579, +7.721,+0.963
1664720280,+3.48,+17.587, +7.687,+0.963
1664720340,+3.48,+17.587, +7.703,+0.963
1664720400,+3.48,+17.587, +7.682,+0.963
1664720460,+3.48,+17.570, +7.674,+0.963
1664720520,+3.48,+17.562, +7.732,+0.963
1664720580,+3.48,+17.587, +7.740,+0.963
1664720640,+3.48,+17.587, +7.768,+0.963
1664720700,+3.48,+17.579, +7.748,+0.963
1664720760,+3.48,+17.579, +7.777,+0.963
1664720820,+3.48,+17.570, +7.801,+0.963
1664720880,+3.48,+17.587, +7.806,+0.963
1664720940,+3.48,+17.579, +7.848,+0.963
1664721000,+3.48,+17.570, +7.870,+0.963
1664721060,+3.48,+17.545, +7.894,+0.963
1664721120,+3.48,+17.545, +7.917,+0.963
1664721180,+3.48,+17.536, +7.922,+0.963
1664721240,+3.48,+17.545, +7.911,+0.963
1664721300,+3.48,+17.536, +7.920,+0.962
1664721360,+3.48,+17.536, +7.923,+0.962
1664721420,+3.48,+17.511, +7.967,+0.963
1664721480,+3.48,+17.519, +7.919,+0.962
1664721540,+3.48,+17.519, +7.912,+0.963
1664721600,+3.48,+17.519, +7.889,+0.963
1664721660,+3.48,+17.536, +7.882,+0.963
1664721720,+3.48,+17.511, +7.891,+0.963
1664721780,+3.48,+17.536, +7.888,+0.963
1664721840,+3.48,+17.519, +7.909,+0.963
1664721900,+3.48,+17.528, +7.936,+0.963
1664721960,+3.48,+17.519, +7.919,+0.962
1664722020,+3.48,+17.536, +7.887,+0.963
1664722080,+3.48,+17.553, +7.910,+0.963
1664722140,+3.48,+17.536, +7.962,+0.963
1664722200,+3.48,+17.519, +7.979,+0.963
1664722260,+3.48,+17.519, +7.994,+0.963
1664722320,+3.48,+17.553, +7.971,+0.963
1664722380,+3.48,+17.545, +7.956,+0.963
1664722440,+3.48,+17.562, +7.968,+0.963
1664722500,+3.48,+17.553, +7.987,+0.963
1664722560,+3.48,+17.562, +7.989,+0.962
1664722620,+3.48,+17.579, +7.952,+0.963
1664722680,+3.48,+17.570, +7.941,+0.963
1664722740,+3.48,+17.553, +7.949,+0.963
1664722800,+3.48,+17.562, +7.879,+0.963
1664722860,+3.48,+17.562, +7.906,+0.963
1664722920,+3.48,+17.553, +7.938,+0.962
1664722980,+3.48,+17.553, +7.910,+0.963
1664723040,+3.48,+17.579, +7.956,+0.963
1664723100,+3.48,+17.545, +7.984,+0.963
1664723160,+3.48,+17.570, +8.002,+0.963
1664723220,+3.48,+17.553, +8.030,+0.963
1664723280,+3.48,+17.570, +8.033,+0.962
1664723340,+3.48,+17.562, +8.057,+0.963
1664723400,+3.48,+17.553, +8.053,+0.963
1664723460,+3.48,+17.562, +8.053,+0.963
1664723520,+3.48,+17.545, +8.061,+0.963
1664723580,+3.48,+17.553, +8.054,+0.962
1664723640,+3.48,+17.562, +8.060,+0.962
1664723700,+3.48,+17.553, +8.078,+0.963
1664723760,+3.48,+17.545, +8.076,+0.963
1664723820,+3.48,+17.553, +8.068,+0.963
1664723880,+3.48,+17.553, +8.049,+0.962
1664723940,+3.48,+17.528, +8.077,+0.963
1664724000,+3.48,+17.545, +8.061,+0.962
1664724060,+3.48,+17.545, +8.079,+0.963
1664724120,+3.48,+17.536, +8.063,+0.962
1664724180,+3.48,+17.536, +8.047,+0.962
1664724240,+3.48,+17.553, +8.058,+0.962
1664724300,+3.48,+17.553, +8.071,+0.962
1664724360,+3.48,+17.536, +8.079,+0.963
1664724420,+3.48,+17.562, +8.029,+0.963
1664724480,+3.48,+17.570, +7.978,+0.963
1664724540,+3.48,+17.579, +7.943,+0.963
1664724600,+3.48,+17.553, +7.958,+0.963
1664724660,+3.48,+17.553, +7.951,+0.963
1664724720,+3.48,+17.553, +7.954,+0.963
1664724780,+3.48,+17.553, +7.967,+0.963
1664724840,+3.48,+17.545, +7.972,+0.963
1664724900,+3.48,+17.545, +7.986,+0.963
1664724960,+3.48,+17.553, +8.001,+0.962
1664725020,+3.48,+17.519, +7.999,+0.962
1664725080,+3.48,+17.519, +8.011,+0.962
1664725140,+3.48,+17.536, +8.024,+0.963
1664725200,+3.48,+17.528, +8.014,+0.963
1664725260,+3.48,+17.502, +8.048,+0.963
1664725320,+3.48,+17.511, +8.029,+0.962
1664725380,+3.48,+17.511, +8.047,+0.963
1664725440,+3.48,+17.502, +8.047,+0.963
1664725500,+3.48,+17.502, +8.070,+0.963
1664725560,+3.48,+17.502, +8.071,+0.963
1664725620,+3.48,+17.502, +8.075,+0.963
1664725680,+3.48,+17.485, +8.068,+0.963
1664725740,+3.48,+17.494, +8.082,+0.963
1664725800,+3.48,+17.485, +8.090,+0.963
1664725860,+3.48,+17.485, +8.097,+0.963
1664725920,+3.48,+17.460, +8.102,+0.963
1664725980,+3.48,+17.452, +8.121,+0.963
1664726040,+3.48,+17.460, +8.098,+0.962
1664726100,+3.48,+17.452, +8.123,+0.963
1664726160,+3.48,+17.452, +8.131,+0.963
1664726220,+3.48,+17.469, +8.157,+0.963
1664726280,+3.48,+17.435, +8.169,+0.963
1664726340,+3.48,+17.435, +8.196,+0.963
1664726400,+3.48,+17.435, +8.186,+0.963
1664726460,+3.48,+17.443, +8.201,+0.963
1664726520,+3.48,+17.426, +8.203,+0.963
1664726580,+3.48,+17.426, +8.229,+0.963
1664726640,+3.48,+17.401, +8.239,+0.963
1664726700,+3.48,+17.418, +8.249,+0.963
1664726760,+3.48,+17.392, +8.274,+0.963
1664726820,+3.48,+17.392, +8.283,+0.963
1664726880,+3.48,+17.384, +8.301,+0.963
1664726940,+3.48,+17.392, +8.308,+0.962
1664727000,+3.48,+17.392, +8.324,+0.962
1664727060,+3.48,+17.375, +8.334,+0.963
1664727120,+3.48,+17.375, +8.339,+0.963
1664727180,+3.48,+17.367, +8.347,+0.963
1664727240,+3.48,+17.367, +8.339,+0.963
1664727300,+3.48,+17.384, +8.337,+0.963
1664727360,+3.48,+17.367, +8.354,+0.963
1664727420,+3.48,+17.367, +8.332,+0.963
1664727480,+3.48,+17.359, +8.340,+0.963
1664727540,+3.48,+17.350, +8.347,+0.963
1664727600,+3.48,+17.375, +8.351,+0.963
1664727660,+3.48,+17.359, +8.365,+0.963
1664727720,+3.48,+17.333, +8.381,+0.963
1664727780,+3.48,+17.359, +8.388,+0.963
1664727840,+3.48,+17.342, +8.393,+0.963
1664727900,+3.48,+17.350, +8.395,+0.963
1664727960,+3.48,+17.342, +8.402,+0.962
1664728020,+3.48,+17.359, +8.408,+0.963
1664728080,+3.48,+17.359, +8.401,+0.963
1664728140,+3.48,+17.350, +8.410,+0.962
1664728200,+3.48,+17.333, +8.432,+0.963
1664728260,+3.48,+17.333, +8.435,+0.963
1664728320,+3.48,+17.325, +8.441,+0.962
1664728380,+3.48,+17.325, +8.437,+0.963
1664728440,+3.48,+17.308, +8.444,+0.963
1664728500,+3.48,+17.299, +8.433,+0.963
1664728560,+3.48,+17.308, +8.422,+0.962
1664728620,+3.48,+17.291, +8.423,+0.962
1664728680,+3.48,+17.282, +8.426,+0.963
1664728740,+3.48,+17.282, +8.424,+0.963
1664728800,+3.48,+17.291, +8.429,+0.963
1664728860,+3.48,+17.282, +8.428,+0.963
1664728920,+3.48,+17.274, +8.412,+0.962
1664728980,+3.48,+17.274, +8.420,+0.963
1664729040,+3.48,+17.265, +8.396,+0.963
1664729100,+3.48,+17.248, +8.408,+0.963
1664729160,+3.48,+17.257, +8.403,+0.963
1664729220,+3.48,+17.257, +8.382,+0.962
1664729280,+3.48,+17.257, +8.402,+0.963
