7450-383325
OS REV: 1.05 Sensor Cal: 1644949570
Time (sec),  BV (Volts),  T (deg C),  DO (mg/l),  Q ()
1667926140,+3.47,+16.246, +0.041,+0.936
1667926200,+3.47,+16.288, +0.041,+0.936
1667926260,+3.47,+16.288, +0.041,+0.936
1667926320,+3.47,+16.263, +0.041,+0.936
1667926380,+3.47,+16.263, +0.042,+0.936
1667926440,+3.47,+16.263, +0.041,+0.936
1667926500,+3.47,+16.254, +0.041,+0.936
1667926560,+3.47,+16.271, +0.041,+0.936
1667926620,+3.47,+16.271, +0.042,+0.936
1667926680,+3.47,+16.263, +0.041,+0.936
1667926740,+3.47,+16.254, +0.041,+0.936
1667926800,+3.47,+16.263, +0.042,+0.936
1667926860,+3.47,+16.254, +0.041,+0.936
1667926920,+3.47,+16.263, +0.042,+0.936
1667926980,+3.47,+16.263, +0.041,+0.936
1667927040,+3.47,+16.246, +0.041,+0.936
1667927100,+3.47,+16.263, +0.041,+0.936
1667927160,+3.47,+16.263, +0.041,+0.936
1667927220,+3.47,+16.263, +0.041,+0.936
1667927280,+3.47,+16.263, +0.041,+0.936
1667927340,+3.47,+16.254, +0.041,+0.936
1667927400,+3.47,+16.280, +0.041,+0.936
1667927460,+3.47,+16.271, +0.041,+0.936
1667927520,+3.47,+16.288, +0.041,+0.936
1667927580,+3.47,+16.297, +0.041,+0.936
1667927640,+3.47,+16.288, +0.041,+0.936
1667927700,+3.47,+16.297, +0.041,+0.936
1667927760,+3.47,+16.288, +0.042,+0.936
1667927820,+3.47,+16.288, +0.041,+0.936
1667927880,+3.47,+16.297, +0.042,+0.936
1667927940,+3.47,+16.314, +0.041,+0.936
1667928000,+3.47,+16.305, +0.042,+0.936
1667928060,+3.47,+16.323, +0.042,+0.936
1667928120,+3.47,+16.323, +0.041,+0.936
1667928180,+3.47,+16.305, +0.041,+0.936
1667928240,+3.47,+16.331, +0.042,+0.936
1667928300,+3.47,+16.323, +0.041,+0.936
1667928360,+3.47,+16.314, +0.042,+0.936
1667928420,+3.47,+16.331, +0.041,+0.936
1667928480,+3.47,+16.331, +0.042,+0.936
1667928540,+3.47,+16.348, +0.041,+0.936
1667928600,+3.47,+16.348, +0.041,+0.936
1667928660,+3.47,+16.323, +0.041,+0.936
1667928720,+3.47,+16.348, +0.041,+0.936
1667928780,+3.47,+16.331, +0.042,+0.936
1667928840,+3.47,+16.331, +0.042,+0.936
1667928900,+3.47,+16.323, +0.041,+0.936
1667928960,+3.47,+16.357, +0.041,+0.936
1667929020,+3.47,+16.340, +0.041,+0.936
1667929080,+3.47,+16.331, +0.041,+0.936
1667929140,+3.47,+16.340, +0.041,+0.936
1667929200,+3.47,+16.348, +0.041,+0.936
1667929260,+3.47,+16.331, +0.041,+0.936
1667929320,+3.47,+16.348, +0.041,+0.936
1667929380,+3.47,+16.348, +0.042,+0.936
1667929440,+3.47,+16.348, +0.041,+0.936
1667929500,+3.47,+16.357, +0.041,+0.936
1667929560,+3.47,+16.348, +0.041,+0.936
1667929620,+3.47,+16.340, +0.041,+0.936
1667929680,+3.47,+16.357, +0.042,+0.936
1667929740,+3.47,+16.357, +0.041,+0.936
1667929800,+3.47,+16.331, +0.042,+0.936
1667929860,+3.47,+16.365, +0.041,+0.936
1667929920,+3.47,+16.348, +0.041,+0.936
1667929980,+3.47,+16.348, +0.041,+0.936
1667930040,+3.47,+16.365, +0.041,+0.936
1667930100,+3.47,+16.365, +0.041,+0.936
1667930160,+3.47,+16.365, +0.041,+0.936
1667930220,+3.47,+16.340, +0.041,+0.936
1667930280,+3.47,+16.348, +0.041,+0.936
1667930340,+3.47,+16.374, +0.041,+0.936
1667930400,+3.47,+16.348, +0.041,+0.936
1667930460,+3.47,+16.374, +0.041,+0.936
1667930520,+3.47,+16.374, +0.041,+0.936
1667930580,+3.47,+16.365, +0.041,+0.936
1667930640,+3.47,+16.374, +0.042,+0.936
1667930700,+3.47,+16.382, +0.041,+0.936
1667930760,+3.47,+16.365, +0.041,+0.936
1667930820,+3.47,+16.374, +0.041,+0.936
1667930880,+3.47,+16.357, +0.041,+0.936
1667930940,+3.47,+16.374, +0.041,+0.936
1667931000,+3.47,+16.374, +0.041,+0.936
1667931060,+3.47,+16.374, +0.041,+0.936
1667931120,+3.47,+16.365, +0.041,+0.936
1667931180,+3.47,+16.382, +0.041,+0.936
1667931240,+3.47,+16.382, +0.041,+0.936
1667931300,+3.47,+16.382, +0.042,+0.936
1667931360,+3.47,+16.391, +0.041,+0.936
1667931420,+3.47,+16.391, +0.041,+0.936
1667931480,+3.47,+16.399, +0.041,+0.936
1667931540,+3.47,+16.399, +0.041,+0.936
1667931600,+3.47,+16.382, +0.041,+0.936
1667931660,+3.47,+16.399, +0.041,+0.936
1667931720,+3.47,+16.399, +0.041,+0.936
1667931780,+3.47,+16.391, +0.041,+0.936
1667931840,+3.47,+16.382, +0.041,+0.936
1667931900,+3.47,+16.399, +0.041,+0.936
1667931960,+3.47,+16.399, +0.041,+0.936
1667932020,+3.47,+16.391, +0.041,+0.936
1667932080,+3.47,+16.408, +0.041,+0.936
1667932140,+3.47,+16.399, +0.041,+0.936
1667932200,+3.47,+16.408, +0.041,+0.936
1667932260,+3.47,+16.399, +0.041,+0.936
1667932320,+3.47,+16.408, +0.040,+0.936
1667932380,+3.47,+16.399, +0.041,+0.936
1667932440,+3.47,+16.416, +0.041,+0.936
1667932500,+3.47,+16.408, +0.041,+0.936
1667932560,+3.47,+16.391, +0.041,+0.936
1667932620,+3.47,+16.399, +0.041,+0.936
1667932680,+3.47,+16.408, +0.041,+0.936
1667932740,+3.47,+16.416, +0.040,+0.936
1667932800,+3.47,+16.408, +0.041,+0.936
1667932860,+3.47,+16.416, +0.041,+0.936
1667932920,+3.47,+16.416, +0.041,+0.936
1667932980,+3.47,+16.399, +0.040,+0.936
1667933040,+3.47,+16.391, +0.041,+0.936
1667933100,+3.47,+16.408, +0.041,+0.936
1667933160,+3.47,+16.416, +0.041,+0.936
1667933220,+3.47,+16.408, +0.041,+0.936
1667933280,+3.47,+16.408, +0.041,+0.936
1667933340,+3.47,+16.391, +0.041,+0.936
1667933400,+3.47,+16.408, +0.041,+0.936
1667933460,+3.47,+16.399, +0.041,+0.936
1667933520,+3.47,+16.416, +0.041,+0.936
1667933580,+3.47,+16.416, +0.041,+0.936
1667933640,+3.47,+16.425, +0.041,+0.936
1667933700,+3.47,+16.425, +0.040,+0.936
1667933760,+3.47,+16.416, +0.040,+0.936
1667933820,+3.47,+16.408, +0.040,+0.936
1667933880,+3.47,+16.408, +0.041,+0.936
1667933940,+3.47,+16.399, +0.041,+0.936
1667934000,+3.47,+16.399, +0.041,+0.936
1667934060,+3.47,+16.416, +0.041,+0.936
1667934120,+3.47,+16.408, +0.041,+0.936
1667934180,+3.47,+16.416, +0.041,+0.936
1667934240,+3.47,+16.399, +0.040,+0.936
1667934300,+3.47,+16.416, +0.040,+0.936
1667934360,+3.47,+16.382, +0.042,+0.936
1667934420,+3.47,+16.408, +0.041,+0.936
1667934480,+3.47,+16.408, +0.041,+0.936
1667934540,+3.47,+16.391, +0.041,+0.936
1667934600,+3.47,+16.399, +0.041,+0.936
1667934660,+3.47,+16.391, +0.041,+0.936
1667934720,+3.47,+16.382, +0.041,+0.936
1667934780,+3.47,+16.391, +0.041,+0.936
1667934840,+3.47,+16.391, +0.041,+0.936
1667934900,+3.47,+16.399, +0.040,+0.936
1667934960,+3.47,+16.382, +0.041,+0.936
1667935020,+3.47,+16.391, +0.041,+0.936
1667935080,+3.47,+16.391, +0.041,+0.936
1667935140,+3.47,+16.391, +0.040,+0.936
1667935200,+3.47,+16.391, +0.041,+0.936
1667935260,+3.47,+16.399, +0.041,+0.936
1667935320,+3.47,+16.382, +0.041,+0.936
1667935380,+3.47,+16.382, +0.041,+0.936
1667935440,+3.47,+16.391, +0.040,+0.936
1667935500,+3.47,+16.382, +0.041,+0.936
1667935560,+3.47,+16.382, +0.040,+0.936
1667935620,+3.47,+16.365, +0.040,+0.936
1667935680,+3.47,+16.374, +0.040,+0.936
1667935740,+3.47,+16.374, +0.040,+0.936
1667935800,+3.47,+16.382, +0.041,+0.936
1667935860,+3.47,+16.382, +0.041,+0.936
1667935920,+3.47,+16.382, +0.041,+0.936
1667935980,+3.47,+16.374, +0.041,+0.936
1667936040,+3.47,+16.382, +0.040,+0.936
1667936100,+3.47,+16.374, +0.041,+0.936
1667936160,+3.47,+16.374, +0.041,+0.936
1667936220,+3.47,+16.374, +0.040,+0.936
1667936280,+3.47,+16.374, +0.040,+0.936
1667936340,+3.47,+16.365, +0.041,+0.936
1667936400,+3.47,+16.374, +0.040,+0.936
1667936460,+3.47,+16.357, +0.041,+0.936
1667936520,+3.47,+16.382, +0.041,+0.936
1667936580,+3.47,+16.365, +0.041,+0.936
1667936640,+3.47,+16.365, +0.041,+0.936
1667936700,+3.47,+16.382, +0.041,+0.936
1667936760,+3.47,+16.365, +0.041,+0.936
1667936820,+3.47,+16.348, +0.041,+0.936
1667936880,+3.47,+16.348, +0.041,+0.936
1667936940,+3.47,+16.340, +0.041,+0.936
1667937000,+3.47,+16.348, +0.041,+0.936
1667937060,+3.47,+16.357, +0.041,+0.936
1667937120,+3.47,+16.340, +0.041,+0.936
1667937180,+3.47,+16.340, +0.040,+0.936
1667937240,+3.47,+16.348, +0.041,+0.936
1667937300,+3.47,+16.348, +0.041,+0.936
1667937360,+3.47,+16.348, +0.041,+0.936
1667937420,+3.47,+16.331, +0.040,+0.936
1667937480,+3.47,+16.340, +0.041,+0.936
1667937540,+3.47,+16.340, +0.040,+0.936
1667937600,+3.47,+16.331, +0.040,+0.936
1667937660,+3.47,+16.340, +0.041,+0.936
1667937720,+3.47,+16.340, +0.040,+0.936
1667937780,+3.47,+16.340, +0.041,+0.936
1667937840,+3.47,+16.340, +0.041,+0.936
1667937900,+3.47,+16.314, +0.041,+0.936
1667937960,+3.47,+16.348, +0.041,+0.936
1667938020,+3.47,+16.331, +0.041,+0.936
1667938080,+3.47,+16.348, +0.041,+0.936
1667938140,+3.47,+16.331, +0.041,+0.936
1667938200,+3.47,+16.340, +0.041,+0.936
1667938260,+3.47,+16.323, +0.041,+0.936
1667938320,+3.47,+16.340, +0.040,+0.936
1667938380,+3.47,+16.323, +0.041,+0.936
1667938440,+3.47,+16.348, +0.040,+0.936
1667938500,+3.47,+16.331, +0.041,+0.936
1667938560,+3.47,+16.305, +0.041,+0.936
1667938620,+3.47,+16.314, +0.041,+0.936
1667938680,+3.47,+16.305, +0.040,+0.936
1667938740,+3.47,+16.314, +0.041,+0.936
1667938800,+3.47,+16.314, +0.041,+0.936
1667938860,+3.47,+16.323, +0.041,+0.936
1667938920,+3.47,+16.305, +0.040,+0.936
1667938980,+3.47,+16.314, +0.041,+0.936
1667939040,+3.47,+16.314, +0.041,+0.936
1667939100,+3.47,+16.314, +0.041,+0.936
1667939160,+3.47,+16.288, +0.040,+0.936
1667939220,+3.47,+16.297, +0.041,+0.936
1667939280,+3.47,+16.297, +0.040,+0.936
1667939340,+3.47,+16.288, +0.041,+0.936
1667939400,+3.47,+16.288, +0.040,+0.936
1667939460,+3.47,+16.271, +0.041,+0.936
1667939520,+3.47,+16.280, +0.041,+0.936
1667939580,+3.47,+16.305, +0.040,+0.936
1667939640,+3.47,+16.280, +0.041,+0.936
1667939700,+3.47,+16.280, +0.041,+0.936
1667939760,+3.47,+16.271, +0.041,+0.936
1667939820,+3.47,+16.280, +0.040,+0.936
1667939880,+3.47,+16.271, +0.041,+0.936
1667939940,+3.47,+16.280, +0.041,+0.936
1667940000,+3.47,+16.263, +0.040,+0.936
1667940060,+3.47,+16.297, +0.040,+0.936
1667940120,+3.47,+16.263, +0.041,+0.936
1667940180,+3.47,+16.263, +0.041,+0.936
1667940240,+3.47,+16.263, +0.041,+0.936
1667940300,+3.47,+16.271, +0.040,+0.936
1667940360,+3.47,+16.254, +0.041,+0.936
1667940420,+3.47,+16.246, +0.041,+0.936
1667940480,+3.47,+16.263, +0.041,+0.936
1667940540,+3.47,+16.254, +0.041,+0.936
1667940600,+3.47,+16.246, +0.041,+0.936
1667940660,+3.47,+16.246, +0.041,+0.936
1667940720,+3.47,+16.237, +0.041,+0.936
1667940780,+3.47,+16.237, +0.041,+0.936
1667940840,+3.47,+16.229, +0.041,+0.936
1667940900,+3.47,+16.246, +0.041,+0.936
1667940960,+3.47,+16.229, +0.041,+0.936
1667941020,+3.47,+16.237, +0.041,+0.936
1667941080,+3.47,+16.246, +0.041,+0.936
1667941140,+3.47,+16.229, +0.041,+0.936
1667941200,+3.47,+16.229, +0.041,+0.936
1667941260,+3.47,+16.229, +0.043,+0.936
1667941320,+3.47,+16.220, +0.042,+0.936
1667941380,+3.47,+16.237, +0.042,+0.936
1667941440,+3.47,+16.220, +0.041,+0.936
1667941500,+3.47,+16.229, +0.041,+0.936
1667941560,+3.47,+16.212, +0.041,+0.936
1667941620,+3.47,+16.203, +0.041,+0.936
1667941680,+3.47,+16.195, +0.041,+0.936
1667941740,+3.47,+16.212, +0.041,+0.936
1667941800,+3.47,+16.186, +0.041,+0.936
1667941860,+3.47,+16.212, +0.041,+0.936
1667941920,+3.47,+16.203, +0.041,+0.936
1667941980,+3.47,+16.203, +0.041,+0.936
1667942040,+3.47,+16.195, +0.041,+0.936
1667942100,+3.47,+16.186, +0.041,+0.936
1667942160,+3.47,+16.195, +0.041,+0.936
1667942220,+3.47,+16.195, +0.041,+0.936
1667942280,+3.47,+16.186, +0.041,+0.936
1667942340,+3.47,+16.186, +0.041,+0.936
1667942400,+3.47,+16.203, +0.040,+0.936
1667942460,+3.47,+16.186, +0.041,+0.936
1667942520,+3.47,+16.195, +0.041,+0.936
1667942580,+3.47,+16.169, +0.041,+0.936
1667942640,+3.47,+16.178, +0.041,+0.936
1667942700,+3.47,+16.178, +0.041,+0.936
1667942760,+3.47,+16.178, +0.041,+0.936
1667942820,+3.47,+16.178, +0.041,+0.936
1667942880,+3.47,+16.186, +0.041,+0.936
1667942940,+3.47,+16.186, +0.042,+0.936
1667943000,+3.47,+16.169, +0.041,+0.936
1667943060,+3.47,+16.161, +0.041,+0.936
1667943120,+3.47,+16.161, +0.041,+0.936
1667943180,+3.47,+16.143, +0.041,+0.936
1667943240,+3.47,+16.178, +0.041,+0.936
1667943300,+3.47,+16.178, +0.041,+0.936
1667943360,+3.47,+16.169, +0.041,+0.936
1667943420,+3.47,+16.161, +0.041,+0.936
1667943480,+3.47,+16.143, +0.041,+0.936
1667943540,+3.47,+16.143, +0.041,+0.936
1667943600,+3.47,+16.152, +0.042,+0.936
1667943660,+3.47,+16.152, +0.040,+0.936
1667943720,+3.47,+16.152, +0.041,+0.936
1667943780,+3.47,+16.152, +0.042,+0.936
1667943840,+3.47,+16.135, +0.041,+0.936
1667943900,+3.47,+16.152, +0.041,+0.936
1667943960,+3.47,+16.152, +0.041,+0.936
1667944020,+3.47,+16.135, +0.041,+0.936
1667944080,+3.47,+16.126, +0.042,+0.936
1667944140,+3.47,+16.143, +0.041,+0.936
1667944200,+3.47,+16.135, +0.042,+0.936
1667944260,+3.47,+16.135, +0.041,+0.936
1667944320,+3.47,+16.126, +0.040,+0.936
1667944380,+3.47,+16.118, +0.041,+0.936
1667944440,+3.47,+16.135, +0.042,+0.936
1667944500,+3.47,+16.135, +0.041,+0.936
1667944560,+3.47,+16.126, +0.041,+0.936
1667944620,+3.47,+16.118, +0.041,+0.936
1667944680,+3.47,+16.143, +0.041,+0.936
1667944740,+3.47,+16.143, +0.041,+0.936
1667944800,+3.47,+16.143, +0.041,+0.936
1667944860,+3.47,+16.152, +0.040,+0.936
1667944920,+3.47,+16.118, +0.042,+0.936
1667944980,+3.47,+16.135, +0.041,+0.936
1667945040,+3.47,+16.143, +0.041,+0.936
1667945100,+3.47,+16.118, +0.041,+0.936
1667945160,+3.47,+16.118, +0.041,+0.936
1667945220,+3.47,+16.135, +0.041,+0.936
1667945280,+3.47,+16.143, +0.040,+0.936
1667945340,+3.47,+16.143, +0.041,+0.936
1667945400,+3.47,+16.126, +0.041,+0.936
1667945460,+3.47,+16.143, +0.041,+0.936
1667945520,+3.47,+16.118, +0.041,+0.936
1667945580,+3.47,+16.126, +0.041,+0.936
1667945640,+3.47,+16.135, +0.041,+0.936
1667945700,+3.47,+16.152, +0.041,+0.936
1667945760,+3.47,+16.135, +0.041,+0.936
1667945820,+3.47,+16.126, +0.041,+0.936
1667945880,+3.47,+16.143, +0.041,+0.936
1667945940,+3.47,+16.135, +0.041,+0.936
1667946000,+3.47,+16.135, +0.040,+0.936
1667946060,+3.47,+16.135, +0.041,+0.936
1667946120,+3.47,+16.118, +0.041,+0.936
1667946180,+3.47,+16.118, +0.041,+0.936
1667946240,+3.47,+16.126, +0.041,+0.936
1667946300,+3.47,+16.126, +0.040,+0.936
1667946360,+3.47,+16.118, +0.041,+0.936
1667946420,+3.47,+16.101, +0.041,+0.936
1667946480,+3.47,+16.101, +0.041,+0.936
1667946540,+3.47,+16.101, +0.041,+0.936
1667946600,+3.47,+16.101, +0.041,+0.936
1667946660,+3.47,+16.092, +0.041,+0.936
1667946720,+3.47,+16.084, +0.042,+0.936
1667946780,+3.47,+16.084, +0.041,+0.936
1667946840,+3.47,+16.075, +0.041,+0.936
1667946900,+3.47,+16.075, +0.041,+0.936
1667946960,+3.47,+16.067, +0.041,+0.936
1667947020,+3.47,+16.075, +0.041,+0.936
1667947080,+3.47,+16.075, +0.041,+0.936
1667947140,+3.47,+16.058, +0.041,+0.936
1667947200,+3.47,+16.075, +0.041,+0.936
1667947260,+3.47,+16.084, +0.041,+0.936
1667947320,+3.47,+16.058, +0.041,+0.936
1667947380,+3.47,+16.041, +0.042,+0.936
1667947440,+3.47,+16.067, +0.040,+0.936
1667947500,+3.47,+16.058, +0.041,+0.936
1667947560,+3.47,+16.041, +0.041,+0.936
1667947620,+3.47,+16.050, +0.041,+0.936
1667947680,+3.47,+16.050, +0.041,+0.936
1667947740,+3.47,+16.033, +0.041,+0.936
1667947800,+3.47,+16.041, +0.041,+0.936
1667947860,+3.47,+16.041, +0.041,+0.936
1667947920,+3.47,+16.033, +0.041,+0.936
1667947980,+3.47,+16.024, +0.040,+0.936
1667948040,+3.47,+16.024, +0.041,+0.936
1667948100,+3.47,+16.024, +0.041,+0.936
1667948160,+3.47,+16.050, +0.040,+0.936
1667948220,+3.47,+16.007, +0.041,+0.936
1667948280,+3.47,+16.033, +0.040,+0.936
1667948340,+3.47,+16.007, +0.041,+0.936
1667948400,+3.47,+16.007, +0.041,+0.936
1667948460,+3.47,+15.998, +0.041,+0.936
1667948520,+3.47,+16.015, +0.041,+0.936
1667948580,+3.47,+16.007, +0.041,+0.936
1667948640,+3.47,+16.015, +0.041,+0.936
1667948700,+3.47,+15.981, +0.041,+0.936
1667948760,+3.47,+16.015, +0.040,+0.936
1667948820,+3.47,+15.998, +0.041,+0.936
1667948880,+3.47,+15.990, +0.041,+0.936
1667948940,+3.47,+15.990, +0.041,+0.936
1667949000,+3.47,+15.998, +0.041,+0.936
1667949060,+3.47,+15.998, +0.041,+0.936
1667949120,+3.47,+15.981, +0.041,+0.936
1667949180,+3.47,+15.990, +0.041,+0.936
1667949240,+3.47,+15.998, +0.041,+0.936
1667949300,+3.47,+15.990, +0.041,+0.936
1667949360,+3.47,+15.973, +0.041,+0.936
1667949420,+3.48,+15.964, +0.042,+0.936
1667949480,+3.47,+15.990, +0.041,+0.936
1667949540,+3.47,+15.990, +0.041,+0.936
1667949600,+3.47,+15.973, +0.041,+0.936
1667949660,+3.47,+15.981, +0.041,+0.936
1667949720,+3.47,+15.990, +0.041,+0.936
1667949780,+3.47,+15.981, +0.041,+0.936
1667949840,+3.47,+15.973, +0.041,+0.936
1667949900,+3.47,+15.973, +0.041,+0.936
1667949960,+3.47,+15.973, +0.041,+0.936
1667950020,+3.47,+15.973, +0.041,+0.936
1667950080,+3.47,+15.981, +0.041,+0.936
1667950140,+3.47,+15.956, +0.042,+0.936
1667950200,+3.47,+15.964, +0.041,+0.936
1667950260,+3.47,+15.956, +0.041,+0.936
1667950320,+3.47,+15.939, +0.041,+0.936
1667950380,+3.47,+15.964, +0.042,+0.936
1667950440,+3.47,+15.973, +0.041,+0.936
1667950500,+3.47,+15.964, +0.041,+0.936
1667950560,+3.47,+15.973, +0.041,+0.936
1667950620,+3.47,+15.973, +0.041,+0.936
1667950680,+3.47,+15.973, +0.041,+0.936
1667950740,+3.47,+15.964, +0.041,+0.936
1667950800,+3.47,+15.939, +0.041,+0.936
1667950860,+3.47,+15.956, +0.041,+0.936
1667950920,+3.47,+15.964, +0.041,+0.936
1667950980,+3.47,+15.964, +0.040,+0.936
1667951040,+3.47,+15.964, +0.041,+0.936
1667951100,+3.48,+15.973, +0.040,+0.936
1667951160,+3.47,+15.956, +0.041,+0.936
1667951220,+3.47,+15.956, +0.041,+0.936
1667951280,+3.47,+15.956, +0.041,+0.936
1667951340,+3.47,+15.956, +0.041,+0.936
1667951400,+3.47,+15.947, +0.041,+0.936
1667951460,+3.47,+15.956, +0.041,+0.936
1667951520,+3.47,+15.956, +0.042,+0.936
1667951580,+3.47,+15.956, +0.041,+0.936
1667951640,+3.47,+15.947, +0.041,+0.936
1667951700,+3.47,+15.947, +0.041,+0.936
1667951760,+3.47,+15.964, +0.041,+0.936
1667951820,+3.47,+15.956, +0.041,+0.936
1667951880,+3.47,+15.973, +0.041,+0.936
1667951940,+3.47,+15.964, +0.041,+0.936
1667952000,+3.47,+15.947, +0.041,+0.936
1667952060,+3.47,+15.956, +0.041,+0.936
1667952120,+3.47,+15.947, +0.041,+0.936
1667952180,+3.47,+15.947, +0.041,+0.936
1667952240,+3.47,+15.964, +0.041,+0.936
1667952300,+3.47,+15.956, +0.041,+0.936
1667952360,+3.47,+15.956, +0.041,+0.936
1667952420,+3.47,+15.956, +0.040,+0.936
1667952480,+3.47,+15.947, +0.042,+0.936
1667952540,+3.48,+15.956, +0.041,+0.936
1667952600,+3.47,+15.956, +0.042,+0.936
1667952660,+3.47,+15.956, +0.041,+0.936
1667952720,+3.47,+15.964, +0.041,+0.936
1667952780,+3.47,+15.947, +0.041,+0.936
1667952840,+3.47,+15.956, +0.041,+0.936
1667952900,+3.47,+15.956, +0.041,+0.936
1667952960,+3.48,+15.973, +0.041,+0.936
1667953020,+3.47,+15.930, +0.041,+0.936
1667953080,+3.47,+15.947, +0.041,+0.936
1667953140,+3.47,+15.947, +0.041,+0.936
1667953200,+3.47,+15.947, +0.041,+0.936
1667953260,+3.47,+15.947, +0.041,+0.936
1667953320,+3.47,+15.947, +0.041,+0.936
1667953380,+3.47,+15.947, +0.041,+0.936
1667953440,+3.47,+15.913, +0.042,+0.936
1667953500,+3.47,+15.930, +0.041,+0.936
1667953560,+3.47,+15.939, +0.041,+0.936
1667953620,+3.47,+15.956, +0.041,+0.936
1667953680,+3.47,+15.964, +0.041,+0.936
1667953740,+3.47,+15.930, +0.041,+0.936
1667953800,+3.47,+15.947, +0.041,+0.936
1667953860,+3.48,+15.939, +0.041,+0.936
1667953920,+3.47,+15.947, +0.041,+0.936
1667953980,+3.47,+15.956, +0.041,+0.936
1667954040,+3.47,+15.973, +0.042,+0.936
1667954100,+3.47,+15.939, +0.041,+0.936
1667954160,+3.47,+15.939, +0.042,+0.936
1667954220,+3.47,+15.939, +0.042,+0.936
1667954280,+3.47,+15.956, +0.041,+0.936
1667954340,+3.47,+15.930, +0.041,+0.936
1667954400,+3.47,+15.939, +0.041,+0.936
1667954460,+3.47,+15.939, +0.041,+0.936
1667954520,+3.47,+15.930, +0.041,+0.936
1667954580,+3.47,+15.930, +0.041,+0.936
1667954640,+3.47,+15.921, +0.041,+0.936
1667954700,+3.47,+15.921, +0.041,+0.936
1667954760,+3.47,+15.930, +0.041,+0.936
1667954820,+3.48,+15.913, +0.041,+0.936
1667954880,+3.47,+15.921, +0.041,+0.936
1667954940,+3.47,+15.879, +0.041,+0.936
1667955000,+3.47,+15.930, +0.041,+0.936
1667955060,+3.47,+15.921, +0.041,+0.936
1667955120,+3.48,+15.921, +0.041,+0.936
1667955180,+3.47,+15.921, +0.041,+0.936
1667955240,+3.47,+15.921, +0.041,+0.936
1667955300,+3.47,+15.921, +0.041,+0.936
1667955360,+3.47,+15.913, +0.041,+0.936
1667955420,+3.47,+15.921, +0.042,+0.936
1667955480,+3.47,+15.887, +0.041,+0.936
1667955540,+3.47,+15.913, +0.041,+0.936
1667955600,+3.47,+15.921, +0.041,+0.936
1667955660,+3.47,+15.887, +0.041,+0.936
1667955720,+3.47,+15.896, +0.041,+0.936
1667955780,+3.47,+15.887, +0.041,+0.936
1667955840,+3.47,+15.896, +0.041,+0.936
1667955900,+3.47,+15.896, +0.041,+0.936
1667955960,+3.47,+15.896, +0.042,+0.936
1667956020,+3.48,+15.896, +0.041,+0.936
1667956080,+3.47,+15.904, +0.041,+0.936
1667956140,+3.47,+15.870, +0.041,+0.936
1667956200,+3.48,+15.904, +0.041,+0.936
1667956260,+3.47,+15.904, +0.041,+0.936
1667956320,+3.47,+15.896, +0.041,+0.936
1667956380,+3.47,+15.896, +0.041,+0.936
1667956440,+3.47,+15.879, +0.041,+0.936
1667956500,+3.47,+15.887, +0.041,+0.936
1667956560,+3.47,+15.913, +0.041,+0.936
1667956620,+3.47,+15.870, +0.042,+0.936
1667956680,+3.47,+15.904, +0.042,+0.936
1667956740,+3.47,+15.887, +0.041,+0.936
1667956800,+3.47,+15.887, +0.041,+0.936
1667956860,+3.47,+15.904, +0.041,+0.936
1667956920,+3.47,+15.904, +0.041,+0.936
1667956980,+3.47,+15.896, +0.041,+0.936
1667957040,+3.47,+15.879, +0.042,+0.936
1667957100,+3.47,+15.862, +0.041,+0.936
1667957160,+3.48,+15.879, +0.041,+0.936
1667957220,+3.47,+15.862, +0.041,+0.936
1667957280,+3.48,+15.879, +0.041,+0.936
1667957340,+3.47,+15.870, +0.041,+0.936
1667957400,+3.47,+15.862, +0.041,+0.936
1667957460,+3.47,+15.862, +0.041,+0.936
1667957520,+3.47,+15.870, +0.041,+0.936
1667957580,+3.47,+15.862, +0.041,+0.936
1667957640,+3.47,+15.862, +0.041,+0.936
1667957700,+3.47,+15.862, +0.042,+0.936
1667957760,+3.47,+15.870, +0.041,+0.936
1667957820,+3.47,+15.887, +0.041,+0.936
1667957880,+3.47,+15.870, +0.041,+0.936
1667957940,+3.48,+15.870, +0.041,+0.936
1667958000,+3.47,+15.887, +0.041,+0.936
1667958060,+3.47,+15.853, +0.042,+0.936
1667958120,+3.47,+15.870, +0.041,+0.936
1667958180,+3.47,+15.862, +0.041,+0.936
1667958240,+3.47,+15.887, +0.041,+0.936
1667958300,+3.47,+15.862, +0.041,+0.936
1667958360,+3.47,+15.870, +0.041,+0.936
1667958420,+3.47,+15.862, +0.041,+0.936
1667958480,+3.47,+15.879, +0.041,+0.936
1667958540,+3.47,+15.870, +0.042,+0.936
1667958600,+3.48,+15.862, +0.041,+0.936
1667958660,+3.47,+15.870, +0.041,+0.936
1667958720,+3.47,+15.862, +0.041,+0.936
1667958780,+3.47,+15.870, +0.041,+0.936
1667958840,+3.47,+15.887, +0.041,+0.936
1667958900,+3.48,+15.870, +0.041,+0.936
1667958960,+3.47,+15.879, +0.042,+0.936
1667959020,+3.47,+15.879, +0.041,+0.936
1667959080,+3.47,+15.896, +0.041,+0.936
1667959140,+3.47,+15.879, +0.041,+0.936
1667959200,+3.47,+15.879, +0.041,+0.936
1667959260,+3.47,+15.896, +0.042,+0.936
1667959320,+3.48,+15.913, +0.041,+0.936
1667959380,+3.47,+15.887, +0.042,+0.936
1667959440,+3.47,+15.904, +0.041,+0.936
1667959500,+3.47,+15.930, +0.041,+0.936
1667959560,+3.47,+15.913, +0.042,+0.936
1667959620,+3.48,+15.930, +0.041,+0.936
1667959680,+3.47,+15.939, +0.041,+0.936
1667959740,+3.47,+15.904, +0.041,+0.936
1667959800,+3.47,+15.930, +0.041,+0.936
1667959860,+3.47,+15.939, +0.042,+0.936
1667959920,+3.47,+15.947, +0.041,+0.936
1667959980,+3.47,+15.956, +0.041,+0.936
1667960040,+3.47,+15.947, +0.042,+0.936
1667960100,+3.47,+15.947, +0.041,+0.936
1667960160,+3.47,+15.956, +0.042,+0.936
1667960220,+3.47,+15.947, +0.041,+0.936
1667960280,+3.47,+15.939, +0.042,+0.936
1667960340,+3.47,+15.947, +0.041,+0.936
1667960400,+3.47,+15.973, +0.041,+0.936
1667960460,+3.47,+15.947, +0.042,+0.936
1667960520,+3.47,+15.947, +0.042,+0.936
1667960580,+3.47,+15.956, +0.041,+0.936
1667960640,+3.47,+15.964, +0.041,+0.936
1667960700,+3.47,+15.964, +0.041,+0.936
1667960760,+3.47,+15.973, +0.041,+0.936
1667960820,+3.47,+15.956, +0.041,+0.936
1667960880,+3.47,+15.956, +0.041,+0.936
1667960940,+3.47,+15.964, +0.041,+0.936
1667961000,+3.47,+15.947, +0.042,+0.936
1667961060,+3.47,+15.964, +0.041,+0.936
1667961120,+3.47,+15.947, +0.042,+0.936
1667961180,+3.47,+15.964, +0.041,+0.936
1667961240,+3.47,+15.956, +0.042,+0.936
1667961300,+3.47,+15.947, +0.042,+0.936
1667961360,+3.47,+15.956, +0.041,+0.936
1667961420,+3.47,+15.939, +0.041,+0.936
1667961480,+3.47,+15.956, +0.042,+0.936
1667961540,+3.47,+15.956, +0.041,+0.936
1667961600,+3.47,+15.956, +0.041,+0.936
1667961660,+3.47,+15.947, +0.041,+0.936
1667961720,+3.47,+15.964, +0.041,+0.936
1667961780,+3.47,+15.956, +0.042,+0.936
1667961840,+3.47,+15.947, +0.042,+0.936
1667961900,+3.47,+15.947, +0.041,+0.936
1667961960,+3.47,+15.973, +0.041,+0.936
1667962020,+3.47,+15.956, +0.041,+0.936
1667962080,+3.47,+15.947, +0.041,+0.936
1667962140,+3.47,+15.964, +0.041,+0.936
1667962200,+3.47,+15.947, +0.041,+0.936
1667962260,+3.47,+15.956, +0.041,+0.936
1667962320,+3.47,+15.947, +0.041,+0.936
1667962380,+3.47,+15.947, +0.042,+0.936
1667962440,+3.47,+15.939, +0.042,+0.936
1667962500,+3.47,+15.930, +0.041,+0.936
1667962560,+3.47,+15.913, +0.041,+0.936
1667962620,+3.47,+15.947, +0.041,+0.936
1667962680,+3.47,+15.956, +0.040,+0.936
1667962740,+3.47,+15.939, +0.041,+0.936
1667962800,+3.47,+15.939, +0.041,+0.936
1667962860,+3.47,+15.930, +0.041,+0.936
1667962920,+3.47,+15.930, +0.042,+0.936
1667962980,+3.47,+15.913, +0.042,+0.936
1667963040,+3.47,+15.921, +0.041,+0.936
1667963100,+3.47,+15.930, +0.041,+0.936
1667963160,+3.47,+15.921, +0.042,+0.936
1667963220,+3.47,+15.921, +0.042,+0.936
1667963280,+3.47,+15.921, +0.041,+0.936
1667963340,+3.47,+15.939, +0.041,+0.936
1667963400,+3.47,+15.904, +0.042,+0.936
1667963460,+3.47,+15.913, +0.041,+0.936
1667963520,+3.47,+15.921, +0.041,+0.936
1667963580,+3.47,+15.904, +0.042,+0.936
1667963640,+3.47,+15.921, +0.042,+0.936
1667963700,+3.47,+15.921, +0.041,+0.936
1667963760,+3.47,+15.904, +0.041,+0.936
1667963820,+3.47,+15.896, +0.041,+0.936
1667963880,+3.47,+15.896, +0.041,+0.936
1667963940,+3.47,+15.913, +0.041,+0.936
1667964000,+3.47,+15.896, +0.042,+0.936
1667964060,+3.47,+15.887, +0.041,+0.936
1667964120,+3.47,+15.879, +0.042,+0.936
1667964180,+3.47,+15.879, +0.041,+0.936
1667964240,+3.47,+15.896, +0.042,+0.936
1667964300,+3.47,+15.870, +0.042,+0.936
1667964360,+3.47,+15.862, +0.041,+0.936
1667964420,+3.47,+15.870, +0.041,+0.936
1667964480,+3.47,+15.879, +0.042,+0.936
1667964540,+3.47,+15.870, +0.041,+0.936
1667964600,+3.47,+15.862, +0.042,+0.936
1667964660,+3.47,+15.853, +0.041,+0.936
1667964720,+3.47,+15.845, +0.042,+0.936
1667964780,+3.47,+15.853, +0.041,+0.936
1667964840,+3.47,+15.845, +0.042,+0.936
1667964900,+3.47,+15.853, +0.041,+0.936
1667964960,+3.47,+15.862, +0.041,+0.936
1667965020,+3.47,+15.845, +0.041,+0.936
1667965080,+3.47,+15.836, +0.041,+0.936
1667965140,+3.47,+15.827, +0.041,+0.936
1667965200,+3.47,+15.819, +0.041,+0.936
1667965260,+3.47,+15.836, +0.042,+0.936
1667965320,+3.47,+15.827, +0.042,+0.936
1667965380,+3.47,+15.836, +0.041,+0.936
1667965440,+3.47,+15.802, +0.042,+0.936
1667965500,+3.47,+15.819, +0.041,+0.936
1667965560,+3.47,+15.810, +0.042,+0.936
1667965620,+3.47,+15.819, +0.041,+0.936
1667965680,+3.47,+15.819, +0.041,+0.936
1667965740,+3.47,+15.802, +0.042,+0.936
1667965800,+3.47,+15.802, +0.042,+0.936
1667965860,+3.47,+15.785, +0.041,+0.936
1667965920,+3.47,+15.810, +0.042,+0.936
1667965980,+3.47,+15.793, +0.042,+0.936
1667966040,+3.47,+15.802, +0.041,+0.936
1667966100,+3.47,+15.793, +0.042,+0.936
1667966160,+3.47,+15.768, +0.041,+0.936
1667966220,+3.47,+15.785, +0.041,+0.936
1667966280,+3.47,+15.785, +0.041,+0.936
1667966340,+3.47,+15.776, +0.042,+0.936
1667966400,+3.47,+15.785, +0.041,+0.936
1667966460,+3.47,+15.785, +0.042,+0.936
1667966520,+3.47,+15.776, +0.041,+0.936
1667966580,+3.47,+15.768, +0.041,+0.936
1667966640,+3.47,+15.768, +0.041,+0.936
1667966700,+3.47,+15.776, +0.042,+0.936
1667966760,+3.47,+15.768, +0.041,+0.936
1667966820,+3.47,+15.759, +0.042,+0.936
1667966880,+3.47,+15.768, +0.041,+0.936
1667966940,+3.47,+15.750, +0.041,+0.936
1667967000,+3.47,+15.785, +0.041,+0.936
1667967060,+3.47,+15.768, +0.042,+0.936
1667967120,+3.47,+15.768, +0.041,+0.936
1667967180,+3.47,+15.768, +0.042,+0.936
1667967240,+3.47,+15.759, +0.041,+0.936
1667967300,+3.47,+15.759, +0.041,+0.936
1667967360,+3.47,+15.750, +0.041,+0.936
1667967420,+3.47,+15.776, +0.041,+0.936
1667967480,+3.47,+15.759, +0.041,+0.936
1667967540,+3.47,+15.750, +0.041,+0.936
1667967600,+3.47,+15.750, +0.041,+0.936
1667967660,+3.47,+15.759, +0.041,+0.936
1667967720,+3.47,+15.768, +0.041,+0.936
1667967780,+3.47,+15.750, +0.042,+0.936
1667967840,+3.47,+15.768, +0.042,+0.936
1667967900,+3.47,+15.750, +0.041,+0.936
1667967960,+3.47,+15.742, +0.041,+0.936
1667968020,+3.47,+15.768, +0.041,+0.936
1667968080,+3.47,+15.742, +0.041,+0.936
1667968140,+3.47,+15.716, +0.042,+0.936
1667968200,+3.47,+15.708, +0.041,+0.936
1667968260,+3.47,+15.682, +0.042,+0.936
1667968320,+3.47,+15.716, +0.041,+0.936
1667968380,+3.47,+15.682, +0.041,+0.936
1667968440,+3.47,+15.691, +0.041,+0.936
1667968500,+3.47,+15.699, +0.042,+0.936
1667968560,+3.47,+15.682, +0.042,+0.936
1667968620,+3.47,+15.699, +0.041,+0.936
1667968680,+3.47,+15.691, +0.042,+0.936
1667968740,+3.47,+15.682, +0.041,+0.936
1667968800,+3.47,+15.682, +0.041,+0.936
1667968860,+3.47,+15.673, +0.042,+0.936
1667968920,+3.47,+15.665, +0.042,+0.936
1667968980,+3.47,+15.656, +0.041,+0.936
1667969040,+3.47,+15.665, +0.041,+0.936
1667969100,+3.47,+15.648, +0.041,+0.936
1667969160,+3.47,+15.656, +0.042,+0.936
1667969220,+3.47,+15.648, +0.042,+0.936
1667969280,+3.47,+15.665, +0.042,+0.936
1667969340,+3.47,+15.656, +0.041,+0.936
1667969400,+3.47,+15.648, +0.041,+0.936
1667969460,+3.47,+15.648, +0.041,+0.936
1667969520,+3.47,+15.656, +0.041,+0.936
1667969580,+3.47,+15.639, +0.042,+0.936
1667969640,+3.47,+15.639, +0.042,+0.936
1667969700,+3.47,+15.631, +0.042,+0.936
1667969760,+3.47,+15.631, +0.042,+0.936
1667969820,+3.47,+15.648, +0.042,+0.936
1667969880,+3.47,+15.631, +0.041,+0.936
1667969940,+3.47,+15.639, +0.041,+0.936
1667970000,+3.47,+15.622, +0.041,+0.936
1667970060,+3.47,+15.631, +0.041,+0.936
1667970120,+3.47,+15.631, +0.042,+0.936
1667970180,+3.47,+15.639, +0.042,+0.936
1667970240,+3.47,+15.631, +0.041,+0.936
1667970300,+3.47,+15.631, +0.041,+0.936
1667970360,+3.47,+15.613, +0.042,+0.936
1667970420,+3.47,+15.596, +0.042,+0.936
1667970480,+3.47,+15.631, +0.042,+0.936
1667970540,+3.47,+15.613, +0.041,+0.936
1667970600,+3.47,+15.605, +0.042,+0.936
1667970660,+3.47,+15.605, +0.041,+0.936
1667970720,+3.47,+15.613, +0.042,+0.936
1667970780,+3.47,+15.596, +0.042,+0.936
1667970840,+3.47,+15.588, +0.042,+0.936
1667970900,+3.47,+15.596, +0.042,+0.936
1667970960,+3.47,+15.588, +0.041,+0.936
1667971020,+3.47,+15.579, +0.041,+0.936
1667971080,+3.47,+15.579, +0.042,+0.936
1667971140,+3.47,+15.571, +0.042,+0.936
1667971200,+3.47,+15.579, +0.041,+0.936
1667971260,+3.47,+15.579, +0.042,+0.936
1667971320,+3.47,+15.562, +0.042,+0.936
1667971380,+3.47,+15.562, +0.041,+0.936
1667971440,+3.47,+15.562, +0.042,+0.936
1667971500,+3.47,+15.562, +0.041,+0.936
1667971560,+3.47,+15.571, +0.042,+0.936
1667971620,+3.47,+15.545, +0.041,+0.936
1667971680,+3.47,+15.562, +0.041,+0.936
1667971740,+3.47,+15.562, +0.042,+0.936
1667971800,+3.47,+15.545, +0.041,+0.936
1667971860,+3.47,+15.545, +0.042,+0.936
1667971920,+3.47,+15.528, +0.042,+0.936
1667971980,+3.47,+15.528, +0.042,+0.936
1667972040,+3.47,+15.545, +0.042,+0.936
1667972100,+3.47,+15.528, +0.042,+0.936
1667972160,+3.47,+15.519, +0.042,+0.936
1667972220,+3.47,+15.519, +0.042,+0.936
1667972280,+3.47,+15.536, +0.042,+0.936
1667972340,+3.47,+15.536, +0.042,+0.936
1667972400,+3.47,+15.519, +0.042,+0.936
1667972460,+3.47,+15.502, +0.042,+0.936
1667972520,+3.47,+15.519, +0.042,+0.936
1667972580,+3.47,+15.502, +0.042,+0.936
1667972640,+3.47,+15.511, +0.042,+0.936
1667972700,+3.47,+15.502, +0.042,+0.936
1667972760,+3.47,+15.502, +0.042,+0.936
1667972820,+3.47,+15.493, +0.042,+0.936
1667972880,+3.47,+15.485, +0.042,+0.936
1667972940,+3.47,+15.468, +0.042,+0.936
1667973000,+3.47,+15.476, +0.042,+0.936
1667973060,+3.47,+15.476, +0.042,+0.936
1667973120,+3.47,+15.451, +0.042,+0.936
1667973180,+3.47,+15.468, +0.042,+0.936
1667973240,+3.47,+15.468, +0.042,+0.936
1667973300,+3.47,+15.485, +0.042,+0.936
1667973360,+3.47,+15.433, +0.042,+0.936
1667973420,+3.47,+15.442, +0.042,+0.936
1667973480,+3.47,+15.425, +0.042,+0.936
1667973540,+3.47,+15.433, +0.042,+0.936
1667973600,+3.47,+15.416, +0.041,+0.936
1667973660,+3.47,+15.416, +0.042,+0.936
1667973720,+3.47,+15.408, +0.042,+0.936
1667973780,+3.47,+15.425, +0.041,+0.936
1667973840,+3.47,+15.416, +0.041,+0.936
1667973900,+3.47,+15.408, +0.042,+0.936
1667973960,+3.47,+15.416, +0.042,+0.936
1667974020,+3.47,+15.399, +0.042,+0.936
1667974080,+3.47,+15.416, +0.042,+0.936
1667974140,+3.47,+15.399, +0.042,+0.936
1667974200,+3.47,+15.408, +0.042,+0.936
1667974260,+3.47,+15.382, +0.042,+0.936
1667974320,+3.47,+15.382, +0.042,+0.936
1667974380,+3.47,+15.390, +0.041,+0.936
1667974440,+3.47,+15.382, +0.042,+0.936
1667974500,+3.47,+15.373, +0.042,+0.936
1667974560,+3.47,+15.399, +0.041,+0.936
1667974620,+3.47,+15.382, +0.042,+0.936
1667974680,+3.47,+15.373, +0.042,+0.936
1667974740,+3.47,+15.382, +0.042,+0.936
1667974800,+3.47,+15.356, +0.042,+0.936
1667974860,+3.47,+15.373, +0.041,+0.936
1667974920,+3.47,+15.382, +0.042,+0.936
1667974980,+3.47,+15.356, +0.042,+0.936
1667975040,+3.47,+15.382, +0.042,+0.936
1667975100,+3.47,+15.356, +0.042,+0.936
1667975160,+3.47,+15.348, +0.042,+0.936
1667975220,+3.47,+15.339, +0.042,+0.936
1667975280,+3.47,+15.339, +0.042,+0.936
1667975340,+3.47,+15.330, +0.042,+0.936
1667975400,+3.47,+15.348, +0.042,+0.936
1667975460,+3.47,+15.330, +0.042,+0.936
1667975520,+3.47,+15.322, +0.042,+0.936
1667975580,+3.47,+15.322, +0.042,+0.936
1667975640,+3.47,+15.322, +0.042,+0.936
1667975700,+3.47,+15.305, +0.042,+0.936
1667975760,+3.47,+15.305, +0.042,+0.936
1667975820,+3.47,+15.279, +0.042,+0.936
1667975880,+3.47,+15.287, +0.042,+0.936
1667975940,+3.47,+15.305, +0.042,+0.936
1667976000,+3.47,+15.287, +0.042,+0.936
1667976060,+3.47,+15.270, +0.042,+0.936
1667976120,+3.47,+15.279, +0.042,+0.936
1667976180,+3.47,+15.262, +0.042,+0.936
1667976240,+3.47,+15.279, +0.042,+0.936
1667976300,+3.47,+15.279, +0.041,+0.936
1667976360,+3.47,+15.287, +0.042,+0.936
1667976420,+3.47,+15.270, +0.043,+0.936
1667976480,+3.47,+15.270, +0.042,+0.936
1667976540,+3.47,+15.287, +0.042,+0.936
1667976600,+3.47,+15.279, +0.042,+0.936
1667976660,+3.47,+15.287, +0.041,+0.936
1667976720,+3.47,+15.262, +0.042,+0.936
1667976780,+3.47,+15.279, +0.042,+0.936
1667976840,+3.47,+15.262, +0.042,+0.936
1667976900,+3.47,+15.262, +0.042,+0.936
1667976960,+3.47,+15.287, +0.042,+0.936
1667977020,+3.47,+15.270, +0.042,+0.936
1667977080,+3.47,+15.262, +0.042,+0.936
1667977140,+3.47,+15.270, +0.042,+0.936
1667977200,+3.47,+15.270, +0.042,+0.936
1667977260,+3.47,+15.279, +0.042,+0.936
1667977320,+3.47,+15.253, +0.042,+0.936
1667977380,+3.47,+15.244, +0.042,+0.936
1667977440,+3.47,+15.236, +0.042,+0.936
1667977500,+3.47,+15.227, +0.042,+0.936
1667977560,+3.47,+15.244, +0.042,+0.936
1667977620,+3.47,+15.253, +0.042,+0.936
1667977680,+3.47,+15.236, +0.042,+0.936
1667977740,+3.47,+15.244, +0.041,+0.936
1667977800,+3.47,+15.219, +0.042,+0.936
1667977860,+3.47,+15.219, +0.042,+0.936
1667977920,+3.47,+15.236, +0.042,+0.936
1667977980,+3.47,+15.210, +0.042,+0.936
1667978040,+3.47,+15.219, +0.042,+0.936
1667978100,+3.47,+15.201, +0.042,+0.936
1667978160,+3.47,+15.210, +0.042,+0.936
1667978220,+3.47,+15.219, +0.042,+0.936
1667978280,+3.47,+15.219, +0.042,+0.936
1667978340,+3.47,+15.201, +0.042,+0.936
1667978400,+3.47,+15.184, +0.042,+0.936
1667978460,+3.47,+15.193, +0.042,+0.936
1667978520,+3.47,+15.193, +0.042,+0.936
1667978580,+3.47,+15.184, +0.041,+0.936
1667978640,+3.47,+15.167, +0.043,+0.936
1667978700,+3.47,+15.193, +0.042,+0.936
1667978760,+3.47,+15.176, +0.043,+0.936
1667978820,+3.47,+15.167, +0.042,+0.936
1667978880,+3.47,+15.201, +0.042,+0.936
1667978940,+3.47,+15.193, +0.042,+0.936
1667979000,+3.47,+15.184, +0.042,+0.936
1667979060,+3.47,+15.184, +0.042,+0.936
1667979120,+3.47,+15.176, +0.042,+0.936
1667979180,+3.47,+15.176, +0.042,+0.936
1667979240,+3.47,+15.159, +0.042,+0.936
1667979300,+3.47,+15.176, +0.042,+0.936
1667979360,+3.47,+15.167, +0.042,+0.936
1667979420,+3.47,+15.159, +0.042,+0.936
1667979480,+3.47,+15.167, +0.042,+0.936
1667979540,+3.47,+15.184, +0.042,+0.936
1667979600,+3.47,+15.167, +0.042,+0.936
1667979660,+3.47,+15.159, +0.042,+0.936
1667979720,+3.47,+15.159, +0.042,+0.936
1667979780,+3.47,+15.167, +0.042,+0.936
1667979840,+3.47,+15.150, +0.042,+0.936
1667979900,+3.47,+15.184, +0.041,+0.936
1667979960,+3.47,+15.150, +0.042,+0.936
1667980020,+3.47,+15.133, +0.042,+0.936
1667980080,+3.47,+15.141, +0.043,+0.936
1667980140,+3.47,+15.141, +0.042,+0.936
1667980200,+3.47,+15.141, +0.043,+0.936
1667980260,+3.47,+15.150, +0.042,+0.936
1667980320,+3.47,+15.124, +0.042,+0.936
1667980380,+3.47,+15.133, +0.042,+0.936
1667980440,+3.47,+15.115, +0.043,+0.936
1667980500,+3.47,+15.141, +0.042,+0.936
1667980560,+3.47,+15.141, +0.042,+0.936
1667980620,+3.47,+15.150, +0.042,+0.936
1667980680,+3.47,+15.141, +0.042,+0.936
1667980740,+3.47,+15.141, +0.042,+0.936
1667980800,+3.47,+15.150, +0.042,+0.936
1667980860,+3.47,+15.124, +0.043,+0.936
1667980920,+3.47,+15.167, +0.042,+0.936
1667980980,+3.47,+15.150, +0.042,+0.936
1667981040,+3.47,+15.150, +0.042,+0.936
1667981100,+3.47,+15.141, +0.042,+0.936
1667981160,+3.47,+15.150, +0.042,+0.936
1667981220,+3.47,+15.150, +0.042,+0.936
1667981280,+3.47,+15.150, +0.043,+0.936
1667981340,+3.47,+15.159, +0.043,+0.936
1667981400,+3.47,+15.167, +0.042,+0.936
1667981460,+3.47,+15.167, +0.043,+0.936
1667981520,+3.47,+15.176, +0.042,+0.936
1667981580,+3.47,+15.167, +0.043,+0.936
1667981640,+3.47,+15.176, +0.043,+0.936
1667981700,+3.47,+15.167, +0.042,+0.936
1667981760,+3.47,+15.167, +0.042,+0.936
1667981820,+3.47,+15.176, +0.043,+0.936
1667981880,+3.47,+15.167, +0.043,+0.936
1667981940,+3.47,+15.167, +0.043,+0.936
1667982000,+3.47,+15.176, +0.042,+0.936
1667982060,+3.47,+15.184, +0.042,+0.936
1667982120,+3.47,+15.176, +0.042,+0.936
1667982180,+3.47,+15.176, +0.042,+0.936
1667982240,+3.47,+15.167, +0.042,+0.936
1667982300,+3.47,+15.176, +0.042,+0.936
1667982360,+3.47,+15.184, +0.042,+0.936
1667982420,+3.47,+15.184, +0.042,+0.936
1667982480,+3.47,+15.176, +0.042,+0.936
1667982540,+3.47,+15.159, +0.043,+0.936
1667982600,+3.47,+15.193, +0.042,+0.936
1667982660,+3.47,+15.184, +0.042,+0.936
1667982720,+3.47,+15.184, +0.042,+0.936
1667982780,+3.47,+15.176, +0.042,+0.936
1667982840,+3.47,+15.167, +0.042,+0.936
1667982900,+3.47,+15.176, +0.042,+0.936
1667982960,+3.47,+15.150, +0.043,+0.936
1667983020,+3.47,+15.167, +0.043,+0.936
1667983080,+3.47,+15.176, +0.042,+0.936
1667983140,+3.47,+15.159, +0.042,+0.936
1667983200,+3.47,+15.167, +0.042,+0.936
1667983260,+3.47,+15.141, +0.042,+0.936
1667983320,+3.47,+15.167, +0.042,+0.936
1667983380,+3.47,+15.159, +0.042,+0.936
1667983440,+3.47,+15.167, +0.042,+0.936
1667983500,+3.47,+15.176, +0.042,+0.936
1667983560,+3.47,+15.141, +0.042,+0.936
1667983620,+3.47,+15.159, +0.042,+0.936
1667983680,+3.47,+15.193, +0.042,+0.936
1667983740,+3.47,+15.159, +0.042,+0.936
1667983800,+3.47,+15.150, +0.042,+0.936
1667983860,+3.47,+15.141, +0.042,+0.936
1667983920,+3.47,+15.176, +0.041,+0.936
1667983980,+3.47,+15.141, +0.042,+0.936
1667984040,+3.47,+15.124, +0.043,+0.936
1667984100,+3.47,+15.150, +0.043,+0.936
1667984160,+3.47,+15.124, +0.042,+0.936
1667984220,+3.47,+15.124, +0.042,+0.936
1667984280,+3.47,+15.115, +0.043,+0.936
1667984340,+3.47,+15.115, +0.042,+0.936
1667984400,+3.47,+15.107, +0.042,+0.936
1667984460,+3.47,+15.124, +0.042,+0.936
1667984520,+3.47,+15.115, +0.042,+0.936
1667984580,+3.47,+15.107, +0.042,+0.936
1667984640,+3.47,+15.124, +0.042,+0.936
1667984700,+3.47,+15.098, +0.042,+0.936
1667984760,+3.47,+15.107, +0.042,+0.936
1667984820,+3.47,+15.115, +0.042,+0.936
1667984880,+3.47,+15.107, +0.042,+0.936
1667984940,+3.47,+15.107, +0.042,+0.936
1667985000,+3.47,+15.107, +0.042,+0.936
1667985060,+3.47,+15.115, +0.042,+0.936
1667985120,+3.47,+15.124, +0.042,+0.936
1667985180,+3.47,+15.090, +0.043,+0.936
1667985240,+3.47,+15.107, +0.043,+0.936
1667985300,+3.47,+15.090, +0.042,+0.936
1667985360,+3.47,+15.107, +0.042,+0.936
1667985420,+3.47,+15.098, +0.042,+0.936
1667985480,+3.47,+15.090, +0.043,+0.936
1667985540,+3.47,+15.072, +0.042,+0.936
1667985600,+3.47,+15.098, +0.042,+0.936
1667985660,+3.47,+15.064, +0.043,+0.936
1667985720,+3.47,+15.072, +0.042,+0.936
1667985780,+3.47,+15.055, +0.042,+0.936
1667985840,+3.47,+15.064, +0.042,+0.936
1667985900,+3.47,+15.047, +0.043,+0.936
1667985960,+3.47,+15.055, +0.042,+0.936
1667986020,+3.47,+15.055, +0.043,+0.936
1667986080,+3.47,+15.038, +0.043,+0.936
1667986140,+3.47,+15.064, +0.042,+0.936
1667986200,+3.47,+15.064, +0.042,+0.936
1667986260,+3.47,+15.064, +0.042,+0.936
1667986320,+3.47,+15.072, +0.043,+0.936
1667986380,+3.47,+15.072, +0.043,+0.936
1667986440,+3.47,+15.064, +0.042,+0.936
1667986500,+3.47,+15.064, +0.042,+0.936
1667986560,+3.47,+15.055, +0.043,+0.936
1667986620,+3.47,+15.064, +0.042,+0.936
1667986680,+3.47,+15.081, +0.042,+0.936
1667986740,+3.47,+15.047, +0.043,+0.936
1667986800,+3.47,+15.081, +0.043,+0.936
1667986860,+3.47,+15.072, +0.042,+0.936
1667986920,+3.47,+15.047, +0.043,+0.936
1667986980,+3.47,+15.081, +0.043,+0.936
1667987040,+3.47,+15.064, +0.042,+0.936
1667987100,+3.47,+15.055, +0.043,+0.936
1667987160,+3.47,+15.072, +0.042,+0.936
1667987220,+3.47,+15.055, +0.043,+0.936
1667987280,+3.47,+15.055, +0.043,+0.936
1667987340,+3.47,+15.081, +0.042,+0.936
1667987400,+3.47,+15.072, +0.042,+0.936
1667987460,+3.47,+15.055, +0.043,+0.936
1667987520,+3.47,+15.055, +0.043,+0.936
1667987580,+3.47,+15.047, +0.043,+0.936
1667987640,+3.47,+15.055, +0.043,+0.936
1667987700,+3.47,+15.064, +0.042,+0.936
1667987760,+3.47,+15.064, +0.042,+0.936
1667987820,+3.47,+15.047, +0.042,+0.936
1667987880,+3.47,+15.064, +0.042,+0.936
1667987940,+3.47,+15.072, +0.042,+0.936
1667988000,+3.47,+15.055, +0.043,+0.936
1667988060,+3.47,+15.072, +0.042,+0.936
1667988120,+3.47,+15.064, +0.042,+0.936
1667988180,+3.47,+15.055, +0.043,+0.936
1667988240,+3.47,+15.064, +0.043,+0.936
1667988300,+3.47,+15.064, +0.042,+0.936
1667988360,+3.47,+15.055, +0.042,+0.936
1667988420,+3.47,+15.072, +0.042,+0.936
1667988480,+3.47,+15.047, +0.042,+0.936
1667988540,+3.47,+15.055, +0.042,+0.936
1667988600,+3.47,+15.038, +0.043,+0.936
1667988660,+3.47,+15.038, +0.043,+0.936
1667988720,+3.47,+15.072, +0.042,+0.936
1667988780,+3.47,+15.055, +0.042,+0.936
1667988840,+3.47,+15.038, +0.043,+0.936
1667988900,+3.47,+15.038, +0.043,+0.936
1667988960,+3.47,+15.029, +0.042,+0.936
1667989020,+3.47,+15.055, +0.043,+0.936
1667989080,+3.47,+15.055, +0.042,+0.936
1667989140,+3.47,+15.047, +0.043,+0.936
1667989200,+3.47,+15.029, +0.043,+0.936
1667989260,+3.47,+15.047, +0.043,+0.936
1667989320,+3.47,+15.047, +0.043,+0.936
1667989380,+3.47,+15.038, +0.042,+0.936
1667989440,+3.47,+15.047, +0.042,+0.936
1667989500,+3.47,+15.038, +0.042,+0.936
1667989560,+3.47,+15.029, +0.043,+0.936
1667989620,+3.47,+15.029, +0.042,+0.936
1667989680,+3.47,+15.055, +0.043,+0.936
1667989740,+3.47,+15.012, +0.042,+0.936
1667989800,+3.47,+15.021, +0.043,+0.936
1667989860,+3.47,+15.012, +0.043,+0.936
1667989920,+3.47,+15.021, +0.042,+0.936
1667989980,+3.47,+15.012, +0.042,+0.936
1667990040,+3.47,+15.012, +0.042,+0.936
1667990100,+3.47,+15.021, +0.042,+0.936
1667990160,+3.47,+15.021, +0.042,+0.936
1667990220,+3.47,+15.004, +0.042,+0.936
1667990280,+3.47,+14.995, +0.043,+0.936
1667990340,+3.47,+14.995, +0.042,+0.936
1667990400,+3.47,+15.004, +0.042,+0.936
1667990460,+3.47,+14.995, +0.043,+0.936
1667990520,+3.47,+14.995, +0.043,+0.936
1667990580,+3.47,+14.986, +0.043,+0.936
1667990640,+3.47,+14.986, +0.043,+0.936
1667990700,+3.47,+15.004, +0.042,+0.936
1667990760,+3.47,+14.978, +0.043,+0.936
1667990820,+3.47,+14.978, +0.043,+0.936
1667990880,+3.47,+14.986, +0.042,+0.936
1667990940,+3.47,+14.986, +0.043,+0.936
1667991000,+3.47,+14.969, +0.042,+0.936
1667991060,+3.47,+14.961, +0.042,+0.936
1667991120,+3.47,+14.978, +0.043,+0.936
1667991180,+3.47,+14.952, +0.043,+0.936
1667991240,+3.47,+14.952, +0.042,+0.936
1667991300,+3.47,+14.935, +0.043,+0.936
1667991360,+3.47,+14.952, +0.042,+0.936
1667991420,+3.47,+14.926, +0.043,+0.936
1667991480,+3.47,+14.935, +0.043,+0.936
1667991540,+3.47,+14.926, +0.043,+0.936
1667991600,+3.47,+14.943, +0.042,+0.936
1667991660,+3.47,+14.917, +0.043,+0.936
1667991720,+3.47,+14.917, +0.043,+0.936
1667991780,+3.47,+14.926, +0.043,+0.936
1667991840,+3.47,+14.917, +0.042,+0.936
1667991900,+3.47,+14.926, +0.043,+0.936
1667991960,+3.47,+14.892, +0.042,+0.936
1667992020,+3.47,+14.866, +0.043,+0.936
1667992080,+3.47,+14.909, +0.043,+0.936
1667992140,+3.47,+14.926, +0.042,+0.936
1667992200,+3.47,+14.892, +0.043,+0.936
1667992260,+3.47,+14.909, +0.043,+0.936
1667992320,+3.47,+14.909, +0.043,+0.936
1667992380,+3.47,+14.900, +0.043,+0.936
1667992440,+3.47,+14.917, +0.042,+0.936
1667992500,+3.47,+14.892, +0.042,+0.936
1667992560,+3.47,+14.900, +0.043,+0.936
1667992620,+3.47,+14.892, +0.043,+0.936
1667992680,+3.47,+14.900, +0.043,+0.936
1667992740,+3.47,+14.892, +0.042,+0.936
1667992800,+3.47,+14.900, +0.043,+0.936
1667992860,+3.47,+14.900, +0.044,+0.936
1667992920,+3.47,+14.900, +0.043,+0.936
1667992980,+3.47,+14.917, +0.042,+0.936
1667993040,+3.47,+14.900, +0.043,+0.936
1667993100,+3.47,+14.900, +0.043,+0.936
1667993160,+3.47,+14.892, +0.043,+0.936
1667993220,+3.47,+14.909, +0.043,+0.936
1667993280,+3.47,+14.917, +0.042,+0.936
1667993340,+3.47,+14.926, +0.043,+0.936
1667993400,+3.47,+14.917, +0.042,+0.936
1667993460,+3.47,+14.917, +0.043,+0.936
1667993520,+3.47,+14.892, +0.043,+0.936
1667993580,+3.47,+14.917, +0.043,+0.936
1667993640,+3.47,+14.926, +0.043,+0.936
1667993700,+3.47,+14.926, +0.043,+0.936
1667993760,+3.47,+14.917, +0.043,+0.936
1667993820,+3.47,+14.883, +0.043,+0.936
1667993880,+3.47,+14.917, +0.043,+0.936
1667993940,+3.47,+14.909, +0.043,+0.936
1667994000,+3.47,+14.917, +0.042,+0.936
1667994060,+3.47,+14.909, +0.043,+0.936
1667994120,+3.47,+14.900, +0.043,+0.936
1667994180,+3.47,+14.892, +0.043,+0.936
1667994240,+3.47,+14.883, +0.042,+0.936
1667994300,+3.47,+14.917, +0.042,+0.936
1667994360,+3.47,+14.883, +0.043,+0.936
1667994420,+3.47,+14.917, +0.043,+0.936
1667994480,+3.47,+14.892, +0.043,+0.936
1667994540,+3.47,+14.917, +0.043,+0.936
1667994600,+3.47,+14.917, +0.042,+0.936
1667994660,+3.47,+14.926, +0.042,+0.936
1667994720,+3.47,+14.909, +0.043,+0.936
1667994780,+3.47,+14.935, +0.042,+0.936
1667994840,+3.47,+14.926, +0.043,+0.936
1667994900,+3.47,+14.917, +0.043,+0.936
1667994960,+3.47,+14.943, +0.043,+0.936
1667995020,+3.47,+14.917, +0.042,+0.936
1667995080,+3.47,+14.961, +0.042,+0.936
1667995140,+3.47,+14.935, +0.042,+0.936
1667995200,+3.47,+14.926, +0.043,+0.936
1667995260,+3.47,+14.926, +0.043,+0.936
1667995320,+3.47,+14.926, +0.043,+0.936
1667995380,+3.47,+14.926, +0.043,+0.936
1667995440,+3.47,+14.917, +0.043,+0.936
1667995500,+3.47,+14.926, +0.042,+0.936
1667995560,+3.47,+14.917, +0.042,+0.936
1667995620,+3.47,+14.909, +0.043,+0.936
1667995680,+3.47,+14.900, +0.043,+0.936
1667995740,+3.47,+14.917, +0.043,+0.936
1667995800,+3.47,+14.917, +0.043,+0.936
1667995860,+3.47,+14.935, +0.043,+0.936
1667995920,+3.47,+14.935, +0.043,+0.936
1667995980,+3.47,+14.943, +0.042,+0.936
1667996040,+3.47,+14.900, +0.043,+0.936
1667996100,+3.47,+14.926, +0.043,+0.936
1667996160,+3.47,+14.917, +0.043,+0.936
1667996220,+3.47,+14.943, +0.043,+0.936
1667996280,+3.47,+14.926, +0.043,+0.936
1667996340,+3.47,+14.926, +0.043,+0.936
1667996400,+3.47,+14.926, +0.042,+0.936
1667996460,+3.47,+14.909, +0.043,+0.936
1667996520,+3.47,+14.926, +0.042,+0.936
1667996580,+3.47,+14.935, +0.042,+0.936
1667996640,+3.47,+14.909, +0.043,+0.936
1667996700,+3.47,+14.935, +0.043,+0.936
1667996760,+3.47,+14.926, +0.043,+0.936
1667996820,+3.47,+14.926, +0.042,+0.936
1667996880,+3.47,+14.943, +0.042,+0.936
1667996940,+3.47,+14.917, +0.042,+0.936
1667997000,+3.47,+14.943, +0.042,+0.936
1667997060,+3.47,+14.943, +0.043,+0.936
1667997120,+3.47,+14.917, +0.043,+0.936
1667997180,+3.47,+14.917, +0.042,+0.936
1667997240,+3.47,+14.943, +0.043,+0.936
1667997300,+3.47,+14.926, +0.043,+0.936
1667997360,+3.47,+14.935, +0.043,+0.936
1667997420,+3.47,+14.935, +0.043,+0.936
1667997480,+3.47,+14.917, +0.042,+0.936
1667997540,+3.47,+14.917, +0.043,+0.936
1667997600,+3.47,+14.909, +0.042,+0.936
1667997660,+3.47,+14.917, +0.042,+0.936
1667997720,+3.47,+14.917, +0.043,+0.936
1667997780,+3.47,+14.917, +0.043,+0.936
1667997840,+3.47,+14.917, +0.042,+0.936
1667997900,+3.47,+14.917, +0.042,+0.936
1667997960,+3.47,+14.909, +0.043,+0.936
1667998020,+3.47,+14.917, +0.043,+0.936
1667998080,+3.47,+14.900, +0.043,+0.936
1667998140,+3.47,+14.909, +0.043,+0.936
1667998200,+3.47,+14.926, +0.042,+0.936
1667998260,+3.47,+14.909, +0.042,+0.936
1667998320,+3.47,+14.900, +0.043,+0.936
1667998380,+3.47,+14.900, +0.043,+0.936
1667998440,+3.47,+14.900, +0.043,+0.936
1667998500,+3.47,+14.900, +0.043,+0.936
1667998560,+3.47,+14.917, +0.042,+0.936
1667998620,+3.47,+14.909, +0.043,+0.936
1667998680,+3.47,+14.909, +0.043,+0.936
1667998740,+3.47,+14.909, +0.043,+0.936
1667998800,+3.47,+14.917, +0.042,+0.936
1667998860,+3.47,+14.892, +0.043,+0.936
1667998920,+3.47,+14.909, +0.043,+0.936
1667998980,+3.47,+14.909, +0.043,+0.936
1667999040,+3.47,+14.909, +0.043,+0.936
1667999100,+3.47,+14.909, +0.043,+0.936
1667999160,+3.47,+14.909, +0.043,+0.936
1667999220,+3.47,+14.917, +0.043,+0.936
1667999280,+3.47,+14.917, +0.043,+0.936
1667999340,+3.47,+14.943, +0.043,+0.936
1667999400,+3.47,+14.909, +0.043,+0.936
1667999460,+3.47,+14.935, +0.043,+0.936
1667999520,+3.47,+14.917, +0.043,+0.936
1667999580,+3.47,+14.935, +0.043,+0.936
1667999640,+3.47,+14.909, +0.043,+0.936
1667999700,+3.47,+14.926, +0.043,+0.936
1667999760,+3.47,+14.926, +0.043,+0.936
1667999820,+3.47,+14.892, +0.044,+0.936
1667999880,+3.47,+14.892, +0.043,+0.936
1667999940,+3.47,+14.909, +0.043,+0.936
1668000000,+3.47,+14.892, +0.043,+0.936
1668000060,+3.47,+14.883, +0.043,+0.936
1668000120,+3.47,+14.900, +0.042,+0.936
1668000180,+3.47,+14.883, +0.043,+0.936
1668000240,+3.47,+14.900, +0.043,+0.936
1668000300,+3.47,+14.892, +0.043,+0.936
1668000360,+3.47,+14.874, +0.043,+0.936
1668000420,+3.47,+14.892, +0.043,+0.936
1668000480,+3.47,+14.900, +0.042,+0.936
1668000540,+3.47,+14.892, +0.043,+0.936
1668000600,+3.47,+14.892, +0.043,+0.936
1668000660,+3.47,+14.883, +0.043,+0.936
1668000720,+3.47,+14.883, +0.043,+0.936
1668000780,+3.47,+14.883, +0.043,+0.936
1668000840,+3.47,+14.874, +0.043,+0.936
1668000900,+3.47,+14.883, +0.043,+0.936
1668000960,+3.47,+14.874, +0.043,+0.936
1668001020,+3.47,+14.883, +0.043,+0.936
1668001080,+3.47,+14.874, +0.043,+0.936
1668001140,+3.47,+14.866, +0.043,+0.936
1668001200,+3.47,+14.883, +0.043,+0.936
1668001260,+3.47,+14.848, +0.043,+0.936
1668001320,+3.47,+14.857, +0.043,+0.936
1668001380,+3.47,+14.857, +0.043,+0.936
1668001440,+3.47,+14.857, +0.043,+0.936
1668001500,+3.47,+14.857, +0.043,+0.936
1668001560,+3.47,+14.831, +0.043,+0.936
1668001620,+3.47,+14.848, +0.043,+0.936
1668001680,+3.47,+14.857, +0.043,+0.936
1668001740,+3.47,+14.823, +0.043,+0.936
1668001800,+3.47,+14.814, +0.042,+0.936
1668001860,+3.47,+14.805, +0.043,+0.936
1668001920,+3.47,+14.814, +0.043,+0.936
1668001980,+3.47,+14.797, +0.042,+0.936
1668002040,+3.47,+14.797, +0.043,+0.936
1668002100,+3.47,+14.805, +0.043,+0.936
1668002160,+3.47,+14.797, +0.042,+0.936
1668002220,+3.47,+14.797, +0.043,+0.936
1668002280,+3.47,+14.779, +0.043,+0.936
1668002340,+3.47,+14.779, +0.043,+0.936
1668002400,+3.47,+14.797, +0.043,+0.936
1668002460,+3.47,+14.788, +0.043,+0.936
1668002520,+3.47,+14.814, +0.043,+0.936
1668002580,+3.47,+14.814, +0.043,+0.936
1668002640,+3.47,+14.805, +0.043,+0.936
1668002700,+3.47,+14.814, +0.043,+0.936
1668002760,+3.47,+14.814, +0.043,+0.936
1668002820,+3.47,+14.823, +0.043,+0.936
1668002880,+3.47,+14.814, +0.043,+0.936
1668002940,+3.47,+14.797, +0.043,+0.936
1668003000,+3.47,+14.805, +0.043,+0.936
1668003060,+3.47,+14.771, +0.043,+0.936
1668003120,+3.47,+14.779, +0.043,+0.936
1668003180,+3.47,+14.779, +0.043,+0.936
1668003240,+3.47,+14.779, +0.043,+0.936
1668003300,+3.47,+14.779, +0.043,+0.936
1668003360,+3.47,+14.779, +0.043,+0.936
1668003420,+3.47,+14.788, +0.042,+0.936
1668003480,+3.47,+14.779, +0.043,+0.936
1668003540,+3.47,+14.771, +0.043,+0.936
1668003600,+3.47,+14.762, +0.043,+0.936
1668003660,+3.47,+14.771, +0.043,+0.936
1668003720,+3.47,+14.788, +0.043,+0.936
1668003780,+3.47,+14.762, +0.042,+0.936
1668003840,+3.47,+14.745, +0.043,+0.936
1668003900,+3.47,+14.771, +0.043,+0.936
1668003960,+3.47,+14.745, +0.042,+0.936
1668004020,+3.47,+14.745, +0.042,+0.936
1668004080,+3.47,+14.736, +0.043,+0.936
1668004140,+3.47,+14.754, +0.043,+0.936
1668004200,+3.47,+14.728, +0.043,+0.936
1668004260,+3.47,+14.702, +0.043,+0.936
1668004320,+3.47,+14.719, +0.043,+0.936
1668004380,+3.47,+14.693, +0.043,+0.936
1668004440,+3.47,+14.736, +0.043,+0.936
1668004500,+3.47,+14.702, +0.044,+0.936
1668004560,+3.47,+14.702, +0.043,+0.936
1668004620,+3.47,+14.693, +0.044,+0.936
1668004680,+3.47,+14.685, +0.042,+0.936
1668004740,+3.47,+14.693, +0.043,+0.936
1668004800,+3.47,+14.685, +0.043,+0.936
1668004860,+3.47,+14.676, +0.043,+0.936
1668004920,+3.47,+14.667, +0.043,+0.936
1668004980,+3.47,+14.676, +0.043,+0.936
1668005040,+3.47,+14.676, +0.043,+0.936
1668005100,+3.47,+14.659, +0.043,+0.936
1668005160,+3.47,+14.641, +0.043,+0.936
1668005220,+3.47,+14.659, +0.043,+0.936
1668005280,+3.47,+14.659, +0.043,+0.936
1668005340,+3.47,+14.667, +0.044,+0.936
1668005400,+3.47,+14.641, +0.043,+0.936
1668005460,+3.47,+14.641, +0.043,+0.936
1668005520,+3.47,+14.659, +0.043,+0.936
1668005580,+3.47,+14.641, +0.043,+0.936
1668005640,+3.47,+14.641, +0.043,+0.936
1668005700,+3.47,+14.641, +0.043,+0.936
1668005760,+3.47,+14.624, +0.043,+0.936
1668005820,+3.47,+14.598, +0.043,+0.936
1668005880,+3.47,+14.589, +0.043,+0.936
1668005940,+3.47,+14.581, +0.042,+0.936
1668006000,+3.47,+14.581, +0.043,+0.936
1668006060,+3.47,+14.581, +0.043,+0.936
1668006120,+3.47,+14.581, +0.044,+0.936
1668006180,+3.47,+14.572, +0.043,+0.936
1668006240,+3.47,+14.564, +0.043,+0.936
1668006300,+3.47,+14.572, +0.044,+0.936
1668006360,+3.47,+14.589, +0.043,+0.936
1668006420,+3.47,+14.589, +0.043,+0.936
1668006480,+3.47,+14.589, +0.043,+0.936
1668006540,+3.47,+14.589, +0.043,+0.936
1668006600,+3.47,+14.598, +0.043,+0.936
1668006660,+3.47,+14.589, +0.044,+0.936
1668006720,+3.47,+14.607, +0.043,+0.936
1668006780,+3.47,+14.607, +0.044,+0.936
1668006840,+3.47,+14.615, +0.043,+0.936
1668006900,+3.47,+14.624, +0.044,+0.936
1668006960,+3.47,+14.615, +0.043,+0.936
1668007020,+3.47,+14.615, +0.043,+0.936
1668007080,+3.47,+14.641, +0.044,+0.936
1668007140,+3.47,+14.624, +0.043,+0.936
1668007200,+3.47,+14.615, +0.043,+0.936
1668007260,+3.47,+14.624, +0.043,+0.936
1668007320,+3.47,+14.641, +0.043,+0.936
1668007380,+3.47,+14.641, +0.043,+0.936
1668007440,+3.47,+14.633, +0.043,+0.936
1668007500,+3.47,+14.607, +0.044,+0.936
1668007560,+3.47,+14.624, +0.043,+0.936
1668007620,+3.47,+14.633, +0.043,+0.936
1668007680,+3.47,+14.615, +0.044,+0.936
1668007740,+3.47,+14.624, +0.043,+0.936
1668007800,+3.47,+14.633, +0.043,+0.936
1668007860,+3.47,+14.641, +0.043,+0.936
1668007920,+3.47,+14.624, +0.043,+0.936
1668007980,+3.47,+14.633, +0.044,+0.936
1668008040,+3.47,+14.633, +0.043,+0.936
1668008100,+3.47,+14.641, +0.043,+0.936
1668008160,+3.47,+14.633, +0.044,+0.936
1668008220,+3.47,+14.633, +0.043,+0.936
1668008280,+3.47,+14.650, +0.043,+0.936
1668008340,+3.47,+14.676, +0.043,+0.936
1668008400,+3.47,+14.650, +0.043,+0.936
1668008460,+3.47,+14.641, +0.043,+0.936
1668008520,+3.47,+14.659, +0.043,+0.936
1668008580,+3.47,+14.641, +0.043,+0.936
1668008640,+3.47,+14.650, +0.043,+0.936
1668008700,+3.47,+14.641, +0.043,+0.936
1668008760,+3.47,+14.641, +0.043,+0.936
1668008820,+3.47,+14.641, +0.043,+0.936
1668008880,+3.47,+14.667, +0.043,+0.936
1668008940,+3.47,+14.667, +0.043,+0.936
1668009000,+3.47,+14.676, +0.044,+0.936
1668009060,+3.47,+14.685, +0.043,+0.936
1668009120,+3.47,+14.685, +0.043,+0.936
1668009180,+3.47,+14.702, +0.043,+0.936
1668009240,+3.47,+14.685, +0.044,+0.936
1668009300,+3.47,+14.702, +0.043,+0.936
1668009360,+3.47,+14.702, +0.043,+0.936
1668009420,+3.47,+14.710, +0.044,+0.936
1668009480,+3.47,+14.719, +0.043,+0.936
1668009540,+3.47,+14.710, +0.043,+0.936
1668009600,+3.47,+14.728, +0.043,+0.936
1668009660,+3.47,+14.736, +0.044,+0.936
1668009720,+3.47,+14.728, +0.043,+0.936
1668009780,+3.47,+14.762, +0.044,+0.936
1668009840,+3.47,+14.779, +0.043,+0.936
1668009900,+3.47,+14.762, +0.043,+0.936
1668009960,+3.47,+14.779, +0.044,+0.936
1668010020,+3.47,+14.805, +0.043,+0.936
1668010080,+3.47,+14.805, +0.044,+0.936
1668010140,+3.47,+14.823, +0.044,+0.936
1668010200,+3.47,+14.797, +0.043,+0.936
1668010260,+3.47,+14.814, +0.043,+0.936
1668010320,+3.47,+14.840, +0.043,+0.936
1668010380,+3.47,+14.857, +0.043,+0.936
1668010440,+3.47,+14.831, +0.043,+0.936
1668010500,+3.47,+14.831, +0.044,+0.936
1668010560,+3.47,+14.848, +0.043,+0.936
1668010620,+3.47,+14.840, +0.043,+0.936
1668010680,+3.47,+14.814, +0.043,+0.936
1668010740,+3.47,+14.788, +0.042,+0.936
1668010800,+3.47,+14.771, +0.042,+0.936
1668010860,+3.47,+14.762, +0.042,+0.936
1668010920,+3.47,+14.728, +0.042,+0.936
1668010980,+3.47,+14.719, +0.042,+0.936
1668011040,+3.47,+14.702, +0.043,+0.936
1668011100,+3.47,+14.685, +0.042,+0.936
1668011160,+3.47,+14.676, +0.042,+0.936
1668011220,+3.47,+14.659, +0.043,+0.936
1668011280,+3.47,+14.641, +0.043,+0.936
1668011340,+3.47,+14.633, +0.043,+0.936
1668011400,+3.47,+14.633, +0.043,+0.936
1668011460,+3.47,+14.633, +0.043,+0.936
1668011520,+3.47,+14.615, +0.043,+0.936
1668011580,+3.47,+14.607, +0.044,+0.936
1668011640,+3.47,+14.607, +0.043,+0.936
1668011700,+3.47,+14.615, +0.043,+0.936
1668011760,+3.47,+14.598, +0.043,+0.936
1668011820,+3.47,+14.589, +0.043,+0.936
1668011880,+3.47,+14.589, +0.043,+0.936
1668011940,+3.47,+14.589, +0.043,+0.936
1668012000,+3.47,+14.589, +0.044,+0.936
1668012060,+3.47,+14.589, +0.043,+0.936
1668012120,+3.47,+14.615, +0.043,+0.936
1668012180,+3.47,+14.589, +0.043,+0.936
1668012240,+3.47,+14.598, +0.043,+0.936
1668012300,+3.47,+14.581, +0.043,+0.936
1668012360,+3.47,+14.581, +0.044,+0.936
1668012420,+3.47,+14.581, +0.043,+0.936
1668012480,+3.47,+14.572, +0.043,+0.936
