7450-383325
OS REV: 1.05 Sensor Cal: 1644949570
Time (sec),  BV (Volts),  T (deg C),  DO (mg/l),  Q ()
1663174140,+3.49,+22.922, +7.191,+0.970
1663174200,+3.49,+22.930, +7.214,+0.970
1663174260,+3.49,+22.947, +7.162,+0.971
1663174320,+3.49,+22.922, +7.149,+0.970
1663174380,+3.49,+22.913, +7.137,+0.970
1663174440,+3.49,+22.930, +7.098,+0.970
1663174500,+3.49,+22.930, +7.098,+0.970
1663174560,+3.49,+22.938, +7.110,+0.970
1663174620,+3.49,+22.922, +7.066,+0.970
1663174680,+3.49,+22.905, +7.092,+0.970
1663174740,+3.49,+22.930, +7.129,+0.970
1663174800,+3.49,+22.947, +7.150,+0.970
1663174860,+3.49,+22.938, +7.134,+0.970
1663174920,+3.49,+22.930, +7.132,+0.971
1663174980,+3.49,+22.947, +7.088,+0.971
1663175040,+3.49,+22.947, +7.084,+0.970
1663175100,+3.49,+22.955, +7.218,+0.970
1663175160,+3.49,+22.955, +7.254,+0.971
1663175220,+3.49,+22.922, +7.290,+0.970
1663175280,+3.49,+22.938, +7.305,+0.970
1663175340,+3.49,+22.938, +7.303,+0.970
1663175400,+3.49,+22.963, +7.299,+0.971
1663175460,+3.49,+22.947, +7.359,+0.970
1663175520,+3.49,+22.963, +7.373,+0.971
1663175580,+3.49,+22.938, +7.378,+0.971
1663175640,+3.49,+22.947, +7.353,+0.970
1663175700,+3.49,+22.980, +7.366,+0.970
1663175760,+3.49,+22.963, +7.391,+0.970
1663175820,+3.49,+22.963, +7.380,+0.970
1663175880,+3.49,+22.963, +7.390,+0.971
1663175940,+3.49,+22.963, +7.409,+0.971
1663176000,+3.49,+22.980, +7.373,+0.971
1663176060,+3.49,+23.005, +7.398,+0.970
1663176120,+3.49,+23.005, +7.514,+0.970
1663176180,+3.49,+22.997, +7.580,+0.971
1663176240,+3.49,+23.022, +7.597,+0.971
1663176300,+3.49,+23.022, +7.608,+0.971
1663176360,+3.49,+23.022, +7.622,+0.971
1663176420,+3.49,+23.039, +7.631,+0.971
1663176480,+3.49,+23.056, +7.639,+0.971
1663176540,+3.49,+23.056, +7.684,+0.971
1663176600,+3.49,+23.072, +7.724,+0.971
1663176660,+3.49,+23.064, +7.741,+0.971
1663176720,+3.49,+23.072, +7.780,+0.971
1663176780,+3.49,+23.064, +7.779,+0.971
1663176840,+3.49,+23.081, +7.753,+0.971
1663176900,+3.49,+23.097, +7.737,+0.970
1663176960,+3.49,+23.097, +7.776,+0.971
1663177020,+3.49,+23.106, +7.858,+0.970
1663177080,+3.49,+23.097, +7.920,+0.971
1663177140,+3.49,+23.097, +7.908,+0.971
1663177200,+3.49,+23.106, +7.885,+0.971
1663177260,+3.49,+23.089, +7.878,+0.970
1663177320,+3.49,+23.106, +7.889,+0.971
1663177380,+3.49,+23.089, +7.888,+0.971
1663177440,+3.49,+23.089, +7.899,+0.971
1663177500,+3.49,+23.114, +7.845,+0.970
1663177560,+3.49,+23.123, +7.819,+0.971
1663177620,+3.49,+23.114, +7.719,+0.971
1663177680,+3.49,+23.106, +7.632,+0.971
1663177740,+3.49,+23.114, +7.659,+0.971
1663177800,+3.49,+23.114, +7.790,+0.971
1663177860,+3.49,+23.097, +7.857,+0.971
1663177920,+3.49,+23.123, +7.933,+0.971
1663177980,+3.49,+23.114, +7.989,+0.970
1663178040,+3.49,+23.131, +8.018,+0.971
1663178100,+3.49,+23.131, +8.060,+0.971
1663178160,+3.49,+23.148, +8.083,+0.971
1663178220,+3.49,+23.156, +8.096,+0.971
1663178280,+3.49,+23.156, +8.129,+0.971
1663178340,+3.49,+23.156, +8.149,+0.971
1663178400,+3.49,+23.164, +8.143,+0.971
1663178460,+3.49,+23.164, +7.857,+0.971
1663178520,+3.49,+23.148, +7.960,+0.971
1663178580,+3.49,+23.156, +8.042,+0.971
1663178640,+3.49,+23.148, +8.103,+0.971
1663178700,+3.49,+23.148, +8.094,+0.971
1663178760,+3.49,+23.139, +8.097,+0.971
1663178820,+3.49,+23.139, +8.082,+0.971
1663178880,+3.49,+23.164, +8.042,+0.970
1663178940,+3.49,+23.139, +8.071,+0.971
1663179000,+3.49,+23.156, +8.047,+0.971
1663179060,+3.49,+23.131, +8.065,+0.972
1663179120,+3.49,+23.164, +8.063,+0.971
1663179180,+3.49,+23.131, +8.121,+0.971
1663179240,+3.49,+23.164, +8.123,+0.971
1663179300,+3.49,+23.156, +8.145,+0.971
1663179360,+3.49,+23.156, +8.176,+0.971
1663179420,+3.49,+23.148, +8.229,+0.971
1663179480,+3.49,+23.173, +8.299,+0.971
1663179540,+3.49,+23.173, +8.360,+0.971
1663179600,+3.49,+23.173, +8.384,+0.971
1663179660,+3.49,+23.164, +8.326,+0.971
1663179720,+3.49,+23.156, +8.270,+0.971
1663179780,+3.49,+23.131, +8.215,+0.972
1663179840,+3.49,+23.114, +8.059,+0.971
1663179900,+3.49,+23.114, +7.948,+0.971
1663179960,+3.49,+23.097, +7.774,+0.970
1663180020,+3.49,+23.097, +7.631,+0.970
1663180080,+3.49,+23.081, +7.588,+0.971
1663180140,+3.49,+23.072, +7.538,+0.971
1663180200,+3.49,+23.064, +7.483,+0.971
1663180260,+3.49,+23.072, +7.451,+0.970
1663180320,+3.49,+23.047, +7.429,+0.970
1663180380,+3.49,+23.047, +7.435,+0.970
1663180440,+3.49,+23.047, +7.420,+0.971
1663180500,+3.49,+23.047, +7.402,+0.970
1663180560,+3.49,+23.030, +7.380,+0.971
1663180620,+3.49,+23.047, +7.355,+0.970
1663180680,+3.49,+23.039, +7.365,+0.970
1663180740,+3.49,+23.047, +7.385,+0.970
1663180800,+3.49,+23.039, +7.449,+0.971
1663180860,+3.49,+23.039, +7.432,+0.970
1663180920,+3.49,+23.022, +7.463,+0.971
1663180980,+3.49,+23.030, +7.465,+0.970
1663181040,+3.49,+23.022, +7.434,+0.970
1663181100,+3.49,+23.039, +7.463,+0.971
1663181160,+3.49,+23.030, +7.484,+0.970
1663181220,+3.49,+23.047, +7.491,+0.970
1663181280,+3.49,+23.056, +7.489,+0.971
1663181340,+3.49,+23.047, +7.422,+0.970
1663181400,+3.49,+23.039, +7.425,+0.971
1663181460,+3.49,+23.056, +7.448,+0.971
1663181520,+3.49,+23.064, +7.453,+0.970
1663181580,+3.49,+23.039, +7.461,+0.970
1663181640,+3.49,+23.056, +7.425,+0.970
1663181700,+3.49,+23.064, +7.476,+0.971
1663181760,+3.49,+23.064, +7.494,+0.970
1663181820,+3.49,+23.064, +7.488,+0.970
1663181880,+3.49,+23.047, +7.423,+0.971
1663181940,+3.49,+23.081, +7.423,+0.971
1663182000,+3.49,+23.064, +7.434,+0.971
1663182060,+3.49,+23.056, +7.544,+0.971
1663182120,+3.49,+23.081, +7.539,+0.971
1663182180,+3.49,+23.030, +7.517,+0.971
1663182240,+3.49,+23.072, +7.549,+0.971
1663182300,+3.49,+23.064, +7.596,+0.971
1663182360,+3.49,+23.064, +7.629,+0.971
1663182420,+3.49,+23.047, +7.659,+0.970
1663182480,+3.49,+23.072, +7.661,+0.971
1663182540,+3.49,+23.081, +7.670,+0.970
1663182600,+3.49,+23.072, +7.689,+0.971
1663182660,+3.49,+23.064, +7.704,+0.971
1663182720,+3.49,+23.056, +7.713,+0.971
1663182780,+3.49,+23.072, +7.780,+0.971
1663182840,+3.49,+23.064, +7.809,+0.971
1663182900,+3.49,+23.064, +7.786,+0.971
1663182960,+3.49,+23.064, +7.758,+0.971
1663183020,+3.49,+23.064, +7.740,+0.970
1663183080,+3.49,+23.081, +7.718,+0.970
1663183140,+3.49,+23.081, +7.709,+0.970
1663183200,+3.49,+23.081, +7.706,+0.971
1663183260,+3.49,+23.089, +7.712,+0.971
1663183320,+3.49,+23.089, +7.797,+0.970
1663183380,+3.49,+23.106, +7.821,+0.971
1663183440,+3.49,+23.097, +7.852,+0.971
1663183500,+3.49,+23.106, +7.880,+0.970
1663183560,+3.49,+23.106, +7.869,+0.971
1663183620,+3.49,+23.089, +7.866,+0.971
1663183680,+3.49,+23.123, +7.849,+0.971
1663183740,+3.49,+23.106, +7.861,+0.971
1663183800,+3.49,+23.097, +7.773,+0.971
1663183860,+3.49,+23.089, +7.735,+0.971
1663183920,+3.49,+23.097, +7.799,+0.971
1663183980,+3.49,+23.106, +7.806,+0.971
1663184040,+3.49,+23.106, +7.812,+0.971
1663184100,+3.49,+23.097, +7.872,+0.971
1663184160,+3.49,+23.114, +7.903,+0.971
1663184220,+3.49,+23.123, +7.918,+0.971
1663184280,+3.50,+23.106, +7.959,+0.970
1663184340,+3.49,+23.106, +7.967,+0.971
1663184400,+3.49,+23.106, +7.947,+0.970
1663184460,+3.49,+23.114, +7.969,+0.971
1663184520,+3.49,+23.106, +7.963,+0.971
1663184580,+3.49,+23.106, +7.929,+0.971
1663184640,+3.49,+23.097, +7.911,+0.971
1663184700,+3.49,+23.114, +7.891,+0.971
1663184760,+3.49,+23.106, +7.862,+0.971
1663184820,+3.49,+23.081, +7.820,+0.970
1663184880,+3.49,+23.089, +7.733,+0.971
1663184940,+3.49,+23.072, +7.465,+0.970
1663185000,+3.49,+23.072, +7.551,+0.970
1663185060,+3.49,+23.089, +7.661,+0.970
1663185120,+3.49,+23.072, +7.711,+0.971
1663185180,+3.49,+23.081, +7.736,+0.971
1663185240,+3.49,+23.089, +7.711,+0.970
1663185300,+3.49,+23.081, +7.730,+0.971
1663185360,+3.49,+23.089, +7.708,+0.970
1663185420,+3.49,+23.072, +7.715,+0.971
1663185480,+3.49,+23.081, +7.687,+0.970
1663185540,+3.49,+23.081, +7.685,+0.970
1663185600,+3.49,+23.072, +7.763,+0.971
1663185660,+3.49,+23.089, +7.747,+0.971
1663185720,+3.49,+23.081, +7.599,+0.971
1663185780,+3.49,+23.064, +7.482,+0.970
1663185840,+3.49,+23.081, +7.360,+0.971
1663185900,+3.49,+23.056, +7.364,+0.970
1663185960,+3.49,+23.047, +7.369,+0.971
1663186020,+3.49,+23.064, +7.363,+0.970
1663186080,+3.49,+23.081, +7.322,+0.970
1663186140,+3.49,+23.064, +7.310,+0.970
1663186200,+3.49,+23.072, +7.261,+0.970
1663186260,+3.49,+23.047, +7.284,+0.971
1663186320,+3.49,+23.064, +7.248,+0.970
1663186380,+3.49,+23.072, +7.257,+0.970
1663186440,+3.49,+23.056, +7.310,+0.970
1663186500,+3.49,+23.064, +7.408,+0.971
1663186560,+3.49,+23.072, +7.409,+0.971
1663186620,+3.49,+23.064, +7.399,+0.971
1663186680,+3.49,+23.064, +7.333,+0.971
1663186740,+3.49,+23.056, +7.463,+0.970
1663186800,+3.49,+23.081, +7.504,+0.971
1663186860,+3.49,+23.072, +7.549,+0.970
1663186920,+3.49,+23.072, +7.563,+0.971
1663186980,+3.49,+23.072, +7.442,+0.970
1663187040,+3.49,+23.072, +7.403,+0.970
1663187100,+3.49,+23.097, +7.391,+0.970
1663187160,+3.49,+23.064, +7.408,+0.970
1663187220,+3.49,+23.072, +7.446,+0.970
1663187280,+3.49,+23.081, +7.451,+0.970
1663187340,+3.49,+23.089, +7.415,+0.971
1663187400,+3.49,+23.072, +7.515,+0.971
1663187460,+3.49,+23.081, +7.536,+0.970
1663187520,+3.49,+23.106, +7.510,+0.971
1663187580,+3.49,+23.081, +7.485,+0.970
1663187640,+3.49,+23.089, +7.504,+0.971
1663187700,+3.49,+23.089, +7.520,+0.970
1663187760,+3.49,+23.089, +7.474,+0.970
1663187820,+3.49,+23.064, +7.524,+0.970
1663187880,+3.49,+23.056, +7.505,+0.970
1663187940,+3.49,+23.064, +7.394,+0.971
1663188000,+3.49,+23.081, +7.238,+0.970
1663188060,+3.49,+23.072, +7.223,+0.971
1663188120,+3.50,+23.097, +7.167,+0.971
1663188180,+3.49,+23.089, +7.140,+0.970
1663188240,+3.49,+23.081, +7.125,+0.971
1663188300,+3.49,+23.081, +6.855,+0.970
1663188360,+3.49,+23.097, +6.686,+0.970
1663188420,+3.49,+23.081, +6.694,+0.970
1663188480,+3.49,+23.064, +6.720,+0.970
1663188540,+3.49,+23.072, +6.910,+0.970
1663188600,+3.49,+23.064, +6.929,+0.970
1663188660,+3.49,+23.047, +6.942,+0.971
1663188720,+3.49,+23.064, +6.891,+0.970
1663188780,+3.49,+23.056, +6.816,+0.970
1663188840,+3.49,+23.056, +6.771,+0.970
1663188900,+3.49,+23.056, +6.754,+0.970
1663188960,+3.49,+23.064, +6.762,+0.970
1663189020,+3.49,+23.064, +6.781,+0.970
1663189080,+3.49,+23.039, +6.729,+0.970
1663189140,+3.49,+23.064, +6.715,+0.970
1663189200,+3.49,+23.039, +6.767,+0.970
1663189260,+3.49,+23.064, +6.738,+0.971
1663189320,+3.49,+23.056, +6.759,+0.970
1663189380,+3.49,+23.072, +6.775,+0.970
1663189440,+3.49,+23.039, +6.802,+0.970
1663189500,+3.49,+23.056, +6.821,+0.970
1663189560,+3.49,+23.056, +6.820,+0.970
1663189620,+3.49,+23.056, +6.800,+0.971
1663189680,+3.49,+23.056, +6.763,+0.971
1663189740,+3.49,+23.047, +6.681,+0.970
1663189800,+3.49,+23.039, +6.679,+0.970
1663189860,+3.49,+23.039, +6.753,+0.970
1663189920,+3.49,+23.072, +6.740,+0.970
1663189980,+3.49,+23.064, +6.736,+0.970
1663190040,+3.49,+23.064, +6.677,+0.970
1663190100,+3.49,+23.056, +6.797,+0.970
1663190160,+3.49,+23.064, +6.823,+0.970
1663190220,+3.49,+23.047, +6.724,+0.970
1663190280,+3.49,+23.030, +6.719,+0.970
1663190340,+3.50,+23.022, +6.691,+0.970
1663190400,+3.49,+23.014, +6.737,+0.970
1663190460,+3.49,+23.005, +6.754,+0.970
1663190520,+3.49,+23.022, +6.768,+0.970
1663190580,+3.49,+23.014, +6.776,+0.970
1663190640,+3.49,+23.014, +6.764,+0.970
1663190700,+3.49,+23.014, +6.760,+0.970
1663190760,+3.49,+23.014, +6.805,+0.970
1663190820,+3.49,+23.005, +6.817,+0.970
1663190880,+3.50,+23.014, +6.822,+0.970
1663190940,+3.49,+23.030, +6.782,+0.970
1663191000,+3.49,+23.014, +6.809,+0.970
1663191060,+3.50,+23.022, +6.808,+0.970
1663191120,+3.49,+23.030, +6.813,+0.970
1663191180,+3.49,+23.022, +6.774,+0.970
1663191240,+3.49,+23.022, +6.717,+0.971
1663191300,+3.49,+23.030, +6.624,+0.970
1663191360,+3.49,+23.039, +6.719,+0.970
1663191420,+3.49,+23.022, +6.825,+0.970
1663191480,+3.49,+23.014, +6.854,+0.970
1663191540,+3.49,+23.022, +6.835,+0.970
1663191600,+3.49,+23.030, +6.736,+0.970
1663191660,+3.49,+23.030, +6.654,+0.970
1663191720,+3.49,+23.039, +6.720,+0.970
1663191780,+3.49,+23.022, +6.742,+0.970
1663191840,+3.49,+23.030, +6.769,+0.970
1663191900,+3.49,+23.022, +6.781,+0.970
1663191960,+3.49,+23.047, +6.765,+0.970
1663192020,+3.49,+23.022, +6.735,+0.970
1663192080,+3.49,+23.039, +6.620,+0.970
1663192140,+3.49,+23.022, +6.443,+0.970
1663192200,+3.49,+23.022, +6.437,+0.970
1663192260,+3.49,+23.039, +6.476,+0.970
1663192320,+3.49,+23.047, +6.439,+0.970
1663192380,+3.50,+23.022, +6.454,+0.970
1663192440,+3.49,+23.030, +6.385,+0.970
1663192500,+3.49,+23.039, +6.224,+0.970
1663192560,+3.49,+23.030, +6.230,+0.970
1663192620,+3.49,+23.039, +6.276,+0.970
1663192680,+3.49,+23.056, +6.301,+0.970
1663192740,+3.49,+23.039, +6.293,+0.970
1663192800,+3.49,+23.039, +6.243,+0.970
1663192860,+3.49,+23.047, +6.263,+0.971
1663192920,+3.49,+23.064, +6.321,+0.970
1663192980,+3.49,+23.056, +6.320,+0.970
1663193040,+3.49,+23.039, +6.372,+0.970
1663193100,+3.49,+23.047, +6.423,+0.970
1663193160,+3.49,+23.056, +6.469,+0.970
1663193220,+3.49,+23.030, +6.541,+0.970
1663193280,+3.50,+23.056, +6.483,+0.970
1663193340,+3.49,+23.064, +6.549,+0.970
1663193400,+3.49,+23.039, +6.682,+0.970
1663193460,+3.50,+23.047, +6.858,+0.970
1663193520,+3.49,+23.047, +6.919,+0.970
1663193580,+3.49,+23.039, +6.957,+0.970
1663193640,+3.49,+23.022, +7.091,+0.970
1663193700,+3.49,+23.047, +7.097,+0.970
1663193760,+3.49,+23.022, +7.106,+0.970
1663193820,+3.50,+23.030, +7.095,+0.970
1663193880,+3.49,+23.047, +7.077,+0.970
1663193940,+3.49,+23.039, +7.048,+0.970
1663194000,+3.49,+23.039, +6.992,+0.970
1663194060,+3.49,+23.030, +6.852,+0.970
1663194120,+3.49,+23.030, +6.842,+0.970
1663194180,+3.49,+23.039, +6.745,+0.970
1663194240,+3.49,+23.047, +6.584,+0.970
1663194300,+3.49,+23.030, +6.413,+0.970
1663194360,+3.50,+23.047, +6.290,+0.970
1663194420,+3.50,+23.030, +6.502,+0.971
1663194480,+3.49,+23.022, +6.825,+0.970
1663194540,+3.49,+23.030, +6.849,+0.970
1663194600,+3.49,+23.030, +6.876,+0.970
1663194660,+3.49,+23.022, +6.896,+0.970
1663194720,+3.49,+23.014, +6.887,+0.971
1663194780,+3.49,+23.022, +6.922,+0.970
1663194840,+3.49,+23.022, +6.906,+0.970
1663194900,+3.50,+23.014, +6.571,+0.970
1663194960,+3.49,+22.989, +6.452,+0.970
1663195020,+3.49,+22.997, +6.419,+0.970
1663195080,+3.50,+22.980, +6.398,+0.971
1663195140,+3.50,+22.989, +6.390,+0.970
1663195200,+3.49,+22.989, +6.338,+0.970
1663195260,+3.50,+23.014, +6.298,+0.970
1663195320,+3.50,+22.989, +6.288,+0.970
1663195380,+3.50,+22.997, +6.259,+0.970
1663195440,+3.49,+23.014, +6.261,+0.970
1663195500,+3.50,+22.997, +6.294,+0.970
1663195560,+3.50,+22.980, +6.302,+0.970
1663195620,+3.50,+22.980, +6.317,+0.970
1663195680,+3.50,+22.989, +6.453,+0.970
1663195740,+3.50,+22.989, +6.485,+0.970
1663195800,+3.50,+22.989, +6.494,+0.970
1663195860,+3.50,+22.989, +6.442,+0.970
1663195920,+3.50,+22.980, +6.439,+0.970
1663195980,+3.50,+22.989, +6.373,+0.970
1663196040,+3.50,+22.989, +6.232,+0.970
1663196100,+3.50,+22.989, +6.037,+0.970
1663196160,+3.50,+22.972, +6.154,+0.970
1663196220,+3.50,+22.980, +6.347,+0.970
1663196280,+3.50,+22.980, +6.378,+0.970
1663196340,+3.50,+22.997, +6.385,+0.970
1663196400,+3.49,+22.980, +6.379,+0.970
1663196460,+3.50,+22.980, +6.381,+0.970
1663196520,+3.50,+22.980, +6.379,+0.970
1663196580,+3.50,+23.005, +6.631,+0.970
1663196640,+3.50,+22.997, +6.789,+0.971
1663196700,+3.50,+23.005, +6.815,+0.970
1663196760,+3.50,+22.997, +6.829,+0.970
1663196820,+3.49,+23.005, +6.812,+0.970
1663196880,+3.49,+23.030, +6.981,+0.970
1663196940,+3.50,+23.014, +6.998,+0.970
1663197000,+3.49,+23.030, +6.984,+0.970
1663197060,+3.49,+23.014, +6.924,+0.970
1663197120,+3.50,+23.005, +6.840,+0.970
1663197180,+3.50,+23.005, +6.883,+0.970
1663197240,+3.50,+22.997, +6.887,+0.970
1663197300,+3.50,+23.005, +6.845,+0.971
1663197360,+3.50,+23.005, +6.679,+0.970
1663197420,+3.49,+23.022, +6.595,+0.970
1663197480,+3.50,+23.030, +6.530,+0.970
1663197540,+3.50,+23.014, +6.311,+0.970
1663197600,+3.50,+23.014, +6.426,+0.970
1663197660,+3.50,+23.022, +6.701,+0.970
1663197720,+3.50,+23.022, +6.770,+0.970
1663197780,+3.49,+23.022, +6.805,+0.970
1663197840,+3.49,+23.022, +6.785,+0.970
1663197900,+3.49,+23.014, +6.814,+0.970
1663197960,+3.50,+23.014, +6.811,+0.970
1663198020,+3.49,+23.014, +6.800,+0.970
1663198080,+3.50,+23.022, +6.783,+0.970
1663198140,+3.49,+23.014, +6.825,+0.970
1663198200,+3.49,+23.014, +6.865,+0.970
1663198260,+3.49,+23.022, +6.808,+0.970
1663198320,+3.49,+23.005, +6.702,+0.970
1663198380,+3.49,+23.022, +6.558,+0.970
1663198440,+3.49,+23.014, +6.467,+0.970
1663198500,+3.49,+23.014, +6.330,+0.970
1663198560,+3.49,+22.997, +6.251,+0.970
1663198620,+3.50,+23.014, +6.275,+0.970
1663198680,+3.49,+23.022, +6.437,+0.970
1663198740,+3.49,+23.014, +6.560,+0.970
1663198800,+3.49,+23.030, +6.809,+0.971
1663198860,+3.49,+23.022, +6.873,+0.970
1663198920,+3.49,+23.030, +6.911,+0.970
1663198980,+3.49,+23.030, +6.867,+0.970
1663199040,+3.49,+23.047, +6.791,+0.970
1663199100,+3.49,+23.056, +6.827,+0.970
1663199160,+3.49,+23.047, +6.893,+0.970
1663199220,+3.49,+23.064, +6.903,+0.970
1663199280,+3.50,+23.047, +6.702,+0.970
1663199340,+3.49,+23.056, +6.538,+0.970
1663199400,+3.49,+23.022, +6.575,+0.970
1663199460,+3.50,+23.030, +6.586,+0.970
1663199520,+3.49,+23.030, +6.531,+0.970
1663199580,+3.49,+23.030, +6.431,+0.970
1663199640,+3.50,+23.039, +6.338,+0.970
1663199700,+3.49,+23.030, +6.160,+0.970
1663199760,+3.49,+23.030, +6.088,+0.970
1663199820,+3.49,+23.022, +6.035,+0.970
1663199880,+3.49,+23.039, +6.000,+0.970
1663199940,+3.49,+23.039, +5.953,+0.970
1663200000,+3.49,+23.022, +5.857,+0.970
1663200060,+3.49,+23.022, +5.248,+0.970
1663200120,+3.49,+23.030, +5.505,+0.970
1663200180,+3.49,+23.030, +5.637,+0.970
1663200240,+3.49,+23.014, +5.711,+0.969
1663200300,+3.49,+23.030, +5.788,+0.970
1663200360,+3.49,+23.030, +5.833,+0.970
1663200420,+3.50,+23.047, +5.855,+0.970
1663200480,+3.49,+23.030, +5.889,+0.970
1663200540,+3.49,+23.047, +5.940,+0.970
1663200600,+3.50,+23.047, +6.035,+0.970
1663200660,+3.49,+23.039, +6.121,+0.970
1663200720,+3.49,+23.039, +6.150,+0.970
1663200780,+3.49,+23.047, +6.151,+0.970
1663200840,+3.49,+23.030, +6.193,+0.970
1663200900,+3.49,+23.039, +6.238,+0.970
1663200960,+3.49,+23.047, +6.252,+0.970
1663201020,+3.49,+23.030, +6.250,+0.970
1663201080,+3.49,+23.056, +6.213,+0.970
1663201140,+3.50,+23.030, +6.201,+0.970
1663201200,+3.49,+23.039, +6.221,+0.970
1663201260,+3.49,+23.047, +6.269,+0.970
1663201320,+3.49,+23.056, +6.283,+0.970
1663201380,+3.49,+23.056, +6.287,+0.970
1663201440,+3.49,+23.047, +6.319,+0.970
1663201500,+3.49,+23.047, +6.310,+0.970
1663201560,+3.49,+23.047, +6.306,+0.970
1663201620,+3.50,+23.039, +6.385,+0.970
1663201680,+3.50,+23.056, +6.441,+0.971
1663201740,+3.49,+23.047, +6.488,+0.971
1663201800,+3.50,+23.014, +6.524,+0.970
1663201860,+3.50,+23.014, +6.503,+0.970
1663201920,+3.49,+23.030, +6.567,+0.970
1663201980,+3.49,+23.005, +6.601,+0.970
1663202040,+3.50,+23.022, +6.609,+0.970
1663202100,+3.50,+23.022, +6.656,+0.970
1663202160,+3.49,+23.030, +6.672,+0.970
1663202220,+3.50,+23.014, +6.710,+0.970
1663202280,+3.49,+23.022, +6.655,+0.970
1663202340,+3.50,+23.014, +6.645,+0.970
1663202400,+3.49,+23.022, +6.652,+0.970
1663202460,+3.49,+23.005, +6.648,+0.970
1663202520,+3.49,+23.022, +6.675,+0.970
1663202580,+3.50,+23.022, +6.679,+0.970
1663202640,+3.49,+23.014, +6.671,+0.970
1663202700,+3.49,+23.014, +6.674,+0.970
1663202760,+3.49,+23.014, +6.652,+0.970
1663202820,+3.50,+22.989, +6.637,+0.970
1663202880,+3.50,+23.005, +6.624,+0.970
1663202940,+3.50,+23.022, +6.640,+0.970
1663203000,+3.49,+23.014, +6.690,+0.970
1663203060,+3.49,+23.022, +6.713,+0.970
1663203120,+3.49,+23.014, +6.645,+0.970
1663203180,+3.50,+23.014, +6.451,+0.970
1663203240,+3.49,+23.030, +6.394,+0.970
1663203300,+3.50,+23.005, +6.207,+0.970
1663203360,+3.49,+22.997, +5.447,+0.970
1663203420,+3.50,+23.014, +5.671,+0.970
1663203480,+3.49,+23.030, +5.931,+0.970
1663203540,+3.49,+23.005, +6.108,+0.970
1663203600,+3.50,+22.997, +6.208,+0.970
1663203660,+3.50,+22.997, +6.263,+0.970
1663203720,+3.50,+22.997, +6.282,+0.970
1663203780,+3.50,+22.997, +6.156,+0.970
1663203840,+3.50,+23.014, +6.144,+0.970
1663203900,+3.50,+23.014, +6.151,+0.970
1663203960,+3.50,+23.005, +6.032,+0.970
1663204020,+3.50,+23.014, +5.946,+0.969
1663204080,+3.50,+23.005, +6.016,+0.970
1663204140,+3.50,+23.014, +6.078,+0.970
1663204200,+3.50,+22.989, +6.137,+0.970
1663204260,+3.50,+23.014, +6.173,+0.970
1663204320,+3.50,+22.997, +6.203,+0.970
1663204380,+3.50,+23.014, +6.222,+0.970
1663204440,+3.50,+22.997, +6.275,+0.970
1663204500,+3.50,+23.005, +6.333,+0.970
1663204560,+3.50,+22.989, +6.337,+0.970
1663204620,+3.50,+23.014, +6.326,+0.970
1663204680,+3.50,+23.005, +6.357,+0.970
1663204740,+3.50,+22.989, +6.373,+0.970
1663204800,+3.50,+22.997, +6.429,+0.970
1663204860,+3.50,+22.997, +6.473,+0.970
1663204920,+3.50,+23.005, +6.493,+0.971
1663204980,+3.50,+23.005, +6.211,+0.971
1663205040,+3.50,+22.989, +6.046,+0.971
1663205100,+3.50,+22.989, +5.911,+0.970
1663205160,+3.50,+23.014, +5.795,+0.970
1663205220,+3.50,+22.980, +5.957,+0.970
1663205280,+3.50,+22.989, +6.047,+0.970
1663205340,+3.50,+22.989, +6.148,+0.970
1663205400,+3.50,+22.997, +6.115,+0.970
1663205460,+3.50,+23.005, +6.087,+0.970
1663205520,+3.50,+22.980, +6.215,+0.970
1663205580,+3.50,+22.963, +6.364,+0.970
1663205640,+3.50,+22.955, +6.444,+0.971
1663205700,+3.50,+22.955, +6.448,+0.970
1663205760,+3.50,+22.955, +6.281,+0.970
1663205820,+3.50,+22.972, +6.085,+0.970
1663205880,+3.50,+22.972, +5.981,+0.970
1663205940,+3.50,+22.972, +5.934,+0.970
1663206000,+3.50,+22.963, +5.823,+0.970
1663206060,+3.50,+22.972, +5.690,+0.970
1663206120,+3.50,+22.980, +5.612,+0.970
1663206180,+3.50,+22.972, +5.567,+0.970
1663206240,+3.50,+23.005, +5.360,+0.970
1663206300,+3.50,+22.963, +5.345,+0.970
1663206360,+3.50,+22.980, +5.653,+0.970
1663206420,+3.50,+22.972, +5.778,+0.970
1663206480,+3.50,+22.989, +5.848,+0.970
1663206540,+3.50,+22.989, +5.881,+0.970
1663206600,+3.50,+22.963, +5.936,+0.970
1663206660,+3.50,+22.955, +5.990,+0.970
1663206720,+3.50,+22.972, +6.020,+0.970
1663206780,+3.50,+22.955, +6.072,+0.970
1663206840,+3.50,+22.947, +6.229,+0.970
1663206900,+3.50,+22.930, +6.421,+0.970
1663206960,+3.50,+22.913, +6.606,+0.970
1663207020,+3.50,+22.913, +6.719,+0.970
1663207080,+3.50,+22.880, +6.772,+0.970
1663207140,+3.50,+22.871, +6.892,+0.970
1663207200,+3.50,+22.863, +7.096,+0.970
1663207260,+3.50,+22.846, +7.171,+0.970
1663207320,+3.50,+22.846, +7.191,+0.970
1663207380,+3.50,+22.838, +7.192,+0.970
1663207440,+3.50,+22.838, +7.209,+0.970
1663207500,+3.50,+22.846, +7.222,+0.970
1663207560,+3.50,+22.838, +7.266,+0.970
1663207620,+3.50,+22.830, +7.220,+0.970
1663207680,+3.50,+22.821, +7.148,+0.970
1663207740,+3.50,+22.830, +7.162,+0.970
1663207800,+3.50,+22.830, +7.202,+0.970
1663207860,+3.50,+22.813, +7.181,+0.970
1663207920,+3.50,+22.846, +6.863,+0.970
1663207980,+3.50,+22.846, +6.668,+0.970
1663208040,+3.50,+22.855, +6.406,+0.971
1663208100,+3.50,+22.880, +6.076,+0.970
1663208160,+3.50,+22.888, +5.988,+0.970
1663208220,+3.50,+22.871, +5.892,+0.970
1663208280,+3.50,+22.913, +5.825,+0.970
1663208340,+3.50,+22.905, +5.690,+0.970
1663208400,+3.50,+22.905, +5.616,+0.970
1663208460,+3.50,+22.905, +5.401,+0.970
1663208520,+3.50,+22.930, +5.434,+0.970
1663208580,+3.50,+22.913, +5.467,+0.970
1663208640,+3.50,+22.938, +5.553,+0.970
1663208700,+3.50,+22.947, +5.510,+0.969
1663208760,+3.50,+22.947, +5.558,+0.970
1663208820,+3.50,+22.930, +5.585,+0.970
1663208880,+3.50,+22.938, +5.576,+0.970
1663208940,+3.50,+22.930, +5.547,+0.970
1663209000,+3.50,+22.930, +5.490,+0.970
1663209060,+3.50,+22.947, +5.355,+0.970
1663209120,+3.50,+22.938, +5.350,+0.970
1663209180,+3.50,+22.922, +5.413,+0.970
1663209240,+3.50,+22.938, +5.481,+0.970
1663209300,+3.50,+22.930, +5.571,+0.970
1663209360,+3.50,+22.938, +5.648,+0.970
1663209420,+3.50,+22.930, +5.671,+0.970
1663209480,+3.50,+22.930, +5.642,+0.970
1663209540,+3.50,+22.913, +5.643,+0.970
1663209600,+3.50,+22.930, +5.546,+0.970
1663209660,+3.50,+22.930, +5.566,+0.970
1663209720,+3.50,+22.938, +5.589,+0.970
1663209780,+3.50,+22.930, +5.544,+0.970
1663209840,+3.50,+22.922, +5.626,+0.970
1663209900,+3.50,+22.913, +5.666,+0.970
1663209960,+3.50,+22.922, +5.515,+0.970
1663210020,+3.50,+22.938, +5.522,+0.970
1663210080,+3.50,+22.922, +5.673,+0.970
1663210140,+3.50,+22.905, +5.759,+0.970
1663210200,+3.50,+22.930, +5.799,+0.970
1663210260,+3.50,+22.905, +5.798,+0.970
1663210320,+3.50,+22.913, +5.791,+0.970
1663210380,+3.50,+22.922, +5.787,+0.970
1663210440,+3.50,+22.930, +5.778,+0.970
1663210500,+3.50,+22.922, +5.748,+0.970
1663210560,+3.50,+22.947, +5.733,+0.970
1663210620,+3.50,+22.922, +5.794,+0.970
1663210680,+3.50,+22.930, +5.770,+0.970
1663210740,+3.50,+22.930, +5.745,+0.970
1663210800,+3.50,+22.913, +5.641,+0.970
1663210860,+3.50,+22.905, +5.588,+0.970
1663210920,+3.50,+22.922, +5.633,+0.970
1663210980,+3.50,+22.922, +5.521,+0.970
1663211040,+3.50,+22.922, +5.264,+0.970
1663211100,+3.50,+22.913, +5.085,+0.970
1663211160,+3.50,+22.905, +4.880,+0.971
1663211220,+3.50,+22.922, +4.984,+0.970
1663211280,+3.50,+22.905, +5.155,+0.970
1663211340,+3.50,+22.913, +5.252,+0.970
1663211400,+3.50,+22.905, +5.312,+0.970
1663211460,+3.50,+22.913, +5.361,+0.970
1663211520,+3.50,+22.922, +5.321,+0.970
1663211580,+3.50,+22.913, +5.279,+0.970
1663211640,+3.50,+22.913, +5.228,+0.970
1663211700,+3.50,+22.905, +5.150,+0.970
1663211760,+3.50,+22.905, +4.914,+0.970
1663211820,+3.50,+22.913, +5.202,+0.970
1663211880,+3.50,+22.922, +5.494,+0.970
1663211940,+3.50,+22.913, +5.946,+0.970
1663212000,+3.50,+22.888, +6.029,+0.970
1663212060,+3.50,+22.913, +6.000,+0.970
1663212120,+3.50,+22.896, +5.954,+0.970
1663212180,+3.50,+22.913, +5.829,+0.970
1663212240,+3.50,+22.905, +5.590,+0.970
1663212300,+3.50,+22.888, +5.561,+0.970
1663212360,+3.50,+22.888, +5.568,+0.970
1663212420,+3.50,+22.888, +5.559,+0.970
1663212480,+3.50,+22.871, +5.530,+0.970
1663212540,+3.50,+22.871, +5.511,+0.970
1663212600,+3.50,+22.855, +5.503,+0.970
1663212660,+3.50,+22.821, +5.546,+0.970
1663212720,+3.50,+22.804, +5.634,+0.970
1663212780,+3.50,+22.788, +5.718,+0.970
1663212840,+3.50,+22.779, +5.781,+0.970
1663212900,+3.50,+22.788, +5.596,+0.970
1663212960,+3.50,+22.821, +5.552,+0.970
1663213020,+3.50,+22.830, +5.532,+0.970
1663213080,+3.50,+22.838, +5.584,+0.970
1663213140,+3.50,+22.838, +5.580,+0.970
1663213200,+3.50,+22.838, +5.543,+0.970
1663213260,+3.50,+22.846, +5.461,+0.970
1663213320,+3.50,+22.863, +5.402,+0.970
1663213380,+3.50,+22.855, +5.388,+0.970
1663213440,+3.50,+22.855, +5.507,+0.970
1663213500,+3.50,+22.846, +5.566,+0.970
1663213560,+3.50,+22.871, +5.404,+0.970
1663213620,+3.50,+22.871, +5.074,+0.970
1663213680,+3.50,+22.871, +4.582,+0.971
1663213740,+3.50,+22.880, +4.117,+0.971
1663213800,+3.50,+22.863, +3.972,+0.971
1663213860,+3.50,+22.871, +3.955,+0.971
1663213920,+3.50,+22.871, +3.657,+0.970
1663213980,+3.50,+22.863, +3.903,+0.971
1663214040,+3.50,+22.871, +4.765,+0.970
1663214100,+3.50,+22.871, +5.334,+0.970
1663214160,+3.50,+22.871, +5.534,+0.970
1663214220,+3.50,+22.888, +5.754,+0.970
1663214280,+3.50,+22.880, +5.785,+0.970
1663214340,+3.50,+22.888, +5.863,+0.970
1663214400,+3.50,+22.880, +5.812,+0.970
1663214460,+3.50,+22.880, +5.721,+0.970
1663214520,+3.50,+22.880, +5.691,+0.970
1663214580,+3.50,+22.888, +5.769,+0.970
1663214640,+3.50,+22.896, +5.825,+0.970
1663214700,+3.50,+22.905, +5.851,+0.970
1663214760,+3.50,+22.905, +5.864,+0.970
1663214820,+3.50,+22.880, +5.772,+0.970
1663214880,+3.50,+22.913, +5.693,+0.970
1663214940,+3.50,+22.880, +5.655,+0.970
1663215000,+3.50,+22.913, +5.588,+0.970
1663215060,+3.50,+22.896, +5.527,+0.970
1663215120,+3.50,+22.880, +5.502,+0.970
1663215180,+3.50,+22.880, +5.488,+0.970
1663215240,+3.50,+22.888, +5.487,+0.970
1663215300,+3.50,+22.888, +5.468,+0.970
1663215360,+3.50,+22.896, +5.437,+0.970
1663215420,+3.50,+22.896, +5.465,+0.970
1663215480,+3.50,+22.905, +5.541,+0.970
1663215540,+3.50,+22.896, +5.593,+0.970
1663215600,+3.50,+22.896, +5.590,+0.970
1663215660,+3.50,+22.880, +5.573,+0.970
1663215720,+3.50,+22.880, +5.540,+0.970
1663215780,+3.50,+22.896, +5.514,+0.970
1663215840,+3.50,+22.888, +5.416,+0.970
1663215900,+3.50,+22.888, +5.328,+0.970
1663215960,+3.50,+22.888, +5.312,+0.970
1663216020,+3.50,+22.905, +5.319,+0.970
1663216080,+3.50,+22.880, +5.368,+0.970
1663216140,+3.50,+22.880, +5.387,+0.970
1663216200,+3.50,+22.888, +5.391,+0.970
1663216260,+3.50,+22.880, +5.331,+0.970
1663216320,+3.50,+22.888, +5.063,+0.970
1663216380,+3.50,+22.888, +4.782,+0.971
1663216440,+3.50,+22.880, +4.816,+0.970
1663216500,+3.50,+22.888, +4.853,+0.970
1663216560,+3.50,+22.880, +4.927,+0.970
1663216620,+3.50,+22.888, +4.943,+0.970
1663216680,+3.50,+22.880, +5.043,+0.970
1663216740,+3.50,+22.896, +5.106,+0.970
1663216800,+3.50,+22.913, +5.116,+0.970
1663216860,+3.50,+22.888, +5.094,+0.970
1663216920,+3.50,+22.896, +4.891,+0.970
1663216980,+3.50,+22.913, +5.215,+0.970
1663217040,+3.50,+22.880, +5.534,+0.970
1663217100,+3.50,+22.880, +5.742,+0.970
1663217160,+3.50,+22.871, +5.844,+0.970
1663217220,+3.50,+22.880, +5.900,+0.970
1663217280,+3.50,+22.838, +5.989,+0.970
1663217340,+3.50,+22.830, +6.104,+0.970
1663217400,+3.50,+22.804, +6.208,+0.970
1663217460,+3.50,+22.788, +6.312,+0.970
1663217520,+3.50,+22.771, +6.309,+0.970
1663217580,+3.50,+22.754, +6.303,+0.970
1663217640,+3.50,+22.771, +6.307,+0.970
1663217700,+3.50,+22.763, +6.309,+0.970
1663217760,+3.50,+22.771, +6.342,+0.970
1663217820,+3.50,+22.771, +6.503,+0.970
1663217880,+3.50,+22.779, +6.561,+0.970
1663217940,+3.50,+22.779, +6.576,+0.970
1663218000,+3.50,+22.771, +6.634,+0.970
1663218060,+3.50,+22.788, +6.874,+0.970
1663218120,+3.50,+22.788, +6.763,+0.970
1663218180,+3.50,+22.779, +6.503,+0.971
1663218240,+3.50,+22.796, +6.211,+0.970
1663218300,+3.50,+22.821, +6.131,+0.970
1663218360,+3.50,+22.821, +6.114,+0.970
1663218420,+3.50,+22.821, +6.091,+0.970
1663218480,+3.50,+22.813, +6.082,+0.970
1663218540,+3.50,+22.804, +6.054,+0.970
1663218600,+3.50,+22.821, +6.009,+0.970
1663218660,+3.50,+22.813, +5.949,+0.970
1663218720,+3.50,+22.830, +5.872,+0.970
1663218780,+3.50,+22.821, +5.761,+0.970
1663218840,+3.50,+22.821, +5.659,+0.970
1663218900,+3.50,+22.813, +5.773,+0.970
1663218960,+3.50,+22.804, +5.849,+0.970
1663219020,+3.50,+22.796, +5.816,+0.970
1663219080,+3.50,+22.804, +5.803,+0.970
1663219140,+3.50,+22.788, +5.798,+0.970
1663219200,+3.50,+22.788, +5.769,+0.970
1663219260,+3.50,+22.779, +5.862,+0.970
1663219320,+3.50,+22.788, +5.946,+0.970
1663219380,+3.50,+22.779, +6.018,+0.970
1663219440,+3.50,+22.779, +6.179,+0.970
1663219500,+3.50,+22.771, +6.245,+0.970
1663219560,+3.50,+22.771, +6.295,+0.970
1663219620,+3.50,+22.763, +6.345,+0.970
1663219680,+3.50,+22.771, +6.424,+0.970
1663219740,+3.50,+22.796, +6.409,+0.970
1663219800,+3.50,+22.779, +6.315,+0.970
1663219860,+3.50,+22.779, +6.310,+0.970
1663219920,+3.50,+22.771, +6.316,+0.970
1663219980,+3.50,+22.771, +6.306,+0.970
1663220040,+3.50,+22.779, +6.605,+0.970
1663220100,+3.50,+22.737, +6.769,+0.971
1663220160,+3.50,+22.754, +6.525,+0.970
1663220220,+3.50,+22.746, +5.723,+0.970
1663220280,+3.50,+22.754, +5.596,+0.970
1663220340,+3.50,+22.779, +5.576,+0.970
1663220400,+3.50,+22.754, +5.527,+0.970
1663220460,+3.50,+22.821, +5.413,+0.970
1663220520,+3.50,+22.804, +5.375,+0.970
1663220580,+3.50,+22.804, +5.382,+0.970
1663220640,+3.50,+22.804, +5.310,+0.970
1663220700,+3.50,+22.813, +5.195,+0.970
1663220760,+3.50,+22.813, +5.132,+0.970
1663220820,+3.50,+22.804, +5.228,+0.970
1663220880,+3.50,+22.804, +5.285,+0.970
1663220940,+3.50,+22.796, +5.441,+0.970
1663221000,+3.50,+22.796, +5.560,+0.970
1663221060,+3.50,+22.771, +5.714,+0.970
1663221120,+3.50,+22.779, +5.797,+0.970
1663221180,+3.50,+22.771, +5.733,+0.970
1663221240,+3.50,+22.779, +5.787,+0.970
1663221300,+3.50,+22.737, +6.021,+0.970
1663221360,+3.50,+22.729, +6.182,+0.970
1663221420,+3.50,+22.754, +5.937,+0.970
1663221480,+3.50,+22.763, +5.655,+0.970
1663221540,+3.50,+22.763, +5.419,+0.970
1663221600,+3.50,+22.779, +5.122,+0.970
1663221660,+3.50,+22.788, +4.922,+0.971
1663221720,+3.50,+22.813, +5.066,+0.970
1663221780,+3.50,+22.830, +5.147,+0.970
1663221840,+3.50,+22.830, +5.150,+0.970
1663221900,+3.50,+22.830, +5.104,+0.970
1663221960,+3.50,+22.821, +5.039,+0.970
1663222020,+3.50,+22.830, +4.975,+0.970
1663222080,+3.50,+22.821, +5.041,+0.970
1663222140,+3.50,+22.838, +5.033,+0.970
1663222200,+3.50,+22.821, +5.009,+0.970
1663222260,+3.50,+22.838, +4.977,+0.970
1663222320,+3.50,+22.821, +4.843,+0.970
1663222380,+3.50,+22.846, +4.777,+0.970
1663222440,+3.50,+22.821, +4.786,+0.970
1663222500,+3.50,+22.846, +4.816,+0.970
1663222560,+3.50,+22.830, +4.949,+0.970
1663222620,+3.50,+22.846, +4.956,+0.970
1663222680,+3.50,+22.830, +4.988,+0.970
1663222740,+3.50,+22.838, +4.971,+0.970
1663222800,+3.50,+22.821, +4.940,+0.970
1663222860,+3.50,+22.830, +4.920,+0.970
1663222920,+3.50,+22.855, +4.935,+0.970
1663222980,+3.50,+22.830, +4.880,+0.970
1663223040,+3.50,+22.838, +4.517,+0.970
1663223100,+3.50,+22.846, +4.312,+0.971
1663223160,+3.50,+22.846, +4.467,+0.970
1663223220,+3.50,+22.838, +4.726,+0.970
1663223280,+3.50,+22.838, +5.010,+0.970
1663223340,+3.50,+22.821, +5.109,+0.970
1663223400,+3.50,+22.821, +5.159,+0.970
1663223460,+3.50,+22.830, +5.333,+0.970
1663223520,+3.50,+22.830, +5.321,+0.970
1663223580,+3.50,+22.846, +5.207,+0.970
1663223640,+3.50,+22.821, +5.161,+0.970
1663223700,+3.50,+22.830, +5.015,+0.970
1663223760,+3.50,+22.846, +5.100,+0.970
1663223820,+3.50,+22.846, +5.154,+0.970
1663223880,+3.50,+22.838, +5.062,+0.970
1663223940,+3.50,+22.830, +4.974,+0.970
1663224000,+3.50,+22.830, +4.898,+0.970
1663224060,+3.50,+22.846, +4.705,+0.970
1663224120,+3.50,+22.821, +4.669,+0.970
1663224180,+3.50,+22.846, +4.433,+0.970
1663224240,+3.50,+22.838, +4.403,+0.970
1663224300,+3.50,+22.830, +4.254,+0.970
1663224360,+3.50,+22.838, +4.179,+0.970
1663224420,+3.50,+22.830, +4.268,+0.971
1663224480,+3.50,+22.830, +4.177,+0.970
1663224540,+3.50,+22.830, +4.356,+0.971
1663224600,+3.50,+22.813, +4.507,+0.971
1663224660,+3.50,+22.830, +4.683,+0.970
1663224720,+3.50,+22.830, +4.858,+0.970
1663224780,+3.50,+22.838, +4.992,+0.970
1663224840,+3.50,+22.821, +5.076,+0.971
1663224900,+3.50,+22.821, +5.039,+0.970
1663224960,+3.50,+22.804, +5.028,+0.970
1663225020,+3.50,+22.796, +5.045,+0.970
1663225080,+3.50,+22.788, +5.029,+0.970
1663225140,+3.50,+22.796, +4.896,+0.970
1663225200,+3.50,+22.804, +4.873,+0.970
1663225260,+3.50,+22.796, +4.852,+0.970
1663225320,+3.50,+22.796, +4.910,+0.970
1663225380,+3.50,+22.779, +4.900,+0.970
1663225440,+3.50,+22.788, +4.941,+0.970
1663225500,+3.50,+22.796, +4.985,+0.970
1663225560,+3.50,+22.771, +5.076,+0.970
1663225620,+3.50,+22.754, +5.192,+0.970
1663225680,+3.50,+22.729, +5.678,+0.970
1663225740,+3.50,+22.704, +6.063,+0.970
1663225800,+3.50,+22.679, +6.345,+0.970
1663225860,+3.50,+22.654, +6.507,+0.970
1663225920,+3.50,+22.645, +6.635,+0.970
1663225980,+3.50,+22.629, +6.725,+0.970
1663226040,+3.50,+22.629, +6.769,+0.970
1663226100,+3.50,+22.620, +6.801,+0.970
1663226160,+3.50,+22.620, +6.854,+0.970
1663226220,+3.50,+22.612, +6.957,+0.970
1663226280,+3.50,+22.629, +6.062,+0.970
1663226340,+3.50,+22.687, +5.704,+0.970
1663226400,+3.50,+22.721, +5.713,+0.970
1663226460,+3.50,+22.729, +5.921,+0.970
1663226520,+3.50,+22.754, +5.964,+0.970
1663226580,+3.50,+22.771, +5.954,+0.970
1663226640,+3.50,+22.763, +5.954,+0.970
1663226700,+3.50,+22.779, +5.952,+0.970
1663226760,+3.50,+22.763, +6.084,+0.970
1663226820,+3.50,+22.763, +6.153,+0.970
1663226880,+3.50,+22.763, +6.193,+0.970
1663226940,+3.50,+22.763, +6.130,+0.970
1663227000,+3.50,+22.771, +6.095,+0.970
1663227060,+3.50,+22.779, +6.023,+0.970
1663227120,+3.50,+22.796, +6.028,+0.970
1663227180,+3.50,+22.788, +5.978,+0.970
1663227240,+3.50,+22.788, +5.968,+0.970
1663227300,+3.50,+22.788, +5.963,+0.970
1663227360,+3.50,+22.796, +5.955,+0.970
1663227420,+3.50,+22.788, +5.947,+0.970
1663227480,+3.50,+22.788, +5.919,+0.970
1663227540,+3.50,+22.796, +5.917,+0.970
1663227600,+3.50,+22.796, +5.928,+0.970
1663227660,+3.50,+22.804, +5.899,+0.970
1663227720,+3.50,+22.830, +5.849,+0.970
1663227780,+3.50,+22.830, +5.787,+0.970
1663227840,+3.50,+22.813, +5.783,+0.970
1663227900,+3.50,+22.804, +5.796,+0.970
1663227960,+3.50,+22.838, +5.821,+0.970
1663228020,+3.50,+22.838, +5.823,+0.970
1663228080,+3.50,+22.838, +5.838,+0.970
1663228140,+3.50,+22.863, +5.820,+0.970
1663228200,+3.50,+22.830, +5.877,+0.970
1663228260,+3.50,+22.871, +5.896,+0.970
1663228320,+3.50,+22.855, +5.897,+0.970
1663228380,+3.50,+22.830, +5.889,+0.970
1663228440,+3.50,+22.846, +5.875,+0.970
1663228500,+3.50,+22.846, +5.899,+0.970
1663228560,+3.50,+22.863, +5.946,+0.970
1663228620,+3.50,+22.863, +5.962,+0.970
1663228680,+3.50,+22.855, +5.983,+0.970
1663228740,+3.50,+22.855, +6.003,+0.970
1663228800,+3.50,+22.863, +6.035,+0.970
1663228860,+3.50,+22.880, +6.047,+0.970
1663228920,+3.50,+22.855, +6.057,+0.970
1663228980,+3.50,+22.855, +6.056,+0.970
1663229040,+3.50,+22.880, +6.025,+0.970
1663229100,+3.50,+22.863, +6.008,+0.970
1663229160,+3.50,+22.846, +5.967,+0.970
1663229220,+3.50,+22.855, +5.931,+0.970
1663229280,+3.50,+22.863, +5.915,+0.970
1663229340,+3.50,+22.846, +5.733,+0.970
1663229400,+3.50,+22.846, +5.865,+0.970
1663229460,+3.50,+22.838, +5.855,+0.970
1663229520,+3.50,+22.863, +5.772,+0.970
1663229580,+3.50,+22.838, +5.480,+0.970
1663229640,+3.50,+22.838, +5.474,+0.970
1663229700,+3.50,+22.830, +5.366,+0.970
1663229760,+3.50,+22.830, +5.465,+0.970
1663229820,+3.50,+22.830, +5.507,+0.970
1663229880,+3.50,+22.830, +5.498,+0.970
1663229940,+3.50,+22.821, +5.649,+0.970
1663230000,+3.50,+22.846, +5.764,+0.970
1663230060,+3.50,+22.830, +5.865,+0.970
1663230120,+3.50,+22.838, +5.928,+0.970
1663230180,+3.50,+22.830, +5.892,+0.970
1663230240,+3.50,+22.830, +5.807,+0.970
1663230300,+3.50,+22.830, +5.801,+0.970
1663230360,+3.50,+22.838, +5.738,+0.970
1663230420,+3.50,+22.821, +5.759,+0.970
1663230480,+3.50,+22.830, +5.705,+0.970
1663230540,+3.50,+22.846, +5.538,+0.970
1663230600,+3.50,+22.821, +5.651,+0.970
1663230660,+3.50,+22.846, +5.699,+0.970
1663230720,+3.50,+22.846, +5.698,+0.970
1663230780,+3.50,+22.838, +5.822,+0.970
1663230840,+3.50,+22.821, +5.854,+0.970
1663230900,+3.50,+22.821, +5.882,+0.970
1663230960,+3.50,+22.830, +5.928,+0.970
1663231020,+3.50,+22.830, +5.941,+0.970
1663231080,+3.50,+22.846, +5.963,+0.970
1663231140,+3.50,+22.838, +5.999,+0.970
1663231200,+3.50,+22.838, +6.044,+0.970
1663231260,+3.50,+22.838, +6.075,+0.970
1663231320,+3.50,+22.830, +6.092,+0.970
1663231380,+3.50,+22.838, +6.123,+0.970
1663231440,+3.50,+22.830, +6.144,+0.970
1663231500,+3.50,+22.846, +6.133,+0.970
1663231560,+3.50,+22.855, +6.130,+0.970
1663231620,+3.50,+22.838, +6.147,+0.970
1663231680,+3.50,+22.846, +6.120,+0.970
1663231740,+3.50,+22.813, +6.095,+0.970
1663231800,+3.50,+22.846, +6.096,+0.970
1663231860,+3.50,+22.830, +6.079,+0.970
1663231920,+3.50,+22.838, +6.128,+0.970
1663231980,+3.50,+22.863, +6.083,+0.970
1663232040,+3.50,+22.855, +6.085,+0.970
1663232100,+3.50,+22.846, +6.063,+0.970
1663232160,+3.50,+22.838, +6.112,+0.969
1663232220,+3.50,+22.863, +6.135,+0.970
1663232280,+3.50,+22.838, +6.178,+0.970
1663232340,+3.50,+22.863, +6.166,+0.970
1663232400,+3.50,+22.838, +6.187,+0.970
1663232460,+3.50,+22.855, +6.081,+0.970
1663232520,+3.50,+22.863, +6.174,+0.970
1663232580,+3.50,+22.855, +6.227,+0.970
1663232640,+3.50,+22.838, +6.245,+0.970
1663232700,+3.50,+22.838, +6.261,+0.970
1663232760,+3.50,+22.855, +6.288,+0.970
1663232820,+3.50,+22.855, +6.257,+0.970
1663232880,+3.50,+22.855, +6.278,+0.970
1663232940,+3.50,+22.846, +6.275,+0.970
1663233000,+3.50,+22.855, +6.274,+0.970
1663233060,+3.50,+22.830, +6.226,+0.970
1663233120,+3.50,+22.838, +6.237,+0.970
1663233180,+3.50,+22.863, +6.266,+0.970
1663233240,+3.50,+22.846, +6.298,+0.970
1663233300,+3.50,+22.863, +6.313,+0.970
1663233360,+3.50,+22.863, +6.304,+0.970
1663233420,+3.50,+22.838, +6.273,+0.970
1663233480,+3.50,+22.871, +6.321,+0.970
1663233540,+3.50,+22.838, +6.242,+0.970
1663233600,+3.50,+22.863, +6.222,+0.970
1663233660,+3.50,+22.855, +6.322,+0.970
1663233720,+3.50,+22.863, +6.368,+0.970
1663233780,+3.50,+22.863, +6.412,+0.970
1663233840,+3.50,+22.871, +6.430,+0.970
1663233900,+3.50,+22.863, +6.411,+0.970
1663233960,+3.50,+22.863, +6.358,+0.970
1663234020,+3.50,+22.871, +6.339,+0.970
1663234080,+3.50,+22.855, +6.362,+0.970
1663234140,+3.50,+22.855, +6.360,+0.970
1663234200,+3.50,+22.855, +6.362,+0.970
1663234260,+3.50,+22.863, +6.403,+0.970
1663234320,+3.50,+22.863, +6.307,+0.970
1663234380,+3.50,+22.863, +6.342,+0.970
1663234440,+3.50,+22.871, +6.398,+0.970
1663234500,+3.50,+22.855, +6.353,+0.970
1663234560,+3.50,+22.846, +6.255,+0.970
1663234620,+3.50,+22.863, +6.158,+0.970
1663234680,+3.50,+22.880, +5.934,+0.970
1663234740,+3.50,+22.863, +5.854,+0.970
1663234800,+3.50,+22.871, +5.764,+0.970
1663234860,+3.50,+22.855, +5.674,+0.970
1663234920,+3.50,+22.846, +5.645,+0.970
1663234980,+3.50,+22.830, +5.609,+0.970
1663235040,+3.50,+22.838, +5.636,+0.970
1663235100,+3.50,+22.838, +5.622,+0.970
1663235160,+3.50,+22.838, +5.586,+0.970
1663235220,+3.50,+22.830, +5.680,+0.970
1663235280,+3.50,+22.846, +5.729,+0.970
1663235340,+3.50,+22.838, +5.692,+0.970
1663235400,+3.50,+22.821, +5.685,+0.970
1663235460,+3.50,+22.838, +5.673,+0.970
1663235520,+3.50,+22.804, +5.599,+0.970
1663235580,+3.50,+22.813, +5.713,+0.970
1663235640,+3.50,+22.813, +5.732,+0.970
1663235700,+3.50,+22.796, +5.794,+0.970
1663235760,+3.50,+22.804, +5.722,+0.970
1663235820,+3.50,+22.804, +5.615,+0.970
1663235880,+3.50,+22.813, +5.539,+0.970
1663235940,+3.50,+22.804, +5.557,+0.970
1663236000,+3.50,+22.796, +5.525,+0.970
1663236060,+3.50,+22.796, +5.511,+0.970
1663236120,+3.50,+22.779, +5.538,+0.970
1663236180,+3.50,+22.788, +5.589,+0.970
1663236240,+3.50,+22.788, +5.481,+0.970
1663236300,+3.50,+22.796, +5.377,+0.970
1663236360,+3.50,+22.796, +5.420,+0.970
1663236420,+3.50,+22.796, +5.460,+0.970
1663236480,+3.50,+22.763, +5.408,+0.970
1663236540,+3.50,+22.779, +5.409,+0.970
1663236600,+3.50,+22.779, +5.395,+0.970
1663236660,+3.50,+22.779, +5.405,+0.970
1663236720,+3.50,+22.788, +5.425,+0.970
1663236780,+3.50,+22.779, +5.267,+0.970
1663236840,+3.50,+22.779, +5.287,+0.970
1663236900,+3.50,+22.779, +5.288,+0.970
1663236960,+3.50,+22.771, +5.251,+0.970
1663237020,+3.50,+22.763, +5.305,+0.970
1663237080,+3.50,+22.779, +5.276,+0.970
1663237140,+3.50,+22.771, +5.123,+0.970
1663237200,+3.50,+22.771, +5.069,+0.970
1663237260,+3.50,+22.763, +5.010,+0.970
1663237320,+3.50,+22.788, +5.042,+0.970
1663237380,+3.50,+22.763, +5.085,+0.970
1663237440,+3.50,+22.763, +5.132,+0.970
1663237500,+3.50,+22.763, +4.979,+0.970
1663237560,+3.50,+22.779, +5.080,+0.970
1663237620,+3.50,+22.771, +5.433,+0.970
1663237680,+3.50,+22.746, +5.529,+0.970
1663237740,+3.50,+22.763, +5.515,+0.970
1663237800,+3.50,+22.763, +5.539,+0.970
1663237860,+3.50,+22.754, +5.578,+0.970
1663237920,+3.50,+22.754, +5.529,+0.970
1663237980,+3.50,+22.746, +5.313,+0.970
1663238040,+3.50,+22.746, +5.304,+0.970
1663238100,+3.50,+22.754, +5.278,+0.970
1663238160,+3.50,+22.771, +5.426,+0.970
1663238220,+3.50,+22.763, +5.549,+0.970
1663238280,+3.50,+22.763, +5.655,+0.970
1663238340,+3.50,+22.746, +5.628,+0.970
1663238400,+3.50,+22.754, +5.683,+0.970
1663238460,+3.50,+22.771, +5.709,+0.970
1663238520,+3.50,+22.771, +5.687,+0.970
1663238580,+3.50,+22.771, +5.698,+0.970
1663238640,+3.50,+22.763, +5.697,+0.970
1663238700,+3.50,+22.771, +5.718,+0.970
1663238760,+3.50,+22.779, +5.734,+0.970
1663238820,+3.50,+22.771, +5.655,+0.970
1663238880,+3.50,+22.771, +5.611,+0.970
1663238940,+3.50,+22.771, +5.657,+0.970
1663239000,+3.50,+22.779, +5.676,+0.970
1663239060,+3.50,+22.796, +5.704,+0.970
1663239120,+3.50,+22.804, +5.645,+0.970
1663239180,+3.50,+22.771, +5.604,+0.970
1663239240,+3.50,+22.796, +5.562,+0.970
1663239300,+3.50,+22.779, +5.471,+0.970
1663239360,+3.50,+22.763, +5.541,+0.970
1663239420,+3.50,+22.763, +5.766,+0.969
1663239480,+3.50,+22.729, +5.900,+0.970
1663239540,+3.50,+22.754, +5.889,+0.970
1663239600,+3.50,+22.763, +5.901,+0.970
1663239660,+3.50,+22.754, +5.921,+0.970
1663239720,+3.50,+22.754, +5.898,+0.970
1663239780,+3.50,+22.729, +5.852,+0.970
1663239840,+3.50,+22.737, +5.857,+0.970
1663239900,+3.50,+22.729, +5.848,+0.970
1663239960,+3.50,+22.712, +5.864,+0.970
1663240020,+3.50,+22.712, +5.903,+0.970
1663240080,+3.50,+22.729, +5.814,+0.970
1663240140,+3.50,+22.712, +5.794,+0.970
1663240200,+3.50,+22.721, +5.748,+0.970
1663240260,+3.50,+22.754, +5.735,+0.970
1663240320,+3.50,+22.763, +5.698,+0.970
1663240380,+3.50,+22.754, +5.667,+0.970
1663240440,+3.50,+22.771, +5.637,+0.970
1663240500,+3.50,+22.763, +5.596,+0.970
1663240560,+3.50,+22.779, +5.594,+0.970
1663240620,+3.50,+22.779, +5.619,+0.970
1663240680,+3.50,+22.771, +5.569,+0.970
1663240740,+3.50,+22.779, +5.503,+0.970
1663240800,+3.50,+22.779, +5.449,+0.970
1663240860,+3.50,+22.771, +5.376,+0.970
1663240920,+3.50,+22.771, +5.384,+0.970
1663240980,+3.50,+22.771, +5.381,+0.970
1663241040,+3.50,+22.788, +5.368,+0.970
1663241100,+3.50,+22.763, +5.323,+0.970
1663241160,+3.50,+22.754, +5.256,+0.970
1663241220,+3.50,+22.746, +5.240,+0.970
1663241280,+3.50,+22.779, +5.218,+0.970
1663241340,+3.50,+22.754, +5.267,+0.970
1663241400,+3.50,+22.737, +5.426,+0.970
1663241460,+3.50,+22.746, +5.515,+0.970
1663241520,+3.50,+22.754, +5.524,+0.970
1663241580,+3.50,+22.746, +5.521,+0.969
1663241640,+3.50,+22.746, +5.520,+0.970
1663241700,+3.50,+22.779, +5.468,+0.970
1663241760,+3.50,+22.746, +5.489,+0.970
1663241820,+3.50,+22.737, +5.583,+0.970
1663241880,+3.50,+22.729, +5.626,+0.970
1663241940,+3.50,+22.746, +5.671,+0.970
1663242000,+3.50,+22.737, +5.671,+0.970
1663242060,+3.50,+22.737, +5.667,+0.970
1663242120,+3.50,+22.763, +5.623,+0.970
1663242180,+3.50,+22.746, +5.716,+0.970
1663242240,+3.50,+22.763, +5.676,+0.970
1663242300,+3.50,+22.729, +5.732,+0.970
1663242360,+3.50,+22.746, +5.814,+0.969
1663242420,+3.50,+22.704, +5.888,+0.970
1663242480,+3.50,+22.712, +5.919,+0.970
1663242540,+3.50,+22.746, +5.949,+0.970
1663242600,+3.50,+22.712, +5.995,+0.970
1663242660,+3.50,+22.712, +6.035,+0.970
1663242720,+3.50,+22.696, +6.067,+0.970
1663242780,+3.50,+22.721, +6.106,+0.970
1663242840,+3.50,+22.721, +6.109,+0.970
1663242900,+3.50,+22.737, +6.046,+0.970
1663242960,+3.50,+22.763, +6.008,+0.970
1663243020,+3.50,+22.771, +6.009,+0.970
1663243080,+3.50,+22.763, +6.078,+0.970
1663243140,+3.50,+22.746, +6.139,+0.970
1663243200,+3.50,+22.763, +6.186,+0.970
1663243260,+3.50,+22.746, +6.159,+0.970
1663243320,+3.50,+22.729, +6.211,+0.970
1663243380,+3.50,+22.687, +6.217,+0.970
1663243440,+3.50,+22.654, +6.210,+0.970
1663243500,+3.50,+22.629, +6.194,+0.970
1663243560,+3.50,+22.604, +6.214,+0.970
1663243620,+3.50,+22.587, +6.284,+0.970
1663243680,+3.50,+22.587, +6.275,+0.970
1663243740,+3.50,+22.578, +6.313,+0.969
1663243800,+3.50,+22.578, +6.337,+0.970
1663243860,+3.50,+22.562, +6.371,+0.970
1663243920,+3.50,+22.545, +6.392,+0.969
1663243980,+3.50,+22.545, +6.368,+0.970
1663244040,+3.50,+22.528, +6.355,+0.970
1663244100,+3.50,+22.537, +6.369,+0.970
1663244160,+3.50,+22.545, +6.385,+0.969
1663244220,+3.50,+22.562, +6.434,+0.970
1663244280,+3.50,+22.553, +6.453,+0.970
1663244340,+3.50,+22.537, +6.432,+0.970
1663244400,+3.50,+22.520, +6.415,+0.970
1663244460,+3.50,+22.511, +6.445,+0.970
1663244520,+3.50,+22.511, +6.481,+0.970
1663244580,+3.50,+22.503, +6.514,+0.970
1663244640,+3.50,+22.495, +6.553,+0.970
1663244700,+3.50,+22.511, +6.575,+0.970
1663244760,+3.50,+22.495, +6.583,+0.970
1663244820,+3.50,+22.478, +6.616,+0.970
1663244880,+3.50,+22.478, +6.626,+0.970
1663244940,+3.50,+22.453, +6.644,+0.970
1663245000,+3.50,+22.470, +6.666,+0.970
1663245060,+3.50,+22.486, +6.677,+0.970
1663245120,+3.50,+22.478, +6.678,+0.970
1663245180,+3.50,+22.453, +6.736,+0.970
1663245240,+3.50,+22.470, +6.753,+0.970
1663245300,+3.50,+22.461, +6.783,+0.970
1663245360,+3.50,+22.461, +6.813,+0.970
1663245420,+3.50,+22.453, +6.823,+0.970
1663245480,+3.50,+22.461, +6.830,+0.970
1663245540,+3.50,+22.470, +6.837,+0.970
1663245600,+3.50,+22.445, +6.823,+0.970
1663245660,+3.50,+22.461, +6.807,+0.970
1663245720,+3.50,+22.470, +6.786,+0.970
1663245780,+3.50,+22.495, +6.794,+0.970
1663245840,+3.50,+22.511, +6.775,+0.970
1663245900,+3.50,+22.503, +6.758,+0.970
1663245960,+3.50,+22.528, +6.746,+0.970
1663246020,+3.50,+22.545, +6.730,+0.970
1663246080,+3.50,+22.553, +6.722,+0.970
1663246140,+3.50,+22.537, +6.734,+0.970
1663246200,+3.50,+22.553, +6.742,+0.970
1663246260,+3.50,+22.553, +6.722,+0.970
1663246320,+3.50,+22.570, +6.713,+0.970
1663246380,+3.50,+22.578, +6.726,+0.970
1663246440,+3.50,+22.595, +6.702,+0.970
1663246500,+3.50,+22.578, +6.663,+0.970
1663246560,+3.50,+22.604, +6.611,+0.969
1663246620,+3.50,+22.620, +6.515,+0.970
1663246680,+3.50,+22.612, +6.438,+0.970
1663246740,+3.50,+22.637, +6.395,+0.970
1663246800,+3.50,+22.670, +6.385,+0.970
1663246860,+3.50,+22.679, +6.401,+0.970
1663246920,+3.50,+22.696, +6.402,+0.970
1663246980,+3.50,+22.704, +6.426,+0.970
1663247040,+3.50,+22.721, +6.421,+0.970
1663247100,+3.50,+22.737, +6.425,+0.970
1663247160,+3.50,+22.754, +6.426,+0.970
1663247220,+3.50,+22.754, +6.422,+0.970
1663247280,+3.49,+22.779, +6.406,+0.970
1663247340,+3.50,+22.771, +6.410,+0.970
1663247400,+3.50,+22.804, +6.405,+0.970
1663247460,+3.49,+22.813, +6.394,+0.970
1663247520,+3.50,+22.804, +6.402,+0.970
1663247580,+3.50,+22.813, +6.408,+0.970
1663247640,+3.50,+22.821, +6.417,+0.970
1663247700,+3.50,+22.821, +6.431,+0.970
1663247760,+3.50,+22.821, +6.436,+0.970
1663247820,+3.50,+22.813, +6.445,+0.970
1663247880,+3.49,+22.846, +6.446,+0.970
1663247940,+3.49,+22.863, +6.455,+0.970
1663248000,+3.49,+22.855, +6.462,+0.970
1663248060,+3.49,+22.855, +6.462,+0.970
1663248120,+3.49,+22.863, +6.467,+0.970
1663248180,+3.49,+22.855, +6.481,+0.970
1663248240,+3.49,+22.880, +6.485,+0.970
1663248300,+3.49,+22.871, +6.473,+0.970
1663248360,+3.49,+22.896, +6.456,+0.970
1663248420,+3.49,+22.880, +6.463,+0.970
1663248480,+3.49,+22.863, +6.462,+0.970
1663248540,+3.49,+22.888, +6.458,+0.970
1663248600,+3.49,+22.888, +6.451,+0.970
1663248660,+3.49,+22.905, +6.460,+0.970
1663248720,+3.49,+22.896, +6.457,+0.970
1663248780,+3.49,+22.896, +6.452,+0.970
1663248840,+3.49,+22.896, +6.456,+0.970
1663248900,+3.49,+22.896, +6.466,+0.970
1663248960,+3.49,+22.913, +6.434,+0.970
1663249020,+3.49,+22.905, +6.426,+0.970
1663249080,+3.49,+22.905, +6.437,+0.970
1663249140,+3.49,+22.922, +6.417,+0.970
1663249200,+3.49,+22.922, +6.378,+0.970
1663249260,+3.49,+22.913, +6.375,+0.971
1663249320,+3.49,+22.922, +6.356,+0.970
1663249380,+3.49,+22.913, +6.345,+0.970
1663249440,+3.49,+22.913, +6.317,+0.970
1663249500,+3.49,+22.922, +6.302,+0.970
1663249560,+3.49,+22.922, +6.292,+0.970
1663249620,+3.49,+22.922, +6.296,+0.970
1663249680,+3.49,+22.930, +6.304,+0.970
1663249740,+3.49,+22.947, +6.312,+0.970
1663249800,+3.49,+22.938, +6.306,+0.970
1663249860,+3.49,+22.930, +6.313,+0.970
1663249920,+3.49,+22.955, +6.308,+0.970
1663249980,+3.49,+22.947, +6.304,+0.970
1663250040,+3.49,+22.972, +6.308,+0.970
1663250100,+3.49,+22.955, +6.313,+0.970
1663250160,+3.49,+22.963, +6.320,+0.970
1663250220,+3.49,+22.955, +6.315,+0.970
1663250280,+3.49,+22.938, +6.345,+0.970
1663250340,+3.49,+22.947, +6.351,+0.970
1663250400,+3.49,+22.938, +6.382,+0.970
1663250460,+3.49,+22.947, +6.378,+0.970
1663250520,+3.49,+22.947, +6.372,+0.970
1663250580,+3.49,+22.947, +6.360,+0.970
1663250640,+3.49,+22.955, +6.371,+0.970
1663250700,+3.49,+22.955, +6.372,+0.970
1663250760,+3.49,+22.972, +6.379,+0.970
1663250820,+3.49,+22.930, +6.401,+0.970
1663250880,+3.49,+22.955, +6.403,+0.970
1663250940,+3.49,+22.955, +6.427,+0.970
1663251000,+3.49,+22.947, +6.438,+0.970
1663251060,+3.49,+22.938, +6.454,+0.970
1663251120,+3.49,+22.930, +6.474,+0.970
1663251180,+3.49,+22.947, +6.491,+0.970
1663251240,+3.49,+22.922, +6.504,+0.970
1663251300,+3.49,+22.938, +6.526,+0.970
1663251360,+3.49,+22.896, +6.546,+0.970
1663251420,+3.49,+22.905, +6.573,+0.970
1663251480,+3.49,+22.913, +6.576,+0.970
1663251540,+3.49,+22.905, +6.602,+0.970
1663251600,+3.49,+22.905, +6.599,+0.970
1663251660,+3.49,+22.888, +6.615,+0.970
1663251720,+3.49,+22.888, +6.638,+0.970
1663251780,+3.50,+22.871, +6.625,+0.969
1663251840,+3.50,+22.871, +6.621,+0.970
1663251900,+3.49,+22.871, +6.621,+0.970
1663251960,+3.49,+22.855, +6.619,+0.970
1663252020,+3.50,+22.863, +6.645,+0.970
1663252080,+3.50,+22.846, +6.672,+0.969
1663252140,+3.50,+22.830, +6.683,+0.970
1663252200,+3.50,+22.821, +6.690,+0.970
1663252260,+3.50,+22.804, +6.717,+0.970
1663252320,+3.50,+22.821, +6.727,+0.970
1663252380,+3.50,+22.804, +6.739,+0.970
1663252440,+3.50,+22.804, +6.746,+0.970
1663252500,+3.50,+22.821, +6.771,+0.970
1663252560,+3.50,+22.821, +6.795,+0.970
1663252620,+3.50,+22.804, +6.814,+0.970
1663252680,+3.50,+22.788, +6.852,+0.970
1663252740,+3.50,+22.763, +6.882,+0.970
1663252800,+3.50,+22.763, +6.884,+0.970
1663252860,+3.50,+22.771, +6.893,+0.970
1663252920,+3.50,+22.788, +6.879,+0.970
1663252980,+3.50,+22.763, +6.903,+0.970
1663253040,+3.50,+22.754, +6.935,+0.970
1663253100,+3.50,+22.763, +6.954,+0.970
1663253160,+3.50,+22.746, +6.972,+0.970
1663253220,+3.50,+22.746, +6.987,+0.970
1663253280,+3.50,+22.754, +7.021,+0.970
1663253340,+3.50,+22.737, +7.046,+0.970
1663253400,+3.50,+22.746, +7.068,+0.970
1663253460,+3.50,+22.746, +7.058,+0.969
1663253520,+3.50,+22.721, +7.092,+0.970
1663253580,+3.50,+22.729, +7.093,+0.970
1663253640,+3.50,+22.721, +7.100,+0.970
1663253700,+3.50,+22.712, +7.110,+0.970
1663253760,+3.50,+22.712, +7.122,+0.970
1663253820,+3.50,+22.721, +7.150,+0.970
1663253880,+3.50,+22.712, +7.148,+0.970
1663253940,+3.50,+22.696, +7.149,+0.970
1663254000,+3.50,+22.704, +7.149,+0.970
1663254060,+3.50,+22.704, +6.962,+0.969
1663254120,+3.50,+22.712, +7.196,+0.970
1663254180,+3.50,+22.687, +7.248,+0.970
1663254240,+3.50,+22.670, +7.257,+0.970
1663254300,+3.50,+22.670, +7.271,+0.970
1663254360,+3.50,+22.670, +7.268,+0.970
1663254420,+3.50,+22.679, +7.302,+0.970
1663254480,+3.50,+22.662, +7.302,+0.970
1663254540,+3.50,+22.679, +7.304,+0.970
1663254600,+3.50,+22.662, +7.325,+0.970
1663254660,+3.50,+22.654, +7.323,+0.970
1663254720,+3.50,+22.662, +7.335,+0.970
1663254780,+3.50,+22.645, +7.338,+0.970
1663254840,+3.50,+22.654, +7.354,+0.970
1663254900,+3.50,+22.637, +7.334,+0.970
1663254960,+3.50,+22.637, +7.337,+0.970
1663255020,+3.50,+22.629, +7.319,+0.970
1663255080,+3.50,+22.612, +7.348,+0.970
1663255140,+3.50,+22.620, +7.369,+0.970
1663255200,+3.50,+22.604, +7.358,+0.970
1663255260,+3.50,+22.612, +7.351,+0.970
1663255320,+3.50,+22.612, +7.402,+0.970
1663255380,+3.50,+22.595, +7.412,+0.970
1663255440,+3.50,+22.595, +7.293,+0.970
1663255500,+3.50,+22.587, +7.387,+0.970
1663255560,+3.50,+22.587, +7.391,+0.970
1663255620,+3.50,+22.562, +7.442,+0.970
1663255680,+3.50,+22.578, +7.447,+0.970
1663255740,+3.50,+22.595, +7.385,+0.970
1663255800,+3.50,+22.595, +7.437,+0.970
1663255860,+3.50,+22.595, +7.477,+0.970
1663255920,+3.50,+22.587, +7.471,+0.970
1663255980,+3.50,+22.570, +7.452,+0.970
1663256040,+3.50,+22.587, +7.451,+0.970
1663256100,+3.50,+22.570, +7.483,+0.970
1663256160,+3.50,+22.578, +7.446,+0.970
1663256220,+3.50,+22.570, +7.444,+0.970
1663256280,+3.50,+22.570, +7.426,+0.970
1663256340,+3.50,+22.578, +7.439,+0.970
1663256400,+3.50,+22.587, +7.420,+0.970
1663256460,+3.50,+22.562, +7.405,+0.970
1663256520,+3.50,+22.587, +7.379,+0.970
1663256580,+3.50,+22.578, +7.386,+0.970
1663256640,+3.50,+22.570, +7.369,+0.970
1663256700,+3.50,+22.578, +7.390,+0.970
1663256760,+3.50,+22.587, +7.391,+0.970
1663256820,+3.50,+22.562, +7.377,+0.970
1663256880,+3.50,+22.587, +7.383,+0.970
1663256940,+3.50,+22.595, +7.380,+0.969
1663257000,+3.50,+22.587, +7.344,+0.970
1663257060,+3.50,+22.570, +7.368,+0.970
1663257120,+3.50,+22.595, +7.362,+0.970
1663257180,+3.50,+22.587, +7.359,+0.970
1663257240,+3.50,+22.604, +7.309,+0.970
1663257300,+3.50,+22.612, +7.328,+0.970
1663257360,+3.50,+22.604, +7.378,+0.970
1663257420,+3.50,+22.604, +7.407,+0.970
1663257480,+3.50,+22.595, +7.414,+0.970
1663257540,+3.50,+22.595, +7.435,+0.970
1663257600,+3.50,+22.595, +7.429,+0.970
1663257660,+3.50,+22.595, +7.412,+0.970
1663257720,+3.50,+22.604, +7.412,+0.970
1663257780,+3.50,+22.604, +7.426,+0.970
1663257840,+3.50,+22.587, +7.448,+0.970
1663257900,+3.50,+22.604, +7.496,+0.970
1663257960,+3.50,+22.620, +7.486,+0.970
1663258020,+3.50,+22.620, +7.502,+0.970
1663258080,+3.50,+22.595, +7.488,+0.970
1663258140,+3.50,+22.562, +7.497,+0.970
1663258200,+3.50,+22.578, +7.464,+0.970
1663258260,+3.50,+22.587, +7.469,+0.970
1663258320,+3.50,+22.570, +7.464,+0.970
1663258380,+3.50,+22.570, +7.460,+0.970
1663258440,+3.50,+22.562, +7.461,+0.970
1663258500,+3.50,+22.578, +7.454,+0.970
1663258560,+3.50,+22.553, +7.478,+0.970
1663258620,+3.50,+22.570, +7.473,+0.971
1663258680,+3.50,+22.553, +7.450,+0.970
1663258740,+3.50,+22.578, +7.440,+0.970
1663258800,+3.50,+22.578, +7.462,+0.970
1663258860,+3.50,+22.553, +7.522,+0.970
1663258920,+3.50,+22.562, +7.515,+0.970
1663258980,+3.50,+22.578, +7.497,+0.970
1663259040,+3.50,+22.553, +7.473,+0.970
1663259100,+3.50,+22.545, +7.481,+0.970
1663259160,+3.50,+22.545, +7.492,+0.970
1663259220,+3.50,+22.545, +7.530,+0.970
1663259280,+3.50,+22.545, +7.559,+0.970
1663259340,+3.50,+22.537, +7.601,+0.970
1663259400,+3.50,+22.545, +7.619,+0.970
1663259460,+3.50,+22.520, +7.632,+0.970
1663259520,+3.50,+22.528, +7.632,+0.970
1663259580,+3.50,+22.520, +7.621,+0.970
1663259640,+3.50,+22.528, +7.627,+0.970
1663259700,+3.50,+22.511, +7.664,+0.970
1663259760,+3.50,+22.520, +7.661,+0.970
1663259820,+3.50,+22.537, +7.668,+0.970
1663259880,+3.50,+22.553, +7.665,+0.971
1663259940,+3.50,+22.528, +7.661,+0.970
1663260000,+3.50,+22.537, +7.672,+0.970
1663260060,+3.50,+22.528, +7.681,+0.970
1663260120,+3.50,+22.545, +7.722,+0.970
1663260180,+3.50,+22.562, +7.668,+0.970
1663260240,+3.50,+22.520, +7.756,+0.970
1663260300,+3.50,+22.528, +7.822,+0.970
1663260360,+3.50,+22.545, +7.813,+0.970
1663260420,+3.50,+22.545, +7.858,+0.970
1663260480,+3.50,+22.537, +7.870,+0.970
