7450-383325
OS REV: 1.05 Sensor Cal: 1644949570
Time (sec),  BV (Volts),  T (deg C),  DO (mg/l),  Q ()
1667580540,+3.47,+16.186, +2.603,+0.860
1667580600,+3.47,+16.178, +2.610,+0.861
1667580660,+3.47,+16.195, +2.600,+0.862
1667580720,+3.47,+16.186, +2.602,+0.862
1667580780,+3.47,+16.169, +2.598,+0.863
1667580840,+3.47,+16.178, +2.589,+0.863
1667580900,+3.47,+16.186, +2.584,+0.864
1667580960,+3.47,+16.203, +2.573,+0.865
1667581020,+3.47,+16.178, +2.572,+0.865
1667581080,+3.47,+16.195, +2.558,+0.865
1667581140,+3.47,+16.203, +2.554,+0.865
1667581200,+3.47,+16.212, +2.545,+0.866
1667581260,+3.47,+16.203, +2.536,+0.867
1667581320,+3.47,+16.195, +2.526,+0.868
1667581380,+3.47,+16.203, +2.514,+0.869
1667581440,+3.47,+16.212, +2.513,+0.868
1667581500,+3.47,+16.229, +2.506,+0.868
1667581560,+3.47,+16.237, +2.498,+0.867
1667581620,+3.47,+16.237, +2.499,+0.865
1667581680,+3.47,+16.237, +2.501,+0.864
1667581740,+3.47,+16.263, +2.498,+0.863
1667581800,+3.47,+16.246, +2.508,+0.862
1667581860,+3.47,+16.271, +2.507,+0.862
1667581920,+3.47,+16.263, +2.507,+0.862
1667581980,+3.47,+16.254, +2.510,+0.862
1667582040,+3.47,+16.288, +2.507,+0.862
1667582100,+3.47,+16.288, +2.503,+0.862
1667582160,+3.47,+16.305, +2.504,+0.862
1667582220,+3.47,+16.305, +2.497,+0.862
1667582280,+3.47,+16.305, +2.497,+0.862
1667582340,+3.47,+16.314, +2.503,+0.862
1667582400,+3.47,+16.331, +2.497,+0.862
1667582460,+3.47,+16.331, +2.499,+0.861
1667582520,+3.47,+16.331, +2.505,+0.861
1667582580,+3.47,+16.340, +2.513,+0.860
1667582640,+3.47,+16.365, +2.511,+0.860
1667582700,+3.47,+16.365, +2.503,+0.859
1667582760,+3.47,+16.374, +2.504,+0.859
1667582820,+3.47,+16.391, +2.504,+0.859
1667582880,+3.47,+16.416, +2.513,+0.859
1667582940,+3.47,+16.416, +2.521,+0.859
1667583000,+3.47,+16.408, +2.525,+0.859
1667583060,+3.47,+16.450, +2.533,+0.859
1667583120,+3.47,+16.425, +2.544,+0.858
1667583180,+3.47,+16.459, +2.560,+0.858
1667583240,+3.47,+16.467, +2.569,+0.859
1667583300,+3.47,+16.476, +2.582,+0.859
1667583360,+3.47,+16.493, +2.593,+0.859
1667583420,+3.47,+16.476, +2.602,+0.859
1667583480,+3.47,+16.510, +2.606,+0.860
1667583540,+3.47,+16.501, +2.609,+0.860
1667583600,+3.47,+16.510, +2.607,+0.861
1667583660,+3.47,+16.552, +2.606,+0.861
1667583720,+3.47,+16.535, +2.607,+0.862
1667583780,+3.47,+16.544, +2.592,+0.862
1667583840,+3.47,+16.569, +2.588,+0.863
1667583900,+3.47,+16.552, +2.579,+0.863
1667583960,+3.47,+16.552, +2.565,+0.864
1667584020,+3.47,+16.578, +2.559,+0.864
1667584080,+3.47,+16.569, +2.533,+0.865
1667584140,+3.47,+16.586, +2.514,+0.865
1667584200,+3.47,+16.552, +2.484,+0.866
1667584260,+3.47,+16.552, +2.471,+0.867
1667584320,+3.47,+16.527, +2.470,+0.864
1667584380,+3.47,+16.433, +2.516,+0.863
1667584440,+3.47,+16.416, +2.516,+0.864
1667584500,+3.47,+16.391, +2.515,+0.865
1667584560,+3.47,+16.416, +2.510,+0.865
1667584620,+3.47,+16.450, +2.502,+0.866
1667584680,+3.47,+16.450, +2.499,+0.867
1667584740,+3.47,+16.467, +2.487,+0.868
1667584800,+3.47,+16.501, +2.478,+0.868
1667584860,+3.47,+16.484, +2.524,+0.868
1667584920,+3.47,+16.476, +2.525,+0.869
1667584980,+3.47,+16.442, +2.524,+0.869
1667585040,+3.47,+16.416, +2.519,+0.870
1667585100,+3.47,+16.391, +2.523,+0.872
1667585160,+3.47,+16.374, +2.521,+0.873
1667585220,+3.47,+16.357, +2.517,+0.873
1667585280,+3.47,+16.357, +2.517,+0.874
1667585340,+3.47,+16.297, +2.504,+0.875
1667585400,+3.47,+16.323, +2.488,+0.875
1667585460,+3.47,+16.340, +2.481,+0.876
1667585520,+3.47,+16.314, +2.474,+0.876
1667585580,+3.47,+16.340, +2.462,+0.876
1667585640,+3.47,+16.348, +2.452,+0.877
1667585700,+3.47,+16.331, +2.444,+0.877
1667585760,+3.47,+16.340, +2.433,+0.877
1667585820,+3.47,+16.331, +2.421,+0.877
1667585880,+3.47,+16.348, +2.408,+0.877
1667585940,+3.47,+16.357, +2.395,+0.877
1667586000,+3.47,+16.357, +2.386,+0.877
1667586060,+3.47,+16.357, +2.376,+0.877
1667586120,+3.47,+16.340, +2.372,+0.878
1667586180,+3.47,+16.340, +2.365,+0.878
1667586240,+3.47,+16.340, +2.359,+0.878
1667586300,+3.47,+16.340, +2.351,+0.878
1667586360,+3.47,+16.331, +2.345,+0.879
1667586420,+3.47,+16.340, +2.334,+0.879
1667586480,+3.47,+16.340, +2.332,+0.879
1667586540,+3.47,+16.348, +2.326,+0.879
1667586600,+3.47,+16.331, +2.324,+0.879
1667586660,+3.47,+16.348, +2.319,+0.879
1667586720,+3.47,+16.348, +2.314,+0.879
1667586780,+3.47,+16.382, +2.310,+0.879
1667586840,+3.47,+16.365, +2.311,+0.879
1667586900,+3.47,+16.374, +2.311,+0.879
1667586960,+3.47,+16.348, +2.313,+0.879
1667587020,+3.47,+16.374, +2.306,+0.878
1667587080,+3.47,+16.382, +2.303,+0.878
1667587140,+3.47,+16.374, +2.306,+0.878
1667587200,+3.47,+16.391, +2.300,+0.878
1667587260,+3.47,+16.416, +2.291,+0.878
1667587320,+3.47,+16.382, +2.289,+0.878
1667587380,+3.47,+16.331, +2.293,+0.878
1667587440,+3.47,+16.348, +2.284,+0.878
1667587500,+3.47,+16.314, +2.282,+0.877
1667587560,+3.47,+16.305, +2.278,+0.877
1667587620,+3.47,+16.323, +2.278,+0.877
1667587680,+3.47,+16.314, +2.277,+0.876
1667587740,+3.47,+16.314, +2.282,+0.876
1667587800,+3.47,+16.314, +2.285,+0.876
1667587860,+3.47,+16.297, +2.293,+0.876
1667587920,+3.47,+16.340, +2.287,+0.876
1667587980,+3.47,+16.323, +2.287,+0.876
1667588040,+3.47,+16.348, +2.290,+0.876
1667588100,+3.47,+16.348, +2.291,+0.876
1667588160,+3.47,+16.340, +2.291,+0.876
1667588220,+3.47,+16.348, +2.286,+0.876
1667588280,+3.47,+16.331, +2.286,+0.876
1667588340,+3.47,+16.365, +2.286,+0.876
1667588400,+3.47,+16.348, +2.292,+0.876
1667588460,+3.47,+16.357, +2.288,+0.876
1667588520,+3.47,+16.365, +2.284,+0.875
1667588580,+3.47,+16.374, +2.278,+0.875
1667588640,+3.47,+16.365, +2.271,+0.875
1667588700,+3.47,+16.357, +2.266,+0.875
1667588760,+3.47,+16.391, +2.256,+0.875
1667588820,+3.47,+16.391, +2.255,+0.875
1667588880,+3.47,+16.382, +2.251,+0.875
1667588940,+3.47,+16.408, +2.241,+0.876
1667589000,+3.47,+16.399, +2.241,+0.876
1667589060,+3.47,+16.416, +2.237,+0.876
1667589120,+3.47,+16.408, +2.233,+0.875
1667589180,+3.47,+16.416, +2.228,+0.875
1667589240,+3.47,+16.433, +2.227,+0.875
1667589300,+3.47,+16.425, +2.225,+0.875
1667589360,+3.47,+16.450, +2.220,+0.874
1667589420,+3.47,+16.442, +2.222,+0.874
1667589480,+3.47,+16.467, +2.213,+0.875
1667589540,+3.47,+16.467, +2.206,+0.875
1667589600,+3.47,+16.467, +2.206,+0.876
1667589660,+3.47,+16.467, +2.202,+0.876
1667589720,+3.47,+16.476, +2.202,+0.876
1667589780,+3.47,+16.484, +2.202,+0.876
1667589840,+3.47,+16.493, +2.197,+0.876
1667589900,+3.47,+16.484, +2.199,+0.876
1667589960,+3.47,+16.467, +2.196,+0.877
1667590020,+3.47,+16.467, +2.193,+0.878
1667590080,+3.47,+16.476, +2.197,+0.878
1667590140,+3.47,+16.501, +2.192,+0.878
1667590200,+3.47,+16.501, +2.195,+0.878
1667590260,+3.47,+16.501, +2.197,+0.877
1667590320,+3.47,+16.493, +2.200,+0.877
1667590380,+3.47,+16.501, +2.196,+0.877
1667590440,+3.47,+16.493, +2.200,+0.876
1667590500,+3.47,+16.493, +2.197,+0.876
1667590560,+3.47,+16.510, +2.198,+0.876
1667590620,+3.47,+16.510, +2.201,+0.876
1667590680,+3.47,+16.518, +2.201,+0.875
1667590740,+3.47,+16.535, +2.199,+0.874
1667590800,+3.47,+16.535, +2.199,+0.874
1667590860,+3.47,+16.527, +2.203,+0.873
1667590920,+3.47,+16.535, +2.204,+0.873
1667590980,+3.47,+16.544, +2.205,+0.872
1667591040,+3.47,+16.527, +2.213,+0.872
1667591100,+3.47,+16.544, +2.216,+0.872
1667591160,+3.47,+16.544, +2.222,+0.871
1667591220,+3.47,+16.544, +2.227,+0.870
1667591280,+3.47,+16.527, +2.237,+0.869
1667591340,+3.47,+16.552, +2.243,+0.868
1667591400,+3.47,+16.552, +2.250,+0.867
1667591460,+3.47,+16.561, +2.261,+0.866
1667591520,+3.47,+16.578, +2.268,+0.866
1667591580,+3.47,+16.569, +2.281,+0.865
1667591640,+3.47,+16.569, +2.292,+0.865
1667591700,+3.47,+16.569, +2.303,+0.865
1667591760,+3.47,+16.552, +2.316,+0.864
1667591820,+3.47,+16.578, +2.324,+0.864
1667591880,+3.47,+16.561, +2.333,+0.863
1667591940,+3.47,+16.569, +2.332,+0.863
1667592000,+3.47,+16.544, +2.345,+0.863
1667592060,+3.47,+16.561, +2.349,+0.862
1667592120,+3.47,+16.561, +2.356,+0.862
1667592180,+3.47,+16.535, +2.361,+0.862
1667592240,+3.47,+16.527, +2.365,+0.863
1667592300,+3.47,+16.493, +2.372,+0.863
1667592360,+3.47,+16.467, +2.375,+0.863
1667592420,+3.47,+16.459, +2.383,+0.864
1667592480,+3.47,+16.459, +2.381,+0.864
1667592540,+3.47,+16.459, +2.387,+0.865
1667592600,+3.47,+16.450, +2.387,+0.865
1667592660,+3.47,+16.442, +2.388,+0.865
1667592720,+3.47,+16.450, +2.390,+0.865
1667592780,+3.47,+16.433, +2.392,+0.865
1667592840,+3.47,+16.425, +2.415,+0.866
1667592900,+3.47,+16.408, +2.432,+0.866
1667592960,+3.47,+16.382, +2.444,+0.866
1667593020,+3.47,+16.382, +2.451,+0.866
1667593080,+3.47,+16.365, +2.451,+0.866
1667593140,+3.47,+16.382, +2.454,+0.867
1667593200,+3.47,+16.348, +2.461,+0.867
1667593260,+3.47,+16.374, +2.458,+0.868
1667593320,+3.47,+16.348, +2.456,+0.868
1667593380,+3.47,+16.340, +2.456,+0.869
1667593440,+3.47,+16.331, +2.445,+0.870
1667593500,+3.47,+16.297, +2.439,+0.871
1667593560,+3.47,+16.305, +2.424,+0.871
1667593620,+3.47,+16.288, +2.417,+0.872
1667593680,+3.47,+16.254, +2.406,+0.873
1667593740,+3.47,+16.271, +2.392,+0.874
1667593800,+3.47,+16.229, +2.387,+0.875
1667593860,+3.47,+16.229, +2.374,+0.877
1667593920,+3.47,+16.246, +2.361,+0.877
1667593980,+3.47,+16.195, +2.349,+0.878
1667594040,+3.47,+16.195, +2.339,+0.879
1667594100,+3.47,+16.186, +2.327,+0.880
1667594160,+3.47,+16.178, +2.307,+0.880
1667594220,+3.47,+16.178, +2.297,+0.882
1667594280,+3.47,+16.169, +2.278,+0.882
1667594340,+3.47,+16.169, +2.263,+0.884
1667594400,+3.47,+16.152, +2.246,+0.884
1667594460,+3.47,+16.169, +2.231,+0.885
1667594520,+3.47,+16.169, +2.215,+0.885
1667594580,+3.47,+16.161, +2.198,+0.886
1667594640,+3.47,+16.161, +2.182,+0.886
1667594700,+3.47,+16.135, +2.165,+0.887
1667594760,+3.47,+16.152, +2.144,+0.889
1667594820,+3.47,+16.143, +2.122,+0.889
1667594880,+3.47,+16.143, +2.102,+0.890
1667594940,+3.47,+16.152, +2.080,+0.891
1667595000,+3.47,+16.135, +2.062,+0.892
1667595060,+3.47,+16.161, +2.036,+0.893
1667595120,+3.47,+16.118, +2.018,+0.894
1667595180,+3.47,+16.126, +1.995,+0.895
1667595240,+3.47,+16.101, +1.977,+0.895
1667595300,+3.47,+16.101, +1.964,+0.894
1667595360,+3.47,+16.092, +1.950,+0.894
1667595420,+3.47,+16.101, +1.938,+0.893
1667595480,+3.47,+16.084, +1.930,+0.894
1667595540,+3.47,+16.092, +1.918,+0.893
1667595600,+3.47,+16.084, +1.911,+0.894
1667595660,+3.47,+16.084, +1.881,+0.895
1667595720,+3.47,+16.092, +1.853,+0.895
1667595780,+3.47,+16.084, +1.828,+0.896
1667595840,+3.47,+16.075, +1.807,+0.897
1667595900,+3.47,+16.084, +1.785,+0.897
1667595960,+3.47,+16.067, +1.765,+0.898
1667596020,+3.47,+16.084, +1.743,+0.899
1667596080,+3.47,+16.075, +1.725,+0.900
1667596140,+3.47,+16.075, +1.704,+0.901
1667596200,+3.47,+16.050, +1.686,+0.901
1667596260,+3.47,+16.050, +1.665,+0.902
1667596320,+3.47,+16.067, +1.643,+0.903
1667596380,+3.47,+16.050, +1.620,+0.903
1667596440,+3.47,+16.058, +1.596,+0.903
1667596500,+3.47,+16.050, +1.579,+0.903
1667596560,+3.47,+16.033, +1.563,+0.902
1667596620,+3.47,+16.050, +1.550,+0.901
1667596680,+3.47,+16.024, +1.539,+0.901
1667596740,+3.47,+16.033, +1.528,+0.900
1667596800,+3.47,+16.041, +1.517,+0.900
1667596860,+3.47,+16.024, +1.511,+0.899
1667596920,+3.47,+16.033, +1.506,+0.899
1667596980,+3.47,+16.033, +1.500,+0.898
1667597040,+3.47,+16.015, +1.498,+0.897
1667597100,+3.47,+16.024, +1.497,+0.897
1667597160,+3.47,+16.007, +1.499,+0.896
1667597220,+3.47,+16.015, +1.498,+0.896
1667597280,+3.47,+16.007, +1.500,+0.895
1667597340,+3.47,+16.007, +1.501,+0.895
1667597400,+3.47,+16.007, +1.506,+0.894
1667597460,+3.47,+16.007, +1.510,+0.894
1667597520,+3.47,+15.998, +1.513,+0.894
1667597580,+3.47,+15.990, +1.522,+0.893
1667597640,+3.47,+15.998, +1.528,+0.893
1667597700,+3.47,+15.990, +1.535,+0.893
1667597760,+3.47,+15.990, +1.540,+0.893
1667597820,+3.47,+15.990, +1.543,+0.893
1667597880,+3.47,+15.964, +1.549,+0.893
1667597940,+3.47,+15.981, +1.552,+0.893
1667598000,+3.47,+15.973, +1.553,+0.894
1667598060,+3.47,+15.956, +1.554,+0.894
1667598120,+3.47,+15.981, +1.554,+0.894
1667598180,+3.47,+15.964, +1.555,+0.895
1667598240,+3.47,+15.964, +1.554,+0.895
1667598300,+3.47,+15.956, +1.555,+0.895
1667598360,+3.47,+15.964, +1.555,+0.896
1667598420,+3.47,+15.956, +1.555,+0.896
1667598480,+3.47,+15.964, +1.551,+0.896
1667598540,+3.47,+15.973, +1.550,+0.896
1667598600,+3.47,+15.964, +1.550,+0.896
1667598660,+3.47,+15.964, +1.549,+0.896
1667598720,+3.47,+15.964, +1.549,+0.896
1667598780,+3.47,+15.964, +1.550,+0.896
1667598840,+3.47,+15.956, +1.550,+0.897
1667598900,+3.47,+15.939, +1.549,+0.896
1667598960,+3.47,+15.964, +1.547,+0.896
1667599020,+3.47,+15.964, +1.548,+0.896
1667599080,+3.47,+15.964, +1.548,+0.896
1667599140,+3.47,+15.956, +1.550,+0.896
1667599200,+3.47,+15.964, +1.551,+0.895
1667599260,+3.47,+15.956, +1.557,+0.895
1667599320,+3.47,+15.939, +1.563,+0.894
1667599380,+3.47,+15.939, +1.565,+0.894
1667599440,+3.47,+15.930, +1.571,+0.894
1667599500,+3.47,+15.956, +1.571,+0.893
1667599560,+3.47,+15.930, +1.577,+0.893
1667599620,+3.47,+15.930, +1.577,+0.893
1667599680,+3.47,+15.939, +1.579,+0.893
1667599740,+3.47,+15.947, +1.576,+0.893
1667599800,+3.47,+15.947, +1.575,+0.893
1667599860,+3.47,+15.930, +1.580,+0.893
1667599920,+3.47,+15.947, +1.577,+0.893
1667599980,+3.47,+15.930, +1.579,+0.893
1667600040,+3.47,+15.930, +1.576,+0.893
1667600100,+3.47,+15.930, +1.572,+0.893
1667600160,+3.47,+15.921, +1.568,+0.893
1667600220,+3.47,+15.930, +1.559,+0.893
1667600280,+3.47,+15.930, +1.560,+0.893
1667600340,+3.47,+15.921, +1.557,+0.893
1667600400,+3.47,+15.913, +1.552,+0.894
1667600460,+3.47,+15.947, +1.548,+0.894
1667600520,+3.47,+15.939, +1.545,+0.894
1667600580,+3.47,+15.921, +1.539,+0.894
1667600640,+3.47,+15.930, +1.532,+0.894
1667600700,+3.47,+15.921, +1.528,+0.895
1667600760,+3.47,+15.930, +1.521,+0.895
1667600820,+3.47,+15.930, +1.512,+0.896
1667600880,+3.47,+15.921, +1.504,+0.896
1667600940,+3.47,+15.939, +1.497,+0.897
1667601000,+3.47,+15.921, +1.486,+0.897
1667601060,+3.47,+15.904, +1.475,+0.898
1667601120,+3.47,+15.921, +1.465,+0.898
1667601180,+3.47,+15.913, +1.457,+0.898
1667601240,+3.47,+15.939, +1.444,+0.898
1667601300,+3.47,+15.939, +1.436,+0.898
1667601360,+3.47,+15.913, +1.431,+0.899
1667601420,+3.47,+15.913, +1.423,+0.898
1667601480,+3.47,+15.930, +1.414,+0.899
1667601540,+3.47,+15.930, +1.404,+0.899
1667601600,+3.47,+15.921, +1.396,+0.899
1667601660,+3.47,+15.913, +1.393,+0.899
1667601720,+3.47,+15.921, +1.389,+0.899
1667601780,+3.47,+15.930, +1.382,+0.898
1667601840,+3.47,+15.913, +1.380,+0.898
1667601900,+3.47,+15.921, +1.377,+0.898
1667601960,+3.47,+15.921, +1.374,+0.898
1667602020,+3.47,+15.921, +1.373,+0.898
1667602080,+3.47,+15.921, +1.371,+0.898
1667602140,+3.47,+15.921, +1.373,+0.898
1667602200,+3.47,+15.904, +1.371,+0.898
1667602260,+3.47,+15.939, +1.366,+0.899
1667602320,+3.47,+15.921, +1.364,+0.899
1667602380,+3.47,+15.913, +1.362,+0.899
1667602440,+3.47,+15.930, +1.357,+0.900
1667602500,+3.47,+15.913, +1.353,+0.900
1667602560,+3.47,+15.904, +1.349,+0.901
1667602620,+3.47,+15.913, +1.341,+0.902
1667602680,+3.47,+15.930, +1.333,+0.902
1667602740,+3.47,+15.930, +1.323,+0.903
1667602800,+3.47,+15.921, +1.316,+0.903
1667602860,+3.47,+15.930, +1.308,+0.903
1667602920,+3.47,+15.939, +1.298,+0.904
1667602980,+3.47,+15.930, +1.291,+0.905
1667603040,+3.47,+15.913, +1.284,+0.905
1667603100,+3.47,+15.921, +1.273,+0.905
1667603160,+3.47,+15.930, +1.267,+0.905
1667603220,+3.47,+15.913, +1.260,+0.906
1667603280,+3.47,+15.921, +1.251,+0.907
1667603340,+3.47,+15.921, +1.243,+0.907
1667603400,+3.47,+15.939, +1.231,+0.907
1667603460,+3.47,+15.921, +1.221,+0.908
1667603520,+3.47,+15.913, +1.212,+0.908
1667603580,+3.47,+15.921, +1.201,+0.909
1667603640,+3.47,+15.930, +1.190,+0.909
1667603700,+3.47,+15.921, +1.179,+0.909
1667603760,+3.47,+15.939, +1.169,+0.910
1667603820,+3.47,+15.913, +1.159,+0.910
1667603880,+3.47,+15.930, +1.146,+0.910
1667603940,+3.47,+15.921, +1.137,+0.910
1667604000,+3.47,+15.930, +1.132,+0.909
1667604060,+3.47,+15.930, +1.125,+0.908
1667604120,+3.47,+15.947, +1.123,+0.907
1667604180,+3.47,+15.939, +1.121,+0.906
1667604240,+3.47,+15.904, +1.119,+0.906
1667604300,+3.47,+15.921, +1.114,+0.907
1667604360,+3.47,+15.921, +1.109,+0.907
1667604420,+3.47,+15.913, +1.102,+0.908
1667604480,+3.47,+15.913, +1.093,+0.909
1667604540,+3.47,+15.921, +1.087,+0.909
1667604600,+3.47,+15.921, +1.083,+0.909
1667604660,+3.47,+15.904, +1.080,+0.908
1667604720,+3.47,+15.930, +1.077,+0.908
1667604780,+3.47,+15.930, +1.073,+0.908
1667604840,+3.47,+15.913, +1.073,+0.909
1667604900,+3.47,+15.939, +1.069,+0.908
1667604960,+3.47,+15.921, +1.066,+0.909
1667605020,+3.47,+15.930, +1.062,+0.909
1667605080,+3.47,+15.921, +1.061,+0.908
1667605140,+3.47,+15.939, +1.060,+0.908
1667605200,+3.47,+15.930, +1.059,+0.907
1667605260,+3.47,+15.896, +1.060,+0.907
1667605320,+3.47,+15.930, +1.058,+0.907
1667605380,+3.47,+15.930, +1.052,+0.907
1667605440,+3.47,+15.921, +1.049,+0.908
1667605500,+3.47,+15.921, +1.044,+0.908
1667605560,+3.47,+15.913, +1.037,+0.909
1667605620,+3.47,+15.913, +1.030,+0.909
1667605680,+3.47,+15.930, +1.023,+0.910
1667605740,+3.47,+15.921, +1.014,+0.910
1667605800,+3.47,+15.939, +1.005,+0.910
1667605860,+3.47,+15.930, +0.997,+0.911
1667605920,+3.47,+15.930, +0.990,+0.911
1667605980,+3.47,+15.930, +0.981,+0.911
1667606040,+3.47,+15.939, +0.973,+0.912
1667606100,+3.47,+15.913, +0.966,+0.912
1667606160,+3.47,+15.930, +0.956,+0.912
1667606220,+3.47,+15.930, +0.950,+0.913
1667606280,+3.47,+15.913, +0.943,+0.913
1667606340,+3.47,+15.939, +0.933,+0.913
1667606400,+3.47,+15.947, +0.923,+0.914
1667606460,+3.47,+15.956, +0.919,+0.914
1667606520,+3.47,+15.947, +0.905,+0.915
1667606580,+3.47,+15.930, +0.890,+0.916
1667606640,+3.47,+15.930, +0.878,+0.915
1667606700,+3.47,+15.930, +0.871,+0.915
1667606760,+3.47,+15.939, +0.866,+0.914
1667606820,+3.47,+15.939, +0.860,+0.913
1667606880,+3.47,+15.939, +0.859,+0.912
1667606940,+3.47,+15.930, +0.861,+0.911
1667607000,+3.47,+15.921, +0.866,+0.909
1667607060,+3.47,+15.913, +0.875,+0.908
1667607120,+3.47,+15.947, +0.886,+0.907
1667607180,+3.47,+15.913, +0.903,+0.906
1667607240,+3.47,+15.930, +0.916,+0.905
1667607300,+3.47,+15.921, +0.933,+0.904
1667607360,+3.47,+15.930, +0.948,+0.903
1667607420,+3.47,+15.930, +0.965,+0.902
1667607480,+3.47,+15.921, +0.980,+0.902
1667607540,+3.47,+15.930, +0.994,+0.902
1667607600,+3.47,+15.930, +1.008,+0.902
1667607660,+3.47,+15.930, +1.019,+0.902
1667607720,+3.47,+15.921, +1.029,+0.902
1667607780,+3.47,+15.913, +1.041,+0.902
1667607840,+3.47,+15.930, +1.048,+0.902
1667607900,+3.47,+15.921, +1.057,+0.902
1667607960,+3.47,+15.930, +1.065,+0.902
1667608020,+3.47,+15.921, +1.071,+0.902
1667608080,+3.47,+15.930, +1.079,+0.902
1667608140,+3.47,+15.921, +1.082,+0.902
1667608200,+3.47,+15.921, +1.086,+0.902
1667608260,+3.47,+15.904, +1.090,+0.902
1667608320,+3.47,+15.930, +1.094,+0.902
1667608380,+3.47,+15.930, +1.098,+0.902
1667608440,+3.47,+15.896, +1.103,+0.902
1667608500,+3.47,+15.904, +1.109,+0.902
1667608560,+3.47,+15.913, +1.112,+0.901
1667608620,+3.47,+15.904, +1.116,+0.901
1667608680,+3.47,+15.904, +1.122,+0.902
1667608740,+3.47,+15.887, +1.127,+0.902
1667608800,+3.47,+15.896, +1.128,+0.902
1667608860,+3.47,+15.879, +1.129,+0.902
1667608920,+3.47,+15.887, +1.129,+0.902
1667608980,+3.47,+15.879, +1.130,+0.902
1667609040,+3.47,+15.896, +1.127,+0.902
1667609100,+3.47,+15.870, +1.127,+0.902
1667609160,+3.47,+15.862, +1.126,+0.903
1667609220,+3.47,+15.879, +1.123,+0.903
1667609280,+3.47,+15.870, +1.121,+0.904
1667609340,+3.47,+15.853, +1.122,+0.904
1667609400,+3.47,+15.827, +1.121,+0.904
1667609460,+3.47,+15.836, +1.119,+0.905
1667609520,+3.47,+15.827, +1.115,+0.905
1667609580,+3.47,+15.827, +1.109,+0.906
1667609640,+3.47,+15.819, +1.105,+0.906
1667609700,+3.47,+15.819, +1.103,+0.907
1667609760,+3.47,+15.819, +1.100,+0.907
1667609820,+3.47,+15.802, +1.091,+0.908
1667609880,+3.47,+15.810, +1.085,+0.908
1667609940,+3.47,+15.793, +1.078,+0.909
1667610000,+3.47,+15.793, +1.066,+0.909
1667610060,+3.47,+15.793, +1.054,+0.910
1667610120,+3.47,+15.785, +1.041,+0.910
1667610180,+3.47,+15.802, +1.031,+0.911
1667610240,+3.47,+15.785, +1.019,+0.912
1667610300,+3.47,+15.776, +1.007,+0.913
1667610360,+3.47,+15.776, +0.994,+0.913
1667610420,+3.47,+15.785, +0.978,+0.914
1667610480,+3.47,+15.793, +0.965,+0.915
1667610540,+3.47,+15.785, +0.950,+0.915
1667610600,+3.47,+15.776, +0.936,+0.916
1667610660,+3.47,+15.785, +0.922,+0.916
1667610720,+3.47,+15.785, +0.911,+0.916
1667610780,+3.47,+15.776, +0.898,+0.917
1667610840,+3.47,+15.776, +0.885,+0.917
1667610900,+3.47,+15.776, +0.874,+0.918
1667610960,+3.47,+15.776, +0.861,+0.918
1667611020,+3.47,+15.768, +0.850,+0.918
1667611080,+3.47,+15.768, +0.839,+0.919
1667611140,+3.47,+15.785, +0.826,+0.919
1667611200,+3.47,+15.776, +0.815,+0.920
1667611260,+3.47,+15.776, +0.804,+0.920
1667611320,+3.47,+15.768, +0.790,+0.921
1667611380,+3.47,+15.768, +0.779,+0.921
1667611440,+3.47,+15.768, +0.767,+0.921
1667611500,+3.47,+15.768, +0.755,+0.921
1667611560,+3.47,+15.759, +0.746,+0.922
1667611620,+3.47,+15.768, +0.736,+0.922
1667611680,+3.47,+15.785, +0.726,+0.922
1667611740,+3.47,+15.776, +0.718,+0.922
1667611800,+3.47,+15.793, +0.706,+0.922
1667611860,+3.47,+15.768, +0.698,+0.922
1667611920,+3.47,+15.776, +0.687,+0.923
1667611980,+3.47,+15.785, +0.673,+0.923
1667612040,+3.47,+15.768, +0.663,+0.923
1667612100,+3.47,+15.776, +0.652,+0.923
1667612160,+3.47,+15.776, +0.641,+0.923
1667612220,+3.47,+15.776, +0.632,+0.923
1667612280,+3.47,+15.768, +0.624,+0.923
1667612340,+3.47,+15.776, +0.618,+0.923
1667612400,+3.47,+15.768, +0.612,+0.923
1667612460,+3.47,+15.768, +0.609,+0.922
1667612520,+3.47,+15.776, +0.605,+0.922
1667612580,+3.47,+15.750, +0.603,+0.922
1667612640,+3.47,+15.776, +0.600,+0.922
1667612700,+3.47,+15.785, +0.596,+0.923
1667612760,+3.47,+15.793, +0.592,+0.923
1667612820,+3.47,+15.776, +0.588,+0.923
1667612880,+3.47,+15.776, +0.583,+0.923
1667612940,+3.47,+15.785, +0.576,+0.924
1667613000,+3.47,+15.785, +0.571,+0.924
1667613060,+3.47,+15.776, +0.567,+0.924
1667613120,+3.47,+15.768, +0.563,+0.923
1667613180,+3.47,+15.776, +0.560,+0.924
1667613240,+3.47,+15.785, +0.556,+0.923
1667613300,+3.47,+15.750, +0.553,+0.924
1667613360,+3.47,+15.793, +0.548,+0.924
1667613420,+3.47,+15.802, +0.541,+0.925
1667613480,+3.47,+15.802, +0.534,+0.925
1667613540,+3.47,+15.802, +0.525,+0.926
1667613600,+3.47,+15.785, +0.515,+0.927
1667613660,+3.47,+15.793, +0.504,+0.927
1667613720,+3.47,+15.785, +0.493,+0.928
1667613780,+3.47,+15.810, +0.481,+0.928
1667613840,+3.47,+15.802, +0.470,+0.929
1667613900,+3.47,+15.793, +0.458,+0.929
1667613960,+3.47,+15.819, +0.445,+0.929
1667614020,+3.47,+15.802, +0.434,+0.930
1667614080,+3.47,+15.827, +0.421,+0.930
1667614140,+3.47,+15.810, +0.407,+0.931
1667614200,+3.47,+15.810, +0.393,+0.932
1667614260,+3.47,+15.785, +0.378,+0.932
1667614320,+3.47,+15.819, +0.362,+0.933
1667614380,+3.47,+15.810, +0.345,+0.933
1667614440,+3.47,+15.810, +0.327,+0.934
1667614500,+3.47,+15.819, +0.310,+0.934
1667614560,+3.47,+15.819, +0.293,+0.935
1667614620,+3.47,+15.793, +0.279,+0.935
1667614680,+3.47,+15.793, +0.265,+0.935
1667614740,+3.47,+15.810, +0.252,+0.935
1667614800,+3.47,+15.810, +0.243,+0.935
1667614860,+3.47,+15.810, +0.239,+0.934
1667614920,+3.47,+15.802, +0.236,+0.934
1667614980,+3.47,+15.819, +0.235,+0.934
1667615040,+3.47,+15.810, +0.237,+0.933
1667615100,+3.47,+15.836, +0.240,+0.932
1667615160,+3.47,+15.810, +0.247,+0.932
1667615220,+3.47,+15.836, +0.252,+0.932
1667615280,+3.47,+15.819, +0.258,+0.931
1667615340,+3.47,+15.827, +0.263,+0.931
1667615400,+3.47,+15.827, +0.268,+0.931
1667615460,+3.47,+15.802, +0.271,+0.931
1667615520,+3.47,+15.827, +0.270,+0.932
1667615580,+3.47,+15.810, +0.267,+0.932
1667615640,+3.47,+15.827, +0.263,+0.932
1667615700,+3.47,+15.836, +0.255,+0.933
1667615760,+3.47,+15.836, +0.250,+0.933
1667615820,+3.47,+15.836, +0.249,+0.933
1667615880,+3.47,+15.827, +0.253,+0.932
1667615940,+3.47,+15.827, +0.259,+0.931
1667616000,+3.48,+15.853, +0.266,+0.931
1667616060,+3.47,+15.836, +0.274,+0.930
1667616120,+3.48,+15.836, +0.281,+0.930
1667616180,+3.47,+15.819, +0.289,+0.930
1667616240,+3.47,+15.827, +0.294,+0.930
1667616300,+3.47,+15.845, +0.299,+0.929
1667616360,+3.47,+15.836, +0.305,+0.929
1667616420,+3.47,+15.836, +0.312,+0.928
1667616480,+3.47,+15.827, +0.321,+0.928
1667616540,+3.47,+15.836, +0.329,+0.927
1667616600,+3.47,+15.836, +0.338,+0.927
1667616660,+3.47,+15.827, +0.343,+0.927
1667616720,+3.47,+15.827, +0.351,+0.926
1667616780,+3.47,+15.827, +0.359,+0.926
1667616840,+3.47,+15.827, +0.366,+0.926
1667616900,+3.47,+15.827, +0.369,+0.926
1667616960,+3.47,+15.819, +0.370,+0.927
1667617020,+3.47,+15.845, +0.369,+0.927
1667617080,+3.47,+15.819, +0.365,+0.928
1667617140,+3.47,+15.836, +0.361,+0.928
1667617200,+3.47,+15.836, +0.355,+0.929
1667617260,+3.47,+15.836, +0.368,+0.929
1667617320,+3.47,+15.845, +0.370,+0.929
1667617380,+3.47,+15.836, +0.372,+0.929
1667617440,+3.47,+15.827, +0.372,+0.929
1667617500,+3.47,+15.836, +0.377,+0.928
1667617560,+3.47,+15.836, +0.382,+0.927
1667617620,+3.47,+15.836, +0.388,+0.927
1667617680,+3.47,+15.836, +0.394,+0.926
1667617740,+3.47,+15.827, +0.401,+0.926
1667617800,+3.47,+15.836, +0.408,+0.926
1667617860,+3.47,+15.827, +0.414,+0.925
1667617920,+3.47,+15.819, +0.422,+0.925
1667617980,+3.47,+15.853, +0.429,+0.924
1667618040,+3.47,+15.827, +0.435,+0.925
1667618100,+3.47,+15.836, +0.441,+0.924
1667618160,+3.47,+15.827, +0.446,+0.924
1667618220,+3.48,+15.819, +0.448,+0.925
1667618280,+3.47,+15.836, +0.448,+0.926
1667618340,+3.47,+15.827, +0.447,+0.926
1667618400,+3.47,+15.836, +0.447,+0.926
1667618460,+3.47,+15.819, +0.449,+0.926
1667618520,+3.47,+15.810, +0.452,+0.925
1667618580,+3.47,+15.827, +0.456,+0.925
1667618640,+3.47,+15.845, +0.461,+0.924
1667618700,+3.47,+15.836, +0.469,+0.924
1667618760,+3.47,+15.827, +0.477,+0.924
1667618820,+3.47,+15.836, +0.484,+0.923
1667618880,+3.47,+15.819, +0.489,+0.923
1667618940,+3.47,+15.836, +0.494,+0.924
1667619000,+3.47,+15.836, +0.498,+0.924
1667619060,+3.47,+15.810, +0.500,+0.924
1667619120,+3.47,+15.819, +0.499,+0.924
1667619180,+3.47,+15.845, +0.498,+0.924
1667619240,+3.47,+15.819, +0.499,+0.925
1667619300,+3.47,+15.836, +0.498,+0.925
1667619360,+3.47,+15.845, +0.497,+0.925
1667619420,+3.47,+15.845, +0.496,+0.925
1667619480,+3.47,+15.802, +0.499,+0.924
1667619540,+3.47,+15.836, +0.500,+0.924
1667619600,+3.47,+15.845, +0.503,+0.924
1667619660,+3.47,+15.810, +0.508,+0.923
1667619720,+3.47,+15.827, +0.510,+0.923
1667619780,+3.47,+15.819, +0.512,+0.923
1667619840,+3.47,+15.819, +0.514,+0.924
1667619900,+3.47,+15.827, +0.513,+0.924
1667619960,+3.47,+15.802, +0.512,+0.924
1667620020,+3.47,+15.793, +0.511,+0.924
1667620080,+3.47,+15.819, +0.511,+0.924
1667620140,+3.47,+15.819, +0.514,+0.924
1667620200,+3.47,+15.802, +0.516,+0.924
1667620260,+3.47,+15.802, +0.520,+0.923
1667620320,+3.47,+15.810, +0.524,+0.923
1667620380,+3.47,+15.810, +0.527,+0.923
1667620440,+3.47,+15.793, +0.532,+0.923
1667620500,+3.47,+15.785, +0.536,+0.922
1667620560,+3.47,+15.785, +0.541,+0.922
1667620620,+3.47,+15.802, +0.546,+0.922
1667620680,+3.47,+15.785, +0.551,+0.922
1667620740,+3.47,+15.802, +0.555,+0.922
1667620800,+3.47,+15.810, +0.556,+0.922
1667620860,+3.47,+15.810, +0.557,+0.922
1667620920,+3.47,+15.802, +0.559,+0.922
1667620980,+3.47,+15.793, +0.559,+0.922
1667621040,+3.47,+15.793, +0.561,+0.922
1667621100,+3.47,+15.802, +0.563,+0.922
1667621160,+3.47,+15.810, +0.565,+0.922
1667621220,+3.47,+15.802, +0.569,+0.922
1667621280,+3.47,+15.768, +0.575,+0.921
1667621340,+3.47,+15.793, +0.582,+0.920
1667621400,+3.47,+15.793, +0.594,+0.919
1667621460,+3.47,+15.776, +0.605,+0.918
1667621520,+3.47,+15.785, +0.616,+0.917
1667621580,+3.47,+15.802, +0.627,+0.917
1667621640,+3.47,+15.776, +0.640,+0.917
1667621700,+3.47,+15.802, +0.649,+0.917
1667621760,+3.47,+15.785, +0.658,+0.917
1667621820,+3.47,+15.793, +0.666,+0.917
1667621880,+3.47,+15.785, +0.671,+0.917
1667621940,+3.47,+15.793, +0.676,+0.917
1667622000,+3.47,+15.785, +0.681,+0.917
1667622060,+3.47,+15.802, +0.683,+0.917
1667622120,+3.47,+15.802, +0.686,+0.918
1667622180,+3.47,+15.793, +0.689,+0.918
1667622240,+3.47,+15.802, +0.691,+0.918
1667622300,+3.47,+15.785, +0.693,+0.918
1667622360,+3.47,+15.802, +0.691,+0.918
1667622420,+3.47,+15.785, +0.691,+0.919
1667622480,+3.47,+15.776, +0.688,+0.919
1667622540,+3.47,+15.802, +0.685,+0.919
1667622600,+3.47,+15.802, +0.682,+0.919
1667622660,+3.47,+15.810, +0.678,+0.920
1667622720,+3.47,+15.793, +0.675,+0.920
1667622780,+3.47,+15.793, +0.672,+0.920
1667622840,+3.47,+15.785, +0.668,+0.920
1667622900,+3.47,+15.785, +0.667,+0.920
1667622960,+3.47,+15.802, +0.663,+0.920
1667623020,+3.47,+15.802, +0.661,+0.920
1667623080,+3.47,+15.802, +0.657,+0.921
1667623140,+3.47,+15.793, +0.652,+0.921
1667623200,+3.47,+15.810, +0.646,+0.922
1667623260,+3.47,+15.802, +0.640,+0.922
1667623320,+3.47,+15.785, +0.629,+0.923
1667623380,+3.47,+15.810, +0.614,+0.925
1667623440,+3.47,+15.802, +0.599,+0.926
1667623500,+3.47,+15.802, +0.587,+0.926
1667623560,+3.47,+15.785, +0.576,+0.926
1667623620,+3.47,+15.793, +0.568,+0.925
1667623680,+3.47,+15.785, +0.562,+0.925
1667623740,+3.47,+15.785, +0.556,+0.924
1667623800,+3.47,+15.785, +0.556,+0.924
1667623860,+3.47,+15.793, +0.556,+0.923
1667623920,+3.47,+15.776, +0.559,+0.923
1667623980,+3.47,+15.776, +0.561,+0.923
1667624040,+3.47,+15.776, +0.561,+0.923
1667624100,+3.47,+15.768, +0.563,+0.923
1667624160,+3.47,+15.768, +0.568,+0.922
1667624220,+3.47,+15.768, +0.573,+0.922
1667624280,+3.47,+15.759, +0.579,+0.921
1667624340,+3.47,+15.768, +0.586,+0.921
1667624400,+3.47,+15.768, +0.592,+0.921
1667624460,+3.47,+15.750, +0.599,+0.921
1667624520,+3.47,+15.750, +0.603,+0.921
1667624580,+3.47,+15.768, +0.605,+0.921
1667624640,+3.47,+15.759, +0.606,+0.922
1667624700,+3.47,+15.776, +0.607,+0.922
1667624760,+3.47,+15.742, +0.610,+0.922
1667624820,+3.47,+15.759, +0.611,+0.921
1667624880,+3.47,+15.768, +0.611,+0.921
1667624940,+3.47,+15.768, +0.611,+0.922
1667625000,+3.47,+15.759, +0.610,+0.922
1667625060,+3.47,+15.776, +0.607,+0.922
1667625120,+3.47,+15.742, +0.606,+0.923
1667625180,+3.47,+15.776, +0.601,+0.923
1667625240,+3.47,+15.759, +0.596,+0.923
1667625300,+3.47,+15.750, +0.588,+0.924
1667625360,+3.47,+15.750, +0.584,+0.924
1667625420,+3.47,+15.768, +0.584,+0.924
1667625480,+3.47,+15.742, +0.586,+0.923
1667625540,+3.47,+15.750, +0.587,+0.923
1667625600,+3.47,+15.750, +0.590,+0.923
1667625660,+3.47,+15.750, +0.593,+0.923
1667625720,+3.47,+15.759, +0.595,+0.922
1667625780,+3.47,+15.750, +0.597,+0.923
1667625840,+3.47,+15.716, +0.598,+0.923
1667625900,+3.47,+15.759, +0.596,+0.923
1667625960,+3.47,+15.750, +0.598,+0.923
1667626020,+3.47,+15.759, +0.599,+0.923
1667626080,+3.47,+15.750, +0.600,+0.923
1667626140,+3.47,+15.750, +0.601,+0.923
1667626200,+3.47,+15.750, +0.603,+0.922
1667626260,+3.47,+15.742, +0.606,+0.922
1667626320,+3.47,+15.750, +0.609,+0.922
1667626380,+3.47,+15.759, +0.610,+0.922
1667626440,+3.47,+15.733, +0.613,+0.922
1667626500,+3.47,+15.759, +0.611,+0.922
1667626560,+3.47,+15.750, +0.612,+0.923
1667626620,+3.47,+15.742, +0.609,+0.923
1667626680,+3.47,+15.750, +0.606,+0.924
1667626740,+3.47,+15.759, +0.599,+0.925
1667626800,+3.47,+15.759, +0.595,+0.925
1667626860,+3.47,+15.733, +0.589,+0.925
1667626920,+3.47,+15.742, +0.583,+0.926
1667626980,+3.47,+15.742, +0.577,+0.926
1667627040,+3.47,+15.742, +0.572,+0.926
1667627100,+3.47,+15.750, +0.566,+0.926
1667627160,+3.47,+15.759, +0.558,+0.927
1667627220,+3.47,+15.759, +0.549,+0.927
1667627280,+3.47,+15.750, +0.541,+0.928
1667627340,+3.47,+15.733, +0.533,+0.928
1667627400,+3.47,+15.742, +0.527,+0.928
1667627460,+3.47,+15.768, +0.523,+0.927
1667627520,+3.47,+15.750, +0.521,+0.927
1667627580,+3.47,+15.750, +0.523,+0.926
1667627640,+3.47,+15.742, +0.529,+0.926
1667627700,+3.47,+15.768, +0.534,+0.925
1667627760,+3.47,+15.768, +0.542,+0.924
1667627820,+3.47,+15.759, +0.550,+0.924
1667627880,+3.47,+15.768, +0.556,+0.924
1667627940,+3.47,+15.768, +0.559,+0.924
1667628000,+3.47,+15.759, +0.563,+0.924
1667628060,+3.47,+15.759, +0.549,+0.925
1667628120,+3.47,+15.742, +0.540,+0.926
1667628180,+3.47,+15.759, +0.532,+0.926
1667628240,+3.47,+15.725, +0.523,+0.927
1667628300,+3.47,+15.759, +0.511,+0.927
1667628360,+3.47,+15.742, +0.500,+0.928
1667628420,+3.47,+15.750, +0.489,+0.928
1667628480,+3.47,+15.725, +0.478,+0.929
1667628540,+3.47,+15.733, +0.467,+0.929
1667628600,+3.47,+15.742, +0.457,+0.930
1667628660,+3.47,+15.742, +0.446,+0.930
1667628720,+3.47,+15.742, +0.436,+0.931
1667628780,+3.47,+15.742, +0.425,+0.931
1667628840,+3.47,+15.725, +0.416,+0.931
1667628900,+3.47,+15.750, +0.404,+0.932
1667628960,+3.47,+15.733, +0.393,+0.932
1667629020,+3.47,+15.733, +0.382,+0.932
1667629080,+3.47,+15.733, +0.371,+0.932
1667629140,+3.47,+15.733, +0.361,+0.933
1667629200,+3.47,+15.725, +0.353,+0.933
1667629260,+3.47,+15.725, +0.344,+0.933
1667629320,+3.47,+15.725, +0.335,+0.933
1667629380,+3.47,+15.708, +0.328,+0.933
1667629440,+3.47,+15.716, +0.319,+0.933
1667629500,+3.47,+15.725, +0.309,+0.933
1667629560,+3.47,+15.708, +0.301,+0.934
1667629620,+3.47,+15.716, +0.293,+0.934
1667629680,+3.47,+15.699, +0.287,+0.933
1667629740,+3.47,+15.716, +0.282,+0.933
1667629800,+3.47,+15.673, +0.278,+0.934
1667629860,+3.47,+15.691, +0.273,+0.934
1667629920,+3.47,+15.682, +0.269,+0.934
1667629980,+3.47,+15.665, +0.263,+0.934
1667630040,+3.47,+15.673, +0.258,+0.934
1667630100,+3.47,+15.639, +0.253,+0.934
1667630160,+3.47,+15.665, +0.246,+0.934
1667630220,+3.47,+15.613, +0.239,+0.935
1667630280,+3.47,+15.613, +0.232,+0.935
1667630340,+3.47,+15.596, +0.233,+0.934
1667630400,+3.47,+15.596, +0.237,+0.934
1667630460,+3.47,+15.596, +0.243,+0.933
1667630520,+3.47,+15.596, +0.251,+0.932
1667630580,+3.47,+15.596, +0.260,+0.932
1667630640,+3.47,+15.579, +0.269,+0.931
1667630700,+3.47,+15.562, +0.280,+0.931
1667630760,+3.47,+15.579, +0.290,+0.931
1667630820,+3.47,+15.562, +0.299,+0.930
1667630880,+3.47,+15.553, +0.309,+0.930
1667630940,+3.47,+15.545, +0.318,+0.929
1667631000,+3.47,+15.553, +0.332,+0.928
1667631060,+3.47,+15.562, +0.347,+0.927
1667631120,+3.47,+15.562, +0.365,+0.925
1667631180,+3.47,+15.553, +0.385,+0.925
1667631240,+3.47,+15.536, +0.403,+0.923
1667631300,+3.47,+15.562, +0.419,+0.923
1667631360,+3.47,+15.553, +0.436,+0.922
1667631420,+3.47,+15.553, +0.452,+0.922
1667631480,+3.47,+15.571, +0.467,+0.921
1667631540,+3.47,+15.553, +0.481,+0.921
1667631600,+3.47,+15.553, +0.496,+0.921
1667631660,+3.47,+15.553, +0.509,+0.921
1667631720,+3.47,+15.562, +0.521,+0.920
1667631780,+3.47,+15.536, +0.532,+0.920
1667631840,+3.47,+15.553, +0.541,+0.920
1667631900,+3.47,+15.553, +0.550,+0.920
1667631960,+3.47,+15.545, +0.559,+0.920
1667632020,+3.47,+15.545, +0.568,+0.919
1667632080,+3.47,+15.571, +0.578,+0.919
1667632140,+3.47,+15.562, +0.588,+0.918
1667632200,+3.47,+15.571, +0.597,+0.918
1667632260,+3.47,+15.553, +0.608,+0.918
1667632320,+3.47,+15.562, +0.617,+0.917
1667632380,+3.47,+15.571, +0.625,+0.917
1667632440,+3.47,+15.579, +0.634,+0.916
1667632500,+3.47,+15.596, +0.643,+0.916
1667632560,+3.47,+15.571, +0.655,+0.915
1667632620,+3.47,+15.588, +0.665,+0.914
1667632680,+3.47,+15.579, +0.675,+0.914
1667632740,+3.47,+15.596, +0.687,+0.913
1667632800,+3.47,+15.571, +0.699,+0.913
1667632860,+3.47,+15.596, +0.710,+0.912
1667632920,+3.47,+15.596, +0.721,+0.912
1667632980,+3.47,+15.605, +0.728,+0.912
1667633040,+3.47,+15.596, +0.738,+0.912
1667633100,+3.47,+15.579, +0.747,+0.912
1667633160,+3.47,+15.596, +0.755,+0.912
1667633220,+3.47,+15.596, +0.762,+0.913
1667633280,+3.47,+15.596, +0.769,+0.913
1667633340,+3.47,+15.622, +0.776,+0.913
1667633400,+3.47,+15.605, +0.782,+0.913
1667633460,+3.47,+15.605, +0.787,+0.913
1667633520,+3.47,+15.588, +0.792,+0.913
1667633580,+3.47,+15.613, +0.793,+0.914
1667633640,+3.47,+15.622, +0.793,+0.914
1667633700,+3.47,+15.605, +0.794,+0.915
1667633760,+3.47,+15.631, +0.791,+0.916
1667633820,+3.47,+15.639, +0.786,+0.916
1667633880,+3.47,+15.605, +0.785,+0.917
1667633940,+3.47,+15.613, +0.782,+0.917
1667634000,+3.47,+15.622, +0.776,+0.917
1667634060,+3.47,+15.639, +0.770,+0.917
1667634120,+3.47,+15.639, +0.764,+0.917
1667634180,+3.47,+15.648, +0.757,+0.917
1667634240,+3.47,+15.622, +0.751,+0.918
1667634300,+3.47,+15.639, +0.743,+0.918
1667634360,+3.47,+15.631, +0.737,+0.919
1667634420,+3.47,+15.648, +0.728,+0.919
1667634480,+3.47,+15.656, +0.719,+0.920
1667634540,+3.47,+15.639, +0.713,+0.920
1667634600,+3.47,+15.648, +0.705,+0.921
1667634660,+3.47,+15.665, +0.697,+0.921
1667634720,+3.47,+15.648, +0.691,+0.921
1667634780,+3.47,+15.639, +0.685,+0.921
1667634840,+3.47,+15.665, +0.676,+0.922
1667634900,+3.47,+15.639, +0.668,+0.923
1667634960,+3.47,+15.648, +0.660,+0.923
1667635020,+3.47,+15.656, +0.648,+0.924
1667635080,+3.47,+15.648, +0.636,+0.925
1667635140,+3.47,+15.648, +0.623,+0.926
1667635200,+3.47,+15.648, +0.607,+0.927
1667635260,+3.47,+15.648, +0.593,+0.928
1667635320,+3.47,+15.665, +0.574,+0.929
1667635380,+3.47,+15.639, +0.554,+0.929
1667635440,+3.47,+15.656, +0.536,+0.930
1667635500,+3.47,+15.673, +0.516,+0.931
1667635560,+3.47,+15.665, +0.497,+0.931
1667635620,+3.47,+15.665, +0.479,+0.932
1667635680,+3.47,+15.665, +0.462,+0.932
1667635740,+3.47,+15.665, +0.446,+0.932
1667635800,+3.47,+15.673, +0.430,+0.932
1667635860,+3.47,+15.673, +0.412,+0.933
1667635920,+3.47,+15.682, +0.396,+0.933
1667635980,+3.47,+15.673, +0.381,+0.933
1667636040,+3.47,+15.673, +0.366,+0.934
1667636100,+3.47,+15.691, +0.352,+0.934
1667636160,+3.47,+15.691, +0.339,+0.934
1667636220,+3.47,+15.691, +0.327,+0.934
1667636280,+3.47,+15.682, +0.317,+0.934
1667636340,+3.47,+15.691, +0.309,+0.934
1667636400,+3.47,+15.673, +0.302,+0.933
1667636460,+3.47,+15.673, +0.297,+0.933
1667636520,+3.47,+15.673, +0.293,+0.933
1667636580,+3.47,+15.673, +0.291,+0.933
1667636640,+3.47,+15.673, +0.291,+0.933
1667636700,+3.47,+15.682, +0.291,+0.932
1667636760,+3.47,+15.665, +0.297,+0.931
1667636820,+3.47,+15.673, +0.300,+0.931
1667636880,+3.47,+15.673, +0.303,+0.931
1667636940,+3.47,+15.682, +0.306,+0.931
1667637000,+3.47,+15.673, +0.309,+0.930
1667637060,+3.47,+15.673, +0.312,+0.930
1667637120,+3.47,+15.673, +0.314,+0.931
1667637180,+3.47,+15.682, +0.315,+0.931
1667637240,+3.47,+15.691, +0.316,+0.931
1667637300,+3.47,+15.682, +0.317,+0.931
1667637360,+3.47,+15.691, +0.316,+0.931
1667637420,+3.47,+15.673, +0.313,+0.931
1667637480,+3.47,+15.682, +0.311,+0.932
1667637540,+3.47,+15.682, +0.307,+0.932
1667637600,+3.47,+15.682, +0.302,+0.932
1667637660,+3.47,+15.682, +0.296,+0.932
1667637720,+3.47,+15.648, +0.291,+0.933
1667637780,+3.47,+15.673, +0.282,+0.933
1667637840,+3.47,+15.673, +0.273,+0.934
1667637900,+3.47,+15.682, +0.264,+0.934
1667637960,+3.47,+15.665, +0.256,+0.934
1667638020,+3.47,+15.665, +0.247,+0.934
1667638080,+3.47,+15.665, +0.238,+0.934
1667638140,+3.47,+15.673, +0.230,+0.935
1667638200,+3.47,+15.665, +0.221,+0.935
1667638260,+3.47,+15.673, +0.212,+0.935
1667638320,+3.47,+15.673, +0.204,+0.935
1667638380,+3.47,+15.665, +0.196,+0.935
1667638440,+3.47,+15.665, +0.188,+0.935
1667638500,+3.47,+15.648, +0.184,+0.935
1667638560,+3.47,+15.639, +0.180,+0.935
1667638620,+3.47,+15.648, +0.179,+0.935
1667638680,+3.47,+15.648, +0.181,+0.934
1667638740,+3.47,+15.673, +0.185,+0.934
1667638800,+3.47,+15.639, +0.188,+0.934
1667638860,+3.47,+15.648, +0.206,+0.933
1667638920,+3.47,+15.631, +0.218,+0.932
1667638980,+3.47,+15.648, +0.231,+0.931
1667639040,+3.47,+15.648, +0.244,+0.930
1667639100,+3.47,+15.631, +0.263,+0.929
1667639160,+3.47,+15.656, +0.282,+0.927
1667639220,+3.47,+15.648, +0.302,+0.926
1667639280,+3.47,+15.648, +0.321,+0.925
1667639340,+3.47,+15.656, +0.337,+0.924
1667639400,+3.47,+15.639, +0.352,+0.924
1667639460,+3.47,+15.639, +0.366,+0.923
1667639520,+3.47,+15.648, +0.380,+0.923
1667639580,+3.47,+15.648, +0.394,+0.922
1667639640,+3.47,+15.665, +0.411,+0.922
1667639700,+3.47,+15.656, +0.426,+0.921
1667639760,+3.47,+15.656, +0.442,+0.920
1667639820,+3.47,+15.656, +0.459,+0.919
1667639880,+3.47,+15.665, +0.476,+0.918
1667639940,+3.47,+15.656, +0.494,+0.917
1667640000,+3.47,+15.648, +0.511,+0.917
1667640060,+3.47,+15.665, +0.528,+0.916
1667640120,+3.47,+15.673, +0.544,+0.916
1667640180,+3.47,+15.656, +0.560,+0.915
1667640240,+3.47,+15.665, +0.576,+0.914
1667640300,+3.47,+15.665, +0.594,+0.914
1667640360,+3.47,+15.665, +0.613,+0.913
1667640420,+3.47,+15.656, +0.634,+0.912
1667640480,+3.47,+15.648, +0.653,+0.911
1667640540,+3.47,+15.648, +0.671,+0.910
1667640600,+3.47,+15.648, +0.689,+0.910
1667640660,+3.47,+15.673, +0.706,+0.910
1667640720,+3.47,+15.673, +0.726,+0.909
1667640780,+3.47,+15.665, +0.749,+0.908
1667640840,+3.47,+15.656, +0.773,+0.907
1667640900,+3.47,+15.682, +0.795,+0.906
1667640960,+3.47,+15.682, +0.817,+0.905
1667641020,+3.47,+15.682, +0.838,+0.905
1667641080,+3.47,+15.682, +0.860,+0.904
1667641140,+3.47,+15.691, +0.881,+0.904
1667641200,+3.47,+15.673, +0.901,+0.904
1667641260,+3.47,+15.699, +0.917,+0.904
1667641320,+3.47,+15.682, +0.933,+0.903
1667641380,+3.47,+15.673, +0.949,+0.904
1667641440,+3.47,+15.716, +0.960,+0.903
1667641500,+3.47,+15.691, +0.974,+0.903
1667641560,+3.47,+15.699, +0.985,+0.904
1667641620,+3.47,+15.691, +0.998,+0.904
1667641680,+3.47,+15.708, +1.005,+0.904
1667641740,+3.47,+15.733, +1.012,+0.904
1667641800,+3.47,+15.708, +1.021,+0.904
1667641860,+3.47,+15.716, +1.027,+0.903
1667641920,+3.47,+15.725, +1.034,+0.903
1667641980,+3.47,+15.716, +1.039,+0.903
1667642040,+3.47,+15.733, +1.046,+0.903
1667642100,+3.47,+15.716, +1.054,+0.902
1667642160,+3.47,+15.733, +1.063,+0.902
1667642220,+3.47,+15.733, +1.072,+0.901
1667642280,+3.47,+15.742, +1.079,+0.901
1667642340,+3.47,+15.733, +1.087,+0.900
1667642400,+3.47,+15.759, +1.093,+0.900
1667642460,+3.47,+15.750, +1.103,+0.900
1667642520,+3.47,+15.759, +1.114,+0.899
1667642580,+3.47,+15.742, +1.123,+0.899
1667642640,+3.47,+15.768, +1.131,+0.899
1667642700,+3.47,+15.768, +1.141,+0.898
1667642760,+3.47,+15.759, +1.149,+0.898
1667642820,+3.47,+15.768, +1.161,+0.897
1667642880,+3.47,+15.785, +1.170,+0.897
1667642940,+3.47,+15.759, +1.182,+0.897
1667643000,+3.47,+15.776, +1.189,+0.897
1667643060,+3.47,+15.776, +1.198,+0.897
1667643120,+3.47,+15.785, +1.206,+0.897
1667643180,+3.47,+15.776, +1.213,+0.897
1667643240,+3.47,+15.776, +1.223,+0.897
1667643300,+3.47,+15.785, +1.231,+0.897
1667643360,+3.47,+15.785, +1.239,+0.896
1667643420,+3.47,+15.785, +1.245,+0.896
1667643480,+3.47,+15.785, +1.253,+0.896
1667643540,+3.47,+15.793, +1.260,+0.896
1667643600,+3.47,+15.793, +1.266,+0.896
1667643660,+3.47,+15.785, +1.272,+0.897
1667643720,+3.47,+15.802, +1.275,+0.897
1667643780,+3.47,+15.802, +1.279,+0.897
1667643840,+3.47,+15.793, +1.286,+0.897
1667643900,+3.47,+15.802, +1.291,+0.897
1667643960,+3.47,+15.802, +1.296,+0.897
1667644020,+3.47,+15.802, +1.303,+0.897
1667644080,+3.47,+15.793, +1.310,+0.896
1667644140,+3.47,+15.810, +1.317,+0.896
1667644200,+3.47,+15.776, +1.325,+0.896
1667644260,+3.47,+15.802, +1.330,+0.896
1667644320,+3.47,+15.793, +1.336,+0.896
1667644380,+3.47,+15.819, +1.340,+0.896
1667644440,+3.47,+15.802, +1.346,+0.896
1667644500,+3.47,+15.802, +1.351,+0.896
1667644560,+3.47,+15.810, +1.357,+0.896
1667644620,+3.47,+15.810, +1.361,+0.896
1667644680,+3.47,+15.810, +1.365,+0.897
1667644740,+3.47,+15.802, +1.368,+0.897
1667644800,+3.47,+15.810, +1.369,+0.897
1667644860,+3.47,+15.819, +1.367,+0.898
1667644920,+3.47,+15.819, +1.367,+0.899
1667644980,+3.47,+15.793, +1.368,+0.899
1667645040,+3.47,+15.810, +1.363,+0.900
1667645100,+3.47,+15.776, +1.361,+0.901
1667645160,+3.47,+15.793, +1.357,+0.901
1667645220,+3.47,+15.802, +1.354,+0.900
1667645280,+3.47,+15.819, +1.353,+0.900
1667645340,+3.47,+15.802, +1.354,+0.899
1667645400,+3.47,+15.802, +1.356,+0.899
1667645460,+3.47,+15.810, +1.359,+0.898
1667645520,+3.47,+15.827, +1.361,+0.898
1667645580,+3.47,+15.793, +1.367,+0.898
1667645640,+3.47,+15.810, +1.371,+0.897
1667645700,+3.47,+15.810, +1.374,+0.897
1667645760,+3.47,+15.802, +1.380,+0.898
1667645820,+3.47,+15.802, +1.383,+0.898
1667645880,+3.47,+15.802, +1.383,+0.898
1667645940,+3.47,+15.827, +1.384,+0.899
1667646000,+3.47,+15.802, +1.389,+0.898
1667646060,+3.47,+15.793, +1.395,+0.899
1667646120,+3.47,+15.802, +1.397,+0.898
1667646180,+3.47,+15.836, +1.398,+0.898
1667646240,+3.47,+15.819, +1.402,+0.898
1667646300,+3.47,+15.802, +1.406,+0.898
1667646360,+3.47,+15.810, +1.408,+0.898
1667646420,+3.47,+15.810, +1.411,+0.898
1667646480,+3.47,+15.810, +1.415,+0.898
1667646540,+3.47,+15.827, +1.417,+0.898
1667646600,+3.47,+15.819, +1.419,+0.898
1667646660,+3.47,+15.810, +1.423,+0.898
1667646720,+3.47,+15.819, +1.425,+0.899
1667646780,+3.47,+15.802, +1.428,+0.899
1667646840,+3.47,+15.827, +1.427,+0.901
1667646900,+3.47,+15.819, +1.423,+0.902
1667646960,+3.47,+15.819, +1.418,+0.903
1667647020,+3.47,+15.827, +1.412,+0.904
1667647080,+3.47,+15.810, +1.404,+0.906
1667647140,+3.47,+15.819, +1.394,+0.907
1667647200,+3.47,+15.802, +1.387,+0.908
1667647260,+3.47,+15.827, +1.376,+0.908
1667647320,+3.47,+15.810, +1.368,+0.909
1667647380,+3.47,+15.827, +1.356,+0.909
1667647440,+3.47,+15.819, +1.347,+0.909
1667647500,+3.47,+15.827, +1.336,+0.910
1667647560,+3.47,+15.810, +1.328,+0.910
1667647620,+3.47,+15.819, +1.316,+0.910
1667647680,+3.47,+15.819, +1.310,+0.909
1667647740,+3.47,+15.810, +1.305,+0.909
1667647800,+3.47,+15.802, +1.298,+0.909
1667647860,+3.47,+15.827, +1.292,+0.908
1667647920,+3.47,+15.819, +1.289,+0.908
1667647980,+3.47,+15.819, +1.288,+0.907
1667648040,+3.47,+15.810, +1.287,+0.907
1667648100,+3.47,+15.819, +1.286,+0.907
1667648160,+3.47,+15.819, +1.288,+0.906
1667648220,+3.47,+15.810, +1.290,+0.906
1667648280,+3.47,+15.819, +1.293,+0.906
1667648340,+3.47,+15.819, +1.297,+0.905
1667648400,+3.47,+15.819, +1.301,+0.904
1667648460,+3.47,+15.827, +1.307,+0.904
1667648520,+3.47,+15.819, +1.314,+0.904
1667648580,+3.47,+15.810, +1.319,+0.903
1667648640,+3.47,+15.827, +1.324,+0.903
1667648700,+3.47,+15.827, +1.328,+0.903
1667648760,+3.47,+15.819, +1.333,+0.903
1667648820,+3.47,+15.827, +1.337,+0.903
1667648880,+3.47,+15.810, +1.343,+0.903
1667648940,+3.47,+15.827, +1.346,+0.903
1667649000,+3.47,+15.819, +1.351,+0.903
1667649060,+3.47,+15.810, +1.352,+0.904
1667649120,+3.47,+15.819, +1.353,+0.904
1667649180,+3.47,+15.819, +1.351,+0.905
1667649240,+3.47,+15.810, +1.348,+0.905
1667649300,+3.47,+15.810, +1.344,+0.906
1667649360,+3.47,+15.810, +1.336,+0.907
1667649420,+3.47,+15.819, +1.327,+0.909
1667649480,+3.47,+15.810, +1.322,+0.909
1667649540,+3.47,+15.827, +1.316,+0.908
1667649600,+3.47,+15.819, +1.312,+0.908
1667649660,+3.47,+15.836, +1.282,+0.909
1667649720,+3.47,+15.819, +1.266,+0.909
1667649780,+3.47,+15.819, +1.250,+0.910
1667649840,+3.47,+15.802, +1.235,+0.910
1667649900,+3.47,+15.810, +1.220,+0.911
1667649960,+3.47,+15.810, +1.206,+0.911
1667650020,+3.47,+15.819, +1.195,+0.911
1667650080,+3.47,+15.827, +1.182,+0.911
1667650140,+3.47,+15.827, +1.171,+0.911
1667650200,+3.47,+15.819, +1.162,+0.911
1667650260,+3.47,+15.827, +1.153,+0.911
1667650320,+3.47,+15.802, +1.151,+0.910
1667650380,+3.47,+15.810, +1.148,+0.909
1667650440,+3.47,+15.819, +1.147,+0.909
1667650500,+3.47,+15.819, +1.147,+0.908
1667650560,+3.47,+15.836, +1.148,+0.907
1667650620,+3.47,+15.819, +1.151,+0.907
1667650680,+3.47,+15.810, +1.152,+0.907
1667650740,+3.47,+15.845, +1.153,+0.907
1667650800,+3.47,+15.827, +1.154,+0.907
1667650860,+3.47,+15.819, +1.153,+0.908
1667650920,+3.47,+15.827, +1.153,+0.908
1667650980,+3.47,+15.845, +1.148,+0.909
1667651040,+3.47,+15.827, +1.147,+0.909
1667651100,+3.47,+15.836, +1.142,+0.910
1667651160,+3.47,+15.836, +1.138,+0.911
1667651220,+3.47,+15.836, +1.133,+0.911
1667651280,+3.47,+15.827, +1.127,+0.912
1667651340,+3.47,+15.827, +1.123,+0.912
1667651400,+3.47,+15.819, +1.119,+0.911
1667651460,+3.47,+15.819, +1.116,+0.911
1667651520,+3.47,+15.853, +1.111,+0.910
1667651580,+3.47,+15.836, +1.111,+0.909
1667651640,+3.47,+15.836, +1.113,+0.909
1667651700,+3.47,+15.836, +1.115,+0.908
1667651760,+3.47,+15.845, +1.117,+0.908
1667651820,+3.47,+15.845, +1.119,+0.909
1667651880,+3.47,+15.827, +1.121,+0.909
1667651940,+3.47,+15.819, +1.125,+0.909
1667652000,+3.47,+15.836, +1.129,+0.908
1667652060,+3.47,+15.827, +1.137,+0.906
1667652120,+3.47,+15.836, +1.146,+0.905
1667652180,+3.47,+15.836, +1.160,+0.904
1667652240,+3.47,+15.836, +1.174,+0.902
1667652300,+3.47,+15.836, +1.192,+0.901
1667652360,+3.47,+15.836, +1.209,+0.900
1667652420,+3.47,+15.827, +1.230,+0.899
1667652480,+3.47,+15.819, +1.251,+0.898
1667652540,+3.47,+15.819, +1.271,+0.898
1667652600,+3.47,+15.836, +1.290,+0.897
1667652660,+3.47,+15.827, +1.309,+0.897
1667652720,+3.47,+15.836, +1.328,+0.896
1667652780,+3.47,+15.827, +1.347,+0.896
1667652840,+3.47,+15.836, +1.366,+0.896
1667652900,+3.47,+15.836, +1.383,+0.895
1667652960,+3.47,+15.836, +1.401,+0.895
1667653020,+3.47,+15.827, +1.419,+0.895
1667653080,+3.47,+15.819, +1.437,+0.894
1667653140,+3.47,+15.827, +1.456,+0.894
1667653200,+3.47,+15.836, +1.474,+0.893
1667653260,+3.47,+15.836, +1.496,+0.892
1667653320,+3.47,+15.819, +1.517,+0.892
1667653380,+3.47,+15.845, +1.534,+0.891
1667653440,+3.47,+15.853, +1.554,+0.891
1667653500,+3.47,+15.836, +1.573,+0.891
1667653560,+3.47,+15.836, +1.592,+0.891
1667653620,+3.47,+15.819, +1.612,+0.891
1667653680,+3.47,+15.836, +1.628,+0.891
1667653740,+3.47,+15.836, +1.647,+0.890
1667653800,+3.47,+15.836, +1.665,+0.890
1667653860,+3.47,+15.827, +1.681,+0.890
1667653920,+3.47,+15.845, +1.694,+0.890
1667653980,+3.47,+15.845, +1.706,+0.890
1667654040,+3.47,+15.853, +1.717,+0.890
1667654100,+3.47,+15.836, +1.727,+0.891
1667654160,+3.47,+15.827, +1.737,+0.891
1667654220,+3.47,+15.836, +1.745,+0.891
1667654280,+3.47,+15.836, +1.752,+0.891
1667654340,+3.47,+15.827, +1.760,+0.891
1667654400,+3.47,+15.845, +1.766,+0.892
1667654460,+3.47,+15.827, +1.773,+0.892
1667654520,+3.47,+15.845, +1.775,+0.892
1667654580,+3.47,+15.845, +1.780,+0.892
1667654640,+3.47,+15.845, +1.783,+0.892
1667654700,+3.47,+15.836, +1.788,+0.893
1667654760,+3.47,+15.853, +1.788,+0.892
1667654820,+3.47,+15.845, +1.792,+0.892
1667654880,+3.47,+15.853, +1.794,+0.892
1667654940,+3.47,+15.853, +1.798,+0.892
1667655000,+3.47,+15.853, +1.799,+0.892
1667655060,+3.47,+15.862, +1.800,+0.892
1667655120,+3.47,+15.870, +1.800,+0.892
1667655180,+3.47,+15.862, +1.803,+0.893
1667655240,+3.47,+15.896, +1.802,+0.893
1667655300,+3.47,+15.879, +1.804,+0.893
1667655360,+3.47,+15.879, +1.805,+0.893
1667655420,+3.47,+15.887, +1.805,+0.894
1667655480,+3.47,+15.887, +1.806,+0.894
1667655540,+3.47,+15.896, +1.802,+0.894
1667655600,+3.47,+15.862, +1.803,+0.894
1667655660,+3.47,+15.887, +1.800,+0.895
1667655720,+3.47,+15.896, +1.795,+0.895
1667655780,+3.47,+15.887, +1.796,+0.894
1667655840,+3.47,+15.913, +1.794,+0.894
1667655900,+3.47,+15.921, +1.793,+0.894
1667655960,+3.47,+15.896, +1.796,+0.894
1667656020,+3.47,+15.887, +1.794,+0.894
1667656080,+3.47,+15.896, +1.791,+0.894
1667656140,+3.47,+15.913, +1.790,+0.894
1667656200,+3.47,+15.930, +1.785,+0.894
1667656260,+3.47,+15.921, +1.783,+0.894
1667656320,+3.47,+15.904, +1.781,+0.894
1667656380,+3.47,+15.930, +1.777,+0.894
1667656440,+3.47,+15.930, +1.774,+0.894
1667656500,+3.47,+15.913, +1.774,+0.894
1667656560,+3.47,+15.913, +1.771,+0.894
1667656620,+3.47,+15.939, +1.767,+0.895
1667656680,+3.47,+15.921, +1.766,+0.895
1667656740,+3.47,+15.930, +1.761,+0.895
1667656800,+3.47,+15.921, +1.758,+0.896
1667656860,+3.47,+15.930, +1.752,+0.896
1667656920,+3.47,+15.913, +1.747,+0.897
1667656980,+3.47,+15.939, +1.739,+0.897
1667657040,+3.47,+15.939, +1.732,+0.898
1667657100,+3.47,+15.921, +1.727,+0.898
1667657160,+3.47,+15.964, +1.717,+0.899
1667657220,+3.47,+15.930, +1.712,+0.899
1667657280,+3.47,+15.947, +1.704,+0.899
1667657340,+3.47,+15.947, +1.697,+0.899
1667657400,+3.47,+15.947, +1.690,+0.900
1667657460,+3.47,+15.947, +1.682,+0.900
1667657520,+3.47,+15.947, +1.673,+0.901
1667657580,+3.47,+15.947, +1.663,+0.901
1667657640,+3.47,+15.956, +1.654,+0.901
1667657700,+3.47,+15.939, +1.651,+0.900
1667657760,+3.47,+15.947, +1.643,+0.900
1667657820,+3.47,+15.964, +1.636,+0.900
1667657880,+3.47,+15.964, +1.633,+0.899
1667657940,+3.47,+15.939, +1.631,+0.899
1667658000,+3.47,+15.947, +1.628,+0.899
1667658060,+3.47,+15.964, +1.625,+0.898
1667658120,+3.47,+15.956, +1.624,+0.898
1667658180,+3.47,+15.939, +1.623,+0.898
1667658240,+3.47,+15.981, +1.618,+0.898
1667658300,+3.47,+15.947, +1.618,+0.898
1667658360,+3.47,+15.973, +1.618,+0.898
1667658420,+3.47,+15.956, +1.618,+0.898
1667658480,+3.47,+15.956, +1.621,+0.898
1667658540,+3.47,+15.956, +1.621,+0.898
1667658600,+3.47,+15.939, +1.623,+0.898
1667658660,+3.47,+15.973, +1.623,+0.898
1667658720,+3.47,+15.981, +1.620,+0.898
1667658780,+3.47,+15.939, +1.624,+0.899
1667658840,+3.47,+15.964, +1.623,+0.899
1667658900,+3.47,+15.956, +1.625,+0.899
1667658960,+3.47,+15.973, +1.622,+0.900
1667659020,+3.47,+15.981, +1.622,+0.900
1667659080,+3.47,+15.956, +1.621,+0.900
1667659140,+3.47,+15.990, +1.618,+0.900
1667659200,+3.47,+15.973, +1.619,+0.900
1667659260,+3.47,+15.973, +1.616,+0.901
1667659320,+3.47,+15.990, +1.613,+0.901
1667659380,+3.47,+15.964, +1.612,+0.901
1667659440,+3.47,+15.956, +1.611,+0.901
1667659500,+3.47,+15.973, +1.606,+0.900
1667659560,+3.47,+15.964, +1.606,+0.900
1667659620,+3.47,+15.956, +1.605,+0.900
1667659680,+3.47,+15.973, +1.602,+0.900
1667659740,+3.47,+15.973, +1.604,+0.899
1667659800,+3.47,+15.981, +1.604,+0.899
1667659860,+3.47,+15.973, +1.607,+0.898
1667659920,+3.47,+15.956, +1.612,+0.898
1667659980,+3.47,+15.998, +1.613,+0.897
1667660040,+3.47,+15.956, +1.621,+0.897
1667660100,+3.47,+15.964, +1.631,+0.896
1667660160,+3.47,+15.990, +1.639,+0.895
1667660220,+3.47,+15.973, +1.651,+0.894
1667660280,+3.47,+15.956, +1.664,+0.893
1667660340,+3.47,+15.964, +1.677,+0.892
1667660400,+3.47,+15.973, +1.690,+0.892
1667660460,+3.47,+15.981, +1.701,+0.892
1667660520,+3.47,+15.981, +1.710,+0.892
1667660580,+3.47,+15.964, +1.722,+0.892
1667660640,+3.47,+15.981, +1.729,+0.892
1667660700,+3.47,+15.973, +1.737,+0.892
1667660760,+3.47,+15.964, +1.746,+0.892
1667660820,+3.47,+15.973, +1.753,+0.892
1667660880,+3.47,+15.973, +1.760,+0.892
1667660940,+3.47,+15.973, +1.768,+0.892
1667661000,+3.47,+15.990, +1.773,+0.893
1667661060,+3.47,+15.973, +1.780,+0.893
1667661120,+3.47,+15.964, +1.785,+0.893
1667661180,+3.47,+15.973, +1.790,+0.894
1667661240,+3.47,+15.981, +1.794,+0.894
1667661300,+3.47,+15.981, +1.797,+0.895
1667661360,+3.47,+15.990, +1.801,+0.895
1667661420,+3.47,+15.990, +1.808,+0.894
1667661480,+3.47,+15.998, +1.812,+0.894
1667661540,+3.47,+15.990, +1.817,+0.893
1667661600,+3.47,+15.981, +1.823,+0.892
1667661660,+3.47,+15.998, +1.824,+0.892
1667661720,+3.47,+15.990, +1.830,+0.892
1667661780,+3.47,+15.990, +1.836,+0.891
1667661840,+3.47,+16.015, +1.839,+0.890
1667661900,+3.47,+16.015, +1.843,+0.890
1667661960,+3.47,+15.998, +1.851,+0.890
1667662020,+3.47,+15.998, +1.856,+0.890
1667662080,+3.47,+15.998, +1.860,+0.889
1667662140,+3.47,+16.015, +1.864,+0.889
1667662200,+3.47,+16.024, +1.867,+0.888
1667662260,+3.47,+16.033, +1.870,+0.888
1667662320,+3.47,+16.015, +1.875,+0.888
1667662380,+3.47,+16.041, +1.877,+0.888
1667662440,+3.47,+16.041, +1.881,+0.888
1667662500,+3.47,+16.033, +1.884,+0.888
1667662560,+3.47,+16.024, +1.890,+0.888
1667662620,+3.47,+16.050, +1.894,+0.888
1667662680,+3.47,+16.033, +1.901,+0.887
1667662740,+3.47,+16.041, +1.909,+0.886
1667662800,+3.47,+16.050, +1.917,+0.886
1667662860,+3.47,+16.075, +1.922,+0.885
1667662920,+3.47,+16.067, +1.929,+0.885
1667662980,+3.47,+16.067, +1.936,+0.885
1667663040,+3.47,+16.050, +1.945,+0.884
1667663100,+3.47,+16.067, +1.951,+0.884
1667663160,+3.47,+16.058, +1.959,+0.884
1667663220,+3.47,+16.067, +1.962,+0.884
1667663280,+3.47,+16.084, +1.968,+0.885
1667663340,+3.47,+16.050, +1.975,+0.885
1667663400,+3.47,+16.067, +1.977,+0.886
1667663460,+3.47,+16.101, +1.979,+0.886
1667663520,+3.47,+16.067, +1.987,+0.885
1667663580,+3.47,+16.075, +1.992,+0.885
1667663640,+3.47,+16.067, +1.999,+0.885
1667663700,+3.47,+16.075, +2.004,+0.885
1667663760,+3.47,+16.101, +2.007,+0.885
1667663820,+3.47,+16.084, +2.012,+0.884
1667663880,+3.47,+16.067, +2.020,+0.884
1667663940,+3.47,+16.101, +2.023,+0.884
1667664000,+3.47,+16.101, +2.029,+0.884
1667664060,+3.47,+16.092, +2.036,+0.884
1667664120,+3.47,+16.109, +2.040,+0.884
1667664180,+3.47,+16.084, +2.046,+0.884
1667664240,+3.47,+16.109, +2.051,+0.883
1667664300,+3.47,+16.118, +2.059,+0.882
1667664360,+3.47,+16.109, +2.069,+0.882
1667664420,+3.47,+16.109, +2.082,+0.881
1667664480,+3.47,+16.126, +2.090,+0.881
1667664540,+3.47,+16.109, +2.101,+0.880
1667664600,+3.47,+16.143, +2.109,+0.880
1667664660,+3.47,+16.126, +2.122,+0.880
1667664720,+3.47,+16.135, +2.129,+0.880
1667664780,+3.47,+16.135, +2.137,+0.880
1667664840,+3.47,+16.135, +2.144,+0.880
1667664900,+3.47,+16.152, +2.150,+0.881
1667664960,+3.47,+16.152, +2.161,+0.880
1667665020,+3.47,+16.152, +2.173,+0.879
1667665080,+3.47,+16.169, +2.180,+0.879
1667665140,+3.47,+16.169, +2.187,+0.879
1667665200,+3.47,+16.161, +2.192,+0.879
1667665260,+3.47,+16.203, +2.194,+0.879
1667665320,+3.47,+16.178, +2.203,+0.880
1667665380,+3.47,+16.169, +2.207,+0.880
1667665440,+3.47,+16.178, +2.210,+0.880
1667665500,+3.47,+16.161, +2.216,+0.880
1667665560,+3.47,+16.178, +2.220,+0.879
1667665620,+3.47,+16.161, +2.231,+0.879
1667665680,+3.47,+16.161, +2.238,+0.879
1667665740,+3.47,+16.186, +2.245,+0.879
1667665800,+3.47,+16.203, +2.253,+0.879
1667665860,+3.47,+16.186, +2.259,+0.879
1667665920,+3.47,+16.195, +2.265,+0.879
1667665980,+3.47,+16.195, +2.270,+0.879
1667666040,+3.47,+16.203, +2.276,+0.879
1667666100,+3.47,+16.203, +2.280,+0.879
1667666160,+3.47,+16.212, +2.286,+0.878
1667666220,+3.47,+16.237, +2.289,+0.878
1667666280,+3.47,+16.229, +2.295,+0.878
1667666340,+3.47,+16.237, +2.302,+0.878
1667666400,+3.47,+16.263, +2.301,+0.878
1667666460,+3.47,+16.246, +2.305,+0.878
1667666520,+3.47,+16.254, +2.304,+0.878
1667666580,+3.47,+16.271, +2.305,+0.878
1667666640,+3.47,+16.288, +2.305,+0.878
1667666700,+3.47,+16.280, +2.303,+0.878
1667666760,+3.47,+16.288, +2.301,+0.878
1667666820,+3.47,+16.263, +2.303,+0.878
1667666880,+3.47,+16.280, +2.301,+0.878
