7450-383325
OS REV: 1.05 Sensor Cal: 1644949570
Time (sec),  BV (Volts),  T (deg C),  DO (mg/l),  Q ()
1664815740,+3.47,+16.314, +7.560,+0.962
1664815800,+3.47,+16.340, +7.594,+0.962
1664815860,+3.47,+16.323, +7.672,+0.962
1664815920,+3.47,+16.323, +7.718,+0.962
1664815980,+3.47,+16.348, +7.650,+0.962
1664816040,+3.47,+16.340, +7.475,+0.961
1664816100,+3.47,+16.340, +7.403,+0.962
1664816160,+3.47,+16.348, +7.394,+0.962
1664816220,+3.47,+16.357, +7.348,+0.962
1664816280,+3.47,+16.357, +7.333,+0.961
1664816340,+3.47,+16.365, +7.347,+0.962
1664816400,+3.47,+16.348, +7.477,+0.962
1664816460,+3.47,+16.348, +7.479,+0.961
1664816520,+3.47,+16.331, +7.520,+0.962
1664816580,+3.47,+16.340, +7.529,+0.962
1664816640,+3.47,+16.314, +7.688,+0.962
1664816700,+3.47,+16.323, +7.817,+0.962
1664816760,+3.47,+16.323, +7.900,+0.962
1664816820,+3.47,+16.331, +7.975,+0.962
1664816880,+3.47,+16.331, +7.988,+0.962
1664816940,+3.47,+16.340, +7.921,+0.962
1664817000,+3.47,+16.331, +7.924,+0.962
1664817060,+3.47,+16.340, +7.933,+0.962
1664817120,+3.47,+16.357, +7.875,+0.961
1664817180,+3.47,+16.331, +7.941,+0.962
1664817240,+3.47,+16.331, +8.026,+0.962
1664817300,+3.47,+16.331, +8.081,+0.961
1664817360,+3.47,+16.323, +8.176,+0.962
1664817420,+3.47,+16.348, +8.238,+0.962
1664817480,+3.47,+16.348, +8.289,+0.962
1664817540,+3.47,+16.323, +8.273,+0.962
1664817600,+3.47,+16.323, +8.221,+0.962
1664817660,+3.47,+16.323, +8.242,+0.962
1664817720,+3.47,+16.331, +8.293,+0.962
1664817780,+3.47,+16.340, +8.334,+0.962
1664817840,+3.47,+16.331, +8.367,+0.962
1664817900,+3.47,+16.323, +8.370,+0.962
1664817960,+3.47,+16.323, +8.381,+0.962
1664818020,+3.47,+16.340, +8.375,+0.962
1664818080,+3.47,+16.348, +8.306,+0.962
1664818140,+3.47,+16.348, +8.295,+0.962
1664818200,+3.47,+16.348, +8.202,+0.962
1664818260,+3.47,+16.357, +8.072,+0.962
1664818320,+3.47,+16.348, +8.125,+0.962
1664818380,+3.47,+16.331, +8.173,+0.962
1664818440,+3.47,+16.323, +8.239,+0.962
1664818500,+3.47,+16.348, +8.195,+0.962
1664818560,+3.47,+16.348, +8.210,+0.962
1664818620,+3.47,+16.340, +8.282,+0.962
1664818680,+3.47,+16.348, +8.297,+0.962
1664818740,+3.47,+16.348, +8.151,+0.962
1664818800,+3.47,+16.348, +8.076,+0.962
1664818860,+3.47,+16.348, +7.881,+0.962
1664818920,+3.47,+16.357, +7.835,+0.962
1664818980,+3.47,+16.348, +7.849,+0.962
1664819040,+3.47,+16.348, +7.820,+0.962
1664819100,+3.47,+16.340, +7.847,+0.962
1664819160,+3.47,+16.348, +7.885,+0.962
1664819220,+3.47,+16.340, +7.975,+0.962
1664819280,+3.47,+16.357, +8.064,+0.961
1664819340,+3.47,+16.348, +8.099,+0.962
1664819400,+3.47,+16.365, +8.056,+0.962
1664819460,+3.47,+16.357, +8.153,+0.962
1664819520,+3.47,+16.365, +8.201,+0.962
1664819580,+3.47,+16.357, +8.203,+0.962
1664819640,+3.47,+16.365, +8.136,+0.961
1664819700,+3.47,+16.374, +8.105,+0.962
1664819760,+3.47,+16.382, +8.122,+0.962
1664819820,+3.47,+16.382, +8.136,+0.962
1664819880,+3.47,+16.374, +8.130,+0.962
1664819940,+3.47,+16.365, +8.026,+0.962
1664820000,+3.47,+16.374, +7.953,+0.961
1664820060,+3.47,+16.374, +7.933,+0.962
1664820120,+3.47,+16.391, +7.840,+0.961
1664820180,+3.47,+16.391, +7.781,+0.962
1664820240,+3.47,+16.391, +7.597,+0.962
1664820300,+3.47,+16.391, +7.563,+0.962
1664820360,+3.47,+16.416, +7.552,+0.962
1664820420,+3.47,+16.374, +7.563,+0.962
1664820480,+3.47,+16.382, +7.581,+0.962
1664820540,+3.47,+16.391, +7.654,+0.962
1664820600,+3.47,+16.399, +7.633,+0.962
1664820660,+3.47,+16.374, +7.739,+0.962
1664820720,+3.47,+16.382, +7.787,+0.962
1664820780,+3.47,+16.382, +7.708,+0.962
1664820840,+3.47,+16.391, +7.708,+0.962
1664820900,+3.47,+16.391, +7.835,+0.962
1664820960,+3.47,+16.382, +7.809,+0.962
1664821020,+3.47,+16.382, +7.765,+0.962
1664821080,+3.47,+16.382, +7.742,+0.962
1664821140,+3.47,+16.374, +7.771,+0.962
1664821200,+3.47,+16.391, +7.878,+0.962
1664821260,+3.47,+16.374, +7.859,+0.962
1664821320,+3.47,+16.365, +7.871,+0.962
1664821380,+3.47,+16.365, +7.873,+0.962
1664821440,+3.47,+16.365, +7.804,+0.962
1664821500,+3.47,+16.382, +7.789,+0.962
1664821560,+3.47,+16.399, +7.748,+0.962
1664821620,+3.47,+16.365, +7.726,+0.962
1664821680,+3.47,+16.365, +7.802,+0.962
1664821740,+3.47,+16.374, +7.820,+0.962
1664821800,+3.47,+16.365, +7.769,+0.962
1664821860,+3.47,+16.382, +7.760,+0.962
1664821920,+3.47,+16.382, +7.710,+0.962
1664821980,+3.47,+16.365, +7.596,+0.962
1664822040,+3.47,+16.382, +7.425,+0.962
1664822100,+3.47,+16.374, +7.381,+0.962
1664822160,+3.47,+16.365, +7.285,+0.962
1664822220,+3.47,+16.365, +7.252,+0.962
1664822280,+3.47,+16.357, +7.244,+0.962
1664822340,+3.47,+16.348, +7.397,+0.962
1664822400,+3.47,+16.340, +7.615,+0.962
1664822460,+3.47,+16.348, +7.664,+0.962
1664822520,+3.47,+16.365, +7.699,+0.962
1664822580,+3.47,+16.340, +7.702,+0.962
1664822640,+3.47,+16.340, +7.649,+0.962
1664822700,+3.47,+16.340, +7.612,+0.961
1664822760,+3.47,+16.331, +7.559,+0.962
1664822820,+3.47,+16.331, +7.475,+0.961
1664822880,+3.47,+16.314, +7.483,+0.962
1664822940,+3.47,+16.331, +7.431,+0.962
1664823000,+3.47,+16.314, +7.544,+0.962
1664823060,+3.47,+16.323, +7.623,+0.962
1664823120,+3.47,+16.314, +7.707,+0.962
1664823180,+3.47,+16.323, +7.781,+0.962
1664823240,+3.47,+16.305, +7.803,+0.962
1664823300,+3.47,+16.314, +7.801,+0.962
1664823360,+3.47,+16.314, +7.826,+0.962
1664823420,+3.47,+16.331, +7.687,+0.962
1664823480,+3.47,+16.314, +7.765,+0.962
1664823540,+3.47,+16.305, +7.668,+0.962
1664823600,+3.47,+16.305, +7.652,+0.962
1664823660,+3.47,+16.288, +7.671,+0.962
1664823720,+3.47,+16.305, +7.698,+0.961
1664823780,+3.48,+16.288, +7.768,+0.962
1664823840,+3.47,+16.297, +7.669,+0.962
1664823900,+3.48,+16.280, +7.728,+0.962
1664823960,+3.48,+16.297, +7.632,+0.962
1664824020,+3.47,+16.280, +7.482,+0.962
1664824080,+3.47,+16.297, +7.377,+0.962
1664824140,+3.47,+16.288, +7.300,+0.962
1664824200,+3.48,+16.263, +7.475,+0.962
1664824260,+3.47,+16.271, +7.538,+0.962
1664824320,+3.47,+16.271, +7.668,+0.962
1664824380,+3.47,+16.280, +7.670,+0.962
1664824440,+3.48,+16.271, +7.775,+0.961
1664824500,+3.48,+16.271, +7.875,+0.962
1664824560,+3.48,+16.280, +7.876,+0.962
1664824620,+3.47,+16.288, +7.928,+0.962
1664824680,+3.47,+16.271, +7.960,+0.962
1664824740,+3.47,+16.280, +7.926,+0.962
1664824800,+3.47,+16.271, +7.980,+0.962
1664824860,+3.47,+16.280, +7.958,+0.962
1664824920,+3.47,+16.271, +7.894,+0.962
1664824980,+3.48,+16.288, +7.875,+0.962
1664825040,+3.47,+16.297, +7.843,+0.962
1664825100,+3.47,+16.297, +7.803,+0.961
1664825160,+3.47,+16.288, +7.794,+0.961
1664825220,+3.47,+16.288, +7.812,+0.962
1664825280,+3.47,+16.288, +7.778,+0.962
1664825340,+3.47,+16.271, +7.778,+0.962
1664825400,+3.47,+16.305, +7.814,+0.962
1664825460,+3.47,+16.288, +7.896,+0.962
1664825520,+3.47,+16.288, +8.006,+0.962
1664825580,+3.47,+16.288, +8.133,+0.962
1664825640,+3.47,+16.271, +8.177,+0.962
1664825700,+3.47,+16.280, +8.233,+0.962
1664825760,+3.47,+16.305, +8.281,+0.962
1664825820,+3.47,+16.314, +8.349,+0.962
1664825880,+3.47,+16.323, +8.416,+0.962
1664825940,+3.47,+16.297, +8.399,+0.962
1664826000,+3.47,+16.323, +8.434,+0.962
1664826060,+3.47,+16.323, +8.465,+0.962
1664826120,+3.47,+16.314, +8.444,+0.962
1664826180,+3.47,+16.323, +8.393,+0.962
1664826240,+3.47,+16.323, +8.349,+0.962
1664826300,+3.47,+16.365, +8.236,+0.962
1664826360,+3.47,+16.357, +8.193,+0.962
1664826420,+3.47,+16.357, +8.148,+0.962
1664826480,+3.47,+16.365, +7.969,+0.962
1664826540,+3.47,+16.365, +7.897,+0.962
1664826600,+3.47,+16.365, +7.820,+0.962
1664826660,+3.47,+16.365, +7.629,+0.962
1664826720,+3.47,+16.374, +7.472,+0.962
1664826780,+3.47,+16.382, +7.441,+0.962
1664826840,+3.47,+16.340, +7.551,+0.962
1664826900,+3.47,+16.348, +7.601,+0.962
1664826960,+3.47,+16.357, +7.635,+0.962
1664827020,+3.47,+16.357, +7.604,+0.962
1664827080,+3.47,+16.340, +7.587,+0.962
1664827140,+3.47,+16.348, +7.633,+0.962
1664827200,+3.47,+16.357, +7.721,+0.962
1664827260,+3.47,+16.348, +7.740,+0.962
1664827320,+3.47,+16.331, +7.791,+0.962
1664827380,+3.47,+16.340, +7.889,+0.962
1664827440,+3.47,+16.340, +7.928,+0.962
1664827500,+3.47,+16.340, +7.926,+0.962
1664827560,+3.47,+16.357, +7.923,+0.962
1664827620,+3.47,+16.331, +7.955,+0.962
1664827680,+3.47,+16.357, +7.915,+0.962
1664827740,+3.47,+16.365, +7.805,+0.962
1664827800,+3.47,+16.357, +7.905,+0.962
1664827860,+3.47,+16.348, +7.963,+0.962
1664827920,+3.47,+16.348, +7.920,+0.962
1664827980,+3.47,+16.357, +7.939,+0.962
1664828040,+3.47,+16.340, +8.040,+0.962
1664828100,+3.47,+16.348, +8.128,+0.962
1664828160,+3.47,+16.323, +8.209,+0.962
1664828220,+3.47,+16.348, +8.232,+0.962
1664828280,+3.47,+16.314, +8.208,+0.962
1664828340,+3.47,+16.331, +8.252,+0.962
1664828400,+3.47,+16.323, +8.277,+0.963
1664828460,+3.47,+16.305, +8.271,+0.962
1664828520,+3.47,+16.323, +8.239,+0.962
1664828580,+3.47,+16.314, +8.256,+0.962
1664828640,+3.47,+16.331, +8.214,+0.962
1664828700,+3.47,+16.314, +8.167,+0.962
1664828760,+3.47,+16.323, +7.994,+0.962
1664828820,+3.47,+16.331, +7.726,+0.962
1664828880,+3.47,+16.340, +7.630,+0.962
1664828940,+3.47,+16.340, +7.657,+0.962
1664829000,+3.47,+16.314, +7.635,+0.962
1664829060,+3.47,+16.323, +7.558,+0.962
1664829120,+3.47,+16.331, +7.583,+0.962
1664829180,+3.47,+16.331, +7.527,+0.962
1664829240,+3.47,+16.314, +7.584,+0.962
1664829300,+3.47,+16.305, +7.613,+0.962
1664829360,+3.47,+16.305, +7.689,+0.962
1664829420,+3.47,+16.297, +7.710,+0.962
1664829480,+3.47,+16.297, +7.799,+0.962
1664829540,+3.47,+16.288, +7.760,+0.962
1664829600,+3.47,+16.280, +7.768,+0.962
1664829660,+3.47,+16.288, +7.805,+0.962
1664829720,+3.47,+16.288, +7.746,+0.961
1664829780,+3.47,+16.271, +7.772,+0.962
1664829840,+3.47,+16.263, +7.746,+0.962
1664829900,+3.48,+16.288, +7.802,+0.962
1664829960,+3.48,+16.280, +7.784,+0.962
1664830020,+3.48,+16.254, +7.775,+0.962
1664830080,+3.47,+16.271, +7.884,+0.962
1664830140,+3.47,+16.271, +7.983,+0.962
1664830200,+3.48,+16.263, +8.025,+0.962
1664830260,+3.47,+16.254, +8.040,+0.962
1664830320,+3.47,+16.280, +8.036,+0.962
1664830380,+3.47,+16.263, +7.985,+0.962
1664830440,+3.47,+16.246, +7.966,+0.962
1664830500,+3.48,+16.271, +7.952,+0.962
1664830560,+3.48,+16.271, +7.953,+0.962
1664830620,+3.47,+16.254, +8.018,+0.962
1664830680,+3.48,+16.263, +8.017,+0.962
1664830740,+3.47,+16.237, +8.063,+0.962
1664830800,+3.47,+16.246, +8.103,+0.962
1664830860,+3.48,+16.237, +8.227,+0.962
1664830920,+3.48,+16.212, +8.321,+0.962
1664830980,+3.48,+16.220, +8.366,+0.962
1664831040,+3.48,+16.212, +8.410,+0.962
1664831100,+3.48,+16.212, +8.416,+0.962
1664831160,+3.48,+16.212, +8.416,+0.962
1664831220,+3.48,+16.203, +8.412,+0.962
1664831280,+3.48,+16.195, +8.408,+0.962
1664831340,+3.48,+16.212, +8.396,+0.962
1664831400,+3.48,+16.186, +8.362,+0.961
1664831460,+3.48,+16.203, +8.359,+0.962
1664831520,+3.48,+16.195, +8.352,+0.962
1664831580,+3.48,+16.203, +8.300,+0.962
1664831640,+3.48,+16.195, +8.316,+0.962
1664831700,+3.48,+16.195, +8.359,+0.962
1664831760,+3.48,+16.203, +8.371,+0.962
1664831820,+3.48,+16.178, +8.377,+0.962
1664831880,+3.48,+16.178, +8.385,+0.962
1664831940,+3.48,+16.203, +8.355,+0.962
1664832000,+3.48,+16.195, +8.369,+0.962
1664832060,+3.48,+16.186, +8.396,+0.962
1664832120,+3.48,+16.186, +8.409,+0.962
1664832180,+3.48,+16.186, +8.375,+0.962
1664832240,+3.48,+16.195, +8.347,+0.962
1664832300,+3.48,+16.195, +8.332,+0.962
1664832360,+3.48,+16.195, +8.299,+0.962
1664832420,+3.48,+16.169, +8.306,+0.962
1664832480,+3.48,+16.178, +8.335,+0.962
1664832540,+3.48,+16.195, +8.335,+0.962
1664832600,+3.48,+16.169, +8.330,+0.962
1664832660,+3.48,+16.161, +8.351,+0.962
1664832720,+3.48,+16.186, +8.317,+0.962
1664832780,+3.48,+16.195, +8.282,+0.962
1664832840,+3.48,+16.143, +8.300,+0.962
1664832900,+3.48,+16.169, +8.201,+0.962
1664832960,+3.48,+16.143, +8.172,+0.962
1664833020,+3.48,+16.161, +8.074,+0.962
1664833080,+3.48,+16.169, +7.944,+0.962
1664833140,+3.48,+16.161, +7.709,+0.962
1664833200,+3.48,+16.143, +7.487,+0.962
1664833260,+3.48,+16.186, +7.411,+0.962
1664833320,+3.48,+16.161, +7.438,+0.962
1664833380,+3.48,+16.169, +7.477,+0.962
1664833440,+3.48,+16.178, +7.495,+0.962
1664833500,+3.48,+16.169, +7.485,+0.962
1664833560,+3.48,+16.169, +7.443,+0.962
1664833620,+3.48,+16.169, +7.433,+0.962
1664833680,+3.48,+16.178, +7.489,+0.962
1664833740,+3.48,+16.152, +7.614,+0.962
1664833800,+3.48,+16.152, +7.683,+0.962
1664833860,+3.48,+16.152, +7.653,+0.962
1664833920,+3.48,+16.169, +7.536,+0.962
1664833980,+3.48,+16.135, +7.300,+0.962
1664834040,+3.48,+16.161, +7.033,+0.962
1664834100,+3.48,+16.169, +6.400,+0.961
1664834160,+3.48,+16.161, +6.057,+0.961
1664834220,+3.48,+16.186, +5.556,+0.960
1664834280,+3.48,+16.161, +5.181,+0.960
1664834340,+3.48,+16.152, +5.212,+0.961
1664834400,+3.48,+16.169, +5.438,+0.962
1664834460,+3.48,+16.169, +5.738,+0.962
1664834520,+3.48,+16.152, +5.886,+0.962
1664834580,+3.48,+16.169, +6.056,+0.962
1664834640,+3.48,+16.186, +6.251,+0.962
1664834700,+3.48,+16.178, +6.448,+0.962
1664834760,+3.48,+16.178, +6.408,+0.962
1664834820,+3.48,+16.169, +6.491,+0.962
1664834880,+3.48,+16.195, +6.640,+0.962
1664834940,+3.48,+16.178, +6.776,+0.962
1664835000,+3.48,+16.152, +6.832,+0.962
1664835060,+3.48,+16.169, +6.880,+0.961
1664835120,+3.48,+16.152, +6.885,+0.962
1664835180,+3.48,+16.135, +6.773,+0.962
1664835240,+3.48,+16.169, +6.728,+0.962
1664835300,+3.48,+16.169, +6.885,+0.962
1664835360,+3.48,+16.143, +6.994,+0.962
1664835420,+3.48,+16.152, +7.031,+0.962
1664835480,+3.48,+16.161, +6.897,+0.962
1664835540,+3.48,+16.161, +6.967,+0.961
1664835600,+3.48,+16.135, +7.340,+0.962
1664835660,+3.48,+16.143, +7.637,+0.962
1664835720,+3.48,+16.118, +7.835,+0.962
1664835780,+3.48,+16.126, +7.986,+0.962
1664835840,+3.48,+16.118, +8.089,+0.962
1664835900,+3.48,+16.118, +8.071,+0.962
1664835960,+3.48,+16.101, +8.042,+0.961
1664836020,+3.48,+16.109, +7.938,+0.962
1664836080,+3.48,+16.118, +7.985,+0.962
1664836140,+3.48,+16.118, +7.967,+0.962
1664836200,+3.48,+16.126, +7.738,+0.962
1664836260,+3.48,+16.101, +7.264,+0.962
1664836320,+3.48,+16.092, +7.400,+0.962
1664836380,+3.48,+16.084, +7.437,+0.962
1664836440,+3.48,+16.101, +7.270,+0.962
1664836500,+3.48,+16.118, +7.123,+0.962
1664836560,+3.48,+16.109, +7.114,+0.962
1664836620,+3.48,+16.118, +7.003,+0.962
1664836680,+3.48,+16.118, +6.766,+0.962
1664836740,+3.48,+16.126, +6.624,+0.962
1664836800,+3.48,+16.109, +6.501,+0.962
1664836860,+3.48,+16.126, +6.458,+0.962
1664836920,+3.48,+16.126, +6.471,+0.962
1664836980,+3.48,+16.135, +6.353,+0.962
1664837040,+3.48,+16.101, +6.390,+0.962
1664837100,+3.48,+16.092, +6.555,+0.962
1664837160,+3.48,+16.092, +6.753,+0.962
1664837220,+3.48,+16.101, +6.701,+0.962
1664837280,+3.48,+16.101, +6.594,+0.962
1664837340,+3.48,+16.101, +6.336,+0.962
1664837400,+3.48,+16.101, +6.052,+0.962
1664837460,+3.48,+16.067, +6.420,+0.962
1664837520,+3.48,+16.067, +6.506,+0.962
1664837580,+3.48,+16.067, +6.790,+0.962
1664837640,+3.48,+16.058, +7.040,+0.962
1664837700,+3.48,+16.050, +7.056,+0.961
1664837760,+3.48,+16.067, +7.042,+0.962
1664837820,+3.48,+16.033, +7.149,+0.961
1664837880,+3.48,+16.067, +7.380,+0.961
1664837940,+3.48,+16.041, +7.652,+0.962
1664838000,+3.48,+16.058, +7.821,+0.962
1664838060,+3.48,+16.050, +7.854,+0.962
1664838120,+3.48,+16.041, +7.880,+0.962
1664838180,+3.48,+16.058, +7.920,+0.962
1664838240,+3.48,+16.041, +7.903,+0.962
1664838300,+3.48,+16.067, +7.628,+0.962
1664838360,+3.48,+16.067, +7.291,+0.962
1664838420,+3.48,+16.067, +7.083,+0.962
1664838480,+3.48,+16.084, +7.051,+0.962
1664838540,+3.48,+16.067, +7.206,+0.962
1664838600,+3.48,+16.058, +7.360,+0.962
1664838660,+3.48,+16.050, +7.541,+0.962
1664838720,+3.48,+16.058, +7.642,+0.962
1664838780,+3.48,+16.041, +7.766,+0.962
1664838840,+3.48,+16.058, +7.864,+0.962
1664838900,+3.48,+16.041, +7.939,+0.962
1664838960,+3.48,+16.041, +8.045,+0.962
1664839020,+3.48,+16.033, +8.175,+0.962
1664839080,+3.48,+16.058, +8.200,+0.962
1664839140,+3.48,+16.050, +8.189,+0.962
1664839200,+3.48,+16.050, +8.264,+0.962
1664839260,+3.48,+16.033, +8.342,+0.962
1664839320,+3.48,+16.041, +8.394,+0.962
1664839380,+3.48,+16.041, +8.413,+0.962
1664839440,+3.48,+16.033, +8.450,+0.962
1664839500,+3.48,+16.041, +8.467,+0.962
1664839560,+3.48,+16.015, +8.449,+0.962
1664839620,+3.48,+16.024, +8.416,+0.962
1664839680,+3.48,+16.015, +8.413,+0.962
1664839740,+3.48,+16.007, +8.425,+0.962
1664839800,+3.48,+16.033, +8.416,+0.962
1664839860,+3.48,+16.041, +8.391,+0.962
1664839920,+3.48,+16.041, +8.394,+0.962
1664839980,+3.48,+16.041, +8.400,+0.962
1664840040,+3.48,+16.024, +8.346,+0.962
1664840100,+3.48,+16.024, +8.302,+0.962
1664840160,+3.48,+16.041, +8.203,+0.962
1664840220,+3.48,+16.033, +8.184,+0.962
1664840280,+3.48,+16.015, +8.003,+0.962
1664840340,+3.48,+16.041, +7.882,+0.962
1664840400,+3.48,+16.041, +7.686,+0.962
1664840460,+3.48,+16.041, +7.494,+0.962
1664840520,+3.48,+16.041, +7.448,+0.962
1664840580,+3.48,+16.067, +7.517,+0.962
1664840640,+3.48,+16.050, +7.508,+0.962
1664840700,+3.48,+16.058, +7.315,+0.962
1664840760,+3.48,+16.058, +7.170,+0.962
1664840820,+3.48,+16.050, +7.079,+0.962
1664840880,+3.48,+16.058, +7.051,+0.962
1664840940,+3.48,+16.058, +7.098,+0.962
1664841000,+3.48,+16.075, +7.099,+0.961
1664841060,+3.48,+16.041, +7.206,+0.962
1664841120,+3.48,+16.058, +7.256,+0.962
1664841180,+3.48,+16.050, +7.423,+0.962
1664841240,+3.48,+16.058, +7.538,+0.962
1664841300,+3.48,+16.041, +7.627,+0.962
1664841360,+3.48,+16.050, +7.705,+0.962
1664841420,+3.48,+16.058, +7.815,+0.962
1664841480,+3.48,+16.058, +7.943,+0.962
1664841540,+3.48,+16.033, +8.091,+0.962
1664841600,+3.48,+16.041, +8.234,+0.962
1664841660,+3.48,+16.041, +8.328,+0.962
1664841720,+3.48,+16.041, +8.361,+0.962
1664841780,+3.48,+16.033, +8.362,+0.962
1664841840,+3.48,+16.033, +8.328,+0.962
1664841900,+3.48,+16.041, +8.261,+0.962
1664841960,+3.48,+16.050, +8.174,+0.962
1664842020,+3.48,+16.050, +8.056,+0.962
1664842080,+3.48,+16.058, +7.943,+0.962
1664842140,+3.48,+16.075, +7.932,+0.962
1664842200,+3.48,+16.058, +7.927,+0.962
1664842260,+3.48,+16.067, +7.976,+0.962
1664842320,+3.48,+16.033, +8.060,+0.962
1664842380,+3.48,+16.041, +8.095,+0.961
1664842440,+3.48,+16.033, +8.061,+0.962
1664842500,+3.48,+16.015, +8.083,+0.962
1664842560,+3.48,+16.033, +8.100,+0.962
1664842620,+3.48,+15.998, +8.062,+0.962
1664842680,+3.48,+16.033, +8.008,+0.962
1664842740,+3.48,+16.007, +7.962,+0.962
1664842800,+3.48,+16.024, +7.845,+0.962
1664842860,+3.48,+16.033, +7.679,+0.962
1664842920,+3.48,+16.024, +7.529,+0.962
1664842980,+3.48,+16.041, +7.474,+0.962
1664843040,+3.48,+16.041, +7.436,+0.962
1664843100,+3.48,+16.033, +7.336,+0.962
1664843160,+3.48,+16.041, +7.093,+0.962
1664843220,+3.48,+16.041, +6.972,+0.962
1664843280,+3.48,+16.024, +6.893,+0.962
1664843340,+3.48,+16.033, +7.104,+0.961
1664843400,+3.48,+16.015, +7.274,+0.961
1664843460,+3.48,+16.050, +7.405,+0.961
1664843520,+3.48,+16.015, +7.310,+0.961
1664843580,+3.48,+16.033, +7.178,+0.962
1664843640,+3.48,+16.033, +7.247,+0.961
1664843700,+3.48,+16.033, +7.264,+0.961
1664843760,+3.48,+16.015, +7.303,+0.962
1664843820,+3.48,+16.024, +7.549,+0.962
1664843880,+3.48,+16.015, +7.781,+0.962
1664843940,+3.48,+15.998, +7.954,+0.962
1664844000,+3.48,+16.015, +8.010,+0.962
1664844060,+3.48,+16.007, +8.018,+0.962
1664844120,+3.48,+16.033, +8.033,+0.962
1664844180,+3.48,+16.007, +8.038,+0.962
1664844240,+3.48,+15.998, +8.098,+0.961
1664844300,+3.48,+15.990, +8.161,+0.962
1664844360,+3.48,+15.990, +8.207,+0.962
1664844420,+3.48,+15.998, +8.217,+0.962
1664844480,+3.48,+15.973, +8.229,+0.962
1664844540,+3.48,+15.990, +8.218,+0.962
1664844600,+3.48,+16.007, +8.183,+0.962
1664844660,+3.48,+16.007, +8.093,+0.962
1664844720,+3.48,+16.007, +7.892,+0.962
1664844780,+3.48,+16.007, +7.595,+0.962
1664844840,+3.48,+15.998, +7.537,+0.962
1664844900,+3.48,+16.041, +7.520,+0.962
1664844960,+3.48,+16.024, +7.465,+0.962
1664845020,+3.48,+16.041, +7.268,+0.962
1664845080,+3.48,+16.067, +7.035,+0.962
1664845140,+3.48,+16.041, +6.777,+0.962
1664845200,+3.48,+16.050, +6.655,+0.962
1664845260,+3.48,+16.033, +6.741,+0.962
1664845320,+3.48,+16.015, +6.881,+0.962
1664845380,+3.48,+16.033, +7.164,+0.962
1664845440,+3.48,+16.033, +7.451,+0.961
1664845500,+3.48,+16.007, +7.652,+0.961
1664845560,+3.48,+16.033, +7.701,+0.962
1664845620,+3.48,+16.007, +7.583,+0.962
1664845680,+3.48,+16.007, +7.670,+0.962
1664845740,+3.48,+16.015, +7.713,+0.962
1664845800,+3.48,+15.998, +7.853,+0.962
1664845860,+3.48,+16.015, +7.843,+0.962
1664845920,+3.48,+16.007, +7.867,+0.962
1664845980,+3.48,+15.990, +7.920,+0.962
1664846040,+3.48,+16.007, +7.925,+0.962
1664846100,+3.48,+15.990, +7.977,+0.962
1664846160,+3.48,+15.998, +7.990,+0.962
1664846220,+3.48,+16.007, +8.017,+0.962
1664846280,+3.48,+15.990, +8.018,+0.962
1664846340,+3.48,+15.990, +8.034,+0.962
1664846400,+3.48,+16.015, +8.031,+0.962
1664846460,+3.48,+16.007, +8.034,+0.962
1664846520,+3.48,+15.998, +8.032,+0.962
1664846580,+3.48,+16.007, +8.022,+0.962
1664846640,+3.48,+15.998, +8.006,+0.962
1664846700,+3.48,+16.024, +7.952,+0.962
1664846760,+3.48,+16.007, +7.911,+0.962
1664846820,+3.48,+16.007, +7.865,+0.962
1664846880,+3.48,+16.007, +7.848,+0.962
1664846940,+3.48,+16.015, +7.802,+0.962
1664847000,+3.48,+16.033, +7.743,+0.962
1664847060,+3.48,+16.041, +7.703,+0.962
1664847120,+3.48,+16.041, +7.719,+0.962
1664847180,+3.48,+16.041, +7.689,+0.962
1664847240,+3.48,+16.041, +7.581,+0.962
1664847300,+3.48,+16.033, +7.437,+0.962
1664847360,+3.48,+16.015, +7.466,+0.962
1664847420,+3.48,+16.033, +7.561,+0.962
1664847480,+3.48,+16.033, +7.606,+0.962
1664847540,+3.48,+16.015, +7.580,+0.961
1664847600,+3.48,+16.033, +7.537,+0.961
1664847660,+3.48,+16.041, +7.582,+0.962
1664847720,+3.48,+16.024, +7.564,+0.962
1664847780,+3.48,+16.024, +7.522,+0.962
1664847840,+3.48,+16.015, +7.606,+0.962
1664847900,+3.48,+16.024, +7.686,+0.962
1664847960,+3.48,+16.024, +7.736,+0.962
1664848020,+3.48,+16.015, +7.792,+0.962
1664848080,+3.48,+16.024, +7.869,+0.962
1664848140,+3.48,+16.015, +7.919,+0.962
1664848200,+3.48,+15.998, +7.952,+0.962
1664848260,+3.48,+16.007, +7.976,+0.962
1664848320,+3.48,+16.015, +7.968,+0.962
1664848380,+3.48,+16.015, +7.976,+0.962
1664848440,+3.48,+15.998, +7.981,+0.962
1664848500,+3.48,+16.015, +7.975,+0.962
1664848560,+3.48,+15.990, +7.995,+0.962
1664848620,+3.48,+16.007, +7.986,+0.962
1664848680,+3.48,+16.015, +7.967,+0.962
1664848740,+3.48,+15.998, +7.966,+0.962
1664848800,+3.48,+16.007, +7.947,+0.962
1664848860,+3.48,+16.007, +7.894,+0.962
1664848920,+3.48,+16.041, +7.860,+0.962
1664848980,+3.48,+16.007, +7.829,+0.962
1664849040,+3.48,+16.015, +7.830,+0.962
1664849100,+3.48,+16.033, +7.800,+0.962
1664849160,+3.48,+16.033, +7.809,+0.962
1664849220,+3.48,+16.033, +7.805,+0.962
1664849280,+3.48,+16.033, +7.785,+0.962
1664849340,+3.48,+16.015, +7.761,+0.962
1664849400,+3.48,+16.067, +7.729,+0.962
1664849460,+3.48,+16.041, +7.686,+0.962
1664849520,+3.48,+16.033, +7.612,+0.962
1664849580,+3.48,+16.041, +7.560,+0.962
1664849640,+3.48,+16.041, +7.603,+0.962
1664849700,+3.48,+16.024, +7.681,+0.962
1664849760,+3.48,+16.015, +7.746,+0.962
1664849820,+3.48,+16.033, +7.735,+0.962
1664849880,+3.48,+16.033, +7.740,+0.962
1664849940,+3.48,+16.024, +7.732,+0.962
1664850000,+3.48,+16.024, +7.703,+0.962
1664850060,+3.48,+16.041, +7.703,+0.962
1664850120,+3.48,+16.033, +7.698,+0.962
1664850180,+3.48,+16.033, +7.672,+0.962
1664850240,+3.48,+16.015, +7.737,+0.962
1664850300,+3.48,+16.015, +7.786,+0.962
1664850360,+3.48,+16.024, +7.704,+0.962
1664850420,+3.48,+16.007, +7.718,+0.962
1664850480,+3.48,+16.007, +7.782,+0.962
1664850540,+3.48,+16.015, +7.810,+0.962
1664850600,+3.48,+16.007, +7.853,+0.962
1664850660,+3.48,+16.024, +7.881,+0.962
1664850720,+3.48,+16.024, +7.838,+0.962
1664850780,+3.48,+16.015, +7.824,+0.962
1664850840,+3.48,+16.024, +7.792,+0.962
1664850900,+3.48,+16.024, +7.822,+0.962
1664850960,+3.48,+16.033, +7.808,+0.962
1664851020,+3.48,+16.024, +7.772,+0.962
1664851080,+3.48,+16.033, +7.742,+0.962
1664851140,+3.48,+16.041, +7.673,+0.962
1664851200,+3.48,+16.041, +7.678,+0.962
1664851260,+3.48,+16.033, +7.681,+0.962
1664851320,+3.48,+16.033, +7.694,+0.962
1664851380,+3.48,+16.024, +7.735,+0.962
1664851440,+3.48,+16.041, +7.748,+0.962
1664851500,+3.48,+16.033, +7.731,+0.962
1664851560,+3.48,+16.050, +7.677,+0.961
1664851620,+3.48,+16.033, +7.682,+0.962
1664851680,+3.48,+16.041, +7.662,+0.962
1664851740,+3.48,+16.024, +7.594,+0.962
1664851800,+3.48,+16.050, +7.561,+0.962
1664851860,+3.48,+16.050, +7.599,+0.962
1664851920,+3.48,+16.033, +7.633,+0.962
1664851980,+3.48,+16.050, +7.614,+0.962
1664852040,+3.48,+16.024, +7.637,+0.962
1664852100,+3.48,+16.033, +7.643,+0.962
1664852160,+3.48,+16.024, +7.676,+0.962
1664852220,+3.48,+16.050, +7.702,+0.962
1664852280,+3.48,+16.015, +7.699,+0.962
1664852340,+3.48,+16.015, +7.680,+0.962
1664852400,+3.48,+16.024, +7.633,+0.962
1664852460,+3.48,+16.041, +7.619,+0.962
1664852520,+3.48,+16.041, +7.578,+0.962
1664852580,+3.48,+16.033, +7.593,+0.962
1664852640,+3.48,+15.981, +7.672,+0.962
1664852700,+3.48,+15.998, +7.726,+0.962
1664852760,+3.48,+16.007, +7.709,+0.962
1664852820,+3.48,+15.990, +7.697,+0.962
1664852880,+3.48,+15.998, +7.712,+0.962
1664852940,+3.48,+16.015, +7.787,+0.962
1664853000,+3.48,+16.007, +7.815,+0.962
1664853060,+3.48,+16.007, +7.786,+0.962
1664853120,+3.48,+15.998, +7.821,+0.962
1664853180,+3.48,+15.990, +7.786,+0.962
1664853240,+3.48,+16.007, +7.773,+0.962
1664853300,+3.48,+16.024, +7.775,+0.962
1664853360,+3.48,+16.015, +7.764,+0.962
1664853420,+3.48,+16.007, +7.784,+0.962
1664853480,+3.48,+16.024, +7.736,+0.962
1664853540,+3.48,+16.007, +7.699,+0.962
1664853600,+3.48,+16.024, +7.734,+0.962
1664853660,+3.48,+15.990, +7.796,+0.962
1664853720,+3.48,+16.024, +7.752,+0.962
1664853780,+3.48,+16.007, +7.639,+0.961
1664853840,+3.48,+15.998, +7.658,+0.962
1664853900,+3.48,+15.998, +7.635,+0.962
1664853960,+3.48,+15.998, +7.571,+0.962
1664854020,+3.48,+15.998, +7.439,+0.961
1664854080,+3.48,+15.990, +7.493,+0.962
1664854140,+3.48,+16.007, +7.613,+0.962
1664854200,+3.48,+16.015, +7.591,+0.962
1664854260,+3.48,+16.015, +7.641,+0.962
1664854320,+3.48,+15.973, +7.708,+0.962
1664854380,+3.48,+15.990, +7.737,+0.962
1664854440,+3.48,+16.007, +7.756,+0.962
1664854500,+3.48,+15.990, +7.740,+0.962
1664854560,+3.48,+15.998, +7.753,+0.962
1664854620,+3.48,+15.990, +7.746,+0.962
1664854680,+3.48,+15.990, +7.770,+0.961
1664854740,+3.48,+16.015, +7.747,+0.962
1664854800,+3.48,+15.998, +7.691,+0.962
1664854860,+3.48,+15.990, +7.706,+0.962
1664854920,+3.48,+15.998, +7.695,+0.961
1664854980,+3.48,+15.990, +7.782,+0.962
1664855040,+3.48,+15.981, +7.875,+0.962
1664855100,+3.48,+15.981, +7.941,+0.962
1664855160,+3.48,+15.998, +7.980,+0.962
1664855220,+3.48,+15.981, +7.966,+0.962
1664855280,+3.48,+15.998, +7.997,+0.961
1664855340,+3.48,+15.981, +8.021,+0.962
1664855400,+3.48,+15.964, +8.067,+0.962
1664855460,+3.48,+15.990, +8.051,+0.961
1664855520,+3.48,+15.964, +8.049,+0.962
1664855580,+3.48,+15.990, +8.016,+0.962
1664855640,+3.48,+15.981, +7.929,+0.962
1664855700,+3.48,+15.973, +7.808,+0.962
1664855760,+3.48,+15.990, +7.700,+0.962
1664855820,+3.48,+15.998, +7.719,+0.962
1664855880,+3.48,+15.973, +7.624,+0.962
1664855940,+3.48,+15.964, +7.712,+0.962
1664856000,+3.48,+15.973, +7.783,+0.962
1664856060,+3.48,+15.973, +7.925,+0.962
1664856120,+3.48,+15.956, +7.979,+0.961
1664856180,+3.48,+15.964, +8.020,+0.962
1664856240,+3.48,+15.956, +8.066,+0.962
1664856300,+3.48,+15.930, +8.090,+0.962
1664856360,+3.48,+15.930, +8.047,+0.962
1664856420,+3.48,+15.930, +8.000,+0.962
1664856480,+3.48,+15.904, +7.971,+0.962
1664856540,+3.48,+15.913, +7.994,+0.962
1664856600,+3.48,+15.939, +7.991,+0.962
1664856660,+3.48,+15.896, +8.080,+0.962
1664856720,+3.48,+15.896, +8.171,+0.962
1664856780,+3.48,+15.879, +8.199,+0.962
1664856840,+3.48,+15.819, +8.243,+0.961
1664856900,+3.48,+15.759, +8.359,+0.962
1664856960,+3.48,+15.759, +8.429,+0.962
1664857020,+3.48,+15.785, +8.380,+0.962
1664857080,+3.48,+15.810, +8.342,+0.962
1664857140,+3.48,+15.810, +8.282,+0.961
1664857200,+3.48,+15.810, +8.272,+0.962
1664857260,+3.48,+15.810, +8.236,+0.962
1664857320,+3.48,+15.810, +8.200,+0.962
1664857380,+3.48,+15.827, +8.177,+0.962
1664857440,+3.48,+15.819, +8.108,+0.962
1664857500,+3.48,+15.827, +8.106,+0.962
1664857560,+3.48,+15.845, +8.078,+0.962
1664857620,+3.48,+15.845, +8.084,+0.962
1664857680,+3.48,+15.819, +8.020,+0.962
1664857740,+3.48,+15.827, +7.976,+0.962
1664857800,+3.48,+15.827, +7.984,+0.962
1664857860,+3.48,+15.827, +7.909,+0.962
1664857920,+3.48,+15.819, +7.854,+0.962
1664857980,+3.48,+15.802, +7.871,+0.962
1664858040,+3.48,+15.810, +7.942,+0.962
1664858100,+3.48,+15.819, +7.956,+0.962
1664858160,+3.48,+15.785, +7.972,+0.962
1664858220,+3.48,+15.793, +7.921,+0.962
1664858280,+3.48,+15.759, +7.969,+0.961
1664858340,+3.48,+15.768, +7.983,+0.962
1664858400,+3.47,+15.759, +7.950,+0.962
1664858460,+3.48,+15.750, +7.929,+0.962
1664858520,+3.47,+15.759, +7.986,+0.962
1664858580,+3.47,+15.750, +8.009,+0.962
1664858640,+3.47,+15.733, +8.044,+0.962
1664858700,+3.47,+15.716, +8.053,+0.962
1664858760,+3.47,+15.699, +8.042,+0.962
1664858820,+3.47,+15.708, +8.026,+0.962
1664858880,+3.47,+15.725, +7.999,+0.962
1664858940,+3.47,+15.733, +7.987,+0.962
1664859000,+3.47,+15.725, +8.002,+0.962
1664859060,+3.47,+15.699, +7.991,+0.962
1664859120,+3.47,+15.699, +8.001,+0.962
1664859180,+3.47,+15.682, +8.043,+0.962
1664859240,+3.47,+15.682, +8.049,+0.962
1664859300,+3.47,+15.656, +8.116,+0.962
1664859360,+3.47,+15.665, +8.185,+0.962
1664859420,+3.47,+15.648, +8.185,+0.962
1664859480,+3.47,+15.656, +8.238,+0.962
1664859540,+3.47,+15.665, +8.279,+0.962
1664859600,+3.47,+15.656, +8.302,+0.962
1664859660,+3.47,+15.665, +8.272,+0.962
1664859720,+3.47,+15.682, +8.219,+0.961
1664859780,+3.47,+15.708, +8.191,+0.962
1664859840,+3.47,+15.691, +8.179,+0.962
1664859900,+3.47,+15.699, +8.163,+0.962
1664859960,+3.47,+15.699, +8.161,+0.962
1664860020,+3.47,+15.691, +8.147,+0.962
1664860080,+3.47,+15.699, +8.095,+0.962
1664860140,+3.47,+15.716, +8.123,+0.962
1664860200,+3.47,+15.716, +8.083,+0.962
1664860260,+3.47,+15.708, +8.042,+0.962
1664860320,+3.47,+15.708, +8.050,+0.962
1664860380,+3.47,+15.716, +8.051,+0.962
1664860440,+3.47,+15.716, +8.032,+0.962
1664860500,+3.47,+15.708, +8.048,+0.962
1664860560,+3.47,+15.708, +8.029,+0.962
1664860620,+3.47,+15.699, +8.046,+0.962
1664860680,+3.47,+15.699, +8.084,+0.962
1664860740,+3.47,+15.691, +8.067,+0.961
1664860800,+3.47,+15.699, +8.032,+0.962
1664860860,+3.47,+15.691, +7.950,+0.962
1664860920,+3.47,+15.673, +7.956,+0.962
1664860980,+3.47,+15.699, +7.951,+0.962
1664861040,+3.47,+15.691, +7.994,+0.962
1664861100,+3.47,+15.699, +8.063,+0.962
1664861160,+3.47,+15.691, +8.078,+0.962
1664861220,+3.47,+15.691, +8.069,+0.962
1664861280,+3.47,+15.699, +8.071,+0.962
1664861340,+3.47,+15.682, +8.013,+0.962
1664861400,+3.47,+15.665, +7.973,+0.962
1664861460,+3.47,+15.708, +7.947,+0.962
1664861520,+3.47,+15.682, +7.956,+0.962
1664861580,+3.47,+15.691, +7.939,+0.962
1664861640,+3.47,+15.699, +7.926,+0.962
1664861700,+3.47,+15.691, +7.950,+0.962
1664861760,+3.47,+15.691, +8.010,+0.962
1664861820,+3.47,+15.716, +8.011,+0.962
1664861880,+3.47,+15.716, +8.024,+0.962
1664861940,+3.47,+15.716, +8.061,+0.962
1664862000,+3.47,+15.708, +8.087,+0.962
1664862060,+3.47,+15.733, +8.081,+0.962
1664862120,+3.47,+15.716, +8.088,+0.962
1664862180,+3.47,+15.725, +8.088,+0.962
1664862240,+3.47,+15.716, +8.086,+0.962
1664862300,+3.47,+15.708, +8.098,+0.962
1664862360,+3.47,+15.725, +8.082,+0.962
1664862420,+3.47,+15.742, +8.024,+0.962
1664862480,+3.47,+15.716, +8.023,+0.962
1664862540,+3.47,+15.733, +8.006,+0.962
1664862600,+3.47,+15.742, +7.989,+0.962
1664862660,+3.47,+15.742, +7.944,+0.962
1664862720,+3.47,+15.725, +7.878,+0.962
1664862780,+3.47,+15.759, +7.872,+0.962
1664862840,+3.47,+15.733, +7.901,+0.962
1664862900,+3.47,+15.750, +7.909,+0.962
1664862960,+3.47,+15.750, +7.937,+0.962
1664863020,+3.47,+15.750, +7.954,+0.962
1664863080,+3.47,+15.750, +7.955,+0.962
1664863140,+3.47,+15.742, +7.969,+0.962
1664863200,+3.47,+15.742, +7.962,+0.962
1664863260,+3.47,+15.742, +8.022,+0.962
1664863320,+3.47,+15.750, +8.063,+0.962
1664863380,+3.47,+15.742, +8.116,+0.962
1664863440,+3.47,+15.750, +8.153,+0.962
1664863500,+3.47,+15.750, +8.202,+0.962
1664863560,+3.47,+15.725, +8.254,+0.962
1664863620,+3.47,+15.750, +8.297,+0.962
1664863680,+3.47,+15.750, +8.286,+0.962
1664863740,+3.47,+15.725, +8.270,+0.962
1664863800,+3.47,+15.742, +8.222,+0.962
1664863860,+3.47,+15.750, +8.166,+0.961
1664863920,+3.47,+15.759, +8.188,+0.962
1664863980,+3.47,+15.742, +8.179,+0.962
1664864040,+3.48,+15.759, +8.137,+0.962
1664864100,+3.48,+15.768, +8.108,+0.961
1664864160,+3.47,+15.742, +8.132,+0.962
1664864220,+3.47,+15.759, +8.132,+0.962
1664864280,+3.47,+15.759, +8.148,+0.962
1664864340,+3.47,+15.750, +8.129,+0.961
1664864400,+3.48,+15.768, +8.120,+0.962
1664864460,+3.48,+15.759, +8.133,+0.962
1664864520,+3.48,+15.785, +8.098,+0.962
1664864580,+3.48,+15.776, +8.060,+0.961
1664864640,+3.48,+15.793, +8.072,+0.962
1664864700,+3.48,+15.785, +8.066,+0.962
1664864760,+3.48,+15.793, +8.037,+0.962
1664864820,+3.48,+15.785, +7.979,+0.962
1664864880,+3.48,+15.793, +7.921,+0.962
1664864940,+3.48,+15.793, +7.847,+0.962
1664865000,+3.48,+15.785, +7.860,+0.962
1664865060,+3.48,+15.776, +7.946,+0.962
1664865120,+3.48,+15.785, +7.972,+0.961
1664865180,+3.48,+15.793, +7.944,+0.961
1664865240,+3.47,+15.759, +7.994,+0.962
1664865300,+3.47,+15.768, +8.021,+0.962
1664865360,+3.47,+15.708, +8.081,+0.962
1664865420,+3.47,+15.716, +8.120,+0.961
1664865480,+3.47,+15.673, +8.186,+0.961
1664865540,+3.47,+15.691, +8.231,+0.962
1664865600,+3.47,+15.768, +8.124,+0.962
1664865660,+3.48,+15.793, +8.066,+0.962
1664865720,+3.48,+15.819, +8.022,+0.962
1664865780,+3.48,+15.845, +7.976,+0.962
1664865840,+3.48,+15.879, +7.943,+0.962
1664865900,+3.48,+15.870, +7.979,+0.962
1664865960,+3.48,+15.879, +7.983,+0.962
1664866020,+3.48,+15.887, +7.994,+0.962
1664866080,+3.48,+15.887, +7.975,+0.962
1664866140,+3.48,+15.904, +7.999,+0.962
1664866200,+3.48,+15.904, +8.021,+0.962
1664866260,+3.48,+15.904, +8.009,+0.962
1664866320,+3.48,+15.887, +8.019,+0.962
1664866380,+3.48,+15.870, +8.043,+0.962
1664866440,+3.48,+15.887, +8.073,+0.962
1664866500,+3.48,+15.887, +8.094,+0.962
1664866560,+3.48,+15.870, +8.104,+0.961
1664866620,+3.48,+15.879, +8.109,+0.962
1664866680,+3.48,+15.870, +8.120,+0.962
1664866740,+3.48,+15.870, +8.094,+0.962
1664866800,+3.48,+15.870, +8.062,+0.962
1664866860,+3.48,+15.870, +8.042,+0.962
1664866920,+3.48,+15.879, +8.023,+0.962
1664866980,+3.48,+15.879, +8.019,+0.962
1664867040,+3.48,+15.862, +8.056,+0.962
1664867100,+3.48,+15.887, +8.072,+0.962
1664867160,+3.48,+15.879, +8.059,+0.961
1664867220,+3.48,+15.870, +8.078,+0.962
1664867280,+3.48,+15.879, +8.046,+0.962
1664867340,+3.48,+15.870, +8.042,+0.962
1664867400,+3.48,+15.879, +8.065,+0.962
1664867460,+3.48,+15.879, +8.055,+0.961
1664867520,+3.48,+15.896, +8.039,+0.962
1664867580,+3.48,+15.896, +8.077,+0.962
1664867640,+3.48,+15.879, +8.044,+0.962
1664867700,+3.48,+15.896, +8.080,+0.962
1664867760,+3.48,+15.879, +8.119,+0.962
1664867820,+3.48,+15.879, +8.112,+0.962
1664867880,+3.48,+15.887, +8.102,+0.962
1664867940,+3.48,+15.845, +8.131,+0.962
1664868000,+3.48,+15.862, +8.134,+0.962
1664868060,+3.48,+15.870, +8.140,+0.962
1664868120,+3.48,+15.853, +8.156,+0.962
1664868180,+3.48,+15.853, +8.144,+0.962
1664868240,+3.48,+15.862, +8.147,+0.962
1664868300,+3.48,+15.870, +8.108,+0.962
1664868360,+3.48,+15.853, +8.089,+0.962
1664868420,+3.48,+15.853, +8.101,+0.962
1664868480,+3.48,+15.853, +8.120,+0.962
1664868540,+3.48,+15.845, +8.130,+0.962
1664868600,+3.48,+15.853, +8.131,+0.962
1664868660,+3.48,+15.845, +8.120,+0.962
1664868720,+3.48,+15.845, +8.119,+0.962
1664868780,+3.48,+15.836, +8.110,+0.961
1664868840,+3.48,+15.827, +8.123,+0.962
1664868900,+3.48,+15.827, +8.116,+0.962
1664868960,+3.48,+15.853, +8.111,+0.962
1664869020,+3.48,+15.836, +8.120,+0.962
1664869080,+3.48,+15.819, +8.122,+0.962
1664869140,+3.48,+15.853, +8.105,+0.962
1664869200,+3.48,+15.827, +8.117,+0.962
1664869260,+3.48,+15.836, +8.114,+0.962
1664869320,+3.48,+15.819, +8.127,+0.962
1664869380,+3.48,+15.827, +8.125,+0.962
1664869440,+3.48,+15.810, +8.131,+0.962
1664869500,+3.48,+15.827, +8.115,+0.962
1664869560,+3.48,+15.827, +8.132,+0.962
1664869620,+3.48,+15.810, +8.116,+0.962
1664869680,+3.48,+15.810, +8.083,+0.962
1664869740,+3.47,+15.776, +8.078,+0.962
1664869800,+3.47,+15.733, +8.094,+0.962
1664869860,+3.47,+15.733, +8.107,+0.962
1664869920,+3.47,+15.716, +8.108,+0.962
1664869980,+3.47,+15.708, +8.103,+0.961
1664870040,+3.47,+15.691, +8.134,+0.962
1664870100,+3.47,+15.665, +8.091,+0.961
1664870160,+3.47,+15.639, +8.043,+0.962
1664870220,+3.47,+15.639, +8.102,+0.962
1664870280,+3.47,+15.622, +8.146,+0.962
1664870340,+3.47,+15.631, +8.169,+0.962
1664870400,+3.47,+15.622, +8.195,+0.962
1664870460,+3.47,+15.631, +8.204,+0.962
1664870520,+3.47,+15.631, +8.220,+0.962
1664870580,+3.47,+15.639, +8.230,+0.961
1664870640,+3.47,+15.639, +8.220,+0.962
1664870700,+3.47,+15.639, +8.190,+0.961
1664870760,+3.47,+15.648, +8.189,+0.962
1664870820,+3.47,+15.622, +8.195,+0.961
1664870880,+3.47,+15.656, +8.197,+0.961
1664870940,+3.47,+15.648, +8.227,+0.962
1664871000,+3.47,+15.631, +8.217,+0.962
1664871060,+3.47,+15.639, +8.172,+0.962
1664871120,+3.47,+15.622, +8.173,+0.962
1664871180,+3.47,+15.631, +8.159,+0.962
1664871240,+3.47,+15.631, +8.145,+0.962
1664871300,+3.47,+15.639, +8.195,+0.962
1664871360,+3.47,+15.648, +8.217,+0.962
1664871420,+3.47,+15.639, +8.240,+0.962
1664871480,+3.47,+15.639, +8.260,+0.961
1664871540,+3.47,+15.631, +8.264,+0.962
1664871600,+3.47,+15.631, +8.230,+0.962
1664871660,+3.47,+15.631, +8.224,+0.962
1664871720,+3.47,+15.656, +8.218,+0.962
1664871780,+3.47,+15.639, +8.238,+0.961
1664871840,+3.47,+15.631, +8.256,+0.962
1664871900,+3.47,+15.622, +8.249,+0.961
1664871960,+3.47,+15.631, +8.256,+0.962
1664872020,+3.47,+15.648, +8.249,+0.962
1664872080,+3.47,+15.639, +8.264,+0.962
1664872140,+3.47,+15.639, +8.266,+0.962
1664872200,+3.47,+15.639, +8.276,+0.962
1664872260,+3.47,+15.639, +8.277,+0.962
1664872320,+3.47,+15.648, +8.281,+0.962
1664872380,+3.47,+15.639, +8.308,+0.962
1664872440,+3.47,+15.613, +8.332,+0.962
1664872500,+3.47,+15.648, +8.344,+0.962
1664872560,+3.47,+15.648, +8.363,+0.962
1664872620,+3.47,+15.613, +8.363,+0.962
1664872680,+3.47,+15.622, +8.343,+0.962
1664872740,+3.47,+15.631, +8.345,+0.962
1664872800,+3.47,+15.622, +8.322,+0.962
1664872860,+3.47,+15.613, +8.337,+0.962
1664872920,+3.47,+15.622, +8.339,+0.962
1664872980,+3.47,+15.631, +8.315,+0.962
1664873040,+3.47,+15.639, +8.318,+0.962
1664873100,+3.47,+15.639, +8.317,+0.962
1664873160,+3.47,+15.656, +8.311,+0.962
1664873220,+3.47,+15.622, +8.320,+0.961
1664873280,+3.47,+15.639, +8.315,+0.962
1664873340,+3.47,+15.631, +8.272,+0.962
1664873400,+3.47,+15.639, +8.260,+0.962
1664873460,+3.47,+15.622, +8.270,+0.962
1664873520,+3.47,+15.622, +8.281,+0.962
1664873580,+3.47,+15.631, +8.276,+0.962
1664873640,+3.47,+15.622, +8.295,+0.962
1664873700,+3.47,+15.631, +8.277,+0.962
1664873760,+3.47,+15.631, +8.290,+0.962
1664873820,+3.47,+15.648, +8.285,+0.962
1664873880,+3.47,+15.639, +8.282,+0.962
1664873940,+3.47,+15.648, +8.286,+0.962
1664874000,+3.47,+15.631, +8.290,+0.962
1664874060,+3.47,+15.656, +8.261,+0.962
1664874120,+3.47,+15.639, +8.188,+0.962
1664874180,+3.47,+15.648, +8.126,+0.962
1664874240,+3.47,+15.639, +8.077,+0.962
1664874300,+3.47,+15.631, +8.059,+0.961
1664874360,+3.47,+15.656, +8.087,+0.962
1664874420,+3.47,+15.648, +8.080,+0.961
1664874480,+3.47,+15.648, +8.077,+0.962
1664874540,+3.47,+15.648, +8.032,+0.962
1664874600,+3.47,+15.656, +7.988,+0.962
1664874660,+3.47,+15.648, +7.957,+0.961
1664874720,+3.47,+15.656, +7.814,+0.962
1664874780,+3.47,+15.639, +7.843,+0.961
1664874840,+3.47,+15.639, +7.897,+0.962
1664874900,+3.47,+15.639, +7.871,+0.962
1664874960,+3.47,+15.648, +7.911,+0.962
1664875020,+3.47,+15.656, +7.929,+0.962
1664875080,+3.47,+15.656, +7.917,+0.961
1664875140,+3.47,+15.648, +7.923,+0.962
1664875200,+3.47,+15.665, +7.933,+0.962
1664875260,+3.47,+15.673, +7.855,+0.962
1664875320,+3.47,+15.648, +7.788,+0.962
1664875380,+3.47,+15.648, +7.781,+0.962
1664875440,+3.47,+15.691, +7.739,+0.961
1664875500,+3.47,+15.656, +7.777,+0.962
1664875560,+3.47,+15.665, +7.824,+0.962
1664875620,+3.47,+15.673, +7.810,+0.962
1664875680,+3.47,+15.665, +7.737,+0.962
1664875740,+3.47,+15.682, +7.525,+0.961
1664875800,+3.47,+15.673, +7.531,+0.962
1664875860,+3.47,+15.682, +7.528,+0.961
1664875920,+3.47,+15.673, +7.601,+0.962
1664875980,+3.47,+15.691, +7.716,+0.961
1664876040,+3.47,+15.656, +7.826,+0.962
1664876100,+3.47,+15.665, +7.915,+0.962
1664876160,+3.47,+15.665, +7.982,+0.962
1664876220,+3.47,+15.648, +8.035,+0.962
1664876280,+3.47,+15.639, +8.033,+0.962
1664876340,+3.47,+15.631, +8.074,+0.962
1664876400,+3.47,+15.631, +8.081,+0.961
1664876460,+3.47,+15.605, +8.119,+0.962
1664876520,+3.47,+15.631, +8.117,+0.961
1664876580,+3.47,+15.605, +8.170,+0.962
1664876640,+3.47,+15.605, +8.177,+0.962
1664876700,+3.47,+15.596, +8.182,+0.962
1664876760,+3.47,+15.613, +8.141,+0.962
1664876820,+3.47,+15.613, +8.128,+0.962
1664876880,+3.47,+15.588, +8.132,+0.962
1664876940,+3.47,+15.596, +8.097,+0.962
1664877000,+3.47,+15.588, +8.091,+0.962
1664877060,+3.47,+15.605, +8.069,+0.962
1664877120,+3.47,+15.631, +8.066,+0.962
1664877180,+3.47,+15.588, +8.106,+0.962
1664877240,+3.47,+15.596, +8.151,+0.962
1664877300,+3.47,+15.588, +8.135,+0.962
1664877360,+3.47,+15.613, +8.147,+0.962
1664877420,+3.47,+15.596, +8.174,+0.962
1664877480,+3.47,+15.588, +8.190,+0.962
1664877540,+3.47,+15.596, +8.161,+0.962
1664877600,+3.47,+15.588, +8.158,+0.962
1664877660,+3.47,+15.571, +8.127,+0.962
1664877720,+3.47,+15.596, +8.067,+0.962
1664877780,+3.47,+15.596, +8.061,+0.961
1664877840,+3.47,+15.605, +8.029,+0.961
1664877900,+3.47,+15.605, +7.988,+0.962
1664877960,+3.47,+15.622, +7.962,+0.962
1664878020,+3.47,+15.605, +7.950,+0.961
1664878080,+3.47,+15.596, +7.900,+0.962
1664878140,+3.47,+15.579, +7.931,+0.961
1664878200,+3.47,+15.588, +8.007,+0.962
1664878260,+3.47,+15.588, +8.068,+0.962
1664878320,+3.47,+15.596, +8.021,+0.962
1664878380,+3.47,+15.596, +8.014,+0.962
1664878440,+3.47,+15.588, +8.011,+0.962
1664878500,+3.47,+15.605, +8.000,+0.962
1664878560,+3.47,+15.596, +8.013,+0.962
1664878620,+3.47,+15.588, +8.023,+0.962
1664878680,+3.47,+15.571, +7.997,+0.962
1664878740,+3.47,+15.562, +7.975,+0.962
1664878800,+3.47,+15.553, +7.943,+0.961
1664878860,+3.47,+15.545, +7.944,+0.962
1664878920,+3.47,+15.545, +7.923,+0.962
1664878980,+3.47,+15.553, +7.876,+0.962
1664879040,+3.47,+15.553, +7.816,+0.962
1664879100,+3.47,+15.545, +7.773,+0.962
1664879160,+3.47,+15.571, +7.770,+0.962
1664879220,+3.47,+15.579, +7.725,+0.962
1664879280,+3.47,+15.571, +7.718,+0.962
1664879340,+3.47,+15.579, +7.732,+0.961
1664879400,+3.47,+15.571, +7.736,+0.961
1664879460,+3.47,+15.588, +7.714,+0.962
1664879520,+3.47,+15.571, +7.740,+0.962
1664879580,+3.47,+15.588, +7.785,+0.962
1664879640,+3.47,+15.588, +7.779,+0.962
1664879700,+3.47,+15.588, +7.766,+0.962
1664879760,+3.47,+15.571, +7.748,+0.962
1664879820,+3.47,+15.596, +7.714,+0.962
1664879880,+3.47,+15.571, +7.687,+0.962
1664879940,+3.47,+15.596, +7.645,+0.961
1664880000,+3.47,+15.622, +7.673,+0.962
1664880060,+3.47,+15.622, +7.664,+0.962
1664880120,+3.47,+15.596, +7.706,+0.962
1664880180,+3.47,+15.596, +7.768,+0.962
1664880240,+3.47,+15.588, +7.825,+0.962
1664880300,+3.47,+15.579, +7.884,+0.962
1664880360,+3.47,+15.579, +7.904,+0.962
1664880420,+3.47,+15.605, +7.875,+0.961
1664880480,+3.47,+15.588, +7.872,+0.962
1664880540,+3.47,+15.622, +7.825,+0.962
1664880600,+3.47,+15.622, +7.784,+0.962
1664880660,+3.47,+15.639, +7.732,+0.962
1664880720,+3.47,+15.665, +7.696,+0.962
1664880780,+3.47,+15.648, +7.636,+0.961
1664880840,+3.47,+15.665, +7.691,+0.961
1664880900,+3.47,+15.656, +7.715,+0.962
1664880960,+3.47,+15.656, +7.749,+0.961
1664881020,+3.47,+15.631, +7.847,+0.962
1664881080,+3.47,+15.605, +7.936,+0.962
1664881140,+3.47,+15.562, +8.070,+0.961
1664881200,+3.47,+15.579, +8.075,+0.961
1664881260,+3.47,+15.562, +8.112,+0.962
1664881320,+3.47,+15.562, +8.120,+0.962
1664881380,+3.47,+15.571, +8.142,+0.962
1664881440,+3.47,+15.553, +8.168,+0.962
1664881500,+3.47,+15.571, +8.174,+0.962
1664881560,+3.47,+15.562, +8.207,+0.962
1664881620,+3.47,+15.545, +8.200,+0.962
1664881680,+3.47,+15.545, +8.188,+0.962
1664881740,+3.47,+15.562, +8.203,+0.962
1664881800,+3.47,+15.536, +8.264,+0.962
1664881860,+3.47,+15.528, +8.298,+0.962
1664881920,+3.47,+15.528, +8.282,+0.961
1664881980,+3.47,+15.528, +8.240,+0.962
1664882040,+3.47,+15.536, +8.165,+0.962
1664882100,+3.47,+15.519, +8.173,+0.962
1664882160,+3.47,+15.519, +8.151,+0.961
1664882220,+3.47,+15.536, +8.125,+0.962
1664882280,+3.47,+15.545, +8.061,+0.962
1664882340,+3.47,+15.536, +8.051,+0.962
1664882400,+3.47,+15.536, +8.021,+0.961
1664882460,+3.47,+15.528, +8.032,+0.961
1664882520,+3.47,+15.528, +8.059,+0.962
1664882580,+3.47,+15.528, +8.140,+0.961
1664882640,+3.47,+15.536, +8.138,+0.961
1664882700,+3.47,+15.536, +8.114,+0.962
1664882760,+3.47,+15.545, +8.148,+0.962
1664882820,+3.47,+15.528, +8.157,+0.961
1664882880,+3.47,+15.528, +8.191,+0.962
1664882940,+3.47,+15.553, +8.171,+0.961
1664883000,+3.47,+15.536, +8.144,+0.962
1664883060,+3.47,+15.536, +8.122,+0.962
1664883120,+3.47,+15.519, +8.088,+0.962
1664883180,+3.47,+15.545, +8.061,+0.962
1664883240,+3.47,+15.545, +8.044,+0.962
1664883300,+3.47,+15.562, +8.037,+0.962
1664883360,+3.47,+15.545, +8.066,+0.962
1664883420,+3.47,+15.536, +8.076,+0.962
1664883480,+3.47,+15.545, +8.109,+0.962
1664883540,+3.47,+15.536, +8.125,+0.961
1664883600,+3.47,+15.536, +8.166,+0.962
1664883660,+3.47,+15.553, +8.149,+0.962
1664883720,+3.47,+15.528, +8.130,+0.961
1664883780,+3.47,+15.528, +8.111,+0.962
1664883840,+3.47,+15.536, +8.122,+0.962
1664883900,+3.47,+15.571, +8.099,+0.961
1664883960,+3.47,+15.545, +8.074,+0.962
1664884020,+3.47,+15.553, +8.067,+0.962
1664884080,+3.47,+15.553, +8.038,+0.962
1664884140,+3.47,+15.579, +7.985,+0.962
1664884200,+3.47,+15.571, +7.985,+0.961
1664884260,+3.47,+15.571, +7.998,+0.962
1664884320,+3.47,+15.562, +8.040,+0.962
1664884380,+3.47,+15.553, +8.027,+0.962
1664884440,+3.47,+15.553, +8.009,+0.962
1664884500,+3.47,+15.571, +7.990,+0.962
1664884560,+3.47,+15.562, +7.965,+0.962
1664884620,+3.47,+15.545, +7.958,+0.961
1664884680,+3.47,+15.579, +7.955,+0.962
1664884740,+3.47,+15.579, +7.969,+0.962
1664884800,+3.47,+15.562, +7.994,+0.962
1664884860,+3.47,+15.553, +7.988,+0.962
1664884920,+3.47,+15.588, +7.995,+0.962
1664884980,+3.47,+15.579, +8.025,+0.962
1664885040,+3.47,+15.553, +8.054,+0.962
1664885100,+3.47,+15.545, +8.080,+0.962
1664885160,+3.47,+15.562, +8.070,+0.961
1664885220,+3.47,+15.545, +8.105,+0.962
1664885280,+3.47,+15.571, +8.108,+0.962
1664885340,+3.47,+15.553, +8.096,+0.961
1664885400,+3.47,+15.571, +8.083,+0.962
1664885460,+3.47,+15.588, +8.092,+0.962
1664885520,+3.47,+15.571, +8.089,+0.962
1664885580,+3.47,+15.588, +8.077,+0.962
1664885640,+3.47,+15.571, +8.086,+0.962
1664885700,+3.47,+15.579, +8.059,+0.962
1664885760,+3.47,+15.562, +8.043,+0.962
1664885820,+3.47,+15.571, +8.046,+0.962
1664885880,+3.47,+15.571, +8.046,+0.962
1664885940,+3.47,+15.562, +8.042,+0.962
1664886000,+3.47,+15.562, +8.044,+0.962
1664886060,+3.47,+15.579, +8.016,+0.962
1664886120,+3.47,+15.571, +8.048,+0.962
1664886180,+3.47,+15.579, +8.060,+0.961
1664886240,+3.47,+15.553, +8.099,+0.962
1664886300,+3.47,+15.571, +8.104,+0.962
1664886360,+3.47,+15.562, +8.104,+0.962
1664886420,+3.47,+15.571, +8.109,+0.961
1664886480,+3.47,+15.562, +8.111,+0.962
1664886540,+3.47,+15.553, +8.109,+0.962
1664886600,+3.47,+15.588, +8.086,+0.962
1664886660,+3.47,+15.562, +8.081,+0.961
1664886720,+3.47,+15.553, +8.081,+0.962
1664886780,+3.47,+15.562, +8.071,+0.962
1664886840,+3.47,+15.562, +8.065,+0.962
1664886900,+3.47,+15.571, +8.049,+0.962
1664886960,+3.47,+15.571, +8.035,+0.961
1664887020,+3.47,+15.571, +8.045,+0.962
1664887080,+3.47,+15.562, +8.037,+0.962
1664887140,+3.47,+15.571, +8.042,+0.962
1664887200,+3.47,+15.571, +8.056,+0.962
1664887260,+3.47,+15.571, +8.072,+0.961
1664887320,+3.47,+15.562, +8.100,+0.962
1664887380,+3.47,+15.562, +8.110,+0.962
1664887440,+3.47,+15.571, +8.107,+0.962
1664887500,+3.47,+15.562, +8.098,+0.962
1664887560,+3.47,+15.562, +8.102,+0.962
1664887620,+3.47,+15.562, +8.094,+0.962
1664887680,+3.47,+15.562, +8.083,+0.962
1664887740,+3.47,+15.562, +8.082,+0.962
1664887800,+3.47,+15.571, +8.079,+0.962
1664887860,+3.47,+15.588, +8.064,+0.962
1664887920,+3.47,+15.579, +8.045,+0.961
1664887980,+3.47,+15.588, +8.041,+0.962
1664888040,+3.47,+15.605, +8.041,+0.962
1664888100,+3.47,+15.596, +8.043,+0.962
1664888160,+3.47,+15.579, +8.054,+0.962
1664888220,+3.47,+15.605, +8.027,+0.962
1664888280,+3.47,+15.596, +8.020,+0.961
1664888340,+3.47,+15.596, +8.043,+0.961
1664888400,+3.47,+15.579, +8.051,+0.962
1664888460,+3.47,+15.605, +8.027,+0.962
1664888520,+3.47,+15.588, +8.067,+0.962
1664888580,+3.47,+15.596, +8.089,+0.962
1664888640,+3.47,+15.596, +8.092,+0.962
1664888700,+3.47,+15.588, +8.068,+0.962
1664888760,+3.47,+15.588, +8.046,+0.961
1664888820,+3.47,+15.571, +8.077,+0.961
1664888880,+3.47,+15.536, +8.109,+0.961
1664888940,+3.47,+15.519, +8.135,+0.962
1664889000,+3.47,+15.528, +8.125,+0.962
1664889060,+3.47,+15.485, +8.139,+0.962
1664889120,+3.47,+15.468, +8.176,+0.961
1664889180,+3.47,+15.459, +8.178,+0.961
1664889240,+3.47,+15.451, +8.211,+0.962
1664889300,+3.47,+15.459, +8.212,+0.961
1664889360,+3.47,+15.425, +8.257,+0.962
1664889420,+3.47,+15.433, +8.266,+0.962
1664889480,+3.47,+15.425, +8.278,+0.962
1664889540,+3.47,+15.425, +8.286,+0.961
1664889600,+3.47,+15.408, +8.294,+0.962
1664889660,+3.47,+15.408, +8.279,+0.962
1664889720,+3.47,+15.425, +8.254,+0.961
1664889780,+3.47,+15.399, +8.279,+0.962
1664889840,+3.47,+15.399, +8.282,+0.962
1664889900,+3.47,+15.416, +8.287,+0.962
1664889960,+3.47,+15.425, +8.300,+0.962
1664890020,+3.47,+15.442, +8.320,+0.962
1664890080,+3.47,+15.476, +8.322,+0.962
1664890140,+3.47,+15.502, +8.324,+0.962
1664890200,+3.47,+15.502, +8.328,+0.961
1664890260,+3.47,+15.528, +8.317,+0.961
1664890320,+3.47,+15.545, +8.309,+0.961
1664890380,+3.47,+15.519, +8.349,+0.962
1664890440,+3.47,+15.519, +8.371,+0.962
1664890500,+3.47,+15.536, +8.387,+0.962
1664890560,+3.47,+15.562, +8.399,+0.961
1664890620,+3.47,+15.579, +8.387,+0.961
1664890680,+3.47,+15.562, +8.426,+0.961
1664890740,+3.47,+15.562, +8.439,+0.962
1664890800,+3.47,+15.553, +8.461,+0.962
1664890860,+3.47,+15.545, +8.455,+0.961
1664890920,+3.47,+15.536, +8.457,+0.961
1664890980,+3.47,+15.511, +8.452,+0.961
1664891040,+3.47,+15.485, +8.456,+0.962
1664891100,+3.47,+15.459, +8.460,+0.962
1664891160,+3.47,+15.442, +8.449,+0.962
1664891220,+3.47,+15.451, +8.429,+0.962
1664891280,+3.47,+15.468, +8.434,+0.962
1664891340,+3.47,+15.502, +8.397,+0.961
1664891400,+3.47,+15.528, +8.383,+0.961
1664891460,+3.47,+15.536, +8.388,+0.962
1664891520,+3.47,+15.528, +8.395,+0.961
1664891580,+3.47,+15.553, +8.406,+0.961
1664891640,+3.47,+15.579, +8.423,+0.962
1664891700,+3.47,+15.605, +8.443,+0.962
1664891760,+3.47,+15.613, +8.450,+0.961
1664891820,+3.47,+15.622, +8.432,+0.961
1664891880,+3.47,+15.631, +8.414,+0.962
1664891940,+3.47,+15.648, +8.393,+0.961
1664892000,+3.47,+15.613, +8.388,+0.962
1664892060,+3.47,+15.648, +8.355,+0.962
1664892120,+3.47,+15.631, +8.350,+0.961
1664892180,+3.47,+15.656, +8.352,+0.962
1664892240,+3.47,+15.656, +8.374,+0.962
1664892300,+3.47,+15.639, +8.376,+0.961
1664892360,+3.47,+15.656, +8.377,+0.961
1664892420,+3.47,+15.648, +8.399,+0.962
1664892480,+3.47,+15.639, +8.412,+0.961
1664892540,+3.47,+15.665, +8.424,+0.961
1664892600,+3.47,+15.682, +8.433,+0.961
1664892660,+3.47,+15.673, +8.451,+0.961
1664892720,+3.47,+15.673, +8.477,+0.961
1664892780,+3.47,+15.699, +8.504,+0.961
1664892840,+3.47,+15.665, +8.556,+0.962
1664892900,+3.47,+15.673, +8.567,+0.961
1664892960,+3.47,+15.656, +8.588,+0.961
1664893020,+3.47,+15.656, +8.581,+0.961
1664893080,+3.47,+15.656, +8.600,+0.961
1664893140,+3.47,+15.631, +8.602,+0.961
1664893200,+3.47,+15.605, +8.606,+0.961
1664893260,+3.47,+15.596, +8.587,+0.961
1664893320,+3.47,+15.571, +8.552,+0.961
1664893380,+3.47,+15.562, +8.565,+0.961
1664893440,+3.47,+15.562, +8.573,+0.962
1664893500,+3.47,+15.536, +8.553,+0.961
1664893560,+3.47,+15.528, +8.562,+0.961
1664893620,+3.47,+15.519, +8.561,+0.962
1664893680,+3.47,+15.502, +8.565,+0.962
1664893740,+3.47,+15.519, +8.543,+0.961
1664893800,+3.47,+15.502, +8.531,+0.961
1664893860,+3.47,+15.536, +8.539,+0.962
1664893920,+3.47,+15.571, +8.591,+0.962
1664893980,+3.47,+15.631, +8.630,+0.962
1664894040,+3.47,+15.631, +8.681,+0.961
1664894100,+3.47,+15.656, +8.706,+0.961
1664894160,+3.47,+15.622, +8.708,+0.962
1664894220,+3.47,+15.622, +8.679,+0.962
1664894280,+3.47,+15.656, +8.662,+0.962
1664894340,+3.47,+15.639, +8.686,+0.962
1664894400,+3.47,+15.648, +8.703,+0.962
1664894460,+3.47,+15.648, +8.734,+0.962
1664894520,+3.47,+15.673, +8.693,+0.961
1664894580,+3.47,+15.665, +8.672,+0.962
1664894640,+3.47,+15.673, +8.645,+0.961
1664894700,+3.47,+15.656, +8.635,+0.961
1664894760,+3.47,+15.656, +8.615,+0.961
1664894820,+3.47,+15.648, +8.604,+0.961
1664894880,+3.47,+15.639, +8.603,+0.961
1664894940,+3.47,+15.631, +8.616,+0.961
1664895000,+3.47,+15.648, +8.613,+0.961
1664895060,+3.47,+15.622, +8.617,+0.961
1664895120,+3.47,+15.605, +8.628,+0.961
1664895180,+3.47,+15.605, +8.618,+0.961
1664895240,+3.47,+15.605, +8.626,+0.962
1664895300,+3.47,+15.579, +8.631,+0.961
1664895360,+3.47,+15.571, +8.638,+0.961
1664895420,+3.47,+15.579, +8.638,+0.961
1664895480,+3.47,+15.571, +8.645,+0.961
1664895540,+3.47,+15.579, +8.670,+0.962
1664895600,+3.47,+15.579, +8.663,+0.961
1664895660,+3.47,+15.553, +8.674,+0.961
1664895720,+3.47,+15.571, +8.643,+0.961
1664895780,+3.47,+15.571, +8.648,+0.961
1664895840,+3.47,+15.536, +8.637,+0.961
1664895900,+3.47,+15.562, +8.642,+0.961
1664895960,+3.47,+15.571, +8.662,+0.961
1664896020,+3.47,+15.605, +8.665,+0.961
1664896080,+3.47,+15.622, +8.678,+0.961
1664896140,+3.47,+15.648, +8.659,+0.961
1664896200,+3.47,+15.639, +8.681,+0.961
1664896260,+3.47,+15.665, +8.675,+0.961
1664896320,+3.47,+15.665, +8.701,+0.961
1664896380,+3.47,+15.665, +8.710,+0.961
1664896440,+3.47,+15.665, +8.719,+0.962
1664896500,+3.47,+15.665, +8.718,+0.961
1664896560,+3.47,+15.656, +8.722,+0.961
1664896620,+3.47,+15.682, +8.717,+0.961
1664896680,+3.47,+15.639, +8.704,+0.961
1664896740,+3.47,+15.665, +8.690,+0.961
1664896800,+3.47,+15.639, +8.720,+0.961
1664896860,+3.47,+15.648, +8.734,+0.961
1664896920,+3.47,+15.648, +8.733,+0.961
1664896980,+3.47,+15.639, +8.748,+0.961
1664897040,+3.47,+15.656, +8.737,+0.961
1664897100,+3.47,+15.656, +8.759,+0.962
1664897160,+3.47,+15.656, +8.779,+0.961
1664897220,+3.47,+15.665, +8.779,+0.961
1664897280,+3.47,+15.656, +8.808,+0.961
1664897340,+3.47,+15.648, +8.817,+0.961
1664897400,+3.47,+15.682, +8.794,+0.961
1664897460,+3.47,+15.639, +8.829,+0.962
1664897520,+3.47,+15.656, +8.833,+0.962
1664897580,+3.47,+15.648, +8.844,+0.961
1664897640,+3.47,+15.648, +8.837,+0.961
1664897700,+3.47,+15.639, +8.843,+0.961
1664897760,+3.47,+15.631, +8.827,+0.961
1664897820,+3.47,+15.648, +8.840,+0.961
1664897880,+3.47,+15.648, +8.847,+0.961
1664897940,+3.47,+15.648, +8.859,+0.962
1664898000,+3.47,+15.631, +8.868,+0.961
1664898060,+3.47,+15.631, +8.858,+0.961
1664898120,+3.47,+15.613, +8.846,+0.962
1664898180,+3.47,+15.622, +8.794,+0.961
1664898240,+3.47,+15.613, +8.784,+0.961
1664898300,+3.47,+15.605, +8.811,+0.961
1664898360,+3.47,+15.631, +8.839,+0.961
1664898420,+3.47,+15.622, +8.829,+0.961
1664898480,+3.47,+15.656, +8.832,+0.962
1664898540,+3.47,+15.622, +8.858,+0.961
1664898600,+3.47,+15.631, +8.855,+0.961
1664898660,+3.47,+15.648, +8.850,+0.962
1664898720,+3.47,+15.648, +8.869,+0.962
1664898780,+3.47,+15.648, +8.899,+0.962
1664898840,+3.47,+15.665, +8.900,+0.961
1664898900,+3.47,+15.673, +8.909,+0.961
1664898960,+3.47,+15.656, +8.931,+0.961
1664899020,+3.47,+15.665, +8.955,+0.961
1664899080,+3.47,+15.656, +8.975,+0.962
1664899140,+3.47,+15.682, +8.962,+0.961
1664899200,+3.47,+15.665, +8.971,+0.962
1664899260,+3.47,+15.691, +8.972,+0.961
1664899320,+3.47,+15.682, +8.987,+0.962
1664899380,+3.47,+15.699, +8.979,+0.961
1664899440,+3.47,+15.691, +8.952,+0.961
1664899500,+3.47,+15.673, +8.937,+0.961
1664899560,+3.47,+15.673, +8.913,+0.962
1664899620,+3.47,+15.673, +8.896,+0.962
1664899680,+3.47,+15.656, +8.899,+0.961
1664899740,+3.47,+15.648, +8.891,+0.961
1664899800,+3.47,+15.656, +8.882,+0.961
1664899860,+3.47,+15.665, +8.876,+0.961
1664899920,+3.47,+15.656, +8.861,+0.961
1664899980,+3.47,+15.656, +8.842,+0.961
1664900040,+3.47,+15.648, +8.838,+0.962
1664900100,+3.47,+15.656, +8.844,+0.961
1664900160,+3.47,+15.648, +8.857,+0.962
1664900220,+3.47,+15.648, +8.851,+0.961
1664900280,+3.47,+15.631, +8.834,+0.962
1664900340,+3.47,+15.639, +8.837,+0.961
1664900400,+3.47,+15.622, +8.862,+0.962
1664900460,+3.47,+15.631, +8.850,+0.961
1664900520,+3.47,+15.639, +8.842,+0.961
1664900580,+3.47,+15.622, +8.839,+0.961
1664900640,+3.47,+15.605, +8.828,+0.961
1664900700,+3.47,+15.605, +8.817,+0.961
1664900760,+3.47,+15.596, +8.817,+0.962
1664900820,+3.47,+15.579, +8.808,+0.961
1664900880,+3.47,+15.588, +8.812,+0.961
1664900940,+3.47,+15.605, +8.807,+0.961
1664901000,+3.47,+15.588, +8.806,+0.961
1664901060,+3.47,+15.588, +8.817,+0.961
1664901120,+3.47,+15.588, +8.827,+0.961
1664901180,+3.47,+15.588, +8.812,+0.961
1664901240,+3.47,+15.588, +8.787,+0.961
1664901300,+3.47,+15.588, +8.809,+0.962
1664901360,+3.47,+15.588, +8.811,+0.961
1664901420,+3.47,+15.579, +8.817,+0.961
1664901480,+3.47,+15.553, +8.834,+0.962
1664901540,+3.47,+15.579, +8.822,+0.961
1664901600,+3.47,+15.571, +8.813,+0.962
1664901660,+3.47,+15.588, +8.787,+0.961
1664901720,+3.47,+15.588, +8.780,+0.961
1664901780,+3.47,+15.571, +8.787,+0.961
1664901840,+3.47,+15.579, +8.808,+0.961
1664901900,+3.47,+15.571, +8.776,+0.961
1664901960,+3.47,+15.579, +8.790,+0.961
1664902020,+3.47,+15.571, +8.784,+0.961
1664902080,+3.47,+15.579, +8.761,+0.961
