7450-383325
OS REV: 1.05 Sensor Cal: 1644949570
Time (sec),  BV (Volts),  T (deg C),  DO (mg/l),  Q ()
1665334140,+3.47,+16.578, +9.532,+0.960
1665334200,+3.47,+16.578, +9.538,+0.961
1665334260,+3.47,+16.586, +9.532,+0.961
1665334320,+3.47,+16.569, +9.497,+0.961
1665334380,+3.47,+16.578, +9.425,+0.961
1665334440,+3.47,+16.569, +9.443,+0.961
1665334500,+3.47,+16.561, +9.448,+0.961
1665334560,+3.47,+16.578, +9.483,+0.961
1665334620,+3.47,+16.586, +9.497,+0.960
1665334680,+3.47,+16.578, +9.505,+0.961
1665334740,+3.47,+16.569, +9.540,+0.960
1665334800,+3.47,+16.603, +9.620,+0.961
1665334860,+3.47,+16.603, +9.661,+0.961
1665334920,+3.47,+16.603, +9.598,+0.960
1665334980,+3.47,+16.586, +9.582,+0.960
1665335040,+3.47,+16.595, +9.611,+0.961
1665335100,+3.47,+16.612, +9.584,+0.960
1665335160,+3.47,+16.620, +9.559,+0.960
1665335220,+3.47,+16.620, +9.561,+0.960
1665335280,+3.47,+16.612, +9.583,+0.960
1665335340,+3.47,+16.654, +9.584,+0.961
1665335400,+3.47,+16.646, +9.596,+0.961
1665335460,+3.47,+16.646, +9.593,+0.960
1665335520,+3.47,+16.663, +9.584,+0.961
1665335580,+3.47,+16.646, +9.596,+0.961
1665335640,+3.47,+16.663, +9.584,+0.960
1665335700,+3.47,+16.654, +9.592,+0.960
1665335760,+3.47,+16.680, +9.576,+0.961
1665335820,+3.47,+16.646, +9.593,+0.960
1665335880,+3.47,+16.688, +9.614,+0.961
1665335940,+3.47,+16.680, +9.650,+0.960
1665336000,+3.47,+16.688, +9.668,+0.960
1665336060,+3.47,+16.714, +9.659,+0.960
1665336120,+3.47,+16.739, +9.647,+0.960
1665336180,+3.47,+16.714, +9.639,+0.960
1665336240,+3.47,+16.748, +9.611,+0.960
1665336300,+3.47,+16.731, +9.574,+0.960
1665336360,+3.47,+16.739, +9.574,+0.961
1665336420,+3.47,+16.756, +9.569,+0.961
1665336480,+3.47,+16.756, +9.567,+0.960
1665336540,+3.47,+16.748, +9.559,+0.960
1665336600,+3.47,+16.782, +9.575,+0.960
1665336660,+3.47,+16.765, +9.582,+0.960
1665336720,+3.47,+16.756, +9.677,+0.961
1665336780,+3.47,+16.773, +9.700,+0.960
1665336840,+3.47,+16.773, +9.653,+0.960
1665336900,+3.47,+16.782, +9.628,+0.960
1665336960,+3.47,+16.790, +9.604,+0.960
1665337020,+3.47,+16.765, +9.616,+0.960
1665337080,+3.47,+16.773, +9.624,+0.961
1665337140,+3.47,+16.782, +9.649,+0.961
1665337200,+3.47,+16.782, +9.669,+0.960
1665337260,+3.47,+16.782, +9.699,+0.960
1665337320,+3.47,+16.790, +9.686,+0.960
1665337380,+3.47,+16.807, +9.688,+0.960
1665337440,+3.47,+16.807, +9.691,+0.960
1665337500,+3.47,+16.807, +9.708,+0.961
1665337560,+3.47,+16.799, +9.711,+0.961
1665337620,+3.47,+16.816, +9.683,+0.960
1665337680,+3.47,+16.807, +9.656,+0.960
1665337740,+3.47,+16.807, +9.657,+0.960
1665337800,+3.47,+16.807, +9.717,+0.961
1665337860,+3.47,+16.816, +9.768,+0.961
1665337920,+3.47,+16.816, +9.744,+0.961
1665337980,+3.47,+16.824, +9.745,+0.961
1665338040,+3.47,+16.807, +9.734,+0.960
1665338100,+3.47,+16.816, +9.793,+0.960
1665338160,+3.47,+16.816, +9.790,+0.960
1665338220,+3.47,+16.833, +9.772,+0.961
1665338280,+3.47,+16.841, +9.749,+0.961
1665338340,+3.47,+16.833, +9.747,+0.960
1665338400,+3.47,+16.833, +9.769,+0.960
1665338460,+3.47,+16.850, +9.789,+0.961
1665338520,+3.47,+16.833, +9.817,+0.961
1665338580,+3.47,+16.833, +9.828,+0.960
1665338640,+3.47,+16.824, +9.847,+0.961
1665338700,+3.48,+16.850, +9.834,+0.960
1665338760,+3.48,+16.850, +9.844,+0.961
1665338820,+3.48,+16.858, +9.846,+0.961
1665338880,+3.48,+16.867, +9.827,+0.961
1665338940,+3.48,+16.875, +9.833,+0.961
1665339000,+3.48,+16.875, +9.808,+0.960
1665339060,+3.48,+16.892, +9.831,+0.961
1665339120,+3.48,+16.875, +9.872,+0.960
1665339180,+3.48,+16.892, +9.875,+0.961
1665339240,+3.48,+16.901, +9.909,+0.961
1665339300,+3.48,+16.909, +9.923,+0.960
1665339360,+3.48,+16.918, +9.939,+0.961
1665339420,+3.48,+16.926, +9.909,+0.960
1665339480,+3.48,+16.935, +9.894,+0.960
1665339540,+3.48,+16.943, +9.919,+0.960
1665339600,+3.48,+16.918,+10.049,+0.961
1665339660,+3.48,+16.892,+10.070,+0.961
1665339720,+3.48,+16.926,+10.063,+0.961
1665339780,+3.48,+16.943,+10.054,+0.961
1665339840,+3.48,+16.960,+10.022,+0.961
1665339900,+3.48,+16.952,+10.073,+0.961
1665339960,+3.48,+16.952,+10.167,+0.961
1665340020,+3.48,+16.952,+10.196,+0.960
1665340080,+3.48,+16.943,+10.214,+0.960
1665340140,+3.48,+16.960,+10.265,+0.960
1665340200,+3.48,+16.960,+10.350,+0.960
1665340260,+3.48,+16.994,+10.391,+0.961
1665340320,+3.48,+17.003,+10.395,+0.961
1665340380,+3.48,+17.028,+10.380,+0.961
1665340440,+3.48,+17.011,+10.408,+0.961
1665340500,+3.48,+17.028,+10.423,+0.961
1665340560,+3.48,+17.020,+10.461,+0.961
1665340620,+3.48,+17.062,+10.503,+0.961
1665340680,+3.48,+17.087,+10.521,+0.961
1665340740,+3.48,+17.054,+10.541,+0.960
1665340800,+3.48,+17.079,+10.484,+0.961
1665340860,+3.48,+17.087,+10.521,+0.961
1665340920,+3.48,+17.071,+10.560,+0.960
1665340980,+3.48,+17.087,+10.485,+0.961
1665341040,+3.48,+17.071,+10.444,+0.961
1665341100,+3.48,+17.062,+10.473,+0.961
1665341160,+3.48,+17.037,+10.451,+0.961
1665341220,+3.48,+17.028,+10.360,+0.961
1665341280,+3.48,+17.003,+10.407,+0.960
1665341340,+3.48,+16.994,+10.420,+0.960
1665341400,+3.48,+17.003,+10.418,+0.961
1665341460,+3.48,+16.977,+10.410,+0.961
1665341520,+3.48,+16.977,+10.377,+0.961
1665341580,+3.48,+16.960,+10.366,+0.961
1665341640,+3.48,+16.977,+10.450,+0.961
1665341700,+3.48,+16.952,+10.544,+0.961
1665341760,+3.48,+16.977,+10.548,+0.961
1665341820,+3.48,+16.969,+10.569,+0.961
1665341880,+3.48,+16.994,+10.569,+0.960
1665341940,+3.48,+16.986,+10.563,+0.961
1665342000,+3.48,+16.986,+10.512,+0.960
1665342060,+3.48,+16.994,+10.494,+0.961
1665342120,+3.48,+16.994,+10.498,+0.961
1665342180,+3.48,+16.977,+10.461,+0.961
1665342240,+3.48,+16.977,+10.442,+0.960
1665342300,+3.48,+16.986,+10.427,+0.960
1665342360,+3.48,+16.952,+10.422,+0.961
1665342420,+3.48,+16.977,+10.388,+0.960
1665342480,+3.48,+16.994,+10.390,+0.961
1665342540,+3.48,+16.960,+10.404,+0.961
1665342600,+3.48,+16.952,+10.369,+0.960
1665342660,+3.48,+16.977,+10.352,+0.961
1665342720,+3.48,+16.977,+10.286,+0.961
1665342780,+3.48,+16.969,+10.310,+0.961
1665342840,+3.48,+16.960,+10.315,+0.961
1665342900,+3.48,+16.952,+10.293,+0.961
1665342960,+3.48,+16.935,+10.278,+0.960
1665343020,+3.48,+16.952,+10.272,+0.960
1665343080,+3.48,+16.952,+10.297,+0.961
1665343140,+3.48,+16.969,+10.305,+0.960
1665343200,+3.48,+16.969,+10.309,+0.960
1665343260,+3.48,+16.969,+10.301,+0.961
1665343320,+3.48,+16.977,+10.264,+0.961
1665343380,+3.48,+16.977,+10.322,+0.960
1665343440,+3.48,+16.986,+10.349,+0.961
1665343500,+3.48,+16.977,+10.359,+0.960
1665343560,+3.48,+17.003,+10.323,+0.961
1665343620,+3.48,+17.011,+10.295,+0.960
1665343680,+3.48,+17.020,+10.252,+0.960
1665343740,+3.48,+17.020,+10.224,+0.960
1665343800,+3.48,+17.020,+10.247,+0.960
1665343860,+3.48,+17.028,+10.162,+0.961
1665343920,+3.48,+17.020,+10.205,+0.961
1665343980,+3.48,+17.028,+10.271,+0.960
1665344040,+3.48,+17.028,+10.316,+0.960
1665344100,+3.48,+17.037,+10.297,+0.961
1665344160,+3.48,+17.062,+10.227,+0.960
1665344220,+3.48,+17.020,+10.222,+0.961
1665344280,+3.48,+17.037,+10.199,+0.960
1665344340,+3.48,+17.037,+10.180,+0.961
1665344400,+3.48,+17.020,+10.271,+0.960
1665344460,+3.48,+17.011,+10.330,+0.960
1665344520,+3.48,+17.011,+10.368,+0.960
1665344580,+3.48,+17.020,+10.348,+0.961
1665344640,+3.48,+17.028,+10.325,+0.961
1665344700,+3.48,+17.003,+10.309,+0.960
1665344760,+3.48,+17.020,+10.265,+0.960
1665344820,+3.48,+17.011,+10.275,+0.961
1665344880,+3.48,+16.994,+10.246,+0.961
1665344940,+3.48,+17.003,+10.270,+0.961
1665345000,+3.48,+16.994,+10.317,+0.960
1665345060,+3.48,+17.003,+10.378,+0.961
1665345120,+3.48,+16.994,+10.400,+0.961
1665345180,+3.48,+16.994,+10.371,+0.961
1665345240,+3.48,+16.960,+10.361,+0.960
1665345300,+3.48,+16.986,+10.374,+0.961
1665345360,+3.48,+16.986,+10.384,+0.960
1665345420,+3.48,+17.003,+10.422,+0.961
1665345480,+3.48,+17.003,+10.430,+0.960
1665345540,+3.48,+17.020,+10.446,+0.961
1665345600,+3.48,+17.020,+10.448,+0.960
1665345660,+3.48,+17.028,+10.450,+0.961
1665345720,+3.48,+17.062,+10.453,+0.961
1665345780,+3.48,+17.062,+10.491,+0.961
1665345840,+3.48,+17.071,+10.507,+0.961
1665345900,+3.48,+17.079,+10.524,+0.961
1665345960,+3.48,+17.096,+10.540,+0.961
1665346020,+3.48,+17.087,+10.459,+0.961
1665346080,+3.48,+17.104,+10.417,+0.960
1665346140,+3.48,+17.113,+10.366,+0.961
1665346200,+3.48,+17.113,+10.366,+0.961
1665346260,+3.48,+17.113,+10.422,+0.961
1665346320,+3.48,+17.130,+10.345,+0.960
1665346380,+3.48,+17.130,+10.276,+0.961
1665346440,+3.48,+17.121,+10.220,+0.961
1665346500,+3.48,+17.121,+10.253,+0.960
1665346560,+3.48,+17.121,+10.175,+0.961
1665346620,+3.48,+17.138,+10.252,+0.960
1665346680,+3.48,+17.121,+10.353,+0.961
1665346740,+3.48,+17.138,+10.422,+0.961
1665346800,+3.48,+17.121,+10.438,+0.961
1665346860,+3.48,+17.138,+10.379,+0.961
1665346920,+3.48,+17.104,+10.536,+0.960
1665346980,+3.48,+17.121,+10.642,+0.961
1665347040,+3.48,+17.104,+10.685,+0.960
1665347100,+3.48,+17.113,+10.701,+0.961
1665347160,+3.48,+17.113,+10.639,+0.960
1665347220,+3.48,+17.130,+10.590,+0.960
1665347280,+3.48,+17.113,+10.681,+0.961
1665347340,+3.48,+17.087,+10.723,+0.961
1665347400,+3.48,+17.087,+10.704,+0.961
1665347460,+3.48,+17.079,+10.695,+0.960
1665347520,+3.48,+17.096,+10.715,+0.961
1665347580,+3.48,+17.104,+10.704,+0.960
1665347640,+3.48,+17.113,+10.706,+0.961
1665347700,+3.48,+17.121,+10.708,+0.961
1665347760,+3.48,+17.113,+10.700,+0.961
1665347820,+3.48,+17.121,+10.705,+0.961
1665347880,+3.48,+17.104,+10.727,+0.961
1665347940,+3.48,+17.096,+10.718,+0.961
1665348000,+3.48,+17.130,+10.686,+0.961
1665348060,+3.48,+17.130,+10.630,+0.960
1665348120,+3.48,+17.121,+10.595,+0.960
1665348180,+3.48,+17.104,+10.599,+0.960
1665348240,+3.48,+17.130,+10.626,+0.961
1665348300,+3.48,+17.164,+10.658,+0.960
1665348360,+3.48,+17.147,+10.712,+0.961
1665348420,+3.48,+17.155,+10.823,+0.961
1665348480,+3.48,+17.121,+10.792,+0.960
1665348540,+3.48,+17.121,+10.764,+0.961
1665348600,+3.48,+17.113,+10.834,+0.961
1665348660,+3.48,+17.130,+10.836,+0.961
1665348720,+3.48,+17.155,+10.786,+0.961
1665348780,+3.48,+17.164,+10.787,+0.960
1665348840,+3.48,+17.164,+10.793,+0.961
1665348900,+3.48,+17.147,+10.809,+0.961
1665348960,+3.48,+17.138,+10.809,+0.960
1665349020,+3.48,+17.138,+10.775,+0.961
1665349080,+3.48,+17.147,+10.735,+0.961
1665349140,+3.48,+17.138,+10.646,+0.961
1665349200,+3.48,+17.155,+10.626,+0.960
1665349260,+3.48,+17.147,+10.687,+0.961
1665349320,+3.48,+17.130,+10.750,+0.960
1665349380,+3.48,+17.147,+10.784,+0.961
1665349440,+3.48,+17.130,+10.810,+0.960
1665349500,+3.48,+17.121,+10.799,+0.960
1665349560,+3.48,+17.130,+10.784,+0.961
1665349620,+3.48,+17.121,+10.769,+0.961
1665349680,+3.48,+17.130,+10.761,+0.961
1665349740,+3.48,+17.147,+10.707,+0.961
1665349800,+3.48,+17.138,+10.691,+0.961
1665349860,+3.48,+17.138,+10.628,+0.961
1665349920,+3.48,+17.147,+10.568,+0.960
1665349980,+3.48,+17.155,+10.579,+0.960
1665350040,+3.48,+17.147,+10.646,+0.961
1665350100,+3.48,+17.147,+10.675,+0.961
1665350160,+3.48,+17.147,+10.684,+0.960
1665350220,+3.48,+17.147,+10.726,+0.961
1665350280,+3.48,+17.155,+10.692,+0.960
1665350340,+3.48,+17.164,+10.651,+0.960
1665350400,+3.48,+17.147,+10.627,+0.961
1665350460,+3.48,+17.155,+10.584,+0.960
1665350520,+3.48,+17.138,+10.573,+0.961
1665350580,+3.48,+17.104,+10.472,+0.960
1665350640,+3.48,+17.130,+10.086,+0.961
1665350700,+3.48,+17.121,+10.170,+0.960
1665350760,+3.48,+17.104,+10.211,+0.961
1665350820,+3.48,+17.096,+10.240,+0.960
1665350880,+3.48,+17.113,+10.292,+0.961
1665350940,+3.48,+17.096,+10.314,+0.961
1665351000,+3.48,+17.087,+10.309,+0.960
1665351060,+3.48,+17.071,+10.306,+0.961
1665351120,+3.48,+17.071,+10.288,+0.961
1665351180,+3.48,+17.054,+10.272,+0.961
1665351240,+3.48,+17.054,+10.258,+0.960
1665351300,+3.48,+17.079,+10.228,+0.961
1665351360,+3.48,+17.054,+10.241,+0.960
1665351420,+3.48,+17.037,+10.205,+0.960
1665351480,+3.48,+17.028,+10.251,+0.961
1665351540,+3.48,+17.037,+10.233,+0.960
1665351600,+3.48,+17.045,+10.179,+0.961
1665351660,+3.48,+17.028,+10.135,+0.961
1665351720,+3.48,+17.037,+10.075,+0.961
1665351780,+3.48,+17.011,+10.020,+0.960
1665351840,+3.48,+17.020,+10.028,+0.960
1665351900,+3.48,+17.011,+10.040,+0.960
1665351960,+3.48,+16.994,+10.120,+0.960
1665352020,+3.48,+17.020,+10.160,+0.960
1665352080,+3.48,+16.994,+10.208,+0.960
1665352140,+3.48,+16.977,+10.195,+0.960
1665352200,+3.48,+16.986,+10.121,+0.961
1665352260,+3.48,+16.977,+10.138,+0.960
1665352320,+3.48,+16.977,+10.135,+0.960
1665352380,+3.48,+16.960,+10.087,+0.960
1665352440,+3.48,+16.960,+10.065,+0.960
1665352500,+3.48,+16.969,+10.057,+0.961
1665352560,+3.48,+16.943,+10.055,+0.961
1665352620,+3.48,+16.977,+10.030,+0.960
1665352680,+3.48,+16.952,+10.079,+0.961
1665352740,+3.48,+16.935,+10.139,+0.961
1665352800,+3.48,+16.952,+10.138,+0.960
1665352860,+3.48,+16.960,+10.118,+0.960
1665352920,+3.48,+16.969,+10.071,+0.960
1665352980,+3.48,+16.969, +9.992,+0.961
1665353040,+3.48,+16.952, +9.899,+0.960
1665353100,+3.48,+16.952, +9.828,+0.960
1665353160,+3.48,+16.960, +9.823,+0.961
1665353220,+3.48,+16.969, +9.831,+0.960
1665353280,+3.48,+16.952, +9.859,+0.960
1665353340,+3.48,+16.952, +9.775,+0.961
1665353400,+3.48,+16.969, +9.772,+0.960
1665353460,+3.48,+16.977, +9.681,+0.960
1665353520,+3.48,+16.969, +9.628,+0.960
1665353580,+3.48,+16.969, +9.683,+0.960
1665353640,+3.48,+16.969, +9.645,+0.960
1665353700,+3.48,+16.952, +9.536,+0.960
1665353760,+3.48,+16.952, +9.633,+0.960
1665353820,+3.48,+16.969, +9.820,+0.960
1665353880,+3.48,+16.935, +9.928,+0.960
1665353940,+3.48,+16.943, +9.944,+0.961
1665354000,+3.48,+16.926, +9.939,+0.960
1665354060,+3.48,+16.960, +9.940,+0.961
1665354120,+3.48,+16.943, +9.953,+0.961
1665354180,+3.48,+16.960, +9.844,+0.961
1665354240,+3.48,+16.969, +9.730,+0.961
1665354300,+3.48,+16.977, +9.691,+0.961
1665354360,+3.48,+16.960, +9.656,+0.961
1665354420,+3.48,+16.977, +9.631,+0.961
1665354480,+3.48,+16.969, +9.722,+0.961
1665354540,+3.48,+16.977, +9.769,+0.961
1665354600,+3.48,+16.960, +9.859,+0.961
1665354660,+3.48,+16.960, +9.887,+0.960
1665354720,+3.48,+16.960, +9.882,+0.961
1665354780,+3.48,+16.960, +9.918,+0.961
1665354840,+3.48,+16.935, +9.979,+0.961
1665354900,+3.48,+16.952, +9.904,+0.961
1665354960,+3.48,+16.952, +9.852,+0.961
1665355020,+3.48,+16.969, +9.764,+0.961
1665355080,+3.48,+16.952, +9.812,+0.961
1665355140,+3.48,+16.952, +9.815,+0.961
1665355200,+3.48,+16.935, +9.801,+0.960
1665355260,+3.48,+16.960, +9.819,+0.960
1665355320,+3.48,+16.969, +9.790,+0.960
1665355380,+3.48,+16.960, +9.861,+0.960
1665355440,+3.48,+16.943, +9.842,+0.960
1665355500,+3.48,+16.952, +9.823,+0.960
1665355560,+3.48,+16.952, +9.707,+0.960
1665355620,+3.48,+16.952, +9.841,+0.960
1665355680,+3.48,+16.943, +9.889,+0.960
1665355740,+3.48,+16.952, +9.910,+0.961
1665355800,+3.48,+16.943, +9.921,+0.961
1665355860,+3.48,+16.935, +9.923,+0.961
1665355920,+3.48,+16.943, +9.883,+0.960
1665355980,+3.48,+16.926, +9.900,+0.960
1665356040,+3.48,+16.943, +9.922,+0.960
1665356100,+3.48,+16.935, +9.947,+0.960
1665356160,+3.48,+16.935, +9.947,+0.961
1665356220,+3.48,+16.926, +9.937,+0.960
1665356280,+3.48,+16.943, +9.960,+0.960
1665356340,+3.48,+16.935, +9.896,+0.961
1665356400,+3.48,+16.909, +9.914,+0.960
1665356460,+3.48,+16.935, +9.945,+0.960
1665356520,+3.48,+16.909, +9.964,+0.961
1665356580,+3.48,+16.918, +9.932,+0.960
1665356640,+3.48,+16.909, +9.908,+0.960
1665356700,+3.48,+16.918, +9.886,+0.961
1665356760,+3.48,+16.901, +9.830,+0.961
1665356820,+3.48,+16.918, +9.836,+0.960
1665356880,+3.48,+16.909, +9.834,+0.960
1665356940,+3.48,+16.918, +9.866,+0.960
1665357000,+3.48,+16.909, +9.899,+0.961
1665357060,+3.48,+16.935, +9.835,+0.960
1665357120,+3.48,+16.918, +9.862,+0.961
1665357180,+3.48,+16.892, +9.874,+0.961
1665357240,+3.48,+16.884, +9.883,+0.961
1665357300,+3.48,+16.918, +9.796,+0.960
1665357360,+3.48,+16.901, +9.806,+0.960
1665357420,+3.48,+16.892, +9.836,+0.960
1665357480,+3.48,+16.909, +9.881,+0.960
1665357540,+3.48,+16.892, +9.934,+0.961
1665357600,+3.48,+16.875, +9.932,+0.961
1665357660,+3.48,+16.867, +9.926,+0.961
1665357720,+3.48,+16.892, +9.900,+0.960
1665357780,+3.48,+16.875, +9.942,+0.960
1665357840,+3.48,+16.867, +9.959,+0.961
1665357900,+3.48,+16.867, +9.940,+0.960
1665357960,+3.48,+16.858, +9.953,+0.961
1665358020,+3.48,+16.850, +9.962,+0.960
1665358080,+3.48,+16.841, +9.973,+0.960
1665358140,+3.48,+16.850, +9.967,+0.961
1665358200,+3.48,+16.875, +9.969,+0.961
1665358260,+3.48,+16.850, +9.971,+0.960
1665358320,+3.48,+16.841, +9.949,+0.961
1665358380,+3.48,+16.850, +9.963,+0.961
1665358440,+3.48,+16.850,+10.002,+0.960
1665358500,+3.48,+16.850, +9.965,+0.960
1665358560,+3.48,+16.858, +9.963,+0.960
1665358620,+3.48,+16.841, +9.953,+0.960
1665358680,+3.48,+16.850, +9.939,+0.961
1665358740,+3.48,+16.841, +9.945,+0.960
1665358800,+3.48,+16.833, +9.961,+0.960
1665358860,+3.48,+16.824, +9.988,+0.961
1665358920,+3.48,+16.824, +9.981,+0.960
1665358980,+3.48,+16.824, +9.973,+0.961
1665359040,+3.48,+16.816, +9.962,+0.960
1665359100,+3.48,+16.824, +9.949,+0.961
1665359160,+3.48,+16.807, +9.919,+0.960
1665359220,+3.48,+16.816, +9.949,+0.960
1665359280,+3.48,+16.799, +9.890,+0.960
1665359340,+3.48,+16.807, +9.937,+0.961
1665359400,+3.47,+16.799, +9.928,+0.961
1665359460,+3.48,+16.790, +9.967,+0.961
1665359520,+3.47,+16.807, +9.976,+0.961
1665359580,+3.47,+16.782, +9.987,+0.960
1665359640,+3.47,+16.773,+10.020,+0.961
1665359700,+3.47,+16.765,+10.020,+0.961
1665359760,+3.47,+16.773, +9.965,+0.960
1665359820,+3.47,+16.773, +9.951,+0.960
1665359880,+3.47,+16.773, +9.941,+0.960
1665359940,+3.47,+16.748, +9.952,+0.961
1665360000,+3.47,+16.756, +9.959,+0.961
1665360060,+3.47,+16.773, +9.958,+0.961
1665360120,+3.47,+16.739, +9.986,+0.961
1665360180,+3.47,+16.748, +9.986,+0.960
1665360240,+3.47,+16.731, +9.973,+0.960
1665360300,+3.47,+16.739, +9.938,+0.960
1665360360,+3.47,+16.739, +9.970,+0.960
1665360420,+3.47,+16.748, +9.904,+0.960
1665360480,+3.47,+16.748, +9.883,+0.960
1665360540,+3.47,+16.731, +9.912,+0.961
1665360600,+3.47,+16.731, +9.940,+0.960
1665360660,+3.47,+16.714, +9.995,+0.960
1665360720,+3.47,+16.731, +9.973,+0.960
1665360780,+3.47,+16.739, +9.991,+0.960
1665360840,+3.47,+16.739,+10.001,+0.961
1665360900,+3.47,+16.722,+10.000,+0.961
1665360960,+3.47,+16.722,+10.018,+0.961
1665361020,+3.47,+16.705, +9.971,+0.960
1665361080,+3.47,+16.722, +9.903,+0.961
1665361140,+3.47,+16.705, +9.885,+0.960
1665361200,+3.47,+16.722, +9.876,+0.960
1665361260,+3.47,+16.722, +9.909,+0.961
1665361320,+3.47,+16.714, +9.925,+0.960
1665361380,+3.47,+16.714, +9.889,+0.960
1665361440,+3.47,+16.714, +9.848,+0.961
1665361500,+3.47,+16.714, +9.856,+0.961
1665361560,+3.47,+16.705, +9.851,+0.961
1665361620,+3.47,+16.714, +9.906,+0.961
1665361680,+3.47,+16.714, +9.929,+0.960
1665361740,+3.47,+16.705, +9.894,+0.960
1665361800,+3.47,+16.714, +9.714,+0.960
1665361860,+3.47,+16.697, +9.821,+0.961
1665361920,+3.47,+16.705, +9.943,+0.961
1665361980,+3.47,+16.680, +9.889,+0.961
1665362040,+3.47,+16.697, +9.912,+0.960
1665362100,+3.47,+16.697, +9.979,+0.960
1665362160,+3.47,+16.705, +9.976,+0.960
1665362220,+3.47,+16.680, +9.985,+0.961
1665362280,+3.47,+16.688,+10.018,+0.961
1665362340,+3.47,+16.697,+10.010,+0.961
1665362400,+3.47,+16.705, +9.977,+0.961
1665362460,+3.47,+16.705, +9.973,+0.960
1665362520,+3.47,+16.671, +9.995,+0.961
1665362580,+3.47,+16.697, +9.886,+0.961
1665362640,+3.47,+16.688, +9.865,+0.960
1665362700,+3.47,+16.688, +9.939,+0.961
1665362760,+3.47,+16.688, +9.911,+0.960
1665362820,+3.47,+16.680, +9.903,+0.960
1665362880,+3.47,+16.688, +9.916,+0.960
1665362940,+3.47,+16.680, +9.953,+0.961
1665363000,+3.47,+16.680, +9.956,+0.961
1665363060,+3.47,+16.680, +9.883,+0.961
1665363120,+3.47,+16.697, +9.830,+0.960
1665363180,+3.47,+16.688, +9.690,+0.961
1665363240,+3.47,+16.705, +9.670,+0.960
1665363300,+3.47,+16.705, +9.750,+0.960
1665363360,+3.47,+16.697, +9.792,+0.960
1665363420,+3.47,+16.671, +9.777,+0.961
1665363480,+3.47,+16.671, +9.855,+0.961
1665363540,+3.47,+16.688, +9.894,+0.961
1665363600,+3.47,+16.663, +9.889,+0.960
1665363660,+3.47,+16.688, +9.916,+0.961
1665363720,+3.47,+16.663, +9.947,+0.961
1665363780,+3.47,+16.671, +9.962,+0.960
1665363840,+3.47,+16.671, +9.998,+0.961
1665363900,+3.47,+16.671, +9.972,+0.961
1665363960,+3.47,+16.663, +9.886,+0.961
1665364020,+3.47,+16.671, +9.888,+0.960
1665364080,+3.47,+16.680, +9.866,+0.961
1665364140,+3.47,+16.654, +9.853,+0.960
1665364200,+3.47,+16.663, +9.884,+0.961
1665364260,+3.47,+16.663, +9.929,+0.961
1665364320,+3.47,+16.654, +9.856,+0.961
1665364380,+3.47,+16.680, +9.905,+0.960
1665364440,+3.47,+16.663, +9.909,+0.961
1665364500,+3.47,+16.671, +9.855,+0.960
1665364560,+3.47,+16.663, +9.971,+0.961
1665364620,+3.47,+16.671, +9.994,+0.961
1665364680,+3.47,+16.654, +9.951,+0.960
1665364740,+3.47,+16.671, +9.868,+0.960
1665364800,+3.47,+16.637, +9.857,+0.961
1665364860,+3.47,+16.671, +9.884,+0.961
1665364920,+3.47,+16.671, +9.855,+0.960
1665364980,+3.47,+16.688, +9.850,+0.961
1665365040,+3.47,+16.671, +9.933,+0.960
1665365100,+3.47,+16.663, +9.922,+0.960
1665365160,+3.47,+16.663, +9.909,+0.960
1665365220,+3.47,+16.646, +9.874,+0.960
1665365280,+3.47,+16.654, +9.839,+0.960
1665365340,+3.47,+16.654, +9.767,+0.960
1665365400,+3.47,+16.663, +9.717,+0.960
1665365460,+3.47,+16.646, +9.792,+0.960
1665365520,+3.47,+16.646, +9.788,+0.960
1665365580,+3.47,+16.654, +9.735,+0.960
1665365640,+3.47,+16.646, +9.660,+0.960
1665365700,+3.47,+16.646, +9.537,+0.960
1665365760,+3.47,+16.646, +9.640,+0.961
1665365820,+3.47,+16.637, +9.791,+0.960
1665365880,+3.47,+16.646, +9.811,+0.960
1665365940,+3.47,+16.620, +9.842,+0.961
1665366000,+3.47,+16.620, +9.907,+0.961
1665366060,+3.47,+16.637, +9.856,+0.960
1665366120,+3.47,+16.654, +9.845,+0.960
1665366180,+3.47,+16.629, +9.815,+0.961
1665366240,+3.47,+16.637, +9.703,+0.960
1665366300,+3.47,+16.620, +9.731,+0.961
1665366360,+3.47,+16.637, +9.745,+0.960
1665366420,+3.47,+16.646, +9.766,+0.961
1665366480,+3.47,+16.629, +9.721,+0.960
1665366540,+3.47,+16.629, +9.684,+0.960
1665366600,+3.47,+16.637, +9.745,+0.961
1665366660,+3.47,+16.663, +9.622,+0.960
1665366720,+3.47,+16.637, +9.593,+0.961
1665366780,+3.47,+16.637, +9.642,+0.961
1665366840,+3.47,+16.654, +9.655,+0.960
1665366900,+3.47,+16.646, +9.122,+0.960
1665366960,+3.47,+16.629, +9.245,+0.960
1665367020,+3.47,+16.637, +9.381,+0.961
1665367080,+3.47,+16.629, +9.482,+0.960
1665367140,+3.47,+16.646, +9.494,+0.960
1665367200,+3.47,+16.646, +9.524,+0.960
1665367260,+3.47,+16.637, +9.725,+0.960
1665367320,+3.47,+16.629, +9.779,+0.961
1665367380,+3.47,+16.629, +9.891,+0.961
1665367440,+3.47,+16.629, +9.869,+0.961
1665367500,+3.47,+16.637, +9.838,+0.961
1665367560,+3.47,+16.654, +9.840,+0.960
1665367620,+3.47,+16.637, +9.808,+0.961
1665367680,+3.47,+16.654, +9.784,+0.960
1665367740,+3.47,+16.629, +9.784,+0.961
1665367800,+3.47,+16.620, +9.764,+0.961
1665367860,+3.47,+16.637, +9.757,+0.961
1665367920,+3.47,+16.646, +9.769,+0.961
1665367980,+3.47,+16.654, +9.782,+0.961
1665368040,+3.47,+16.654, +9.684,+0.960
1665368100,+3.47,+16.671, +9.324,+0.961
1665368160,+3.47,+16.663, +9.098,+0.961
1665368220,+3.47,+16.663, +8.946,+0.960
1665368280,+3.47,+16.646, +8.944,+0.960
1665368340,+3.47,+16.646, +9.129,+0.960
1665368400,+3.47,+16.654, +9.237,+0.960
1665368460,+3.47,+16.654, +9.295,+0.960
1665368520,+3.47,+16.654, +9.210,+0.960
1665368580,+3.47,+16.663, +9.245,+0.961
1665368640,+3.47,+16.629, +9.440,+0.960
1665368700,+3.47,+16.637, +9.582,+0.960
1665368760,+3.47,+16.646, +9.478,+0.961
1665368820,+3.47,+16.629, +9.261,+0.960
1665368880,+3.47,+16.646, +9.111,+0.960
1665368940,+3.47,+16.663, +9.011,+0.960
1665369000,+3.47,+16.637, +9.423,+0.961
1665369060,+3.47,+16.637, +9.570,+0.960
1665369120,+3.47,+16.646, +9.645,+0.961
1665369180,+3.47,+16.637, +9.728,+0.960
1665369240,+3.47,+16.646, +9.701,+0.960
1665369300,+3.47,+16.646, +9.400,+0.960
1665369360,+3.47,+16.646, +9.341,+0.960
1665369420,+3.47,+16.637, +9.436,+0.960
1665369480,+3.47,+16.637, +9.542,+0.961
1665369540,+3.47,+16.646, +9.535,+0.960
1665369600,+3.47,+16.646, +9.481,+0.960
1665369660,+3.47,+16.646, +9.062,+0.960
1665369720,+3.47,+16.654, +8.531,+0.960
1665369780,+3.47,+16.654, +8.425,+0.960
1665369840,+3.47,+16.654, +8.301,+0.960
1665369900,+3.47,+16.646, +8.118,+0.959
1665369960,+3.47,+16.646, +8.097,+0.959
1665370020,+3.47,+16.646, +7.701,+0.959
1665370080,+3.47,+16.646, +7.783,+0.960
1665370140,+3.47,+16.603, +8.419,+0.960
1665370200,+3.47,+16.595, +8.794,+0.960
1665370260,+3.47,+16.595, +8.814,+0.960
1665370320,+3.47,+16.569, +8.867,+0.960
1665370380,+3.47,+16.569, +8.845,+0.960
1665370440,+3.47,+16.561, +8.931,+0.960
1665370500,+3.47,+16.569, +9.022,+0.960
1665370560,+3.47,+16.578, +9.167,+0.960
1665370620,+3.47,+16.569, +9.331,+0.961
1665370680,+3.47,+16.586, +9.424,+0.961
1665370740,+3.47,+16.552, +9.543,+0.960
1665370800,+3.47,+16.561, +9.613,+0.960
1665370860,+3.47,+16.561, +9.629,+0.960
1665370920,+3.47,+16.561, +9.669,+0.960
1665370980,+3.47,+16.552, +9.716,+0.961
1665371040,+3.47,+16.569, +9.690,+0.961
1665371100,+3.47,+16.561, +9.653,+0.961
1665371160,+3.47,+16.561, +9.427,+0.960
1665371220,+3.47,+16.569, +9.438,+0.960
1665371280,+3.47,+16.561, +9.460,+0.960
1665371340,+3.47,+16.561, +9.490,+0.961
1665371400,+3.47,+16.569, +9.538,+0.960
1665371460,+3.47,+16.561, +9.563,+0.961
1665371520,+3.47,+16.586, +9.637,+0.961
1665371580,+3.47,+16.578, +9.722,+0.961
1665371640,+3.47,+16.561, +9.751,+0.960
1665371700,+3.47,+16.552, +9.734,+0.961
1665371760,+3.47,+16.552, +9.618,+0.960
1665371820,+3.47,+16.552, +9.654,+0.960
1665371880,+3.47,+16.561, +9.712,+0.960
1665371940,+3.47,+16.544, +9.771,+0.961
1665372000,+3.47,+16.544, +9.784,+0.960
1665372060,+3.47,+16.544, +9.769,+0.960
1665372120,+3.47,+16.510, +9.788,+0.961
1665372180,+3.47,+16.527, +9.776,+0.960
1665372240,+3.47,+16.518, +9.800,+0.961
1665372300,+3.47,+16.527, +9.799,+0.960
1665372360,+3.47,+16.527, +9.792,+0.961
1665372420,+3.47,+16.535, +9.776,+0.960
1665372480,+3.47,+16.527, +9.761,+0.960
1665372540,+3.47,+16.535, +9.753,+0.960
1665372600,+3.47,+16.544, +9.760,+0.960
1665372660,+3.47,+16.527, +9.806,+0.961
1665372720,+3.47,+16.535, +9.824,+0.961
1665372780,+3.47,+16.535, +9.850,+0.961
1665372840,+3.47,+16.544, +9.828,+0.960
1665372900,+3.47,+16.552, +9.813,+0.960
1665372960,+3.47,+16.535, +9.817,+0.960
1665373020,+3.47,+16.561, +9.830,+0.961
1665373080,+3.47,+16.569, +9.846,+0.960
1665373140,+3.47,+16.552, +9.869,+0.960
1665373200,+3.47,+16.561, +9.857,+0.961
1665373260,+3.47,+16.569, +9.825,+0.960
1665373320,+3.47,+16.544, +9.829,+0.960
1665373380,+3.47,+16.544, +9.826,+0.960
1665373440,+3.47,+16.552, +9.827,+0.960
1665373500,+3.47,+16.569, +9.816,+0.960
1665373560,+3.47,+16.561, +9.736,+0.961
1665373620,+3.47,+16.552, +9.672,+0.961
1665373680,+3.47,+16.535, +9.526,+0.960
1665373740,+3.47,+16.578, +9.422,+0.960
1665373800,+3.47,+16.578, +9.525,+0.960
1665373860,+3.47,+16.569, +9.464,+0.960
1665373920,+3.47,+16.578, +8.810,+0.960
1665373980,+3.47,+16.569, +8.488,+0.960
1665374040,+3.47,+16.578, +8.484,+0.960
1665374100,+3.47,+16.586, +8.641,+0.960
1665374160,+3.47,+16.595, +8.710,+0.960
1665374220,+3.47,+16.586, +8.531,+0.960
1665374280,+3.47,+16.586, +8.406,+0.960
1665374340,+3.47,+16.595, +8.280,+0.960
1665374400,+3.47,+16.612, +8.196,+0.959
1665374460,+3.47,+16.586, +8.100,+0.960
1665374520,+3.47,+16.595, +8.043,+0.959
1665374580,+3.47,+16.603, +8.107,+0.960
1665374640,+3.47,+16.612, +8.215,+0.960
1665374700,+3.47,+16.578, +8.549,+0.960
1665374760,+3.47,+16.578, +8.997,+0.960
1665374820,+3.47,+16.595, +9.196,+0.960
1665374880,+3.47,+16.586, +9.445,+0.960
1665374940,+3.47,+16.595, +9.595,+0.961
1665375000,+3.47,+16.561, +9.439,+0.960
1665375060,+3.47,+16.586, +9.500,+0.960
1665375120,+3.47,+16.586, +9.640,+0.960
1665375180,+3.47,+16.586, +9.693,+0.961
1665375240,+3.47,+16.586, +9.709,+0.960
1665375300,+3.47,+16.595, +9.735,+0.961
1665375360,+3.47,+16.612, +9.693,+0.960
1665375420,+3.47,+16.586, +9.651,+0.961
1665375480,+3.47,+16.612, +9.622,+0.960
1665375540,+3.47,+16.612, +9.596,+0.960
1665375600,+3.47,+16.603, +9.546,+0.960
1665375660,+3.47,+16.603, +9.605,+0.961
1665375720,+3.47,+16.595, +9.642,+0.960
1665375780,+3.47,+16.603, +9.613,+0.960
1665375840,+3.47,+16.620, +9.622,+0.960
1665375900,+3.47,+16.620, +9.570,+0.960
1665375960,+3.47,+16.603, +9.510,+0.961
1665376020,+3.47,+16.612, +9.510,+0.960
1665376080,+3.47,+16.603, +9.543,+0.960
1665376140,+3.47,+16.603, +9.563,+0.960
1665376200,+3.47,+16.629, +9.587,+0.961
1665376260,+3.47,+16.603, +9.577,+0.961
1665376320,+3.47,+16.620, +9.486,+0.960
1665376380,+3.47,+16.603, +9.483,+0.960
1665376440,+3.47,+16.620, +9.497,+0.960
1665376500,+3.47,+16.595, +9.505,+0.960
1665376560,+3.47,+16.620, +9.506,+0.960
1665376620,+3.47,+16.620, +9.479,+0.960
1665376680,+3.47,+16.620, +9.479,+0.960
1665376740,+3.47,+16.629, +9.485,+0.960
1665376800,+3.47,+16.620, +9.493,+0.960
1665376860,+3.47,+16.646, +9.466,+0.960
1665376920,+3.47,+16.620, +9.457,+0.960
1665376980,+3.47,+16.620, +9.505,+0.960
1665377040,+3.47,+16.620, +9.546,+0.960
1665377100,+3.47,+16.646, +9.583,+0.960
1665377160,+3.47,+16.612, +9.606,+0.960
1665377220,+3.47,+16.612, +9.622,+0.961
1665377280,+3.47,+16.620, +9.622,+0.960
1665377340,+3.47,+16.620, +9.609,+0.960
1665377400,+3.47,+16.637, +9.574,+0.960
1665377460,+3.47,+16.629, +9.612,+0.960
1665377520,+3.47,+16.629, +9.614,+0.960
1665377580,+3.47,+16.620, +9.601,+0.961
1665377640,+3.47,+16.637, +9.580,+0.961
1665377700,+3.47,+16.629, +9.537,+0.960
1665377760,+3.47,+16.637, +9.547,+0.960
1665377820,+3.47,+16.637, +9.555,+0.960
1665377880,+3.47,+16.637, +9.533,+0.961
1665377940,+3.47,+16.637, +9.523,+0.960
1665378000,+3.47,+16.646, +9.529,+0.960
1665378060,+3.47,+16.620, +9.567,+0.960
1665378120,+3.47,+16.637, +9.604,+0.960
1665378180,+3.47,+16.620, +9.582,+0.960
1665378240,+3.47,+16.629, +9.498,+0.960
1665378300,+3.47,+16.620, +9.446,+0.960
1665378360,+3.47,+16.629, +9.399,+0.960
1665378420,+3.47,+16.620, +9.328,+0.960
1665378480,+3.47,+16.629, +9.284,+0.961
1665378540,+3.47,+16.629, +9.250,+0.960
1665378600,+3.47,+16.637, +9.263,+0.960
1665378660,+3.47,+16.629, +9.223,+0.960
1665378720,+3.47,+16.620, +9.091,+0.960
1665378780,+3.47,+16.646, +8.902,+0.960
1665378840,+3.47,+16.637, +8.858,+0.960
1665378900,+3.47,+16.637, +9.015,+0.960
1665378960,+3.47,+16.637, +9.205,+0.960
1665379020,+3.47,+16.612, +9.322,+0.960
1665379080,+3.47,+16.646, +9.415,+0.960
1665379140,+3.47,+16.620, +9.495,+0.960
1665379200,+3.47,+16.612, +9.543,+0.960
1665379260,+3.47,+16.637, +9.556,+0.960
1665379320,+3.47,+16.629, +9.572,+0.961
1665379380,+3.47,+16.612, +9.627,+0.960
1665379440,+3.47,+16.620, +9.636,+0.960
1665379500,+3.47,+16.620, +9.639,+0.960
1665379560,+3.47,+16.612, +9.629,+0.960
1665379620,+3.47,+16.620, +9.634,+0.960
1665379680,+3.47,+16.612, +9.635,+0.960
1665379740,+3.47,+16.629, +9.623,+0.960
1665379800,+3.47,+16.620, +9.595,+0.960
1665379860,+3.47,+16.612, +9.610,+0.960
1665379920,+3.47,+16.629, +9.637,+0.960
1665379980,+3.47,+16.620, +9.649,+0.960
1665380040,+3.47,+16.595, +9.635,+0.961
1665380100,+3.47,+16.603, +9.605,+0.961
1665380160,+3.47,+16.612, +9.592,+0.960
1665380220,+3.47,+16.612, +9.559,+0.961
1665380280,+3.47,+16.612, +9.562,+0.961
1665380340,+3.47,+16.603, +9.548,+0.960
1665380400,+3.47,+16.603, +9.520,+0.960
1665380460,+3.47,+16.595, +9.537,+0.961
1665380520,+3.47,+16.595, +9.570,+0.960
1665380580,+3.47,+16.612, +9.557,+0.960
1665380640,+3.47,+16.586, +9.524,+0.960
1665380700,+3.47,+16.603, +9.545,+0.961
1665380760,+3.47,+16.603, +9.531,+0.960
1665380820,+3.47,+16.595, +9.550,+0.960
1665380880,+3.47,+16.612, +9.551,+0.960
1665380940,+3.47,+16.620, +9.587,+0.960
1665381000,+3.47,+16.595, +9.594,+0.960
1665381060,+3.47,+16.612, +9.563,+0.961
1665381120,+3.47,+16.578, +9.607,+0.961
1665381180,+3.47,+16.603, +9.648,+0.961
1665381240,+3.47,+16.595, +9.674,+0.961
1665381300,+3.47,+16.586, +9.706,+0.961
1665381360,+3.47,+16.586, +9.705,+0.960
1665381420,+3.47,+16.595, +9.706,+0.961
1665381480,+3.47,+16.595, +9.708,+0.960
1665381540,+3.47,+16.595, +9.736,+0.961
1665381600,+3.47,+16.595, +9.734,+0.961
1665381660,+3.47,+16.578, +9.731,+0.960
1665381720,+3.47,+16.578, +9.726,+0.960
1665381780,+3.47,+16.586, +9.706,+0.960
1665381840,+3.47,+16.569, +9.703,+0.960
1665381900,+3.47,+16.578, +9.689,+0.960
1665381960,+3.47,+16.578, +9.627,+0.960
1665382020,+3.47,+16.595, +9.567,+0.961
1665382080,+3.47,+16.603, +9.553,+0.961
1665382140,+3.47,+16.595, +9.487,+0.960
1665382200,+3.47,+16.603, +9.503,+0.961
1665382260,+3.47,+16.586, +9.557,+0.960
1665382320,+3.47,+16.595, +9.526,+0.960
1665382380,+3.47,+16.586, +9.514,+0.960
1665382440,+3.47,+16.603, +9.437,+0.960
1665382500,+3.47,+16.586, +9.438,+0.961
1665382560,+3.47,+16.595, +9.431,+0.960
1665382620,+3.47,+16.586, +9.445,+0.960
1665382680,+3.47,+16.603, +9.409,+0.960
1665382740,+3.47,+16.586, +9.408,+0.960
1665382800,+3.47,+16.612, +9.433,+0.960
1665382860,+3.47,+16.586, +9.446,+0.960
1665382920,+3.47,+16.586, +9.437,+0.960
1665382980,+3.47,+16.595, +9.456,+0.960
1665383040,+3.47,+16.612, +9.443,+0.960
1665383100,+3.47,+16.629, +9.425,+0.960
1665383160,+3.47,+16.637, +9.368,+0.961
1665383220,+3.47,+16.637, +9.322,+0.960
1665383280,+3.47,+16.646, +9.301,+0.960
1665383340,+3.47,+16.654, +9.311,+0.960
1665383400,+3.47,+16.646, +9.300,+0.960
1665383460,+3.47,+16.654, +9.269,+0.960
1665383520,+3.47,+16.654, +9.262,+0.960
1665383580,+3.47,+16.663, +9.207,+0.960
1665383640,+3.47,+16.680, +9.134,+0.960
1665383700,+3.47,+16.680, +9.080,+0.960
1665383760,+3.47,+16.680, +9.040,+0.960
1665383820,+3.47,+16.688, +9.021,+0.960
1665383880,+3.47,+16.688, +8.969,+0.960
1665383940,+3.47,+16.680, +8.912,+0.960
1665384000,+3.47,+16.705, +8.864,+0.960
1665384060,+3.47,+16.705, +8.846,+0.960
1665384120,+3.47,+16.697, +8.856,+0.960
1665384180,+3.47,+16.705, +8.853,+0.960
1665384240,+3.47,+16.697, +8.790,+0.960
1665384300,+3.47,+16.688, +8.782,+0.960
1665384360,+3.47,+16.697, +8.756,+0.960
1665384420,+3.47,+16.705, +8.718,+0.960
1665384480,+3.47,+16.714, +8.639,+0.960
1665384540,+3.47,+16.705, +8.481,+0.960
1665384600,+3.47,+16.697, +8.324,+0.960
1665384660,+3.47,+16.714, +8.021,+0.960
1665384720,+3.47,+16.705, +7.808,+0.960
1665384780,+3.47,+16.714, +7.724,+0.960
1665384840,+3.47,+16.688, +7.562,+0.960
1665384900,+3.47,+16.714, +7.508,+0.959
1665384960,+3.47,+16.697, +7.467,+0.959
1665385020,+3.47,+16.714, +7.311,+0.959
1665385080,+3.47,+16.705, +7.280,+0.959
1665385140,+3.47,+16.688, +7.274,+0.959
1665385200,+3.47,+16.680, +7.280,+0.959
1665385260,+3.47,+16.714, +7.218,+0.959
1665385320,+3.47,+16.705, +7.086,+0.959
1665385380,+3.47,+16.731, +6.926,+0.959
1665385440,+3.47,+16.714, +6.998,+0.959
1665385500,+3.47,+16.714, +7.192,+0.960
1665385560,+3.47,+16.714, +7.499,+0.960
1665385620,+3.47,+16.697, +7.456,+0.960
1665385680,+3.47,+16.697, +7.437,+0.960
1665385740,+3.47,+16.705, +7.814,+0.960
1665385800,+3.47,+16.705, +8.083,+0.960
1665385860,+3.47,+16.714, +8.130,+0.960
1665385920,+3.47,+16.697, +8.154,+0.960
1665385980,+3.47,+16.697, +8.211,+0.960
1665386040,+3.47,+16.697, +8.251,+0.960
1665386100,+3.47,+16.705, +8.281,+0.960
1665386160,+3.47,+16.705, +8.181,+0.960
1665386220,+3.47,+16.697, +8.258,+0.961
1665386280,+3.47,+16.697, +8.440,+0.960
1665386340,+3.47,+16.705, +8.633,+0.960
1665386400,+3.47,+16.714, +8.807,+0.960
1665386460,+3.47,+16.697, +8.914,+0.960
1665386520,+3.47,+16.705, +8.959,+0.960
1665386580,+3.47,+16.697, +8.977,+0.960
1665386640,+3.47,+16.697, +8.979,+0.960
1665386700,+3.47,+16.714, +8.965,+0.960
1665386760,+3.47,+16.714, +8.959,+0.960
1665386820,+3.47,+16.705, +8.977,+0.960
1665386880,+3.47,+16.697, +8.982,+0.960
1665386940,+3.47,+16.705, +8.927,+0.960
1665387000,+3.47,+16.697, +8.933,+0.960
1665387060,+3.47,+16.697, +8.963,+0.961
1665387120,+3.47,+16.722, +8.993,+0.960
1665387180,+3.47,+16.705, +9.021,+0.960
1665387240,+3.47,+16.722, +8.999,+0.960
1665387300,+3.47,+16.731, +8.896,+0.960
1665387360,+3.47,+16.748, +8.663,+0.960
1665387420,+3.47,+16.714, +8.326,+0.959
1665387480,+3.47,+16.722, +7.663,+0.959
1665387540,+3.47,+16.739, +7.134,+0.960
1665387600,+3.47,+16.731, +7.134,+0.960
1665387660,+3.47,+16.739, +7.181,+0.959
1665387720,+3.47,+16.756, +7.620,+0.960
1665387780,+3.47,+16.731, +8.005,+0.960
1665387840,+3.47,+16.739, +8.223,+0.960
1665387900,+3.47,+16.722, +8.364,+0.960
1665387960,+3.47,+16.748, +8.451,+0.960
1665388020,+3.47,+16.756, +8.522,+0.960
1665388080,+3.47,+16.756, +8.537,+0.960
1665388140,+3.47,+16.773, +8.554,+0.960
1665388200,+3.47,+16.773, +8.570,+0.960
1665388260,+3.47,+16.782, +8.560,+0.960
1665388320,+3.47,+16.782, +8.504,+0.960
1665388380,+3.47,+16.773, +8.456,+0.960
1665388440,+3.47,+16.765, +8.439,+0.960
1665388500,+3.47,+16.790, +8.445,+0.960
1665388560,+3.47,+16.765, +8.454,+0.960
1665388620,+3.47,+16.773, +8.444,+0.960
1665388680,+3.47,+16.773, +8.427,+0.960
1665388740,+3.47,+16.799, +8.400,+0.960
1665388800,+3.47,+16.782, +8.413,+0.960
1665388860,+3.47,+16.790, +8.339,+0.960
1665388920,+3.47,+16.782, +8.128,+0.960
1665388980,+3.47,+16.773, +7.987,+0.960
1665389040,+3.47,+16.816, +7.990,+0.959
1665389100,+3.47,+16.799, +8.067,+0.960
1665389160,+3.47,+16.799, +8.105,+0.959
1665389220,+3.47,+16.807, +7.987,+0.960
1665389280,+3.47,+16.790, +7.894,+0.960
1665389340,+3.47,+16.782, +7.554,+0.960
1665389400,+3.47,+16.790, +7.189,+0.960
1665389460,+3.47,+16.782, +7.071,+0.960
1665389520,+3.47,+16.807, +7.042,+0.960
1665389580,+3.47,+16.782, +7.032,+0.960
1665389640,+3.47,+16.782, +6.860,+0.959
1665389700,+3.47,+16.807, +6.687,+0.959
1665389760,+3.47,+16.807, +6.534,+0.959
1665389820,+3.47,+16.790, +6.488,+0.960
1665389880,+3.47,+16.790, +6.390,+0.960
1665389940,+3.47,+16.790, +6.187,+0.959
1665390000,+3.47,+16.790, +6.147,+0.959
1665390060,+3.47,+16.790, +6.161,+0.959
1665390120,+3.47,+16.782, +6.075,+0.959
1665390180,+3.47,+16.799, +5.932,+0.959
1665390240,+3.47,+16.799, +5.789,+0.959
1665390300,+3.47,+16.799, +5.717,+0.959
1665390360,+3.47,+16.799, +5.696,+0.959
1665390420,+3.47,+16.799, +5.574,+0.959
1665390480,+3.47,+16.782, +5.409,+0.960
1665390540,+3.47,+16.765, +5.461,+0.960
1665390600,+3.47,+16.773, +5.423,+0.959
1665390660,+3.47,+16.756, +5.457,+0.959
1665390720,+3.47,+16.756, +5.523,+0.959
1665390780,+3.47,+16.756, +5.537,+0.959
1665390840,+3.47,+16.756, +5.507,+0.959
1665390900,+3.47,+16.739, +5.476,+0.959
1665390960,+3.47,+16.705, +6.050,+0.959
1665391020,+3.47,+16.714, +6.172,+0.959
1665391080,+3.47,+16.680, +6.223,+0.960
1665391140,+3.47,+16.663, +6.637,+0.959
1665391200,+3.47,+16.654, +6.990,+0.960
1665391260,+3.47,+16.637, +7.184,+0.960
1665391320,+3.47,+16.646, +7.137,+0.959
1665391380,+3.47,+16.629, +6.999,+0.960
1665391440,+3.47,+16.603, +7.103,+0.960
1665391500,+3.47,+16.578, +7.422,+0.960
1665391560,+3.47,+16.569, +7.500,+0.960
1665391620,+3.47,+16.586, +7.509,+0.960
1665391680,+3.47,+16.569, +7.432,+0.960
1665391740,+3.47,+16.544, +7.379,+0.960
1665391800,+3.47,+16.544, +7.452,+0.960
1665391860,+3.47,+16.544, +7.418,+0.960
1665391920,+3.47,+16.535, +7.382,+0.959
1665391980,+3.47,+16.518, +7.336,+0.959
1665392040,+3.47,+16.518, +7.330,+0.960
1665392100,+3.47,+16.527, +7.284,+0.959
1665392160,+3.47,+16.501, +6.968,+0.960
1665392220,+3.47,+16.510, +6.697,+0.959
1665392280,+3.47,+16.501, +6.534,+0.960
1665392340,+3.47,+16.501, +6.291,+0.959
1665392400,+3.47,+16.493, +6.070,+0.959
1665392460,+3.47,+16.510, +6.079,+0.959
1665392520,+3.47,+16.484, +5.950,+0.959
1665392580,+3.47,+16.501, +5.773,+0.959
1665392640,+3.47,+16.501, +5.703,+0.959
1665392700,+3.47,+16.484, +6.627,+0.960
1665392760,+3.47,+16.493, +6.934,+0.960
1665392820,+3.47,+16.484, +6.947,+0.960
1665392880,+3.47,+16.501, +6.901,+0.960
1665392940,+3.47,+16.493, +6.687,+0.960
1665393000,+3.47,+16.467, +6.717,+0.960
1665393060,+3.47,+16.484, +6.995,+0.960
1665393120,+3.47,+16.467, +7.343,+0.960
1665393180,+3.47,+16.467, +7.782,+0.960
1665393240,+3.47,+16.459, +8.344,+0.960
1665393300,+3.47,+16.476, +8.519,+0.960
1665393360,+3.47,+16.476, +8.249,+0.960
1665393420,+3.47,+16.467, +7.789,+0.960
1665393480,+3.47,+16.433, +7.757,+0.960
1665393540,+3.47,+16.416, +8.328,+0.960
1665393600,+3.47,+16.425, +8.792,+0.960
1665393660,+3.47,+16.408, +9.045,+0.961
1665393720,+3.47,+16.425, +9.080,+0.960
1665393780,+3.47,+16.425, +8.957,+0.960
1665393840,+3.47,+16.416, +9.041,+0.960
1665393900,+3.47,+16.399, +9.132,+0.960
1665393960,+3.48,+16.399, +9.195,+0.960
1665394020,+3.47,+16.408, +9.241,+0.960
1665394080,+3.47,+16.399, +9.239,+0.960
1665394140,+3.47,+16.433, +9.236,+0.960
1665394200,+3.47,+16.408, +9.209,+0.960
1665394260,+3.48,+16.408, +9.186,+0.960
1665394320,+3.47,+16.416, +9.215,+0.961
1665394380,+3.47,+16.425, +9.269,+0.960
1665394440,+3.47,+16.425, +9.315,+0.960
1665394500,+3.47,+16.442, +9.285,+0.960
1665394560,+3.47,+16.425, +9.332,+0.960
1665394620,+3.47,+16.433, +9.321,+0.960
1665394680,+3.47,+16.416, +9.305,+0.960
1665394740,+3.47,+16.425, +9.299,+0.960
1665394800,+3.47,+16.425, +9.320,+0.960
1665394860,+3.47,+16.416, +9.332,+0.960
1665394920,+3.47,+16.425, +9.355,+0.960
1665394980,+3.47,+16.450, +9.384,+0.960
1665395040,+3.47,+16.433, +9.420,+0.960
1665395100,+3.47,+16.425, +9.428,+0.960
1665395160,+3.47,+16.433, +9.417,+0.960
1665395220,+3.47,+16.442, +9.431,+0.960
1665395280,+3.47,+16.433, +9.448,+0.960
1665395340,+3.47,+16.450, +9.452,+0.960
1665395400,+3.47,+16.450, +9.422,+0.960
1665395460,+3.47,+16.442, +9.394,+0.960
1665395520,+3.47,+16.484, +9.349,+0.961
1665395580,+3.47,+16.467, +9.323,+0.960
1665395640,+3.47,+16.467, +9.260,+0.960
1665395700,+3.47,+16.467, +9.247,+0.960
1665395760,+3.47,+16.450, +9.238,+0.960
1665395820,+3.47,+16.442, +9.298,+0.960
1665395880,+3.47,+16.459, +9.339,+0.960
1665395940,+3.47,+16.442, +9.341,+0.960
1665396000,+3.47,+16.450, +9.269,+0.961
1665396060,+3.47,+16.450, +9.306,+0.961
1665396120,+3.47,+16.450, +9.334,+0.960
1665396180,+3.47,+16.442, +9.302,+0.960
1665396240,+3.47,+16.442, +9.289,+0.961
1665396300,+3.47,+16.433, +9.165,+0.960
1665396360,+3.47,+16.450, +9.046,+0.960
1665396420,+3.47,+16.442, +9.086,+0.960
1665396480,+3.47,+16.459, +9.050,+0.960
1665396540,+3.47,+16.450, +8.970,+0.960
1665396600,+3.47,+16.442, +9.103,+0.960
1665396660,+3.47,+16.442, +9.163,+0.960
1665396720,+3.47,+16.442, +9.166,+0.960
1665396780,+3.47,+16.442, +9.116,+0.960
1665396840,+3.47,+16.442, +9.023,+0.960
1665396900,+3.47,+16.459, +9.071,+0.960
1665396960,+3.47,+16.433, +9.232,+0.960
1665397020,+3.47,+16.442, +9.251,+0.960
1665397080,+3.47,+16.442, +9.224,+0.961
1665397140,+3.47,+16.450, +9.201,+0.960
1665397200,+3.47,+16.433, +9.220,+0.960
1665397260,+3.47,+16.433, +9.237,+0.960
1665397320,+3.47,+16.450, +9.163,+0.960
1665397380,+3.47,+16.442, +9.194,+0.960
1665397440,+3.47,+16.425, +9.253,+0.961
1665397500,+3.47,+16.433, +9.224,+0.960
1665397560,+3.47,+16.425, +9.192,+0.961
1665397620,+3.47,+16.433, +9.127,+0.960
1665397680,+3.47,+16.433, +9.042,+0.960
1665397740,+3.47,+16.442, +8.959,+0.960
1665397800,+3.47,+16.442, +9.014,+0.960
1665397860,+3.47,+16.450, +9.054,+0.960
1665397920,+3.47,+16.450, +9.083,+0.960
1665397980,+3.47,+16.442, +9.173,+0.960
1665398040,+3.47,+16.425, +9.195,+0.960
1665398100,+3.47,+16.433, +9.245,+0.960
1665398160,+3.47,+16.433, +9.269,+0.960
1665398220,+3.47,+16.416, +9.325,+0.960
1665398280,+3.47,+16.408, +9.346,+0.960
1665398340,+3.47,+16.399, +9.351,+0.960
1665398400,+3.47,+16.408, +9.290,+0.960
1665398460,+3.47,+16.408, +9.281,+0.960
1665398520,+3.47,+16.408, +9.257,+0.960
1665398580,+3.47,+16.416, +9.237,+0.961
1665398640,+3.47,+16.425, +9.141,+0.960
1665398700,+3.47,+16.425, +9.177,+0.960
1665398760,+3.47,+16.408, +9.244,+0.960
1665398820,+3.47,+16.425, +9.082,+0.960
1665398880,+3.47,+16.399, +8.917,+0.960
1665398940,+3.47,+16.425, +8.780,+0.960
1665399000,+3.48,+16.416, +8.938,+0.960
1665399060,+3.47,+16.408, +9.064,+0.960
1665399120,+3.48,+16.408, +9.108,+0.960
1665399180,+3.47,+16.399, +9.144,+0.960
1665399240,+3.47,+16.416, +9.068,+0.960
1665399300,+3.47,+16.416, +9.096,+0.960
1665399360,+3.47,+16.408, +9.075,+0.960
1665399420,+3.47,+16.433, +9.069,+0.961
1665399480,+3.47,+16.408, +9.137,+0.960
1665399540,+3.48,+16.416, +9.177,+0.960
1665399600,+3.47,+16.416, +9.043,+0.960
1665399660,+3.47,+16.391, +9.191,+0.960
1665399720,+3.47,+16.408, +9.194,+0.960
1665399780,+3.47,+16.391, +9.076,+0.960
1665399840,+3.47,+16.408, +9.057,+0.960
1665399900,+3.47,+16.399, +9.139,+0.960
1665399960,+3.47,+16.408, +9.158,+0.960
1665400020,+3.47,+16.382, +9.190,+0.961
1665400080,+3.47,+16.391, +9.165,+0.960
1665400140,+3.47,+16.391, +9.170,+0.960
1665400200,+3.47,+16.408, +9.113,+0.960
1665400260,+3.47,+16.416, +8.962,+0.960
1665400320,+3.47,+16.425, +8.938,+0.960
1665400380,+3.47,+16.433, +8.999,+0.960
1665400440,+3.47,+16.425, +8.977,+0.960
1665400500,+3.47,+16.416, +9.127,+0.960
1665400560,+3.47,+16.391, +9.228,+0.960
1665400620,+3.47,+16.382, +9.220,+0.960
1665400680,+3.47,+16.408, +9.170,+0.961
1665400740,+3.47,+16.433, +9.067,+0.960
1665400800,+3.47,+16.433, +9.033,+0.960
1665400860,+3.47,+16.382, +9.126,+0.961
1665400920,+3.47,+16.399, +9.176,+0.961
1665400980,+3.47,+16.425, +9.188,+0.960
1665401040,+3.47,+16.416, +9.164,+0.960
1665401100,+3.47,+16.425, +9.089,+0.960
1665401160,+3.47,+16.442, +9.003,+0.960
1665401220,+3.47,+16.408, +9.071,+0.960
1665401280,+3.47,+16.399, +9.121,+0.960
1665401340,+3.47,+16.425, +9.073,+0.960
1665401400,+3.47,+16.450, +9.011,+0.960
1665401460,+3.47,+16.442, +8.943,+0.961
1665401520,+3.47,+16.450, +8.915,+0.960
1665401580,+3.47,+16.467, +8.843,+0.960
1665401640,+3.47,+16.476, +8.773,+0.960
1665401700,+3.47,+16.518, +8.758,+0.960
1665401760,+3.47,+16.527, +8.657,+0.960
1665401820,+3.47,+16.535, +8.655,+0.960
1665401880,+3.47,+16.552, +8.569,+0.960
1665401940,+3.47,+16.586, +8.493,+0.961
1665402000,+3.47,+16.603, +8.399,+0.960
1665402060,+3.47,+16.629, +8.391,+0.960
1665402120,+3.47,+16.637, +8.386,+0.960
1665402180,+3.47,+16.637, +8.418,+0.960
1665402240,+3.47,+16.646, +8.465,+0.960
1665402300,+3.47,+16.654, +8.564,+0.960
1665402360,+3.47,+16.620, +8.695,+0.960
1665402420,+3.47,+16.637, +8.717,+0.960
1665402480,+3.47,+16.620, +8.775,+0.960
1665402540,+3.47,+16.629, +8.862,+0.960
1665402600,+3.47,+16.629, +8.890,+0.960
1665402660,+3.47,+16.629, +8.924,+0.960
1665402720,+3.47,+16.620, +8.937,+0.960
1665402780,+3.47,+16.603, +8.933,+0.960
1665402840,+3.47,+16.612, +8.894,+0.960
1665402900,+3.47,+16.612, +8.924,+0.960
1665402960,+3.47,+16.603, +8.900,+0.960
1665403020,+3.47,+16.595, +8.951,+0.960
1665403080,+3.47,+16.578, +9.021,+0.960
1665403140,+3.47,+16.578, +9.057,+0.960
1665403200,+3.47,+16.595, +9.000,+0.960
1665403260,+3.47,+16.569, +8.994,+0.960
1665403320,+3.47,+16.578, +8.976,+0.960
1665403380,+3.47,+16.552, +8.960,+0.960
1665403440,+3.47,+16.561, +8.923,+0.960
1665403500,+3.47,+16.569, +8.941,+0.960
1665403560,+3.47,+16.552, +8.930,+0.960
1665403620,+3.47,+16.552, +8.948,+0.960
1665403680,+3.47,+16.569, +8.936,+0.960
1665403740,+3.47,+16.552, +8.937,+0.960
1665403800,+3.47,+16.561, +8.889,+0.960
1665403860,+3.47,+16.544, +8.901,+0.960
1665403920,+3.47,+16.561, +8.915,+0.960
1665403980,+3.47,+16.561, +8.859,+0.960
1665404040,+3.47,+16.552, +8.894,+0.960
1665404100,+3.47,+16.518, +8.933,+0.960
1665404160,+3.47,+16.527, +8.889,+0.960
1665404220,+3.47,+16.527, +8.915,+0.960
1665404280,+3.47,+16.527, +8.910,+0.960
1665404340,+3.47,+16.527, +8.925,+0.960
1665404400,+3.47,+16.510, +8.928,+0.960
1665404460,+3.47,+16.510, +8.938,+0.960
1665404520,+3.47,+16.501, +8.951,+0.960
1665404580,+3.47,+16.510, +8.937,+0.960
1665404640,+3.47,+16.493, +8.950,+0.960
1665404700,+3.47,+16.501, +8.908,+0.960
1665404760,+3.47,+16.484, +8.919,+0.960
1665404820,+3.47,+16.476, +8.969,+0.960
1665404880,+3.47,+16.476, +8.969,+0.960
1665404940,+3.47,+16.476, +9.048,+0.960
1665405000,+3.47,+16.476, +9.063,+0.960
1665405060,+3.47,+16.459, +9.118,+0.960
1665405120,+3.47,+16.450, +9.155,+0.960
1665405180,+3.47,+16.450, +9.130,+0.960
1665405240,+3.47,+16.459, +9.125,+0.960
1665405300,+3.47,+16.442, +9.073,+0.960
1665405360,+3.47,+16.459, +9.051,+0.960
1665405420,+3.47,+16.433, +9.040,+0.960
1665405480,+3.47,+16.433, +9.029,+0.960
1665405540,+3.47,+16.442, +9.043,+0.959
1665405600,+3.47,+16.442, +9.033,+0.960
1665405660,+3.47,+16.450, +9.034,+0.960
1665405720,+3.47,+16.433, +9.041,+0.960
1665405780,+3.47,+16.433, +9.030,+0.960
1665405840,+3.47,+16.416, +9.093,+0.961
1665405900,+3.47,+16.399, +9.213,+0.960
1665405960,+3.47,+16.399, +9.212,+0.960
1665406020,+3.47,+16.382, +9.233,+0.960
1665406080,+3.47,+16.391, +9.218,+0.960
1665406140,+3.47,+16.365, +9.244,+0.960
1665406200,+3.47,+16.357, +9.255,+0.960
1665406260,+3.47,+16.365, +9.215,+0.961
1665406320,+3.47,+16.391, +9.010,+0.960
1665406380,+3.47,+16.374, +8.567,+0.960
1665406440,+3.47,+16.365, +8.441,+0.960
1665406500,+3.47,+16.365, +8.304,+0.960
1665406560,+3.47,+16.382, +8.260,+0.960
1665406620,+3.47,+16.374, +8.046,+0.960
1665406680,+3.47,+16.374, +7.970,+0.960
1665406740,+3.47,+16.365, +8.087,+0.960
1665406800,+3.47,+16.357, +8.114,+0.959
1665406860,+3.47,+16.348, +8.104,+0.960
1665406920,+3.47,+16.340, +8.414,+0.960
1665406980,+3.47,+16.314, +8.429,+0.960
1665407040,+3.47,+16.323, +8.258,+0.960
1665407100,+3.47,+16.305, +8.145,+0.960
1665407160,+3.47,+16.323, +8.147,+0.960
1665407220,+3.47,+16.314, +8.148,+0.960
1665407280,+3.47,+16.297, +8.146,+0.960
1665407340,+3.47,+16.297, +8.368,+0.959
1665407400,+3.47,+16.271, +8.261,+0.960
1665407460,+3.47,+16.280, +8.235,+0.960
1665407520,+3.47,+16.271, +8.214,+0.960
1665407580,+3.47,+16.263, +8.029,+0.960
1665407640,+3.47,+16.263, +8.021,+0.959
1665407700,+3.47,+16.288, +7.974,+0.959
1665407760,+3.47,+16.263, +8.467,+0.960
1665407820,+3.47,+16.271, +8.583,+0.960
1665407880,+3.47,+16.280, +8.421,+0.960
1665407940,+3.47,+16.288, +8.143,+0.960
1665408000,+3.47,+16.288, +7.759,+0.960
1665408060,+3.47,+16.254, +7.680,+0.960
1665408120,+3.47,+16.254, +8.051,+0.960
1665408180,+3.47,+16.237, +8.794,+0.960
1665408240,+3.47,+16.246, +9.037,+0.960
1665408300,+3.47,+16.254, +9.093,+0.960
1665408360,+3.47,+16.254, +9.150,+0.960
1665408420,+3.47,+16.263, +9.192,+0.960
1665408480,+3.47,+16.254, +9.194,+0.960
1665408540,+3.47,+16.271, +9.214,+0.960
1665408600,+3.47,+16.263, +9.375,+0.960
1665408660,+3.47,+16.271, +9.252,+0.960
1665408720,+3.47,+16.271, +9.080,+0.960
1665408780,+3.47,+16.280, +9.004,+0.960
1665408840,+3.47,+16.297, +9.007,+0.960
1665408900,+3.47,+16.280, +8.983,+0.960
1665408960,+3.47,+16.305, +8.926,+0.960
1665409020,+3.47,+16.288, +8.988,+0.960
1665409080,+3.47,+16.280, +9.318,+0.960
1665409140,+3.47,+16.271, +9.504,+0.960
1665409200,+3.47,+16.288, +9.565,+0.960
1665409260,+3.47,+16.254, +9.551,+0.960
1665409320,+3.47,+16.288, +9.389,+0.960
1665409380,+3.47,+16.263, +9.292,+0.960
1665409440,+3.47,+16.280, +9.171,+0.960
1665409500,+3.47,+16.271, +9.131,+0.960
1665409560,+3.47,+16.280, +9.252,+0.960
1665409620,+3.47,+16.263, +9.432,+0.960
1665409680,+3.47,+16.297, +9.427,+0.960
1665409740,+3.47,+16.297, +9.344,+0.960
1665409800,+3.47,+16.297, +9.189,+0.960
1665409860,+3.47,+16.305, +8.956,+0.960
1665409920,+3.47,+16.323, +8.705,+0.960
1665409980,+3.47,+16.280, +9.030,+0.960
1665410040,+3.47,+16.280, +9.154,+0.960
1665410100,+3.47,+16.288, +9.122,+0.960
1665410160,+3.47,+16.297, +9.109,+0.960
1665410220,+3.47,+16.305, +8.890,+0.960
1665410280,+3.47,+16.297, +9.088,+0.960
1665410340,+3.47,+16.288, +9.117,+0.960
1665410400,+3.47,+16.305, +9.076,+0.960
1665410460,+3.47,+16.314, +9.053,+0.960
1665410520,+3.47,+16.348, +9.296,+0.960
1665410580,+3.47,+16.382, +9.367,+0.960
1665410640,+3.47,+16.425, +9.401,+0.961
1665410700,+3.47,+16.450, +9.354,+0.960
1665410760,+3.47,+16.467, +9.325,+0.960
1665410820,+3.47,+16.484, +9.221,+0.960
1665410880,+3.47,+16.501, +9.151,+0.960
1665410940,+3.47,+16.518, +9.150,+0.960
1665411000,+3.47,+16.535, +9.181,+0.960
1665411060,+3.47,+16.561, +9.185,+0.961
1665411120,+3.47,+16.586, +9.132,+0.960
1665411180,+3.47,+16.612, +8.978,+0.960
1665411240,+3.47,+16.595, +8.894,+0.961
1665411300,+3.47,+16.586, +8.909,+0.960
1665411360,+3.47,+16.578, +8.890,+0.960
1665411420,+3.47,+16.578, +8.907,+0.960
1665411480,+3.47,+16.578, +8.873,+0.960
1665411540,+3.47,+16.586, +9.036,+0.960
1665411600,+3.47,+16.586, +9.011,+0.960
1665411660,+3.47,+16.586, +8.962,+0.960
1665411720,+3.47,+16.578, +9.017,+0.960
1665411780,+3.47,+16.569, +8.991,+0.960
1665411840,+3.47,+16.561, +9.146,+0.960
1665411900,+3.47,+16.535, +9.282,+0.961
1665411960,+3.47,+16.535, +9.282,+0.960
1665412020,+3.47,+16.501, +9.405,+0.960
1665412080,+3.47,+16.510, +9.491,+0.960
1665412140,+3.47,+16.501, +9.411,+0.960
1665412200,+3.47,+16.484, +9.457,+0.960
1665412260,+3.47,+16.501, +9.261,+0.960
1665412320,+3.47,+16.493, +9.335,+0.960
1665412380,+3.47,+16.476, +9.284,+0.960
1665412440,+3.47,+16.476, +9.278,+0.960
1665412500,+3.47,+16.467, +9.481,+0.960
1665412560,+3.47,+16.467, +9.496,+0.960
1665412620,+3.47,+16.467, +9.526,+0.960
1665412680,+3.47,+16.450, +9.635,+0.960
1665412740,+3.47,+16.425, +9.556,+0.960
1665412800,+3.47,+16.416, +9.451,+0.960
1665412860,+3.47,+16.399, +9.509,+0.960
1665412920,+3.47,+16.399, +9.472,+0.960
1665412980,+3.47,+16.399, +9.455,+0.960
1665413040,+3.47,+16.374, +9.377,+0.960
1665413100,+3.47,+16.365, +9.533,+0.960
1665413160,+3.47,+16.382, +9.720,+0.960
1665413220,+3.47,+16.374, +9.762,+0.960
1665413280,+3.47,+16.399, +9.754,+0.960
1665413340,+3.47,+16.391, +9.457,+0.960
1665413400,+3.47,+16.399, +9.303,+0.960
1665413460,+3.47,+16.399, +9.324,+0.960
1665413520,+3.47,+16.399, +9.286,+0.960
1665413580,+3.47,+16.382, +9.150,+0.961
1665413640,+3.47,+16.408, +9.136,+0.960
1665413700,+3.47,+16.391, +9.247,+0.960
1665413760,+3.47,+16.416, +9.458,+0.961
1665413820,+3.47,+16.399, +9.520,+0.960
1665413880,+3.47,+16.382, +9.712,+0.960
1665413940,+3.47,+16.408, +9.630,+0.960
1665414000,+3.47,+16.416, +9.614,+0.960
1665414060,+3.47,+16.416, +9.667,+0.960
1665414120,+3.47,+16.425, +9.604,+0.960
1665414180,+3.47,+16.408, +9.493,+0.960
1665414240,+3.47,+16.433, +9.528,+0.960
1665414300,+3.47,+16.408, +9.556,+0.960
1665414360,+3.47,+16.408, +9.637,+0.960
1665414420,+3.47,+16.408, +9.598,+0.960
1665414480,+3.47,+16.408, +9.592,+0.960
1665414540,+3.47,+16.391, +9.535,+0.960
1665414600,+3.47,+16.391, +9.501,+0.961
1665414660,+3.47,+16.399, +9.487,+0.960
1665414720,+3.47,+16.408, +9.490,+0.960
1665414780,+3.47,+16.399, +9.578,+0.960
1665414840,+3.47,+16.391, +9.655,+0.960
1665414900,+3.47,+16.416, +9.579,+0.960
1665414960,+3.47,+16.425, +9.727,+0.960
1665415020,+3.47,+16.399,+10.062,+0.961
1665415080,+3.47,+16.433,+10.303,+0.961
1665415140,+3.47,+16.425,+10.288,+0.961
1665415200,+3.47,+16.425,+10.240,+0.961
1665415260,+3.47,+16.408,+10.177,+0.960
1665415320,+3.47,+16.382,+10.097,+0.960
1665415380,+3.47,+16.348,+10.002,+0.960
1665415440,+3.47,+16.382, +9.961,+0.961
1665415500,+3.47,+16.382, +9.944,+0.960
1665415560,+3.47,+16.391, +9.933,+0.961
1665415620,+3.47,+16.408, +9.838,+0.960
1665415680,+3.47,+16.425, +9.771,+0.961
1665415740,+3.47,+16.459, +9.696,+0.960
1665415800,+3.47,+16.484, +9.736,+0.960
1665415860,+3.47,+16.476, +9.804,+0.961
1665415920,+3.47,+16.493, +9.846,+0.960
1665415980,+3.47,+16.510, +9.872,+0.960
1665416040,+3.47,+16.510, +9.878,+0.961
1665416100,+3.47,+16.493, +9.868,+0.961
1665416160,+3.47,+16.544, +9.832,+0.961
1665416220,+3.47,+16.544, +9.816,+0.961
1665416280,+3.47,+16.561, +9.701,+0.960
1665416340,+3.47,+16.569, +9.709,+0.961
1665416400,+3.47,+16.544, +9.735,+0.960
1665416460,+3.47,+16.544, +9.686,+0.960
1665416520,+3.47,+16.552, +9.695,+0.960
1665416580,+3.47,+16.552, +9.723,+0.960
1665416640,+3.47,+16.518, +9.937,+0.960
1665416700,+3.47,+16.518,+10.033,+0.961
1665416760,+3.47,+16.527,+10.047,+0.960
1665416820,+3.47,+16.527, +9.870,+0.960
1665416880,+3.47,+16.561, +9.683,+0.960
1665416940,+3.47,+16.578, +9.695,+0.961
1665417000,+3.47,+16.578, +9.704,+0.960
1665417060,+3.47,+16.586, +9.683,+0.961
1665417120,+3.47,+16.552, +9.532,+0.960
1665417180,+3.47,+16.544, +9.479,+0.960
1665417240,+3.47,+16.527, +9.446,+0.960
1665417300,+3.47,+16.535, +9.422,+0.960
1665417360,+3.47,+16.518, +9.431,+0.960
1665417420,+3.47,+16.518, +9.447,+0.960
1665417480,+3.47,+16.501, +9.417,+0.960
1665417540,+3.47,+16.501, +9.391,+0.960
1665417600,+3.47,+16.518, +9.389,+0.960
1665417660,+3.47,+16.527, +9.403,+0.961
1665417720,+3.47,+16.518, +9.422,+0.961
1665417780,+3.47,+16.544, +9.417,+0.960
1665417840,+3.47,+16.527, +9.418,+0.960
1665417900,+3.47,+16.527, +9.439,+0.960
1665417960,+3.47,+16.527, +9.468,+0.961
1665418020,+3.47,+16.535, +9.471,+0.961
1665418080,+3.47,+16.552, +9.474,+0.960
1665418140,+3.47,+16.561, +9.415,+0.960
1665418200,+3.47,+16.552, +9.368,+0.960
1665418260,+3.47,+16.578, +9.296,+0.960
1665418320,+3.47,+16.552, +9.350,+0.960
1665418380,+3.47,+16.535, +9.347,+0.960
1665418440,+3.47,+16.544, +9.190,+0.960
1665418500,+3.47,+16.552, +9.313,+0.960
1665418560,+3.47,+16.552, +9.353,+0.960
1665418620,+3.47,+16.544, +9.366,+0.960
1665418680,+3.47,+16.552, +9.373,+0.960
1665418740,+3.47,+16.552, +9.358,+0.960
1665418800,+3.47,+16.552, +9.335,+0.960
1665418860,+3.47,+16.552, +9.326,+0.960
1665418920,+3.47,+16.552, +9.312,+0.960
1665418980,+3.47,+16.552, +9.328,+0.960
1665419040,+3.47,+16.561, +9.325,+0.960
1665419100,+3.47,+16.552, +9.301,+0.960
1665419160,+3.47,+16.544, +9.353,+0.960
1665419220,+3.47,+16.518, +9.429,+0.960
1665419280,+3.47,+16.535, +9.427,+0.960
1665419340,+3.47,+16.544, +9.434,+0.960
1665419400,+3.47,+16.535, +9.458,+0.960
1665419460,+3.47,+16.535, +9.454,+0.960
1665419520,+3.47,+16.535, +9.486,+0.960
1665419580,+3.47,+16.535, +9.493,+0.960
1665419640,+3.47,+16.527, +9.536,+0.961
1665419700,+3.47,+16.527, +9.533,+0.961
1665419760,+3.47,+16.518, +9.514,+0.960
1665419820,+3.47,+16.527, +9.529,+0.960
1665419880,+3.47,+16.527, +9.564,+0.960
1665419940,+3.47,+16.518, +9.568,+0.960
1665420000,+3.47,+16.544, +9.582,+0.960
1665420060,+3.47,+16.535, +9.591,+0.960
1665420120,+3.47,+16.527, +9.617,+0.960
1665420180,+3.47,+16.527, +9.633,+0.960
1665420240,+3.47,+16.527, +9.621,+0.960
1665420300,+3.47,+16.518, +9.646,+0.961
1665420360,+3.47,+16.518, +9.648,+0.960
1665420420,+3.47,+16.493, +9.705,+0.960
1665420480,+3.47,+16.510, +9.735,+0.960
