7450-383325
OS REV: 1.05 Sensor Cal: 1644949570
Time (sec),  BV (Volts),  T (deg C),  DO (mg/l),  Q ()
1666889340,+3.48,+17.155, +1.045,+0.881
1666889400,+3.47,+17.138, +1.041,+0.884
1666889460,+3.47,+17.147, +1.025,+0.888
1666889520,+3.48,+17.138, +1.011,+0.890
1666889580,+3.48,+17.113, +1.022,+0.886
1666889640,+3.47,+17.104, +1.024,+0.885
1666889700,+3.48,+17.121, +1.023,+0.886
1666889760,+3.48,+17.113, +1.014,+0.889
1666889820,+3.48,+17.096, +1.001,+0.892
1666889880,+3.48,+17.104, +0.977,+0.896
1666889940,+3.48,+17.104, +0.963,+0.896
1666890000,+3.48,+17.113, +0.973,+0.891
1666890060,+3.48,+17.113, +1.011,+0.883
1666890120,+3.48,+17.113, +1.054,+0.877
1666890180,+3.48,+17.104, +1.100,+0.873
1666890240,+3.48,+17.104, +1.124,+0.874
1666890300,+3.48,+17.113, +1.132,+0.877
1666890360,+3.48,+17.113, +1.126,+0.880
1666890420,+3.48,+17.096, +1.110,+0.885
1666890480,+3.48,+17.087, +1.086,+0.887
1666890540,+3.48,+17.087, +1.065,+0.889
1666890600,+3.48,+17.113, +1.038,+0.891
1666890660,+3.48,+17.079, +1.022,+0.890
1666890720,+3.48,+17.113, +0.993,+0.891
1666890780,+3.48,+17.087, +0.964,+0.893
1666890840,+3.48,+17.096, +0.943,+0.893
1666890900,+3.48,+17.087, +0.933,+0.892
1666890960,+3.48,+17.079, +0.936,+0.891
1666891020,+3.48,+17.104, +0.955,+0.887
1666891080,+3.48,+17.087, +0.991,+0.882
1666891140,+3.48,+17.071, +1.027,+0.880
1666891200,+3.48,+17.079, +1.057,+0.878
1666891260,+3.48,+17.071, +1.107,+0.874
1666891320,+3.48,+17.071, +1.168,+0.869
1666891380,+3.48,+17.054, +1.210,+0.867
1666891440,+3.48,+17.020, +1.234,+0.868
1666891500,+3.48,+17.020, +1.270,+0.865
1666891560,+3.48,+17.037, +1.302,+0.864
1666891620,+3.48,+17.011, +1.325,+0.865
1666891680,+3.48,+17.020, +1.336,+0.867
1666891740,+3.48,+17.011, +1.342,+0.869
1666891800,+3.48,+17.028, +1.345,+0.871
1666891860,+3.48,+17.003, +1.351,+0.871
1666891920,+3.48,+17.011, +1.346,+0.875
1666891980,+3.48,+17.011, +1.334,+0.879
1666892040,+3.48,+17.020, +1.313,+0.883
1666892100,+3.48,+17.011, +1.284,+0.888
1666892160,+3.48,+17.028, +1.244,+0.894
1666892220,+3.48,+17.037, +1.206,+0.897
1666892280,+3.48,+17.037, +1.176,+0.896
1666892340,+3.48,+17.011, +1.146,+0.896
1666892400,+3.48,+17.011, +1.142,+0.890
1666892460,+3.48,+16.994, +1.151,+0.885
1666892520,+3.48,+17.011, +1.159,+0.884
1666892580,+3.48,+16.994, +1.167,+0.882
1666892640,+3.48,+17.045, +1.177,+0.880
1666892700,+3.48,+17.020, +1.216,+0.874
1666892760,+3.48,+17.011, +1.248,+0.874
1666892820,+3.48,+17.003, +1.269,+0.875
1666892880,+3.48,+17.011, +1.291,+0.874
1666892940,+3.48,+17.003, +1.329,+0.870
1666893000,+3.48,+17.003, +1.349,+0.871
1666893060,+3.48,+17.003, +1.352,+0.875
1666893120,+3.48,+17.003, +1.345,+0.879
1666893180,+3.48,+17.003, +1.338,+0.881
1666893240,+3.48,+17.003, +1.327,+0.883
1666893300,+3.48,+17.011, +1.310,+0.885
1666893360,+3.48,+17.011, +1.295,+0.887
1666893420,+3.48,+17.037, +1.267,+0.889
1666893480,+3.48,+17.028, +1.254,+0.889
1666893540,+3.48,+17.003, +1.242,+0.888
1666893600,+3.48,+17.011, +1.237,+0.886
1666893660,+3.48,+16.994, +1.215,+0.887
1666893720,+3.48,+17.020, +1.225,+0.886
1666893780,+3.48,+17.020, +1.234,+0.885
1666893840,+3.48,+17.011, +1.246,+0.884
1666893900,+3.48,+17.037, +1.294,+0.878
1666893960,+3.48,+17.020, +1.343,+0.876
1666894020,+3.48,+17.028, +1.383,+0.876
1666894080,+3.48,+17.028, +1.404,+0.877
1666894140,+3.48,+17.011, +1.419,+0.877
1666894200,+3.48,+17.020, +1.432,+0.878
1666894260,+3.48,+17.003, +1.442,+0.878
1666894320,+3.48,+17.028, +1.446,+0.877
1666894380,+3.48,+17.020, +1.449,+0.878
1666894440,+3.48,+17.011, +1.456,+0.877
1666894500,+3.48,+17.028, +1.462,+0.875
1666894560,+3.48,+17.003, +1.474,+0.874
1666894620,+3.48,+17.003, +1.491,+0.872
1666894680,+3.48,+17.011, +1.507,+0.871
1666894740,+3.48,+16.986, +1.522,+0.871
1666894800,+3.48,+17.011, +1.534,+0.871
1666894860,+3.48,+17.003, +1.543,+0.870
1666894920,+3.48,+16.994, +1.555,+0.870
1666894980,+3.48,+16.994, +1.563,+0.870
1666895040,+3.48,+17.003, +1.572,+0.870
1666895100,+3.48,+16.994, +1.583,+0.870
1666895160,+3.48,+16.986, +1.588,+0.870
1666895220,+3.48,+16.994, +1.595,+0.870
1666895280,+3.48,+16.994, +1.604,+0.870
1666895340,+3.48,+16.977, +1.618,+0.869
1666895400,+3.48,+16.977, +1.629,+0.869
1666895460,+3.48,+16.986, +1.638,+0.870
1666895520,+3.48,+16.977, +1.648,+0.870
1666895580,+3.48,+16.969, +1.657,+0.870
1666895640,+3.48,+16.969, +1.661,+0.871
1666895700,+3.48,+16.969, +1.664,+0.871
1666895760,+3.48,+16.994, +1.663,+0.872
1666895820,+3.48,+16.986, +1.664,+0.872
1666895880,+3.48,+16.986, +1.664,+0.873
1666895940,+3.48,+16.986, +1.667,+0.872
1666896000,+3.48,+16.986, +1.671,+0.871
1666896060,+3.48,+16.960, +1.675,+0.871
1666896120,+3.48,+16.960, +1.675,+0.871
1666896180,+3.48,+16.969, +1.674,+0.872
1666896240,+3.48,+16.952, +1.673,+0.872
1666896300,+3.48,+16.977, +1.675,+0.872
1666896360,+3.48,+16.994, +1.685,+0.870
1666896420,+3.48,+16.952, +1.700,+0.868
1666896480,+3.48,+16.960, +1.718,+0.866
1666896540,+3.48,+16.969, +1.736,+0.865
1666896600,+3.48,+16.952, +1.754,+0.864
1666896660,+3.48,+16.952, +1.770,+0.864
1666896720,+3.48,+16.943, +1.789,+0.864
1666896780,+3.48,+16.943, +1.798,+0.865
1666896840,+3.48,+16.960, +1.804,+0.866
1666896900,+3.48,+16.952, +1.810,+0.866
1666896960,+3.48,+16.960, +1.811,+0.867
1666897020,+3.48,+16.977, +1.809,+0.869
1666897080,+3.48,+16.943, +1.802,+0.870
1666897140,+3.48,+16.969, +1.795,+0.870
1666897200,+3.48,+16.935, +1.795,+0.871
1666897260,+3.48,+16.952, +1.787,+0.871
1666897320,+3.48,+16.960, +1.780,+0.871
1666897380,+3.48,+16.952, +1.777,+0.869
1666897440,+3.48,+16.943, +1.777,+0.869
1666897500,+3.48,+16.952, +1.777,+0.868
1666897560,+3.48,+16.935, +1.778,+0.868
1666897620,+3.48,+16.935, +1.777,+0.869
1666897680,+3.48,+16.952, +1.770,+0.869
1666897740,+3.48,+16.960, +1.769,+0.869
1666897800,+3.48,+16.943, +1.772,+0.869
1666897860,+3.48,+16.960, +1.770,+0.869
1666897920,+3.48,+16.935, +1.773,+0.869
1666897980,+3.48,+16.943, +1.769,+0.870
1666898040,+3.48,+16.952, +1.758,+0.871
1666898100,+3.48,+16.952, +1.747,+0.872
1666898160,+3.48,+16.969, +1.735,+0.873
1666898220,+3.48,+16.977, +1.726,+0.874
1666898280,+3.48,+16.960, +1.722,+0.872
1666898340,+3.48,+16.960, +1.762,+0.865
1666898400,+3.48,+16.960, +1.791,+0.862
1666898460,+3.48,+16.969, +1.812,+0.862
1666898520,+3.48,+16.977, +1.824,+0.862
1666898580,+3.48,+16.960, +1.839,+0.862
1666898640,+3.48,+16.969, +1.848,+0.862
1666898700,+3.48,+16.986, +1.852,+0.862
1666898760,+3.48,+17.020, +1.852,+0.863
1666898820,+3.48,+16.994, +1.850,+0.865
1666898880,+3.48,+17.003, +1.844,+0.867
1666898940,+3.48,+17.003, +1.835,+0.867
1666899000,+3.48,+17.011, +1.826,+0.868
1666899060,+3.48,+17.020, +1.813,+0.869
1666899120,+3.48,+17.020, +1.803,+0.870
1666899180,+3.48,+17.011, +1.795,+0.871
1666899240,+3.48,+16.994, +1.791,+0.870
1666899300,+3.48,+16.994, +1.786,+0.871
1666899360,+3.48,+16.977, +1.777,+0.871
1666899420,+3.48,+16.994, +1.767,+0.872
1666899480,+3.48,+16.969, +1.756,+0.872
1666899540,+3.48,+16.986, +1.744,+0.873
1666899600,+3.48,+17.003, +1.733,+0.873
1666899660,+3.48,+17.003, +1.723,+0.873
1666899720,+3.48,+17.003, +1.711,+0.874
1666899780,+3.48,+17.020, +1.700,+0.874
1666899840,+3.48,+17.011, +1.688,+0.874
1666899900,+3.48,+17.003, +1.680,+0.874
1666899960,+3.48,+17.020, +1.673,+0.875
1666900020,+3.48,+17.011, +1.662,+0.875
1666900080,+3.48,+17.028, +1.651,+0.876
1666900140,+3.48,+17.028, +1.643,+0.876
1666900200,+3.48,+17.037, +1.637,+0.875
1666900260,+3.48,+17.028, +1.631,+0.875
1666900320,+3.48,+17.028, +1.622,+0.875
1666900380,+3.48,+17.028, +1.619,+0.875
1666900440,+3.48,+17.037, +1.608,+0.876
1666900500,+3.48,+17.011, +1.603,+0.877
1666900560,+3.48,+17.011, +1.598,+0.877
1666900620,+3.48,+17.028, +1.601,+0.876
1666900680,+3.48,+17.003, +1.603,+0.876
1666900740,+3.48,+17.011, +1.604,+0.876
1666900800,+3.48,+17.011, +1.600,+0.877
1666900860,+3.48,+17.011, +1.593,+0.878
1666900920,+3.48,+17.011, +1.588,+0.878
1666900980,+3.48,+17.020, +1.591,+0.877
1666901040,+3.48,+17.011, +1.600,+0.875
1666901100,+3.48,+17.020, +1.609,+0.874
1666901160,+3.48,+17.011, +1.621,+0.874
1666901220,+3.48,+17.011, +1.629,+0.873
1666901280,+3.48,+17.011, +1.638,+0.873
1666901340,+3.48,+17.011, +1.647,+0.872
1666901400,+3.48,+17.003, +1.652,+0.872
1666901460,+3.48,+17.037, +1.656,+0.873
1666901520,+3.48,+17.037, +1.663,+0.873
1666901580,+3.48,+17.037, +1.672,+0.872
1666901640,+3.48,+17.062, +1.672,+0.873
1666901700,+3.48,+17.054, +1.669,+0.874
1666901760,+3.48,+17.054, +1.666,+0.874
1666901820,+3.48,+17.054, +1.665,+0.875
1666901880,+3.48,+17.071, +1.661,+0.875
1666901940,+3.48,+17.071, +1.655,+0.875
1666902000,+3.48,+17.062, +1.652,+0.875
1666902060,+3.48,+17.079, +1.644,+0.875
1666902120,+3.48,+17.079, +1.643,+0.875
1666902180,+3.48,+17.062, +1.647,+0.875
1666902240,+3.48,+17.096, +1.652,+0.874
1666902300,+3.48,+17.104, +1.659,+0.873
1666902360,+3.48,+17.113, +1.692,+0.868
1666902420,+3.48,+17.104, +1.723,+0.864
1666902480,+3.48,+17.096, +1.763,+0.861
1666902540,+3.48,+17.113, +1.797,+0.859
1666902600,+3.48,+17.130, +1.826,+0.859
1666902660,+3.48,+17.121, +1.849,+0.859
1666902720,+3.48,+17.138, +1.868,+0.860
1666902780,+3.48,+17.121, +1.885,+0.860
1666902840,+3.48,+17.164, +1.895,+0.861
1666902900,+3.48,+17.147, +1.904,+0.861
1666902960,+3.48,+17.164, +1.907,+0.863
1666903020,+3.48,+17.155, +1.908,+0.863
1666903080,+3.48,+17.147, +1.911,+0.864
1666903140,+3.48,+17.164, +1.906,+0.865
1666903200,+3.48,+17.164, +1.899,+0.866
1666903260,+3.48,+17.164, +1.892,+0.867
1666903320,+3.48,+17.172, +1.887,+0.868
1666903380,+3.48,+17.155, +1.886,+0.868
1666903440,+3.48,+17.189, +1.876,+0.868
1666903500,+3.48,+17.198, +1.928,+0.859
1666903560,+3.48,+17.181, +1.989,+0.854
1666903620,+3.48,+17.189, +2.027,+0.854
1666903680,+3.48,+17.189, +2.049,+0.855
1666903740,+3.48,+17.206, +2.062,+0.857
1666903800,+3.48,+17.206, +2.063,+0.859
1666903860,+3.48,+17.181, +2.057,+0.862
1666903920,+3.48,+17.198, +2.045,+0.865
1666903980,+3.48,+17.215, +2.032,+0.867
1666904040,+3.48,+17.223, +2.027,+0.865
1666904100,+3.48,+17.215, +2.042,+0.861
1666904160,+3.48,+17.215, +2.081,+0.856
1666904220,+3.48,+17.232, +2.125,+0.853
1666904280,+3.48,+17.240, +2.142,+0.854
1666904340,+3.48,+17.240, +2.154,+0.856
1666904400,+3.48,+17.232, +2.174,+0.856
1666904460,+3.48,+17.240, +2.225,+0.853
1666904520,+3.48,+17.257, +2.281,+0.850
1666904580,+3.48,+17.248, +2.339,+0.849
1666904640,+3.48,+17.265, +2.397,+0.848
1666904700,+3.48,+17.232, +2.438,+0.850
1666904760,+3.48,+17.257, +2.465,+0.851
1666904820,+3.48,+17.248, +2.481,+0.853
1666904880,+3.48,+17.248, +2.475,+0.855
1666904940,+3.48,+17.240, +2.465,+0.858
1666905000,+3.48,+17.232, +2.452,+0.859
1666905060,+3.48,+17.240, +2.482,+0.855
1666905120,+3.48,+17.248, +2.563,+0.849
1666905180,+3.48,+17.265, +2.661,+0.848
1666905240,+3.48,+17.223, +2.709,+0.850
1666905300,+3.48,+17.257, +2.721,+0.853
1666905360,+3.48,+17.257, +2.727,+0.855
1666905420,+3.48,+17.248, +2.726,+0.856
1666905480,+3.48,+17.240, +2.707,+0.857
1666905540,+3.48,+17.248, +2.677,+0.859
1666905600,+3.48,+17.240, +2.650,+0.860
1666905660,+3.48,+17.248, +2.629,+0.860
1666905720,+3.48,+17.248, +2.592,+0.862
1666905780,+3.48,+17.223, +2.558,+0.863
1666905840,+3.48,+17.240, +2.512,+0.863
1666905900,+3.48,+17.240, +2.469,+0.864
1666905960,+3.48,+17.232, +2.433,+0.864
1666906020,+3.48,+17.215, +2.423,+0.862
1666906080,+3.48,+17.240, +2.428,+0.860
1666906140,+3.48,+17.248, +2.418,+0.860
1666906200,+3.48,+17.223, +2.403,+0.861
1666906260,+3.48,+17.232, +2.380,+0.862
1666906320,+3.48,+17.198, +2.359,+0.864
1666906380,+3.48,+17.223, +2.333,+0.864
1666906440,+3.48,+17.215, +2.311,+0.864
1666906500,+3.48,+17.215, +2.292,+0.863
1666906560,+3.48,+17.206, +2.288,+0.863
1666906620,+3.48,+17.189, +2.277,+0.863
1666906680,+3.48,+17.181, +2.257,+0.864
1666906740,+3.48,+17.172, +2.235,+0.866
1666906800,+3.48,+17.164, +2.211,+0.867
1666906860,+3.48,+17.155, +2.182,+0.869
1666906920,+3.48,+17.147, +2.152,+0.871
1666906980,+3.48,+17.155, +2.118,+0.872
1666907040,+3.48,+17.155, +2.081,+0.874
1666907100,+3.48,+17.138, +2.048,+0.875
1666907160,+3.48,+17.164, +2.011,+0.875
1666907220,+3.48,+17.155, +1.977,+0.876
1666907280,+3.48,+17.138, +1.946,+0.877
1666907340,+3.48,+17.147, +1.915,+0.877
1666907400,+3.48,+17.138, +1.880,+0.880
1666907460,+3.48,+17.138, +1.838,+0.884
1666907520,+3.48,+17.147, +1.803,+0.884
1666907580,+3.48,+17.138, +1.773,+0.884
1666907640,+3.48,+17.121, +1.743,+0.883
1666907700,+3.48,+17.130, +1.710,+0.885
1666907760,+3.48,+17.130, +1.660,+0.892
1666907820,+3.48,+17.121, +1.592,+0.900
1666907880,+3.48,+17.113, +1.500,+0.909
1666907940,+3.48,+17.121, +1.408,+0.915
1666908000,+3.48,+17.121, +1.318,+0.919
1666908060,+3.48,+17.096, +1.242,+0.920
1666908120,+3.48,+17.104, +1.195,+0.918
1666908180,+3.48,+17.130, +1.109,+0.922
1666908240,+3.48,+17.096, +1.025,+0.925
1666908300,+3.48,+17.113, +0.971,+0.923
1666908360,+3.48,+17.096, +0.947,+0.918
1666908420,+3.48,+17.079, +0.907,+0.918
1666908480,+3.48,+17.113, +0.873,+0.917
1666908540,+3.48,+17.104, +0.871,+0.912
1666908600,+3.48,+17.079, +0.891,+0.904
1666908660,+3.48,+17.087, +0.901,+0.903
1666908720,+3.48,+17.104, +0.890,+0.907
1666908780,+3.48,+17.079, +0.874,+0.911
1666908840,+3.48,+17.096, +0.861,+0.910
1666908900,+3.48,+17.087, +0.868,+0.906
1666908960,+3.48,+17.079, +0.893,+0.901
1666909020,+3.48,+17.079, +0.918,+0.898
1666909080,+3.48,+17.071, +0.930,+0.900
1666909140,+3.48,+17.079, +0.934,+0.902
1666909200,+3.48,+17.079, +0.932,+0.901
1666909260,+3.48,+17.079, +0.936,+0.898
1666909320,+3.48,+17.079, +0.949,+0.894
1666909380,+3.48,+17.062, +0.975,+0.889
1666909440,+3.48,+17.079, +1.005,+0.885
1666909500,+3.48,+17.054, +1.042,+0.882
1666909560,+3.48,+17.071, +1.075,+0.880
1666909620,+3.48,+17.071, +1.104,+0.881
1666909680,+3.48,+17.062, +1.119,+0.883
1666909740,+3.48,+17.062, +1.130,+0.885
1666909800,+3.48,+17.062, +1.143,+0.884
1666909860,+3.48,+17.071, +1.161,+0.883
1666909920,+3.48,+17.062, +1.172,+0.883
1666909980,+3.48,+17.037, +1.178,+0.883
1666910040,+3.48,+17.071, +1.182,+0.882
1666910100,+3.48,+17.071, +1.194,+0.881
1666910160,+3.48,+17.054, +1.203,+0.882
1666910220,+3.48,+17.054, +1.211,+0.883
1666910280,+3.48,+17.045, +1.207,+0.887
1666910340,+3.48,+17.045, +1.192,+0.890
1666910400,+3.48,+17.079, +1.198,+0.885
1666910460,+3.48,+17.037, +1.231,+0.878
1666910520,+3.48,+17.045, +1.263,+0.875
1666910580,+3.48,+17.037, +1.284,+0.875
1666910640,+3.48,+17.037, +1.297,+0.877
1666910700,+3.48,+17.054, +1.297,+0.879
1666910760,+3.48,+17.045, +1.290,+0.881
1666910820,+3.48,+17.037, +1.286,+0.883
1666910880,+3.48,+17.062, +1.277,+0.885
1666910940,+3.48,+17.045, +1.266,+0.887
1666911000,+3.48,+17.045, +1.250,+0.888
1666911060,+3.48,+17.045, +1.231,+0.891
1666911120,+3.48,+17.045, +1.208,+0.893
1666911180,+3.48,+17.037, +1.181,+0.896
1666911240,+3.48,+17.028, +1.163,+0.895
1666911300,+3.48,+17.028, +1.153,+0.893
1666911360,+3.48,+17.028, +1.145,+0.893
1666911420,+3.48,+17.037, +1.134,+0.893
1666911480,+3.48,+17.028, +1.115,+0.896
1666911540,+3.48,+17.037, +1.088,+0.899
1666911600,+3.48,+17.028, +1.057,+0.902
1666911660,+3.48,+17.037, +1.025,+0.904
1666911720,+3.48,+17.020, +0.988,+0.907
1666911780,+3.48,+17.037, +0.959,+0.908
1666911840,+3.48,+17.028, +0.935,+0.907
1666911900,+3.48,+17.045, +0.920,+0.906
1666911960,+3.48,+17.037, +0.902,+0.907
1666912020,+3.48,+17.020, +0.875,+0.910
1666912080,+3.48,+17.011, +0.854,+0.910
1666912140,+3.48,+17.020, +0.856,+0.906
1666912200,+3.48,+17.020, +0.839,+0.908
1666912260,+3.48,+17.011, +0.791,+0.915
1666912320,+3.48,+16.994, +0.741,+0.918
1666912380,+3.48,+17.028, +0.689,+0.922
1666912440,+3.48,+17.003, +0.624,+0.926
1666912500,+3.48,+17.020, +0.604,+0.923
1666912560,+3.48,+17.003, +0.641,+0.914
1666912620,+3.48,+16.994, +0.672,+0.911
1666912680,+3.48,+17.020, +0.654,+0.917
1666912740,+3.48,+17.028, +0.617,+0.922
1666912800,+3.48,+17.003, +0.579,+0.925
1666912860,+3.48,+16.977, +0.574,+0.921
1666912920,+3.48,+17.003, +0.656,+0.905
1666912980,+3.48,+17.011, +0.748,+0.895
1666913040,+3.48,+17.003, +0.817,+0.889
1666913100,+3.48,+17.020, +0.875,+0.885
1666913160,+3.48,+16.994, +0.925,+0.883
1666913220,+3.48,+16.986, +0.970,+0.882
1666913280,+3.48,+17.011, +1.006,+0.881
1666913340,+3.48,+17.003, +1.037,+0.880
1666913400,+3.48,+16.977, +1.064,+0.879
1666913460,+3.48,+16.977, +1.084,+0.880
1666913520,+3.48,+16.986, +1.096,+0.882
1666913580,+3.48,+16.969, +1.104,+0.886
1666913640,+3.48,+16.977, +1.105,+0.887
1666913700,+3.48,+16.969, +1.102,+0.888
1666913760,+3.48,+16.977, +1.095,+0.892
1666913820,+3.48,+16.986, +1.087,+0.894
1666913880,+3.48,+16.977, +1.064,+0.899
1666913940,+3.48,+16.969, +1.022,+0.906
1666914000,+3.48,+16.969, +1.001,+0.905
1666914060,+3.48,+16.977, +0.989,+0.903
1666914120,+3.48,+16.952, +0.964,+0.907
1666914180,+3.48,+16.960, +0.936,+0.908
1666914240,+3.48,+16.969, +0.919,+0.908
1666914300,+3.48,+16.977, +0.883,+0.912
1666914360,+3.48,+16.977, +0.847,+0.914
1666914420,+3.48,+16.977, +0.819,+0.914
1666914480,+3.48,+16.935, +0.781,+0.917
1666914540,+3.48,+16.952, +0.743,+0.919
1666914600,+3.48,+16.969, +0.713,+0.919
1666914660,+3.48,+16.960, +0.700,+0.917
1666914720,+3.48,+16.960, +0.697,+0.914
1666914780,+3.48,+16.986, +0.710,+0.910
1666914840,+3.48,+16.952, +0.728,+0.908
1666914900,+3.48,+16.943, +0.739,+0.909
1666914960,+3.48,+16.960, +0.740,+0.910
1666915020,+3.48,+16.943, +0.737,+0.911
1666915080,+3.48,+16.960, +0.728,+0.912
1666915140,+3.48,+16.960, +0.725,+0.911
1666915200,+3.48,+16.960, +0.727,+0.911
1666915260,+3.48,+16.943, +0.762,+0.908
1666915320,+3.48,+16.943, +0.794,+0.904
1666915380,+3.48,+16.918, +0.825,+0.901
1666915440,+3.48,+16.960, +0.845,+0.902
1666915500,+3.48,+16.926, +0.865,+0.901
1666915560,+3.48,+16.952, +0.890,+0.898
1666915620,+3.48,+16.935, +0.923,+0.895
1666915680,+3.48,+16.952, +0.956,+0.892
1666915740,+3.48,+16.935, +0.990,+0.889
1666915800,+3.48,+16.935, +1.025,+0.888
1666915860,+3.48,+16.926, +1.047,+0.888
1666915920,+3.48,+16.935, +1.060,+0.890
1666915980,+3.48,+16.909, +1.065,+0.894
1666916040,+3.48,+16.926, +1.049,+0.900
1666916100,+3.48,+16.926, +1.029,+0.903
1666916160,+3.48,+16.935, +1.024,+0.902
1666916220,+3.48,+16.935, +1.030,+0.899
1666916280,+3.48,+16.935, +1.029,+0.899
1666916340,+3.48,+16.935, +1.018,+0.902
1666916400,+3.48,+16.909, +0.997,+0.905
1666916460,+3.48,+16.918, +0.974,+0.908
1666916520,+3.48,+16.926, +0.947,+0.911
1666916580,+3.48,+16.918, +0.913,+0.914
1666916640,+3.48,+16.926, +0.878,+0.916
1666916700,+3.48,+16.935, +0.844,+0.918
1666916760,+3.48,+16.918, +0.817,+0.918
1666916820,+3.48,+16.918, +0.804,+0.917
1666916880,+3.48,+16.918, +0.801,+0.915
1666916940,+3.48,+16.926, +0.808,+0.911
1666917000,+3.48,+16.943, +0.823,+0.907
1666917060,+3.48,+16.918, +0.846,+0.903
1666917120,+3.48,+16.926, +0.865,+0.901
1666917180,+3.48,+16.935, +0.893,+0.899
1666917240,+3.48,+16.909, +0.929,+0.895
1666917300,+3.48,+16.918, +0.960,+0.893
1666917360,+3.48,+16.926, +0.989,+0.891
1666917420,+3.48,+16.918, +1.021,+0.890
1666917480,+3.48,+16.926, +1.052,+0.888
1666917540,+3.48,+16.901, +1.083,+0.887
1666917600,+3.48,+16.926, +1.114,+0.886
1666917660,+3.48,+16.918, +1.143,+0.886
1666917720,+3.48,+16.909, +1.167,+0.886
1666917780,+3.48,+16.918, +1.185,+0.886
1666917840,+3.48,+16.918, +1.197,+0.887
1666917900,+3.48,+16.926, +1.206,+0.888
1666917960,+3.48,+16.926, +1.209,+0.889
1666918020,+3.48,+16.901, +1.206,+0.891
1666918080,+3.48,+16.918, +1.199,+0.893
1666918140,+3.48,+16.918, +1.192,+0.893
1666918200,+3.48,+16.909, +1.186,+0.894
1666918260,+3.48,+16.918, +1.183,+0.894
1666918320,+3.48,+16.901, +1.183,+0.893
1666918380,+3.48,+16.918, +1.187,+0.892
1666918440,+3.48,+16.909, +1.193,+0.892
1666918500,+3.48,+16.909, +1.200,+0.891
1666918560,+3.48,+16.918, +1.210,+0.890
1666918620,+3.48,+16.901, +1.222,+0.889
1666918680,+3.48,+16.926, +1.227,+0.888
1666918740,+3.48,+16.909, +1.236,+0.889
1666918800,+3.48,+16.892, +1.241,+0.889
1666918860,+3.48,+16.901, +1.251,+0.886
1666918920,+3.48,+16.918, +1.266,+0.884
1666918980,+3.48,+16.901, +1.283,+0.883
1666919040,+3.48,+16.909, +1.301,+0.882
1666919100,+3.48,+16.901, +1.320,+0.882
1666919160,+3.48,+16.892, +1.340,+0.881
1666919220,+3.48,+16.909, +1.352,+0.882
1666919280,+3.48,+16.909, +1.362,+0.883
1666919340,+3.48,+16.918, +1.371,+0.884
1666919400,+3.48,+16.884, +1.382,+0.885
1666919460,+3.48,+16.901, +1.387,+0.886
1666919520,+3.48,+16.909, +1.395,+0.884
1666919580,+3.48,+16.909, +1.407,+0.883
1666919640,+3.48,+16.901, +1.417,+0.882
1666919700,+3.48,+16.892, +1.426,+0.882
1666919760,+3.48,+16.901, +1.435,+0.882
1666919820,+3.48,+16.892, +1.442,+0.883
1666919880,+3.48,+16.909, +1.448,+0.883
1666919940,+3.48,+16.926, +1.451,+0.884
1666920000,+3.48,+16.892, +1.453,+0.885
1666920060,+3.48,+16.901, +1.446,+0.886
1666920120,+3.48,+16.901, +1.434,+0.887
1666920180,+3.48,+16.901, +1.423,+0.889
1666920240,+3.48,+16.892, +1.414,+0.889
1666920300,+3.48,+16.884, +1.403,+0.890
1666920360,+3.48,+16.901, +1.388,+0.891
1666920420,+3.48,+16.884, +1.378,+0.891
1666920480,+3.48,+16.909, +1.368,+0.891
1666920540,+3.48,+16.875, +1.359,+0.892
1666920600,+3.48,+16.884, +1.349,+0.893
1666920660,+3.48,+16.892, +1.334,+0.894
1666920720,+3.48,+16.884, +1.320,+0.895
1666920780,+3.48,+16.901, +1.302,+0.897
1666920840,+3.48,+16.884, +1.289,+0.896
1666920900,+3.48,+16.909, +1.282,+0.894
1666920960,+3.48,+16.901, +1.285,+0.892
1666921020,+3.48,+16.875, +1.293,+0.889
1666921080,+3.48,+16.884, +1.307,+0.886
1666921140,+3.48,+16.884, +1.329,+0.883
1666921200,+3.48,+16.867, +1.352,+0.881
1666921260,+3.48,+16.875, +1.370,+0.879
1666921320,+3.48,+16.875, +1.392,+0.878
1666921380,+3.48,+16.875, +1.415,+0.877
1666921440,+3.48,+16.875, +1.441,+0.875
1666921500,+3.48,+16.875, +1.462,+0.874
1666921560,+3.48,+16.858, +1.487,+0.873
1666921620,+3.48,+16.850, +1.509,+0.874
1666921680,+3.48,+16.841, +1.522,+0.875
1666921740,+3.48,+16.875, +1.533,+0.875
1666921800,+3.48,+16.841, +1.550,+0.875
1666921860,+3.48,+16.867, +1.562,+0.874
1666921920,+3.48,+16.875, +1.567,+0.874
1666921980,+3.48,+16.867, +1.578,+0.873
1666922040,+3.48,+16.884, +1.584,+0.873
1666922100,+3.48,+16.858, +1.598,+0.873
1666922160,+3.48,+16.867, +1.607,+0.873
1666922220,+3.48,+16.867, +1.614,+0.873
1666922280,+3.48,+16.875, +1.622,+0.874
1666922340,+3.48,+16.867, +1.628,+0.875
1666922400,+3.48,+16.867, +1.634,+0.875
1666922460,+3.48,+16.892, +1.637,+0.875
1666922520,+3.48,+16.867, +1.637,+0.875
1666922580,+3.48,+16.884, +1.634,+0.875
1666922640,+3.48,+16.875, +1.635,+0.875
1666922700,+3.48,+16.875, +1.638,+0.875
1666922760,+3.48,+16.884, +1.644,+0.875
1666922820,+3.48,+16.875, +1.652,+0.875
1666922880,+3.48,+16.884, +1.657,+0.875
1666922940,+3.48,+16.850, +1.658,+0.876
1666923000,+3.48,+16.875, +1.653,+0.877
1666923060,+3.48,+16.875, +1.649,+0.878
1666923120,+3.48,+16.867, +1.648,+0.878
1666923180,+3.48,+16.867, +1.653,+0.878
1666923240,+3.48,+16.867, +1.655,+0.878
1666923300,+3.48,+16.858, +1.662,+0.877
1666923360,+3.48,+16.875, +1.663,+0.876
1666923420,+3.48,+16.850, +1.666,+0.876
1666923480,+3.48,+16.867, +1.669,+0.875
1666923540,+3.48,+16.892, +1.667,+0.874
1666923600,+3.48,+16.867, +1.673,+0.874
1666923660,+3.48,+16.875, +1.680,+0.873
1666923720,+3.48,+16.858, +1.689,+0.873
1666923780,+3.48,+16.884, +1.693,+0.873
1666923840,+3.48,+16.875, +1.701,+0.873
1666923900,+3.48,+16.875, +1.708,+0.873
1666923960,+3.48,+16.884, +1.714,+0.874
1666924020,+3.48,+16.867, +1.715,+0.877
1666924080,+3.48,+16.858, +1.709,+0.879
1666924140,+3.48,+16.884, +1.706,+0.879
1666924200,+3.48,+16.867, +1.706,+0.879
1666924260,+3.48,+16.875, +1.703,+0.878
1666924320,+3.48,+16.858, +1.698,+0.879
1666924380,+3.48,+16.875, +1.687,+0.881
1666924440,+3.48,+16.875, +1.674,+0.883
1666924500,+3.48,+16.867, +1.669,+0.883
1666924560,+3.48,+16.858, +1.664,+0.884
1666924620,+3.48,+16.867, +1.655,+0.884
1666924680,+3.48,+16.867, +1.650,+0.885
1666924740,+3.48,+16.875, +1.640,+0.886
1666924800,+3.48,+16.850, +1.633,+0.886
1666924860,+3.48,+16.867, +1.624,+0.887
1666924920,+3.48,+16.867, +1.609,+0.889
1666924980,+3.48,+16.850, +1.589,+0.891
1666925040,+3.48,+16.867, +1.571,+0.891
1666925100,+3.48,+16.858, +1.560,+0.890
1666925160,+3.48,+16.841, +1.556,+0.889
1666925220,+3.48,+16.858, +1.553,+0.887
1666925280,+3.48,+16.841, +1.554,+0.886
1666925340,+3.48,+16.841, +1.556,+0.885
1666925400,+3.48,+16.833, +1.549,+0.887
1666925460,+3.48,+16.858, +1.544,+0.888
1666925520,+3.48,+16.850, +1.543,+0.887
1666925580,+3.48,+16.850, +1.548,+0.885
1666925640,+3.48,+16.841, +1.553,+0.884
1666925700,+3.48,+16.850, +1.559,+0.882
1666925760,+3.48,+16.816, +1.564,+0.883
1666925820,+3.47,+16.833, +1.554,+0.887
1666925880,+3.47,+16.824, +1.543,+0.890
1666925940,+3.48,+16.824, +1.527,+0.893
1666926000,+3.48,+16.841, +1.511,+0.894
1666926060,+3.48,+16.816, +1.469,+0.897
1666926120,+3.48,+16.833, +1.431,+0.899
1666926180,+3.47,+16.799, +1.401,+0.900
1666926240,+3.48,+16.824, +1.373,+0.900
1666926300,+3.48,+16.790, +1.355,+0.898
1666926360,+3.47,+16.816, +1.343,+0.896
1666926420,+3.48,+16.816, +1.333,+0.895
1666926480,+3.48,+16.807, +1.326,+0.893
1666926540,+3.48,+16.790, +1.321,+0.892
1666926600,+3.47,+16.765, +1.322,+0.891
1666926660,+3.47,+16.782, +1.321,+0.891
1666926720,+3.47,+16.782, +1.320,+0.891
1666926780,+3.47,+16.782, +1.317,+0.891
1666926840,+3.47,+16.748, +1.313,+0.893
1666926900,+3.47,+16.756, +1.306,+0.894
1666926960,+3.47,+16.756, +1.306,+0.892
1666927020,+3.47,+16.722, +1.313,+0.889
1666927080,+3.47,+16.714, +1.322,+0.887
1666927140,+3.47,+16.731, +1.328,+0.886
1666927200,+3.47,+16.714, +1.340,+0.885
1666927260,+3.47,+16.697, +1.350,+0.886
1666927320,+3.47,+16.680, +1.356,+0.888
1666927380,+3.47,+16.688, +1.361,+0.888
1666927440,+3.47,+16.671, +1.367,+0.889
1666927500,+3.47,+16.629, +1.379,+0.887
1666927560,+3.47,+16.663, +1.386,+0.885
1666927620,+3.47,+16.637, +1.394,+0.885
1666927680,+3.47,+16.654, +1.396,+0.885
1666927740,+3.47,+16.629, +1.395,+0.888
1666927800,+3.47,+16.612, +1.386,+0.892
1666927860,+3.47,+16.612, +1.375,+0.894
1666927920,+3.47,+16.603, +1.369,+0.894
1666927980,+3.47,+16.603, +1.359,+0.895
1666928040,+3.47,+16.586, +1.338,+0.898
1666928100,+3.47,+16.578, +1.309,+0.901
1666928160,+3.47,+16.578, +1.286,+0.902
1666928220,+3.47,+16.578, +1.288,+0.897
1666928280,+3.47,+16.578, +1.299,+0.892
1666928340,+3.47,+16.561, +1.314,+0.889
1666928400,+3.47,+16.527, +1.324,+0.889
1666928460,+3.47,+16.561, +1.333,+0.888
1666928520,+3.47,+16.552, +1.343,+0.888
1666928580,+3.47,+16.561, +1.347,+0.890
1666928640,+3.47,+16.535, +1.346,+0.893
1666928700,+3.47,+16.544, +1.341,+0.894
1666928760,+3.47,+16.552, +1.339,+0.893
1666928820,+3.47,+16.535, +1.324,+0.897
1666928880,+3.47,+16.535, +1.301,+0.900
1666928940,+3.47,+16.527, +1.283,+0.901
1666929000,+3.47,+16.510, +1.275,+0.899
1666929060,+3.47,+16.501, +1.278,+0.897
1666929120,+3.47,+16.527, +1.282,+0.894
1666929180,+3.47,+16.484, +1.289,+0.892
1666929240,+3.47,+16.501, +1.297,+0.890
1666929300,+3.47,+16.501, +1.300,+0.892
1666929360,+3.47,+16.510, +1.293,+0.896
1666929420,+3.47,+16.501, +1.280,+0.898
1666929480,+3.47,+16.484, +1.269,+0.899
1666929540,+3.47,+16.493, +1.251,+0.902
1666929600,+3.47,+16.484, +1.236,+0.903
1666929660,+3.47,+16.501, +1.226,+0.902
1666929720,+3.47,+16.484, +1.220,+0.901
1666929780,+3.47,+16.484, +1.205,+0.902
1666929840,+3.47,+16.484, +1.190,+0.903
1666929900,+3.47,+16.467, +1.176,+0.902
1666929960,+3.47,+16.459, +1.159,+0.903
1666930020,+3.47,+16.467, +1.138,+0.905
1666930080,+3.47,+16.476, +1.117,+0.907
1666930140,+3.47,+16.467, +1.099,+0.907
1666930200,+3.47,+16.459, +1.084,+0.907
1666930260,+3.47,+16.442, +1.073,+0.907
1666930320,+3.47,+16.450, +1.067,+0.906
1666930380,+3.47,+16.450, +1.062,+0.905
1666930440,+3.47,+16.459, +1.057,+0.905
1666930500,+3.47,+16.450, +1.054,+0.905
1666930560,+3.47,+16.433, +1.047,+0.906
1666930620,+3.47,+16.442, +1.033,+0.907
1666930680,+3.47,+16.442, +1.011,+0.910
1666930740,+3.47,+16.442, +0.991,+0.910
1666930800,+3.47,+16.433, +0.974,+0.911
1666930860,+3.47,+16.433, +0.957,+0.911
1666930920,+3.47,+16.450, +0.944,+0.910
1666930980,+3.47,+16.433, +0.936,+0.910
1666931040,+3.47,+16.433, +0.931,+0.908
1666931100,+3.47,+16.425, +0.928,+0.908
1666931160,+3.47,+16.442, +0.916,+0.910
1666931220,+3.47,+16.442, +0.910,+0.908
1666931280,+3.47,+16.442, +0.912,+0.907
1666931340,+3.47,+16.450, +0.912,+0.907
1666931400,+3.47,+16.433, +0.913,+0.907
1666931460,+3.47,+16.433, +0.912,+0.908
1666931520,+3.47,+16.442, +0.905,+0.909
1666931580,+3.47,+16.433, +0.895,+0.911
1666931640,+3.47,+16.425, +0.889,+0.911
1666931700,+3.47,+16.433, +0.876,+0.912
1666931760,+3.47,+16.433, +0.865,+0.912
1666931820,+3.47,+16.399, +0.864,+0.911
1666931880,+3.47,+16.442, +0.860,+0.910
1666931940,+3.47,+16.425, +0.850,+0.911
1666932000,+3.47,+16.416, +0.841,+0.912
1666932060,+3.47,+16.416, +0.830,+0.912
1666932120,+3.47,+16.408, +0.823,+0.911
1666932180,+3.47,+16.416, +0.827,+0.909
1666932240,+3.47,+16.408, +0.841,+0.907
1666932300,+3.47,+16.391, +0.834,+0.909
1666932360,+3.47,+16.399, +0.813,+0.912
1666932420,+3.48,+16.382, +0.793,+0.914
1666932480,+3.47,+16.382, +0.759,+0.918
1666932540,+3.47,+16.391, +0.735,+0.919
1666932600,+3.47,+16.365, +0.708,+0.921
1666932660,+3.47,+16.382, +0.678,+0.922
1666932720,+3.47,+16.391, +0.650,+0.924
1666932780,+3.48,+16.382, +0.632,+0.924
1666932840,+3.47,+16.382, +0.636,+0.921
1666932900,+3.47,+16.382, +0.646,+0.919
1666932960,+3.47,+16.374, +0.652,+0.918
1666933020,+3.47,+16.391, +0.647,+0.919
1666933080,+3.47,+16.382, +0.643,+0.921
1666933140,+3.47,+16.365, +0.629,+0.922
1666933200,+3.47,+16.365, +0.615,+0.924
1666933260,+3.47,+16.391, +0.603,+0.924
1666933320,+3.47,+16.382, +0.596,+0.925
1666933380,+3.47,+16.399, +0.587,+0.925
1666933440,+3.47,+16.374, +0.576,+0.926
1666933500,+3.47,+16.391, +0.561,+0.927
1666933560,+3.47,+16.391, +0.546,+0.928
1666933620,+3.47,+16.365, +0.537,+0.928
1666933680,+3.47,+16.382, +0.520,+0.929
1666933740,+3.47,+16.374, +0.504,+0.930
1666933800,+3.47,+16.365, +0.490,+0.930
1666933860,+3.47,+16.357, +0.500,+0.927
1666933920,+3.47,+16.340, +0.544,+0.920
1666933980,+3.48,+16.323, +0.606,+0.912
1666934040,+3.48,+16.323, +0.668,+0.905
1666934100,+3.48,+16.314, +0.732,+0.899
1666934160,+3.47,+16.314, +0.788,+0.895
1666934220,+3.47,+16.305, +0.831,+0.896
1666934280,+3.48,+16.331, +0.850,+0.899
1666934340,+3.48,+16.280, +0.861,+0.901
1666934400,+3.48,+16.288, +0.865,+0.902
1666934460,+3.48,+16.263, +0.877,+0.899
1666934520,+3.48,+16.271, +0.902,+0.895
1666934580,+3.48,+16.280, +0.934,+0.890
1666934640,+3.48,+16.271, +0.969,+0.886
1666934700,+3.48,+16.280, +1.005,+0.883
1666934760,+3.47,+16.288, +1.044,+0.881
1666934820,+3.48,+16.280, +1.083,+0.879
1666934880,+3.48,+16.280, +1.119,+0.878
1666934940,+3.48,+16.263, +1.150,+0.879
1666935000,+3.48,+16.254, +1.181,+0.879
1666935060,+3.48,+16.246, +1.204,+0.879
1666935120,+3.48,+16.229, +1.222,+0.878
1666935180,+3.48,+16.220, +1.242,+0.877
1666935240,+3.48,+16.212, +1.259,+0.877
1666935300,+3.48,+16.220, +1.277,+0.877
1666935360,+3.48,+16.229, +1.295,+0.876
1666935420,+3.48,+16.237, +1.307,+0.878
1666935480,+3.48,+16.237, +1.303,+0.885
1666935540,+3.48,+16.237, +1.274,+0.893
1666935600,+3.48,+16.220, +1.252,+0.897
1666935660,+3.48,+16.237, +1.206,+0.904
1666935720,+3.48,+16.220, +1.189,+0.902
1666935780,+3.48,+16.246, +1.183,+0.898
1666935840,+3.48,+16.203, +1.187,+0.893
1666935900,+3.48,+16.229, +1.196,+0.889
1666935960,+3.48,+16.246, +1.209,+0.886
1666936020,+3.48,+16.237, +1.232,+0.882
1666936080,+3.48,+16.246, +1.252,+0.880
1666936140,+3.48,+16.254, +1.274,+0.878
1666936200,+3.48,+16.254, +1.292,+0.881
1666936260,+3.48,+16.254, +1.283,+0.890
1666936320,+3.48,+16.254, +1.277,+0.893
1666936380,+3.48,+16.263, +1.270,+0.894
1666936440,+3.47,+16.271, +1.268,+0.893
1666936500,+3.48,+16.246, +1.280,+0.890
1666936560,+3.48,+16.263, +1.301,+0.886
1666936620,+3.48,+16.246, +1.326,+0.883
1666936680,+3.48,+16.246, +1.342,+0.883
1666936740,+3.48,+16.263, +1.349,+0.884
1666936800,+3.48,+16.246, +1.360,+0.885
1666936860,+3.48,+16.237, +1.383,+0.886
1666936920,+3.48,+16.263, +1.397,+0.886
1666936980,+3.48,+16.263, +1.412,+0.885
1666937040,+3.48,+16.246, +1.427,+0.884
1666937100,+3.48,+16.254, +1.444,+0.884
1666937160,+3.48,+16.280, +1.456,+0.884
1666937220,+3.47,+16.263, +1.470,+0.883
1666937280,+3.48,+16.280, +1.479,+0.884
1666937340,+3.48,+16.237, +1.493,+0.883
1666937400,+3.47,+16.246, +1.501,+0.883
1666937460,+3.48,+16.254, +1.509,+0.883
1666937520,+3.48,+16.271, +1.517,+0.882
1666937580,+3.48,+16.263, +1.524,+0.882
1666937640,+3.48,+16.271, +1.528,+0.884
1666937700,+3.48,+16.263, +1.531,+0.885
1666937760,+3.48,+16.237, +1.532,+0.887
1666937820,+3.48,+16.254, +1.533,+0.887
1666937880,+3.48,+16.229, +1.540,+0.886
1666937940,+3.48,+16.220, +1.553,+0.884
1666938000,+3.48,+16.212, +1.569,+0.881
1666938060,+3.48,+16.220, +1.580,+0.880
1666938120,+3.48,+16.212, +1.588,+0.880
1666938180,+3.48,+16.195, +1.590,+0.883
1666938240,+3.48,+16.212, +1.581,+0.886
1666938300,+3.48,+16.195, +1.579,+0.888
1666938360,+3.48,+16.203, +1.569,+0.890
1666938420,+3.48,+16.203, +1.555,+0.892
1666938480,+3.48,+16.212, +1.542,+0.893
1666938540,+3.48,+16.212, +1.531,+0.894
1666938600,+3.48,+16.203, +1.525,+0.895
1666938660,+3.48,+16.195, +1.518,+0.895
1666938720,+3.48,+16.186, +1.503,+0.897
1666938780,+3.48,+16.195, +1.490,+0.898
1666938840,+3.48,+16.195, +1.486,+0.897
1666938900,+3.48,+16.203, +1.474,+0.899
1666938960,+3.48,+16.203, +1.445,+0.902
1666939020,+3.48,+16.178, +1.420,+0.904
1666939080,+3.48,+16.186, +1.396,+0.904
1666939140,+3.48,+16.178, +1.377,+0.905
1666939200,+3.48,+16.186, +1.360,+0.904
1666939260,+3.48,+16.169, +1.347,+0.905
1666939320,+3.48,+16.195, +1.329,+0.905
1666939380,+3.48,+16.169, +1.307,+0.906
1666939440,+3.48,+16.161, +1.283,+0.908
1666939500,+3.48,+16.169, +1.265,+0.908
1666939560,+3.48,+16.169, +1.251,+0.907
1666939620,+3.48,+16.161, +1.234,+0.908
1666939680,+3.48,+16.161, +1.214,+0.908
1666939740,+3.48,+16.152, +1.201,+0.909
1666939800,+3.48,+16.161, +1.182,+0.910
1666939860,+3.48,+16.169, +1.161,+0.911
1666939920,+3.48,+16.161, +1.148,+0.910
1666939980,+3.48,+16.161, +1.139,+0.909
1666940040,+3.48,+16.152, +1.124,+0.910
1666940100,+3.48,+16.152, +1.108,+0.910
1666940160,+3.48,+16.161, +1.109,+0.908
1666940220,+3.48,+16.143, +1.119,+0.906
1666940280,+3.48,+16.161, +1.129,+0.903
1666940340,+3.48,+16.143, +1.142,+0.901
1666940400,+3.48,+16.143, +1.153,+0.901
1666940460,+3.48,+16.143, +1.163,+0.900
1666940520,+3.48,+16.169, +1.173,+0.900
1666940580,+3.48,+16.143, +1.175,+0.902
1666940640,+3.48,+16.143, +1.156,+0.907
1666940700,+3.48,+16.118, +1.130,+0.911
1666940760,+3.48,+16.084, +1.107,+0.914
1666940820,+3.48,+16.075, +1.085,+0.915
1666940880,+3.48,+16.067, +1.062,+0.916
1666940940,+3.48,+16.058, +1.040,+0.917
1666941000,+3.48,+16.050, +1.017,+0.918
1666941060,+3.48,+16.033, +0.989,+0.919
1666941120,+3.48,+16.007, +0.963,+0.920
1666941180,+3.48,+16.024, +0.944,+0.919
1666941240,+3.48,+16.024, +0.933,+0.918
1666941300,+3.48,+15.998, +0.927,+0.917
1666941360,+3.48,+16.007, +0.927,+0.916
1666941420,+3.48,+15.981, +0.933,+0.915
1666941480,+3.48,+15.998, +0.937,+0.915
1666941540,+3.48,+16.007, +0.940,+0.914
1666941600,+3.48,+15.973, +0.955,+0.912
1666941660,+3.48,+16.041, +0.994,+0.905
1666941720,+3.48,+16.135, +1.040,+0.898
1666941780,+3.48,+16.212, +1.087,+0.893
1666941840,+3.47,+16.271, +1.137,+0.889
1666941900,+3.48,+16.254, +1.183,+0.887
1666941960,+3.47,+16.288, +1.219,+0.887
1666942020,+3.47,+16.323, +1.252,+0.888
1666942080,+3.47,+16.305, +1.283,+0.888
1666942140,+3.47,+16.314, +1.307,+0.888
1666942200,+3.47,+16.340, +1.330,+0.888
1666942260,+3.47,+16.348, +1.359,+0.887
1666942320,+3.47,+16.365, +1.385,+0.886
1666942380,+3.47,+16.357, +1.410,+0.885
1666942440,+3.47,+16.365, +1.432,+0.885
1666942500,+3.47,+16.399, +1.449,+0.885
1666942560,+3.47,+16.391, +1.469,+0.884
1666942620,+3.47,+16.391, +1.488,+0.884
1666942680,+3.47,+16.416, +1.502,+0.884
1666942740,+3.47,+16.408, +1.516,+0.884
1666942800,+3.47,+16.433, +1.530,+0.884
1666942860,+3.47,+16.425, +1.543,+0.884
1666942920,+3.47,+16.442, +1.552,+0.884
1666942980,+3.47,+16.442, +1.566,+0.884
1666943040,+3.47,+16.459, +1.577,+0.883
1666943100,+3.47,+16.467, +1.587,+0.883
1666943160,+3.47,+16.450, +1.597,+0.883
1666943220,+3.47,+16.476, +1.607,+0.883
1666943280,+3.47,+16.484, +1.612,+0.883
1666943340,+3.47,+16.459, +1.619,+0.883
1666943400,+3.47,+16.484, +1.621,+0.883
1666943460,+3.47,+16.493, +1.624,+0.884
1666943520,+3.47,+16.493, +1.623,+0.885
1666943580,+3.47,+16.467, +1.619,+0.886
1666943640,+3.47,+16.484, +1.613,+0.887
1666943700,+3.47,+16.467, +1.607,+0.888
1666943760,+3.47,+16.493, +1.600,+0.889
1666943820,+3.47,+16.493, +1.597,+0.888
1666943880,+3.47,+16.510, +1.590,+0.889
1666943940,+3.47,+16.493, +1.583,+0.890
1666944000,+3.47,+16.501, +1.575,+0.891
1666944060,+3.47,+16.510, +1.566,+0.891
1666944120,+3.47,+16.510, +1.559,+0.892
1666944180,+3.47,+16.501, +1.552,+0.893
1666944240,+3.47,+16.484, +1.549,+0.893
1666944300,+3.47,+16.510, +1.538,+0.894
1666944360,+3.47,+16.501, +1.529,+0.895
1666944420,+3.47,+16.501, +1.524,+0.895
1666944480,+3.47,+16.501, +1.518,+0.895
1666944540,+3.47,+16.501, +1.512,+0.895
1666944600,+3.47,+16.501, +1.506,+0.895
1666944660,+3.47,+16.518, +1.502,+0.894
1666944720,+3.47,+16.518, +1.503,+0.892
1666944780,+3.47,+16.501, +1.505,+0.892
1666944840,+3.47,+16.527, +1.506,+0.892
1666944900,+3.47,+16.527, +1.504,+0.892
1666944960,+3.47,+16.535, +1.502,+0.892
1666945020,+3.47,+16.535, +1.504,+0.892
1666945080,+3.47,+16.544, +1.504,+0.891
1666945140,+3.47,+16.552, +1.509,+0.890
1666945200,+3.47,+16.544, +1.516,+0.889
1666945260,+3.47,+16.561, +1.522,+0.888
1666945320,+3.47,+16.561, +1.530,+0.887
1666945380,+3.47,+16.569, +1.541,+0.886
1666945440,+3.47,+16.586, +1.556,+0.886
1666945500,+3.47,+16.586, +1.566,+0.885
1666945560,+3.47,+16.578, +1.577,+0.885
1666945620,+3.47,+16.595, +1.585,+0.885
1666945680,+3.47,+16.586, +1.598,+0.885
1666945740,+3.47,+16.586, +1.604,+0.885
1666945800,+3.47,+16.586, +1.603,+0.886
1666945860,+3.47,+16.595, +1.603,+0.887
1666945920,+3.47,+16.595, +1.602,+0.887
1666945980,+3.47,+16.612, +1.607,+0.887
1666946040,+3.47,+16.620, +1.611,+0.886
1666946100,+3.47,+16.620, +1.614,+0.886
1666946160,+3.47,+16.629, +1.614,+0.886
1666946220,+3.47,+16.620, +1.616,+0.886
1666946280,+3.47,+16.620, +1.619,+0.886
1666946340,+3.47,+16.620, +1.622,+0.886
1666946400,+3.47,+16.620, +1.622,+0.887
1666946460,+3.47,+16.646, +1.622,+0.887
1666946520,+3.47,+16.620, +1.626,+0.886
1666946580,+3.47,+16.629, +1.626,+0.887
1666946640,+3.47,+16.646, +1.619,+0.887
1666946700,+3.47,+16.603, +1.620,+0.888
1666946760,+3.47,+16.637, +1.621,+0.888
1666946820,+3.47,+16.629, +1.627,+0.888
1666946880,+3.47,+16.637, +1.629,+0.887
1666946940,+3.47,+16.646, +1.632,+0.888
1666947000,+3.47,+16.646, +1.634,+0.888
1666947060,+3.47,+16.637, +1.633,+0.889
1666947120,+3.47,+16.646, +1.631,+0.890
1666947180,+3.47,+16.646, +1.625,+0.890
1666947240,+3.47,+16.646, +1.618,+0.891
1666947300,+3.47,+16.646, +1.611,+0.891
1666947360,+3.47,+16.654, +1.612,+0.889
1666947420,+3.47,+16.646, +1.614,+0.887
1666947480,+3.47,+16.646, +1.618,+0.886
1666947540,+3.47,+16.654, +1.625,+0.885
1666947600,+3.47,+16.663, +1.635,+0.884
1666947660,+3.47,+16.646, +1.617,+0.885
1666947720,+3.47,+16.663, +1.604,+0.887
1666947780,+3.47,+16.688, +1.592,+0.887
1666947840,+3.47,+16.654, +1.585,+0.888
1666947900,+3.47,+16.654, +1.575,+0.888
1666947960,+3.47,+16.663, +1.565,+0.888
1666948020,+3.47,+16.663, +1.560,+0.888
1666948080,+3.47,+16.654, +1.556,+0.888
1666948140,+3.47,+16.671, +1.551,+0.888
1666948200,+3.47,+16.663, +1.547,+0.888
1666948260,+3.47,+16.654, +1.546,+0.888
1666948320,+3.47,+16.654, +1.542,+0.889
1666948380,+3.47,+16.680, +1.538,+0.889
1666948440,+3.47,+16.671, +1.532,+0.889
1666948500,+3.47,+16.663, +1.528,+0.889
1666948560,+3.47,+16.663, +1.526,+0.889
1666948620,+3.47,+16.646, +1.525,+0.889
1666948680,+3.47,+16.663, +1.523,+0.888
1666948740,+3.47,+16.646, +1.525,+0.889
1666948800,+3.47,+16.646, +1.522,+0.889
1666948860,+3.47,+16.654, +1.524,+0.889
1666948920,+3.47,+16.663, +1.526,+0.888
1666948980,+3.47,+16.671, +1.529,+0.888
1666949040,+3.47,+16.637, +1.534,+0.887
1666949100,+3.47,+16.654, +1.539,+0.887
1666949160,+3.47,+16.654, +1.544,+0.886
1666949220,+3.47,+16.637, +1.545,+0.886
1666949280,+3.47,+16.637, +1.547,+0.886
1666949340,+3.47,+16.646, +1.548,+0.887
1666949400,+3.47,+16.646, +1.549,+0.887
1666949460,+3.47,+16.646, +1.550,+0.887
1666949520,+3.47,+16.663, +1.552,+0.886
1666949580,+3.47,+16.637, +1.560,+0.887
1666949640,+3.47,+16.654, +1.562,+0.887
1666949700,+3.47,+16.646, +1.565,+0.887
1666949760,+3.47,+16.654, +1.564,+0.887
1666949820,+3.47,+16.663, +1.563,+0.887
1666949880,+3.47,+16.671, +1.563,+0.886
1666949940,+3.47,+16.646, +1.567,+0.886
1666950000,+3.47,+16.663, +1.568,+0.886
1666950060,+3.47,+16.654, +1.573,+0.885
1666950120,+3.47,+16.637, +1.578,+0.885
1666950180,+3.47,+16.646, +1.581,+0.884
1666950240,+3.47,+16.629, +1.586,+0.884
1666950300,+3.47,+16.646, +1.590,+0.885
1666950360,+3.47,+16.612, +1.592,+0.885
1666950420,+3.47,+16.595, +1.594,+0.886
1666950480,+3.47,+16.586, +1.590,+0.888
1666950540,+3.47,+16.578, +1.585,+0.889
1666950600,+3.47,+16.595, +1.579,+0.889
1666950660,+3.47,+16.578, +1.576,+0.890
1666950720,+3.47,+16.578, +1.569,+0.891
1666950780,+3.47,+16.578, +1.561,+0.892
1666950840,+3.47,+16.586, +1.552,+0.892
1666950900,+3.47,+16.595, +1.544,+0.891
1666950960,+3.47,+16.561, +1.537,+0.891
1666951020,+3.47,+16.535, +1.524,+0.893
1666951080,+3.47,+16.510, +1.522,+0.892
1666951140,+3.47,+16.518, +1.522,+0.890
1666951200,+3.47,+16.484, +1.529,+0.888
1666951260,+3.47,+16.484, +1.538,+0.886
1666951320,+3.47,+16.459, +1.550,+0.885
1666951380,+3.47,+16.450, +1.559,+0.884
1666951440,+3.47,+16.442, +1.575,+0.883
1666951500,+3.47,+16.425, +1.590,+0.882
1666951560,+3.47,+16.442, +1.602,+0.882
1666951620,+3.47,+16.442, +1.612,+0.882
1666951680,+3.47,+16.416, +1.626,+0.881
1666951740,+3.47,+16.425, +1.636,+0.881
1666951800,+3.47,+16.425, +1.647,+0.881
1666951860,+3.47,+16.399, +1.658,+0.880
1666951920,+3.47,+16.425, +1.659,+0.881
1666951980,+3.47,+16.425, +1.662,+0.882
1666952040,+3.47,+16.408, +1.666,+0.882
1666952100,+3.47,+16.382, +1.673,+0.882
1666952160,+3.47,+16.374, +1.679,+0.882
1666952220,+3.47,+16.408, +1.684,+0.881
1666952280,+3.47,+16.374, +1.695,+0.881
1666952340,+3.47,+16.348, +1.703,+0.881
1666952400,+3.47,+16.357, +1.709,+0.881
1666952460,+3.47,+16.331, +1.717,+0.880
1666952520,+3.47,+16.331, +1.723,+0.880
1666952580,+3.47,+16.314, +1.726,+0.880
1666952640,+3.47,+16.331, +1.725,+0.881
1666952700,+3.47,+16.314, +1.725,+0.881
1666952760,+3.47,+16.297, +1.724,+0.882
1666952820,+3.47,+16.305, +1.721,+0.883
1666952880,+3.47,+16.288, +1.722,+0.883
1666952940,+3.47,+16.271, +1.728,+0.882
1666953000,+3.47,+16.297, +1.729,+0.882
1666953060,+3.47,+16.288, +1.738,+0.881
1666953120,+3.47,+16.288, +1.740,+0.880
1666953180,+3.47,+16.288, +1.743,+0.880
1666953240,+3.47,+16.271, +1.749,+0.879
1666953300,+3.47,+16.280, +1.754,+0.879
1666953360,+3.47,+16.271, +1.759,+0.879
1666953420,+3.47,+16.271, +1.763,+0.879
1666953480,+3.47,+16.254, +1.768,+0.879
1666953540,+3.47,+16.246, +1.772,+0.880
1666953600,+3.47,+16.246, +1.770,+0.880
1666953660,+3.47,+16.246, +1.772,+0.880
1666953720,+3.47,+16.263, +1.768,+0.881
1666953780,+3.47,+16.246, +1.768,+0.881
1666953840,+3.47,+16.220, +1.768,+0.881
1666953900,+3.47,+16.246, +1.766,+0.881
1666953960,+3.47,+16.237, +1.763,+0.881
1666954020,+3.47,+16.254, +1.761,+0.881
1666954080,+3.47,+16.229, +1.758,+0.881
1666954140,+3.47,+16.229, +1.755,+0.882
1666954200,+3.47,+16.203, +1.752,+0.882
1666954260,+3.48,+16.212, +1.749,+0.882
1666954320,+3.47,+16.203, +1.749,+0.882
1666954380,+3.48,+16.203, +1.747,+0.881
1666954440,+3.48,+16.186, +1.747,+0.881
1666954500,+3.48,+16.161, +1.748,+0.881
1666954560,+3.48,+16.169, +1.748,+0.881
1666954620,+3.48,+16.135, +1.748,+0.882
1666954680,+3.48,+16.143, +1.750,+0.882
1666954740,+3.48,+16.143, +1.750,+0.882
1666954800,+3.48,+16.135, +1.751,+0.881
1666954860,+3.48,+16.126, +1.753,+0.881
1666954920,+3.48,+16.135, +1.751,+0.882
1666954980,+3.47,+16.135, +1.752,+0.881
1666955040,+3.48,+16.126, +1.755,+0.881
1666955100,+3.48,+16.101, +1.757,+0.881
1666955160,+3.48,+16.092, +1.762,+0.880
1666955220,+3.48,+16.109, +1.766,+0.880
1666955280,+3.48,+16.084, +1.771,+0.880
1666955340,+3.48,+16.101, +1.777,+0.879
1666955400,+3.48,+16.092, +1.786,+0.879
1666955460,+3.48,+16.075, +1.795,+0.879
1666955520,+3.48,+16.075, +1.801,+0.879
1666955580,+3.48,+16.075, +1.804,+0.879
1666955640,+3.48,+16.075, +1.807,+0.879
1666955700,+3.48,+16.084, +1.809,+0.880
1666955760,+3.48,+16.067, +1.811,+0.880
1666955820,+3.48,+16.041, +1.817,+0.880
1666955880,+3.48,+16.041, +1.817,+0.881
1666955940,+3.48,+16.041, +1.817,+0.881
1666956000,+3.48,+16.058, +1.819,+0.881
1666956060,+3.48,+16.033, +1.819,+0.881
1666956120,+3.48,+15.998, +1.822,+0.881
1666956180,+3.48,+15.973, +1.824,+0.881
1666956240,+3.48,+15.981, +1.819,+0.883
1666956300,+3.48,+15.981, +1.812,+0.884
1666956360,+3.48,+15.981, +1.812,+0.884
1666956420,+3.48,+15.981, +1.814,+0.884
1666956480,+3.48,+15.998, +1.812,+0.884
1666956540,+3.48,+16.007, +1.807,+0.884
1666956600,+3.48,+16.007, +1.802,+0.884
1666956660,+3.48,+16.024, +1.796,+0.884
1666956720,+3.48,+16.007, +1.791,+0.884
1666956780,+3.48,+16.007, +1.789,+0.884
1666956840,+3.48,+15.990, +1.793,+0.883
1666956900,+3.48,+15.981, +1.797,+0.883
1666956960,+3.48,+15.981, +1.800,+0.882
1666957020,+3.48,+15.981, +1.803,+0.882
1666957080,+3.48,+15.998, +1.814,+0.881
1666957140,+3.48,+16.024, +1.823,+0.880
1666957200,+3.48,+16.007, +1.834,+0.879
1666957260,+3.48,+16.007, +1.845,+0.879
1666957320,+3.48,+16.033, +1.850,+0.880
1666957380,+3.48,+16.015, +1.857,+0.880
1666957440,+3.48,+16.015, +1.864,+0.880
1666957500,+3.48,+16.024, +1.872,+0.880
1666957560,+3.48,+16.033, +1.875,+0.879
1666957620,+3.48,+16.015, +1.880,+0.880
1666957680,+3.48,+16.033, +1.877,+0.880
1666957740,+3.48,+16.033, +1.874,+0.881
1666957800,+3.48,+16.033, +1.873,+0.881
1666957860,+3.48,+16.033, +1.868,+0.881
1666957920,+3.48,+16.041, +1.865,+0.881
1666957980,+3.48,+16.033, +1.861,+0.881
1666958040,+3.48,+16.050, +1.857,+0.881
1666958100,+3.48,+16.015, +1.857,+0.881
1666958160,+3.48,+15.998, +1.854,+0.881
1666958220,+3.48,+15.998, +1.848,+0.883
1666958280,+3.48,+15.981, +1.846,+0.883
1666958340,+3.48,+15.990, +1.846,+0.883
1666958400,+3.48,+15.998, +1.848,+0.882
1666958460,+3.48,+16.015, +1.847,+0.881
1666958520,+3.48,+16.024, +1.853,+0.880
1666958580,+3.48,+16.041, +1.856,+0.880
1666958640,+3.48,+16.033, +1.862,+0.880
1666958700,+3.48,+16.041, +1.866,+0.880
1666958760,+3.48,+16.050, +1.868,+0.880
1666958820,+3.48,+16.024, +1.872,+0.879
1666958880,+3.48,+16.050, +1.874,+0.879
1666958940,+3.48,+16.041, +1.875,+0.878
1666959000,+3.48,+16.041, +1.873,+0.879
1666959060,+3.48,+16.024, +1.870,+0.879
1666959120,+3.48,+16.015, +1.874,+0.878
1666959180,+3.48,+16.007, +1.873,+0.878
1666959240,+3.48,+16.015, +1.871,+0.879
1666959300,+3.48,+15.998, +1.872,+0.879
1666959360,+3.48,+15.990, +1.880,+0.878
1666959420,+3.48,+15.998, +1.888,+0.878
1666959480,+3.48,+16.007, +1.895,+0.879
1666959540,+3.48,+15.998, +1.894,+0.881
1666959600,+3.48,+15.990, +1.894,+0.882
1666959660,+3.48,+15.990, +1.897,+0.882
1666959720,+3.48,+15.973, +1.900,+0.881
1666959780,+3.48,+15.973, +1.904,+0.880
1666959840,+3.48,+15.956, +1.909,+0.879
1666959900,+3.48,+15.973, +1.914,+0.878
1666959960,+3.48,+15.964, +1.920,+0.878
1666960020,+3.48,+15.947, +1.930,+0.877
1666960080,+3.48,+15.973, +1.936,+0.877
1666960140,+3.48,+15.956, +1.948,+0.877
1666960200,+3.48,+15.964, +1.955,+0.877
1666960260,+3.48,+15.956, +1.960,+0.877
1666960320,+3.48,+15.939, +1.966,+0.876
1666960380,+3.48,+15.956, +1.972,+0.876
1666960440,+3.48,+15.930, +1.981,+0.876
1666960500,+3.48,+15.930, +1.987,+0.875
1666960560,+3.48,+15.956, +1.995,+0.875
1666960620,+3.48,+15.947, +2.006,+0.875
1666960680,+3.48,+15.939, +2.016,+0.874
1666960740,+3.48,+15.939, +2.026,+0.874
1666960800,+3.48,+15.939, +2.034,+0.874
1666960860,+3.48,+15.930, +2.043,+0.874
1666960920,+3.48,+15.921, +2.049,+0.875
1666960980,+3.48,+15.913, +2.054,+0.874
1666961040,+3.48,+15.913, +2.064,+0.874
1666961100,+3.48,+15.930, +2.070,+0.873
1666961160,+3.48,+15.913, +2.081,+0.873
1666961220,+3.48,+15.930, +2.086,+0.873
1666961280,+3.47,+15.921, +2.095,+0.873
1666961340,+3.47,+15.904, +2.103,+0.873
1666961400,+3.47,+15.913, +2.110,+0.873
1666961460,+3.47,+15.896, +2.120,+0.873
1666961520,+3.47,+15.887, +2.129,+0.873
1666961580,+3.47,+15.887, +2.137,+0.873
1666961640,+3.48,+15.887, +2.144,+0.873
1666961700,+3.47,+15.879, +2.154,+0.873
1666961760,+3.47,+15.887, +2.162,+0.873
1666961820,+3.48,+15.879, +2.171,+0.873
1666961880,+3.48,+15.887, +2.176,+0.873
1666961940,+3.47,+15.862, +2.185,+0.873
1666962000,+3.47,+15.879, +2.190,+0.873
1666962060,+3.47,+15.879, +2.199,+0.872
1666962120,+3.47,+15.853, +2.211,+0.872
1666962180,+3.48,+15.853, +2.221,+0.873
1666962240,+3.48,+15.879, +2.226,+0.873
1666962300,+3.48,+15.853, +2.240,+0.873
1666962360,+3.47,+15.819, +2.260,+0.873
1666962420,+3.47,+15.827, +2.268,+0.872
1666962480,+3.48,+15.845, +2.274,+0.872
1666962540,+3.47,+15.827, +2.284,+0.873
1666962600,+3.47,+15.810, +2.294,+0.873
1666962660,+3.48,+15.810, +2.307,+0.872
1666962720,+3.48,+15.827, +2.315,+0.872
1666962780,+3.48,+15.836, +2.323,+0.873
1666962840,+3.48,+15.827, +2.334,+0.873
1666962900,+3.47,+15.802, +2.341,+0.873
1666962960,+3.48,+15.827, +2.347,+0.873
1666963020,+3.47,+15.810, +2.360,+0.873
1666963080,+3.48,+15.819, +2.370,+0.873
1666963140,+3.47,+15.810, +2.373,+0.874
1666963200,+3.48,+15.819, +2.372,+0.874
1666963260,+3.48,+15.819, +2.374,+0.874
1666963320,+3.48,+15.827, +2.374,+0.875
1666963380,+3.48,+15.827, +2.377,+0.875
1666963440,+3.48,+15.810, +2.379,+0.875
1666963500,+3.48,+15.768, +2.386,+0.875
1666963560,+3.48,+15.793, +2.384,+0.875
1666963620,+3.47,+15.785, +2.381,+0.875
1666963680,+3.48,+15.802, +2.376,+0.876
1666963740,+3.48,+15.793, +2.375,+0.876
1666963800,+3.47,+15.793, +2.373,+0.876
1666963860,+3.48,+15.810, +2.367,+0.876
1666963920,+3.48,+15.785, +2.365,+0.877
1666963980,+3.48,+15.776, +2.366,+0.876
1666964040,+3.48,+15.802, +2.358,+0.876
1666964100,+3.47,+15.793, +2.356,+0.877
1666964160,+3.48,+15.793, +2.353,+0.876
1666964220,+3.48,+15.776, +2.355,+0.877
1666964280,+3.47,+15.802, +2.348,+0.877
1666964340,+3.47,+15.793, +2.347,+0.877
1666964400,+3.47,+15.802, +2.346,+0.877
1666964460,+3.48,+15.793, +2.346,+0.876
1666964520,+3.48,+15.768, +2.347,+0.876
1666964580,+3.47,+15.759, +2.348,+0.876
1666964640,+3.47,+15.785, +2.346,+0.876
1666964700,+3.47,+15.750, +2.353,+0.876
1666964760,+3.47,+15.768, +2.357,+0.876
1666964820,+3.47,+15.776, +2.360,+0.876
1666964880,+3.47,+15.759, +2.369,+0.876
1666964940,+3.47,+15.768, +2.375,+0.875
1666965000,+3.47,+15.776, +2.384,+0.875
1666965060,+3.47,+15.759, +2.392,+0.875
1666965120,+3.47,+15.759, +2.401,+0.875
1666965180,+3.47,+15.768, +2.408,+0.875
1666965240,+3.47,+15.759, +2.418,+0.875
1666965300,+3.47,+15.768, +2.425,+0.875
1666965360,+3.47,+15.768, +2.431,+0.875
1666965420,+3.47,+15.759, +2.440,+0.875
1666965480,+3.47,+15.759, +2.453,+0.875
1666965540,+3.47,+15.768, +2.463,+0.875
1666965600,+3.47,+15.768, +2.474,+0.875
1666965660,+3.47,+15.742, +2.486,+0.875
1666965720,+3.47,+15.759, +2.490,+0.875
1666965780,+3.47,+15.750, +2.494,+0.875
1666965840,+3.47,+15.768, +2.496,+0.876
1666965900,+3.47,+15.776, +2.497,+0.876
1666965960,+3.47,+15.750, +2.499,+0.876
1666966020,+3.47,+15.759, +2.504,+0.877
1666966080,+3.47,+15.768, +2.508,+0.877
1666966140,+3.47,+15.768, +2.507,+0.877
1666966200,+3.47,+15.750, +2.505,+0.877
1666966260,+3.47,+15.759, +2.510,+0.877
1666966320,+3.47,+15.750, +2.513,+0.877
1666966380,+3.47,+15.776, +2.512,+0.877
1666966440,+3.47,+15.768, +2.518,+0.877
1666966500,+3.47,+15.768, +2.519,+0.877
1666966560,+3.47,+15.759, +2.523,+0.877
1666966620,+3.47,+15.750, +2.526,+0.877
1666966680,+3.47,+15.785, +2.530,+0.877
1666966740,+3.47,+15.785, +2.535,+0.877
1666966800,+3.47,+15.776, +2.538,+0.878
1666966860,+3.47,+15.776, +2.540,+0.878
1666966920,+3.48,+15.793, +2.538,+0.879
1666966980,+3.48,+15.802, +2.542,+0.879
1666967040,+3.47,+15.768, +2.549,+0.879
1666967100,+3.48,+15.802, +2.549,+0.879
1666967160,+3.48,+15.802, +2.548,+0.879
1666967220,+3.47,+15.768, +2.549,+0.880
1666967280,+3.48,+15.810, +2.544,+0.880
1666967340,+3.48,+15.793, +2.546,+0.880
1666967400,+3.47,+15.793, +2.543,+0.880
1666967460,+3.47,+15.810, +2.534,+0.881
1666967520,+3.48,+15.802, +2.533,+0.881
1666967580,+3.48,+15.810, +2.535,+0.880
1666967640,+3.47,+15.785, +2.541,+0.880
1666967700,+3.47,+15.802, +2.537,+0.881
1666967760,+3.47,+15.768, +2.536,+0.881
1666967820,+3.47,+15.793, +2.530,+0.881
1666967880,+3.47,+15.793, +2.531,+0.881
1666967940,+3.47,+15.785, +2.526,+0.881
1666968000,+3.48,+15.793, +2.519,+0.883
1666968060,+3.48,+15.810, +2.516,+0.883
1666968120,+3.48,+15.802, +2.518,+0.882
1666968180,+3.48,+15.819, +2.510,+0.883
1666968240,+3.48,+15.810, +2.500,+0.885
1666968300,+3.47,+15.836, +2.489,+0.885
1666968360,+3.47,+15.827, +2.481,+0.886
1666968420,+3.47,+15.853, +2.472,+0.886
1666968480,+3.48,+15.870, +2.463,+0.886
1666968540,+3.47,+15.862, +2.455,+0.887
1666968600,+3.47,+15.870, +2.447,+0.887
1666968660,+3.47,+15.879, +2.438,+0.887
1666968720,+3.48,+15.887, +2.428,+0.887
1666968780,+3.47,+15.887, +2.418,+0.888
1666968840,+3.48,+15.896, +2.407,+0.888
1666968900,+3.47,+15.904, +2.399,+0.888
1666968960,+3.47,+15.913, +2.391,+0.888
1666969020,+3.48,+15.904, +2.383,+0.888
1666969080,+3.47,+15.904, +2.375,+0.888
1666969140,+3.47,+15.921, +2.364,+0.888
1666969200,+3.47,+15.930, +2.351,+0.889
1666969260,+3.47,+15.930, +2.359,+0.888
1666969320,+3.47,+15.939, +2.357,+0.888
1666969380,+3.47,+15.930, +2.354,+0.888
1666969440,+3.47,+15.964, +2.346,+0.887
1666969500,+3.47,+15.939, +2.338,+0.888
1666969560,+3.47,+15.947, +2.328,+0.889
1666969620,+3.47,+15.939, +2.317,+0.889
1666969680,+3.47,+15.930, +2.308,+0.890
1666969740,+3.47,+15.939, +2.298,+0.890
1666969800,+3.47,+15.930, +2.293,+0.890
1666969860,+3.47,+15.921, +2.287,+0.890
1666969920,+3.47,+15.904, +2.282,+0.889
1666969980,+3.47,+15.904, +2.277,+0.889
1666970040,+3.47,+15.896, +2.269,+0.889
1666970100,+3.47,+15.921, +2.263,+0.889
1666970160,+3.47,+15.904, +2.261,+0.889
1666970220,+3.47,+15.896, +2.258,+0.889
1666970280,+3.47,+15.887, +2.255,+0.889
1666970340,+3.47,+15.862, +2.251,+0.889
1666970400,+3.47,+15.879, +2.245,+0.889
1666970460,+3.47,+15.853, +2.247,+0.889
1666970520,+3.48,+15.845, +2.244,+0.889
1666970580,+3.47,+15.836, +2.241,+0.889
1666970640,+3.47,+15.819, +2.242,+0.889
1666970700,+3.47,+15.793, +2.244,+0.888
1666970760,+3.47,+15.793, +2.242,+0.888
1666970820,+3.47,+15.785, +2.239,+0.889
1666970880,+3.47,+15.776, +2.234,+0.889
1666970940,+3.47,+15.759, +2.233,+0.890
1666971000,+3.47,+15.742, +2.231,+0.889
1666971060,+3.47,+15.750, +2.230,+0.889
1666971120,+3.47,+15.733, +2.231,+0.889
1666971180,+3.47,+15.725, +2.232,+0.889
1666971240,+3.47,+15.708, +2.233,+0.889
1666971300,+3.47,+15.708, +2.237,+0.888
1666971360,+3.47,+15.708, +2.241,+0.888
1666971420,+3.47,+15.716, +2.243,+0.888
1666971480,+3.47,+15.691, +2.245,+0.888
1666971540,+3.47,+15.665, +2.241,+0.889
1666971600,+3.47,+15.656, +2.241,+0.889
1666971660,+3.47,+15.656, +2.243,+0.889
1666971720,+3.47,+15.648, +2.248,+0.888
1666971780,+3.47,+15.656, +2.253,+0.887
1666971840,+3.47,+15.648, +2.255,+0.887
1666971900,+3.47,+15.673, +2.258,+0.886
1666971960,+3.47,+15.673, +2.258,+0.886
1666972020,+3.47,+15.682, +2.256,+0.887
1666972080,+3.47,+15.699, +2.253,+0.887
1666972140,+3.47,+15.673, +2.256,+0.887
1666972200,+3.47,+15.673, +2.258,+0.887
1666972260,+3.47,+15.716, +2.261,+0.887
1666972320,+3.47,+15.691, +2.270,+0.886
1666972380,+3.47,+15.682, +2.273,+0.886
1666972440,+3.47,+15.699, +2.274,+0.886
1666972500,+3.47,+15.699, +2.276,+0.886
1666972560,+3.47,+15.725, +2.272,+0.886
1666972620,+3.47,+15.733, +2.271,+0.886
1666972680,+3.47,+15.759, +2.271,+0.886
1666972740,+3.47,+15.733, +2.271,+0.886
1666972800,+3.47,+15.750, +2.266,+0.887
1666972860,+3.47,+15.759, +2.261,+0.888
1666972920,+3.47,+15.759, +2.261,+0.888
1666972980,+3.47,+15.759, +2.259,+0.887
1666973040,+3.47,+15.776, +2.254,+0.888
1666973100,+3.47,+15.768, +2.248,+0.888
1666973160,+3.47,+15.776, +2.248,+0.888
1666973220,+3.47,+15.802, +2.254,+0.887
1666973280,+3.47,+15.785, +2.269,+0.885
1666973340,+3.47,+15.827, +2.278,+0.884
1666973400,+3.47,+15.836, +2.288,+0.884
1666973460,+3.47,+15.827, +2.299,+0.883
1666973520,+3.47,+15.853, +2.305,+0.884
1666973580,+3.47,+15.853, +2.314,+0.884
1666973640,+3.47,+15.879, +2.321,+0.883
1666973700,+3.47,+15.870, +2.328,+0.884
1666973760,+3.47,+15.887, +2.328,+0.884
1666973820,+3.47,+15.887, +2.328,+0.885
1666973880,+3.47,+15.904, +2.321,+0.887
1666973940,+3.47,+15.904, +2.321,+0.887
1666974000,+3.47,+15.904, +2.320,+0.887
1666974060,+3.47,+15.896, +2.320,+0.887
1666974120,+3.47,+15.904, +2.322,+0.886
1666974180,+3.47,+15.930, +2.323,+0.886
1666974240,+3.47,+15.930, +2.323,+0.886
1666974300,+3.47,+15.921, +2.324,+0.886
1666974360,+3.47,+15.930, +2.317,+0.887
1666974420,+3.47,+15.939, +2.311,+0.888
1666974480,+3.47,+15.947, +2.301,+0.889
1666974540,+3.47,+15.939, +2.299,+0.889
1666974600,+3.47,+15.913, +2.299,+0.888
1666974660,+3.47,+15.939, +2.296,+0.888
1666974720,+3.47,+15.947, +2.288,+0.888
1666974780,+3.47,+15.930, +2.283,+0.889
1666974840,+3.47,+15.939, +2.277,+0.889
1666974900,+3.47,+15.956, +2.272,+0.889
1666974960,+3.47,+15.947, +2.272,+0.888
1666975020,+3.47,+15.947, +2.271,+0.888
1666975080,+3.47,+15.939, +2.267,+0.888
1666975140,+3.47,+15.956, +2.266,+0.888
1666975200,+3.47,+15.947, +2.266,+0.888
1666975260,+3.47,+15.956, +2.267,+0.888
1666975320,+3.47,+15.947, +2.267,+0.888
1666975380,+3.47,+15.956, +2.270,+0.888
1666975440,+3.47,+15.947, +2.270,+0.888
1666975500,+3.47,+15.947, +2.268,+0.887
1666975560,+3.47,+15.947, +2.272,+0.887
1666975620,+3.47,+15.947, +2.270,+0.887
1666975680,+3.47,+15.956, +2.276,+0.887
