7450-383325
OS REV: 1.05 Sensor Cal: 1644949570
Time (sec),  BV (Volts),  T (deg C),  DO (mg/l),  Q ()
1664210940,+3.49,+19.196, +8.645,+0.965
1664211000,+3.49,+19.213, +8.658,+0.965
1664211060,+3.49,+19.213, +8.703,+0.965
1664211120,+3.49,+19.221, +8.729,+0.965
1664211180,+3.49,+19.238, +8.714,+0.965
1664211240,+3.49,+19.246, +8.714,+0.965
1664211300,+3.49,+19.229, +8.783,+0.965
1664211360,+3.49,+19.229, +8.819,+0.965
1664211420,+3.49,+19.221, +8.850,+0.965
1664211480,+3.49,+19.221, +8.848,+0.965
1664211540,+3.49,+19.255, +8.878,+0.965
1664211600,+3.49,+19.255, +8.868,+0.965
1664211660,+3.49,+19.255, +8.853,+0.965
1664211720,+3.49,+19.255, +8.816,+0.965
1664211780,+3.49,+19.263, +8.850,+0.965
1664211840,+3.49,+19.246, +8.836,+0.965
1664211900,+3.49,+19.238, +8.844,+0.965
1664211960,+3.49,+19.213, +8.811,+0.965
1664212020,+3.49,+19.221, +8.773,+0.965
1664212080,+3.49,+19.204, +8.779,+0.965
1664212140,+3.49,+19.229, +8.734,+0.965
1664212200,+3.49,+19.221, +8.734,+0.965
1664212260,+3.49,+19.204, +8.692,+0.965
1664212320,+3.49,+19.221, +8.651,+0.965
1664212380,+3.49,+19.196, +8.636,+0.965
1664212440,+3.49,+19.196, +8.635,+0.965
1664212500,+3.49,+19.196, +8.754,+0.965
1664212560,+3.49,+19.213, +8.777,+0.965
1664212620,+3.49,+19.221, +8.695,+0.964
1664212680,+3.49,+19.196, +8.696,+0.965
1664212740,+3.49,+19.179, +8.680,+0.965
1664212800,+3.49,+19.204, +8.731,+0.965
1664212860,+3.49,+19.196, +8.755,+0.965
1664212920,+3.49,+19.204, +8.733,+0.965
1664212980,+3.49,+19.213, +8.746,+0.965
1664213040,+3.49,+19.229, +8.753,+0.965
1664213100,+3.49,+19.229, +8.776,+0.965
1664213160,+3.49,+19.213, +8.860,+0.965
1664213220,+3.49,+19.213, +8.871,+0.965
1664213280,+3.49,+19.213, +8.884,+0.965
1664213340,+3.49,+19.229, +8.887,+0.965
1664213400,+3.49,+19.221, +8.903,+0.965
1664213460,+3.49,+19.221, +8.942,+0.965
1664213520,+3.49,+19.221, +8.904,+0.965
1664213580,+3.49,+19.213, +8.889,+0.965
1664213640,+3.49,+19.221, +8.870,+0.965
1664213700,+3.49,+19.229, +8.843,+0.965
1664213760,+3.49,+19.246, +8.819,+0.965
1664213820,+3.49,+19.238, +8.837,+0.965
1664213880,+3.49,+19.221, +8.803,+0.965
1664213940,+3.49,+19.221, +8.772,+0.965
1664214000,+3.49,+19.238, +8.764,+0.965
1664214060,+3.49,+19.213, +8.770,+0.966
1664214120,+3.49,+19.204, +8.775,+0.965
1664214180,+3.49,+19.213, +8.789,+0.965
1664214240,+3.49,+19.221, +8.771,+0.965
1664214300,+3.49,+19.221, +8.760,+0.965
1664214360,+3.49,+19.221, +8.668,+0.965
1664214420,+3.49,+19.221, +8.677,+0.965
1664214480,+3.49,+19.246, +8.609,+0.965
1664214540,+3.49,+19.246, +8.538,+0.965
1664214600,+3.49,+19.238, +8.623,+0.965
1664214660,+3.49,+19.246, +8.721,+0.965
1664214720,+3.49,+19.246, +8.756,+0.965
1664214780,+3.49,+19.263, +8.682,+0.965
1664214840,+3.49,+19.255, +8.651,+0.965
1664214900,+3.49,+19.271, +8.538,+0.965
1664214960,+3.49,+19.271, +8.676,+0.965
1664215020,+3.49,+19.280, +8.766,+0.966
1664215080,+3.49,+19.271, +8.782,+0.965
1664215140,+3.49,+19.288, +8.859,+0.965
1664215200,+3.49,+19.297, +8.923,+0.965
1664215260,+3.49,+19.297, +8.858,+0.965
1664215320,+3.49,+19.305, +8.959,+0.965
1664215380,+3.49,+19.297, +9.120,+0.965
1664215440,+3.49,+19.305, +9.177,+0.965
1664215500,+3.49,+19.305, +9.108,+0.965
1664215560,+3.49,+19.305, +9.085,+0.965
1664215620,+3.49,+19.330, +9.077,+0.965
1664215680,+3.49,+19.322, +9.141,+0.965
1664215740,+3.49,+19.313, +9.192,+0.965
1664215800,+3.49,+19.322, +9.233,+0.966
1664215860,+3.49,+19.330, +9.235,+0.965
1664215920,+3.49,+19.330, +9.244,+0.965
1664215980,+3.49,+19.330, +9.203,+0.966
1664216040,+3.49,+19.313, +9.202,+0.965
1664216100,+3.49,+19.330, +9.218,+0.966
1664216160,+3.49,+19.338, +9.157,+0.965
1664216220,+3.49,+19.330, +9.241,+0.965
1664216280,+3.49,+19.347, +9.228,+0.965
1664216340,+3.49,+19.338, +9.266,+0.965
1664216400,+3.49,+19.338, +9.141,+0.965
1664216460,+3.49,+19.355, +9.140,+0.965
1664216520,+3.49,+19.355, +9.203,+0.965
1664216580,+3.49,+19.372, +9.160,+0.965
1664216640,+3.49,+19.347, +9.252,+0.965
1664216700,+3.49,+19.364, +9.272,+0.965
1664216760,+3.48,+19.389, +9.239,+0.965
1664216820,+3.49,+19.364, +9.318,+0.965
1664216880,+3.49,+19.380, +9.356,+0.965
1664216940,+3.49,+19.389, +9.350,+0.965
1664217000,+3.49,+19.397, +9.359,+0.965
1664217060,+3.49,+19.414, +9.343,+0.965
1664217120,+3.49,+19.422, +9.257,+0.965
1664217180,+3.49,+19.439, +9.277,+0.965
1664217240,+3.49,+19.431, +9.313,+0.965
1664217300,+3.48,+19.439, +9.405,+0.966
1664217360,+3.48,+19.431, +9.389,+0.965
1664217420,+3.48,+19.473, +9.547,+0.965
1664217480,+3.48,+19.490, +9.807,+0.966
1664217540,+3.48,+19.506, +9.842,+0.965
1664217600,+3.48,+19.548, +9.913,+0.966
1664217660,+3.48,+19.565, +9.927,+0.965
1664217720,+3.48,+19.590, +9.904,+0.966
1664217780,+3.48,+19.599,+10.000,+0.965
1664217840,+3.48,+19.641,+10.124,+0.966
1664217900,+3.48,+19.632,+10.187,+0.966
1664217960,+3.48,+19.641,+10.175,+0.966
1664218020,+3.48,+19.632,+10.124,+0.966
1664218080,+3.48,+19.666,+10.064,+0.966
1664218140,+3.48,+19.666,+10.176,+0.966
1664218200,+3.48,+19.666,+10.244,+0.966
1664218260,+3.48,+19.649,+10.222,+0.966
1664218320,+3.48,+19.699,+10.257,+0.966
1664218380,+3.48,+19.716,+10.236,+0.965
1664218440,+3.48,+19.716,+10.222,+0.965
1664218500,+3.48,+19.741,+10.252,+0.966
1664218560,+3.48,+19.758,+10.177,+0.966
1664218620,+3.48,+19.758,+10.085,+0.966
1664218680,+3.48,+19.758,+10.149,+0.966
1664218740,+3.48,+19.791,+10.122,+0.966
1664218800,+3.48,+19.808,+10.085,+0.965
1664218860,+3.48,+19.800,+10.111,+0.966
1664218920,+3.48,+19.833, +9.987,+0.966
1664218980,+3.48,+19.833, +9.945,+0.966
1664219040,+3.48,+19.842, +9.998,+0.965
1664219100,+3.48,+19.858,+10.149,+0.966
1664219160,+3.48,+19.850,+10.197,+0.966
1664219220,+3.48,+19.867,+10.158,+0.965
1664219280,+3.48,+19.867,+10.157,+0.966
1664219340,+3.48,+19.875,+10.172,+0.966
1664219400,+3.48,+19.875,+10.194,+0.966
1664219460,+3.48,+19.884,+10.126,+0.966
1664219520,+3.48,+19.875,+10.144,+0.966
1664219580,+3.48,+19.875,+10.041,+0.966
1664219640,+3.48,+19.884, +9.968,+0.966
1664219700,+3.48,+19.892, +9.944,+0.965
1664219760,+3.48,+19.909, +9.870,+0.966
1664219820,+3.48,+19.909, +9.914,+0.965
1664219880,+3.48,+19.909,+10.005,+0.966
1664219940,+3.48,+19.900,+10.082,+0.966
1664220000,+3.48,+19.909,+10.216,+0.966
1664220060,+3.48,+19.926,+10.296,+0.966
1664220120,+3.48,+19.959,+10.312,+0.966
1664220180,+3.48,+19.926,+10.323,+0.966
1664220240,+3.48,+19.917,+10.329,+0.966
1664220300,+3.48,+19.926,+10.314,+0.965
1664220360,+3.48,+19.934,+10.320,+0.966
1664220420,+3.48,+19.934,+10.290,+0.966
1664220480,+3.48,+19.926,+10.281,+0.966
1664220540,+3.48,+19.934,+10.271,+0.966
1664220600,+3.48,+19.934,+10.256,+0.966
1664220660,+3.48,+19.942,+10.301,+0.966
1664220720,+3.48,+19.926,+10.323,+0.965
1664220780,+3.48,+19.917,+10.338,+0.966
1664220840,+3.48,+19.934,+10.352,+0.965
1664220900,+3.48,+19.942,+10.364,+0.966
1664220960,+3.48,+19.959,+10.350,+0.966
1664221020,+3.48,+19.926,+10.308,+0.966
1664221080,+3.48,+19.917,+10.251,+0.966
1664221140,+3.48,+19.909,+10.204,+0.966
1664221200,+3.48,+19.875,+10.157,+0.966
1664221260,+3.48,+19.875,+10.081,+0.965
1664221320,+3.48,+19.875,+10.077,+0.965
1664221380,+3.48,+19.875,+10.063,+0.966
1664221440,+3.48,+19.867, +9.980,+0.965
1664221500,+3.48,+19.892, +9.995,+0.965
1664221560,+3.48,+19.884,+10.004,+0.966
1664221620,+3.48,+19.884, +9.960,+0.965
1664221680,+3.48,+19.917, +9.965,+0.965
1664221740,+3.48,+19.917,+10.005,+0.966
1664221800,+3.48,+19.909, +9.882,+0.965
1664221860,+3.48,+19.934, +9.742,+0.965
1664221920,+3.48,+19.917, +9.726,+0.965
1664221980,+3.48,+19.942, +9.704,+0.966
1664222040,+3.48,+19.942, +9.601,+0.965
1664222100,+3.48,+19.942, +9.524,+0.965
1664222160,+3.48,+19.959, +9.519,+0.966
1664222220,+3.48,+19.967, +9.583,+0.966
1664222280,+3.48,+19.976, +9.630,+0.966
1664222340,+3.48,+19.976, +9.761,+0.965
1664222400,+3.48,+19.993, +9.830,+0.965
1664222460,+3.48,+20.001, +9.855,+0.966
1664222520,+3.48,+19.993, +9.846,+0.966
1664222580,+3.48,+20.001, +9.876,+0.966
1664222640,+3.48,+19.984, +9.857,+0.965
1664222700,+3.48,+19.993, +9.846,+0.965
1664222760,+3.48,+19.967, +9.782,+0.965
1664222820,+3.48,+19.892, +9.762,+0.965
1664222880,+3.48,+19.875, +9.749,+0.965
1664222940,+3.48,+19.875, +9.727,+0.965
1664223000,+3.48,+19.875, +9.728,+0.966
1664223060,+3.48,+19.875, +9.619,+0.965
1664223120,+3.48,+19.858, +9.760,+0.965
1664223180,+3.48,+19.875, +9.795,+0.965
1664223240,+3.48,+19.867, +9.717,+0.966
1664223300,+3.48,+19.875, +9.778,+0.965
1664223360,+3.48,+19.850, +9.742,+0.966
1664223420,+3.48,+19.858, +9.697,+0.965
1664223480,+3.48,+19.858, +9.646,+0.966
1664223540,+3.48,+19.858, +9.671,+0.966
1664223600,+3.48,+19.850, +9.699,+0.965
1664223660,+3.48,+19.842, +9.672,+0.965
1664223720,+3.48,+19.833, +9.691,+0.965
1664223780,+3.48,+19.842, +9.769,+0.965
1664223840,+3.48,+19.858, +9.804,+0.965
1664223900,+3.48,+19.867, +9.847,+0.965
1664223960,+3.48,+19.875, +9.877,+0.965
1664224020,+3.48,+19.875, +9.934,+0.966
1664224080,+3.48,+19.875, +9.864,+0.965
1664224140,+3.48,+19.884, +9.825,+0.966
1664224200,+3.48,+19.875, +9.851,+0.965
1664224260,+3.48,+19.875, +9.921,+0.965
1664224320,+3.48,+19.892, +9.924,+0.966
1664224380,+3.48,+19.892, +9.933,+0.966
1664224440,+3.48,+19.892, +9.908,+0.966
1664224500,+3.48,+19.884, +9.960,+0.966
1664224560,+3.48,+19.892,+10.022,+0.966
1664224620,+3.48,+19.892,+10.201,+0.965
1664224680,+3.48,+19.900,+10.242,+0.966
1664224740,+3.48,+19.900,+10.305,+0.966
1664224800,+3.48,+19.900,+10.357,+0.966
1664224860,+3.48,+19.909,+10.350,+0.966
1664224920,+3.48,+19.909,+10.276,+0.966
1664224980,+3.48,+19.909,+10.264,+0.965
1664225040,+3.48,+19.900,+10.372,+0.966
1664225100,+3.48,+19.900,+10.439,+0.966
1664225160,+3.48,+19.909,+10.447,+0.966
1664225220,+3.48,+19.892,+10.449,+0.966
1664225280,+3.48,+19.909,+10.439,+0.966
1664225340,+3.48,+19.909,+10.442,+0.966
1664225400,+3.48,+19.909,+10.437,+0.966
1664225460,+3.48,+19.917,+10.416,+0.966
1664225520,+3.48,+19.909,+10.431,+0.965
1664225580,+3.48,+19.942,+10.435,+0.966
1664225640,+3.48,+19.917,+10.467,+0.966
1664225700,+3.48,+19.942,+10.539,+0.966
1664225760,+3.48,+19.951,+10.627,+0.966
1664225820,+3.48,+19.942,+10.650,+0.966
1664225880,+3.48,+19.976,+10.680,+0.966
1664225940,+3.48,+19.967,+10.737,+0.966
1664226000,+3.48,+19.967,+10.744,+0.966
1664226060,+3.48,+19.976,+10.712,+0.966
1664226120,+3.48,+19.984,+10.738,+0.966
1664226180,+3.48,+19.976,+10.763,+0.966
1664226240,+3.48,+19.984,+10.771,+0.966
1664226300,+3.48,+20.018,+10.770,+0.966
1664226360,+3.48,+19.993,+10.808,+0.966
1664226420,+3.48,+20.001,+10.829,+0.966
1664226480,+3.48,+20.026,+10.831,+0.966
1664226540,+3.48,+20.034,+10.836,+0.966
1664226600,+3.48,+20.034,+10.837,+0.966
1664226660,+3.48,+20.018,+10.860,+0.966
1664226720,+3.48,+20.026,+10.869,+0.966
1664226780,+3.48,+20.034,+10.893,+0.966
1664226840,+3.48,+20.026,+10.915,+0.966
1664226900,+3.48,+20.034,+10.919,+0.966
1664226960,+3.48,+20.034,+10.922,+0.966
1664227020,+3.48,+20.026,+10.942,+0.967
1664227080,+3.48,+20.051,+10.923,+0.966
1664227140,+3.48,+20.018,+10.922,+0.965
1664227200,+3.48,+20.034,+10.929,+0.965
1664227260,+3.48,+20.034,+10.957,+0.966
1664227320,+3.48,+20.026,+10.931,+0.966
1664227380,+3.48,+20.026,+10.901,+0.966
1664227440,+3.48,+20.026,+10.874,+0.966
1664227500,+3.48,+20.009,+10.845,+0.966
1664227560,+3.48,+20.009,+10.813,+0.966
1664227620,+3.48,+20.018,+10.857,+0.966
1664227680,+3.48,+20.043,+10.835,+0.966
1664227740,+3.48,+20.009,+10.829,+0.966
1664227800,+3.48,+19.993,+10.831,+0.966
1664227860,+3.48,+20.018,+10.838,+0.966
1664227920,+3.48,+20.009,+10.845,+0.966
1664227980,+3.48,+20.009,+10.781,+0.966
1664228040,+3.48,+20.001,+10.718,+0.966
1664228100,+3.48,+20.001,+10.676,+0.966
1664228160,+3.48,+19.976,+10.667,+0.966
1664228220,+3.48,+19.976,+10.638,+0.966
1664228280,+3.48,+19.976,+10.609,+0.966
1664228340,+3.48,+19.967,+10.592,+0.966
1664228400,+3.48,+19.959,+10.575,+0.966
1664228460,+3.48,+19.959,+10.567,+0.966
1664228520,+3.48,+19.951,+10.557,+0.966
1664228580,+3.48,+19.934,+10.550,+0.966
1664228640,+3.48,+19.959,+10.514,+0.965
1664228700,+3.48,+19.959,+10.500,+0.966
1664228760,+3.48,+19.926,+10.486,+0.965
1664228820,+3.48,+19.926,+10.486,+0.966
1664228880,+3.48,+19.951,+10.447,+0.966
1664228940,+3.48,+19.917,+10.445,+0.966
1664229000,+3.48,+19.934,+10.438,+0.966
1664229060,+3.48,+19.917,+10.447,+0.965
1664229120,+3.48,+19.909,+10.439,+0.966
1664229180,+3.48,+19.900,+10.415,+0.965
1664229240,+3.48,+19.900,+10.417,+0.966
1664229300,+3.48,+19.900,+10.394,+0.965
1664229360,+3.48,+19.875,+10.397,+0.966
1664229420,+3.48,+19.892,+10.383,+0.965
1664229480,+3.48,+19.858,+10.399,+0.966
1664229540,+3.48,+19.884,+10.400,+0.966
1664229600,+3.48,+19.875,+10.408,+0.966
1664229660,+3.48,+19.867,+10.403,+0.966
1664229720,+3.48,+19.858,+10.377,+0.966
1664229780,+3.48,+19.850,+10.345,+0.965
1664229840,+3.48,+19.833,+10.328,+0.965
1664229900,+3.48,+19.842,+10.333,+0.966
1664229960,+3.48,+19.833,+10.345,+0.965
1664230020,+3.48,+19.817,+10.353,+0.965
1664230080,+3.48,+19.842,+10.342,+0.966
1664230140,+3.48,+19.817,+10.332,+0.965
1664230200,+3.48,+19.817,+10.324,+0.965
1664230260,+3.48,+19.808,+10.353,+0.965
1664230320,+3.48,+19.791,+10.362,+0.966
1664230380,+3.48,+19.800,+10.363,+0.966
1664230440,+3.48,+19.783,+10.398,+0.966
1664230500,+3.48,+19.783,+10.405,+0.966
1664230560,+3.48,+19.791,+10.366,+0.966
1664230620,+3.48,+19.800,+10.280,+0.965
1664230680,+3.48,+19.808,+10.233,+0.966
1664230740,+3.48,+19.817,+10.206,+0.965
1664230800,+3.48,+19.791,+10.196,+0.966
1664230860,+3.48,+19.825,+10.183,+0.966
1664230920,+3.48,+19.808,+10.195,+0.966
1664230980,+3.48,+19.808,+10.176,+0.965
1664231040,+3.48,+19.791,+10.182,+0.965
1664231100,+3.48,+19.800,+10.183,+0.966
1664231160,+3.48,+19.800,+10.163,+0.965
1664231220,+3.48,+19.808,+10.156,+0.966
1664231280,+3.48,+19.800,+10.131,+0.966
1664231340,+3.48,+19.791,+10.154,+0.966
1664231400,+3.48,+19.800,+10.144,+0.966
1664231460,+3.48,+19.791,+10.127,+0.965
1664231520,+3.48,+19.800,+10.130,+0.965
1664231580,+3.48,+19.791,+10.138,+0.965
1664231640,+3.48,+19.800,+10.116,+0.966
1664231700,+3.48,+19.783,+10.112,+0.966
1664231760,+3.48,+19.783,+10.100,+0.966
1664231820,+3.48,+19.775,+10.092,+0.965
1664231880,+3.48,+19.783,+10.093,+0.965
1664231940,+3.48,+19.791,+10.099,+0.966
1664232000,+3.48,+19.775,+10.107,+0.966
1664232060,+3.48,+19.775,+10.086,+0.965
1664232120,+3.48,+19.766,+10.073,+0.966
1664232180,+3.48,+19.808,+10.030,+0.965
1664232240,+3.48,+19.783,+10.057,+0.966
1664232300,+3.48,+19.775,+10.048,+0.966
1664232360,+3.48,+19.775,+10.022,+0.966
1664232420,+3.48,+19.775,+10.005,+0.965
1664232480,+3.48,+19.775, +9.993,+0.965
1664232540,+3.48,+19.775,+10.002,+0.966
1664232600,+3.48,+19.766, +9.990,+0.965
1664232660,+3.48,+19.783, +9.930,+0.965
1664232720,+3.48,+19.800, +9.909,+0.965
1664232780,+3.48,+19.800, +9.905,+0.966
1664232840,+3.48,+19.791, +9.898,+0.966
1664232900,+3.48,+19.800, +9.874,+0.965
1664232960,+3.48,+19.783, +9.870,+0.966
1664233020,+3.48,+19.800, +9.841,+0.965
1664233080,+3.48,+19.800, +9.847,+0.966
1664233140,+3.48,+19.775, +9.844,+0.966
1664233200,+3.48,+19.783, +9.821,+0.965
1664233260,+3.48,+19.791, +9.794,+0.965
1664233320,+3.48,+19.775, +9.789,+0.965
1664233380,+3.48,+19.791, +9.800,+0.965
1664233440,+3.48,+19.783, +9.808,+0.965
1664233500,+3.48,+19.783, +9.809,+0.966
1664233560,+3.48,+19.783, +9.812,+0.965
1664233620,+3.48,+19.791, +9.836,+0.965
1664233680,+3.48,+19.775, +9.858,+0.965
1664233740,+3.48,+19.783, +9.853,+0.965
1664233800,+3.48,+19.758, +9.836,+0.965
1664233860,+3.48,+19.758, +9.853,+0.965
1664233920,+3.48,+19.766, +9.875,+0.965
1664233980,+3.48,+19.766, +9.884,+0.965
1664234040,+3.48,+19.741, +9.857,+0.966
1664234100,+3.48,+19.750, +9.839,+0.965
1664234160,+3.48,+19.775, +9.822,+0.966
1664234220,+3.48,+19.741, +9.847,+0.965
1664234280,+3.48,+19.750, +9.876,+0.965
1664234340,+3.48,+19.766, +9.866,+0.966
1664234400,+3.48,+19.750, +9.874,+0.966
1664234460,+3.48,+19.741, +9.965,+0.966
1664234520,+3.48,+19.733, +9.981,+0.966
1664234580,+3.48,+19.733,+10.013,+0.966
1664234640,+3.48,+19.733,+10.021,+0.965
1664234700,+3.48,+19.708,+10.050,+0.965
1664234760,+3.48,+19.733,+10.026,+0.966
1664234820,+3.48,+19.716,+10.002,+0.966
1664234880,+3.48,+19.716, +9.999,+0.966
1664234940,+3.48,+19.724, +9.979,+0.965
1664235000,+3.48,+19.741, +9.964,+0.965
1664235060,+3.48,+19.741,+10.033,+0.965
1664235120,+3.48,+19.741,+10.023,+0.965
1664235180,+3.48,+19.724,+10.009,+0.966
1664235240,+3.48,+19.741, +9.987,+0.965
1664235300,+3.48,+19.733, +9.993,+0.966
1664235360,+3.48,+19.741, +9.960,+0.965
1664235420,+3.48,+19.733, +9.953,+0.965
1664235480,+3.48,+19.750, +9.922,+0.965
1664235540,+3.48,+19.741, +9.921,+0.965
1664235600,+3.48,+19.733, +9.935,+0.965
1664235660,+3.48,+19.733, +9.936,+0.965
1664235720,+3.48,+19.724, +9.924,+0.965
1664235780,+3.48,+19.733, +9.891,+0.965
1664235840,+3.48,+19.716, +9.895,+0.965
1664235900,+3.48,+19.741, +9.870,+0.965
1664235960,+3.48,+19.733, +9.892,+0.965
1664236020,+3.48,+19.716, +9.830,+0.966
1664236080,+3.48,+19.733, +9.807,+0.966
1664236140,+3.48,+19.724, +9.811,+0.965
1664236200,+3.48,+19.724, +9.835,+0.965
1664236260,+3.48,+19.724, +9.793,+0.965
1664236320,+3.48,+19.716, +9.829,+0.966
1664236380,+3.48,+19.741, +9.847,+0.965
1664236440,+3.48,+19.733, +9.861,+0.966
1664236500,+3.48,+19.708, +9.835,+0.966
1664236560,+3.48,+19.716, +9.737,+0.965
1664236620,+3.48,+19.708, +9.805,+0.965
1664236680,+3.48,+19.733, +9.824,+0.965
1664236740,+3.48,+19.741, +9.809,+0.965
1664236800,+3.48,+19.733, +9.806,+0.965
1664236860,+3.48,+19.724, +9.743,+0.965
1664236920,+3.48,+19.716, +9.761,+0.966
1664236980,+3.48,+19.716, +9.723,+0.965
1664237040,+3.48,+19.708, +9.717,+0.966
1664237100,+3.48,+19.733, +9.697,+0.965
1664237160,+3.48,+19.716, +9.731,+0.966
1664237220,+3.48,+19.708, +9.730,+0.966
1664237280,+3.48,+19.716, +9.690,+0.965
1664237340,+3.48,+19.708, +9.668,+0.965
1664237400,+3.48,+19.733, +9.563,+0.965
1664237460,+3.48,+19.724, +9.569,+0.965
1664237520,+3.48,+19.724, +9.663,+0.966
1664237580,+3.48,+19.733, +9.654,+0.966
1664237640,+3.48,+19.724, +9.643,+0.964
1664237700,+3.48,+19.724, +9.698,+0.965
1664237760,+3.48,+19.708, +9.728,+0.966
1664237820,+3.48,+19.716, +9.703,+0.965
1664237880,+3.48,+19.699, +9.695,+0.965
1664237940,+3.48,+19.724, +9.682,+0.965
1664238000,+3.48,+19.750, +9.655,+0.965
1664238060,+3.48,+19.716, +9.665,+0.966
1664238120,+3.48,+19.724, +9.663,+0.965
1664238180,+3.48,+19.716, +9.644,+0.965
1664238240,+3.48,+19.724, +9.693,+0.965
1664238300,+3.48,+19.758, +9.645,+0.965
1664238360,+3.48,+19.724, +9.630,+0.965
1664238420,+3.48,+19.716, +9.631,+0.965
1664238480,+3.48,+19.708, +9.637,+0.965
1664238540,+3.48,+19.708, +9.668,+0.965
1664238600,+3.48,+19.708, +9.664,+0.965
1664238660,+3.48,+19.699, +9.642,+0.966
1664238720,+3.48,+19.699, +9.613,+0.966
1664238780,+3.49,+19.708, +9.597,+0.966
1664238840,+3.48,+19.691, +9.606,+0.965
1664238900,+3.48,+19.691, +9.588,+0.965
1664238960,+3.48,+19.674, +9.590,+0.965
1664239020,+3.48,+19.674, +9.599,+0.965
1664239080,+3.48,+19.674, +9.621,+0.966
1664239140,+3.48,+19.682, +9.564,+0.965
1664239200,+3.48,+19.666, +9.530,+0.965
1664239260,+3.48,+19.666, +9.519,+0.965
1664239320,+3.48,+19.674, +9.535,+0.965
1664239380,+3.48,+19.674, +9.486,+0.965
1664239440,+3.48,+19.674, +9.487,+0.965
1664239500,+3.48,+19.674, +9.465,+0.965
1664239560,+3.48,+19.674, +9.514,+0.965
1664239620,+3.48,+19.682, +9.508,+0.966
1664239680,+3.48,+19.682, +9.476,+0.965
1664239740,+3.48,+19.682, +9.467,+0.965
1664239800,+3.48,+19.682, +9.450,+0.966
1664239860,+3.48,+19.674, +9.475,+0.966
1664239920,+3.48,+19.674, +9.436,+0.965
1664239980,+3.48,+19.682, +9.311,+0.965
1664240040,+3.48,+19.699, +9.293,+0.965
1664240100,+3.48,+19.674, +9.249,+0.965
1664240160,+3.48,+19.699, +9.310,+0.965
1664240220,+3.48,+19.708, +9.193,+0.965
1664240280,+3.48,+19.708, +9.316,+0.965
1664240340,+3.48,+19.699, +9.386,+0.966
1664240400,+3.48,+19.682, +9.434,+0.965
1664240460,+3.48,+19.699, +9.427,+0.965
1664240520,+3.48,+19.682, +9.403,+0.965
1664240580,+3.48,+19.691, +9.384,+0.965
1664240640,+3.48,+19.682, +9.418,+0.965
1664240700,+3.48,+19.691, +9.390,+0.965
1664240760,+3.48,+19.682, +9.365,+0.966
1664240820,+3.48,+19.699, +9.425,+0.966
1664240880,+3.48,+19.682, +9.438,+0.965
1664240940,+3.48,+19.699, +9.432,+0.966
1664241000,+3.48,+19.691, +9.434,+0.965
1664241060,+3.48,+19.682, +9.438,+0.966
1664241120,+3.48,+19.699, +9.459,+0.965
1664241180,+3.48,+19.691, +9.486,+0.965
1664241240,+3.48,+19.699, +9.473,+0.966
1664241300,+3.48,+19.674, +9.461,+0.965
1664241360,+3.48,+19.691, +9.422,+0.965
1664241420,+3.48,+19.691, +9.431,+0.965
1664241480,+3.48,+19.708, +9.391,+0.965
1664241540,+3.48,+19.691, +9.381,+0.965
1664241600,+3.48,+19.708, +9.363,+0.965
1664241660,+3.48,+19.691, +9.328,+0.965
1664241720,+3.48,+19.699, +9.281,+0.965
1664241780,+3.48,+19.691, +9.283,+0.965
1664241840,+3.48,+19.699, +9.131,+0.965
1664241900,+3.48,+19.691, +9.001,+0.965
1664241960,+3.48,+19.691, +8.940,+0.965
1664242020,+3.48,+19.691, +8.915,+0.965
1664242080,+3.48,+19.699, +8.828,+0.965
1664242140,+3.48,+19.682, +8.732,+0.965
1664242200,+3.48,+19.699, +8.723,+0.965
1664242260,+3.48,+19.691, +8.663,+0.965
1664242320,+3.48,+19.699, +8.584,+0.965
1664242380,+3.48,+19.699, +8.596,+0.965
1664242440,+3.48,+19.708, +8.597,+0.965
1664242500,+3.49,+19.682, +8.620,+0.965
1664242560,+3.48,+19.691, +8.578,+0.965
1664242620,+3.48,+19.691, +8.544,+0.965
1664242680,+3.48,+19.691, +8.505,+0.965
1664242740,+3.49,+19.682, +8.487,+0.965
1664242800,+3.48,+19.682, +8.482,+0.965
1664242860,+3.48,+19.699, +8.476,+0.965
1664242920,+3.48,+19.699, +8.473,+0.965
1664242980,+3.48,+19.699, +8.504,+0.965
1664243040,+3.48,+19.682, +8.557,+0.965
1664243100,+3.48,+19.708, +8.559,+0.965
1664243160,+3.49,+19.674, +8.582,+0.965
1664243220,+3.48,+19.682, +8.566,+0.965
1664243280,+3.48,+19.682, +8.539,+0.965
1664243340,+3.48,+19.674, +8.500,+0.965
1664243400,+3.49,+19.674, +8.463,+0.965
1664243460,+3.49,+19.682, +8.403,+0.965
1664243520,+3.49,+19.649, +8.364,+0.965
1664243580,+3.48,+19.674, +8.322,+0.965
1664243640,+3.48,+19.666, +8.286,+0.965
1664243700,+3.49,+19.657, +8.278,+0.965
1664243760,+3.48,+19.657, +8.179,+0.965
1664243820,+3.49,+19.674, +8.167,+0.965
1664243880,+3.49,+19.657, +8.199,+0.965
1664243940,+3.49,+19.641, +8.158,+0.965
1664244000,+3.49,+19.657, +8.007,+0.965
1664244060,+3.49,+19.641, +7.937,+0.965
1664244120,+3.49,+19.657, +7.951,+0.965
1664244180,+3.48,+19.666, +7.943,+0.965
1664244240,+3.49,+19.641, +7.974,+0.965
1664244300,+3.48,+19.641, +7.948,+0.965
1664244360,+3.49,+19.641, +8.018,+0.965
1664244420,+3.49,+19.641, +8.059,+0.965
1664244480,+3.49,+19.641, +8.083,+0.965
1664244540,+3.49,+19.649, +8.016,+0.965
1664244600,+3.48,+19.641, +7.976,+0.965
1664244660,+3.49,+19.641, +7.958,+0.965
1664244720,+3.49,+19.641, +7.974,+0.965
1664244780,+3.49,+19.657, +7.925,+0.965
1664244840,+3.48,+19.657, +7.914,+0.965
1664244900,+3.49,+19.649, +7.884,+0.965
1664244960,+3.48,+19.666, +7.924,+0.965
1664245020,+3.48,+19.649, +7.936,+0.965
1664245080,+3.48,+19.657, +7.919,+0.965
1664245140,+3.49,+19.657, +7.863,+0.965
1664245200,+3.49,+19.666, +7.748,+0.965
1664245260,+3.49,+19.657, +7.732,+0.965
1664245320,+3.48,+19.666, +7.872,+0.965
1664245380,+3.49,+19.666, +7.894,+0.965
1664245440,+3.48,+19.674, +7.881,+0.965
1664245500,+3.49,+19.657, +7.915,+0.965
1664245560,+3.48,+19.657, +7.989,+0.965
1664245620,+3.49,+19.641, +8.009,+0.965
1664245680,+3.49,+19.641, +8.122,+0.965
1664245740,+3.49,+19.624, +8.205,+0.965
1664245800,+3.49,+19.632, +8.198,+0.965
1664245860,+3.49,+19.615, +8.242,+0.965
1664245920,+3.48,+19.641, +8.220,+0.965
1664245980,+3.48,+19.641, +8.239,+0.966
1664246040,+3.49,+19.632, +8.187,+0.965
1664246100,+3.49,+19.624, +8.160,+0.965
1664246160,+3.49,+19.641, +8.099,+0.965
1664246220,+3.49,+19.624, +8.171,+0.965
1664246280,+3.49,+19.624, +8.185,+0.965
1664246340,+3.49,+19.624, +8.205,+0.965
1664246400,+3.49,+19.624, +8.232,+0.965
1664246460,+3.49,+19.624, +8.244,+0.964
1664246520,+3.49,+19.624, +8.280,+0.965
1664246580,+3.49,+19.641, +8.274,+0.965
1664246640,+3.49,+19.607, +8.269,+0.965
1664246700,+3.49,+19.641, +8.281,+0.965
1664246760,+3.49,+19.624, +8.254,+0.965
1664246820,+3.49,+19.632, +8.191,+0.965
1664246880,+3.49,+19.641, +8.106,+0.965
1664246940,+3.49,+19.632, +8.147,+0.965
1664247000,+3.49,+19.641, +8.166,+0.965
1664247060,+3.48,+19.641, +8.293,+0.964
1664247120,+3.49,+19.632, +8.349,+0.965
1664247180,+3.49,+19.632, +8.351,+0.964
1664247240,+3.48,+19.649, +8.346,+0.965
1664247300,+3.49,+19.641, +8.318,+0.965
1664247360,+3.49,+19.624, +8.205,+0.965
1664247420,+3.49,+19.632, +8.126,+0.965
1664247480,+3.49,+19.624, +8.087,+0.965
1664247540,+3.48,+19.657, +8.211,+0.965
1664247600,+3.49,+19.632, +8.206,+0.965
1664247660,+3.49,+19.641, +7.686,+0.965
1664247720,+3.49,+19.641, +7.776,+0.965
1664247780,+3.49,+19.649, +7.817,+0.965
1664247840,+3.49,+19.632, +7.981,+0.965
1664247900,+3.49,+19.649, +8.027,+0.965
1664247960,+3.49,+19.649, +8.033,+0.965
1664248020,+3.49,+19.632, +7.916,+0.965
1664248080,+3.49,+19.632, +7.927,+0.965
1664248140,+3.49,+19.641, +8.081,+0.965
1664248200,+3.48,+19.632, +8.101,+0.965
1664248260,+3.48,+19.649, +8.058,+0.965
1664248320,+3.49,+19.649, +8.049,+0.964
1664248380,+3.49,+19.632, +8.023,+0.965
1664248440,+3.48,+19.649, +8.036,+0.965
1664248500,+3.49,+19.641, +8.073,+0.965
1664248560,+3.48,+19.657, +8.096,+0.965
1664248620,+3.49,+19.649, +8.050,+0.965
1664248680,+3.48,+19.657, +8.034,+0.965
1664248740,+3.48,+19.657, +7.972,+0.965
1664248800,+3.49,+19.649, +8.034,+0.965
1664248860,+3.49,+19.657, +8.017,+0.965
1664248920,+3.49,+19.649, +8.015,+0.965
1664248980,+3.48,+19.657, +7.844,+0.965
1664249040,+3.49,+19.657, +7.762,+0.965
1664249100,+3.48,+19.674, +7.779,+0.965
1664249160,+3.49,+19.641, +7.860,+0.965
1664249220,+3.48,+19.682, +7.891,+0.965
1664249280,+3.49,+19.649, +8.012,+0.965
1664249340,+3.49,+19.666, +8.007,+0.964
1664249400,+3.48,+19.666, +8.022,+0.965
1664249460,+3.48,+19.657, +7.988,+0.965
1664249520,+3.48,+19.666, +7.981,+0.965
1664249580,+3.49,+19.649, +7.991,+0.965
1664249640,+3.48,+19.657, +7.864,+0.964
1664249700,+3.48,+19.666, +7.872,+0.965
1664249760,+3.48,+19.674, +7.838,+0.965
1664249820,+3.49,+19.666, +7.896,+0.965
1664249880,+3.48,+19.674, +7.907,+0.965
1664249940,+3.48,+19.682, +7.903,+0.964
1664250000,+3.49,+19.649, +7.866,+0.965
1664250060,+3.49,+19.674, +7.801,+0.965
1664250120,+3.49,+19.657, +7.948,+0.965
1664250180,+3.49,+19.674, +8.009,+0.965
1664250240,+3.48,+19.674, +7.977,+0.965
1664250300,+3.49,+19.666, +8.049,+0.965
1664250360,+3.49,+19.666, +8.042,+0.965
1664250420,+3.49,+19.641, +8.011,+0.965
1664250480,+3.48,+19.666, +8.042,+0.965
1664250540,+3.49,+19.641, +8.373,+0.965
1664250600,+3.49,+19.632, +8.524,+0.965
1664250660,+3.49,+19.607, +8.658,+0.964
1664250720,+3.49,+19.582, +8.901,+0.965
1664250780,+3.49,+19.590, +9.106,+0.965
1664250840,+3.49,+19.573, +9.203,+0.965
1664250900,+3.49,+19.557, +9.213,+0.965
1664250960,+3.49,+19.557, +9.248,+0.965
1664251020,+3.49,+19.548, +9.290,+0.965
1664251080,+3.49,+19.540, +9.310,+0.966
1664251140,+3.49,+19.531, +9.308,+0.966
1664251200,+3.49,+19.531, +9.306,+0.965
1664251260,+3.49,+19.557, +9.301,+0.965
1664251320,+3.49,+19.557, +9.304,+0.965
1664251380,+3.49,+19.531, +9.301,+0.965
1664251440,+3.49,+19.523, +9.301,+0.965
1664251500,+3.49,+19.557, +9.262,+0.965
1664251560,+3.49,+19.531, +9.196,+0.965
1664251620,+3.49,+19.573, +9.079,+0.966
1664251680,+3.49,+19.548, +8.902,+0.965
1664251740,+3.49,+19.573, +8.749,+0.965
1664251800,+3.49,+19.582, +8.656,+0.965
1664251860,+3.49,+19.607, +8.612,+0.965
1664251920,+3.49,+19.607, +8.577,+0.965
1664251980,+3.49,+19.632, +8.595,+0.965
1664252040,+3.49,+19.632, +8.617,+0.965
1664252100,+3.49,+19.641, +8.626,+0.965
1664252160,+3.48,+19.649, +8.624,+0.965
1664252220,+3.49,+19.649, +8.632,+0.965
1664252280,+3.48,+19.657, +8.644,+0.965
1664252340,+3.49,+19.649, +8.683,+0.965
1664252400,+3.48,+19.666, +8.681,+0.965
1664252460,+3.49,+19.649, +8.674,+0.965
1664252520,+3.49,+19.641, +8.671,+0.965
1664252580,+3.49,+19.657, +8.585,+0.965
1664252640,+3.49,+19.657, +8.493,+0.965
1664252700,+3.49,+19.649, +8.504,+0.965
1664252760,+3.49,+19.649, +8.511,+0.964
1664252820,+3.49,+19.649, +8.508,+0.965
1664252880,+3.49,+19.666, +8.459,+0.965
1664252940,+3.49,+19.649, +8.232,+0.965
1664253000,+3.48,+19.657, +7.749,+0.964
1664253060,+3.49,+19.649, +7.451,+0.965
1664253120,+3.48,+19.666, +7.525,+0.965
1664253180,+3.48,+19.674, +7.858,+0.965
1664253240,+3.49,+19.657, +8.120,+0.965
1664253300,+3.48,+19.666, +8.381,+0.965
1664253360,+3.48,+19.657, +8.345,+0.965
1664253420,+3.48,+19.666, +8.294,+0.965
1664253480,+3.48,+19.649, +8.199,+0.965
1664253540,+3.48,+19.674, +8.137,+0.965
1664253600,+3.49,+19.649, +8.176,+0.965
1664253660,+3.48,+19.657, +8.240,+0.965
1664253720,+3.49,+19.666, +8.155,+0.965
1664253780,+3.48,+19.657, +7.997,+0.965
1664253840,+3.49,+19.641, +7.855,+0.965
1664253900,+3.48,+19.657, +7.702,+0.965
1664253960,+3.49,+19.649, +7.486,+0.965
1664254020,+3.48,+19.666, +7.501,+0.964
1664254080,+3.48,+19.649, +7.849,+0.965
1664254140,+3.49,+19.632, +8.016,+0.965
1664254200,+3.49,+19.649, +8.097,+0.965
1664254260,+3.49,+19.632, +8.217,+0.965
1664254320,+3.49,+19.632, +8.279,+0.965
1664254380,+3.49,+19.632, +8.411,+0.965
1664254440,+3.49,+19.641, +8.537,+0.965
1664254500,+3.49,+19.641, +8.532,+0.965
1664254560,+3.49,+19.632, +8.540,+0.965
1664254620,+3.49,+19.624, +8.496,+0.965
1664254680,+3.49,+19.641, +8.413,+0.965
1664254740,+3.49,+19.624, +8.443,+0.965
1664254800,+3.49,+19.632, +8.455,+0.965
1664254860,+3.49,+19.649, +8.496,+0.965
1664254920,+3.49,+19.641, +8.503,+0.966
1664254980,+3.49,+19.624, +8.497,+0.965
1664255040,+3.49,+19.624, +8.483,+0.965
1664255100,+3.49,+19.624, +8.442,+0.965
1664255160,+3.49,+19.632, +8.383,+0.965
1664255220,+3.49,+19.624, +8.343,+0.965
1664255280,+3.49,+19.641, +8.319,+0.965
1664255340,+3.49,+19.624, +8.300,+0.965
1664255400,+3.49,+19.632, +8.298,+0.965
1664255460,+3.49,+19.649, +8.314,+0.965
1664255520,+3.48,+19.641, +8.304,+0.965
1664255580,+3.49,+19.615, +8.235,+0.965
1664255640,+3.49,+19.624, +8.134,+0.964
1664255700,+3.49,+19.632, +8.224,+0.965
1664255760,+3.49,+19.624, +8.357,+0.965
1664255820,+3.49,+19.632, +8.382,+0.965
1664255880,+3.49,+19.632, +8.263,+0.964
1664255940,+3.49,+19.649, +8.241,+0.965
1664256000,+3.49,+19.632, +8.233,+0.965
1664256060,+3.49,+19.641, +8.231,+0.965
1664256120,+3.49,+19.624, +8.270,+0.965
1664256180,+3.49,+19.632, +8.345,+0.965
1664256240,+3.49,+19.624, +8.332,+0.965
1664256300,+3.49,+19.649, +8.280,+0.965
1664256360,+3.49,+19.641, +8.267,+0.965
1664256420,+3.49,+19.624, +8.288,+0.965
1664256480,+3.49,+19.632, +8.289,+0.965
1664256540,+3.49,+19.632, +8.217,+0.965
1664256600,+3.49,+19.641, +7.912,+0.964
1664256660,+3.49,+19.615, +7.780,+0.965
1664256720,+3.49,+19.641, +7.917,+0.965
1664256780,+3.49,+19.624, +7.987,+0.965
1664256840,+3.49,+19.641, +8.012,+0.965
1664256900,+3.49,+19.624, +7.906,+0.965
1664256960,+3.49,+19.615, +7.909,+0.965
1664257020,+3.49,+19.641, +8.013,+0.965
1664257080,+3.49,+19.632, +8.176,+0.965
1664257140,+3.49,+19.632, +8.200,+0.965
1664257200,+3.49,+19.632, +8.236,+0.965
1664257260,+3.49,+19.632, +8.238,+0.965
1664257320,+3.49,+19.624, +8.051,+0.965
1664257380,+3.49,+19.615, +8.003,+0.965
1664257440,+3.49,+19.641, +8.025,+0.965
1664257500,+3.49,+19.615, +8.051,+0.965
1664257560,+3.48,+19.641, +8.131,+0.965
1664257620,+3.49,+19.624, +8.057,+0.965
1664257680,+3.49,+19.641, +8.082,+0.965
1664257740,+3.49,+19.624, +8.179,+0.965
1664257800,+3.49,+19.624, +8.241,+0.964
1664257860,+3.49,+19.641, +8.264,+0.965
1664257920,+3.49,+19.632, +8.326,+0.965
1664257980,+3.49,+19.624, +8.300,+0.965
1664258040,+3.49,+19.624, +8.299,+0.965
1664258100,+3.49,+19.632, +8.308,+0.965
1664258160,+3.49,+19.641, +8.249,+0.965
1664258220,+3.49,+19.615, +8.353,+0.965
1664258280,+3.49,+19.641, +8.334,+0.965
1664258340,+3.49,+19.632, +8.354,+0.965
1664258400,+3.49,+19.641, +8.339,+0.965
1664258460,+3.49,+19.615, +8.278,+0.965
1664258520,+3.49,+19.632, +8.303,+0.965
1664258580,+3.49,+19.624, +8.173,+0.965
1664258640,+3.49,+19.632, +8.219,+0.965
1664258700,+3.49,+19.615, +8.055,+0.965
1664258760,+3.49,+19.624, +7.918,+0.965
1664258820,+3.49,+19.615, +7.976,+0.965
1664258880,+3.49,+19.607, +8.077,+0.965
1664258940,+3.49,+19.615, +8.229,+0.965
1664259000,+3.49,+19.632, +8.262,+0.964
1664259060,+3.49,+19.624, +8.304,+0.965
1664259120,+3.49,+19.632, +8.307,+0.965
1664259180,+3.49,+19.607, +8.231,+0.965
1664259240,+3.49,+19.607, +8.104,+0.965
1664259300,+3.49,+19.624, +8.164,+0.965
1664259360,+3.49,+19.615, +8.154,+0.965
1664259420,+3.49,+19.615, +8.137,+0.964
1664259480,+3.49,+19.615, +8.060,+0.965
1664259540,+3.49,+19.615, +7.938,+0.965
1664259600,+3.49,+19.615, +7.941,+0.965
1664259660,+3.49,+19.615, +7.987,+0.965
1664259720,+3.49,+19.607, +7.963,+0.965
1664259780,+3.49,+19.599, +7.977,+0.965
1664259840,+3.49,+19.599, +7.943,+0.965
1664259900,+3.49,+19.615, +7.886,+0.965
1664259960,+3.49,+19.582, +7.880,+0.965
1664260020,+3.49,+19.599, +7.791,+0.965
1664260080,+3.49,+19.615, +7.563,+0.964
1664260140,+3.49,+19.607, +7.600,+0.964
1664260200,+3.49,+19.607, +7.673,+0.965
1664260260,+3.49,+19.573, +7.729,+0.965
1664260320,+3.49,+19.607, +7.880,+0.965
1664260380,+3.49,+19.590, +7.815,+0.964
1664260440,+3.49,+19.590, +7.718,+0.965
1664260500,+3.49,+19.565, +7.566,+0.965
1664260560,+3.49,+19.573, +7.414,+0.965
1664260620,+3.49,+19.573, +7.300,+0.965
1664260680,+3.49,+19.557, +7.470,+0.965
1664260740,+3.49,+19.565, +7.607,+0.964
1664260800,+3.49,+19.565, +7.596,+0.965
1664260860,+3.49,+19.573, +7.479,+0.965
1664260920,+3.49,+19.557, +7.312,+0.964
1664260980,+3.49,+19.582, +7.213,+0.965
1664261040,+3.49,+19.548, +7.307,+0.965
1664261100,+3.49,+19.573, +7.361,+0.965
1664261160,+3.49,+19.557, +7.269,+0.965
1664261220,+3.49,+19.548, +7.043,+0.965
1664261280,+3.49,+19.565, +6.828,+0.964
1664261340,+3.49,+19.565, +6.636,+0.965
1664261400,+3.49,+19.573, +6.330,+0.964
1664261460,+3.49,+19.557, +6.301,+0.964
1664261520,+3.49,+19.565, +6.121,+0.965
1664261580,+3.49,+19.557, +5.994,+0.965
1664261640,+3.49,+19.582, +5.961,+0.964
1664261700,+3.49,+19.557, +6.312,+0.965
1664261760,+3.49,+19.548, +6.393,+0.965
1664261820,+3.49,+19.557, +6.371,+0.965
1664261880,+3.49,+19.565, +6.444,+0.965
1664261940,+3.49,+19.548, +6.573,+0.964
1664262000,+3.49,+19.540, +6.629,+0.964
1664262060,+3.49,+19.573, +6.396,+0.965
1664262120,+3.49,+19.557, +6.289,+0.965
1664262180,+3.49,+19.557, +6.390,+0.964
1664262240,+3.49,+19.557, +6.596,+0.965
1664262300,+3.49,+19.557, +6.768,+0.964
1664262360,+3.49,+19.548, +6.880,+0.964
1664262420,+3.49,+19.573, +6.936,+0.965
1664262480,+3.49,+19.557, +6.950,+0.964
1664262540,+3.49,+19.565, +6.950,+0.965
1664262600,+3.49,+19.557, +6.974,+0.965
1664262660,+3.49,+19.540, +6.977,+0.965
1664262720,+3.49,+19.531, +7.022,+0.965
1664262780,+3.49,+19.557, +6.911,+0.965
1664262840,+3.49,+19.557, +6.869,+0.965
1664262900,+3.49,+19.557, +6.750,+0.965
1664262960,+3.49,+19.557, +6.746,+0.965
1664263020,+3.49,+19.557, +6.774,+0.965
1664263080,+3.49,+19.565, +6.762,+0.965
1664263140,+3.49,+19.557, +6.753,+0.965
1664263200,+3.49,+19.540, +6.733,+0.964
1664263260,+3.49,+19.557, +6.908,+0.965
1664263320,+3.49,+19.540, +6.969,+0.965
1664263380,+3.49,+19.548, +7.078,+0.965
1664263440,+3.49,+19.540, +7.193,+0.965
1664263500,+3.49,+19.531, +7.245,+0.965
1664263560,+3.49,+19.540, +7.197,+0.965
1664263620,+3.49,+19.540, +6.947,+0.964
1664263680,+3.49,+19.540, +6.821,+0.965
1664263740,+3.49,+19.557, +6.530,+0.965
1664263800,+3.49,+19.540, +5.942,+0.965
1664263860,+3.49,+19.540, +5.696,+0.965
1664263920,+3.49,+19.548, +5.801,+0.965
1664263980,+3.49,+19.548, +6.179,+0.965
1664264040,+3.49,+19.531, +6.821,+0.965
1664264100,+3.49,+19.523, +6.950,+0.965
1664264160,+3.49,+19.506, +7.073,+0.965
1664264220,+3.49,+19.540, +7.111,+0.964
1664264280,+3.49,+19.540, +7.119,+0.965
1664264340,+3.49,+19.531, +7.059,+0.965
1664264400,+3.49,+19.540, +6.968,+0.964
1664264460,+3.49,+19.540, +6.919,+0.965
1664264520,+3.49,+19.548, +6.861,+0.965
1664264580,+3.49,+19.557, +6.786,+0.965
1664264640,+3.49,+19.531, +6.489,+0.965
1664264700,+3.49,+19.540, +6.256,+0.964
1664264760,+3.49,+19.540, +6.158,+0.964
1664264820,+3.49,+19.523, +6.077,+0.964
1664264880,+3.49,+19.523, +6.003,+0.965
1664264940,+3.49,+19.531, +6.082,+0.965
1664265000,+3.49,+19.523, +6.150,+0.964
1664265060,+3.49,+19.531, +6.602,+0.965
1664265120,+3.49,+19.515, +6.821,+0.964
1664265180,+3.49,+19.531, +6.897,+0.965
1664265240,+3.49,+19.548, +6.898,+0.965
1664265300,+3.49,+19.540, +6.903,+0.965
1664265360,+3.49,+19.548, +6.902,+0.965
1664265420,+3.49,+19.548, +7.089,+0.965
1664265480,+3.49,+19.531, +7.115,+0.965
1664265540,+3.49,+19.540, +7.012,+0.965
1664265600,+3.49,+19.531, +7.046,+0.965
1664265660,+3.49,+19.557, +7.088,+0.965
1664265720,+3.49,+19.557, +7.132,+0.965
1664265780,+3.49,+19.531, +7.062,+0.965
1664265840,+3.49,+19.565, +7.021,+0.965
1664265900,+3.49,+19.557, +6.902,+0.965
1664265960,+3.49,+19.557, +6.518,+0.964
1664266020,+3.49,+19.548, +6.732,+0.964
1664266080,+3.49,+19.565, +6.729,+0.965
1664266140,+3.49,+19.557, +6.865,+0.965
1664266200,+3.49,+19.557, +7.215,+0.965
1664266260,+3.49,+19.548, +7.292,+0.965
1664266320,+3.49,+19.573, +7.260,+0.965
1664266380,+3.49,+19.557, +7.212,+0.965
1664266440,+3.49,+19.573, +7.111,+0.964
1664266500,+3.49,+19.540, +7.113,+0.965
1664266560,+3.49,+19.565, +7.043,+0.964
1664266620,+3.49,+19.590, +7.145,+0.965
1664266680,+3.49,+19.565, +7.260,+0.965
1664266740,+3.49,+19.582, +7.336,+0.965
1664266800,+3.49,+19.557, +7.353,+0.965
1664266860,+3.49,+19.573, +7.418,+0.965
1664266920,+3.49,+19.565, +7.489,+0.964
1664266980,+3.49,+19.565, +7.529,+0.965
1664267040,+3.49,+19.573, +7.261,+0.964
1664267100,+3.49,+19.582, +7.311,+0.965
1664267160,+3.49,+19.573, +7.232,+0.965
1664267220,+3.49,+19.573, +7.277,+0.965
1664267280,+3.49,+19.590, +7.369,+0.965
1664267340,+3.49,+19.582, +7.349,+0.965
1664267400,+3.49,+19.582, +7.179,+0.965
1664267460,+3.49,+19.557, +7.054,+0.965
1664267520,+3.49,+19.590, +7.128,+0.965
1664267580,+3.49,+19.565, +6.908,+0.965
1664267640,+3.49,+19.582, +6.482,+0.964
1664267700,+3.49,+19.582, +6.381,+0.965
1664267760,+3.49,+19.582, +6.285,+0.965
1664267820,+3.49,+19.590, +6.512,+0.965
1664267880,+3.49,+19.582, +6.741,+0.965
1664267940,+3.49,+19.565, +6.770,+0.965
1664268000,+3.49,+19.599, +6.864,+0.965
1664268060,+3.49,+19.582, +6.919,+0.965
1664268120,+3.49,+19.599, +6.970,+0.965
1664268180,+3.49,+19.582, +7.019,+0.965
1664268240,+3.49,+19.573, +6.961,+0.965
1664268300,+3.49,+19.590, +7.017,+0.964
1664268360,+3.49,+19.582, +7.233,+0.965
1664268420,+3.49,+19.582, +7.347,+0.965
1664268480,+3.49,+19.582, +7.442,+0.965
1664268540,+3.49,+19.573, +7.497,+0.965
1664268600,+3.49,+19.590, +7.472,+0.965
1664268660,+3.49,+19.573, +7.480,+0.965
1664268720,+3.49,+19.599, +7.472,+0.965
1664268780,+3.48,+19.590, +7.423,+0.964
1664268840,+3.49,+19.599, +7.414,+0.965
1664268900,+3.48,+19.590, +7.379,+0.965
1664268960,+3.48,+19.582, +7.226,+0.965
1664269020,+3.49,+19.599, +6.958,+0.964
1664269080,+3.49,+19.590, +6.535,+0.964
1664269140,+3.49,+19.599, +5.948,+0.964
1664269200,+3.49,+19.599, +5.619,+0.965
1664269260,+3.49,+19.582, +6.332,+0.965
1664269320,+3.48,+19.607, +6.550,+0.965
1664269380,+3.49,+19.573, +6.686,+0.964
1664269440,+3.49,+19.590, +6.768,+0.965
1664269500,+3.49,+19.590, +6.780,+0.965
1664269560,+3.49,+19.590, +6.622,+0.965
1664269620,+3.49,+19.599, +6.873,+0.965
1664269680,+3.49,+19.590, +6.994,+0.965
1664269740,+3.49,+19.599, +6.778,+0.965
1664269800,+3.49,+19.615, +6.588,+0.965
1664269860,+3.49,+19.615, +6.469,+0.965
1664269920,+3.49,+19.590, +6.452,+0.964
1664269980,+3.48,+19.599, +6.436,+0.964
1664270040,+3.49,+19.599, +6.631,+0.965
1664270100,+3.48,+19.599, +7.118,+0.965
1664270160,+3.48,+19.615, +7.171,+0.965
1664270220,+3.49,+19.590, +7.192,+0.965
1664270280,+3.49,+19.582, +7.190,+0.965
1664270340,+3.49,+19.607, +7.067,+0.965
1664270400,+3.49,+19.599, +7.025,+0.965
1664270460,+3.48,+19.590, +6.730,+0.964
1664270520,+3.49,+19.590, +6.520,+0.964
1664270580,+3.49,+19.582, +6.394,+0.964
1664270640,+3.49,+19.582, +6.447,+0.964
1664270700,+3.49,+19.590, +6.590,+0.965
1664270760,+3.49,+19.590, +6.802,+0.965
1664270820,+3.49,+19.582, +6.911,+0.965
1664270880,+3.49,+19.599, +6.952,+0.965
1664270940,+3.49,+19.590, +6.638,+0.965
1664271000,+3.49,+19.590, +6.380,+0.965
1664271060,+3.49,+19.582, +6.328,+0.964
1664271120,+3.49,+19.599, +6.412,+0.964
1664271180,+3.48,+19.607, +6.487,+0.965
1664271240,+3.49,+19.607, +6.487,+0.965
1664271300,+3.49,+19.599, +6.357,+0.965
1664271360,+3.49,+19.599, +6.277,+0.964
1664271420,+3.48,+19.599, +6.309,+0.965
1664271480,+3.49,+19.582, +6.646,+0.965
1664271540,+3.49,+19.582, +6.741,+0.965
1664271600,+3.49,+19.582, +6.698,+0.965
1664271660,+3.49,+19.573, +6.638,+0.965
1664271720,+3.49,+19.590, +6.616,+0.965
1664271780,+3.49,+19.590, +6.609,+0.965
1664271840,+3.49,+19.590, +6.478,+0.965
1664271900,+3.49,+19.565, +6.392,+0.965
1664271960,+3.49,+19.573, +6.362,+0.964
1664272020,+3.49,+19.565, +6.366,+0.964
1664272080,+3.49,+19.573, +6.529,+0.964
1664272140,+3.49,+19.565, +6.815,+0.965
1664272200,+3.49,+19.573, +6.986,+0.965
1664272260,+3.49,+19.557, +6.910,+0.965
1664272320,+3.49,+19.557, +6.901,+0.964
1664272380,+3.49,+19.557, +6.912,+0.964
1664272440,+3.49,+19.565, +6.964,+0.965
1664272500,+3.49,+19.548, +6.969,+0.965
1664272560,+3.49,+19.565, +7.004,+0.965
1664272620,+3.49,+19.548, +6.940,+0.965
1664272680,+3.49,+19.557, +6.829,+0.965
1664272740,+3.49,+19.557, +6.981,+0.965
1664272800,+3.49,+19.565, +7.050,+0.965
1664272860,+3.49,+19.573, +7.089,+0.965
1664272920,+3.49,+19.565, +7.122,+0.965
1664272980,+3.49,+19.573, +7.117,+0.965
1664273040,+3.49,+19.557, +7.127,+0.964
1664273100,+3.49,+19.557, +7.026,+0.965
1664273160,+3.49,+19.557, +6.934,+0.964
1664273220,+3.49,+19.548, +6.947,+0.964
1664273280,+3.49,+19.540, +7.093,+0.965
1664273340,+3.49,+19.557, +7.301,+0.965
1664273400,+3.49,+19.557, +7.421,+0.965
1664273460,+3.49,+19.540, +7.424,+0.965
1664273520,+3.49,+19.548, +7.381,+0.964
1664273580,+3.49,+19.557, +7.322,+0.965
1664273640,+3.49,+19.565, +7.283,+0.965
1664273700,+3.49,+19.548, +7.371,+0.964
1664273760,+3.49,+19.540, +7.495,+0.965
1664273820,+3.49,+19.557, +7.568,+0.965
1664273880,+3.49,+19.540, +7.688,+0.965
1664273940,+3.49,+19.548, +7.722,+0.964
1664274000,+3.49,+19.565, +7.728,+0.964
1664274060,+3.49,+19.573, +7.720,+0.965
1664274120,+3.49,+19.557, +7.626,+0.965
1664274180,+3.49,+19.565, +7.512,+0.965
1664274240,+3.49,+19.573, +7.489,+0.965
1664274300,+3.49,+19.557, +7.497,+0.964
1664274360,+3.49,+19.557, +7.447,+0.964
1664274420,+3.49,+19.565, +7.473,+0.965
1664274480,+3.49,+19.565, +7.509,+0.965
1664274540,+3.49,+19.557, +7.503,+0.965
1664274600,+3.49,+19.573, +7.529,+0.964
1664274660,+3.49,+19.557, +7.523,+0.964
1664274720,+3.49,+19.557, +7.487,+0.965
1664274780,+3.49,+19.557, +7.470,+0.965
1664274840,+3.49,+19.565, +7.470,+0.964
1664274900,+3.49,+19.548, +7.492,+0.965
1664274960,+3.49,+19.565, +7.378,+0.965
1664275020,+3.49,+19.557, +7.265,+0.965
1664275080,+3.49,+19.573, +7.280,+0.965
1664275140,+3.49,+19.565, +7.373,+0.965
1664275200,+3.49,+19.557, +7.398,+0.965
1664275260,+3.49,+19.540, +7.386,+0.965
1664275320,+3.49,+19.531, +7.352,+0.965
1664275380,+3.49,+19.531, +7.357,+0.964
1664275440,+3.49,+19.515, +7.429,+0.965
1664275500,+3.49,+19.515, +7.398,+0.965
1664275560,+3.49,+19.523, +7.437,+0.965
1664275620,+3.49,+19.523, +7.422,+0.964
1664275680,+3.49,+19.490, +7.405,+0.965
1664275740,+3.49,+19.515, +7.412,+0.964
1664275800,+3.49,+19.498, +7.429,+0.965
1664275860,+3.49,+19.506, +7.356,+0.965
1664275920,+3.49,+19.506, +7.240,+0.965
1664275980,+3.49,+19.523, +7.178,+0.965
1664276040,+3.49,+19.498, +7.215,+0.965
1664276100,+3.49,+19.490, +7.259,+0.965
1664276160,+3.49,+19.481, +7.309,+0.964
1664276220,+3.49,+19.498, +7.360,+0.964
1664276280,+3.49,+19.498, +7.268,+0.965
1664276340,+3.49,+19.490, +7.027,+0.964
1664276400,+3.49,+19.473, +6.985,+0.965
1664276460,+3.49,+19.506, +7.266,+0.965
1664276520,+3.49,+19.498, +7.431,+0.965
1664276580,+3.49,+19.506, +7.462,+0.965
1664276640,+3.49,+19.498, +7.417,+0.965
1664276700,+3.49,+19.506, +7.339,+0.965
1664276760,+3.49,+19.515, +7.271,+0.964
1664276820,+3.49,+19.515, +7.226,+0.965
1664276880,+3.49,+19.531, +7.178,+0.965
1664276940,+3.49,+19.531, +7.106,+0.965
1664277000,+3.49,+19.540, +7.017,+0.965
1664277060,+3.49,+19.548, +6.955,+0.965
1664277120,+3.49,+19.548, +6.913,+0.965
1664277180,+3.49,+19.565, +6.916,+0.965
1664277240,+3.49,+19.573, +6.929,+0.965
1664277300,+3.49,+19.565, +6.938,+0.965
1664277360,+3.49,+19.565, +6.954,+0.965
1664277420,+3.49,+19.557, +6.978,+0.965
1664277480,+3.49,+19.582, +6.972,+0.965
1664277540,+3.49,+19.573, +6.928,+0.965
1664277600,+3.49,+19.590, +6.912,+0.965
1664277660,+3.49,+19.573, +6.893,+0.965
1664277720,+3.49,+19.565, +6.649,+0.965
1664277780,+3.49,+19.573, +6.354,+0.965
1664277840,+3.49,+19.599, +6.408,+0.965
1664277900,+3.49,+19.565, +6.556,+0.965
1664277960,+3.49,+19.590, +6.561,+0.965
1664278020,+3.49,+19.573, +6.528,+0.965
1664278080,+3.49,+19.590, +6.487,+0.965
1664278140,+3.49,+19.582, +6.402,+0.965
1664278200,+3.49,+19.599, +6.397,+0.965
1664278260,+3.49,+19.573, +6.348,+0.965
1664278320,+3.48,+19.565, +6.244,+0.965
1664278380,+3.48,+19.599, +6.189,+0.965
1664278440,+3.49,+19.590, +6.177,+0.965
1664278500,+3.48,+19.599, +6.110,+0.965
1664278560,+3.49,+19.599, +6.115,+0.965
1664278620,+3.48,+19.607, +5.985,+0.965
1664278680,+3.48,+19.615, +5.901,+0.965
1664278740,+3.48,+19.599, +6.157,+0.965
1664278800,+3.49,+19.607, +6.279,+0.965
1664278860,+3.49,+19.599, +6.353,+0.965
1664278920,+3.49,+19.615, +6.387,+0.965
1664278980,+3.48,+19.599, +6.208,+0.965
1664279040,+3.48,+19.624, +6.058,+0.965
1664279100,+3.48,+19.599, +6.152,+0.965
1664279160,+3.49,+19.599, +6.099,+0.965
1664279220,+3.49,+19.624, +6.102,+0.965
1664279280,+3.49,+19.607, +6.247,+0.965
1664279340,+3.48,+19.632, +6.238,+0.965
1664279400,+3.49,+19.615, +6.203,+0.965
1664279460,+3.49,+19.615, +6.187,+0.965
1664279520,+3.49,+19.624, +6.295,+0.965
1664279580,+3.48,+19.624, +6.317,+0.965
1664279640,+3.49,+19.615, +6.136,+0.965
1664279700,+3.49,+19.615, +6.011,+0.965
1664279760,+3.49,+19.615, +5.923,+0.965
1664279820,+3.48,+19.649, +5.856,+0.965
1664279880,+3.49,+19.641, +5.862,+0.965
1664279940,+3.49,+19.649, +5.852,+0.965
1664280000,+3.49,+19.641, +5.872,+0.965
1664280060,+3.49,+19.641, +5.521,+0.965
1664280120,+3.48,+19.624, +5.669,+0.965
1664280180,+3.48,+19.641, +5.701,+0.965
1664280240,+3.48,+19.649, +5.759,+0.965
1664280300,+3.49,+19.649, +5.892,+0.965
1664280360,+3.49,+19.649, +6.024,+0.965
1664280420,+3.49,+19.657, +6.055,+0.964
1664280480,+3.49,+19.632, +6.020,+0.965
1664280540,+3.48,+19.649, +5.990,+0.965
1664280600,+3.49,+19.624, +5.989,+0.965
1664280660,+3.48,+19.657, +5.995,+0.965
1664280720,+3.48,+19.649, +6.047,+0.965
1664280780,+3.48,+19.641, +6.115,+0.965
1664280840,+3.49,+19.657, +6.158,+0.965
1664280900,+3.48,+19.641, +6.305,+0.965
1664280960,+3.48,+19.641, +6.346,+0.965
1664281020,+3.48,+19.657, +6.300,+0.965
1664281080,+3.48,+19.657, +6.296,+0.965
1664281140,+3.48,+19.641, +6.305,+0.965
1664281200,+3.48,+19.649, +6.288,+0.965
1664281260,+3.48,+19.666, +6.369,+0.964
1664281320,+3.48,+19.682, +6.340,+0.965
1664281380,+3.48,+19.674, +6.444,+0.965
1664281440,+3.48,+19.649, +6.476,+0.965
1664281500,+3.48,+19.674, +6.523,+0.965
1664281560,+3.49,+19.649, +6.594,+0.965
1664281620,+3.48,+19.641, +6.596,+0.965
1664281680,+3.48,+19.674, +6.544,+0.965
1664281740,+3.48,+19.682, +6.466,+0.965
1664281800,+3.48,+19.649, +6.332,+0.965
1664281860,+3.48,+19.649, +6.187,+0.965
1664281920,+3.48,+19.641, +6.101,+0.965
1664281980,+3.48,+19.657, +6.139,+0.965
1664282040,+3.48,+19.641, +5.778,+0.965
1664282100,+3.48,+19.682, +5.619,+0.965
1664282160,+3.48,+19.666, +5.746,+0.965
1664282220,+3.48,+19.657, +5.730,+0.965
1664282280,+3.48,+19.657, +5.611,+0.965
1664282340,+3.48,+19.691, +5.649,+0.964
1664282400,+3.48,+19.682, +5.881,+0.964
1664282460,+3.48,+19.657, +5.949,+0.965
1664282520,+3.48,+19.674, +5.962,+0.965
1664282580,+3.48,+19.674, +5.989,+0.965
1664282640,+3.48,+19.666, +5.988,+0.965
1664282700,+3.49,+19.666, +5.955,+0.965
1664282760,+3.48,+19.674, +5.787,+0.965
1664282820,+3.48,+19.666, +5.508,+0.965
1664282880,+3.48,+19.674, +5.460,+0.965
1664282940,+3.48,+19.666, +5.443,+0.965
1664283000,+3.48,+19.657, +5.682,+0.965
1664283060,+3.48,+19.657, +5.965,+0.965
1664283120,+3.48,+19.666, +6.274,+0.964
1664283180,+3.48,+19.632, +6.557,+0.965
1664283240,+3.48,+19.641, +6.456,+0.964
1664283300,+3.48,+19.649, +6.047,+0.965
1664283360,+3.48,+19.641, +5.850,+0.965
1664283420,+3.48,+19.649, +6.404,+0.964
1664283480,+3.48,+19.641, +6.891,+0.965
1664283540,+3.48,+19.649, +7.286,+0.965
1664283600,+3.48,+19.657, +7.396,+0.964
1664283660,+3.48,+19.649, +7.454,+0.965
1664283720,+3.48,+19.666, +7.475,+0.964
1664283780,+3.48,+19.666, +7.504,+0.965
1664283840,+3.48,+19.649, +7.487,+0.965
1664283900,+3.48,+19.657, +7.417,+0.965
1664283960,+3.48,+19.657, +7.285,+0.964
1664284020,+3.48,+19.657, +7.125,+0.965
1664284080,+3.48,+19.674, +7.036,+0.965
1664284140,+3.48,+19.666, +6.967,+0.965
1664284200,+3.48,+19.657, +7.081,+0.965
1664284260,+3.48,+19.657, +7.332,+0.965
1664284320,+3.48,+19.674, +7.533,+0.965
1664284380,+3.48,+19.657, +7.677,+0.965
1664284440,+3.48,+19.674, +7.749,+0.965
1664284500,+3.48,+19.657, +7.682,+0.964
1664284560,+3.48,+19.657, +7.583,+0.965
1664284620,+3.48,+19.666, +7.480,+0.965
1664284680,+3.48,+19.666, +7.293,+0.965
1664284740,+3.48,+19.666, +7.140,+0.965
1664284800,+3.48,+19.708, +7.066,+0.965
1664284860,+3.48,+19.699, +6.980,+0.965
1664284920,+3.48,+19.716, +6.808,+0.965
1664284980,+3.48,+19.716, +6.707,+0.965
1664285040,+3.48,+19.708, +6.702,+0.965
1664285100,+3.48,+19.716, +6.697,+0.965
1664285160,+3.48,+19.733, +6.681,+0.965
1664285220,+3.48,+19.733, +6.626,+0.965
1664285280,+3.48,+19.724, +6.600,+0.965
1664285340,+3.48,+19.733, +6.594,+0.965
1664285400,+3.48,+19.741, +6.603,+0.965
1664285460,+3.48,+19.733, +6.805,+0.965
1664285520,+3.48,+19.741, +6.870,+0.965
1664285580,+3.48,+19.733, +6.963,+0.965
1664285640,+3.48,+19.724, +7.178,+0.965
1664285700,+3.48,+19.699, +7.159,+0.965
1664285760,+3.48,+19.716, +7.226,+0.965
1664285820,+3.48,+19.716, +7.256,+0.965
1664285880,+3.48,+19.708, +7.344,+0.965
1664285940,+3.48,+19.733, +7.473,+0.965
1664286000,+3.48,+19.699, +7.583,+0.965
1664286060,+3.48,+19.716, +7.651,+0.965
1664286120,+3.48,+19.708, +7.621,+0.965
1664286180,+3.48,+19.716, +7.580,+0.964
1664286240,+3.48,+19.708, +7.345,+0.965
1664286300,+3.48,+19.699, +7.432,+0.964
1664286360,+3.48,+19.716, +7.592,+0.965
1664286420,+3.48,+19.682, +7.692,+0.965
1664286480,+3.48,+19.699, +7.766,+0.964
1664286540,+3.48,+19.699, +7.871,+0.965
1664286600,+3.48,+19.691, +7.909,+0.965
1664286660,+3.48,+19.691, +7.932,+0.965
1664286720,+3.48,+19.699, +7.955,+0.965
1664286780,+3.48,+19.699, +7.940,+0.965
1664286840,+3.48,+19.666, +7.861,+0.964
1664286900,+3.48,+19.699, +7.877,+0.965
1664286960,+3.48,+19.666, +7.898,+0.965
1664287020,+3.48,+19.691, +7.898,+0.965
1664287080,+3.48,+19.666, +7.880,+0.965
1664287140,+3.48,+19.674, +7.861,+0.965
1664287200,+3.48,+19.666, +7.890,+0.965
1664287260,+3.48,+19.691, +7.728,+0.964
1664287320,+3.48,+19.674, +7.721,+0.965
1664287380,+3.48,+19.666, +7.736,+0.965
1664287440,+3.48,+19.657, +7.778,+0.965
1664287500,+3.48,+19.682, +7.808,+0.964
1664287560,+3.48,+19.674, +7.829,+0.964
1664287620,+3.48,+19.657, +7.762,+0.965
1664287680,+3.48,+19.674, +7.743,+0.965
1664287740,+3.48,+19.674, +7.738,+0.964
1664287800,+3.48,+19.666, +7.659,+0.965
1664287860,+3.48,+19.657, +7.409,+0.965
1664287920,+3.48,+19.657, +7.371,+0.965
1664287980,+3.48,+19.666, +7.283,+0.965
1664288040,+3.48,+19.666, +7.329,+0.965
1664288100,+3.48,+19.649, +7.374,+0.965
1664288160,+3.48,+19.649, +7.474,+0.965
1664288220,+3.48,+19.649, +7.715,+0.965
1664288280,+3.48,+19.615, +7.846,+0.965
1664288340,+3.48,+19.624, +7.919,+0.965
1664288400,+3.48,+19.649, +7.957,+0.965
1664288460,+3.48,+19.615, +7.962,+0.965
1664288520,+3.48,+19.632, +7.954,+0.965
1664288580,+3.48,+19.624, +7.984,+0.965
1664288640,+3.48,+19.632, +7.967,+0.965
1664288700,+3.48,+19.624, +7.964,+0.964
1664288760,+3.48,+19.607, +7.971,+0.965
1664288820,+3.48,+19.615, +7.977,+0.965
1664288880,+3.49,+19.615, +7.943,+0.965
1664288940,+3.48,+19.607, +8.023,+0.965
1664289000,+3.48,+19.615, +8.003,+0.965
1664289060,+3.48,+19.607, +8.016,+0.965
1664289120,+3.48,+19.624, +8.043,+0.965
1664289180,+3.48,+19.599, +8.006,+0.965
1664289240,+3.48,+19.607, +7.868,+0.965
1664289300,+3.48,+19.624, +7.799,+0.964
1664289360,+3.48,+19.632, +7.576,+0.965
1664289420,+3.48,+19.607, +7.386,+0.965
1664289480,+3.48,+19.607, +7.263,+0.965
1664289540,+3.48,+19.607, +7.395,+0.965
1664289600,+3.48,+19.599, +7.521,+0.965
1664289660,+3.48,+19.599, +7.533,+0.965
1664289720,+3.49,+19.582, +7.502,+0.965
1664289780,+3.48,+19.607, +7.505,+0.965
1664289840,+3.48,+19.615, +7.423,+0.965
1664289900,+3.48,+19.590, +7.495,+0.965
1664289960,+3.48,+19.615, +7.542,+0.965
1664290020,+3.48,+19.615, +7.584,+0.965
1664290080,+3.48,+19.624, +7.618,+0.965
1664290140,+3.48,+19.615, +7.571,+0.964
1664290200,+3.48,+19.615, +7.577,+0.964
1664290260,+3.48,+19.607, +7.638,+0.965
1664290320,+3.48,+19.607, +7.707,+0.965
1664290380,+3.48,+19.615, +7.806,+0.965
1664290440,+3.48,+19.624, +7.892,+0.965
1664290500,+3.48,+19.624, +8.059,+0.965
1664290560,+3.48,+19.641, +8.231,+0.965
1664290620,+3.48,+19.615, +8.372,+0.965
1664290680,+3.48,+19.624, +8.407,+0.965
1664290740,+3.48,+19.632, +8.463,+0.965
1664290800,+3.48,+19.641, +8.418,+0.965
1664290860,+3.48,+19.607, +8.240,+0.965
1664290920,+3.48,+19.624, +8.093,+0.964
1664290980,+3.48,+19.641, +8.075,+0.966
1664291040,+3.48,+19.641, +8.099,+0.965
1664291100,+3.48,+19.641, +8.094,+0.965
1664291160,+3.48,+19.641, +8.128,+0.965
1664291220,+3.48,+19.649, +8.301,+0.965
1664291280,+3.48,+19.632, +8.346,+0.965
1664291340,+3.48,+19.641, +8.358,+0.965
1664291400,+3.48,+19.632, +8.379,+0.965
1664291460,+3.48,+19.624, +8.366,+0.965
1664291520,+3.48,+19.657, +8.338,+0.964
1664291580,+3.48,+19.641, +8.365,+0.965
1664291640,+3.48,+19.649, +8.322,+0.965
1664291700,+3.48,+19.649, +8.332,+0.965
1664291760,+3.48,+19.657, +8.340,+0.965
1664291820,+3.48,+19.657, +8.306,+0.965
1664291880,+3.48,+19.674, +8.336,+0.965
1664291940,+3.48,+19.674, +8.313,+0.965
1664292000,+3.48,+19.649, +8.242,+0.965
1664292060,+3.48,+19.649, +8.242,+0.965
1664292120,+3.48,+19.641, +8.244,+0.965
1664292180,+3.48,+19.649, +8.399,+0.965
1664292240,+3.48,+19.641, +8.412,+0.965
1664292300,+3.48,+19.657, +8.377,+0.965
1664292360,+3.48,+19.674, +8.265,+0.965
1664292420,+3.48,+19.674, +8.153,+0.965
1664292480,+3.48,+19.674, +8.158,+0.965
1664292540,+3.48,+19.682, +8.301,+0.965
1664292600,+3.48,+19.691, +8.373,+0.965
1664292660,+3.48,+19.708, +8.391,+0.965
1664292720,+3.48,+19.691, +8.433,+0.965
1664292780,+3.48,+19.699, +8.482,+0.965
1664292840,+3.48,+19.699, +8.530,+0.965
1664292900,+3.48,+19.699, +8.541,+0.965
1664292960,+3.48,+19.699, +8.455,+0.965
1664293020,+3.48,+19.724, +8.419,+0.964
1664293080,+3.48,+19.733, +8.409,+0.965
1664293140,+3.48,+19.724, +8.457,+0.965
1664293200,+3.48,+19.724, +8.380,+0.965
1664293260,+3.48,+19.733, +8.230,+0.965
1664293320,+3.48,+19.733, +8.303,+0.965
1664293380,+3.48,+19.724, +8.355,+0.965
1664293440,+3.48,+19.750, +8.450,+0.965
1664293500,+3.48,+19.766, +8.538,+0.965
1664293560,+3.48,+19.741, +8.571,+0.965
1664293620,+3.48,+19.766, +8.582,+0.965
1664293680,+3.48,+19.766, +8.553,+0.965
1664293740,+3.48,+19.775, +8.502,+0.965
1664293800,+3.48,+19.766, +8.541,+0.965
1664293860,+3.48,+19.775, +8.516,+0.965
1664293920,+3.48,+19.783, +8.470,+0.964
1664293980,+3.48,+19.791, +8.496,+0.965
1664294040,+3.48,+19.766, +8.596,+0.965
1664294100,+3.48,+19.783, +8.675,+0.965
1664294160,+3.48,+19.783, +8.702,+0.965
1664294220,+3.48,+19.783, +8.754,+0.965
1664294280,+3.48,+19.800, +8.779,+0.965
1664294340,+3.48,+19.783, +8.811,+0.965
1664294400,+3.48,+19.783, +8.835,+0.965
1664294460,+3.48,+19.783, +8.849,+0.965
1664294520,+3.48,+19.800, +8.838,+0.965
1664294580,+3.48,+19.783, +8.826,+0.965
1664294640,+3.48,+19.791, +8.814,+0.965
1664294700,+3.48,+19.800, +8.806,+0.965
1664294760,+3.48,+19.800, +8.745,+0.965
1664294820,+3.48,+19.808, +8.511,+0.965
1664294880,+3.48,+19.817, +8.474,+0.965
1664294940,+3.48,+19.817, +8.472,+0.965
1664295000,+3.48,+19.808, +8.430,+0.965
1664295060,+3.48,+19.808, +8.493,+0.965
1664295120,+3.48,+19.817, +8.528,+0.965
1664295180,+3.48,+19.817, +8.698,+0.965
1664295240,+3.48,+19.800, +8.879,+0.965
1664295300,+3.48,+19.808, +8.979,+0.965
1664295360,+3.48,+19.833, +9.095,+0.965
1664295420,+3.48,+19.850, +9.123,+0.965
1664295480,+3.48,+19.850, +9.158,+0.965
1664295540,+3.48,+19.850, +9.215,+0.965
1664295600,+3.48,+19.850, +9.219,+0.966
1664295660,+3.48,+19.833, +9.206,+0.966
1664295720,+3.48,+19.867, +9.189,+0.965
1664295780,+3.48,+19.858, +9.214,+0.966
1664295840,+3.48,+19.842, +9.250,+0.965
1664295900,+3.48,+19.867, +9.151,+0.965
1664295960,+3.48,+19.867, +9.090,+0.965
1664296020,+3.48,+19.884, +9.177,+0.965
1664296080,+3.48,+19.892, +9.197,+0.965
1664296140,+3.48,+19.892, +9.219,+0.965
1664296200,+3.48,+19.892, +9.116,+0.965
1664296260,+3.48,+19.867, +9.036,+0.965
1664296320,+3.48,+19.900, +9.189,+0.965
1664296380,+3.48,+19.917, +9.263,+0.966
1664296440,+3.48,+19.909, +9.273,+0.965
1664296500,+3.48,+19.917, +9.249,+0.965
1664296560,+3.48,+19.934, +9.228,+0.965
1664296620,+3.48,+19.909, +9.251,+0.965
1664296680,+3.48,+19.900, +9.204,+0.965
1664296740,+3.48,+19.900, +9.197,+0.965
1664296800,+3.48,+19.900, +9.057,+0.966
1664296860,+3.48,+19.900, +8.900,+0.966
1664296920,+3.48,+19.909, +8.893,+0.965
1664296980,+3.48,+19.917, +8.861,+0.965
1664297040,+3.48,+19.900, +8.819,+0.966
1664297100,+3.48,+19.892, +8.721,+0.965
1664297160,+3.48,+19.892, +8.631,+0.965
1664297220,+3.48,+19.892, +8.707,+0.965
1664297280,+3.48,+19.900, +8.684,+0.965
