7450-383325
OS REV: 1.05 Sensor Cal: 1644949570
Time (sec),  BV (Volts),  T (deg C),  DO (mg/l),  Q ()
1667839740,+3.47,+17.325, +0.054,+0.934
1667839800,+3.47,+17.316, +0.052,+0.934
1667839860,+3.47,+17.316, +0.051,+0.934
1667839920,+3.47,+17.282, +0.049,+0.934
1667839980,+3.47,+17.308, +0.047,+0.934
1667840040,+3.47,+17.299, +0.045,+0.934
1667840100,+3.47,+17.308, +0.045,+0.934
1667840160,+3.48,+17.299, +0.045,+0.934
1667840220,+3.47,+17.316, +0.044,+0.934
1667840280,+3.48,+17.299, +0.044,+0.934
1667840340,+3.47,+17.308, +0.044,+0.934
1667840400,+3.47,+17.308, +0.043,+0.934
1667840460,+3.47,+17.333, +0.044,+0.934
1667840520,+3.48,+17.325, +0.044,+0.934
1667840580,+3.47,+17.325, +0.043,+0.934
1667840640,+3.48,+17.325, +0.044,+0.934
1667840700,+3.47,+17.325, +0.043,+0.934
1667840760,+3.47,+17.325, +0.043,+0.934
1667840820,+3.47,+17.316, +0.043,+0.934
1667840880,+3.47,+17.333, +0.044,+0.934
1667840940,+3.47,+17.333, +0.043,+0.934
1667841000,+3.47,+17.325, +0.043,+0.934
1667841060,+3.47,+17.325, +0.043,+0.934
1667841120,+3.47,+17.333, +0.044,+0.934
1667841180,+3.47,+17.333, +0.044,+0.934
1667841240,+3.47,+17.316, +0.044,+0.934
1667841300,+3.47,+17.333, +0.044,+0.934
1667841360,+3.47,+17.325, +0.044,+0.934
1667841420,+3.47,+17.325, +0.045,+0.934
1667841480,+3.47,+17.316, +0.045,+0.934
1667841540,+3.47,+17.342, +0.044,+0.934
1667841600,+3.47,+17.333, +0.044,+0.934
1667841660,+3.47,+17.333, +0.044,+0.934
1667841720,+3.47,+17.316, +0.043,+0.934
1667841780,+3.47,+17.333, +0.044,+0.934
1667841840,+3.48,+17.325, +0.067,+0.934
1667841900,+3.48,+17.308, +0.069,+0.934
1667841960,+3.47,+17.316, +0.067,+0.934
1667842020,+3.48,+17.325, +0.066,+0.934
1667842080,+3.48,+17.325, +0.063,+0.934
1667842140,+3.47,+17.308, +0.061,+0.934
1667842200,+3.48,+17.316, +0.058,+0.934
1667842260,+3.47,+17.308, +0.056,+0.934
1667842320,+3.47,+17.316, +0.054,+0.934
1667842380,+3.47,+17.325, +0.051,+0.934
1667842440,+3.47,+17.325, +0.050,+0.934
1667842500,+3.47,+17.325, +0.048,+0.934
1667842560,+3.47,+17.316, +0.046,+0.934
1667842620,+3.47,+17.316, +0.046,+0.934
1667842680,+3.48,+17.316, +0.045,+0.934
1667842740,+3.47,+17.333, +0.044,+0.934
1667842800,+3.47,+17.316, +0.043,+0.934
1667842860,+3.47,+17.316, +0.042,+0.934
1667842920,+3.47,+17.316, +0.042,+0.934
1667842980,+3.48,+17.299, +0.043,+0.934
1667843040,+3.47,+17.342, +0.042,+0.934
1667843100,+3.47,+17.316, +0.043,+0.934
1667843160,+3.48,+17.299, +0.043,+0.934
1667843220,+3.47,+17.299, +0.043,+0.934
1667843280,+3.47,+17.308, +0.043,+0.934
1667843340,+3.47,+17.325, +0.043,+0.934
1667843400,+3.47,+17.325, +0.043,+0.934
1667843460,+3.47,+17.325, +0.042,+0.934
1667843520,+3.48,+17.291, +0.046,+0.934
1667843580,+3.48,+17.316, +0.066,+0.934
1667843640,+3.47,+17.308, +0.088,+0.933
1667843700,+3.47,+17.316, +0.096,+0.933
1667843760,+3.47,+17.316, +0.097,+0.933
1667843820,+3.48,+17.316, +0.098,+0.933
1667843880,+3.48,+17.291, +0.113,+0.932
1667843940,+3.48,+17.308, +0.143,+0.930
1667844000,+3.47,+17.316, +0.169,+0.928
1667844060,+3.47,+17.325, +0.167,+0.929
1667844120,+3.48,+17.316, +0.161,+0.930
1667844180,+3.48,+17.299, +0.154,+0.930
1667844240,+3.47,+17.325, +0.147,+0.931
1667844300,+3.48,+17.316, +0.139,+0.931
1667844360,+3.47,+17.325, +0.131,+0.932
1667844420,+3.47,+17.316, +0.123,+0.932
1667844480,+3.47,+17.325, +0.116,+0.933
1667844540,+3.48,+17.316, +0.108,+0.933
1667844600,+3.47,+17.299, +0.101,+0.933
1667844660,+3.48,+17.308, +0.093,+0.934
1667844720,+3.47,+17.333, +0.087,+0.934
1667844780,+3.47,+17.333, +0.080,+0.934
1667844840,+3.47,+17.333, +0.074,+0.934
1667844900,+3.48,+17.333, +0.069,+0.934
1667844960,+3.47,+17.316, +0.064,+0.934
1667845020,+3.48,+17.308, +0.061,+0.934
1667845080,+3.47,+17.325, +0.057,+0.934
1667845140,+3.47,+17.316, +0.054,+0.934
1667845200,+3.47,+17.342, +0.050,+0.934
1667845260,+3.47,+17.325, +0.048,+0.934
1667845320,+3.47,+17.333, +0.047,+0.934
1667845380,+3.47,+17.333, +0.045,+0.934
1667845440,+3.47,+17.308, +0.044,+0.934
1667845500,+3.47,+17.333, +0.043,+0.934
1667845560,+3.47,+17.325, +0.043,+0.934
1667845620,+3.48,+17.325, +0.042,+0.934
1667845680,+3.47,+17.316, +0.042,+0.934
1667845740,+3.47,+17.333, +0.042,+0.934
1667845800,+3.47,+17.342, +0.043,+0.934
1667845860,+3.47,+17.325, +0.043,+0.934
1667845920,+3.47,+17.316, +0.042,+0.934
1667845980,+3.47,+17.342, +0.042,+0.934
1667846040,+3.47,+17.333, +0.043,+0.934
1667846100,+3.47,+17.333, +0.042,+0.934
1667846160,+3.47,+17.350, +0.042,+0.934
1667846220,+3.47,+17.325, +0.043,+0.934
1667846280,+3.47,+17.325, +0.042,+0.934
1667846340,+3.47,+17.325, +0.043,+0.934
1667846400,+3.47,+17.325, +0.043,+0.934
1667846460,+3.47,+17.342, +0.042,+0.934
1667846520,+3.47,+17.367, +0.042,+0.934
1667846580,+3.47,+17.333, +0.043,+0.934
1667846640,+3.47,+17.342, +0.043,+0.934
1667846700,+3.47,+17.333, +0.043,+0.934
1667846760,+3.48,+17.342, +0.042,+0.934
1667846820,+3.47,+17.333, +0.043,+0.934
1667846880,+3.47,+17.350, +0.042,+0.934
1667846940,+3.47,+17.367, +0.042,+0.934
1667847000,+3.47,+17.367, +0.042,+0.934
1667847060,+3.47,+17.359, +0.043,+0.934
1667847120,+3.48,+17.342, +0.042,+0.934
1667847180,+3.47,+17.359, +0.043,+0.934
1667847240,+3.48,+17.359, +0.042,+0.934
1667847300,+3.47,+17.359, +0.042,+0.934
1667847360,+3.47,+17.367, +0.043,+0.934
1667847420,+3.47,+17.359, +0.043,+0.934
1667847480,+3.47,+17.367, +0.042,+0.934
1667847540,+3.47,+17.375, +0.043,+0.934
1667847600,+3.47,+17.375, +0.042,+0.934
1667847660,+3.48,+17.350, +0.043,+0.934
1667847720,+3.47,+17.384, +0.042,+0.934
1667847780,+3.47,+17.367, +0.042,+0.934
1667847840,+3.47,+17.367, +0.043,+0.935
1667847900,+3.47,+17.367, +0.043,+0.934
1667847960,+3.47,+17.375, +0.042,+0.934
1667848020,+3.47,+17.375, +0.042,+0.934
1667848080,+3.47,+17.367, +0.042,+0.934
1667848140,+3.47,+17.342, +0.043,+0.935
1667848200,+3.47,+17.367, +0.042,+0.934
1667848260,+3.47,+17.367, +0.042,+0.934
1667848320,+3.47,+17.384, +0.042,+0.935
1667848380,+3.47,+17.375, +0.042,+0.934
1667848440,+3.47,+17.392, +0.042,+0.934
1667848500,+3.47,+17.384, +0.042,+0.935
1667848560,+3.47,+17.359, +0.042,+0.934
1667848620,+3.48,+17.375, +0.042,+0.934
1667848680,+3.47,+17.384, +0.042,+0.934
1667848740,+3.47,+17.384, +0.042,+0.934
1667848800,+3.47,+17.392, +0.042,+0.934
1667848860,+3.47,+17.384, +0.043,+0.935
1667848920,+3.48,+17.367, +0.042,+0.935
1667848980,+3.47,+17.384, +0.042,+0.934
1667849040,+3.47,+17.367, +0.042,+0.935
1667849100,+3.47,+17.392, +0.042,+0.935
1667849160,+3.47,+17.392, +0.042,+0.935
1667849220,+3.47,+17.375, +0.042,+0.935
1667849280,+3.47,+17.384, +0.043,+0.935
1667849340,+3.47,+17.384, +0.043,+0.935
1667849400,+3.48,+17.384, +0.043,+0.935
1667849460,+3.47,+17.384, +0.042,+0.935
1667849520,+3.47,+17.401, +0.043,+0.935
1667849580,+3.47,+17.384, +0.043,+0.935
1667849640,+3.47,+17.392, +0.043,+0.935
1667849700,+3.47,+17.384, +0.043,+0.935
1667849760,+3.47,+17.384, +0.043,+0.935
1667849820,+3.47,+17.401, +0.042,+0.935
1667849880,+3.47,+17.418, +0.042,+0.935
1667849940,+3.47,+17.409, +0.042,+0.934
1667850000,+3.47,+17.418, +0.043,+0.935
1667850060,+3.47,+17.409, +0.042,+0.935
1667850120,+3.47,+17.435, +0.042,+0.935
1667850180,+3.47,+17.435, +0.042,+0.935
1667850240,+3.47,+17.418, +0.042,+0.935
1667850300,+3.47,+17.435, +0.042,+0.934
1667850360,+3.47,+17.452, +0.043,+0.935
1667850420,+3.47,+17.443, +0.042,+0.935
1667850480,+3.47,+17.426, +0.042,+0.934
1667850540,+3.47,+17.418, +0.042,+0.935
1667850600,+3.47,+17.426, +0.043,+0.935
1667850660,+3.47,+17.443, +0.043,+0.935
1667850720,+3.47,+17.435, +0.042,+0.935
1667850780,+3.47,+17.435, +0.042,+0.935
1667850840,+3.47,+17.435, +0.042,+0.935
1667850900,+3.47,+17.418, +0.042,+0.935
1667850960,+3.47,+17.418, +0.042,+0.935
1667851020,+3.47,+17.435, +0.042,+0.935
1667851080,+3.47,+17.426, +0.042,+0.935
1667851140,+3.47,+17.409, +0.042,+0.935
1667851200,+3.47,+17.418, +0.042,+0.935
1667851260,+3.47,+17.418, +0.042,+0.935
1667851320,+3.47,+17.401, +0.042,+0.935
1667851380,+3.47,+17.401, +0.043,+0.935
1667851440,+3.47,+17.409, +0.042,+0.935
1667851500,+3.47,+17.401, +0.042,+0.935
1667851560,+3.47,+17.418, +0.042,+0.935
1667851620,+3.47,+17.426, +0.042,+0.935
1667851680,+3.47,+17.409, +0.042,+0.935
1667851740,+3.47,+17.418, +0.042,+0.935
1667851800,+3.47,+17.435, +0.042,+0.935
1667851860,+3.47,+17.418, +0.042,+0.935
1667851920,+3.47,+17.435, +0.042,+0.935
1667851980,+3.47,+17.435, +0.042,+0.935
1667852040,+3.47,+17.401, +0.042,+0.935
1667852100,+3.47,+17.418, +0.042,+0.935
1667852160,+3.47,+17.426, +0.042,+0.935
1667852220,+3.47,+17.426, +0.042,+0.935
1667852280,+3.47,+17.443, +0.042,+0.935
1667852340,+3.47,+17.409, +0.042,+0.935
1667852400,+3.47,+17.418, +0.042,+0.935
1667852460,+3.47,+17.435, +0.042,+0.935
1667852520,+3.47,+17.426, +0.042,+0.935
1667852580,+3.47,+17.426, +0.042,+0.935
1667852640,+3.47,+17.409, +0.042,+0.935
1667852700,+3.47,+17.426, +0.043,+0.935
1667852760,+3.47,+17.409, +0.043,+0.935
1667852820,+3.47,+17.409, +0.042,+0.935
1667852880,+3.47,+17.426, +0.042,+0.935
1667852940,+3.47,+17.418, +0.042,+0.935
1667853000,+3.48,+17.418, +0.042,+0.935
1667853060,+3.47,+17.443, +0.042,+0.935
1667853120,+3.48,+17.401, +0.042,+0.935
1667853180,+3.47,+17.426, +0.042,+0.935
1667853240,+3.48,+17.418, +0.042,+0.935
1667853300,+3.47,+17.418, +0.042,+0.935
1667853360,+3.47,+17.426, +0.042,+0.935
1667853420,+3.48,+17.401, +0.042,+0.935
1667853480,+3.47,+17.409, +0.042,+0.935
1667853540,+3.47,+17.426, +0.042,+0.935
1667853600,+3.47,+17.426, +0.042,+0.935
1667853660,+3.47,+17.418, +0.042,+0.935
1667853720,+3.47,+17.435, +0.042,+0.935
1667853780,+3.47,+17.418, +0.042,+0.935
1667853840,+3.47,+17.392, +0.042,+0.935
1667853900,+3.47,+17.426, +0.042,+0.935
1667853960,+3.48,+17.418, +0.042,+0.935
1667854020,+3.48,+17.392, +0.042,+0.935
1667854080,+3.48,+17.392, +0.042,+0.935
1667854140,+3.47,+17.418, +0.042,+0.935
1667854200,+3.47,+17.409, +0.042,+0.935
1667854260,+3.47,+17.409, +0.042,+0.935
1667854320,+3.47,+17.426, +0.042,+0.935
1667854380,+3.47,+17.418, +0.042,+0.935
1667854440,+3.47,+17.409, +0.042,+0.935
1667854500,+3.48,+17.409, +0.042,+0.935
1667854560,+3.48,+17.401, +0.042,+0.935
1667854620,+3.48,+17.409, +0.042,+0.935
1667854680,+3.48,+17.401, +0.042,+0.935
1667854740,+3.48,+17.392, +0.042,+0.935
1667854800,+3.48,+17.401, +0.042,+0.935
1667854860,+3.47,+17.418, +0.042,+0.935
1667854920,+3.47,+17.409, +0.043,+0.935
1667854980,+3.47,+17.392, +0.042,+0.935
1667855040,+3.47,+17.401, +0.041,+0.935
1667855100,+3.48,+17.401, +0.042,+0.935
1667855160,+3.48,+17.384, +0.042,+0.935
1667855220,+3.47,+17.409, +0.043,+0.935
1667855280,+3.47,+17.401, +0.042,+0.935
1667855340,+3.48,+17.384, +0.042,+0.935
1667855400,+3.47,+17.392, +0.042,+0.935
1667855460,+3.47,+17.409, +0.042,+0.935
1667855520,+3.48,+17.384, +0.042,+0.935
1667855580,+3.48,+17.409, +0.043,+0.935
1667855640,+3.48,+17.401, +0.042,+0.935
1667855700,+3.48,+17.401, +0.042,+0.935
1667855760,+3.48,+17.392, +0.042,+0.935
1667855820,+3.48,+17.392, +0.042,+0.935
1667855880,+3.48,+17.375, +0.042,+0.935
1667855940,+3.48,+17.375, +0.042,+0.935
1667856000,+3.48,+17.392, +0.042,+0.935
1667856060,+3.47,+17.392, +0.042,+0.935
1667856120,+3.48,+17.392, +0.042,+0.935
1667856180,+3.48,+17.401, +0.042,+0.935
1667856240,+3.48,+17.375, +0.042,+0.935
1667856300,+3.48,+17.384, +0.042,+0.935
1667856360,+3.48,+17.409, +0.042,+0.935
1667856420,+3.47,+17.367, +0.042,+0.935
1667856480,+3.48,+17.367, +0.042,+0.935
1667856540,+3.48,+17.384, +0.042,+0.935
1667856600,+3.48,+17.375, +0.042,+0.935
1667856660,+3.48,+17.375, +0.042,+0.935
1667856720,+3.48,+17.384, +0.042,+0.935
1667856780,+3.48,+17.384, +0.041,+0.935
1667856840,+3.48,+17.375, +0.042,+0.935
1667856900,+3.48,+17.375, +0.042,+0.935
1667856960,+3.48,+17.367, +0.042,+0.935
1667857020,+3.48,+17.384, +0.041,+0.935
1667857080,+3.48,+17.375, +0.041,+0.935
1667857140,+3.48,+17.359, +0.042,+0.935
1667857200,+3.48,+17.359, +0.042,+0.935
1667857260,+3.48,+17.367, +0.042,+0.935
1667857320,+3.47,+17.384, +0.042,+0.935
1667857380,+3.48,+17.359, +0.042,+0.935
1667857440,+3.48,+17.384, +0.042,+0.935
1667857500,+3.48,+17.384, +0.042,+0.935
1667857560,+3.48,+17.367, +0.042,+0.935
1667857620,+3.48,+17.384, +0.042,+0.935
1667857680,+3.48,+17.375, +0.042,+0.935
1667857740,+3.48,+17.384, +0.042,+0.935
1667857800,+3.48,+17.359, +0.042,+0.935
1667857860,+3.48,+17.375, +0.042,+0.935
1667857920,+3.48,+17.384, +0.042,+0.935
1667857980,+3.48,+17.384, +0.042,+0.935
1667858040,+3.48,+17.375, +0.042,+0.935
1667858100,+3.48,+17.392, +0.042,+0.935
1667858160,+3.48,+17.384, +0.042,+0.935
1667858220,+3.48,+17.384, +0.042,+0.935
1667858280,+3.48,+17.367, +0.042,+0.935
1667858340,+3.48,+17.375, +0.042,+0.935
1667858400,+3.48,+17.384, +0.041,+0.935
1667858460,+3.48,+17.375, +0.042,+0.935
1667858520,+3.48,+17.375, +0.042,+0.935
1667858580,+3.48,+17.384, +0.042,+0.935
1667858640,+3.48,+17.375, +0.041,+0.935
1667858700,+3.48,+17.367, +0.041,+0.935
1667858760,+3.48,+17.375, +0.042,+0.935
1667858820,+3.48,+17.367, +0.042,+0.935
1667858880,+3.48,+17.367, +0.042,+0.935
1667858940,+3.48,+17.359, +0.041,+0.935
1667859000,+3.48,+17.375, +0.042,+0.935
1667859060,+3.48,+17.350, +0.042,+0.935
1667859120,+3.48,+17.375, +0.042,+0.935
1667859180,+3.48,+17.342, +0.042,+0.935
1667859240,+3.48,+17.367, +0.042,+0.935
1667859300,+3.48,+17.367, +0.042,+0.935
1667859360,+3.48,+17.359, +0.042,+0.935
1667859420,+3.48,+17.350, +0.042,+0.935
1667859480,+3.48,+17.375, +0.041,+0.935
1667859540,+3.48,+17.367, +0.041,+0.935
1667859600,+3.48,+17.384, +0.042,+0.935
1667859660,+3.48,+17.384, +0.042,+0.935
1667859720,+3.48,+17.367, +0.042,+0.935
1667859780,+3.48,+17.350, +0.042,+0.935
1667859840,+3.48,+17.367, +0.042,+0.935
1667859900,+3.48,+17.375, +0.042,+0.935
1667859960,+3.48,+17.350, +0.042,+0.935
1667860020,+3.48,+17.350, +0.042,+0.935
1667860080,+3.48,+17.367, +0.042,+0.935
1667860140,+3.48,+17.350, +0.041,+0.935
1667860200,+3.48,+17.342, +0.042,+0.935
1667860260,+3.48,+17.325, +0.042,+0.935
1667860320,+3.48,+17.359, +0.042,+0.935
1667860380,+3.48,+17.359, +0.042,+0.935
1667860440,+3.48,+17.350, +0.042,+0.935
1667860500,+3.48,+17.333, +0.042,+0.935
1667860560,+3.48,+17.325, +0.041,+0.935
1667860620,+3.48,+17.316, +0.042,+0.935
1667860680,+3.48,+17.325, +0.042,+0.935
1667860740,+3.48,+17.316, +0.041,+0.935
1667860800,+3.48,+17.308, +0.042,+0.935
1667860860,+3.48,+17.316, +0.041,+0.935
1667860920,+3.48,+17.316, +0.041,+0.935
1667860980,+3.48,+17.316, +0.042,+0.935
1667861040,+3.48,+17.333, +0.042,+0.935
1667861100,+3.48,+17.308, +0.041,+0.935
1667861160,+3.48,+17.308, +0.042,+0.935
1667861220,+3.48,+17.325, +0.041,+0.935
1667861280,+3.48,+17.316, +0.042,+0.935
1667861340,+3.48,+17.299, +0.042,+0.935
1667861400,+3.48,+17.325, +0.041,+0.935
1667861460,+3.48,+17.308, +0.042,+0.935
1667861520,+3.48,+17.325, +0.041,+0.935
1667861580,+3.48,+17.316, +0.042,+0.935
1667861640,+3.48,+17.325, +0.042,+0.935
1667861700,+3.48,+17.325, +0.042,+0.935
1667861760,+3.48,+17.316, +0.042,+0.935
1667861820,+3.48,+17.342, +0.042,+0.935
1667861880,+3.48,+17.325, +0.042,+0.935
1667861940,+3.48,+17.333, +0.042,+0.935
1667862000,+3.48,+17.333, +0.042,+0.935
1667862060,+3.48,+17.342, +0.042,+0.935
1667862120,+3.48,+17.333, +0.042,+0.935
1667862180,+3.48,+17.350, +0.042,+0.935
1667862240,+3.48,+17.333, +0.042,+0.935
1667862300,+3.48,+17.342, +0.041,+0.935
1667862360,+3.48,+17.342, +0.042,+0.935
1667862420,+3.48,+17.350, +0.042,+0.935
1667862480,+3.48,+17.350, +0.042,+0.935
1667862540,+3.48,+17.350, +0.042,+0.935
1667862600,+3.48,+17.375, +0.041,+0.935
1667862660,+3.48,+17.350, +0.042,+0.935
1667862720,+3.48,+17.367, +0.041,+0.935
1667862780,+3.48,+17.367, +0.042,+0.935
1667862840,+3.48,+17.375, +0.042,+0.935
1667862900,+3.48,+17.375, +0.042,+0.935
1667862960,+3.48,+17.359, +0.041,+0.935
1667863020,+3.48,+17.375, +0.041,+0.935
1667863080,+3.48,+17.375, +0.042,+0.935
1667863140,+3.48,+17.384, +0.042,+0.935
1667863200,+3.48,+17.359, +0.042,+0.935
1667863260,+3.48,+17.359, +0.041,+0.935
1667863320,+3.48,+17.384, +0.042,+0.935
1667863380,+3.48,+17.375, +0.041,+0.935
1667863440,+3.48,+17.375, +0.042,+0.935
1667863500,+3.48,+17.359, +0.042,+0.935
1667863560,+3.48,+17.359, +0.042,+0.935
1667863620,+3.48,+17.375, +0.042,+0.935
1667863680,+3.48,+17.384, +0.042,+0.935
1667863740,+3.48,+17.409, +0.042,+0.935
1667863800,+3.48,+17.367, +0.042,+0.935
1667863860,+3.48,+17.384, +0.041,+0.935
1667863920,+3.48,+17.375, +0.042,+0.935
1667863980,+3.48,+17.359, +0.041,+0.935
1667864040,+3.48,+17.367, +0.042,+0.935
1667864100,+3.48,+17.392, +0.042,+0.935
1667864160,+3.48,+17.384, +0.042,+0.935
1667864220,+3.48,+17.392, +0.042,+0.935
1667864280,+3.48,+17.409, +0.042,+0.935
1667864340,+3.48,+17.392, +0.042,+0.935
1667864400,+3.47,+17.426, +0.041,+0.935
1667864460,+3.48,+17.401, +0.042,+0.935
1667864520,+3.47,+17.418, +0.042,+0.935
1667864580,+3.47,+17.435, +0.041,+0.935
1667864640,+3.47,+17.435, +0.042,+0.935
1667864700,+3.48,+17.443, +0.042,+0.935
1667864760,+3.48,+17.443, +0.042,+0.935
1667864820,+3.47,+17.477, +0.042,+0.935
1667864880,+3.47,+17.460, +0.042,+0.935
1667864940,+3.47,+17.469, +0.042,+0.935
1667865000,+3.47,+17.494, +0.041,+0.935
1667865060,+3.47,+17.494, +0.041,+0.935
1667865120,+3.47,+17.485, +0.042,+0.935
1667865180,+3.47,+17.485, +0.041,+0.935
1667865240,+3.47,+17.494, +0.041,+0.935
1667865300,+3.47,+17.502, +0.041,+0.935
1667865360,+3.47,+17.502, +0.041,+0.935
1667865420,+3.47,+17.494, +0.041,+0.935
1667865480,+3.47,+17.494, +0.041,+0.935
1667865540,+3.47,+17.502, +0.041,+0.935
1667865600,+3.47,+17.502, +0.041,+0.935
1667865660,+3.47,+17.494, +0.042,+0.935
1667865720,+3.47,+17.502, +0.042,+0.935
1667865780,+3.47,+17.502, +0.041,+0.935
1667865840,+3.47,+17.511, +0.042,+0.935
1667865900,+3.47,+17.494, +0.041,+0.935
1667865960,+3.47,+17.494, +0.042,+0.935
1667866020,+3.47,+17.519, +0.041,+0.935
1667866080,+3.47,+17.519, +0.042,+0.935
1667866140,+3.47,+17.528, +0.041,+0.935
1667866200,+3.47,+17.511, +0.042,+0.935
1667866260,+3.47,+17.528, +0.041,+0.935
1667866320,+3.47,+17.528, +0.042,+0.935
1667866380,+3.47,+17.519, +0.042,+0.935
1667866440,+3.47,+17.528, +0.041,+0.935
1667866500,+3.47,+17.528, +0.041,+0.935
1667866560,+3.47,+17.536, +0.042,+0.935
1667866620,+3.47,+17.528, +0.042,+0.935
1667866680,+3.47,+17.545, +0.042,+0.935
1667866740,+3.47,+17.545, +0.042,+0.935
1667866800,+3.47,+17.528, +0.042,+0.935
1667866860,+3.47,+17.553, +0.041,+0.935
1667866920,+3.47,+17.562, +0.041,+0.935
1667866980,+3.47,+17.553, +0.042,+0.935
1667867040,+3.47,+17.536, +0.041,+0.935
1667867100,+3.47,+17.553, +0.042,+0.935
1667867160,+3.47,+17.562, +0.041,+0.935
1667867220,+3.47,+17.528, +0.041,+0.935
1667867280,+3.47,+17.553, +0.041,+0.935
1667867340,+3.47,+17.553, +0.041,+0.935
1667867400,+3.47,+17.545, +0.040,+0.935
1667867460,+3.47,+17.553, +0.041,+0.935
1667867520,+3.47,+17.536, +0.041,+0.935
1667867580,+3.47,+17.562, +0.041,+0.935
1667867640,+3.47,+17.553, +0.041,+0.935
1667867700,+3.47,+17.528, +0.041,+0.935
1667867760,+3.47,+17.545, +0.042,+0.935
1667867820,+3.47,+17.570, +0.041,+0.935
1667867880,+3.47,+17.562, +0.041,+0.935
1667867940,+3.47,+17.545, +0.042,+0.935
1667868000,+3.47,+17.562, +0.041,+0.935
1667868060,+3.47,+17.579, +0.041,+0.935
1667868120,+3.47,+17.579, +0.041,+0.935
1667868180,+3.47,+17.570, +0.042,+0.935
1667868240,+3.47,+17.570, +0.041,+0.935
1667868300,+3.47,+17.570, +0.042,+0.935
1667868360,+3.47,+17.587, +0.042,+0.935
1667868420,+3.47,+17.595, +0.041,+0.935
1667868480,+3.47,+17.579, +0.041,+0.935
1667868540,+3.47,+17.579, +0.042,+0.935
1667868600,+3.47,+17.579, +0.041,+0.935
1667868660,+3.47,+17.604, +0.041,+0.935
1667868720,+3.47,+17.587, +0.041,+0.935
1667868780,+3.47,+17.595, +0.041,+0.935
1667868840,+3.47,+17.604, +0.041,+0.935
1667868900,+3.47,+17.587, +0.041,+0.935
1667868960,+3.47,+17.604, +0.041,+0.935
1667869020,+3.47,+17.612, +0.040,+0.935
1667869080,+3.47,+17.587, +0.041,+0.935
1667869140,+3.47,+17.604, +0.041,+0.935
1667869200,+3.47,+17.587, +0.041,+0.935
1667869260,+3.47,+17.587, +0.041,+0.935
1667869320,+3.47,+17.587, +0.041,+0.935
1667869380,+3.47,+17.570, +0.042,+0.935
1667869440,+3.47,+17.595, +0.041,+0.935
1667869500,+3.47,+17.595, +0.041,+0.935
1667869560,+3.47,+17.595, +0.041,+0.935
1667869620,+3.47,+17.587, +0.041,+0.935
1667869680,+3.47,+17.595, +0.042,+0.935
1667869740,+3.47,+17.587, +0.041,+0.935
1667869800,+3.47,+17.579, +0.041,+0.935
1667869860,+3.47,+17.595, +0.041,+0.935
1667869920,+3.47,+17.604, +0.041,+0.935
1667869980,+3.47,+17.595, +0.042,+0.935
1667870040,+3.47,+17.612, +0.041,+0.935
1667870100,+3.47,+17.579, +0.042,+0.935
1667870160,+3.47,+17.587, +0.041,+0.935
1667870220,+3.47,+17.595, +0.041,+0.935
1667870280,+3.47,+17.595, +0.040,+0.935
1667870340,+3.47,+17.595, +0.041,+0.935
1667870400,+3.47,+17.587, +0.041,+0.935
1667870460,+3.47,+17.595, +0.041,+0.935
1667870520,+3.47,+17.612, +0.041,+0.935
1667870580,+3.47,+17.604, +0.041,+0.935
1667870640,+3.47,+17.587, +0.042,+0.935
1667870700,+3.47,+17.604, +0.041,+0.935
1667870760,+3.47,+17.595, +0.041,+0.935
1667870820,+3.47,+17.595, +0.041,+0.935
1667870880,+3.47,+17.604, +0.041,+0.935
1667870940,+3.47,+17.604, +0.041,+0.935
1667871000,+3.47,+17.587, +0.041,+0.935
1667871060,+3.47,+17.595, +0.041,+0.935
1667871120,+3.47,+17.595, +0.041,+0.935
1667871180,+3.47,+17.587, +0.041,+0.935
1667871240,+3.47,+17.604, +0.041,+0.935
1667871300,+3.47,+17.587, +0.041,+0.935
1667871360,+3.47,+17.595, +0.041,+0.935
1667871420,+3.47,+17.604, +0.041,+0.935
1667871480,+3.47,+17.595, +0.041,+0.935
1667871540,+3.47,+17.604, +0.041,+0.935
1667871600,+3.47,+17.587, +0.042,+0.935
1667871660,+3.47,+17.595, +0.041,+0.935
1667871720,+3.47,+17.595, +0.041,+0.935
1667871780,+3.47,+17.595, +0.041,+0.935
1667871840,+3.47,+17.595, +0.041,+0.935
1667871900,+3.47,+17.604, +0.041,+0.935
1667871960,+3.47,+17.587, +0.041,+0.935
1667872020,+3.47,+17.587, +0.041,+0.935
1667872080,+3.47,+17.579, +0.041,+0.935
1667872140,+3.47,+17.587, +0.041,+0.935
1667872200,+3.47,+17.587, +0.041,+0.935
1667872260,+3.47,+17.579, +0.041,+0.935
1667872320,+3.47,+17.570, +0.042,+0.935
1667872380,+3.47,+17.570, +0.041,+0.935
1667872440,+3.47,+17.587, +0.041,+0.935
1667872500,+3.47,+17.570, +0.041,+0.935
1667872560,+3.47,+17.579, +0.040,+0.935
1667872620,+3.47,+17.545, +0.042,+0.935
1667872680,+3.47,+17.553, +0.042,+0.935
1667872740,+3.47,+17.587, +0.041,+0.935
1667872800,+3.47,+17.579, +0.041,+0.935
1667872860,+3.47,+17.562, +0.041,+0.935
1667872920,+3.47,+17.562, +0.041,+0.935
1667872980,+3.47,+17.579, +0.041,+0.935
1667873040,+3.47,+17.562, +0.041,+0.935
1667873100,+3.47,+17.570, +0.041,+0.935
1667873160,+3.47,+17.553, +0.041,+0.935
1667873220,+3.47,+17.562, +0.041,+0.935
1667873280,+3.47,+17.553, +0.041,+0.935
1667873340,+3.48,+17.545, +0.042,+0.935
1667873400,+3.47,+17.553, +0.041,+0.935
1667873460,+3.47,+17.553, +0.041,+0.935
1667873520,+3.47,+17.562, +0.041,+0.935
1667873580,+3.47,+17.536, +0.041,+0.935
1667873640,+3.47,+17.536, +0.041,+0.935
1667873700,+3.47,+17.545, +0.041,+0.935
1667873760,+3.47,+17.536, +0.041,+0.935
1667873820,+3.47,+17.528, +0.041,+0.935
1667873880,+3.48,+17.545, +0.041,+0.935
1667873940,+3.47,+17.528, +0.041,+0.935
1667874000,+3.47,+17.528, +0.041,+0.935
1667874060,+3.47,+17.536, +0.041,+0.935
1667874120,+3.47,+17.519, +0.041,+0.935
1667874180,+3.47,+17.519, +0.041,+0.935
1667874240,+3.47,+17.545, +0.041,+0.935
1667874300,+3.47,+17.528, +0.041,+0.935
1667874360,+3.47,+17.545, +0.040,+0.935
1667874420,+3.47,+17.502, +0.041,+0.935
1667874480,+3.47,+17.519, +0.041,+0.935
1667874540,+3.47,+17.502, +0.040,+0.935
1667874600,+3.47,+17.511, +0.041,+0.935
1667874660,+3.47,+17.519, +0.041,+0.935
1667874720,+3.48,+17.519, +0.041,+0.935
1667874780,+3.48,+17.536, +0.041,+0.935
1667874840,+3.48,+17.519, +0.041,+0.935
1667874900,+3.48,+17.502, +0.041,+0.935
1667874960,+3.47,+17.494, +0.041,+0.935
1667875020,+3.47,+17.494, +0.041,+0.935
1667875080,+3.47,+17.519, +0.041,+0.935
1667875140,+3.48,+17.502, +0.041,+0.935
1667875200,+3.48,+17.494, +0.041,+0.935
1667875260,+3.48,+17.485, +0.041,+0.935
1667875320,+3.47,+17.494, +0.041,+0.935
1667875380,+3.48,+17.494, +0.041,+0.935
1667875440,+3.48,+17.477, +0.041,+0.935
1667875500,+3.47,+17.485, +0.041,+0.935
1667875560,+3.48,+17.469, +0.041,+0.935
1667875620,+3.48,+17.477, +0.042,+0.935
1667875680,+3.48,+17.494, +0.041,+0.935
1667875740,+3.48,+17.494, +0.041,+0.935
1667875800,+3.47,+17.502, +0.041,+0.935
1667875860,+3.47,+17.494, +0.041,+0.935
1667875920,+3.47,+17.511, +0.041,+0.935
1667875980,+3.48,+17.485, +0.041,+0.935
1667876040,+3.47,+17.469, +0.041,+0.935
1667876100,+3.47,+17.494, +0.041,+0.935
1667876160,+3.47,+17.511, +0.041,+0.935
1667876220,+3.47,+17.502, +0.041,+0.935
1667876280,+3.48,+17.494, +0.041,+0.935
1667876340,+3.47,+17.494, +0.041,+0.935
1667876400,+3.48,+17.494, +0.041,+0.935
1667876460,+3.48,+17.494, +0.041,+0.935
1667876520,+3.48,+17.485, +0.041,+0.935
1667876580,+3.48,+17.469, +0.041,+0.935
1667876640,+3.48,+17.469, +0.041,+0.935
1667876700,+3.48,+17.485, +0.041,+0.935
1667876760,+3.48,+17.477, +0.041,+0.935
1667876820,+3.47,+17.477, +0.041,+0.935
1667876880,+3.48,+17.460, +0.041,+0.935
1667876940,+3.48,+17.460, +0.041,+0.935
1667877000,+3.48,+17.452, +0.041,+0.935
1667877060,+3.48,+17.452, +0.041,+0.935
1667877120,+3.48,+17.443, +0.041,+0.935
1667877180,+3.48,+17.443, +0.041,+0.935
1667877240,+3.48,+17.452, +0.041,+0.935
1667877300,+3.48,+17.443, +0.041,+0.935
1667877360,+3.48,+17.443, +0.041,+0.935
1667877420,+3.48,+17.435, +0.040,+0.935
1667877480,+3.48,+17.426, +0.041,+0.935
1667877540,+3.48,+17.435, +0.042,+0.935
1667877600,+3.48,+17.418, +0.041,+0.935
1667877660,+3.48,+17.418, +0.041,+0.935
1667877720,+3.48,+17.409, +0.041,+0.935
1667877780,+3.48,+17.418, +0.041,+0.935
1667877840,+3.48,+17.392, +0.042,+0.935
1667877900,+3.48,+17.409, +0.041,+0.935
1667877960,+3.48,+17.401, +0.041,+0.935
1667878020,+3.48,+17.418, +0.040,+0.935
1667878080,+3.48,+17.409, +0.041,+0.935
1667878140,+3.48,+17.392, +0.041,+0.935
1667878200,+3.48,+17.392, +0.041,+0.935
1667878260,+3.48,+17.375, +0.041,+0.935
1667878320,+3.48,+17.375, +0.041,+0.935
1667878380,+3.48,+17.392, +0.041,+0.935
1667878440,+3.48,+17.367, +0.041,+0.935
1667878500,+3.48,+17.384, +0.041,+0.935
1667878560,+3.48,+17.384, +0.041,+0.935
1667878620,+3.48,+17.367, +0.041,+0.935
1667878680,+3.48,+17.375, +0.041,+0.935
1667878740,+3.48,+17.350, +0.041,+0.935
1667878800,+3.48,+17.375, +0.041,+0.935
1667878860,+3.48,+17.367, +0.041,+0.935
1667878920,+3.48,+17.342, +0.041,+0.935
1667878980,+3.48,+17.359, +0.041,+0.935
1667879040,+3.48,+17.367, +0.041,+0.935
1667879100,+3.48,+17.359, +0.041,+0.935
1667879160,+3.48,+17.350, +0.041,+0.935
1667879220,+3.48,+17.367, +0.041,+0.935
1667879280,+3.48,+17.350, +0.041,+0.935
1667879340,+3.48,+17.342, +0.041,+0.935
1667879400,+3.48,+17.359, +0.041,+0.935
1667879460,+3.48,+17.359, +0.041,+0.935
1667879520,+3.48,+17.325, +0.041,+0.935
1667879580,+3.48,+17.333, +0.041,+0.935
1667879640,+3.48,+17.350, +0.041,+0.935
1667879700,+3.48,+17.342, +0.041,+0.935
1667879760,+3.48,+17.325, +0.041,+0.935
1667879820,+3.48,+17.333, +0.041,+0.935
1667879880,+3.48,+17.316, +0.041,+0.935
1667879940,+3.48,+17.308, +0.041,+0.935
1667880000,+3.48,+17.316, +0.041,+0.935
1667880060,+3.48,+17.316, +0.041,+0.935
1667880120,+3.48,+17.316, +0.041,+0.935
1667880180,+3.48,+17.316, +0.041,+0.935
1667880240,+3.48,+17.308, +0.041,+0.935
1667880300,+3.48,+17.308, +0.041,+0.935
1667880360,+3.48,+17.316, +0.041,+0.935
1667880420,+3.48,+17.316, +0.041,+0.935
1667880480,+3.48,+17.308, +0.041,+0.935
1667880540,+3.48,+17.316, +0.041,+0.935
1667880600,+3.48,+17.299, +0.041,+0.935
1667880660,+3.48,+17.299, +0.041,+0.935
1667880720,+3.48,+17.308, +0.041,+0.935
1667880780,+3.48,+17.308, +0.042,+0.935
1667880840,+3.48,+17.308, +0.041,+0.935
1667880900,+3.48,+17.333, +0.041,+0.935
1667880960,+3.48,+17.299, +0.041,+0.935
1667881020,+3.48,+17.316, +0.041,+0.935
1667881080,+3.48,+17.342, +0.040,+0.935
1667881140,+3.48,+17.316, +0.041,+0.935
1667881200,+3.48,+17.333, +0.041,+0.935
1667881260,+3.48,+17.333, +0.041,+0.935
1667881320,+3.48,+17.308, +0.041,+0.935
1667881380,+3.48,+17.299, +0.041,+0.935
1667881440,+3.48,+17.308, +0.041,+0.935
1667881500,+3.48,+17.291, +0.041,+0.935
1667881560,+3.48,+17.274, +0.041,+0.935
1667881620,+3.48,+17.274, +0.041,+0.935
1667881680,+3.48,+17.274, +0.040,+0.935
1667881740,+3.48,+17.265, +0.041,+0.935
1667881800,+3.48,+17.248, +0.040,+0.935
1667881860,+3.48,+17.248, +0.041,+0.935
1667881920,+3.48,+17.240, +0.041,+0.935
1667881980,+3.48,+17.232, +0.041,+0.935
1667882040,+3.48,+17.223, +0.040,+0.935
1667882100,+3.48,+17.232, +0.041,+0.935
1667882160,+3.48,+17.223, +0.040,+0.935
1667882220,+3.48,+17.215, +0.041,+0.935
1667882280,+3.48,+17.215, +0.040,+0.935
1667882340,+3.48,+17.215, +0.041,+0.935
1667882400,+3.48,+17.206, +0.040,+0.935
1667882460,+3.48,+17.189, +0.041,+0.935
1667882520,+3.48,+17.206, +0.041,+0.935
1667882580,+3.48,+17.206, +0.041,+0.935
1667882640,+3.48,+17.189, +0.041,+0.935
1667882700,+3.48,+17.206, +0.041,+0.935
1667882760,+3.48,+17.198, +0.041,+0.935
1667882820,+3.48,+17.206, +0.041,+0.935
1667882880,+3.48,+17.181, +0.041,+0.935
1667882940,+3.48,+17.198, +0.041,+0.935
1667883000,+3.48,+17.181, +0.041,+0.935
1667883060,+3.48,+17.206, +0.041,+0.935
1667883120,+3.48,+17.181, +0.041,+0.935
1667883180,+3.48,+17.198, +0.040,+0.935
1667883240,+3.48,+17.198, +0.041,+0.935
1667883300,+3.48,+17.206, +0.041,+0.935
1667883360,+3.48,+17.181, +0.041,+0.935
1667883420,+3.48,+17.189, +0.041,+0.935
1667883480,+3.48,+17.189, +0.041,+0.935
1667883540,+3.48,+17.189, +0.041,+0.935
1667883600,+3.48,+17.181, +0.041,+0.935
1667883660,+3.48,+17.189, +0.041,+0.935
1667883720,+3.48,+17.181, +0.041,+0.935
1667883780,+3.48,+17.172, +0.042,+0.935
1667883840,+3.48,+17.181, +0.041,+0.935
1667883900,+3.48,+17.189, +0.040,+0.935
1667883960,+3.48,+17.164, +0.041,+0.935
1667884020,+3.48,+17.189, +0.041,+0.935
1667884080,+3.48,+17.189, +0.041,+0.935
1667884140,+3.48,+17.181, +0.041,+0.935
1667884200,+3.48,+17.181, +0.041,+0.935
1667884260,+3.48,+17.172, +0.041,+0.935
1667884320,+3.48,+17.164, +0.041,+0.935
1667884380,+3.48,+17.172, +0.041,+0.935
1667884440,+3.48,+17.172, +0.041,+0.935
1667884500,+3.48,+17.164, +0.042,+0.935
1667884560,+3.48,+17.172, +0.041,+0.935
1667884620,+3.48,+17.172, +0.041,+0.935
1667884680,+3.48,+17.181, +0.041,+0.935
1667884740,+3.48,+17.164, +0.041,+0.935
1667884800,+3.48,+17.198, +0.041,+0.935
1667884860,+3.48,+17.181, +0.041,+0.935
1667884920,+3.48,+17.181, +0.041,+0.935
1667884980,+3.48,+17.181, +0.041,+0.935
1667885040,+3.48,+17.181, +0.041,+0.935
1667885100,+3.48,+17.189, +0.041,+0.935
1667885160,+3.48,+17.206, +0.041,+0.935
1667885220,+3.48,+17.206, +0.041,+0.935
1667885280,+3.48,+17.206, +0.040,+0.935
1667885340,+3.48,+17.215, +0.041,+0.935
1667885400,+3.48,+17.189, +0.042,+0.935
1667885460,+3.48,+17.206, +0.041,+0.935
1667885520,+3.48,+17.206, +0.041,+0.935
1667885580,+3.48,+17.198, +0.041,+0.935
1667885640,+3.48,+17.215, +0.041,+0.935
1667885700,+3.48,+17.215, +0.041,+0.935
1667885760,+3.48,+17.232, +0.041,+0.935
1667885820,+3.48,+17.223, +0.041,+0.935
1667885880,+3.48,+17.223, +0.041,+0.935
1667885940,+3.48,+17.198, +0.041,+0.935
1667886000,+3.48,+17.232, +0.041,+0.935
1667886060,+3.48,+17.240, +0.041,+0.935
1667886120,+3.48,+17.223, +0.041,+0.935
1667886180,+3.48,+17.232, +0.041,+0.935
1667886240,+3.48,+17.240, +0.041,+0.935
1667886300,+3.48,+17.215, +0.041,+0.935
1667886360,+3.48,+17.257, +0.041,+0.935
1667886420,+3.48,+17.232, +0.041,+0.935
1667886480,+3.48,+17.240, +0.041,+0.935
1667886540,+3.48,+17.248, +0.041,+0.935
1667886600,+3.48,+17.223, +0.041,+0.935
1667886660,+3.48,+17.248, +0.041,+0.935
1667886720,+3.48,+17.248, +0.041,+0.935
1667886780,+3.48,+17.223, +0.041,+0.935
1667886840,+3.48,+17.240, +0.041,+0.935
1667886900,+3.48,+17.248, +0.041,+0.935
1667886960,+3.48,+17.223, +0.041,+0.935
1667887020,+3.48,+17.232, +0.041,+0.935
1667887080,+3.48,+17.232, +0.041,+0.935
1667887140,+3.48,+17.232, +0.041,+0.935
1667887200,+3.48,+17.232, +0.041,+0.935
1667887260,+3.48,+17.223, +0.041,+0.935
1667887320,+3.48,+17.223, +0.041,+0.935
1667887380,+3.48,+17.215, +0.041,+0.935
1667887440,+3.48,+17.189, +0.041,+0.935
1667887500,+3.48,+17.198, +0.041,+0.935
1667887560,+3.48,+17.172, +0.041,+0.935
1667887620,+3.48,+17.172, +0.041,+0.935
1667887680,+3.48,+17.164, +0.042,+0.935
1667887740,+3.48,+17.172, +0.041,+0.935
1667887800,+3.48,+17.172, +0.041,+0.935
1667887860,+3.48,+17.172, +0.040,+0.935
1667887920,+3.48,+17.172, +0.041,+0.935
1667887980,+3.48,+17.164, +0.041,+0.935
1667888040,+3.48,+17.147, +0.041,+0.935
1667888100,+3.48,+17.155, +0.041,+0.935
1667888160,+3.48,+17.147, +0.041,+0.935
1667888220,+3.48,+17.147, +0.041,+0.935
1667888280,+3.48,+17.147, +0.041,+0.935
1667888340,+3.48,+17.147, +0.041,+0.935
1667888400,+3.48,+17.138, +0.041,+0.935
1667888460,+3.48,+17.147, +0.041,+0.935
1667888520,+3.48,+17.130, +0.041,+0.935
1667888580,+3.48,+17.121, +0.041,+0.935
1667888640,+3.48,+17.113, +0.041,+0.935
1667888700,+3.48,+17.121, +0.041,+0.935
1667888760,+3.48,+17.096, +0.041,+0.935
1667888820,+3.48,+17.079, +0.041,+0.935
1667888880,+3.48,+17.071, +0.041,+0.935
1667888940,+3.48,+17.071, +0.040,+0.935
1667889000,+3.48,+17.054, +0.041,+0.935
1667889060,+3.48,+17.028, +0.041,+0.935
1667889120,+3.48,+17.045, +0.041,+0.935
1667889180,+3.48,+17.020, +0.041,+0.935
1667889240,+3.48,+17.003, +0.040,+0.935
1667889300,+3.48,+16.994, +0.041,+0.935
1667889360,+3.48,+16.960, +0.041,+0.936
1667889420,+3.48,+16.960, +0.041,+0.935
1667889480,+3.48,+16.969, +0.041,+0.935
1667889540,+3.48,+16.935, +0.041,+0.935
1667889600,+3.48,+16.926, +0.041,+0.936
1667889660,+3.48,+16.901, +0.041,+0.935
1667889720,+3.48,+16.884, +0.041,+0.935
1667889780,+3.48,+16.884, +0.041,+0.935
1667889840,+3.48,+16.858, +0.041,+0.936
1667889900,+3.48,+16.833, +0.042,+0.935
1667889960,+3.48,+16.858, +0.041,+0.935
1667890020,+3.48,+16.850, +0.041,+0.935
1667890080,+3.48,+16.824, +0.041,+0.935
1667890140,+3.48,+16.824, +0.041,+0.935
1667890200,+3.48,+16.816, +0.041,+0.935
1667890260,+3.48,+16.824, +0.041,+0.935
1667890320,+3.48,+16.799, +0.041,+0.935
1667890380,+3.47,+16.790, +0.041,+0.935
1667890440,+3.47,+16.790, +0.041,+0.935
1667890500,+3.47,+16.799, +0.041,+0.935
1667890560,+3.47,+16.790, +0.040,+0.935
1667890620,+3.47,+16.782, +0.041,+0.935
1667890680,+3.47,+16.773, +0.041,+0.935
1667890740,+3.47,+16.773, +0.041,+0.935
1667890800,+3.47,+16.782, +0.042,+0.935
1667890860,+3.47,+16.773, +0.041,+0.935
1667890920,+3.47,+16.765, +0.041,+0.936
1667890980,+3.47,+16.765, +0.041,+0.935
1667891040,+3.47,+16.739, +0.041,+0.935
1667891100,+3.47,+16.765, +0.042,+0.936
1667891160,+3.47,+16.756, +0.041,+0.935
1667891220,+3.47,+16.765, +0.041,+0.936
1667891280,+3.47,+16.739, +0.041,+0.935
1667891340,+3.47,+16.748, +0.042,+0.936
1667891400,+3.47,+16.748, +0.041,+0.935
1667891460,+3.47,+16.748, +0.041,+0.935
1667891520,+3.47,+16.731, +0.041,+0.935
1667891580,+3.47,+16.731, +0.041,+0.936
1667891640,+3.47,+16.714, +0.041,+0.935
1667891700,+3.47,+16.731, +0.041,+0.936
1667891760,+3.47,+16.688, +0.042,+0.936
1667891820,+3.47,+16.697, +0.041,+0.936
1667891880,+3.47,+16.705, +0.041,+0.935
1667891940,+3.47,+16.688, +0.041,+0.936
1667892000,+3.47,+16.697, +0.042,+0.936
1667892060,+3.47,+16.714, +0.041,+0.935
1667892120,+3.47,+16.705, +0.041,+0.935
1667892180,+3.47,+16.697, +0.042,+0.936
1667892240,+3.47,+16.705, +0.042,+0.936
1667892300,+3.47,+16.680, +0.041,+0.935
1667892360,+3.47,+16.671, +0.041,+0.936
1667892420,+3.47,+16.654, +0.042,+0.936
1667892480,+3.47,+16.654, +0.041,+0.936
1667892540,+3.47,+16.646, +0.041,+0.936
1667892600,+3.47,+16.637, +0.041,+0.935
1667892660,+3.47,+16.603, +0.041,+0.935
1667892720,+3.47,+16.578, +0.041,+0.935
1667892780,+3.47,+16.561, +0.041,+0.935
1667892840,+3.47,+16.552, +0.041,+0.936
1667892900,+3.47,+16.518, +0.041,+0.935
1667892960,+3.47,+16.510, +0.041,+0.936
1667893020,+3.48,+16.484, +0.041,+0.936
1667893080,+3.48,+16.510, +0.040,+0.936
1667893140,+3.48,+16.476, +0.041,+0.936
1667893200,+3.48,+16.459, +0.041,+0.935
1667893260,+3.48,+16.442, +0.041,+0.936
1667893320,+3.48,+16.425, +0.041,+0.936
1667893380,+3.48,+16.391, +0.041,+0.936
1667893440,+3.48,+16.391, +0.041,+0.936
1667893500,+3.48,+16.365, +0.042,+0.936
1667893560,+3.48,+16.357, +0.042,+0.936
1667893620,+3.48,+16.348, +0.041,+0.935
1667893680,+3.48,+16.297, +0.041,+0.936
1667893740,+3.48,+16.297, +0.041,+0.936
1667893800,+3.48,+16.271, +0.042,+0.936
1667893860,+3.48,+16.254, +0.041,+0.936
1667893920,+3.48,+16.246, +0.042,+0.936
1667893980,+3.48,+16.263, +0.041,+0.935
1667894040,+3.48,+16.220, +0.042,+0.936
1667894100,+3.48,+16.203, +0.042,+0.936
1667894160,+3.48,+16.212, +0.041,+0.936
1667894220,+3.48,+16.212, +0.042,+0.936
1667894280,+3.48,+16.186, +0.041,+0.936
1667894340,+3.48,+16.169, +0.042,+0.936
1667894400,+3.48,+16.178, +0.042,+0.936
1667894460,+3.48,+16.169, +0.042,+0.936
1667894520,+3.48,+16.161, +0.041,+0.936
1667894580,+3.48,+16.152, +0.042,+0.936
1667894640,+3.48,+16.169, +0.042,+0.936
1667894700,+3.48,+16.169, +0.042,+0.936
1667894760,+3.48,+16.161, +0.042,+0.936
1667894820,+3.48,+16.178, +0.041,+0.936
1667894880,+3.48,+16.178, +0.042,+0.936
1667894940,+3.48,+16.161, +0.041,+0.936
1667895000,+3.48,+16.169, +0.042,+0.936
1667895060,+3.48,+16.178, +0.042,+0.936
1667895120,+3.48,+16.186, +0.042,+0.936
1667895180,+3.48,+16.186, +0.042,+0.936
1667895240,+3.48,+16.186, +0.042,+0.936
1667895300,+3.48,+16.203, +0.041,+0.936
1667895360,+3.48,+16.212, +0.042,+0.936
1667895420,+3.48,+16.212, +0.042,+0.936
1667895480,+3.48,+16.220, +0.041,+0.935
1667895540,+3.48,+16.212, +0.042,+0.936
1667895600,+3.48,+16.203, +0.042,+0.936
1667895660,+3.48,+16.229, +0.042,+0.936
1667895720,+3.48,+16.220, +0.042,+0.936
1667895780,+3.48,+16.254, +0.042,+0.936
1667895840,+3.48,+16.271, +0.042,+0.936
1667895900,+3.48,+16.280, +0.042,+0.935
1667895960,+3.48,+16.305, +0.042,+0.936
1667896020,+3.48,+16.297, +0.042,+0.936
1667896080,+3.48,+16.331, +0.042,+0.936
1667896140,+3.48,+16.340, +0.042,+0.936
1667896200,+3.48,+16.348, +0.043,+0.936
1667896260,+3.48,+16.365, +0.042,+0.936
1667896320,+3.48,+16.374, +0.042,+0.936
1667896380,+3.48,+16.374, +0.042,+0.936
1667896440,+3.48,+16.382, +0.043,+0.936
1667896500,+3.47,+16.408, +0.042,+0.936
1667896560,+3.48,+16.408, +0.042,+0.936
1667896620,+3.47,+16.433, +0.042,+0.935
1667896680,+3.47,+16.425, +0.041,+0.935
1667896740,+3.47,+16.450, +0.042,+0.936
1667896800,+3.47,+16.442, +0.042,+0.936
1667896860,+3.47,+16.467, +0.042,+0.936
1667896920,+3.47,+16.467, +0.042,+0.935
1667896980,+3.47,+16.450, +0.042,+0.936
1667897040,+3.47,+16.493, +0.042,+0.935
1667897100,+3.47,+16.476, +0.042,+0.936
1667897160,+3.47,+16.501, +0.042,+0.935
1667897220,+3.47,+16.493, +0.042,+0.935
1667897280,+3.47,+16.467, +0.042,+0.936
1667897340,+3.47,+16.501, +0.042,+0.935
1667897400,+3.47,+16.510, +0.042,+0.935
1667897460,+3.47,+16.501, +0.042,+0.935
1667897520,+3.47,+16.493, +0.042,+0.936
1667897580,+3.47,+16.510, +0.041,+0.935
1667897640,+3.47,+16.535, +0.041,+0.935
1667897700,+3.47,+16.518, +0.042,+0.935
1667897760,+3.47,+16.527, +0.041,+0.936
1667897820,+3.47,+16.510, +0.042,+0.935
1667897880,+3.47,+16.518, +0.042,+0.936
1667897940,+3.47,+16.501, +0.042,+0.936
1667898000,+3.47,+16.518, +0.042,+0.936
1667898060,+3.47,+16.518, +0.042,+0.936
1667898120,+3.47,+16.527, +0.042,+0.936
1667898180,+3.47,+16.510, +0.041,+0.935
1667898240,+3.47,+16.535, +0.041,+0.935
1667898300,+3.47,+16.510, +0.042,+0.936
1667898360,+3.47,+16.518, +0.041,+0.935
1667898420,+3.47,+16.510, +0.042,+0.936
1667898480,+3.47,+16.518, +0.041,+0.936
1667898540,+3.47,+16.501, +0.042,+0.935
1667898600,+3.47,+16.510, +0.041,+0.936
1667898660,+3.47,+16.510, +0.042,+0.935
1667898720,+3.47,+16.527, +0.041,+0.935
1667898780,+3.47,+16.518, +0.041,+0.935
1667898840,+3.47,+16.493, +0.042,+0.935
1667898900,+3.47,+16.484, +0.042,+0.936
1667898960,+3.47,+16.501, +0.042,+0.936
1667899020,+3.47,+16.484, +0.042,+0.936
1667899080,+3.47,+16.484, +0.042,+0.936
1667899140,+3.47,+16.510, +0.042,+0.936
1667899200,+3.47,+16.484, +0.042,+0.935
1667899260,+3.47,+16.501, +0.041,+0.935
1667899320,+3.47,+16.510, +0.041,+0.935
1667899380,+3.47,+16.493, +0.042,+0.935
1667899440,+3.47,+16.484, +0.041,+0.935
1667899500,+3.47,+16.501, +0.041,+0.936
1667899560,+3.47,+16.493, +0.041,+0.935
1667899620,+3.47,+16.484, +0.042,+0.936
1667899680,+3.47,+16.484, +0.042,+0.936
1667899740,+3.47,+16.467, +0.042,+0.936
1667899800,+3.47,+16.476, +0.041,+0.936
1667899860,+3.47,+16.476, +0.042,+0.936
1667899920,+3.47,+16.476, +0.042,+0.936
1667899980,+3.47,+16.476, +0.042,+0.936
1667900040,+3.47,+16.476, +0.041,+0.935
1667900100,+3.47,+16.484, +0.042,+0.936
1667900160,+3.47,+16.476, +0.041,+0.936
1667900220,+3.47,+16.476, +0.042,+0.935
1667900280,+3.47,+16.476, +0.041,+0.936
1667900340,+3.47,+16.484, +0.041,+0.935
1667900400,+3.47,+16.459, +0.042,+0.936
1667900460,+3.47,+16.467, +0.042,+0.935
1667900520,+3.47,+16.467, +0.042,+0.935
1667900580,+3.47,+16.467, +0.042,+0.936
1667900640,+3.47,+16.476, +0.042,+0.936
1667900700,+3.47,+16.450, +0.042,+0.936
1667900760,+3.47,+16.450, +0.042,+0.936
1667900820,+3.47,+16.442, +0.042,+0.936
1667900880,+3.47,+16.425, +0.042,+0.936
1667900940,+3.47,+16.416, +0.041,+0.936
1667901000,+3.47,+16.399, +0.041,+0.936
1667901060,+3.48,+16.357, +0.042,+0.936
1667901120,+3.48,+16.348, +0.042,+0.936
1667901180,+3.48,+16.331, +0.041,+0.936
1667901240,+3.48,+16.288, +0.041,+0.936
1667901300,+3.48,+16.297, +0.041,+0.936
1667901360,+3.48,+16.280, +0.042,+0.936
1667901420,+3.48,+16.271, +0.041,+0.936
1667901480,+3.48,+16.246, +0.041,+0.936
1667901540,+3.48,+16.246, +0.042,+0.936
1667901600,+3.48,+16.229, +0.042,+0.936
1667901660,+3.48,+16.220, +0.042,+0.936
1667901720,+3.48,+16.229, +0.041,+0.936
1667901780,+3.48,+16.229, +0.041,+0.936
1667901840,+3.48,+16.229, +0.042,+0.936
1667901900,+3.48,+16.220, +0.042,+0.936
1667901960,+3.48,+16.229, +0.042,+0.936
1667902020,+3.48,+16.229, +0.042,+0.936
1667902080,+3.48,+16.254, +0.042,+0.936
1667902140,+3.48,+16.246, +0.042,+0.936
1667902200,+3.48,+16.246, +0.042,+0.936
1667902260,+3.48,+16.254, +0.042,+0.936
1667902320,+3.48,+16.246, +0.041,+0.936
1667902380,+3.48,+16.246, +0.042,+0.936
1667902440,+3.48,+16.229, +0.042,+0.936
1667902500,+3.48,+16.237, +0.042,+0.936
1667902560,+3.48,+16.254, +0.042,+0.936
1667902620,+3.48,+16.263, +0.042,+0.936
1667902680,+3.48,+16.254, +0.042,+0.936
1667902740,+3.48,+16.263, +0.042,+0.935
1667902800,+3.48,+16.271, +0.042,+0.936
1667902860,+3.48,+16.263, +0.042,+0.936
1667902920,+3.48,+16.314, +0.042,+0.936
1667902980,+3.48,+16.305, +0.042,+0.936
1667903040,+3.47,+16.314, +0.042,+0.936
1667903100,+3.48,+16.305, +0.042,+0.936
1667903160,+3.48,+16.314, +0.042,+0.936
1667903220,+3.48,+16.323, +0.042,+0.936
1667903280,+3.48,+16.331, +0.041,+0.935
1667903340,+3.47,+16.348, +0.042,+0.936
1667903400,+3.47,+16.348, +0.042,+0.936
1667903460,+3.47,+16.365, +0.041,+0.935
1667903520,+3.47,+16.374, +0.042,+0.936
1667903580,+3.48,+16.374, +0.042,+0.935
1667903640,+3.47,+16.391, +0.042,+0.936
1667903700,+3.47,+16.374, +0.042,+0.936
1667903760,+3.47,+16.391, +0.042,+0.936
1667903820,+3.47,+16.408, +0.041,+0.935
1667903880,+3.47,+16.391, +0.042,+0.936
1667903940,+3.47,+16.408, +0.042,+0.936
1667904000,+3.47,+16.399, +0.042,+0.936
1667904060,+3.47,+16.399, +0.042,+0.936
1667904120,+3.47,+16.408, +0.042,+0.935
1667904180,+3.47,+16.425, +0.041,+0.936
1667904240,+3.47,+16.433, +0.042,+0.936
1667904300,+3.47,+16.416, +0.042,+0.936
1667904360,+3.47,+16.433, +0.042,+0.936
1667904420,+3.47,+16.442, +0.042,+0.936
1667904480,+3.47,+16.433, +0.041,+0.935
1667904540,+3.47,+16.442, +0.041,+0.936
1667904600,+3.47,+16.425, +0.042,+0.936
1667904660,+3.47,+16.442, +0.042,+0.935
1667904720,+3.47,+16.459, +0.042,+0.936
1667904780,+3.47,+16.442, +0.042,+0.936
1667904840,+3.47,+16.450, +0.042,+0.935
1667904900,+3.47,+16.459, +0.042,+0.936
1667904960,+3.47,+16.476, +0.041,+0.935
1667905020,+3.47,+16.459, +0.041,+0.935
1667905080,+3.47,+16.442, +0.041,+0.935
1667905140,+3.47,+16.459, +0.041,+0.936
1667905200,+3.47,+16.484, +0.042,+0.936
1667905260,+3.47,+16.459, +0.042,+0.936
1667905320,+3.47,+16.459, +0.042,+0.936
1667905380,+3.47,+16.459, +0.042,+0.936
1667905440,+3.47,+16.467, +0.042,+0.936
1667905500,+3.47,+16.476, +0.042,+0.936
1667905560,+3.47,+16.450, +0.041,+0.936
1667905620,+3.47,+16.450, +0.042,+0.936
1667905680,+3.47,+16.450, +0.042,+0.936
1667905740,+3.47,+16.442, +0.041,+0.936
1667905800,+3.47,+16.450, +0.041,+0.936
1667905860,+3.47,+16.425, +0.042,+0.936
1667905920,+3.47,+16.442, +0.042,+0.936
1667905980,+3.47,+16.442, +0.041,+0.936
1667906040,+3.47,+16.433, +0.042,+0.936
1667906100,+3.47,+16.433, +0.041,+0.935
1667906160,+3.47,+16.425, +0.041,+0.935
1667906220,+3.47,+16.442, +0.042,+0.936
1667906280,+3.47,+16.433, +0.041,+0.936
1667906340,+3.47,+16.391, +0.042,+0.936
1667906400,+3.47,+16.408, +0.042,+0.936
1667906460,+3.47,+16.399, +0.041,+0.936
1667906520,+3.47,+16.399, +0.041,+0.935
1667906580,+3.47,+16.399, +0.041,+0.936
1667906640,+3.47,+16.391, +0.042,+0.936
1667906700,+3.47,+16.399, +0.042,+0.936
1667906760,+3.47,+16.365, +0.042,+0.936
1667906820,+3.47,+16.374, +0.041,+0.936
1667906880,+3.47,+16.365, +0.042,+0.936
1667906940,+3.47,+16.365, +0.041,+0.936
1667907000,+3.47,+16.365, +0.041,+0.936
1667907060,+3.47,+16.340, +0.042,+0.936
1667907120,+3.47,+16.374, +0.041,+0.936
1667907180,+3.47,+16.348, +0.042,+0.936
1667907240,+3.47,+16.357, +0.041,+0.936
1667907300,+3.47,+16.348, +0.041,+0.936
1667907360,+3.47,+16.340, +0.042,+0.936
1667907420,+3.47,+16.357, +0.041,+0.936
1667907480,+3.47,+16.348, +0.042,+0.936
1667907540,+3.47,+16.340, +0.042,+0.936
1667907600,+3.47,+16.331, +0.042,+0.936
1667907660,+3.47,+16.348, +0.041,+0.935
1667907720,+3.47,+16.348, +0.041,+0.936
1667907780,+3.47,+16.357, +0.041,+0.936
1667907840,+3.47,+16.365, +0.041,+0.936
1667907900,+3.47,+16.340, +0.042,+0.936
1667907960,+3.47,+16.357, +0.041,+0.936
1667908020,+3.47,+16.340, +0.041,+0.935
1667908080,+3.47,+16.365, +0.041,+0.935
1667908140,+3.47,+16.365, +0.042,+0.936
1667908200,+3.47,+16.357, +0.042,+0.936
1667908260,+3.47,+16.382, +0.041,+0.936
1667908320,+3.47,+16.365, +0.042,+0.936
1667908380,+3.47,+16.365, +0.041,+0.936
1667908440,+3.47,+16.365, +0.041,+0.936
1667908500,+3.47,+16.348, +0.041,+0.935
1667908560,+3.47,+16.365, +0.042,+0.936
1667908620,+3.47,+16.374, +0.042,+0.936
1667908680,+3.47,+16.374, +0.042,+0.936
1667908740,+3.47,+16.357, +0.042,+0.936
1667908800,+3.47,+16.374, +0.042,+0.936
1667908860,+3.47,+16.357, +0.042,+0.936
1667908920,+3.47,+16.374, +0.042,+0.936
1667908980,+3.47,+16.374, +0.042,+0.935
1667909040,+3.47,+16.374, +0.042,+0.936
1667909100,+3.47,+16.365, +0.042,+0.936
1667909160,+3.47,+16.391, +0.042,+0.935
1667909220,+3.47,+16.391, +0.042,+0.936
1667909280,+3.47,+16.399, +0.042,+0.935
1667909340,+3.47,+16.391, +0.042,+0.936
1667909400,+3.47,+16.382, +0.042,+0.936
1667909460,+3.47,+16.391, +0.042,+0.936
1667909520,+3.47,+16.382, +0.041,+0.936
1667909580,+3.47,+16.382, +0.042,+0.936
1667909640,+3.47,+16.374, +0.042,+0.936
1667909700,+3.47,+16.374, +0.042,+0.936
1667909760,+3.47,+16.382, +0.041,+0.936
1667909820,+3.47,+16.399, +0.042,+0.936
1667909880,+3.47,+16.382, +0.041,+0.936
1667909940,+3.47,+16.374, +0.042,+0.936
1667910000,+3.47,+16.382, +0.042,+0.936
1667910060,+3.47,+16.374, +0.041,+0.936
1667910120,+3.47,+16.391, +0.041,+0.936
1667910180,+3.47,+16.382, +0.041,+0.936
1667910240,+3.47,+16.391, +0.041,+0.936
1667910300,+3.47,+16.391, +0.042,+0.936
1667910360,+3.47,+16.399, +0.041,+0.936
1667910420,+3.47,+16.408, +0.042,+0.936
1667910480,+3.47,+16.391, +0.041,+0.936
1667910540,+3.47,+16.399, +0.042,+0.936
1667910600,+3.47,+16.408, +0.042,+0.936
1667910660,+3.47,+16.399, +0.041,+0.936
1667910720,+3.47,+16.416, +0.042,+0.936
1667910780,+3.47,+16.408, +0.042,+0.936
1667910840,+3.47,+16.425, +0.042,+0.936
1667910900,+3.47,+16.425, +0.042,+0.936
1667910960,+3.47,+16.433, +0.041,+0.936
1667911020,+3.47,+16.442, +0.041,+0.936
1667911080,+3.47,+16.459, +0.041,+0.936
1667911140,+3.47,+16.425, +0.042,+0.936
1667911200,+3.47,+16.450, +0.041,+0.936
1667911260,+3.47,+16.433, +0.041,+0.936
1667911320,+3.47,+16.442, +0.041,+0.936
1667911380,+3.47,+16.433, +0.042,+0.936
1667911440,+3.47,+16.416, +0.042,+0.936
1667911500,+3.47,+16.450, +0.042,+0.936
1667911560,+3.47,+16.416, +0.042,+0.936
1667911620,+3.47,+16.433, +0.042,+0.936
1667911680,+3.47,+16.450, +0.042,+0.935
1667911740,+3.47,+16.433, +0.042,+0.936
1667911800,+3.47,+16.433, +0.042,+0.936
1667911860,+3.47,+16.416, +0.041,+0.935
1667911920,+3.47,+16.450, +0.041,+0.936
1667911980,+3.47,+16.450, +0.042,+0.936
1667912040,+3.47,+16.442, +0.042,+0.936
1667912100,+3.47,+16.442, +0.041,+0.936
1667912160,+3.47,+16.442, +0.041,+0.935
1667912220,+3.47,+16.467, +0.041,+0.935
1667912280,+3.47,+16.459, +0.042,+0.936
1667912340,+3.47,+16.442, +0.042,+0.936
1667912400,+3.47,+16.459, +0.041,+0.935
1667912460,+3.47,+16.450, +0.042,+0.936
1667912520,+3.47,+16.442, +0.042,+0.936
1667912580,+3.47,+16.467, +0.041,+0.936
1667912640,+3.47,+16.459, +0.042,+0.936
1667912700,+3.47,+16.467, +0.042,+0.936
1667912760,+3.47,+16.476, +0.042,+0.936
1667912820,+3.47,+16.484, +0.042,+0.936
1667912880,+3.47,+16.467, +0.042,+0.936
1667912940,+3.47,+16.476, +0.041,+0.935
1667913000,+3.47,+16.493, +0.042,+0.936
1667913060,+3.47,+16.501, +0.042,+0.936
1667913120,+3.47,+16.484, +0.041,+0.936
1667913180,+3.47,+16.493, +0.041,+0.936
1667913240,+3.47,+16.518, +0.042,+0.936
1667913300,+3.47,+16.510, +0.041,+0.936
1667913360,+3.47,+16.510, +0.042,+0.936
1667913420,+3.47,+16.501, +0.042,+0.936
1667913480,+3.47,+16.518, +0.042,+0.936
1667913540,+3.47,+16.510, +0.042,+0.936
1667913600,+3.47,+16.527, +0.042,+0.936
1667913660,+3.47,+16.527, +0.041,+0.935
1667913720,+3.47,+16.527, +0.041,+0.936
1667913780,+3.47,+16.518, +0.042,+0.936
1667913840,+3.47,+16.527, +0.042,+0.936
1667913900,+3.47,+16.544, +0.041,+0.936
1667913960,+3.47,+16.527, +0.042,+0.936
1667914020,+3.47,+16.535, +0.041,+0.936
1667914080,+3.47,+16.544, +0.042,+0.936
1667914140,+3.47,+16.544, +0.042,+0.936
1667914200,+3.47,+16.552, +0.041,+0.936
1667914260,+3.47,+16.535, +0.042,+0.936
1667914320,+3.47,+16.535, +0.042,+0.936
1667914380,+3.47,+16.544, +0.042,+0.936
1667914440,+3.47,+16.544, +0.041,+0.935
1667914500,+3.47,+16.544, +0.041,+0.935
1667914560,+3.47,+16.544, +0.042,+0.936
1667914620,+3.47,+16.561, +0.041,+0.935
1667914680,+3.47,+16.544, +0.042,+0.936
1667914740,+3.47,+16.544, +0.042,+0.936
1667914800,+3.47,+16.535, +0.041,+0.936
1667914860,+3.47,+16.552, +0.041,+0.936
1667914920,+3.47,+16.544, +0.042,+0.936
1667914980,+3.47,+16.535, +0.041,+0.935
1667915040,+3.47,+16.544, +0.041,+0.936
1667915100,+3.47,+16.535, +0.042,+0.936
1667915160,+3.47,+16.535, +0.041,+0.936
1667915220,+3.47,+16.544, +0.042,+0.936
1667915280,+3.47,+16.527, +0.041,+0.936
1667915340,+3.47,+16.535, +0.042,+0.936
1667915400,+3.47,+16.535, +0.041,+0.936
1667915460,+3.47,+16.544, +0.041,+0.936
1667915520,+3.47,+16.535, +0.041,+0.936
1667915580,+3.47,+16.535, +0.041,+0.936
1667915640,+3.47,+16.535, +0.041,+0.936
1667915700,+3.47,+16.535, +0.041,+0.936
1667915760,+3.47,+16.535, +0.042,+0.936
1667915820,+3.47,+16.544, +0.042,+0.936
1667915880,+3.47,+16.527, +0.042,+0.936
1667915940,+3.47,+16.527, +0.042,+0.936
1667916000,+3.47,+16.527, +0.042,+0.936
1667916060,+3.47,+16.527, +0.041,+0.936
1667916120,+3.47,+16.518, +0.041,+0.936
1667916180,+3.47,+16.518, +0.041,+0.936
1667916240,+3.47,+16.527, +0.041,+0.935
1667916300,+3.47,+16.518, +0.042,+0.936
1667916360,+3.47,+16.501, +0.042,+0.936
1667916420,+3.47,+16.501, +0.042,+0.936
1667916480,+3.47,+16.493, +0.042,+0.936
1667916540,+3.47,+16.510, +0.041,+0.936
1667916600,+3.47,+16.510, +0.041,+0.936
1667916660,+3.47,+16.510, +0.041,+0.936
1667916720,+3.47,+16.510, +0.041,+0.936
1667916780,+3.47,+16.501, +0.041,+0.936
1667916840,+3.47,+16.484, +0.042,+0.936
1667916900,+3.47,+16.484, +0.041,+0.936
1667916960,+3.47,+16.510, +0.041,+0.936
1667917020,+3.47,+16.510, +0.041,+0.936
1667917080,+3.47,+16.510, +0.042,+0.936
1667917140,+3.47,+16.493, +0.042,+0.936
1667917200,+3.47,+16.501, +0.041,+0.936
1667917260,+3.47,+16.493, +0.041,+0.936
1667917320,+3.47,+16.510, +0.041,+0.936
1667917380,+3.47,+16.493, +0.041,+0.936
1667917440,+3.47,+16.493, +0.041,+0.936
1667917500,+3.47,+16.501, +0.041,+0.936
1667917560,+3.47,+16.510, +0.041,+0.935
1667917620,+3.47,+16.484, +0.040,+0.936
1667917680,+3.47,+16.501, +0.041,+0.936
1667917740,+3.47,+16.484, +0.042,+0.936
1667917800,+3.47,+16.484, +0.041,+0.936
1667917860,+3.47,+16.476, +0.042,+0.936
1667917920,+3.47,+16.467, +0.042,+0.936
1667917980,+3.47,+16.476, +0.041,+0.936
1667918040,+3.47,+16.493, +0.041,+0.936
1667918100,+3.47,+16.476, +0.042,+0.936
1667918160,+3.47,+16.476, +0.041,+0.936
1667918220,+3.47,+16.484, +0.041,+0.936
1667918280,+3.47,+16.459, +0.041,+0.936
1667918340,+3.47,+16.484, +0.041,+0.936
1667918400,+3.47,+16.450, +0.042,+0.936
1667918460,+3.47,+16.467, +0.042,+0.936
1667918520,+3.47,+16.450, +0.041,+0.936
1667918580,+3.47,+16.450, +0.042,+0.936
1667918640,+3.47,+16.467, +0.042,+0.936
1667918700,+3.47,+16.442, +0.042,+0.936
1667918760,+3.47,+16.459, +0.041,+0.936
1667918820,+3.47,+16.467, +0.041,+0.936
1667918880,+3.47,+16.450, +0.041,+0.936
1667918940,+3.47,+16.450, +0.041,+0.936
1667919000,+3.47,+16.450, +0.041,+0.936
1667919060,+3.47,+16.459, +0.041,+0.936
1667919120,+3.47,+16.433, +0.042,+0.936
1667919180,+3.47,+16.416, +0.041,+0.936
1667919240,+3.47,+16.425, +0.042,+0.936
1667919300,+3.47,+16.433, +0.041,+0.936
1667919360,+3.47,+16.425, +0.041,+0.936
1667919420,+3.47,+16.416, +0.042,+0.936
1667919480,+3.47,+16.433, +0.041,+0.936
1667919540,+3.47,+16.433, +0.041,+0.936
1667919600,+3.47,+16.433, +0.041,+0.936
1667919660,+3.47,+16.433, +0.041,+0.936
1667919720,+3.47,+16.442, +0.042,+0.936
1667919780,+3.47,+16.433, +0.041,+0.936
1667919840,+3.47,+16.425, +0.042,+0.936
1667919900,+3.47,+16.425, +0.042,+0.936
1667919960,+3.47,+16.408, +0.041,+0.936
1667920020,+3.47,+16.425, +0.041,+0.936
1667920080,+3.47,+16.391, +0.042,+0.936
1667920140,+3.47,+16.399, +0.041,+0.936
1667920200,+3.47,+16.408, +0.042,+0.936
1667920260,+3.47,+16.399, +0.041,+0.936
1667920320,+3.47,+16.399, +0.041,+0.936
1667920380,+3.47,+16.382, +0.042,+0.936
1667920440,+3.47,+16.399, +0.041,+0.936
1667920500,+3.47,+16.408, +0.041,+0.936
1667920560,+3.47,+16.399, +0.042,+0.936
1667920620,+3.47,+16.408, +0.042,+0.936
1667920680,+3.47,+16.408, +0.041,+0.936
1667920740,+3.47,+16.416, +0.041,+0.936
1667920800,+3.47,+16.416, +0.041,+0.936
1667920860,+3.47,+16.416, +0.041,+0.936
1667920920,+3.47,+16.433, +0.041,+0.936
1667920980,+3.47,+16.433, +0.041,+0.936
1667921040,+3.47,+16.425, +0.042,+0.936
1667921100,+3.47,+16.391, +0.042,+0.936
1667921160,+3.47,+16.399, +0.042,+0.936
1667921220,+3.47,+16.391, +0.041,+0.936
1667921280,+3.47,+16.425, +0.041,+0.936
1667921340,+3.47,+16.382, +0.042,+0.936
1667921400,+3.47,+16.433, +0.041,+0.936
1667921460,+3.47,+16.382, +0.041,+0.936
1667921520,+3.47,+16.408, +0.041,+0.936
1667921580,+3.47,+16.391, +0.041,+0.936
1667921640,+3.47,+16.391, +0.041,+0.936
1667921700,+3.47,+16.399, +0.041,+0.936
1667921760,+3.47,+16.399, +0.042,+0.936
1667921820,+3.47,+16.416, +0.041,+0.936
1667921880,+3.47,+16.416, +0.041,+0.936
1667921940,+3.47,+16.399, +0.041,+0.936
1667922000,+3.47,+16.408, +0.041,+0.936
1667922060,+3.47,+16.408, +0.041,+0.936
1667922120,+3.47,+16.399, +0.041,+0.936
1667922180,+3.47,+16.391, +0.041,+0.936
1667922240,+3.47,+16.416, +0.042,+0.936
1667922300,+3.47,+16.416, +0.041,+0.936
1667922360,+3.47,+16.416, +0.041,+0.936
1667922420,+3.47,+16.408, +0.042,+0.936
1667922480,+3.47,+16.425, +0.041,+0.936
1667922540,+3.47,+16.416, +0.041,+0.936
1667922600,+3.47,+16.425, +0.042,+0.936
1667922660,+3.47,+16.425, +0.041,+0.936
1667922720,+3.47,+16.425, +0.042,+0.936
1667922780,+3.47,+16.416, +0.041,+0.936
1667922840,+3.47,+16.416, +0.041,+0.936
1667922900,+3.47,+16.425, +0.041,+0.936
1667922960,+3.47,+16.382, +0.041,+0.936
1667923020,+3.47,+16.348, +0.041,+0.936
1667923080,+3.47,+16.340, +0.041,+0.936
1667923140,+3.47,+16.348, +0.041,+0.936
1667923200,+3.47,+16.323, +0.042,+0.936
1667923260,+3.47,+16.331, +0.041,+0.936
1667923320,+3.47,+16.323, +0.041,+0.936
1667923380,+3.47,+16.314, +0.042,+0.936
1667923440,+3.47,+16.314, +0.041,+0.936
1667923500,+3.47,+16.288, +0.041,+0.936
1667923560,+3.47,+16.305, +0.041,+0.936
1667923620,+3.47,+16.280, +0.041,+0.936
1667923680,+3.47,+16.280, +0.042,+0.936
1667923740,+3.47,+16.280, +0.041,+0.936
1667923800,+3.47,+16.271, +0.041,+0.936
1667923860,+3.47,+16.280, +0.041,+0.936
1667923920,+3.47,+16.263, +0.041,+0.936
1667923980,+3.47,+16.271, +0.041,+0.936
1667924040,+3.47,+16.254, +0.041,+0.936
1667924100,+3.47,+16.254, +0.041,+0.936
1667924160,+3.47,+16.263, +0.041,+0.936
1667924220,+3.47,+16.263, +0.041,+0.936
1667924280,+3.47,+16.263, +0.041,+0.936
1667924340,+3.47,+16.246, +0.041,+0.936
1667924400,+3.47,+16.280, +0.041,+0.936
1667924460,+3.47,+16.271, +0.041,+0.936
1667924520,+3.47,+16.297, +0.041,+0.936
1667924580,+3.47,+16.271, +0.042,+0.936
1667924640,+3.47,+16.288, +0.041,+0.936
1667924700,+3.47,+16.297, +0.041,+0.936
1667924760,+3.47,+16.288, +0.041,+0.936
1667924820,+3.47,+16.280, +0.042,+0.936
1667924880,+3.47,+16.297, +0.041,+0.936
1667924940,+3.47,+16.314, +0.041,+0.936
1667925000,+3.47,+16.297, +0.041,+0.936
1667925060,+3.47,+16.288, +0.041,+0.936
1667925120,+3.47,+16.263, +0.041,+0.936
1667925180,+3.47,+16.280, +0.041,+0.936
1667925240,+3.47,+16.280, +0.041,+0.936
1667925300,+3.47,+16.280, +0.042,+0.936
1667925360,+3.47,+16.280, +0.041,+0.936
1667925420,+3.47,+16.280, +0.041,+0.936
1667925480,+3.47,+16.280, +0.041,+0.936
1667925540,+3.47,+16.263, +0.042,+0.936
1667925600,+3.47,+16.288, +0.041,+0.936
1667925660,+3.47,+16.271, +0.042,+0.936
1667925720,+3.47,+16.280, +0.042,+0.936
1667925780,+3.47,+16.280, +0.041,+0.936
1667925840,+3.47,+16.280, +0.041,+0.936
1667925900,+3.47,+16.280, +0.041,+0.936
1667925960,+3.47,+16.263, +0.041,+0.936
1667926020,+3.47,+16.254, +0.041,+0.936
1667926080,+3.47,+16.263, +0.041,+0.936
