7450-383325
OS REV: 1.05 Sensor Cal: 1644949570
Time (sec),  BV (Volts),  T (deg C),  DO (mg/l),  Q ()
1663951740,+3.49,+20.537, +7.798,+0.966
1663951800,+3.49,+20.537, +7.808,+0.966
1663951860,+3.49,+20.537, +7.856,+0.967
1663951920,+3.49,+20.537, +7.907,+0.967
1663951980,+3.49,+20.529, +7.908,+0.966
1663952040,+3.49,+20.520, +7.955,+0.967
1663952100,+3.49,+20.520, +7.931,+0.966
1663952160,+3.49,+20.503, +7.927,+0.967
1663952220,+3.49,+20.503, +7.906,+0.966
1663952280,+3.49,+20.495, +7.905,+0.967
1663952340,+3.49,+20.453, +7.878,+0.966
1663952400,+3.49,+20.445, +7.844,+0.966
1663952460,+3.49,+20.453, +7.848,+0.966
1663952520,+3.49,+20.420, +7.850,+0.967
1663952580,+3.49,+20.395, +7.842,+0.966
1663952640,+3.49,+20.420, +7.856,+0.967
1663952700,+3.49,+20.428, +7.819,+0.966
1663952760,+3.49,+20.411, +7.836,+0.967
1663952820,+3.49,+20.445, +7.825,+0.966
1663952880,+3.49,+20.437, +7.831,+0.966
1663952940,+3.49,+20.437, +7.841,+0.966
1663953000,+3.49,+20.437, +7.872,+0.966
1663953060,+3.49,+20.462, +7.934,+0.966
1663953120,+3.49,+20.487, +7.979,+0.966
1663953180,+3.49,+20.487, +8.042,+0.967
1663953240,+3.49,+20.495, +8.073,+0.967
1663953300,+3.49,+20.478, +8.081,+0.967
1663953360,+3.49,+20.470, +8.107,+0.966
1663953420,+3.49,+20.503, +8.104,+0.966
1663953480,+3.49,+20.487, +8.127,+0.966
1663953540,+3.49,+20.487, +8.111,+0.966
1663953600,+3.49,+20.470, +8.111,+0.966
1663953660,+3.49,+20.453, +8.112,+0.967
1663953720,+3.49,+20.470, +8.120,+0.967
1663953780,+3.49,+20.462, +8.098,+0.966
1663953840,+3.49,+20.445, +8.044,+0.967
1663953900,+3.49,+20.428, +8.019,+0.966
1663953960,+3.49,+20.453, +8.048,+0.967
1663954020,+3.49,+20.470, +8.070,+0.967
1663954080,+3.49,+20.453, +8.056,+0.966
1663954140,+3.49,+20.453, +8.049,+0.966
1663954200,+3.49,+20.445, +8.045,+0.967
1663954260,+3.49,+20.453, +8.032,+0.966
1663954320,+3.49,+20.487, +8.058,+0.966
1663954380,+3.49,+20.470, +8.086,+0.966
1663954440,+3.49,+20.470, +8.144,+0.966
1663954500,+3.49,+20.478, +8.160,+0.967
1663954560,+3.49,+20.487, +8.161,+0.967
1663954620,+3.49,+20.495, +8.137,+0.966
1663954680,+3.49,+20.495, +8.170,+0.967
1663954740,+3.49,+20.503, +8.155,+0.967
1663954800,+3.49,+20.495, +8.134,+0.967
1663954860,+3.49,+20.478, +8.133,+0.967
1663954920,+3.49,+20.529, +8.127,+0.967
1663954980,+3.49,+20.512, +8.131,+0.966
1663955040,+3.49,+20.487, +8.156,+0.967
1663955100,+3.49,+20.512, +8.173,+0.967
1663955160,+3.49,+20.520, +8.195,+0.967
1663955220,+3.49,+20.537, +8.231,+0.966
1663955280,+3.49,+20.520, +8.220,+0.967
1663955340,+3.49,+20.537, +8.230,+0.967
1663955400,+3.49,+20.529, +8.244,+0.967
1663955460,+3.49,+20.537, +8.263,+0.967
1663955520,+3.49,+20.537, +8.316,+0.967
1663955580,+3.49,+20.529, +8.305,+0.967
1663955640,+3.49,+20.529, +8.290,+0.967
1663955700,+3.49,+20.512, +8.292,+0.967
1663955760,+3.49,+20.537, +8.306,+0.967
1663955820,+3.49,+20.520, +8.302,+0.967
1663955880,+3.49,+20.520, +8.300,+0.966
1663955940,+3.49,+20.520, +8.315,+0.966
1663956000,+3.49,+20.503, +8.291,+0.966
1663956060,+3.49,+20.487, +8.295,+0.966
1663956120,+3.49,+20.478, +8.310,+0.967
1663956180,+3.49,+20.470, +8.317,+0.966
1663956240,+3.49,+20.487, +8.287,+0.966
1663956300,+3.49,+20.495, +8.292,+0.966
1663956360,+3.49,+20.487, +8.315,+0.967
1663956420,+3.49,+20.487, +8.361,+0.967
1663956480,+3.49,+20.487, +8.380,+0.966
1663956540,+3.49,+20.503, +8.412,+0.967
1663956600,+3.49,+20.512, +8.431,+0.967
1663956660,+3.49,+20.512, +8.439,+0.967
1663956720,+3.49,+20.545, +8.436,+0.966
1663956780,+3.49,+20.529, +8.479,+0.966
1663956840,+3.49,+20.529, +8.492,+0.967
1663956900,+3.49,+20.529, +8.500,+0.967
1663956960,+3.49,+20.529, +8.492,+0.966
1663957020,+3.49,+20.554, +8.486,+0.966
1663957080,+3.49,+20.545, +8.475,+0.966
1663957140,+3.49,+20.554, +8.493,+0.966
1663957200,+3.49,+20.545, +8.514,+0.966
1663957260,+3.49,+20.537, +8.498,+0.966
1663957320,+3.49,+20.545, +8.496,+0.966
1663957380,+3.49,+20.545, +8.493,+0.967
1663957440,+3.49,+20.545, +8.463,+0.966
1663957500,+3.49,+20.545, +8.499,+0.966
1663957560,+3.49,+20.529, +8.535,+0.967
1663957620,+3.49,+20.562, +8.538,+0.967
1663957680,+3.49,+20.562, +8.534,+0.966
1663957740,+3.49,+20.554, +8.526,+0.966
1663957800,+3.49,+20.579, +8.544,+0.967
1663957860,+3.49,+20.562, +8.540,+0.967
1663957920,+3.49,+20.562, +8.551,+0.967
1663957980,+3.49,+20.570, +8.570,+0.967
1663958040,+3.49,+20.570, +8.556,+0.966
1663958100,+3.49,+20.570, +8.596,+0.967
1663958160,+3.49,+20.570, +8.597,+0.967
1663958220,+3.49,+20.570, +8.602,+0.966
1663958280,+3.49,+20.562, +8.619,+0.967
1663958340,+3.49,+20.587, +8.617,+0.967
1663958400,+3.49,+20.587, +8.632,+0.967
1663958460,+3.49,+20.604, +8.625,+0.966
1663958520,+3.49,+20.596, +8.646,+0.967
1663958580,+3.49,+20.596, +8.620,+0.966
1663958640,+3.49,+20.587, +8.606,+0.967
1663958700,+3.49,+20.587, +8.649,+0.966
1663958760,+3.49,+20.604, +8.672,+0.967
1663958820,+3.49,+20.596, +8.718,+0.967
1663958880,+3.49,+20.587, +8.736,+0.967
1663958940,+3.49,+20.587, +8.732,+0.967
1663959000,+3.49,+20.596, +8.733,+0.967
1663959060,+3.49,+20.587, +8.713,+0.967
1663959120,+3.49,+20.587, +8.715,+0.967
1663959180,+3.49,+20.612, +8.704,+0.967
1663959240,+3.49,+20.596, +8.706,+0.967
1663959300,+3.49,+20.587, +8.658,+0.966
1663959360,+3.49,+20.579, +8.626,+0.967
1663959420,+3.49,+20.587, +8.620,+0.966
1663959480,+3.49,+20.587, +8.641,+0.966
1663959540,+3.49,+20.596, +8.636,+0.966
1663959600,+3.49,+20.587, +8.652,+0.967
1663959660,+3.49,+20.604, +8.652,+0.967
1663959720,+3.49,+20.570, +8.666,+0.966
1663959780,+3.49,+20.587, +8.679,+0.967
1663959840,+3.49,+20.604, +8.691,+0.966
1663959900,+3.49,+20.570, +8.712,+0.967
1663959960,+3.49,+20.579, +8.713,+0.967
1663960020,+3.49,+20.587, +8.702,+0.967
1663960080,+3.49,+20.612, +8.726,+0.967
1663960140,+3.49,+20.596, +8.759,+0.967
1663960200,+3.49,+20.596, +8.747,+0.966
1663960260,+3.49,+20.587, +8.760,+0.966
1663960320,+3.49,+20.604, +8.764,+0.966
1663960380,+3.49,+20.587, +8.753,+0.966
1663960440,+3.49,+20.612, +8.737,+0.966
1663960500,+3.49,+20.596, +8.735,+0.967
1663960560,+3.49,+20.596, +8.712,+0.967
1663960620,+3.49,+20.604, +8.717,+0.967
1663960680,+3.49,+20.604, +8.730,+0.966
1663960740,+3.49,+20.612, +8.701,+0.966
1663960800,+3.49,+20.596, +8.688,+0.967
1663960860,+3.49,+20.612, +8.670,+0.967
1663960920,+3.49,+20.587, +8.718,+0.966
1663960980,+3.49,+20.604, +8.730,+0.966
1663961040,+3.49,+20.604, +8.747,+0.967
1663961100,+3.49,+20.596, +8.757,+0.967
1663961160,+3.49,+20.604, +8.733,+0.967
1663961220,+3.49,+20.596, +8.738,+0.967
1663961280,+3.49,+20.604, +8.740,+0.966
1663961340,+3.49,+20.604, +8.743,+0.966
1663961400,+3.49,+20.596, +8.743,+0.966
1663961460,+3.49,+20.621, +8.713,+0.967
1663961520,+3.49,+20.621, +8.700,+0.967
1663961580,+3.49,+20.612, +8.695,+0.966
1663961640,+3.49,+20.579, +8.711,+0.967
1663961700,+3.49,+20.596, +8.726,+0.967
1663961760,+3.49,+20.596, +8.711,+0.967
1663961820,+3.49,+20.587, +8.687,+0.967
1663961880,+3.49,+20.596, +8.667,+0.967
1663961940,+3.49,+20.596, +8.684,+0.966
1663962000,+3.49,+20.587, +8.680,+0.967
1663962060,+3.49,+20.587, +8.667,+0.967
1663962120,+3.49,+20.596, +8.671,+0.966
1663962180,+3.49,+20.612, +8.695,+0.967
1663962240,+3.49,+20.604, +8.728,+0.967
1663962300,+3.49,+20.604, +8.728,+0.966
1663962360,+3.49,+20.612, +8.724,+0.966
1663962420,+3.49,+20.604, +8.746,+0.967
1663962480,+3.49,+20.604, +8.743,+0.967
1663962540,+3.49,+20.604, +8.718,+0.967
1663962600,+3.49,+20.621, +8.682,+0.966
1663962660,+3.49,+20.596, +8.700,+0.967
1663962720,+3.49,+20.579, +8.682,+0.966
1663962780,+3.49,+20.604, +8.705,+0.967
1663962840,+3.49,+20.587, +8.708,+0.966
1663962900,+3.49,+20.604, +8.713,+0.967
1663962960,+3.49,+20.579, +8.725,+0.967
1663963020,+3.49,+20.579, +8.726,+0.967
1663963080,+3.49,+20.604, +8.757,+0.968
1663963140,+3.49,+20.596, +8.738,+0.966
1663963200,+3.49,+20.612, +8.750,+0.967
1663963260,+3.49,+20.596, +8.726,+0.967
1663963320,+3.49,+20.587, +8.729,+0.967
1663963380,+3.49,+20.562, +8.706,+0.967
1663963440,+3.49,+20.596, +8.711,+0.966
1663963500,+3.49,+20.612, +8.710,+0.966
1663963560,+3.49,+20.596, +8.696,+0.966
1663963620,+3.49,+20.604, +8.675,+0.966
1663963680,+3.49,+20.596, +8.661,+0.967
1663963740,+3.49,+20.579, +8.682,+0.966
1663963800,+3.49,+20.587, +8.688,+0.967
1663963860,+3.49,+20.587, +8.687,+0.967
1663963920,+3.49,+20.596, +8.684,+0.967
1663963980,+3.49,+20.596, +8.689,+0.967
1663964040,+3.49,+20.596, +8.676,+0.967
1663964100,+3.49,+20.579, +8.637,+0.966
1663964160,+3.49,+20.596, +8.660,+0.967
1663964220,+3.49,+20.579, +8.704,+0.967
1663964280,+3.49,+20.587, +8.715,+0.967
1663964340,+3.49,+20.579, +8.724,+0.967
1663964400,+3.49,+20.562, +8.735,+0.966
1663964460,+3.49,+20.587, +8.752,+0.967
1663964520,+3.49,+20.570, +8.741,+0.967
1663964580,+3.49,+20.562, +8.727,+0.967
1663964640,+3.49,+20.596, +8.716,+0.967
1663964700,+3.49,+20.570, +8.715,+0.967
1663964760,+3.49,+20.562, +8.700,+0.966
1663964820,+3.49,+20.579, +8.684,+0.966
1663964880,+3.49,+20.562, +8.706,+0.967
1663964940,+3.49,+20.570, +8.707,+0.967
1663965000,+3.49,+20.545, +8.738,+0.967
1663965060,+3.49,+20.562, +8.762,+0.966
1663965120,+3.49,+20.570, +8.765,+0.967
1663965180,+3.49,+20.545, +8.761,+0.967
1663965240,+3.49,+20.562, +8.779,+0.966
1663965300,+3.49,+20.562, +8.799,+0.967
1663965360,+3.49,+20.570, +8.790,+0.967
1663965420,+3.49,+20.562, +8.822,+0.967
1663965480,+3.49,+20.554, +8.913,+0.967
1663965540,+3.49,+20.545, +8.941,+0.967
1663965600,+3.49,+20.554, +8.937,+0.967
1663965660,+3.49,+20.545, +8.935,+0.967
1663965720,+3.49,+20.520, +8.940,+0.967
1663965780,+3.49,+20.529, +8.900,+0.967
1663965840,+3.49,+20.512, +8.888,+0.967
1663965900,+3.49,+20.529, +8.903,+0.967
1663965960,+3.49,+20.520, +8.913,+0.967
1663966020,+3.49,+20.503, +8.883,+0.966
1663966080,+3.49,+20.495, +8.857,+0.967
1663966140,+3.49,+20.520, +8.835,+0.967
1663966200,+3.49,+20.503, +8.854,+0.967
1663966260,+3.49,+20.503, +8.893,+0.967
1663966320,+3.49,+20.503, +8.910,+0.967
1663966380,+3.49,+20.529, +8.908,+0.967
1663966440,+3.49,+20.495, +8.913,+0.966
1663966500,+3.49,+20.487, +8.903,+0.966
1663966560,+3.49,+20.512, +8.880,+0.967
1663966620,+3.49,+20.520, +8.902,+0.967
1663966680,+3.49,+20.512, +8.910,+0.967
1663966740,+3.49,+20.512, +8.937,+0.967
1663966800,+3.49,+20.495, +8.975,+0.967
1663966860,+3.49,+20.512, +9.014,+0.967
1663966920,+3.49,+20.495, +9.031,+0.967
1663966980,+3.49,+20.478, +8.993,+0.966
1663967040,+3.49,+20.495, +8.988,+0.967
1663967100,+3.49,+20.487, +8.953,+0.967
1663967160,+3.49,+20.487, +8.984,+0.967
1663967220,+3.49,+20.470, +9.001,+0.967
1663967280,+3.49,+20.470, +8.982,+0.967
1663967340,+3.49,+20.487, +8.953,+0.967
1663967400,+3.49,+20.462, +8.952,+0.966
1663967460,+3.49,+20.487, +8.926,+0.967
1663967520,+3.49,+20.462, +8.923,+0.967
1663967580,+3.49,+20.470, +8.863,+0.967
1663967640,+3.49,+20.462, +8.875,+0.967
1663967700,+3.49,+20.462, +8.859,+0.967
1663967760,+3.49,+20.470, +8.840,+0.967
1663967820,+3.49,+20.470, +8.838,+0.967
1663967880,+3.49,+20.470, +8.832,+0.967
1663967940,+3.49,+20.478, +8.797,+0.967
1663968000,+3.49,+20.470, +8.783,+0.967
1663968060,+3.49,+20.478, +8.752,+0.967
1663968120,+3.49,+20.495, +8.747,+0.967
1663968180,+3.49,+20.462, +8.800,+0.968
1663968240,+3.49,+20.470, +8.824,+0.967
1663968300,+3.49,+20.462, +8.850,+0.966
1663968360,+3.49,+20.462, +8.839,+0.967
1663968420,+3.49,+20.470, +8.830,+0.967
1663968480,+3.49,+20.462, +8.842,+0.967
1663968540,+3.49,+20.478, +8.828,+0.967
1663968600,+3.49,+20.470, +8.843,+0.967
1663968660,+3.49,+20.470, +8.832,+0.967
1663968720,+3.49,+20.462, +8.822,+0.967
1663968780,+3.49,+20.478, +8.815,+0.966
1663968840,+3.49,+20.470, +8.850,+0.967
1663968900,+3.49,+20.470, +8.851,+0.966
1663968960,+3.49,+20.437, +8.900,+0.966
1663969020,+3.49,+20.453, +8.889,+0.967
1663969080,+3.49,+20.462, +8.887,+0.967
1663969140,+3.49,+20.445, +8.894,+0.967
1663969200,+3.49,+20.445, +8.881,+0.967
1663969260,+3.49,+20.453, +8.870,+0.967
1663969320,+3.49,+20.445, +8.869,+0.966
1663969380,+3.49,+20.428, +8.895,+0.967
1663969440,+3.49,+20.437, +8.928,+0.967
1663969500,+3.49,+20.453, +8.962,+0.967
1663969560,+3.49,+20.445, +8.993,+0.968
1663969620,+3.49,+20.428, +8.996,+0.967
1663969680,+3.49,+20.445, +8.999,+0.967
1663969740,+3.49,+20.437, +8.981,+0.967
1663969800,+3.49,+20.445, +8.988,+0.967
1663969860,+3.49,+20.453, +8.956,+0.966
1663969920,+3.49,+20.445, +8.964,+0.967
1663969980,+3.49,+20.462, +8.972,+0.967
1663970040,+3.49,+20.453, +8.964,+0.966
1663970100,+3.49,+20.478, +8.931,+0.967
1663970160,+3.49,+20.470, +8.916,+0.966
1663970220,+3.49,+20.453, +8.924,+0.967
1663970280,+3.49,+20.437, +9.001,+0.967
1663970340,+3.49,+20.445, +9.027,+0.967
1663970400,+3.49,+20.437, +8.996,+0.966
1663970460,+3.49,+20.470, +8.952,+0.967
1663970520,+3.49,+20.445, +8.916,+0.967
1663970580,+3.49,+20.470, +8.859,+0.967
1663970640,+3.49,+20.453, +8.823,+0.967
1663970700,+3.49,+20.445, +8.830,+0.966
1663970760,+3.49,+20.445, +8.859,+0.966
1663970820,+3.49,+20.453, +8.918,+0.967
1663970880,+3.49,+20.445, +8.957,+0.967
1663970940,+3.49,+20.462, +8.992,+0.967
1663971000,+3.49,+20.445, +8.992,+0.967
1663971060,+3.49,+20.445, +8.959,+0.967
1663971120,+3.49,+20.437, +8.960,+0.967
1663971180,+3.49,+20.445, +8.941,+0.966
1663971240,+3.49,+20.453, +8.939,+0.967
1663971300,+3.49,+20.445, +8.871,+0.966
1663971360,+3.49,+20.445, +8.893,+0.967
1663971420,+3.49,+20.453, +8.854,+0.967
1663971480,+3.49,+20.428, +8.905,+0.967
1663971540,+3.49,+20.445, +8.929,+0.967
1663971600,+3.49,+20.437, +8.974,+0.967
1663971660,+3.49,+20.445, +8.995,+0.966
1663971720,+3.49,+20.445, +8.967,+0.967
1663971780,+3.49,+20.453, +8.959,+0.966
1663971840,+3.49,+20.453, +8.940,+0.967
1663971900,+3.49,+20.462, +8.957,+0.966
1663971960,+3.49,+20.453, +8.955,+0.967
1663972020,+3.49,+20.462, +8.930,+0.967
1663972080,+3.49,+20.428, +8.936,+0.967
1663972140,+3.49,+20.437, +8.940,+0.967
1663972200,+3.49,+20.445, +8.946,+0.967
1663972260,+3.49,+20.420, +8.944,+0.966
1663972320,+3.49,+20.437, +8.945,+0.966
1663972380,+3.49,+20.453, +8.911,+0.967
1663972440,+3.49,+20.420, +8.901,+0.967
1663972500,+3.49,+20.437, +8.848,+0.967
1663972560,+3.49,+20.437, +8.816,+0.967
1663972620,+3.49,+20.453, +8.793,+0.967
1663972680,+3.49,+20.445, +8.755,+0.967
1663972740,+3.49,+20.453, +8.598,+0.967
1663972800,+3.49,+20.445, +8.534,+0.967
1663972860,+3.49,+20.462, +8.723,+0.967
1663972920,+3.49,+20.445, +8.778,+0.967
1663972980,+3.49,+20.453, +8.852,+0.967
1663973040,+3.49,+20.437, +8.850,+0.967
1663973100,+3.49,+20.445, +8.857,+0.967
1663973160,+3.49,+20.453, +8.836,+0.967
1663973220,+3.49,+20.445, +8.816,+0.966
1663973280,+3.49,+20.453, +8.767,+0.967
1663973340,+3.49,+20.470, +8.777,+0.967
1663973400,+3.49,+20.453, +8.675,+0.966
1663973460,+3.49,+20.462, +8.600,+0.967
1663973520,+3.49,+20.462, +8.665,+0.967
1663973580,+3.49,+20.462, +8.603,+0.966
1663973640,+3.49,+20.470, +8.498,+0.966
1663973700,+3.49,+20.470, +8.576,+0.967
1663973760,+3.49,+20.462, +8.551,+0.967
1663973820,+3.49,+20.453, +8.520,+0.966
1663973880,+3.49,+20.453, +8.461,+0.966
1663973940,+3.49,+20.437, +8.434,+0.966
1663974000,+3.49,+20.437, +8.456,+0.967
1663974060,+3.49,+20.445, +8.431,+0.966
1663974120,+3.49,+20.428, +8.455,+0.967
1663974180,+3.49,+20.437, +8.451,+0.966
1663974240,+3.49,+20.462, +8.392,+0.966
1663974300,+3.49,+20.420, +8.372,+0.967
1663974360,+3.49,+20.437, +8.440,+0.966
1663974420,+3.49,+20.445, +8.500,+0.967
1663974480,+3.49,+20.428, +8.485,+0.967
1663974540,+3.49,+20.428, +8.404,+0.966
1663974600,+3.49,+20.411, +8.256,+0.966
1663974660,+3.49,+20.437, +8.221,+0.966
1663974720,+3.49,+20.428, +8.197,+0.966
1663974780,+3.49,+20.437, +8.072,+0.966
1663974840,+3.49,+20.437, +8.162,+0.967
1663974900,+3.49,+20.428, +8.201,+0.967
1663974960,+3.49,+20.453, +8.161,+0.966
1663975020,+3.49,+20.453, +8.125,+0.966
1663975080,+3.49,+20.445, +8.164,+0.967
1663975140,+3.49,+20.428, +8.217,+0.967
1663975200,+3.49,+20.445, +8.147,+0.966
1663975260,+3.49,+20.445, +8.057,+0.967
1663975320,+3.49,+20.445, +8.033,+0.967
1663975380,+3.49,+20.453, +8.157,+0.967
1663975440,+3.49,+20.437, +8.159,+0.966
1663975500,+3.49,+20.445, +8.072,+0.967
1663975560,+3.49,+20.437, +8.033,+0.966
1663975620,+3.49,+20.420, +8.077,+0.966
1663975680,+3.49,+20.420, +8.082,+0.966
1663975740,+3.49,+20.420, +8.079,+0.966
1663975800,+3.49,+20.395, +7.929,+0.966
1663975860,+3.49,+20.378, +8.017,+0.966
1663975920,+3.49,+20.378, +8.058,+0.966
1663975980,+3.49,+20.353, +7.999,+0.967
1663976040,+3.49,+20.370, +7.993,+0.966
1663976100,+3.49,+20.361, +7.975,+0.966
1663976160,+3.49,+20.370, +7.938,+0.966
1663976220,+3.49,+20.370, +7.904,+0.966
1663976280,+3.49,+20.378, +7.905,+0.966
1663976340,+3.49,+20.370, +8.021,+0.966
1663976400,+3.49,+20.344, +7.980,+0.966
1663976460,+3.49,+20.386, +7.733,+0.966
1663976520,+3.49,+20.370, +7.602,+0.966
1663976580,+3.49,+20.378, +7.621,+0.966
1663976640,+3.49,+20.378, +7.195,+0.966
1663976700,+3.49,+20.370, +7.549,+0.966
1663976760,+3.49,+20.370, +7.927,+0.967
1663976820,+3.49,+20.353, +7.951,+0.966
1663976880,+3.49,+20.370, +8.018,+0.966
1663976940,+3.49,+20.361, +8.166,+0.966
1663977000,+3.49,+20.370, +8.166,+0.966
1663977060,+3.49,+20.344, +8.285,+0.966
1663977120,+3.49,+20.328, +8.355,+0.967
1663977180,+3.49,+20.344, +8.437,+0.967
1663977240,+3.49,+20.294, +8.472,+0.966
1663977300,+3.49,+20.303, +8.468,+0.966
1663977360,+3.49,+20.294, +8.450,+0.967
1663977420,+3.49,+20.286, +8.383,+0.966
1663977480,+3.49,+20.303, +8.396,+0.966
1663977540,+3.49,+20.277, +8.398,+0.966
1663977600,+3.49,+20.311, +8.309,+0.966
1663977660,+3.49,+20.294, +8.279,+0.967
1663977720,+3.49,+20.286, +8.382,+0.966
1663977780,+3.49,+20.261, +8.428,+0.967
1663977840,+3.49,+20.277, +8.443,+0.967
1663977900,+3.49,+20.261, +8.452,+0.966
1663977960,+3.49,+20.277, +8.427,+0.966
1663978020,+3.49,+20.277, +8.433,+0.967
1663978080,+3.49,+20.244, +8.428,+0.966
1663978140,+3.49,+20.286, +8.381,+0.967
1663978200,+3.49,+20.261, +8.401,+0.967
1663978260,+3.49,+20.261, +8.396,+0.966
1663978320,+3.49,+20.269, +8.381,+0.967
1663978380,+3.49,+20.252, +8.382,+0.967
1663978440,+3.49,+20.252, +8.414,+0.966
1663978500,+3.49,+20.269, +8.408,+0.966
1663978560,+3.49,+20.252, +8.404,+0.966
1663978620,+3.49,+20.252, +8.382,+0.966
1663978680,+3.49,+20.227, +8.367,+0.966
1663978740,+3.49,+20.252, +8.349,+0.966
1663978800,+3.49,+20.244, +8.354,+0.966
1663978860,+3.49,+20.236, +8.363,+0.966
1663978920,+3.49,+20.244, +8.349,+0.967
1663978980,+3.49,+20.244, +8.367,+0.966
1663979040,+3.49,+20.210, +8.366,+0.966
1663979100,+3.49,+20.227, +8.360,+0.967
1663979160,+3.49,+20.219, +8.322,+0.966
1663979220,+3.49,+20.227, +8.303,+0.966
1663979280,+3.49,+20.219, +8.308,+0.967
1663979340,+3.49,+20.210, +8.331,+0.966
1663979400,+3.49,+20.227, +8.329,+0.967
1663979460,+3.49,+20.210, +8.287,+0.966
1663979520,+3.49,+20.202, +8.245,+0.966
1663979580,+3.49,+20.210, +8.221,+0.967
1663979640,+3.49,+20.194, +8.158,+0.966
1663979700,+3.49,+20.185, +8.070,+0.966
1663979760,+3.49,+20.169, +8.078,+0.966
1663979820,+3.49,+20.185, +8.097,+0.967
1663979880,+3.49,+20.152, +8.115,+0.966
1663979940,+3.49,+20.143, +8.128,+0.966
1663980000,+3.49,+20.152, +8.092,+0.966
1663980060,+3.49,+20.160, +8.097,+0.966
1663980120,+3.49,+20.160, +8.096,+0.966
1663980180,+3.49,+20.135, +8.038,+0.966
1663980240,+3.49,+20.152, +7.995,+0.966
1663980300,+3.49,+20.135, +8.030,+0.967
1663980360,+3.49,+20.127, +8.012,+0.966
1663980420,+3.49,+20.102, +7.952,+0.966
1663980480,+3.49,+20.110, +8.001,+0.966
1663980540,+3.49,+20.102, +8.073,+0.966
1663980600,+3.49,+20.102, +8.081,+0.966
1663980660,+3.49,+20.085, +7.995,+0.966
1663980720,+3.49,+20.068, +8.036,+0.966
1663980780,+3.49,+20.051, +8.073,+0.967
1663980840,+3.49,+20.051, +8.099,+0.966
1663980900,+3.49,+20.043, +8.109,+0.966
1663980960,+3.49,+20.018, +8.128,+0.966
1663981020,+3.49,+20.009, +8.139,+0.966
1663981080,+3.49,+20.009, +8.152,+0.966
1663981140,+3.49,+20.001, +8.200,+0.966
1663981200,+3.49,+19.959, +8.195,+0.966
1663981260,+3.49,+20.009, +8.190,+0.966
1663981320,+3.49,+19.984, +8.212,+0.966
1663981380,+3.49,+19.984, +8.215,+0.966
1663981440,+3.49,+19.967, +8.208,+0.966
1663981500,+3.49,+19.967, +8.109,+0.966
1663981560,+3.49,+19.959, +8.079,+0.966
1663981620,+3.49,+19.951, +8.054,+0.967
1663981680,+3.49,+19.976, +8.015,+0.966
1663981740,+3.49,+19.942, +7.999,+0.966
1663981800,+3.49,+19.926, +7.996,+0.967
1663981860,+3.49,+19.875, +7.978,+0.966
1663981920,+3.49,+19.892, +7.948,+0.966
1663981980,+3.49,+19.858, +8.014,+0.966
1663982040,+3.49,+19.833, +8.085,+0.966
1663982100,+3.49,+19.858, +8.099,+0.967
1663982160,+3.49,+19.850, +8.080,+0.966
1663982220,+3.49,+19.875, +8.132,+0.966
1663982280,+3.49,+19.875, +8.135,+0.967
1663982340,+3.49,+19.858, +8.075,+0.966
1663982400,+3.49,+19.892, +8.070,+0.966
1663982460,+3.49,+19.867, +8.086,+0.967
1663982520,+3.49,+19.900, +8.079,+0.966
1663982580,+3.49,+19.900, +8.090,+0.966
1663982640,+3.49,+19.900, +8.111,+0.967
1663982700,+3.49,+19.917, +8.174,+0.966
1663982760,+3.49,+19.909, +8.214,+0.966
1663982820,+3.49,+19.926, +8.175,+0.967
1663982880,+3.49,+19.934, +8.250,+0.967
1663982940,+3.49,+19.942, +8.201,+0.966
1663983000,+3.49,+19.951, +8.173,+0.966
1663983060,+3.49,+19.959, +8.238,+0.966
1663983120,+3.49,+20.001, +8.245,+0.966
1663983180,+3.49,+19.993, +8.286,+0.966
1663983240,+3.49,+20.001, +8.266,+0.966
1663983300,+3.49,+20.001, +8.296,+0.967
1663983360,+3.49,+20.009, +8.330,+0.967
1663983420,+3.49,+20.026, +8.318,+0.966
1663983480,+3.49,+20.001, +8.317,+0.966
1663983540,+3.49,+20.034, +8.294,+0.967
1663983600,+3.49,+20.026, +8.292,+0.966
1663983660,+3.49,+20.018, +8.266,+0.966
1663983720,+3.49,+20.009, +8.257,+0.967
1663983780,+3.49,+20.026, +8.235,+0.966
1663983840,+3.49,+20.043, +8.170,+0.966
1663983900,+3.49,+20.051, +8.108,+0.966
1663983960,+3.49,+20.051, +8.111,+0.967
1663984020,+3.49,+20.060, +8.081,+0.966
1663984080,+3.49,+20.068, +7.989,+0.967
1663984140,+3.49,+20.068, +8.009,+0.967
1663984200,+3.49,+20.060, +7.986,+0.966
1663984260,+3.49,+20.060, +7.967,+0.966
1663984320,+3.49,+20.051, +7.940,+0.966
1663984380,+3.49,+20.034, +7.946,+0.966
1663984440,+3.49,+20.034, +7.980,+0.966
1663984500,+3.49,+20.018, +8.022,+0.966
1663984560,+3.49,+20.001, +7.947,+0.966
1663984620,+3.49,+20.018, +8.009,+0.966
1663984680,+3.49,+20.009, +7.929,+0.967
1663984740,+3.49,+20.018, +7.984,+0.966
1663984800,+3.49,+20.018, +8.070,+0.966
1663984860,+3.49,+20.034, +8.157,+0.967
1663984920,+3.49,+20.043, +8.200,+0.966
1663984980,+3.49,+20.009, +8.178,+0.966
1663985040,+3.49,+20.034, +8.168,+0.967
1663985100,+3.49,+20.051, +8.169,+0.967
1663985160,+3.49,+20.034, +8.176,+0.966
1663985220,+3.49,+20.060, +8.192,+0.966
1663985280,+3.49,+20.051, +8.208,+0.966
1663985340,+3.49,+20.034, +8.220,+0.966
1663985400,+3.49,+20.026, +8.193,+0.967
1663985460,+3.49,+20.043, +8.201,+0.966
1663985520,+3.49,+20.051, +8.190,+0.966
1663985580,+3.49,+20.051, +8.176,+0.967
1663985640,+3.49,+20.068, +8.139,+0.966
1663985700,+3.49,+20.060, +8.107,+0.967
1663985760,+3.49,+20.060, +8.062,+0.966
1663985820,+3.49,+20.060, +8.078,+0.966
1663985880,+3.49,+20.043, +8.013,+0.967
1663985940,+3.49,+20.051, +7.984,+0.966
1663986000,+3.49,+20.043, +7.946,+0.966
1663986060,+3.49,+20.018, +7.929,+0.966
1663986120,+3.49,+20.026, +7.929,+0.966
1663986180,+3.49,+19.993, +7.948,+0.966
1663986240,+3.49,+19.951, +8.007,+0.966
1663986300,+3.49,+19.934, +8.025,+0.966
1663986360,+3.49,+19.926, +8.022,+0.966
1663986420,+3.49,+19.926, +7.902,+0.966
1663986480,+3.49,+19.900, +7.824,+0.966
1663986540,+3.49,+19.892, +7.765,+0.966
1663986600,+3.49,+19.892, +7.789,+0.966
1663986660,+3.49,+19.875, +7.896,+0.966
1663986720,+3.49,+19.900, +7.928,+0.967
1663986780,+3.49,+19.917, +7.992,+0.966
1663986840,+3.49,+19.917, +8.058,+0.966
1663986900,+3.49,+19.942, +8.009,+0.966
1663986960,+3.49,+19.984, +8.033,+0.966
1663987020,+3.49,+20.009, +8.018,+0.966
1663987080,+3.49,+19.976, +8.028,+0.966
1663987140,+3.49,+19.959, +7.980,+0.966
1663987200,+3.49,+19.951, +8.025,+0.966
1663987260,+3.49,+19.934, +8.049,+0.966
1663987320,+3.49,+19.942, +8.085,+0.966
1663987380,+3.49,+19.934, +8.107,+0.967
1663987440,+3.49,+19.942, +8.114,+0.966
1663987500,+3.49,+19.951, +8.096,+0.966
1663987560,+3.49,+19.934, +8.117,+0.967
1663987620,+3.49,+19.934, +8.100,+0.967
1663987680,+3.49,+19.934, +8.089,+0.966
1663987740,+3.49,+19.942, +8.067,+0.966
1663987800,+3.49,+19.942, +8.057,+0.966
1663987860,+3.49,+19.967, +8.037,+0.966
1663987920,+3.49,+19.976, +7.942,+0.966
1663987980,+3.49,+19.942, +7.811,+0.966
1663988040,+3.49,+19.951, +7.730,+0.966
1663988100,+3.49,+19.951, +7.760,+0.966
1663988160,+3.49,+19.976, +7.829,+0.966
1663988220,+3.49,+19.951, +7.857,+0.966
1663988280,+3.49,+19.951, +7.858,+0.966
1663988340,+3.49,+19.942, +7.813,+0.966
1663988400,+3.49,+19.967, +7.704,+0.966
1663988460,+3.49,+19.942, +7.667,+0.966
1663988520,+3.49,+19.909, +7.729,+0.966
1663988580,+3.49,+19.867, +7.831,+0.966
1663988640,+3.49,+19.850, +7.840,+0.966
1663988700,+3.49,+19.833, +7.810,+0.966
1663988760,+3.49,+19.825, +7.768,+0.966
1663988820,+3.49,+19.808, +7.779,+0.966
1663988880,+3.49,+19.817, +7.847,+0.966
1663988940,+3.49,+19.808, +7.565,+0.966
1663989000,+3.49,+19.808, +7.594,+0.966
1663989060,+3.49,+19.833, +7.592,+0.966
1663989120,+3.49,+19.817, +7.601,+0.966
1663989180,+3.49,+19.817, +7.674,+0.966
1663989240,+3.49,+19.825, +7.779,+0.966
1663989300,+3.49,+19.833, +7.822,+0.966
1663989360,+3.49,+19.825, +7.901,+0.966
1663989420,+3.49,+19.842, +7.906,+0.966
1663989480,+3.49,+19.842, +7.968,+0.966
1663989540,+3.49,+19.850, +7.969,+0.966
1663989600,+3.49,+19.825, +7.977,+0.966
1663989660,+3.49,+19.817, +7.969,+0.966
1663989720,+3.49,+19.808, +7.960,+0.966
1663989780,+3.49,+19.825, +7.947,+0.966
1663989840,+3.49,+19.842, +7.904,+0.966
1663989900,+3.49,+19.842, +7.901,+0.966
1663989960,+3.49,+19.842, +7.885,+0.966
1663990020,+3.49,+19.833, +7.837,+0.966
1663990080,+3.49,+19.825, +7.748,+0.966
1663990140,+3.49,+19.825, +7.611,+0.966
1663990200,+3.49,+19.850, +7.684,+0.966
1663990260,+3.49,+19.825, +7.775,+0.966
1663990320,+3.49,+19.808, +7.789,+0.966
1663990380,+3.49,+19.800, +7.830,+0.966
1663990440,+3.49,+19.775, +7.843,+0.966
1663990500,+3.49,+19.783, +7.870,+0.967
1663990560,+3.49,+19.766, +7.821,+0.966
1663990620,+3.49,+19.766, +7.805,+0.966
1663990680,+3.49,+19.766, +7.740,+0.966
1663990740,+3.49,+19.766, +7.672,+0.966
1663990800,+3.49,+19.750, +7.631,+0.966
1663990860,+3.49,+19.741, +7.366,+0.966
1663990920,+3.49,+19.733, +7.248,+0.966
1663990980,+3.49,+19.750, +7.233,+0.966
1663991040,+3.49,+19.724, +7.273,+0.966
1663991100,+3.49,+19.733, +7.195,+0.966
1663991160,+3.49,+19.741, +7.309,+0.966
1663991220,+3.49,+19.733, +7.536,+0.966
1663991280,+3.49,+19.741, +7.653,+0.966
1663991340,+3.49,+19.741, +7.674,+0.966
1663991400,+3.49,+19.733, +7.673,+0.966
1663991460,+3.49,+19.750, +7.546,+0.966
1663991520,+3.49,+19.750, +7.552,+0.966
1663991580,+3.49,+19.741, +7.508,+0.966
1663991640,+3.49,+19.724, +7.601,+0.966
1663991700,+3.49,+19.733, +7.716,+0.965
1663991760,+3.49,+19.750, +7.787,+0.966
1663991820,+3.49,+19.741, +7.849,+0.966
1663991880,+3.49,+19.741, +7.868,+0.967
1663991940,+3.49,+19.741, +7.916,+0.966
1663992000,+3.49,+19.733, +7.923,+0.966
1663992060,+3.49,+19.741, +7.913,+0.966
1663992120,+3.49,+19.750, +7.842,+0.966
1663992180,+3.49,+19.750, +7.788,+0.966
1663992240,+3.49,+19.758, +7.788,+0.966
1663992300,+3.49,+19.783, +7.775,+0.966
1663992360,+3.49,+19.783, +7.762,+0.967
1663992420,+3.49,+19.791, +7.727,+0.966
1663992480,+3.49,+19.766, +7.666,+0.966
1663992540,+3.49,+19.783, +7.526,+0.966
1663992600,+3.49,+19.800, +7.352,+0.966
1663992660,+3.49,+19.791, +7.330,+0.966
1663992720,+3.49,+19.783, +7.291,+0.966
1663992780,+3.49,+19.791, +7.343,+0.966
1663992840,+3.49,+19.775, +7.297,+0.966
1663992900,+3.49,+19.783, +7.354,+0.966
1663992960,+3.49,+19.766, +7.508,+0.966
1663993020,+3.49,+19.775, +7.677,+0.966
1663993080,+3.49,+19.783, +7.749,+0.966
1663993140,+3.49,+19.833, +7.679,+0.966
1663993200,+3.49,+19.833, +7.673,+0.966
1663993260,+3.49,+19.817, +7.668,+0.966
1663993320,+3.49,+19.842, +7.673,+0.966
1663993380,+3.49,+19.833, +7.707,+0.966
1663993440,+3.49,+19.850, +7.675,+0.966
1663993500,+3.49,+19.858, +7.667,+0.966
1663993560,+3.49,+19.858, +7.572,+0.966
1663993620,+3.49,+19.858, +7.520,+0.966
1663993680,+3.49,+19.858, +7.460,+0.966
1663993740,+3.49,+19.850, +7.528,+0.966
1663993800,+3.49,+19.842, +7.636,+0.966
1663993860,+3.49,+19.842, +7.664,+0.966
1663993920,+3.49,+19.833, +7.682,+0.966
1663993980,+3.49,+19.833, +7.676,+0.966
1663994040,+3.49,+19.800, +7.648,+0.966
1663994100,+3.49,+19.766, +7.666,+0.966
1663994160,+3.49,+19.750, +7.580,+0.966
1663994220,+3.49,+19.716, +7.536,+0.966
1663994280,+3.49,+19.699, +7.520,+0.966
1663994340,+3.49,+19.691, +7.575,+0.966
1663994400,+3.49,+19.674, +7.581,+0.966
1663994460,+3.49,+19.691, +7.551,+0.966
1663994520,+3.49,+19.699, +7.519,+0.966
1663994580,+3.49,+19.682, +7.470,+0.966
1663994640,+3.49,+19.666, +7.347,+0.966
1663994700,+3.49,+19.691, +7.319,+0.966
1663994760,+3.49,+19.674, +7.325,+0.966
1663994820,+3.49,+19.674, +7.380,+0.966
1663994880,+3.49,+19.674, +7.301,+0.966
1663994940,+3.49,+19.657, +7.258,+0.966
1663995000,+3.49,+19.657, +7.399,+0.966
1663995060,+3.49,+19.641, +7.480,+0.967
1663995120,+3.49,+19.641, +7.538,+0.966
1663995180,+3.49,+19.632, +7.605,+0.966
1663995240,+3.49,+19.632, +7.662,+0.966
1663995300,+3.49,+19.615, +7.712,+0.966
1663995360,+3.49,+19.615, +7.733,+0.966
1663995420,+3.49,+19.615, +7.754,+0.965
1663995480,+3.49,+19.657, +7.734,+0.966
1663995540,+3.49,+19.641, +7.705,+0.966
1663995600,+3.49,+19.657, +7.567,+0.966
1663995660,+3.49,+19.666, +7.454,+0.966
1663995720,+3.49,+19.682, +7.448,+0.966
1663995780,+3.49,+19.657, +7.513,+0.966
1663995840,+3.49,+19.674, +7.513,+0.966
1663995900,+3.49,+19.699, +7.466,+0.966
1663995960,+3.49,+19.699, +7.456,+0.966
1663996020,+3.49,+19.691, +7.453,+0.966
1663996080,+3.49,+19.682, +7.444,+0.966
1663996140,+3.49,+19.666, +7.488,+0.966
1663996200,+3.49,+19.682, +7.398,+0.966
1663996260,+3.49,+19.674, +7.364,+0.967
1663996320,+3.49,+19.674, +7.307,+0.966
1663996380,+3.49,+19.649, +7.369,+0.966
1663996440,+3.49,+19.632, +7.414,+0.966
1663996500,+3.49,+19.624, +7.478,+0.966
1663996560,+3.49,+19.615, +7.513,+0.966
1663996620,+3.49,+19.557, +7.509,+0.966
1663996680,+3.49,+19.548, +7.518,+0.966
1663996740,+3.49,+19.531, +7.462,+0.966
1663996800,+3.49,+19.548, +7.408,+0.966
1663996860,+3.49,+19.515, +7.262,+0.966
1663996920,+3.49,+19.523, +7.186,+0.966
1663996980,+3.49,+19.540, +7.098,+0.966
1663997040,+3.49,+19.565, +7.031,+0.966
1663997100,+3.49,+19.573, +7.162,+0.966
1663997160,+3.49,+19.599, +7.251,+0.966
1663997220,+3.49,+19.607, +7.297,+0.966
1663997280,+3.49,+19.607, +7.294,+0.966
1663997340,+3.49,+19.607, +7.239,+0.966
1663997400,+3.49,+19.615, +7.201,+0.966
1663997460,+3.49,+19.607, +7.256,+0.966
1663997520,+3.49,+19.599, +7.303,+0.966
1663997580,+3.49,+19.582, +7.334,+0.966
1663997640,+3.49,+19.582, +7.357,+0.966
1663997700,+3.49,+19.573, +7.400,+0.966
1663997760,+3.49,+19.557, +7.480,+0.966
1663997820,+3.49,+19.548, +7.509,+0.966
1663997880,+3.49,+19.523, +7.527,+0.966
1663997940,+3.49,+19.531, +7.532,+0.966
1663998000,+3.49,+19.531, +7.532,+0.966
1663998060,+3.49,+19.506, +7.518,+0.966
1663998120,+3.49,+19.531, +7.380,+0.966
1663998180,+3.49,+19.523, +7.315,+0.966
1663998240,+3.49,+19.515, +7.286,+0.966
1663998300,+3.49,+19.548, +7.224,+0.966
1663998360,+3.49,+19.540, +7.077,+0.966
1663998420,+3.49,+19.540, +6.967,+0.966
1663998480,+3.49,+19.540, +6.982,+0.966
1663998540,+3.49,+19.540, +7.032,+0.966
1663998600,+3.49,+19.523, +7.055,+0.966
1663998660,+3.49,+19.540, +7.117,+0.966
1663998720,+3.49,+19.540, +7.167,+0.966
1663998780,+3.49,+19.531, +7.294,+0.966
1663998840,+3.49,+19.540, +7.287,+0.966
1663998900,+3.49,+19.548, +7.298,+0.966
1663998960,+3.49,+19.557, +7.191,+0.966
1663999020,+3.49,+19.540, +7.063,+0.966
1663999080,+3.49,+19.515, +7.212,+0.966
1663999140,+3.49,+19.506, +7.283,+0.966
1663999200,+3.49,+19.523, +7.338,+0.966
1663999260,+3.49,+19.506, +7.352,+0.966
1663999320,+3.49,+19.506, +7.355,+0.966
1663999380,+3.49,+19.506, +7.373,+0.966
1663999440,+3.49,+19.490, +7.351,+0.966
1663999500,+3.49,+19.498, +7.341,+0.966
1663999560,+3.49,+19.506, +7.301,+0.966
1663999620,+3.49,+19.515, +7.278,+0.966
1663999680,+3.49,+19.490, +7.333,+0.966
1663999740,+3.49,+19.506, +7.373,+0.966
1663999800,+3.49,+19.506, +7.383,+0.966
1663999860,+3.49,+19.490, +7.362,+0.966
1663999920,+3.49,+19.490, +7.330,+0.966
1663999980,+3.49,+19.515, +7.284,+0.966
1664000040,+3.49,+19.515, +7.226,+0.966
1664000100,+3.49,+19.523, +7.174,+0.966
1664000160,+3.49,+19.523, +7.126,+0.966
1664000220,+3.49,+19.523, +7.071,+0.966
1664000280,+3.49,+19.540, +7.109,+0.966
1664000340,+3.49,+19.523, +7.176,+0.966
1664000400,+3.49,+19.515, +7.296,+0.966
1664000460,+3.49,+19.531, +7.359,+0.966
1664000520,+3.49,+19.506, +7.281,+0.966
1664000580,+3.49,+19.515, +7.154,+0.966
1664000640,+3.49,+19.548, +7.198,+0.966
1664000700,+3.49,+19.548, +7.249,+0.966
1664000760,+3.49,+19.515, +7.323,+0.966
1664000820,+3.49,+19.515, +7.370,+0.966
1664000880,+3.49,+19.523, +7.388,+0.966
1664000940,+3.49,+19.506, +7.395,+0.966
1664001000,+3.49,+19.506, +7.427,+0.966
1664001060,+3.49,+19.498, +7.369,+0.966
1664001120,+3.49,+19.490, +7.279,+0.966
1664001180,+3.49,+19.481, +7.284,+0.966
1664001240,+3.49,+19.473, +7.265,+0.966
1664001300,+3.49,+19.464, +7.288,+0.966
1664001360,+3.49,+19.473, +7.359,+0.966
1664001420,+3.49,+19.456, +7.462,+0.966
1664001480,+3.49,+19.473, +7.500,+0.966
1664001540,+3.49,+19.464, +7.524,+0.966
1664001600,+3.49,+19.490, +7.520,+0.966
1664001660,+3.49,+19.481, +7.472,+0.966
1664001720,+3.49,+19.490, +7.415,+0.966
1664001780,+3.49,+19.481, +7.384,+0.966
1664001840,+3.49,+19.473, +7.319,+0.966
1664001900,+3.49,+19.473, +7.291,+0.966
1664001960,+3.49,+19.481, +7.201,+0.966
1664002020,+3.49,+19.490, +7.096,+0.966
1664002080,+3.49,+19.506, +7.089,+0.966
1664002140,+3.49,+19.498, +7.212,+0.966
1664002200,+3.49,+19.481, +7.304,+0.966
1664002260,+3.49,+19.473, +7.374,+0.966
1664002320,+3.49,+19.464, +7.379,+0.966
1664002380,+3.49,+19.473, +7.328,+0.966
1664002440,+3.49,+19.464, +7.274,+0.966
1664002500,+3.49,+19.456, +7.180,+0.966
1664002560,+3.49,+19.448, +7.133,+0.966
1664002620,+3.49,+19.439, +7.104,+0.966
1664002680,+3.49,+19.406, +7.057,+0.966
1664002740,+3.49,+19.406, +7.152,+0.966
1664002800,+3.49,+19.397, +7.182,+0.966
1664002860,+3.49,+19.397, +7.204,+0.966
1664002920,+3.49,+19.414, +7.213,+0.966
1664002980,+3.49,+19.406, +7.228,+0.966
1664003040,+3.49,+19.406, +7.216,+0.966
1664003100,+3.49,+19.397, +7.204,+0.966
1664003160,+3.49,+19.406, +7.147,+0.966
1664003220,+3.49,+19.414, +7.136,+0.966
1664003280,+3.49,+19.414, +7.118,+0.966
1664003340,+3.49,+19.422, +7.101,+0.966
1664003400,+3.49,+19.406, +7.074,+0.966
1664003460,+3.49,+19.406, +7.122,+0.966
1664003520,+3.49,+19.397, +7.093,+0.966
1664003580,+3.49,+19.406, +6.996,+0.966
1664003640,+3.49,+19.380, +6.996,+0.966
1664003700,+3.49,+19.364, +7.045,+0.966
1664003760,+3.49,+19.364, +7.099,+0.966
1664003820,+3.49,+19.355, +7.108,+0.966
1664003880,+3.49,+19.355, +7.089,+0.966
1664003940,+3.49,+19.347, +7.070,+0.966
1664004000,+3.49,+19.330, +7.017,+0.966
1664004060,+3.49,+19.297, +7.035,+0.966
1664004120,+3.49,+19.313, +7.021,+0.966
1664004180,+3.49,+19.313, +7.006,+0.966
1664004240,+3.49,+19.313, +7.011,+0.966
1664004300,+3.49,+19.297, +7.053,+0.966
1664004360,+3.49,+19.288, +7.091,+0.966
1664004420,+3.49,+19.280, +7.052,+0.966
1664004480,+3.49,+19.288, +7.011,+0.966
1664004540,+3.49,+19.288, +6.983,+0.966
1664004600,+3.49,+19.288, +7.002,+0.966
1664004660,+3.49,+19.288, +7.000,+0.966
1664004720,+3.49,+19.280, +7.015,+0.966
1664004780,+3.49,+19.297, +7.016,+0.966
1664004840,+3.49,+19.305, +7.052,+0.966
1664004900,+3.49,+19.297, +7.066,+0.966
1664004960,+3.49,+19.297, +7.049,+0.966
1664005020,+3.49,+19.221, +7.033,+0.966
1664005080,+3.49,+19.137, +6.979,+0.966
1664005140,+3.49,+19.053, +6.980,+0.966
1664005200,+3.49,+19.036, +6.954,+0.965
1664005260,+3.49,+19.003, +6.827,+0.966
1664005320,+3.49,+18.977, +6.699,+0.966
1664005380,+3.49,+18.885, +6.612,+0.965
1664005440,+3.49,+18.843, +6.567,+0.966
1664005500,+3.49,+18.792, +6.579,+0.966
1664005560,+3.49,+18.717, +6.747,+0.965
1664005620,+3.49,+18.692, +6.810,+0.966
1664005680,+3.49,+18.675, +6.793,+0.965
1664005740,+3.49,+18.616, +6.774,+0.965
1664005800,+3.49,+18.624, +6.760,+0.966
1664005860,+3.49,+18.607, +6.759,+0.966
1664005920,+3.49,+18.582, +6.766,+0.966
1664005980,+3.49,+18.565, +6.702,+0.966
1664006040,+3.49,+18.565, +6.727,+0.966
1664006100,+3.49,+18.565, +6.726,+0.966
1664006160,+3.49,+18.565, +6.719,+0.965
1664006220,+3.49,+18.582, +6.745,+0.965
1664006280,+3.49,+18.557, +6.753,+0.966
1664006340,+3.49,+18.557, +6.838,+0.966
1664006400,+3.49,+18.548, +6.997,+0.966
1664006460,+3.49,+18.557, +7.015,+0.966
1664006520,+3.49,+18.591, +7.050,+0.966
1664006580,+3.49,+18.607, +7.073,+0.966
1664006640,+3.49,+18.607, +7.009,+0.966
1664006700,+3.49,+18.641, +6.955,+0.966
1664006760,+3.49,+18.649, +6.948,+0.966
1664006820,+3.49,+18.666, +6.898,+0.965
1664006880,+3.49,+18.700, +6.974,+0.966
1664006940,+3.49,+18.708, +6.990,+0.966
1664007000,+3.49,+18.717, +6.940,+0.966
1664007060,+3.49,+18.742, +6.926,+0.966
1664007120,+3.49,+18.776, +6.856,+0.966
1664007180,+3.49,+18.843, +6.863,+0.966
1664007240,+3.49,+18.868, +7.006,+0.966
1664007300,+3.49,+18.877, +7.055,+0.966
1664007360,+3.49,+18.910, +7.066,+0.966
1664007420,+3.49,+18.893, +7.034,+0.966
1664007480,+3.49,+18.868, +6.975,+0.965
1664007540,+3.49,+18.910, +6.865,+0.966
1664007600,+3.49,+18.910, +6.770,+0.965
1664007660,+3.49,+18.885, +6.780,+0.966
1664007720,+3.49,+18.893, +6.774,+0.966
1664007780,+3.49,+18.919, +6.744,+0.966
1664007840,+3.48,+18.910, +6.675,+0.965
1664007900,+3.48,+18.919, +6.550,+0.966
1664007960,+3.49,+18.935, +6.509,+0.965
1664008020,+3.49,+18.961, +6.556,+0.966
1664008080,+3.49,+18.961, +6.645,+0.966
1664008140,+3.49,+18.952, +6.728,+0.966
1664008200,+3.49,+18.969, +6.844,+0.966
1664008260,+3.49,+18.977, +6.985,+0.966
1664008320,+3.49,+18.994, +7.054,+0.966
1664008380,+3.49,+18.961, +7.137,+0.966
1664008440,+3.49,+18.961, +7.145,+0.966
1664008500,+3.49,+18.977, +7.098,+0.966
1664008560,+3.49,+18.969, +7.047,+0.966
1664008620,+3.49,+18.994, +6.999,+0.966
1664008680,+3.49,+19.011, +6.995,+0.966
1664008740,+3.49,+19.011, +6.993,+0.966
1664008800,+3.49,+19.045, +6.950,+0.966
1664008860,+3.49,+19.036, +6.942,+0.966
1664008920,+3.49,+19.070, +6.950,+0.966
1664008980,+3.49,+19.061, +6.995,+0.965
1664009040,+3.49,+19.045, +7.018,+0.966
1664009100,+3.49,+19.061, +7.047,+0.966
1664009160,+3.49,+19.078, +7.043,+0.966
1664009220,+3.49,+19.095, +6.986,+0.966
1664009280,+3.49,+19.103, +6.913,+0.965
1664009340,+3.49,+19.095, +6.858,+0.966
1664009400,+3.49,+19.087, +6.804,+0.966
1664009460,+3.49,+19.078, +6.772,+0.966
1664009520,+3.49,+19.087, +6.645,+0.965
1664009580,+3.49,+19.095, +6.584,+0.966
1664009640,+3.49,+19.112, +6.577,+0.965
1664009700,+3.49,+19.087, +6.555,+0.965
1664009760,+3.49,+19.087, +6.520,+0.965
1664009820,+3.49,+19.095, +6.493,+0.966
1664009880,+3.49,+19.078, +6.426,+0.965
1664009940,+3.49,+19.087, +6.407,+0.966
1664010000,+3.49,+19.087, +6.311,+0.966
1664010060,+3.49,+19.070, +6.259,+0.966
1664010120,+3.49,+19.087, +6.341,+0.966
1664010180,+3.49,+19.087, +6.420,+0.966
1664010240,+3.49,+19.103, +6.458,+0.966
1664010300,+3.49,+19.078, +6.562,+0.966
1664010360,+3.49,+19.070, +6.603,+0.966
1664010420,+3.49,+19.053, +6.717,+0.965
1664010480,+3.49,+19.053, +6.819,+0.965
1664010540,+3.49,+19.036, +6.971,+0.966
1664010600,+3.49,+19.011, +7.063,+0.966
1664010660,+3.49,+19.028, +7.074,+0.966
1664010720,+3.49,+19.053, +7.039,+0.966
1664010780,+3.49,+19.045, +7.059,+0.966
1664010840,+3.49,+19.045, +7.059,+0.965
1664010900,+3.49,+19.045, +7.018,+0.966
1664010960,+3.49,+19.028, +7.039,+0.966
1664011020,+3.49,+18.986, +7.066,+0.966
1664011080,+3.49,+19.011, +7.011,+0.966
1664011140,+3.49,+19.019, +6.991,+0.966
1664011200,+3.49,+19.011, +6.989,+0.966
1664011260,+3.49,+18.994, +6.979,+0.966
1664011320,+3.49,+19.028, +6.981,+0.966
1664011380,+3.49,+19.003, +6.937,+0.966
1664011440,+3.49,+18.994, +6.895,+0.966
1664011500,+3.49,+19.011, +6.888,+0.966
1664011560,+3.49,+18.994, +6.978,+0.966
1664011620,+3.49,+18.977, +7.033,+0.966
1664011680,+3.49,+18.994, +7.036,+0.966
1664011740,+3.49,+18.994, +7.022,+0.966
1664011800,+3.49,+18.994, +7.020,+0.966
1664011860,+3.49,+19.003, +7.006,+0.966
1664011920,+3.49,+19.011, +6.957,+0.965
1664011980,+3.49,+19.011, +6.879,+0.965
1664012040,+3.49,+18.994, +6.917,+0.966
1664012100,+3.49,+19.011, +6.958,+0.966
1664012160,+3.49,+19.011, +6.998,+0.966
1664012220,+3.49,+18.994, +7.058,+0.966
1664012280,+3.49,+18.994, +7.042,+0.966
1664012340,+3.49,+18.994, +7.037,+0.966
1664012400,+3.49,+19.019, +7.093,+0.966
1664012460,+3.49,+19.019, +7.127,+0.966
1664012520,+3.49,+19.028, +7.116,+0.966
1664012580,+3.49,+19.003, +7.111,+0.966
1664012640,+3.49,+19.003, +7.114,+0.966
1664012700,+3.49,+18.994, +7.127,+0.966
1664012760,+3.49,+19.003, +7.162,+0.966
1664012820,+3.49,+18.994, +7.166,+0.966
1664012880,+3.49,+18.994, +7.178,+0.966
1664012940,+3.49,+18.994, +7.189,+0.966
1664013000,+3.49,+19.003, +7.188,+0.966
1664013060,+3.49,+18.994, +7.216,+0.966
1664013120,+3.49,+18.986, +7.218,+0.966
1664013180,+3.49,+19.003, +7.209,+0.966
1664013240,+3.49,+18.986, +7.222,+0.965
1664013300,+3.49,+19.003, +7.228,+0.966
1664013360,+3.49,+18.994, +7.252,+0.966
1664013420,+3.49,+18.994, +7.272,+0.967
1664013480,+3.49,+18.986, +7.254,+0.966
1664013540,+3.49,+18.986, +7.225,+0.966
1664013600,+3.49,+18.986, +7.209,+0.966
1664013660,+3.49,+18.969, +7.232,+0.966
1664013720,+3.49,+18.961, +7.276,+0.966
1664013780,+3.49,+18.969, +7.285,+0.966
1664013840,+3.49,+18.952, +7.298,+0.966
1664013900,+3.49,+18.961, +7.298,+0.966
1664013960,+3.49,+18.977, +7.303,+0.966
1664014020,+3.49,+19.003, +7.311,+0.966
1664014080,+3.49,+19.011, +7.286,+0.966
1664014140,+3.49,+19.011, +7.300,+0.966
1664014200,+3.49,+19.011, +7.289,+0.966
1664014260,+3.49,+19.036, +7.310,+0.966
1664014320,+3.49,+19.045, +7.316,+0.965
1664014380,+3.49,+19.036, +7.367,+0.966
1664014440,+3.49,+19.045, +7.405,+0.966
1664014500,+3.49,+19.036, +7.406,+0.965
1664014560,+3.49,+19.045, +7.409,+0.966
1664014620,+3.49,+19.061, +7.395,+0.966
1664014680,+3.49,+19.053, +7.327,+0.966
1664014740,+3.49,+19.053, +7.261,+0.966
1664014800,+3.49,+19.045, +7.265,+0.966
1664014860,+3.49,+19.045, +7.261,+0.966
1664014920,+3.49,+19.036, +7.198,+0.966
1664014980,+3.49,+19.045, +7.014,+0.965
1664015040,+3.49,+19.028, +6.974,+0.966
1664015100,+3.49,+19.019, +6.877,+0.966
1664015160,+3.49,+19.019, +6.922,+0.965
1664015220,+3.49,+19.019, +6.976,+0.966
1664015280,+3.49,+19.003, +7.067,+0.965
1664015340,+3.49,+19.003, +7.151,+0.966
1664015400,+3.49,+19.011, +7.201,+0.966
1664015460,+3.49,+18.969, +7.258,+0.966
1664015520,+3.49,+18.986, +7.259,+0.966
1664015580,+3.49,+18.969, +7.276,+0.966
1664015640,+3.49,+18.977, +7.335,+0.966
1664015700,+3.49,+18.961, +7.319,+0.966
1664015760,+3.48,+18.935, +7.346,+0.966
1664015820,+3.48,+18.919, +7.351,+0.966
1664015880,+3.48,+18.927, +7.320,+0.966
1664015940,+3.48,+18.944, +7.354,+0.966
1664016000,+3.48,+18.944, +7.390,+0.966
1664016060,+3.49,+18.961, +7.449,+0.966
1664016120,+3.49,+18.969, +7.534,+0.966
1664016180,+3.49,+18.994, +7.579,+0.966
1664016240,+3.49,+19.011, +7.643,+0.966
1664016300,+3.49,+18.994, +7.700,+0.966
1664016360,+3.49,+19.036, +7.717,+0.966
1664016420,+3.49,+19.028, +7.727,+0.966
1664016480,+3.49,+19.036, +7.705,+0.966
1664016540,+3.49,+19.036, +7.708,+0.966
1664016600,+3.49,+19.045, +7.720,+0.966
1664016660,+3.49,+19.036, +7.697,+0.966
1664016720,+3.49,+19.061, +7.638,+0.966
1664016780,+3.49,+19.053, +7.606,+0.966
1664016840,+3.49,+19.061, +7.561,+0.966
1664016900,+3.49,+19.053, +7.543,+0.966
1664016960,+3.49,+19.053, +7.556,+0.966
1664017020,+3.49,+19.036, +7.546,+0.966
1664017080,+3.49,+19.045, +7.537,+0.966
1664017140,+3.49,+19.028, +7.523,+0.965
1664017200,+3.49,+19.011, +7.535,+0.966
1664017260,+3.49,+19.019, +7.505,+0.966
1664017320,+3.49,+19.019, +7.446,+0.965
1664017380,+3.49,+18.994, +7.457,+0.966
1664017440,+3.49,+18.986, +7.487,+0.966
1664017500,+3.49,+18.977, +7.491,+0.966
1664017560,+3.48,+18.969, +7.537,+0.966
1664017620,+3.49,+18.977, +7.485,+0.966
1664017680,+3.49,+18.986, +7.468,+0.966
1664017740,+3.49,+18.986, +7.519,+0.966
1664017800,+3.49,+19.003, +7.525,+0.966
1664017860,+3.49,+18.986, +7.532,+0.966
1664017920,+3.49,+19.003, +7.565,+0.966
1664017980,+3.49,+19.003, +7.557,+0.966
1664018040,+3.49,+19.011, +7.515,+0.966
1664018100,+3.49,+19.003, +7.522,+0.966
1664018160,+3.48,+18.969, +7.471,+0.966
1664018220,+3.49,+18.977, +7.438,+0.966
1664018280,+3.48,+18.977, +7.364,+0.966
1664018340,+3.49,+18.969, +7.197,+0.966
1664018400,+3.48,+18.977, +7.338,+0.966
1664018460,+3.48,+18.944, +7.445,+0.966
1664018520,+3.48,+18.961, +7.488,+0.966
1664018580,+3.48,+18.961, +7.559,+0.966
1664018640,+3.49,+18.961, +7.570,+0.966
1664018700,+3.49,+18.952, +7.547,+0.966
1664018760,+3.49,+18.961, +7.527,+0.966
1664018820,+3.49,+18.977, +7.542,+0.965
1664018880,+3.49,+18.994, +7.534,+0.966
1664018940,+3.49,+18.961, +7.513,+0.966
1664019000,+3.49,+18.986, +7.492,+0.966
1664019060,+3.49,+18.961, +7.438,+0.966
1664019120,+3.48,+18.969, +7.322,+0.966
1664019180,+3.49,+18.977, +7.286,+0.966
1664019240,+3.48,+18.961, +7.232,+0.966
1664019300,+3.49,+18.961, +7.163,+0.965
1664019360,+3.49,+18.977, +7.088,+0.966
1664019420,+3.49,+18.969, +7.093,+0.966
1664019480,+3.48,+18.986, +7.063,+0.966
1664019540,+3.49,+18.969, +6.889,+0.965
1664019600,+3.49,+18.969, +6.950,+0.966
1664019660,+3.49,+18.977, +6.949,+0.966
1664019720,+3.49,+18.961, +7.220,+0.966
1664019780,+3.48,+18.944, +7.429,+0.966
1664019840,+3.48,+18.935, +7.534,+0.966
1664019900,+3.48,+18.961, +7.582,+0.966
1664019960,+3.48,+18.994, +7.579,+0.965
1664020020,+3.49,+18.961, +7.608,+0.965
1664020080,+3.48,+18.961, +7.643,+0.966
1664020140,+3.49,+18.969, +7.673,+0.965
1664020200,+3.49,+18.961, +7.695,+0.966
1664020260,+3.49,+18.952, +7.510,+0.966
1664020320,+3.48,+18.986, +7.417,+0.966
1664020380,+3.49,+18.994, +7.392,+0.966
1664020440,+3.49,+18.969, +7.371,+0.966
1664020500,+3.49,+19.003, +7.403,+0.966
1664020560,+3.49,+18.986, +7.437,+0.966
1664020620,+3.49,+18.977, +7.267,+0.966
1664020680,+3.49,+18.977, +6.928,+0.966
1664020740,+3.49,+18.969, +7.058,+0.966
1664020800,+3.49,+18.986, +7.176,+0.966
1664020860,+3.49,+18.986, +7.331,+0.966
1664020920,+3.48,+18.969, +7.389,+0.966
1664020980,+3.49,+18.961, +7.414,+0.966
1664021040,+3.49,+18.969, +7.435,+0.966
1664021100,+3.49,+18.994, +7.268,+0.966
1664021160,+3.49,+18.986, +7.201,+0.965
1664021220,+3.49,+18.986, +7.218,+0.966
1664021280,+3.49,+18.961, +7.455,+0.966
1664021340,+3.49,+18.961, +7.508,+0.966
1664021400,+3.49,+18.969, +7.413,+0.966
1664021460,+3.49,+18.969, +7.446,+0.966
1664021520,+3.48,+18.952, +7.564,+0.966
1664021580,+3.48,+18.952, +7.621,+0.966
1664021640,+3.48,+18.977, +7.575,+0.966
1664021700,+3.48,+18.952, +7.432,+0.966
1664021760,+3.48,+18.961, +7.343,+0.966
1664021820,+3.49,+18.961, +7.341,+0.966
1664021880,+3.48,+18.961, +7.400,+0.965
1664021940,+3.48,+18.961, +7.361,+0.966
1664022000,+3.48,+18.935, +7.222,+0.966
1664022060,+3.48,+18.935, +7.287,+0.966
1664022120,+3.48,+18.927, +7.475,+0.966
1664022180,+3.48,+18.927, +7.578,+0.966
1664022240,+3.48,+18.927, +7.609,+0.965
1664022300,+3.48,+18.935, +7.601,+0.966
1664022360,+3.48,+18.944, +7.618,+0.965
1664022420,+3.48,+18.910, +7.621,+0.966
1664022480,+3.48,+18.927, +7.663,+0.966
1664022540,+3.48,+18.935, +7.645,+0.966
1664022600,+3.48,+18.927, +7.663,+0.966
1664022660,+3.48,+18.927, +7.658,+0.966
1664022720,+3.48,+18.902, +7.568,+0.966
1664022780,+3.48,+18.910, +7.536,+0.966
1664022840,+3.48,+18.935, +7.411,+0.966
1664022900,+3.48,+18.944, +7.393,+0.966
1664022960,+3.48,+18.944, +7.288,+0.966
1664023020,+3.48,+18.952, +7.197,+0.966
1664023080,+3.48,+18.935, +7.252,+0.966
1664023140,+3.48,+18.935, +7.272,+0.966
1664023200,+3.48,+18.944, +7.325,+0.966
1664023260,+3.48,+18.935, +7.315,+0.966
1664023320,+3.48,+18.944, +7.267,+0.965
1664023380,+3.48,+18.944, +7.262,+0.965
1664023440,+3.48,+18.952, +7.270,+0.966
1664023500,+3.48,+18.969, +7.202,+0.965
1664023560,+3.48,+18.961, +7.214,+0.966
1664023620,+3.48,+18.944, +7.273,+0.965
1664023680,+3.48,+18.935, +7.101,+0.966
1664023740,+3.48,+18.944, +6.968,+0.966
1664023800,+3.48,+18.944, +6.933,+0.965
1664023860,+3.48,+18.944, +6.927,+0.966
1664023920,+3.48,+18.944, +6.707,+0.965
1664023980,+3.48,+18.952, +6.850,+0.966
1664024040,+3.48,+18.952, +7.045,+0.966
1664024100,+3.48,+18.935, +7.313,+0.966
1664024160,+3.48,+18.944, +7.363,+0.966
1664024220,+3.48,+18.944, +7.308,+0.966
1664024280,+3.48,+18.952, +7.347,+0.966
1664024340,+3.48,+18.952, +7.404,+0.966
1664024400,+3.48,+18.944, +7.441,+0.965
1664024460,+3.48,+18.944, +7.488,+0.966
1664024520,+3.48,+18.944, +7.586,+0.966
1664024580,+3.48,+18.935, +7.608,+0.966
1664024640,+3.48,+18.935, +7.580,+0.966
1664024700,+3.48,+18.952, +7.615,+0.966
1664024760,+3.48,+18.961, +7.638,+0.966
1664024820,+3.48,+18.952, +7.615,+0.965
1664024880,+3.48,+18.961, +7.693,+0.966
1664024940,+3.48,+18.952, +7.531,+0.966
1664025000,+3.48,+18.961, +7.583,+0.966
1664025060,+3.48,+18.961, +7.534,+0.966
1664025120,+3.48,+18.961, +7.544,+0.966
1664025180,+3.48,+18.969, +7.549,+0.966
1664025240,+3.48,+18.944, +7.564,+0.966
1664025300,+3.48,+18.944, +7.569,+0.965
1664025360,+3.48,+18.935, +7.588,+0.966
1664025420,+3.48,+18.944, +7.497,+0.966
1664025480,+3.48,+18.919, +7.555,+0.966
1664025540,+3.48,+18.910, +7.507,+0.966
1664025600,+3.48,+18.919, +7.473,+0.966
1664025660,+3.48,+18.935, +7.457,+0.966
1664025720,+3.48,+18.935, +7.529,+0.966
1664025780,+3.48,+18.910, +7.658,+0.965
1664025840,+3.48,+18.919, +7.555,+0.966
1664025900,+3.48,+18.919, +7.579,+0.966
1664025960,+3.48,+18.919, +7.591,+0.966
1664026020,+3.48,+18.919, +7.680,+0.966
1664026080,+3.48,+18.919, +7.759,+0.965
1664026140,+3.48,+18.919, +7.843,+0.966
1664026200,+3.48,+18.919, +7.846,+0.966
1664026260,+3.48,+18.927, +7.853,+0.966
1664026320,+3.48,+18.919, +7.842,+0.966
1664026380,+3.48,+18.902, +7.908,+0.966
1664026440,+3.48,+18.902, +7.917,+0.966
1664026500,+3.48,+18.893, +7.881,+0.966
1664026560,+3.48,+18.919, +7.826,+0.966
1664026620,+3.48,+18.910, +7.756,+0.966
1664026680,+3.48,+18.893, +7.872,+0.966
1664026740,+3.48,+18.893, +7.878,+0.965
1664026800,+3.48,+18.818, +7.818,+0.965
1664026860,+3.48,+18.792, +7.743,+0.965
1664026920,+3.48,+18.759, +7.743,+0.965
1664026980,+3.48,+18.759, +7.708,+0.966
1664027040,+3.48,+18.734, +7.675,+0.965
1664027100,+3.48,+18.708, +7.649,+0.966
1664027160,+3.48,+18.725, +7.638,+0.966
1664027220,+3.48,+18.717, +7.630,+0.966
1664027280,+3.48,+18.708, +7.527,+0.965
1664027340,+3.48,+18.708, +7.490,+0.965
1664027400,+3.48,+18.700, +7.641,+0.966
1664027460,+3.48,+18.700, +7.704,+0.965
1664027520,+3.48,+18.692, +7.737,+0.965
1664027580,+3.48,+18.683, +7.786,+0.966
1664027640,+3.48,+18.666, +7.774,+0.965
1664027700,+3.48,+18.666, +7.765,+0.966
1664027760,+3.48,+18.675, +7.734,+0.966
1664027820,+3.48,+18.675, +7.712,+0.965
1664027880,+3.48,+18.675, +7.695,+0.966
1664027940,+3.48,+18.658, +7.608,+0.966
1664028000,+3.48,+18.683, +7.637,+0.966
1664028060,+3.48,+18.666, +7.687,+0.966
1664028120,+3.48,+18.683, +7.760,+0.966
1664028180,+3.48,+18.675, +7.778,+0.966
1664028240,+3.48,+18.666, +7.830,+0.966
1664028300,+3.48,+18.658, +7.843,+0.965
1664028360,+3.48,+18.649, +7.840,+0.965
1664028420,+3.48,+18.641, +7.852,+0.966
1664028480,+3.48,+18.616, +7.783,+0.966
1664028540,+3.48,+18.624, +7.800,+0.966
1664028600,+3.48,+18.574, +7.845,+0.966
1664028660,+3.48,+18.565, +7.833,+0.965
1664028720,+3.48,+18.591, +7.779,+0.965
1664028780,+3.48,+18.565, +7.731,+0.965
1664028840,+3.48,+18.574, +7.688,+0.966
1664028900,+3.48,+18.557, +7.561,+0.966
1664028960,+3.48,+18.557, +7.535,+0.966
1664029020,+3.48,+18.548, +7.571,+0.966
1664029080,+3.48,+18.532, +7.631,+0.966
1664029140,+3.48,+18.532, +7.685,+0.966
1664029200,+3.48,+18.532, +7.627,+0.966
1664029260,+3.48,+18.523, +7.570,+0.966
1664029320,+3.48,+18.523, +7.581,+0.966
1664029380,+3.48,+18.532, +7.539,+0.966
1664029440,+3.48,+18.506, +7.509,+0.966
1664029500,+3.48,+18.515, +7.546,+0.965
1664029560,+3.48,+18.523, +7.518,+0.966
1664029620,+3.48,+18.506, +7.619,+0.966
1664029680,+3.48,+18.481, +7.650,+0.966
1664029740,+3.48,+18.481, +7.693,+0.966
1664029800,+3.48,+18.464, +7.739,+0.966
1664029860,+3.48,+18.490, +7.738,+0.966
1664029920,+3.48,+18.464, +7.745,+0.965
1664029980,+3.48,+18.473, +7.766,+0.965
1664030040,+3.48,+18.473, +7.761,+0.966
1664030100,+3.49,+18.464, +7.763,+0.966
1664030160,+3.48,+18.473, +7.703,+0.966
1664030220,+3.49,+18.431, +7.555,+0.966
1664030280,+3.49,+18.405, +7.504,+0.965
1664030340,+3.49,+18.389, +7.484,+0.965
1664030400,+3.49,+18.380, +7.431,+0.966
1664030460,+3.49,+18.380, +7.374,+0.966
1664030520,+3.49,+18.372, +7.387,+0.966
1664030580,+3.49,+18.397, +7.330,+0.966
1664030640,+3.49,+18.372, +7.312,+0.966
1664030700,+3.49,+18.372, +7.283,+0.966
1664030760,+3.49,+18.397, +7.302,+0.966
1664030820,+3.49,+18.380, +7.088,+0.966
1664030880,+3.49,+18.372, +7.184,+0.966
1664030940,+3.49,+18.380, +7.253,+0.966
1664031000,+3.49,+18.380, +7.218,+0.965
1664031060,+3.49,+18.338, +7.192,+0.966
1664031120,+3.49,+18.346, +7.116,+0.966
1664031180,+3.49,+18.372, +7.130,+0.966
1664031240,+3.49,+18.355, +7.115,+0.966
1664031300,+3.49,+18.338, +7.092,+0.966
1664031360,+3.49,+18.338, +7.125,+0.966
1664031420,+3.49,+18.372, +7.220,+0.966
1664031480,+3.49,+18.346, +7.365,+0.966
1664031540,+3.49,+18.346, +7.352,+0.966
1664031600,+3.49,+18.313, +7.443,+0.965
1664031660,+3.49,+18.321, +7.359,+0.965
1664031720,+3.49,+18.304, +7.400,+0.966
1664031780,+3.49,+18.296, +7.451,+0.966
1664031840,+3.49,+18.287, +7.492,+0.966
1664031900,+3.49,+18.271, +7.438,+0.966
1664031960,+3.49,+18.245, +7.507,+0.965
1664032020,+3.49,+18.254, +7.541,+0.966
1664032080,+3.49,+18.245, +7.565,+0.966
1664032140,+3.49,+18.254, +7.543,+0.966
1664032200,+3.49,+18.262, +7.539,+0.966
1664032260,+3.49,+18.262, +7.546,+0.966
1664032320,+3.49,+18.279, +7.533,+0.965
1664032380,+3.49,+18.262, +7.576,+0.966
1664032440,+3.49,+18.271, +7.628,+0.966
1664032500,+3.49,+18.262, +7.653,+0.966
1664032560,+3.49,+18.254, +7.659,+0.966
1664032620,+3.49,+18.262, +7.616,+0.966
1664032680,+3.49,+18.279, +7.614,+0.966
1664032740,+3.49,+18.279, +7.586,+0.966
1664032800,+3.49,+18.287, +7.586,+0.966
1664032860,+3.49,+18.313, +7.535,+0.965
1664032920,+3.49,+18.287, +7.524,+0.966
1664032980,+3.49,+18.304, +7.535,+0.966
1664033040,+3.49,+18.313, +7.555,+0.966
1664033100,+3.49,+18.313, +7.530,+0.966
1664033160,+3.49,+18.296, +7.489,+0.965
1664033220,+3.49,+18.321, +7.542,+0.966
1664033280,+3.49,+18.313, +7.706,+0.966
1664033340,+3.49,+18.296, +7.744,+0.966
1664033400,+3.49,+18.321, +7.747,+0.966
1664033460,+3.49,+18.313, +7.803,+0.966
1664033520,+3.49,+18.321, +7.851,+0.966
1664033580,+3.49,+18.321, +7.931,+0.965
1664033640,+3.49,+18.304, +8.000,+0.966
1664033700,+3.49,+18.330, +8.000,+0.965
1664033760,+3.49,+18.330, +8.024,+0.966
1664033820,+3.49,+18.338, +8.034,+0.966
1664033880,+3.49,+18.355, +8.042,+0.966
1664033940,+3.49,+18.355, +8.036,+0.965
1664034000,+3.49,+18.380, +8.037,+0.965
1664034060,+3.48,+18.389, +8.047,+0.966
1664034120,+3.48,+18.389, +8.038,+0.966
1664034180,+3.49,+18.422, +8.023,+0.965
1664034240,+3.48,+18.405, +8.045,+0.966
1664034300,+3.48,+18.439, +8.034,+0.966
1664034360,+3.48,+18.439, +7.977,+0.966
1664034420,+3.48,+18.447, +8.000,+0.965
1664034480,+3.48,+18.464, +8.060,+0.965
1664034540,+3.48,+18.464, +8.007,+0.966
1664034600,+3.48,+18.473, +8.050,+0.965
1664034660,+3.48,+18.490, +8.105,+0.966
1664034720,+3.48,+18.506, +8.135,+0.966
1664034780,+3.48,+18.506, +8.120,+0.966
1664034840,+3.48,+18.515, +8.089,+0.966
1664034900,+3.48,+18.498, +8.114,+0.965
1664034960,+3.48,+18.498, +8.152,+0.966
1664035020,+3.48,+18.515, +8.124,+0.965
1664035080,+3.48,+18.498, +8.241,+0.966
1664035140,+3.48,+18.490, +8.291,+0.966
1664035200,+3.48,+18.515, +8.321,+0.966
1664035260,+3.48,+18.506, +8.408,+0.966
1664035320,+3.48,+18.506, +8.382,+0.966
1664035380,+3.48,+18.515, +8.360,+0.966
1664035440,+3.48,+18.523, +8.308,+0.965
1664035500,+3.48,+18.523, +8.319,+0.966
1664035560,+3.48,+18.532, +8.342,+0.966
1664035620,+3.48,+18.540, +8.357,+0.966
1664035680,+3.48,+18.548, +8.359,+0.966
1664035740,+3.48,+18.565, +8.374,+0.965
1664035800,+3.48,+18.548, +8.377,+0.966
1664035860,+3.48,+18.565, +8.386,+0.965
1664035920,+3.48,+18.582, +8.406,+0.966
1664035980,+3.48,+18.574, +8.405,+0.966
1664036040,+3.48,+18.607, +8.397,+0.966
1664036100,+3.48,+18.607, +8.380,+0.965
1664036160,+3.48,+18.633, +8.375,+0.966
1664036220,+3.48,+18.658, +8.201,+0.966
1664036280,+3.48,+18.641, +8.138,+0.965
1664036340,+3.48,+18.649, +8.181,+0.965
1664036400,+3.48,+18.649, +8.175,+0.965
1664036460,+3.48,+18.675, +8.185,+0.965
1664036520,+3.48,+18.683, +8.393,+0.966
1664036580,+3.48,+18.675, +8.501,+0.965
1664036640,+3.48,+18.692, +8.569,+0.966
1664036700,+3.48,+18.692, +8.512,+0.966
1664036760,+3.48,+18.717, +8.481,+0.965
1664036820,+3.48,+18.700, +8.425,+0.966
1664036880,+3.48,+18.708, +8.425,+0.966
1664036940,+3.48,+18.717, +8.468,+0.965
1664037000,+3.48,+18.725, +8.489,+0.966
1664037060,+3.48,+18.725, +8.463,+0.966
1664037120,+3.48,+18.725, +8.510,+0.966
1664037180,+3.48,+18.717, +8.528,+0.966
1664037240,+3.48,+18.717, +8.614,+0.966
1664037300,+3.48,+18.742, +8.654,+0.965
1664037360,+3.48,+18.742, +8.691,+0.966
1664037420,+3.48,+18.725, +8.706,+0.966
1664037480,+3.48,+18.725, +8.683,+0.966
1664037540,+3.48,+18.717, +8.655,+0.965
1664037600,+3.48,+18.734, +8.650,+0.965
1664037660,+3.48,+18.725, +8.615,+0.966
1664037720,+3.48,+18.734, +8.646,+0.965
1664037780,+3.48,+18.717, +8.625,+0.966
1664037840,+3.48,+18.734, +8.596,+0.966
1664037900,+3.48,+18.734, +8.618,+0.966
1664037960,+3.48,+18.717, +8.676,+0.966
1664038020,+3.48,+18.708, +8.697,+0.965
1664038080,+3.48,+18.725, +8.712,+0.966
