7450-383325
OS REV: 1.05 Sensor Cal: 1644949570
Time (sec),  BV (Volts),  T (deg C),  DO (mg/l),  Q ()
1668098940,+3.46,+14.286, +0.045,+0.935
1668099000,+3.46,+14.295, +0.044,+0.935
1668099060,+3.46,+14.312, +0.044,+0.935
1668099120,+3.46,+14.304, +0.045,+0.935
1668099180,+3.46,+14.312, +0.044,+0.935
1668099240,+3.46,+14.312, +0.044,+0.935
1668099300,+3.46,+14.295, +0.044,+0.935
1668099360,+3.46,+14.286, +0.044,+0.935
1668099420,+3.46,+14.312, +0.044,+0.935
1668099480,+3.46,+14.304, +0.044,+0.935
1668099540,+3.46,+14.286, +0.044,+0.935
1668099600,+3.46,+14.304, +0.044,+0.935
1668099660,+3.46,+14.286, +0.044,+0.935
1668099720,+3.46,+14.304, +0.044,+0.935
1668099780,+3.46,+14.295, +0.044,+0.935
1668099840,+3.46,+14.295, +0.044,+0.935
1668099900,+3.46,+14.286, +0.045,+0.935
1668099960,+3.46,+14.304, +0.044,+0.935
1668100020,+3.46,+14.295, +0.044,+0.935
1668100080,+3.46,+14.295, +0.044,+0.935
1668100140,+3.46,+14.295, +0.044,+0.935
1668100200,+3.46,+14.304, +0.044,+0.935
1668100260,+3.46,+14.295, +0.044,+0.935
1668100320,+3.46,+14.312, +0.044,+0.935
1668100380,+3.46,+14.295, +0.044,+0.935
1668100440,+3.46,+14.295, +0.044,+0.935
1668100500,+3.46,+14.286, +0.044,+0.935
1668100560,+3.46,+14.304, +0.044,+0.935
1668100620,+3.46,+14.312, +0.044,+0.935
1668100680,+3.46,+14.295, +0.045,+0.935
1668100740,+3.46,+14.338, +0.044,+0.935
1668100800,+3.46,+14.330, +0.044,+0.935
1668100860,+3.46,+14.312, +0.044,+0.935
1668100920,+3.46,+14.321, +0.045,+0.935
1668100980,+3.46,+14.312, +0.044,+0.935
1668101040,+3.46,+14.321, +0.044,+0.935
1668101100,+3.46,+14.338, +0.044,+0.935
1668101160,+3.46,+14.321, +0.044,+0.935
1668101220,+3.46,+14.338, +0.044,+0.935
1668101280,+3.46,+14.330, +0.044,+0.935
1668101340,+3.46,+14.321, +0.044,+0.935
1668101400,+3.46,+14.330, +0.044,+0.935
1668101460,+3.46,+14.338, +0.044,+0.935
1668101520,+3.46,+14.321, +0.044,+0.935
1668101580,+3.46,+14.321, +0.045,+0.935
1668101640,+3.46,+14.321, +0.045,+0.935
1668101700,+3.46,+14.330, +0.044,+0.935
1668101760,+3.46,+14.321, +0.044,+0.935
1668101820,+3.46,+14.330, +0.044,+0.935
1668101880,+3.46,+14.338, +0.044,+0.935
1668101940,+3.46,+14.321, +0.044,+0.935
1668102000,+3.46,+14.321, +0.044,+0.935
1668102060,+3.46,+14.304, +0.044,+0.935
1668102120,+3.46,+14.312, +0.044,+0.935
1668102180,+3.46,+14.330, +0.044,+0.935
1668102240,+3.46,+14.304, +0.044,+0.935
1668102300,+3.46,+14.312, +0.044,+0.935
1668102360,+3.46,+14.312, +0.044,+0.935
1668102420,+3.46,+14.330, +0.043,+0.935
1668102480,+3.46,+14.295, +0.044,+0.935
1668102540,+3.46,+14.304, +0.044,+0.935
1668102600,+3.46,+14.295, +0.045,+0.935
1668102660,+3.46,+14.295, +0.045,+0.935
1668102720,+3.46,+14.286, +0.044,+0.935
1668102780,+3.46,+14.304, +0.045,+0.935
1668102840,+3.46,+14.312, +0.044,+0.935
1668102900,+3.46,+14.321, +0.044,+0.935
1668102960,+3.46,+14.295, +0.044,+0.935
1668103020,+3.46,+14.321, +0.044,+0.935
1668103080,+3.46,+14.312, +0.044,+0.935
1668103140,+3.46,+14.321, +0.044,+0.935
1668103200,+3.46,+14.321, +0.044,+0.935
1668103260,+3.46,+14.330, +0.044,+0.935
1668103320,+3.46,+14.312, +0.044,+0.935
1668103380,+3.46,+14.330, +0.044,+0.935
1668103440,+3.46,+14.330, +0.044,+0.935
1668103500,+3.46,+14.330, +0.044,+0.935
1668103560,+3.46,+14.338, +0.044,+0.935
1668103620,+3.46,+14.347, +0.045,+0.935
1668103680,+3.46,+14.330, +0.044,+0.935
1668103740,+3.46,+14.330, +0.044,+0.935
1668103800,+3.46,+14.338, +0.044,+0.935
1668103860,+3.46,+14.338, +0.044,+0.935
1668103920,+3.46,+14.330, +0.044,+0.935
1668103980,+3.46,+14.304, +0.045,+0.935
1668104040,+3.46,+14.338, +0.045,+0.935
1668104100,+3.46,+14.347, +0.044,+0.935
1668104160,+3.46,+14.304, +0.043,+0.935
1668104220,+3.46,+14.312, +0.044,+0.935
1668104280,+3.46,+14.304, +0.044,+0.935
1668104340,+3.46,+14.295, +0.044,+0.935
1668104400,+3.46,+14.286, +0.044,+0.935
1668104460,+3.46,+14.286, +0.044,+0.935
1668104520,+3.46,+14.321, +0.044,+0.935
1668104580,+3.46,+14.304, +0.044,+0.935
1668104640,+3.46,+14.330, +0.044,+0.935
1668104700,+3.46,+14.321, +0.044,+0.935
1668104760,+3.46,+14.304, +0.044,+0.935
1668104820,+3.46,+14.312, +0.045,+0.935
1668104880,+3.46,+14.312, +0.044,+0.935
1668104940,+3.46,+14.312, +0.044,+0.935
1668105000,+3.46,+14.312, +0.045,+0.935
1668105060,+3.46,+14.312, +0.044,+0.935
1668105120,+3.46,+14.321, +0.044,+0.935
1668105180,+3.46,+14.330, +0.044,+0.935
1668105240,+3.46,+14.330, +0.044,+0.935
1668105300,+3.46,+14.321, +0.044,+0.935
1668105360,+3.46,+14.321, +0.044,+0.935
1668105420,+3.46,+14.321, +0.044,+0.935
1668105480,+3.46,+14.330, +0.044,+0.935
1668105540,+3.46,+14.321, +0.044,+0.935
1668105600,+3.46,+14.312, +0.044,+0.935
1668105660,+3.46,+14.312, +0.044,+0.935
1668105720,+3.46,+14.304, +0.043,+0.935
1668105780,+3.46,+14.286, +0.044,+0.935
1668105840,+3.46,+14.269, +0.044,+0.935
1668105900,+3.46,+14.286, +0.043,+0.935
1668105960,+3.46,+14.269, +0.044,+0.935
1668106020,+3.46,+14.252, +0.044,+0.935
1668106080,+3.46,+14.278, +0.044,+0.935
1668106140,+3.46,+14.269, +0.044,+0.935
1668106200,+3.46,+14.243, +0.045,+0.935
1668106260,+3.46,+14.260, +0.044,+0.935
1668106320,+3.46,+14.260, +0.044,+0.935
1668106380,+3.46,+14.260, +0.044,+0.935
1668106440,+3.46,+14.252, +0.044,+0.935
1668106500,+3.46,+14.217, +0.044,+0.935
1668106560,+3.46,+14.226, +0.044,+0.935
1668106620,+3.46,+14.217, +0.044,+0.935
1668106680,+3.46,+14.217, +0.044,+0.935
1668106740,+3.46,+14.208, +0.044,+0.935
1668106800,+3.46,+14.200, +0.044,+0.935
1668106860,+3.46,+14.208, +0.044,+0.935
1668106920,+3.46,+14.217, +0.044,+0.935
1668106980,+3.46,+14.243, +0.044,+0.935
1668107040,+3.46,+14.226, +0.044,+0.935
1668107100,+3.46,+14.226, +0.044,+0.935
1668107160,+3.46,+14.234, +0.044,+0.935
1668107220,+3.46,+14.243, +0.044,+0.935
1668107280,+3.46,+14.234, +0.044,+0.935
1668107340,+3.46,+14.234, +0.044,+0.935
1668107400,+3.46,+14.252, +0.044,+0.935
1668107460,+3.46,+14.226, +0.044,+0.935
1668107520,+3.46,+14.226, +0.044,+0.935
1668107580,+3.46,+14.234, +0.044,+0.935
1668107640,+3.46,+14.217, +0.044,+0.935
1668107700,+3.46,+14.208, +0.045,+0.935
1668107760,+3.46,+14.226, +0.044,+0.935
1668107820,+3.46,+14.226, +0.044,+0.935
1668107880,+3.46,+14.234, +0.044,+0.935
1668107940,+3.46,+14.208, +0.044,+0.935
1668108000,+3.46,+14.208, +0.044,+0.935
1668108060,+3.46,+14.217, +0.045,+0.935
1668108120,+3.46,+14.226, +0.044,+0.935
1668108180,+3.46,+14.226, +0.044,+0.935
1668108240,+3.46,+14.226, +0.044,+0.935
1668108300,+3.46,+14.217, +0.044,+0.935
1668108360,+3.46,+14.217, +0.045,+0.935
1668108420,+3.46,+14.226, +0.045,+0.935
1668108480,+3.46,+14.234, +0.044,+0.935
1668108540,+3.46,+14.234, +0.044,+0.935
1668108600,+3.46,+14.217, +0.044,+0.935
1668108660,+3.46,+14.234, +0.044,+0.935
1668108720,+3.46,+14.226, +0.044,+0.935
1668108780,+3.46,+14.226, +0.045,+0.935
1668108840,+3.46,+14.217, +0.044,+0.935
1668108900,+3.46,+14.217, +0.044,+0.935
1668108960,+3.46,+14.243, +0.044,+0.935
1668109020,+3.46,+14.243, +0.044,+0.935
1668109080,+3.46,+14.252, +0.044,+0.935
1668109140,+3.46,+14.243, +0.044,+0.935
1668109200,+3.46,+14.243, +0.044,+0.935
1668109260,+3.46,+14.234, +0.044,+0.935
1668109320,+3.46,+14.243, +0.044,+0.935
1668109380,+3.46,+14.234, +0.044,+0.935
1668109440,+3.46,+14.217, +0.044,+0.935
1668109500,+3.46,+14.234, +0.044,+0.935
1668109560,+3.46,+14.243, +0.044,+0.935
1668109620,+3.46,+14.226, +0.044,+0.935
1668109680,+3.46,+14.226, +0.044,+0.935
1668109740,+3.46,+14.226, +0.044,+0.935
1668109800,+3.46,+14.243, +0.044,+0.935
1668109860,+3.46,+14.226, +0.044,+0.935
1668109920,+3.46,+14.234, +0.044,+0.935
1668109980,+3.46,+14.217, +0.043,+0.935
1668110040,+3.46,+14.226, +0.044,+0.935
1668110100,+3.46,+14.226, +0.044,+0.935
1668110160,+3.46,+14.226, +0.044,+0.935
1668110220,+3.46,+14.217, +0.044,+0.935
1668110280,+3.46,+14.234, +0.044,+0.935
1668110340,+3.46,+14.234, +0.044,+0.935
1668110400,+3.46,+14.234, +0.044,+0.935
1668110460,+3.46,+14.243, +0.044,+0.935
1668110520,+3.46,+14.234, +0.044,+0.935
1668110580,+3.46,+14.226, +0.045,+0.935
1668110640,+3.46,+14.243, +0.044,+0.935
1668110700,+3.46,+14.243, +0.044,+0.935
1668110760,+3.46,+14.217, +0.044,+0.935
1668110820,+3.46,+14.217, +0.044,+0.935
1668110880,+3.46,+14.243, +0.044,+0.935
1668110940,+3.46,+14.234, +0.045,+0.935
1668111000,+3.46,+14.226, +0.045,+0.935
1668111060,+3.46,+14.217, +0.044,+0.935
1668111120,+3.46,+14.191, +0.044,+0.935
1668111180,+3.46,+14.200, +0.044,+0.935
1668111240,+3.46,+14.208, +0.045,+0.935
1668111300,+3.46,+14.200, +0.044,+0.935
1668111360,+3.46,+14.217, +0.044,+0.935
1668111420,+3.46,+14.208, +0.044,+0.935
1668111480,+3.46,+14.208, +0.044,+0.935
1668111540,+3.46,+14.208, +0.045,+0.935
1668111600,+3.46,+14.200, +0.044,+0.935
1668111660,+3.46,+14.217, +0.044,+0.935
1668111720,+3.46,+14.200, +0.044,+0.935
1668111780,+3.46,+14.200, +0.044,+0.935
1668111840,+3.46,+14.174, +0.044,+0.935
1668111900,+3.47,+14.182, +0.044,+0.935
1668111960,+3.47,+14.182, +0.044,+0.935
1668112020,+3.46,+14.182, +0.044,+0.935
1668112080,+3.46,+14.182, +0.044,+0.935
1668112140,+3.46,+14.174, +0.044,+0.935
1668112200,+3.46,+14.165, +0.044,+0.935
1668112260,+3.46,+14.182, +0.044,+0.935
1668112320,+3.46,+14.191, +0.044,+0.935
1668112380,+3.46,+14.182, +0.044,+0.935
1668112440,+3.46,+14.182, +0.044,+0.935
1668112500,+3.46,+14.182, +0.045,+0.935
1668112560,+3.46,+14.191, +0.044,+0.935
1668112620,+3.46,+14.191, +0.044,+0.935
1668112680,+3.46,+14.200, +0.044,+0.935
1668112740,+3.46,+14.191, +0.044,+0.935
1668112800,+3.46,+14.191, +0.045,+0.935
1668112860,+3.46,+14.200, +0.044,+0.935
1668112920,+3.46,+14.182, +0.044,+0.935
1668112980,+3.46,+14.182, +0.044,+0.935
1668113040,+3.46,+14.200, +0.044,+0.935
1668113100,+3.46,+14.191, +0.045,+0.935
1668113160,+3.46,+14.182, +0.044,+0.935
1668113220,+3.46,+14.174, +0.044,+0.935
1668113280,+3.46,+14.182, +0.044,+0.935
1668113340,+3.46,+14.200, +0.044,+0.935
1668113400,+3.47,+14.174, +0.044,+0.935
1668113460,+3.46,+14.174, +0.044,+0.935
1668113520,+3.46,+14.191, +0.044,+0.935
1668113580,+3.46,+14.200, +0.044,+0.935
1668113640,+3.46,+14.174, +0.045,+0.935
1668113700,+3.46,+14.191, +0.044,+0.935
1668113760,+3.46,+14.174, +0.044,+0.935
1668113820,+3.46,+14.182, +0.044,+0.935
1668113880,+3.46,+14.174, +0.045,+0.935
1668113940,+3.46,+14.191, +0.044,+0.935
1668114000,+3.46,+14.165, +0.044,+0.935
1668114060,+3.46,+14.165, +0.044,+0.935
1668114120,+3.46,+14.174, +0.044,+0.935
1668114180,+3.46,+14.165, +0.044,+0.935
1668114240,+3.47,+14.156, +0.045,+0.935
1668114300,+3.46,+14.182, +0.044,+0.935
1668114360,+3.46,+14.148, +0.044,+0.935
1668114420,+3.46,+14.156, +0.044,+0.935
1668114480,+3.47,+14.156, +0.044,+0.935
1668114540,+3.47,+14.130, +0.044,+0.935
1668114600,+3.46,+14.130, +0.045,+0.935
1668114660,+3.46,+14.156, +0.045,+0.935
1668114720,+3.47,+14.139, +0.044,+0.935
1668114780,+3.47,+14.139, +0.044,+0.935
1668114840,+3.47,+14.139, +0.044,+0.935
1668114900,+3.47,+14.122, +0.044,+0.935
1668114960,+3.47,+14.122, +0.044,+0.935
1668115020,+3.47,+14.096, +0.044,+0.935
1668115080,+3.47,+14.087, +0.044,+0.935
1668115140,+3.47,+14.087, +0.045,+0.935
1668115200,+3.47,+14.087, +0.044,+0.935
1668115260,+3.47,+14.113, +0.044,+0.935
1668115320,+3.47,+14.087, +0.044,+0.935
1668115380,+3.47,+14.069, +0.044,+0.935
1668115440,+3.47,+14.078, +0.044,+0.935
1668115500,+3.47,+14.069, +0.044,+0.935
1668115560,+3.47,+14.078, +0.044,+0.935
1668115620,+3.47,+14.087, +0.045,+0.935
1668115680,+3.47,+14.096, +0.044,+0.935
1668115740,+3.47,+14.078, +0.044,+0.935
1668115800,+3.47,+14.104, +0.045,+0.935
1668115860,+3.47,+14.113, +0.044,+0.935
1668115920,+3.47,+14.096, +0.044,+0.935
1668115980,+3.47,+14.104, +0.045,+0.935
1668116040,+3.47,+14.104, +0.044,+0.935
1668116100,+3.47,+14.113, +0.045,+0.935
1668116160,+3.47,+14.104, +0.044,+0.935
1668116220,+3.47,+14.122, +0.044,+0.935
1668116280,+3.47,+14.096, +0.044,+0.935
1668116340,+3.47,+14.113, +0.045,+0.935
1668116400,+3.47,+14.122, +0.045,+0.935
1668116460,+3.47,+14.113, +0.044,+0.935
1668116520,+3.47,+14.122, +0.044,+0.935
1668116580,+3.47,+14.130, +0.045,+0.935
1668116640,+3.46,+14.130, +0.045,+0.935
1668116700,+3.47,+14.130, +0.045,+0.935
1668116760,+3.47,+14.139, +0.044,+0.935
1668116820,+3.47,+14.122, +0.044,+0.935
1668116880,+3.46,+14.139, +0.044,+0.935
1668116940,+3.47,+14.122, +0.045,+0.935
1668117000,+3.47,+14.148, +0.045,+0.935
1668117060,+3.46,+14.148, +0.045,+0.935
1668117120,+3.47,+14.139, +0.044,+0.935
1668117180,+3.46,+14.139, +0.044,+0.935
1668117240,+3.46,+14.130, +0.045,+0.935
1668117300,+3.47,+14.148, +0.044,+0.935
1668117360,+3.47,+14.130, +0.045,+0.935
1668117420,+3.47,+14.130, +0.044,+0.935
1668117480,+3.47,+14.148, +0.044,+0.935
1668117540,+3.46,+14.139, +0.045,+0.935
1668117600,+3.47,+14.113, +0.045,+0.935
1668117660,+3.46,+14.156, +0.044,+0.935
1668117720,+3.47,+14.139, +0.045,+0.935
1668117780,+3.47,+14.156, +0.044,+0.935
1668117840,+3.47,+14.148, +0.045,+0.935
1668117900,+3.47,+14.148, +0.044,+0.935
1668117960,+3.47,+14.130, +0.045,+0.935
1668118020,+3.47,+14.156, +0.045,+0.935
1668118080,+3.47,+14.156, +0.044,+0.935
1668118140,+3.47,+14.156, +0.044,+0.935
1668118200,+3.47,+14.156, +0.045,+0.935
1668118260,+3.47,+14.156, +0.044,+0.935
1668118320,+3.47,+14.156, +0.045,+0.935
1668118380,+3.47,+14.148, +0.044,+0.935
1668118440,+3.47,+14.174, +0.045,+0.935
1668118500,+3.46,+14.165, +0.044,+0.935
1668118560,+3.47,+14.165, +0.045,+0.935
1668118620,+3.47,+14.130, +0.044,+0.935
1668118680,+3.47,+14.148, +0.044,+0.935
1668118740,+3.47,+14.148, +0.045,+0.935
1668118800,+3.47,+14.165, +0.044,+0.935
1668118860,+3.47,+14.148, +0.045,+0.935
1668118920,+3.46,+14.165, +0.044,+0.935
1668118980,+3.47,+14.139, +0.044,+0.935
1668119040,+3.46,+14.148, +0.044,+0.935
1668119100,+3.47,+14.139, +0.045,+0.935
1668119160,+3.47,+14.148, +0.045,+0.935
1668119220,+3.47,+14.156, +0.044,+0.935
1668119280,+3.46,+14.139, +0.045,+0.935
1668119340,+3.46,+14.156, +0.044,+0.935
1668119400,+3.47,+14.165, +0.045,+0.935
1668119460,+3.47,+14.156, +0.045,+0.935
1668119520,+3.47,+14.139, +0.044,+0.935
1668119580,+3.46,+14.174, +0.044,+0.935
1668119640,+3.47,+14.174, +0.045,+0.935
1668119700,+3.47,+14.165, +0.044,+0.935
1668119760,+3.47,+14.156, +0.045,+0.935
1668119820,+3.47,+14.165, +0.044,+0.935
1668119880,+3.46,+14.148, +0.044,+0.935
1668119940,+3.47,+14.174, +0.045,+0.935
1668120000,+3.46,+14.182, +0.044,+0.935
1668120060,+3.46,+14.174, +0.044,+0.935
1668120120,+3.47,+14.182, +0.044,+0.935
1668120180,+3.46,+14.165, +0.044,+0.935
1668120240,+3.46,+14.182, +0.044,+0.935
1668120300,+3.46,+14.191, +0.044,+0.935
1668120360,+3.46,+14.174, +0.045,+0.935
1668120420,+3.46,+14.191, +0.044,+0.935
1668120480,+3.47,+14.182, +0.044,+0.935
1668120540,+3.46,+14.182, +0.044,+0.935
1668120600,+3.47,+14.174, +0.044,+0.935
1668120660,+3.47,+14.165, +0.044,+0.935
1668120720,+3.46,+14.182, +0.044,+0.935
1668120780,+3.47,+14.174, +0.045,+0.935
1668120840,+3.46,+14.182, +0.044,+0.935
1668120900,+3.46,+14.165, +0.044,+0.935
1668120960,+3.46,+14.174, +0.045,+0.935
1668121020,+3.46,+14.191, +0.044,+0.935
1668121080,+3.46,+14.182, +0.044,+0.935
1668121140,+3.46,+14.174, +0.044,+0.935
1668121200,+3.47,+14.191, +0.045,+0.935
1668121260,+3.46,+14.191, +0.044,+0.935
1668121320,+3.46,+14.200, +0.044,+0.935
1668121380,+3.46,+14.200, +0.044,+0.935
1668121440,+3.46,+14.191, +0.044,+0.935
1668121500,+3.46,+14.200, +0.045,+0.935
1668121560,+3.46,+14.182, +0.044,+0.935
1668121620,+3.46,+14.182, +0.044,+0.935
1668121680,+3.46,+14.182, +0.045,+0.935
1668121740,+3.46,+14.182, +0.045,+0.935
1668121800,+3.46,+14.208, +0.044,+0.935
1668121860,+3.46,+14.208, +0.044,+0.935
1668121920,+3.46,+14.174, +0.044,+0.935
1668121980,+3.46,+14.191, +0.045,+0.935
1668122040,+3.46,+14.200, +0.044,+0.935
1668122100,+3.46,+14.182, +0.044,+0.935
1668122160,+3.46,+14.191, +0.044,+0.935
1668122220,+3.46,+14.200, +0.045,+0.935
1668122280,+3.46,+14.200, +0.044,+0.935
1668122340,+3.46,+14.191, +0.044,+0.935
1668122400,+3.47,+14.191, +0.044,+0.935
1668122460,+3.46,+14.200, +0.044,+0.935
1668122520,+3.46,+14.208, +0.044,+0.935
1668122580,+3.46,+14.217, +0.044,+0.935
1668122640,+3.46,+14.200, +0.045,+0.935
1668122700,+3.46,+14.226, +0.044,+0.935
1668122760,+3.46,+14.217, +0.044,+0.935
1668122820,+3.46,+14.208, +0.043,+0.935
1668122880,+3.46,+14.217, +0.044,+0.935
1668122940,+3.46,+14.200, +0.044,+0.935
1668123000,+3.46,+14.200, +0.044,+0.935
1668123060,+3.46,+14.200, +0.045,+0.935
1668123120,+3.46,+14.226, +0.044,+0.935
1668123180,+3.46,+14.217, +0.044,+0.935
1668123240,+3.46,+14.208, +0.045,+0.935
1668123300,+3.46,+14.208, +0.044,+0.935
1668123360,+3.46,+14.217, +0.045,+0.935
1668123420,+3.46,+14.217, +0.045,+0.935
1668123480,+3.46,+14.217, +0.044,+0.935
1668123540,+3.46,+14.217, +0.044,+0.935
1668123600,+3.46,+14.226, +0.044,+0.935
1668123660,+3.46,+14.234, +0.044,+0.935
1668123720,+3.46,+14.226, +0.044,+0.935
1668123780,+3.46,+14.226, +0.044,+0.935
1668123840,+3.46,+14.243, +0.045,+0.935
1668123900,+3.46,+14.226, +0.044,+0.935
1668123960,+3.46,+14.234, +0.045,+0.935
1668124020,+3.46,+14.226, +0.045,+0.935
1668124080,+3.46,+14.226, +0.044,+0.935
1668124140,+3.46,+14.234, +0.044,+0.935
1668124200,+3.46,+14.252, +0.045,+0.935
1668124260,+3.46,+14.234, +0.044,+0.935
1668124320,+3.46,+14.226, +0.044,+0.935
1668124380,+3.46,+14.226, +0.044,+0.935
1668124440,+3.46,+14.252, +0.044,+0.935
1668124500,+3.46,+14.234, +0.044,+0.935
1668124560,+3.46,+14.226, +0.044,+0.935
1668124620,+3.46,+14.243, +0.044,+0.935
1668124680,+3.46,+14.226, +0.044,+0.935
1668124740,+3.46,+14.260, +0.044,+0.935
1668124800,+3.46,+14.234, +0.045,+0.935
1668124860,+3.46,+14.243, +0.044,+0.935
1668124920,+3.46,+14.243, +0.044,+0.935
1668124980,+3.46,+14.252, +0.044,+0.935
1668125040,+3.46,+14.234, +0.044,+0.935
1668125100,+3.46,+14.243, +0.044,+0.935
1668125160,+3.46,+14.217, +0.044,+0.935
1668125220,+3.46,+14.217, +0.045,+0.935
1668125280,+3.46,+14.226, +0.045,+0.935
1668125340,+3.46,+14.217, +0.044,+0.935
1668125400,+3.46,+14.234, +0.044,+0.935
1668125460,+3.46,+14.226, +0.045,+0.935
1668125520,+3.46,+14.226, +0.044,+0.935
1668125580,+3.46,+14.226, +0.044,+0.935
1668125640,+3.46,+14.217, +0.045,+0.935
1668125700,+3.46,+14.217, +0.045,+0.935
1668125760,+3.46,+14.217, +0.044,+0.935
1668125820,+3.46,+14.217, +0.044,+0.935
1668125880,+3.46,+14.208, +0.045,+0.935
1668125940,+3.46,+14.226, +0.044,+0.935
1668126000,+3.46,+14.208, +0.045,+0.935
1668126060,+3.46,+14.217, +0.044,+0.935
1668126120,+3.46,+14.200, +0.044,+0.935
1668126180,+3.46,+14.200, +0.044,+0.935
1668126240,+3.46,+14.208, +0.044,+0.935
1668126300,+3.46,+14.217, +0.044,+0.935
1668126360,+3.46,+14.217, +0.044,+0.935
1668126420,+3.46,+14.200, +0.044,+0.935
1668126480,+3.46,+14.217, +0.044,+0.935
1668126540,+3.47,+14.200, +0.044,+0.935
1668126600,+3.46,+14.200, +0.044,+0.935
1668126660,+3.47,+14.208, +0.044,+0.935
1668126720,+3.47,+14.191, +0.044,+0.935
1668126780,+3.46,+14.208, +0.044,+0.935
1668126840,+3.47,+14.182, +0.044,+0.935
1668126900,+3.46,+14.191, +0.044,+0.935
1668126960,+3.46,+14.191, +0.045,+0.935
1668127020,+3.46,+14.182, +0.044,+0.935
1668127080,+3.47,+14.200, +0.044,+0.935
1668127140,+3.47,+14.165, +0.045,+0.935
1668127200,+3.46,+14.174, +0.045,+0.935
1668127260,+3.47,+14.174, +0.045,+0.935
1668127320,+3.46,+14.174, +0.044,+0.935
1668127380,+3.47,+14.174, +0.044,+0.935
1668127440,+3.46,+14.191, +0.044,+0.935
1668127500,+3.47,+14.174, +0.044,+0.935
1668127560,+3.47,+14.174, +0.045,+0.935
1668127620,+3.47,+14.174, +0.045,+0.935
1668127680,+3.47,+14.174, +0.044,+0.935
1668127740,+3.47,+14.165, +0.045,+0.935
1668127800,+3.47,+14.156, +0.044,+0.935
1668127860,+3.47,+14.174, +0.044,+0.935
1668127920,+3.47,+14.139, +0.044,+0.935
1668127980,+3.47,+14.174, +0.045,+0.935
1668128040,+3.46,+14.174, +0.043,+0.935
1668128100,+3.46,+14.165, +0.044,+0.935
1668128160,+3.47,+14.165, +0.045,+0.935
1668128220,+3.47,+14.165, +0.044,+0.935
1668128280,+3.47,+14.165, +0.045,+0.935
1668128340,+3.46,+14.156, +0.045,+0.935
1668128400,+3.47,+14.148, +0.045,+0.935
1668128460,+3.46,+14.182, +0.045,+0.935
1668128520,+3.47,+14.139, +0.044,+0.935
1668128580,+3.47,+14.156, +0.044,+0.935
1668128640,+3.47,+14.156, +0.045,+0.935
1668128700,+3.47,+14.156, +0.044,+0.935
1668128760,+3.47,+14.156, +0.045,+0.935
1668128820,+3.47,+14.174, +0.044,+0.935
1668128880,+3.47,+14.174, +0.044,+0.935
1668128940,+3.46,+14.165, +0.044,+0.935
1668129000,+3.47,+14.148, +0.044,+0.935
1668129060,+3.47,+14.156, +0.044,+0.935
1668129120,+3.47,+14.139, +0.044,+0.935
1668129180,+3.47,+14.148, +0.043,+0.935
1668129240,+3.46,+14.156, +0.044,+0.935
1668129300,+3.46,+14.139, +0.044,+0.935
1668129360,+3.47,+14.139, +0.044,+0.935
1668129420,+3.47,+14.148, +0.045,+0.935
1668129480,+3.46,+14.148, +0.044,+0.935
1668129540,+3.47,+14.148, +0.044,+0.935
1668129600,+3.47,+14.130, +0.044,+0.935
1668129660,+3.47,+14.130, +0.044,+0.935
1668129720,+3.47,+14.130, +0.044,+0.935
1668129780,+3.47,+14.130, +0.044,+0.935
1668129840,+3.47,+14.130, +0.044,+0.935
1668129900,+3.47,+14.122, +0.044,+0.935
1668129960,+3.47,+14.122, +0.044,+0.935
1668130020,+3.47,+14.130, +0.044,+0.935
1668130080,+3.47,+14.148, +0.044,+0.935
1668130140,+3.47,+14.122, +0.044,+0.935
1668130200,+3.47,+14.122, +0.044,+0.935
1668130260,+3.47,+14.139, +0.044,+0.935
1668130320,+3.47,+14.139, +0.044,+0.935
1668130380,+3.47,+14.130, +0.044,+0.935
1668130440,+3.47,+14.139, +0.045,+0.935
1668130500,+3.47,+14.130, +0.044,+0.935
1668130560,+3.47,+14.130, +0.044,+0.935
1668130620,+3.47,+14.113, +0.045,+0.935
1668130680,+3.47,+14.148, +0.044,+0.935
1668130740,+3.46,+14.156, +0.044,+0.935
1668130800,+3.47,+14.148, +0.044,+0.935
1668130860,+3.47,+14.130, +0.044,+0.935
1668130920,+3.47,+14.130, +0.045,+0.935
1668130980,+3.47,+14.122, +0.044,+0.935
1668131040,+3.47,+14.122, +0.044,+0.935
1668131100,+3.47,+14.139, +0.044,+0.935
1668131160,+3.47,+14.113, +0.044,+0.935
1668131220,+3.47,+14.130, +0.045,+0.935
1668131280,+3.47,+14.122, +0.044,+0.935
1668131340,+3.47,+14.113, +0.044,+0.935
1668131400,+3.47,+14.139, +0.045,+0.935
1668131460,+3.47,+14.130, +0.044,+0.935
1668131520,+3.47,+14.130, +0.044,+0.935
1668131580,+3.47,+14.122, +0.044,+0.935
1668131640,+3.47,+14.122, +0.044,+0.935
1668131700,+3.47,+14.139, +0.044,+0.935
1668131760,+3.47,+14.122, +0.045,+0.935
1668131820,+3.47,+14.130, +0.044,+0.935
1668131880,+3.47,+14.113, +0.044,+0.935
1668131940,+3.47,+14.122, +0.045,+0.935
1668132000,+3.47,+14.104, +0.045,+0.935
1668132060,+3.47,+14.113, +0.045,+0.935
1668132120,+3.47,+14.096, +0.045,+0.935
1668132180,+3.47,+14.113, +0.045,+0.935
1668132240,+3.47,+14.122, +0.044,+0.935
1668132300,+3.47,+14.104, +0.045,+0.935
1668132360,+3.47,+14.096, +0.044,+0.935
1668132420,+3.47,+14.113, +0.044,+0.935
1668132480,+3.47,+14.104, +0.044,+0.935
1668132540,+3.47,+14.130, +0.044,+0.935
1668132600,+3.47,+14.096, +0.044,+0.935
1668132660,+3.47,+14.096, +0.045,+0.935
1668132720,+3.47,+14.104, +0.045,+0.935
1668132780,+3.47,+14.130, +0.044,+0.935
1668132840,+3.47,+14.113, +0.045,+0.935
1668132900,+3.47,+14.122, +0.044,+0.935
1668132960,+3.47,+14.122, +0.044,+0.935
1668133020,+3.47,+14.113, +0.044,+0.935
1668133080,+3.47,+14.122, +0.044,+0.935
1668133140,+3.47,+14.130, +0.045,+0.935
1668133200,+3.47,+14.122, +0.045,+0.935
1668133260,+3.47,+14.130, +0.045,+0.935
1668133320,+3.47,+14.113, +0.045,+0.935
1668133380,+3.47,+14.104, +0.045,+0.935
1668133440,+3.47,+14.122, +0.044,+0.935
1668133500,+3.47,+14.113, +0.044,+0.935
1668133560,+3.47,+14.130, +0.044,+0.935
1668133620,+3.47,+14.130, +0.045,+0.935
1668133680,+3.47,+14.130, +0.045,+0.935
1668133740,+3.47,+14.148, +0.045,+0.935
1668133800,+3.47,+14.122, +0.044,+0.935
1668133860,+3.47,+14.122, +0.044,+0.935
1668133920,+3.47,+14.122, +0.044,+0.935
1668133980,+3.47,+14.113, +0.044,+0.935
1668134040,+3.47,+14.113, +0.045,+0.935
1668134100,+3.47,+14.113, +0.044,+0.935
1668134160,+3.47,+14.130, +0.044,+0.935
1668134220,+3.47,+14.139, +0.044,+0.935
1668134280,+3.47,+14.139, +0.044,+0.935
1668134340,+3.47,+14.139, +0.045,+0.935
1668134400,+3.47,+14.122, +0.045,+0.935
1668134460,+3.47,+14.104, +0.044,+0.935
1668134520,+3.47,+14.130, +0.045,+0.935
1668134580,+3.47,+14.122, +0.045,+0.935
1668134640,+3.47,+14.104, +0.044,+0.935
1668134700,+3.47,+14.139, +0.044,+0.935
1668134760,+3.47,+14.130, +0.045,+0.935
1668134820,+3.47,+14.104, +0.044,+0.935
1668134880,+3.47,+14.113, +0.044,+0.935
1668134940,+3.47,+14.122, +0.044,+0.935
1668135000,+3.47,+14.122, +0.044,+0.935
1668135060,+3.47,+14.113, +0.044,+0.935
1668135120,+3.47,+14.130, +0.044,+0.935
1668135180,+3.47,+14.104, +0.045,+0.935
1668135240,+3.47,+14.113, +0.044,+0.935
1668135300,+3.47,+14.130, +0.044,+0.935
1668135360,+3.47,+14.113, +0.044,+0.935
1668135420,+3.47,+14.113, +0.045,+0.935
1668135480,+3.47,+14.113, +0.044,+0.935
1668135540,+3.47,+14.122, +0.045,+0.935
1668135600,+3.47,+14.122, +0.045,+0.935
1668135660,+3.47,+14.104, +0.045,+0.935
1668135720,+3.47,+14.122, +0.045,+0.935
1668135780,+3.47,+14.113, +0.044,+0.935
1668135840,+3.47,+14.104, +0.044,+0.935
1668135900,+3.47,+14.122, +0.044,+0.935
1668135960,+3.47,+14.104, +0.044,+0.935
1668136020,+3.47,+14.104, +0.044,+0.935
1668136080,+3.47,+14.113, +0.044,+0.935
1668136140,+3.47,+14.096, +0.045,+0.935
1668136200,+3.47,+14.122, +0.045,+0.935
1668136260,+3.47,+14.130, +0.045,+0.935
1668136320,+3.47,+14.122, +0.045,+0.935
1668136380,+3.47,+14.122, +0.044,+0.935
1668136440,+3.47,+14.130, +0.044,+0.935
1668136500,+3.47,+14.113, +0.044,+0.935
1668136560,+3.47,+14.104, +0.045,+0.935
1668136620,+3.47,+14.122, +0.044,+0.935
1668136680,+3.47,+14.122, +0.044,+0.935
1668136740,+3.47,+14.113, +0.045,+0.935
1668136800,+3.47,+14.113, +0.045,+0.935
1668136860,+3.47,+14.130, +0.044,+0.935
1668136920,+3.47,+14.096, +0.044,+0.935
1668136980,+3.47,+14.113, +0.044,+0.935
1668137040,+3.47,+14.104, +0.044,+0.935
1668137100,+3.47,+14.104, +0.044,+0.935
1668137160,+3.47,+14.113, +0.045,+0.935
1668137220,+3.47,+14.104, +0.044,+0.935
1668137280,+3.47,+14.096, +0.045,+0.935
1668137340,+3.47,+14.122, +0.045,+0.935
1668137400,+3.47,+14.130, +0.045,+0.935
1668137460,+3.47,+14.104, +0.044,+0.935
1668137520,+3.47,+14.113, +0.044,+0.935
1668137580,+3.47,+14.113, +0.044,+0.935
1668137640,+3.47,+14.113, +0.044,+0.935
1668137700,+3.47,+14.104, +0.045,+0.935
1668137760,+3.47,+14.087, +0.045,+0.935
1668137820,+3.47,+14.096, +0.044,+0.935
1668137880,+3.47,+14.113, +0.045,+0.935
1668137940,+3.47,+14.113, +0.045,+0.935
1668138000,+3.47,+14.130, +0.044,+0.935
1668138060,+3.47,+14.104, +0.044,+0.935
1668138120,+3.47,+14.104, +0.045,+0.935
1668138180,+3.47,+14.122, +0.044,+0.935
1668138240,+3.47,+14.113, +0.045,+0.935
1668138300,+3.47,+14.104, +0.045,+0.935
1668138360,+3.47,+14.113, +0.044,+0.935
1668138420,+3.47,+14.113, +0.044,+0.935
1668138480,+3.47,+14.122, +0.044,+0.935
1668138540,+3.47,+14.113, +0.045,+0.935
1668138600,+3.47,+14.096, +0.045,+0.935
1668138660,+3.47,+14.104, +0.045,+0.935
1668138720,+3.47,+14.113, +0.044,+0.935
1668138780,+3.47,+14.113, +0.045,+0.935
1668138840,+3.47,+14.113, +0.044,+0.935
1668138900,+3.47,+14.104, +0.045,+0.935
1668138960,+3.47,+14.096, +0.044,+0.935
1668139020,+3.47,+14.104, +0.044,+0.935
1668139080,+3.47,+14.104, +0.044,+0.935
1668139140,+3.47,+14.113, +0.045,+0.935
1668139200,+3.47,+14.113, +0.044,+0.935
1668139260,+3.47,+14.096, +0.044,+0.935
1668139320,+3.47,+14.096, +0.045,+0.935
1668139380,+3.47,+14.122, +0.045,+0.935
1668139440,+3.47,+14.104, +0.044,+0.935
1668139500,+3.47,+14.113, +0.045,+0.935
1668139560,+3.47,+14.104, +0.044,+0.935
1668139620,+3.47,+14.096, +0.045,+0.935
1668139680,+3.47,+14.113, +0.044,+0.935
1668139740,+3.47,+14.113, +0.045,+0.935
1668139800,+3.47,+14.096, +0.045,+0.935
1668139860,+3.47,+14.096, +0.044,+0.935
1668139920,+3.47,+14.104, +0.044,+0.935
1668139980,+3.47,+14.061, +0.045,+0.935
1668140040,+3.47,+14.087, +0.045,+0.935
1668140100,+3.47,+14.087, +0.045,+0.935
1668140160,+3.47,+14.104, +0.044,+0.935
1668140220,+3.47,+14.096, +0.045,+0.935
1668140280,+3.47,+14.087, +0.044,+0.935
1668140340,+3.47,+14.104, +0.044,+0.935
1668140400,+3.47,+14.096, +0.045,+0.935
1668140460,+3.47,+14.078, +0.045,+0.935
1668140520,+3.47,+14.096, +0.044,+0.935
1668140580,+3.47,+14.087, +0.045,+0.935
1668140640,+3.47,+14.078, +0.045,+0.935
1668140700,+3.47,+14.087, +0.045,+0.935
1668140760,+3.47,+14.069, +0.045,+0.935
1668140820,+3.47,+14.069, +0.045,+0.935
1668140880,+3.47,+14.078, +0.044,+0.935
1668140940,+3.47,+14.078, +0.044,+0.935
1668141000,+3.47,+14.069, +0.045,+0.935
1668141060,+3.47,+14.069, +0.044,+0.935
1668141120,+3.47,+14.069, +0.045,+0.935
1668141180,+3.47,+14.087, +0.044,+0.935
1668141240,+3.47,+14.061, +0.044,+0.935
1668141300,+3.47,+14.069, +0.045,+0.935
1668141360,+3.47,+14.061, +0.044,+0.935
1668141420,+3.47,+14.061, +0.045,+0.935
1668141480,+3.47,+14.078, +0.044,+0.935
1668141540,+3.47,+14.061, +0.044,+0.935
1668141600,+3.47,+14.069, +0.045,+0.935
1668141660,+3.47,+14.043, +0.045,+0.935
1668141720,+3.47,+14.052, +0.044,+0.935
1668141780,+3.47,+14.061, +0.044,+0.935
1668141840,+3.47,+14.052, +0.044,+0.935
1668141900,+3.47,+14.043, +0.044,+0.935
1668141960,+3.47,+14.052, +0.044,+0.935
1668142020,+3.47,+14.061, +0.045,+0.935
1668142080,+3.47,+14.061, +0.045,+0.935
1668142140,+3.47,+14.035, +0.044,+0.935
1668142200,+3.47,+14.061, +0.044,+0.935
1668142260,+3.47,+14.052, +0.045,+0.935
1668142320,+3.47,+14.043, +0.045,+0.935
1668142380,+3.47,+14.035, +0.044,+0.935
1668142440,+3.47,+14.052, +0.044,+0.935
1668142500,+3.47,+14.061, +0.045,+0.935
1668142560,+3.47,+14.043, +0.045,+0.935
1668142620,+3.47,+14.043, +0.045,+0.935
1668142680,+3.47,+14.052, +0.044,+0.935
1668142740,+3.47,+14.043, +0.045,+0.935
1668142800,+3.47,+14.026, +0.044,+0.935
1668142860,+3.47,+14.026, +0.045,+0.935
1668142920,+3.47,+14.035, +0.045,+0.935
1668142980,+3.47,+14.026, +0.045,+0.935
1668143040,+3.47,+14.026, +0.045,+0.935
1668143100,+3.47,+14.026, +0.044,+0.935
1668143160,+3.47,+14.017, +0.044,+0.935
1668143220,+3.47,+14.035, +0.045,+0.935
1668143280,+3.47,+14.009, +0.045,+0.935
1668143340,+3.47,+14.017, +0.045,+0.935
1668143400,+3.47,+14.026, +0.044,+0.935
1668143460,+3.47,+14.026, +0.045,+0.935
1668143520,+3.47,+14.000, +0.045,+0.935
1668143580,+3.47,+14.035, +0.044,+0.935
1668143640,+3.47,+14.026, +0.045,+0.935
1668143700,+3.47,+14.043, +0.045,+0.935
1668143760,+3.47,+14.026, +0.044,+0.935
1668143820,+3.47,+14.026, +0.045,+0.935
1668143880,+3.47,+14.017, +0.045,+0.935
1668143940,+3.47,+14.017, +0.044,+0.935
1668144000,+3.47,+14.009, +0.045,+0.935
1668144060,+3.47,+14.009, +0.045,+0.935
1668144120,+3.47,+14.009, +0.044,+0.935
1668144180,+3.47,+14.009, +0.045,+0.935
1668144240,+3.47,+13.991, +0.044,+0.935
1668144300,+3.47,+14.009, +0.045,+0.935
1668144360,+3.47,+14.000, +0.044,+0.935
1668144420,+3.47,+14.026, +0.044,+0.935
1668144480,+3.47,+14.026, +0.044,+0.935
1668144540,+3.47,+14.017, +0.045,+0.935
1668144600,+3.47,+14.000, +0.045,+0.935
1668144660,+3.47,+14.017, +0.044,+0.935
1668144720,+3.47,+14.000, +0.045,+0.935
1668144780,+3.47,+13.991, +0.045,+0.935
1668144840,+3.47,+14.017, +0.044,+0.935
1668144900,+3.47,+14.000, +0.044,+0.935
1668144960,+3.47,+14.017, +0.044,+0.935
1668145020,+3.47,+14.017, +0.045,+0.935
1668145080,+3.47,+14.000, +0.045,+0.935
1668145140,+3.47,+13.991, +0.044,+0.935
1668145200,+3.47,+13.991, +0.044,+0.935
1668145260,+3.47,+13.991, +0.044,+0.935
1668145320,+3.47,+14.009, +0.045,+0.935
1668145380,+3.47,+13.991, +0.044,+0.935
1668145440,+3.47,+13.991, +0.044,+0.935
1668145500,+3.47,+14.009, +0.045,+0.935
1668145560,+3.47,+13.991, +0.044,+0.935
1668145620,+3.47,+13.974, +0.045,+0.935
1668145680,+3.47,+14.000, +0.044,+0.935
1668145740,+3.47,+14.009, +0.044,+0.935
1668145800,+3.47,+14.009, +0.045,+0.935
1668145860,+3.47,+13.991, +0.045,+0.935
1668145920,+3.47,+14.000, +0.044,+0.935
1668145980,+3.47,+13.991, +0.044,+0.935
1668146040,+3.47,+14.000, +0.045,+0.935
1668146100,+3.47,+13.991, +0.045,+0.935
1668146160,+3.47,+14.009, +0.044,+0.935
1668146220,+3.47,+14.000, +0.045,+0.935
1668146280,+3.47,+14.000, +0.045,+0.935
1668146340,+3.47,+14.009, +0.044,+0.935
1668146400,+3.47,+14.000, +0.045,+0.935
1668146460,+3.47,+14.009, +0.044,+0.935
1668146520,+3.47,+13.991, +0.045,+0.935
1668146580,+3.47,+13.974, +0.045,+0.935
1668146640,+3.47,+13.991, +0.045,+0.935
1668146700,+3.47,+14.000, +0.045,+0.935
1668146760,+3.47,+14.000, +0.045,+0.935
1668146820,+3.47,+13.991, +0.044,+0.935
1668146880,+3.47,+14.000, +0.044,+0.935
1668146940,+3.47,+14.000, +0.044,+0.935
1668147000,+3.47,+14.009, +0.045,+0.935
1668147060,+3.47,+14.017, +0.044,+0.935
1668147120,+3.47,+13.991, +0.045,+0.935
1668147180,+3.47,+13.991, +0.045,+0.935
1668147240,+3.47,+13.983, +0.045,+0.935
1668147300,+3.47,+14.009, +0.044,+0.935
1668147360,+3.47,+14.000, +0.044,+0.935
1668147420,+3.47,+14.000, +0.044,+0.935
1668147480,+3.47,+13.983, +0.044,+0.935
1668147540,+3.47,+13.983, +0.045,+0.935
1668147600,+3.47,+13.983, +0.045,+0.935
1668147660,+3.47,+14.000, +0.045,+0.935
1668147720,+3.47,+13.991, +0.045,+0.935
1668147780,+3.47,+13.991, +0.044,+0.935
1668147840,+3.47,+14.000, +0.045,+0.935
1668147900,+3.47,+13.974, +0.045,+0.935
1668147960,+3.47,+14.000, +0.044,+0.935
1668148020,+3.47,+14.000, +0.045,+0.935
1668148080,+3.47,+13.983, +0.044,+0.935
1668148140,+3.47,+14.009, +0.044,+0.935
1668148200,+3.47,+13.983, +0.045,+0.935
1668148260,+3.47,+13.991, +0.045,+0.935
1668148320,+3.47,+13.974, +0.045,+0.935
1668148380,+3.47,+13.983, +0.043,+0.935
1668148440,+3.47,+14.000, +0.044,+0.935
1668148500,+3.47,+13.974, +0.045,+0.935
1668148560,+3.47,+13.974, +0.045,+0.935
1668148620,+3.47,+13.991, +0.045,+0.935
1668148680,+3.47,+13.983, +0.044,+0.935
1668148740,+3.47,+13.974, +0.044,+0.935
1668148800,+3.47,+13.983, +0.045,+0.935
1668148860,+3.47,+13.974, +0.044,+0.935
1668148920,+3.47,+13.983, +0.045,+0.935
1668148980,+3.47,+13.974, +0.044,+0.935
1668149040,+3.47,+13.983, +0.045,+0.935
1668149100,+3.47,+13.965, +0.045,+0.935
1668149160,+3.47,+14.000, +0.044,+0.935
1668149220,+3.47,+13.974, +0.045,+0.935
1668149280,+3.47,+13.965, +0.044,+0.935
1668149340,+3.47,+13.974, +0.044,+0.935
1668149400,+3.47,+13.983, +0.045,+0.935
1668149460,+3.47,+13.974, +0.045,+0.935
1668149520,+3.47,+13.974, +0.044,+0.935
1668149580,+3.47,+13.956, +0.045,+0.935
1668149640,+3.47,+13.983, +0.044,+0.935
1668149700,+3.47,+13.974, +0.045,+0.935
1668149760,+3.47,+13.983, +0.044,+0.935
1668149820,+3.47,+13.983, +0.044,+0.935
1668149880,+3.47,+13.983, +0.044,+0.935
1668149940,+3.47,+13.983, +0.044,+0.935
1668150000,+3.47,+13.974, +0.045,+0.935
1668150060,+3.47,+13.983, +0.044,+0.935
1668150120,+3.47,+13.991, +0.044,+0.935
1668150180,+3.47,+13.965, +0.045,+0.935
1668150240,+3.47,+13.974, +0.044,+0.935
1668150300,+3.47,+13.974, +0.045,+0.935
1668150360,+3.47,+13.983, +0.045,+0.935
1668150420,+3.47,+13.974, +0.045,+0.935
1668150480,+3.47,+13.983, +0.045,+0.935
1668150540,+3.47,+13.991, +0.044,+0.935
1668150600,+3.47,+13.974, +0.045,+0.935
1668150660,+3.47,+13.974, +0.045,+0.935
1668150720,+3.47,+13.983, +0.044,+0.935
1668150780,+3.47,+13.983, +0.044,+0.935
1668150840,+3.47,+14.000, +0.045,+0.935
1668150900,+3.47,+13.965, +0.044,+0.935
1668150960,+3.47,+13.991, +0.045,+0.935
1668151020,+3.47,+13.965, +0.045,+0.935
1668151080,+3.47,+13.983, +0.044,+0.935
1668151140,+3.47,+13.991, +0.044,+0.935
1668151200,+3.47,+13.974, +0.045,+0.935
1668151260,+3.47,+13.974, +0.044,+0.935
1668151320,+3.47,+13.965, +0.045,+0.935
1668151380,+3.47,+13.991, +0.044,+0.935
1668151440,+3.47,+13.974, +0.044,+0.935
1668151500,+3.47,+13.974, +0.044,+0.935
1668151560,+3.47,+13.974, +0.045,+0.935
1668151620,+3.47,+13.956, +0.045,+0.935
1668151680,+3.47,+13.974, +0.045,+0.935
1668151740,+3.47,+13.983, +0.044,+0.935
1668151800,+3.47,+13.991, +0.045,+0.935
1668151860,+3.47,+13.991, +0.045,+0.935
1668151920,+3.47,+13.983, +0.045,+0.935
1668151980,+3.47,+13.965, +0.044,+0.935
1668152040,+3.47,+13.965, +0.045,+0.935
1668152100,+3.47,+13.983, +0.045,+0.935
1668152160,+3.47,+13.991, +0.045,+0.935
1668152220,+3.47,+13.983, +0.045,+0.935
1668152280,+3.47,+13.991, +0.045,+0.935
1668152340,+3.47,+13.991, +0.045,+0.935
1668152400,+3.47,+13.983, +0.045,+0.935
1668152460,+3.47,+13.974, +0.044,+0.935
1668152520,+3.47,+13.983, +0.044,+0.935
1668152580,+3.47,+14.009, +0.044,+0.935
1668152640,+3.47,+13.991, +0.044,+0.935
1668152700,+3.47,+14.000, +0.044,+0.935
1668152760,+3.47,+14.000, +0.044,+0.935
1668152820,+3.47,+14.000, +0.044,+0.935
1668152880,+3.47,+13.965, +0.045,+0.935
1668152940,+3.47,+14.000, +0.044,+0.935
1668153000,+3.47,+13.991, +0.045,+0.935
1668153060,+3.47,+13.974, +0.045,+0.935
1668153120,+3.47,+13.965, +0.044,+0.935
1668153180,+3.47,+13.983, +0.045,+0.935
1668153240,+3.47,+13.991, +0.045,+0.935
1668153300,+3.47,+13.983, +0.045,+0.935
1668153360,+3.47,+14.000, +0.044,+0.935
1668153420,+3.47,+13.991, +0.045,+0.935
1668153480,+3.47,+13.983, +0.045,+0.935
1668153540,+3.47,+13.983, +0.045,+0.935
1668153600,+3.47,+13.991, +0.044,+0.935
1668153660,+3.47,+13.983, +0.045,+0.935
1668153720,+3.47,+13.983, +0.044,+0.935
1668153780,+3.47,+13.983, +0.045,+0.935
1668153840,+3.47,+14.000, +0.044,+0.935
1668153900,+3.47,+13.983, +0.044,+0.935
1668153960,+3.47,+13.991, +0.045,+0.935
1668154020,+3.47,+13.991, +0.045,+0.935
1668154080,+3.47,+13.991, +0.045,+0.935
1668154140,+3.47,+14.000, +0.045,+0.935
1668154200,+3.47,+14.000, +0.045,+0.935
1668154260,+3.47,+14.009, +0.045,+0.935
1668154320,+3.47,+13.991, +0.045,+0.935
1668154380,+3.47,+13.983, +0.045,+0.935
1668154440,+3.47,+13.983, +0.045,+0.935
1668154500,+3.47,+13.983, +0.044,+0.935
1668154560,+3.47,+14.000, +0.044,+0.935
1668154620,+3.47,+13.983, +0.045,+0.935
1668154680,+3.47,+13.983, +0.045,+0.935
1668154740,+3.47,+13.991, +0.045,+0.935
1668154800,+3.47,+13.983, +0.044,+0.935
1668154860,+3.47,+13.991, +0.044,+0.935
1668154920,+3.47,+13.983, +0.045,+0.935
1668154980,+3.47,+14.000, +0.045,+0.935
1668155040,+3.47,+13.956, +0.045,+0.935
1668155100,+3.47,+13.974, +0.045,+0.935
1668155160,+3.47,+13.974, +0.045,+0.935
1668155220,+3.47,+13.974, +0.045,+0.935
1668155280,+3.47,+13.974, +0.045,+0.935
1668155340,+3.47,+13.983, +0.044,+0.935
1668155400,+3.47,+13.965, +0.044,+0.935
1668155460,+3.47,+13.956, +0.045,+0.935
1668155520,+3.47,+13.983, +0.044,+0.935
1668155580,+3.47,+13.974, +0.045,+0.935
1668155640,+3.47,+13.974, +0.045,+0.935
1668155700,+3.47,+13.983, +0.045,+0.935
1668155760,+3.47,+13.991, +0.044,+0.935
1668155820,+3.47,+13.983, +0.045,+0.935
1668155880,+3.47,+13.983, +0.045,+0.935
1668155940,+3.47,+13.983, +0.044,+0.935
1668156000,+3.47,+13.983, +0.045,+0.935
1668156060,+3.47,+13.991, +0.045,+0.935
1668156120,+3.47,+13.983, +0.045,+0.935
1668156180,+3.47,+13.983, +0.044,+0.935
1668156240,+3.47,+13.983, +0.044,+0.935
1668156300,+3.47,+13.983, +0.045,+0.935
1668156360,+3.47,+13.956, +0.045,+0.935
1668156420,+3.47,+13.948, +0.044,+0.935
1668156480,+3.47,+13.974, +0.045,+0.935
1668156540,+3.47,+13.983, +0.045,+0.935
1668156600,+3.47,+13.983, +0.044,+0.935
1668156660,+3.47,+13.983, +0.045,+0.935
1668156720,+3.47,+13.991, +0.045,+0.935
1668156780,+3.47,+13.974, +0.044,+0.935
1668156840,+3.47,+13.974, +0.045,+0.935
1668156900,+3.47,+13.991, +0.044,+0.935
1668156960,+3.47,+13.983, +0.045,+0.935
1668157020,+3.47,+13.974, +0.044,+0.935
1668157080,+3.47,+13.983, +0.044,+0.935
1668157140,+3.47,+13.965, +0.045,+0.935
1668157200,+3.47,+13.974, +0.045,+0.935
1668157260,+3.47,+13.965, +0.045,+0.935
1668157320,+3.47,+13.983, +0.045,+0.935
1668157380,+3.47,+13.965, +0.045,+0.935
1668157440,+3.47,+13.983, +0.044,+0.935
1668157500,+3.47,+13.965, +0.044,+0.935
1668157560,+3.47,+13.974, +0.044,+0.935
1668157620,+3.47,+13.939, +0.046,+0.935
1668157680,+3.47,+13.974, +0.045,+0.935
1668157740,+3.47,+13.983, +0.044,+0.935
1668157800,+3.47,+13.956, +0.045,+0.935
1668157860,+3.47,+13.974, +0.045,+0.935
1668157920,+3.47,+13.974, +0.045,+0.935
1668157980,+3.47,+13.991, +0.044,+0.935
1668158040,+3.47,+13.974, +0.045,+0.935
1668158100,+3.47,+13.983, +0.044,+0.935
1668158160,+3.47,+13.974, +0.045,+0.935
1668158220,+3.47,+13.956, +0.044,+0.935
1668158280,+3.47,+13.983, +0.044,+0.935
1668158340,+3.47,+13.965, +0.045,+0.935
1668158400,+3.47,+13.956, +0.045,+0.935
1668158460,+3.47,+13.965, +0.044,+0.935
1668158520,+3.47,+13.965, +0.045,+0.935
1668158580,+3.47,+13.956, +0.046,+0.935
1668158640,+3.47,+13.965, +0.045,+0.935
1668158700,+3.47,+13.965, +0.045,+0.935
1668158760,+3.47,+13.965, +0.045,+0.935
1668158820,+3.47,+13.948, +0.045,+0.935
1668158880,+3.47,+13.974, +0.045,+0.935
1668158940,+3.47,+13.948, +0.045,+0.935
1668159000,+3.47,+13.948, +0.045,+0.935
1668159060,+3.47,+13.948, +0.045,+0.935
1668159120,+3.47,+13.948, +0.045,+0.935
1668159180,+3.47,+13.965, +0.044,+0.935
1668159240,+3.47,+13.948, +0.044,+0.935
1668159300,+3.47,+13.939, +0.044,+0.935
1668159360,+3.47,+13.948, +0.045,+0.935
1668159420,+3.47,+13.965, +0.044,+0.935
1668159480,+3.47,+13.965, +0.045,+0.935
1668159540,+3.47,+13.956, +0.045,+0.935
1668159600,+3.47,+13.956, +0.045,+0.935
1668159660,+3.47,+13.948, +0.045,+0.935
1668159720,+3.47,+13.948, +0.045,+0.935
1668159780,+3.47,+13.956, +0.044,+0.935
1668159840,+3.47,+13.930, +0.045,+0.935
1668159900,+3.47,+13.948, +0.044,+0.935
1668159960,+3.47,+13.956, +0.045,+0.935
1668160020,+3.47,+13.930, +0.045,+0.935
1668160080,+3.47,+13.948, +0.045,+0.935
1668160140,+3.47,+13.939, +0.045,+0.935
1668160200,+3.47,+13.939, +0.045,+0.935
1668160260,+3.47,+13.939, +0.045,+0.935
1668160320,+3.47,+13.939, +0.045,+0.935
1668160380,+3.47,+13.939, +0.045,+0.935
1668160440,+3.47,+13.939, +0.044,+0.935
1668160500,+3.47,+13.922, +0.045,+0.935
1668160560,+3.47,+13.939, +0.045,+0.935
1668160620,+3.47,+13.939, +0.045,+0.935
1668160680,+3.47,+13.956, +0.045,+0.935
1668160740,+3.47,+13.939, +0.045,+0.935
1668160800,+3.47,+13.913, +0.045,+0.935
1668160860,+3.47,+13.939, +0.045,+0.935
1668160920,+3.47,+13.939, +0.045,+0.935
1668160980,+3.47,+13.922, +0.045,+0.935
1668161040,+3.47,+13.922, +0.044,+0.935
1668161100,+3.47,+13.939, +0.045,+0.935
1668161160,+3.47,+13.930, +0.045,+0.935
1668161220,+3.47,+13.939, +0.045,+0.935
1668161280,+3.47,+13.930, +0.045,+0.935
1668161340,+3.47,+13.922, +0.044,+0.935
1668161400,+3.47,+13.904, +0.045,+0.935
1668161460,+3.47,+13.922, +0.045,+0.935
1668161520,+3.47,+13.904, +0.045,+0.935
1668161580,+3.47,+13.904, +0.045,+0.935
1668161640,+3.47,+13.913, +0.045,+0.935
1668161700,+3.47,+13.922, +0.045,+0.935
1668161760,+3.47,+13.922, +0.046,+0.935
1668161820,+3.47,+13.904, +0.045,+0.935
1668161880,+3.47,+13.930, +0.045,+0.935
1668161940,+3.47,+13.913, +0.045,+0.935
1668162000,+3.47,+13.913, +0.044,+0.935
1668162060,+3.47,+13.922, +0.045,+0.935
1668162120,+3.47,+13.922, +0.045,+0.935
1668162180,+3.47,+13.913, +0.045,+0.935
1668162240,+3.47,+13.922, +0.045,+0.935
1668162300,+3.47,+13.922, +0.044,+0.935
1668162360,+3.47,+13.913, +0.045,+0.935
1668162420,+3.47,+13.896, +0.045,+0.935
1668162480,+3.47,+13.930, +0.045,+0.935
1668162540,+3.47,+13.930, +0.044,+0.935
1668162600,+3.47,+13.896, +0.045,+0.935
1668162660,+3.47,+13.913, +0.044,+0.935
1668162720,+3.47,+13.896, +0.045,+0.935
1668162780,+3.47,+13.913, +0.044,+0.935
1668162840,+3.47,+13.904, +0.045,+0.935
1668162900,+3.47,+13.930, +0.045,+0.935
1668162960,+3.47,+13.878, +0.045,+0.935
1668163020,+3.47,+13.913, +0.045,+0.935
1668163080,+3.47,+13.922, +0.045,+0.935
1668163140,+3.47,+13.904, +0.045,+0.935
1668163200,+3.47,+13.896, +0.045,+0.935
1668163260,+3.47,+13.896, +0.045,+0.935
1668163320,+3.47,+13.896, +0.045,+0.935
1668163380,+3.47,+13.948, +0.044,+0.935
1668163440,+3.47,+13.904, +0.045,+0.935
1668163500,+3.47,+13.922, +0.045,+0.935
1668163560,+3.47,+13.904, +0.044,+0.935
1668163620,+3.47,+13.904, +0.045,+0.935
1668163680,+3.47,+13.878, +0.045,+0.935
1668163740,+3.47,+13.904, +0.045,+0.935
1668163800,+3.47,+13.896, +0.045,+0.935
1668163860,+3.47,+13.904, +0.045,+0.935
1668163920,+3.47,+13.887, +0.045,+0.935
1668163980,+3.47,+13.896, +0.045,+0.935
1668164040,+3.47,+13.904, +0.045,+0.935
1668164100,+3.47,+13.896, +0.045,+0.935
1668164160,+3.47,+13.887, +0.045,+0.935
1668164220,+3.47,+13.878, +0.045,+0.935
1668164280,+3.47,+13.904, +0.045,+0.935
1668164340,+3.47,+13.887, +0.045,+0.935
1668164400,+3.47,+13.904, +0.044,+0.935
1668164460,+3.47,+13.878, +0.045,+0.935
1668164520,+3.47,+13.904, +0.044,+0.935
1668164580,+3.47,+13.904, +0.045,+0.935
1668164640,+3.47,+13.904, +0.045,+0.935
1668164700,+3.47,+13.913, +0.045,+0.935
1668164760,+3.47,+13.878, +0.045,+0.935
1668164820,+3.47,+13.904, +0.045,+0.935
1668164880,+3.47,+13.904, +0.045,+0.935
1668164940,+3.47,+13.904, +0.045,+0.935
1668165000,+3.47,+13.896, +0.045,+0.935
1668165060,+3.47,+13.878, +0.045,+0.935
1668165120,+3.47,+13.887, +0.045,+0.935
1668165180,+3.47,+13.913, +0.045,+0.935
1668165240,+3.47,+13.887, +0.045,+0.935
1668165300,+3.47,+13.896, +0.045,+0.935
1668165360,+3.47,+13.878, +0.045,+0.935
1668165420,+3.47,+13.887, +0.044,+0.935
1668165480,+3.47,+13.896, +0.046,+0.935
1668165540,+3.47,+13.887, +0.045,+0.935
1668165600,+3.47,+13.887, +0.045,+0.935
1668165660,+3.47,+13.887, +0.045,+0.935
1668165720,+3.47,+13.878, +0.045,+0.935
1668165780,+3.47,+13.913, +0.045,+0.935
1668165840,+3.47,+13.913, +0.045,+0.935
1668165900,+3.47,+13.904, +0.044,+0.935
1668165960,+3.47,+13.896, +0.045,+0.935
1668166020,+3.47,+13.887, +0.045,+0.935
1668166080,+3.47,+13.896, +0.045,+0.935
1668166140,+3.47,+13.896, +0.045,+0.935
1668166200,+3.47,+13.887, +0.045,+0.935
1668166260,+3.47,+13.904, +0.045,+0.935
1668166320,+3.47,+13.896, +0.045,+0.935
1668166380,+3.47,+13.887, +0.045,+0.935
1668166440,+3.47,+13.913, +0.045,+0.935
1668166500,+3.47,+13.896, +0.045,+0.935
1668166560,+3.47,+13.896, +0.045,+0.935
1668166620,+3.47,+13.904, +0.045,+0.935
1668166680,+3.47,+13.896, +0.044,+0.935
1668166740,+3.47,+13.913, +0.045,+0.935
1668166800,+3.47,+13.896, +0.045,+0.935
1668166860,+3.47,+13.904, +0.044,+0.935
1668166920,+3.47,+13.896, +0.045,+0.935
1668166980,+3.47,+13.913, +0.045,+0.935
1668167040,+3.47,+13.896, +0.044,+0.935
1668167100,+3.47,+13.904, +0.045,+0.935
1668167160,+3.47,+13.887, +0.045,+0.935
1668167220,+3.47,+13.896, +0.045,+0.935
1668167280,+3.47,+13.904, +0.045,+0.935
1668167340,+3.47,+13.887, +0.045,+0.935
1668167400,+3.47,+13.896, +0.045,+0.935
1668167460,+3.47,+13.878, +0.045,+0.935
1668167520,+3.47,+13.904, +0.044,+0.935
1668167580,+3.47,+13.896, +0.045,+0.935
1668167640,+3.47,+13.887, +0.045,+0.935
1668167700,+3.47,+13.887, +0.045,+0.935
1668167760,+3.47,+13.896, +0.044,+0.935
1668167820,+3.47,+13.869, +0.045,+0.935
1668167880,+3.47,+13.896, +0.045,+0.935
1668167940,+3.47,+13.896, +0.045,+0.935
1668168000,+3.47,+13.878, +0.044,+0.935
1668168060,+3.47,+13.878, +0.045,+0.935
1668168120,+3.47,+13.887, +0.045,+0.935
1668168180,+3.47,+13.904, +0.045,+0.935
1668168240,+3.47,+13.887, +0.045,+0.935
1668168300,+3.47,+13.878, +0.044,+0.935
1668168360,+3.47,+13.887, +0.045,+0.935
1668168420,+3.47,+13.887, +0.045,+0.935
1668168480,+3.47,+13.904, +0.044,+0.935
1668168540,+3.47,+13.878, +0.045,+0.935
1668168600,+3.47,+13.887, +0.045,+0.935
1668168660,+3.47,+13.887, +0.045,+0.935
1668168720,+3.47,+13.869, +0.045,+0.935
1668168780,+3.47,+13.904, +0.045,+0.935
1668168840,+3.47,+13.913, +0.045,+0.935
1668168900,+3.47,+13.896, +0.045,+0.935
1668168960,+3.47,+13.896, +0.045,+0.935
1668169020,+3.47,+13.913, +0.045,+0.935
1668169080,+3.47,+13.904, +0.045,+0.935
1668169140,+3.47,+13.896, +0.045,+0.935
1668169200,+3.47,+13.878, +0.045,+0.935
1668169260,+3.47,+13.887, +0.045,+0.935
1668169320,+3.47,+13.878, +0.045,+0.935
1668169380,+3.47,+13.904, +0.045,+0.935
1668169440,+3.47,+13.904, +0.044,+0.935
1668169500,+3.47,+13.878, +0.045,+0.935
1668169560,+3.47,+13.904, +0.044,+0.935
1668169620,+3.47,+13.896, +0.044,+0.935
1668169680,+3.47,+13.904, +0.044,+0.935
1668169740,+3.47,+13.904, +0.045,+0.935
1668169800,+3.47,+13.896, +0.045,+0.935
1668169860,+3.47,+13.887, +0.045,+0.935
1668169920,+3.47,+13.861, +0.044,+0.935
1668169980,+3.47,+13.904, +0.045,+0.935
1668170040,+3.47,+13.896, +0.044,+0.935
1668170100,+3.47,+13.896, +0.045,+0.935
1668170160,+3.47,+13.904, +0.045,+0.935
1668170220,+3.47,+13.904, +0.045,+0.935
1668170280,+3.47,+13.896, +0.045,+0.935
1668170340,+3.47,+13.913, +0.045,+0.935
1668170400,+3.47,+13.896, +0.045,+0.935
1668170460,+3.47,+13.922, +0.045,+0.935
1668170520,+3.47,+13.904, +0.045,+0.935
1668170580,+3.47,+13.913, +0.045,+0.935
1668170640,+3.47,+13.904, +0.045,+0.935
1668170700,+3.47,+13.896, +0.044,+0.935
1668170760,+3.47,+13.904, +0.045,+0.935
1668170820,+3.47,+13.878, +0.045,+0.935
1668170880,+3.46,+13.887, +0.045,+0.935
1668170940,+3.46,+13.896, +0.045,+0.935
1668171000,+3.46,+13.896, +0.045,+0.935
1668171060,+3.47,+13.913, +0.045,+0.935
1668171120,+3.46,+13.922, +0.044,+0.935
1668171180,+3.47,+13.913, +0.045,+0.935
1668171240,+3.47,+13.904, +0.045,+0.935
1668171300,+3.46,+13.913, +0.045,+0.935
1668171360,+3.47,+13.896, +0.045,+0.935
1668171420,+3.47,+13.913, +0.046,+0.935
1668171480,+3.47,+13.913, +0.045,+0.935
1668171540,+3.47,+13.913, +0.045,+0.935
1668171600,+3.46,+13.913, +0.045,+0.935
1668171660,+3.47,+13.896, +0.045,+0.935
1668171720,+3.47,+13.913, +0.045,+0.935
1668171780,+3.47,+13.896, +0.045,+0.935
1668171840,+3.47,+13.930, +0.045,+0.935
1668171900,+3.47,+13.904, +0.045,+0.935
1668171960,+3.47,+13.913, +0.044,+0.935
1668172020,+3.47,+13.904, +0.045,+0.935
1668172080,+3.46,+13.913, +0.045,+0.935
1668172140,+3.47,+13.913, +0.045,+0.935
1668172200,+3.47,+13.939, +0.044,+0.935
1668172260,+3.47,+13.887, +0.045,+0.935
1668172320,+3.46,+13.904, +0.044,+0.935
1668172380,+3.47,+13.913, +0.045,+0.935
1668172440,+3.47,+13.904, +0.045,+0.935
1668172500,+3.47,+13.913, +0.045,+0.935
1668172560,+3.47,+13.922, +0.044,+0.935
1668172620,+3.47,+13.896, +0.045,+0.935
1668172680,+3.47,+13.913, +0.044,+0.935
1668172740,+3.47,+13.887, +0.045,+0.935
1668172800,+3.47,+13.904, +0.044,+0.935
1668172860,+3.47,+13.896, +0.045,+0.935
1668172920,+3.47,+13.904, +0.045,+0.935
1668172980,+3.47,+13.913, +0.045,+0.935
1668173040,+3.47,+13.922, +0.045,+0.935
1668173100,+3.47,+13.896, +0.045,+0.935
1668173160,+3.47,+13.904, +0.045,+0.935
1668173220,+3.47,+13.913, +0.045,+0.935
1668173280,+3.47,+13.904, +0.045,+0.935
1668173340,+3.47,+13.896, +0.045,+0.935
1668173400,+3.47,+13.930, +0.045,+0.935
1668173460,+3.47,+13.896, +0.044,+0.935
1668173520,+3.47,+13.922, +0.045,+0.935
1668173580,+3.47,+13.922, +0.045,+0.935
1668173640,+3.47,+13.922, +0.045,+0.935
1668173700,+3.46,+13.930, +0.045,+0.935
1668173760,+3.47,+13.930, +0.044,+0.935
1668173820,+3.47,+13.904, +0.045,+0.935
1668173880,+3.47,+13.922, +0.046,+0.935
1668173940,+3.47,+13.922, +0.045,+0.935
1668174000,+3.47,+13.939, +0.045,+0.935
1668174060,+3.47,+13.948, +0.045,+0.935
1668174120,+3.47,+13.939, +0.046,+0.935
1668174180,+3.47,+13.939, +0.044,+0.935
1668174240,+3.46,+13.948, +0.045,+0.935
1668174300,+3.46,+13.956, +0.045,+0.935
1668174360,+3.47,+13.948, +0.045,+0.935
1668174420,+3.46,+13.956, +0.045,+0.935
1668174480,+3.47,+13.956, +0.045,+0.935
1668174540,+3.47,+13.956, +0.045,+0.935
1668174600,+3.47,+13.956, +0.044,+0.935
1668174660,+3.47,+13.974, +0.045,+0.935
1668174720,+3.47,+13.948, +0.045,+0.935
1668174780,+3.47,+13.965, +0.045,+0.935
1668174840,+3.47,+13.956, +0.045,+0.935
1668174900,+3.47,+13.956, +0.045,+0.935
1668174960,+3.46,+13.956, +0.045,+0.935
1668175020,+3.47,+13.965, +0.045,+0.935
1668175080,+3.47,+13.965, +0.045,+0.935
1668175140,+3.46,+13.956, +0.045,+0.935
1668175200,+3.47,+13.965, +0.044,+0.935
1668175260,+3.46,+13.983, +0.044,+0.935
1668175320,+3.47,+13.948, +0.045,+0.935
1668175380,+3.47,+13.974, +0.045,+0.935
1668175440,+3.47,+13.974, +0.044,+0.935
1668175500,+3.47,+13.956, +0.045,+0.935
1668175560,+3.47,+13.974, +0.044,+0.935
1668175620,+3.47,+13.956, +0.045,+0.935
1668175680,+3.47,+13.965, +0.045,+0.935
1668175740,+3.46,+13.983, +0.045,+0.935
1668175800,+3.47,+13.965, +0.045,+0.935
1668175860,+3.46,+13.991, +0.045,+0.935
1668175920,+3.46,+13.974, +0.045,+0.935
1668175980,+3.47,+13.956, +0.045,+0.935
1668176040,+3.46,+13.974, +0.045,+0.935
1668176100,+3.46,+13.974, +0.044,+0.935
1668176160,+3.47,+13.974, +0.045,+0.935
1668176220,+3.47,+13.974, +0.045,+0.935
1668176280,+3.47,+13.974, +0.045,+0.935
1668176340,+3.47,+13.974, +0.045,+0.935
1668176400,+3.47,+13.965, +0.045,+0.935
1668176460,+3.46,+13.974, +0.045,+0.935
1668176520,+3.46,+13.965, +0.044,+0.935
1668176580,+3.47,+13.991, +0.044,+0.935
1668176640,+3.46,+13.974, +0.046,+0.935
1668176700,+3.46,+13.956, +0.045,+0.935
1668176760,+3.47,+13.991, +0.044,+0.935
1668176820,+3.46,+13.983, +0.045,+0.935
1668176880,+3.47,+13.991, +0.045,+0.935
1668176940,+3.46,+14.000, +0.045,+0.935
1668177000,+3.46,+14.000, +0.045,+0.935
1668177060,+3.46,+13.983, +0.044,+0.935
1668177120,+3.46,+13.983, +0.045,+0.935
1668177180,+3.47,+13.983, +0.044,+0.935
1668177240,+3.46,+14.000, +0.045,+0.935
1668177300,+3.46,+14.000, +0.045,+0.935
1668177360,+3.46,+14.009, +0.045,+0.935
1668177420,+3.46,+14.000, +0.044,+0.935
1668177480,+3.47,+14.000, +0.045,+0.935
1668177540,+3.47,+13.991, +0.044,+0.935
1668177600,+3.46,+14.000, +0.045,+0.935
1668177660,+3.46,+14.000, +0.045,+0.935
1668177720,+3.47,+13.983, +0.045,+0.935
1668177780,+3.47,+13.991, +0.045,+0.935
1668177840,+3.47,+14.000, +0.045,+0.935
1668177900,+3.46,+14.009, +0.044,+0.935
1668177960,+3.46,+14.009, +0.044,+0.935
1668178020,+3.47,+14.009, +0.045,+0.935
1668178080,+3.47,+14.000, +0.045,+0.935
1668178140,+3.47,+13.983, +0.044,+0.935
1668178200,+3.47,+14.000, +0.044,+0.935
1668178260,+3.47,+14.000, +0.045,+0.935
1668178320,+3.47,+14.000, +0.045,+0.935
1668178380,+3.47,+13.991, +0.045,+0.935
1668178440,+3.47,+13.991, +0.044,+0.935
1668178500,+3.47,+13.991, +0.045,+0.935
1668178560,+3.47,+13.974, +0.044,+0.935
1668178620,+3.47,+13.991, +0.045,+0.935
1668178680,+3.47,+13.983, +0.045,+0.935
1668178740,+3.46,+13.983, +0.045,+0.935
1668178800,+3.47,+13.983, +0.045,+0.935
1668178860,+3.47,+13.983, +0.045,+0.935
1668178920,+3.47,+13.974, +0.045,+0.935
1668178980,+3.47,+13.974, +0.045,+0.935
1668179040,+3.46,+13.991, +0.045,+0.935
1668179100,+3.47,+13.991, +0.045,+0.935
1668179160,+3.47,+13.974, +0.044,+0.935
1668179220,+3.47,+13.983, +0.045,+0.935
1668179280,+3.47,+13.965, +0.046,+0.935
1668179340,+3.47,+13.991, +0.044,+0.935
1668179400,+3.47,+13.983, +0.045,+0.935
1668179460,+3.46,+13.983, +0.045,+0.935
1668179520,+3.47,+13.983, +0.045,+0.935
1668179580,+3.46,+14.009, +0.044,+0.935
1668179640,+3.47,+13.983, +0.044,+0.935
1668179700,+3.47,+14.000, +0.045,+0.935
1668179760,+3.47,+13.983, +0.045,+0.935
1668179820,+3.47,+14.000, +0.045,+0.935
1668179880,+3.46,+14.000, +0.045,+0.935
1668179940,+3.46,+13.991, +0.044,+0.935
1668180000,+3.47,+13.983, +0.045,+0.935
1668180060,+3.47,+14.000, +0.045,+0.935
1668180120,+3.47,+14.017, +0.045,+0.935
1668180180,+3.47,+14.000, +0.045,+0.935
1668180240,+3.46,+14.000, +0.045,+0.935
1668180300,+3.47,+13.991, +0.045,+0.935
1668180360,+3.46,+14.026, +0.045,+0.935
1668180420,+3.47,+14.017, +0.045,+0.935
1668180480,+3.47,+14.017, +0.045,+0.935
1668180540,+3.46,+14.035, +0.045,+0.935
1668180600,+3.46,+14.026, +0.045,+0.935
1668180660,+3.46,+14.026, +0.045,+0.935
1668180720,+3.46,+14.043, +0.045,+0.935
1668180780,+3.46,+14.026, +0.045,+0.935
1668180840,+3.46,+14.026, +0.045,+0.935
1668180900,+3.46,+14.026, +0.045,+0.935
1668180960,+3.46,+14.026, +0.045,+0.935
1668181020,+3.46,+14.026, +0.045,+0.935
1668181080,+3.46,+14.035, +0.044,+0.935
1668181140,+3.46,+14.026, +0.045,+0.935
1668181200,+3.47,+14.017, +0.045,+0.935
1668181260,+3.46,+14.017, +0.044,+0.935
1668181320,+3.46,+14.000, +0.045,+0.935
1668181380,+3.46,+14.009, +0.045,+0.935
1668181440,+3.46,+14.017, +0.045,+0.935
1668181500,+3.46,+14.017, +0.045,+0.935
1668181560,+3.47,+14.000, +0.045,+0.935
1668181620,+3.46,+14.026, +0.045,+0.935
1668181680,+3.46,+14.017, +0.045,+0.935
1668181740,+3.46,+14.035, +0.045,+0.935
1668181800,+3.46,+14.035, +0.044,+0.935
1668181860,+3.46,+14.017, +0.044,+0.935
1668181920,+3.46,+14.017, +0.045,+0.935
1668181980,+3.46,+14.026, +0.045,+0.935
1668182040,+3.46,+14.026, +0.045,+0.935
1668182100,+3.46,+14.043, +0.045,+0.935
1668182160,+3.46,+14.017, +0.044,+0.935
1668182220,+3.47,+14.017, +0.044,+0.935
1668182280,+3.46,+14.052, +0.044,+0.935
1668182340,+3.46,+14.043, +0.045,+0.935
1668182400,+3.46,+14.061, +0.044,+0.935
1668182460,+3.46,+14.035, +0.045,+0.935
1668182520,+3.47,+14.043, +0.045,+0.935
1668182580,+3.47,+14.035, +0.045,+0.935
1668182640,+3.46,+14.043, +0.045,+0.935
1668182700,+3.47,+14.043, +0.045,+0.935
1668182760,+3.46,+14.061, +0.044,+0.935
1668182820,+3.46,+14.043, +0.045,+0.935
1668182880,+3.46,+14.061, +0.045,+0.935
1668182940,+3.46,+14.052, +0.045,+0.935
1668183000,+3.46,+14.061, +0.044,+0.935
1668183060,+3.46,+14.069, +0.044,+0.935
1668183120,+3.46,+14.052, +0.044,+0.935
1668183180,+3.47,+14.043, +0.044,+0.935
1668183240,+3.46,+14.052, +0.045,+0.935
1668183300,+3.46,+14.078, +0.044,+0.935
1668183360,+3.46,+14.069, +0.045,+0.935
1668183420,+3.46,+14.078, +0.044,+0.935
1668183480,+3.46,+14.061, +0.045,+0.935
1668183540,+3.46,+14.061, +0.045,+0.935
1668183600,+3.47,+14.069, +0.045,+0.935
1668183660,+3.46,+14.069, +0.045,+0.935
1668183720,+3.46,+14.061, +0.045,+0.935
1668183780,+3.46,+14.069, +0.045,+0.935
1668183840,+3.46,+14.061, +0.044,+0.935
1668183900,+3.46,+14.069, +0.045,+0.935
1668183960,+3.46,+14.052, +0.045,+0.935
1668184020,+3.46,+14.061, +0.045,+0.935
1668184080,+3.46,+14.078, +0.044,+0.935
1668184140,+3.46,+14.061, +0.045,+0.935
1668184200,+3.46,+14.078, +0.045,+0.935
1668184260,+3.46,+14.069, +0.045,+0.935
1668184320,+3.46,+14.087, +0.045,+0.935
1668184380,+3.46,+14.087, +0.044,+0.935
1668184440,+3.46,+14.069, +0.045,+0.935
1668184500,+3.46,+14.087, +0.045,+0.935
1668184560,+3.46,+14.096, +0.044,+0.935
1668184620,+3.46,+14.078, +0.045,+0.935
1668184680,+3.46,+14.096, +0.045,+0.935
1668184740,+3.46,+14.096, +0.044,+0.935
1668184800,+3.46,+14.096, +0.045,+0.935
1668184860,+3.46,+14.096, +0.045,+0.935
1668184920,+3.46,+14.087, +0.045,+0.935
1668184980,+3.46,+14.104, +0.045,+0.935
1668185040,+3.46,+14.122, +0.044,+0.935
1668185100,+3.46,+14.096, +0.045,+0.935
1668185160,+3.46,+14.122, +0.045,+0.935
1668185220,+3.46,+14.087, +0.044,+0.935
1668185280,+3.46,+14.096, +0.045,+0.935
