7450-383325
OS REV: 1.05 Sensor Cal: 1644949570
Time (sec),  BV (Volts),  T (deg C),  DO (mg/l),  Q ()
1666284540,+3.47,+16.169, +9.546,+0.958
1666284600,+3.47,+16.169, +9.574,+0.958
1666284660,+3.47,+16.169, +9.633,+0.958
1666284720,+3.47,+16.169, +9.650,+0.958
1666284780,+3.47,+16.186, +9.684,+0.958
1666284840,+3.47,+16.203, +9.674,+0.958
1666284900,+3.47,+16.203, +9.696,+0.958
1666284960,+3.47,+16.203, +9.713,+0.959
1666285020,+3.47,+16.195, +9.737,+0.958
1666285080,+3.47,+16.212, +9.716,+0.958
1666285140,+3.47,+16.203, +9.748,+0.958
1666285200,+3.47,+16.203, +9.778,+0.959
1666285260,+3.47,+16.220, +9.787,+0.958
1666285320,+3.47,+16.203, +9.811,+0.958
1666285380,+3.47,+16.203, +9.847,+0.959
1666285440,+3.47,+16.237, +9.863,+0.959
1666285500,+3.47,+16.246, +9.927,+0.959
1666285560,+3.47,+16.280, +9.913,+0.959
1666285620,+3.47,+16.323, +9.876,+0.958
1666285680,+3.47,+16.340, +9.863,+0.959
1666285740,+3.47,+16.382, +9.940,+0.958
1666285800,+3.47,+16.391,+10.045,+0.958
1666285860,+3.47,+16.425,+10.123,+0.958
1666285920,+3.47,+16.442,+10.133,+0.959
1666285980,+3.47,+16.467,+10.060,+0.958
1666286040,+3.47,+16.510,+10.011,+0.959
1666286100,+3.47,+16.518, +9.994,+0.959
1666286160,+3.47,+16.552, +9.936,+0.959
1666286220,+3.47,+16.578, +9.883,+0.959
1666286280,+3.47,+16.603, +9.865,+0.959
1666286340,+3.47,+16.637, +9.829,+0.959
1666286400,+3.47,+16.646, +9.831,+0.958
1666286460,+3.47,+16.671, +9.814,+0.958
1666286520,+3.47,+16.680, +9.812,+0.959
1666286580,+3.47,+16.697, +9.819,+0.959
1666286640,+3.47,+16.697, +9.814,+0.958
1666286700,+3.47,+16.697, +9.788,+0.958
1666286760,+3.47,+16.688, +9.790,+0.958
1666286820,+3.47,+16.688, +9.787,+0.958
1666286880,+3.47,+16.722, +9.798,+0.959
1666286940,+3.47,+16.731, +9.800,+0.958
1666287000,+3.47,+16.722, +9.821,+0.959
1666287060,+3.47,+16.722, +9.810,+0.958
1666287120,+3.47,+16.739, +9.834,+0.959
1666287180,+3.47,+16.739, +9.874,+0.958
1666287240,+3.47,+16.765, +9.876,+0.958
1666287300,+3.47,+16.765, +9.886,+0.958
1666287360,+3.47,+16.765, +9.908,+0.958
1666287420,+3.47,+16.748, +9.900,+0.958
1666287480,+3.47,+16.765, +9.887,+0.959
1666287540,+3.47,+16.748, +9.861,+0.958
1666287600,+3.47,+16.756, +9.859,+0.959
1666287660,+3.47,+16.765, +9.869,+0.959
1666287720,+3.47,+16.739, +9.856,+0.958
1666287780,+3.47,+16.765, +9.842,+0.959
1666287840,+3.47,+16.756, +9.807,+0.958
1666287900,+3.47,+16.773, +9.795,+0.959
1666287960,+3.47,+16.790, +9.801,+0.959
1666288020,+3.47,+16.799, +9.808,+0.958
1666288080,+3.47,+16.782, +9.821,+0.958
1666288140,+3.47,+16.773, +9.793,+0.958
1666288200,+3.47,+16.799, +9.782,+0.958
1666288260,+3.47,+16.799, +9.795,+0.959
1666288320,+3.47,+16.799, +9.795,+0.959
1666288380,+3.47,+16.790, +9.789,+0.958
1666288440,+3.47,+16.799, +9.812,+0.958
1666288500,+3.47,+16.816, +9.784,+0.959
1666288560,+3.47,+16.824, +9.772,+0.959
1666288620,+3.47,+16.807, +9.707,+0.958
1666288680,+3.47,+16.799, +9.679,+0.959
1666288740,+3.47,+16.841, +9.666,+0.959
1666288800,+3.47,+16.816, +9.649,+0.958
1666288860,+3.47,+16.807, +9.668,+0.958
1666288920,+3.47,+16.816, +9.700,+0.959
1666288980,+3.47,+16.790, +9.690,+0.958
1666289040,+3.47,+16.799, +9.694,+0.958
1666289100,+3.47,+16.807, +9.701,+0.958
1666289160,+3.47,+16.816, +9.682,+0.958
1666289220,+3.47,+16.799, +9.675,+0.958
1666289280,+3.47,+16.799, +9.694,+0.958
1666289340,+3.47,+16.799, +9.678,+0.958
1666289400,+3.47,+16.790, +9.686,+0.958
1666289460,+3.47,+16.807, +9.678,+0.958
1666289520,+3.47,+16.799, +9.709,+0.958
1666289580,+3.47,+16.824, +9.726,+0.959
1666289640,+3.47,+16.790, +9.739,+0.959
1666289700,+3.47,+16.816, +9.733,+0.958
1666289760,+3.47,+16.816, +9.736,+0.959
1666289820,+3.47,+16.799, +9.709,+0.958
1666289880,+3.47,+16.799, +9.689,+0.958
1666289940,+3.47,+16.790, +9.687,+0.958
1666290000,+3.47,+16.799, +9.695,+0.958
1666290060,+3.47,+16.799, +9.693,+0.958
1666290120,+3.47,+16.790, +9.716,+0.958
1666290180,+3.47,+16.799, +9.721,+0.958
1666290240,+3.47,+16.782, +9.744,+0.958
1666290300,+3.47,+16.756, +9.787,+0.959
1666290360,+3.47,+16.748, +9.760,+0.958
1666290420,+3.47,+16.739, +9.734,+0.958
1666290480,+3.47,+16.714, +9.750,+0.959
1666290540,+3.47,+16.731, +9.729,+0.958
1666290600,+3.47,+16.705, +9.704,+0.958
1666290660,+3.47,+16.688, +9.716,+0.959
1666290720,+3.47,+16.697, +9.693,+0.958
1666290780,+3.47,+16.714, +9.675,+0.958
1666290840,+3.47,+16.697, +9.698,+0.958
1666290900,+3.47,+16.680, +9.705,+0.958
1666290960,+3.47,+16.705, +9.705,+0.958
1666291020,+3.47,+16.731, +9.721,+0.958
1666291080,+3.47,+16.722, +9.731,+0.958
1666291140,+3.47,+16.722, +9.750,+0.958
1666291200,+3.47,+16.739, +9.757,+0.959
1666291260,+3.47,+16.748, +9.773,+0.958
1666291320,+3.47,+16.748, +9.801,+0.958
1666291380,+3.47,+16.765, +9.822,+0.958
1666291440,+3.47,+16.756, +9.831,+0.958
1666291500,+3.47,+16.773, +9.839,+0.958
1666291560,+3.47,+16.773, +9.845,+0.958
1666291620,+3.47,+16.748, +9.825,+0.958
1666291680,+3.47,+16.739, +9.775,+0.959
1666291740,+3.47,+16.722, +9.739,+0.958
1666291800,+3.47,+16.705, +9.722,+0.958
1666291860,+3.47,+16.714, +9.741,+0.958
1666291920,+3.47,+16.705, +9.747,+0.958
1666291980,+3.47,+16.697, +9.747,+0.959
1666292040,+3.47,+16.705, +9.729,+0.958
1666292100,+3.47,+16.680, +9.713,+0.958
1666292160,+3.47,+16.654, +9.720,+0.958
1666292220,+3.47,+16.663, +9.744,+0.958
1666292280,+3.47,+16.629, +9.776,+0.958
1666292340,+3.47,+16.637, +9.794,+0.958
1666292400,+3.47,+16.612, +9.791,+0.958
1666292460,+3.47,+16.595, +9.771,+0.958
1666292520,+3.47,+16.595, +9.759,+0.958
1666292580,+3.47,+16.595, +9.749,+0.958
1666292640,+3.47,+16.595, +9.777,+0.959
1666292700,+3.47,+16.578, +9.781,+0.958
1666292760,+3.47,+16.586, +9.771,+0.958
1666292820,+3.47,+16.561, +9.786,+0.958
1666292880,+3.47,+16.578, +9.789,+0.958
1666292940,+3.47,+16.603, +9.808,+0.959
1666293000,+3.47,+16.586, +9.802,+0.958
1666293060,+3.47,+16.561, +9.814,+0.959
1666293120,+3.47,+16.552, +9.807,+0.959
1666293180,+3.47,+16.544, +9.801,+0.958
1666293240,+3.47,+16.535, +9.778,+0.958
1666293300,+3.47,+16.527, +9.768,+0.958
1666293360,+3.47,+16.544, +9.780,+0.958
1666293420,+3.47,+16.544, +9.785,+0.958
1666293480,+3.47,+16.561, +9.790,+0.958
1666293540,+3.47,+16.544, +9.787,+0.958
1666293600,+3.47,+16.561, +9.809,+0.958
1666293660,+3.47,+16.552, +9.808,+0.958
1666293720,+3.47,+16.535, +9.816,+0.958
1666293780,+3.47,+16.527, +9.812,+0.959
1666293840,+3.47,+16.535, +9.802,+0.958
1666293900,+3.47,+16.527, +9.821,+0.959
1666293960,+3.47,+16.535, +9.810,+0.958
1666294020,+3.47,+16.535, +9.822,+0.958
1666294080,+3.47,+16.552, +9.838,+0.958
1666294140,+3.47,+16.544, +9.841,+0.958
1666294200,+3.47,+16.569, +9.848,+0.958
1666294260,+3.47,+16.544, +9.883,+0.958
1666294320,+3.47,+16.552, +9.894,+0.958
1666294380,+3.47,+16.561, +9.880,+0.958
1666294440,+3.47,+16.569, +9.878,+0.958
1666294500,+3.47,+16.561, +9.897,+0.958
1666294560,+3.47,+16.578, +9.878,+0.959
1666294620,+3.47,+16.561, +9.872,+0.958
1666294680,+3.47,+16.561, +9.887,+0.958
1666294740,+3.47,+16.561, +9.911,+0.958
1666294800,+3.47,+16.561, +9.901,+0.959
1666294860,+3.47,+16.561, +9.878,+0.958
1666294920,+3.47,+16.552, +9.832,+0.958
1666294980,+3.47,+16.535, +9.847,+0.958
1666295040,+3.47,+16.535, +9.847,+0.958
1666295100,+3.47,+16.535, +9.848,+0.958
1666295160,+3.47,+16.535, +9.846,+0.958
1666295220,+3.47,+16.544, +9.845,+0.958
1666295280,+3.47,+16.535, +9.861,+0.959
1666295340,+3.47,+16.544, +9.847,+0.958
1666295400,+3.47,+16.527, +9.852,+0.959
1666295460,+3.47,+16.535, +9.852,+0.958
1666295520,+3.47,+16.527, +9.859,+0.958
1666295580,+3.47,+16.535, +9.854,+0.959
1666295640,+3.47,+16.518, +9.851,+0.959
1666295700,+3.47,+16.527, +9.837,+0.958
1666295760,+3.47,+16.501, +9.833,+0.958
1666295820,+3.47,+16.518, +9.844,+0.959
1666295880,+3.47,+16.518, +9.835,+0.959
1666295940,+3.47,+16.518, +9.825,+0.959
1666296000,+3.47,+16.527, +9.831,+0.959
1666296060,+3.47,+16.501, +9.844,+0.958
1666296120,+3.47,+16.493, +9.848,+0.958
1666296180,+3.47,+16.476, +9.841,+0.958
1666296240,+3.47,+16.501, +9.815,+0.958
1666296300,+3.47,+16.493, +9.824,+0.958
1666296360,+3.47,+16.493, +9.818,+0.958
1666296420,+3.47,+16.493, +9.825,+0.958
1666296480,+3.47,+16.493, +9.809,+0.958
1666296540,+3.47,+16.484, +9.802,+0.958
1666296600,+3.47,+16.467, +9.804,+0.958
1666296660,+3.47,+16.459, +9.820,+0.958
1666296720,+3.47,+16.476, +9.797,+0.958
1666296780,+3.47,+16.467, +9.818,+0.958
1666296840,+3.47,+16.450, +9.846,+0.958
1666296900,+3.47,+16.459, +9.846,+0.958
1666296960,+3.47,+16.442, +9.848,+0.958
1666297020,+3.47,+16.450, +9.846,+0.959
1666297080,+3.47,+16.425, +9.859,+0.958
1666297140,+3.47,+16.408, +9.864,+0.958
1666297200,+3.47,+16.433, +9.847,+0.958
1666297260,+3.47,+16.416, +9.879,+0.959
1666297320,+3.47,+16.433, +9.874,+0.958
1666297380,+3.47,+16.425, +9.873,+0.958
1666297440,+3.47,+16.433, +9.866,+0.959
1666297500,+3.47,+16.408, +9.859,+0.958
1666297560,+3.47,+16.416, +9.807,+0.959
1666297620,+3.47,+16.408, +9.811,+0.958
1666297680,+3.47,+16.416, +9.838,+0.958
1666297740,+3.47,+16.425, +9.820,+0.958
1666297800,+3.47,+16.408, +9.849,+0.958
1666297860,+3.47,+16.416, +9.839,+0.958
1666297920,+3.47,+16.408, +9.847,+0.958
1666297980,+3.47,+16.399, +9.837,+0.958
1666298040,+3.47,+16.399, +9.806,+0.958
1666298100,+3.47,+16.399, +9.697,+0.958
1666298160,+3.47,+16.416, +9.717,+0.958
1666298220,+3.47,+16.382, +9.710,+0.958
1666298280,+3.47,+16.391, +9.755,+0.958
1666298340,+3.47,+16.399, +9.771,+0.958
1666298400,+3.47,+16.399, +9.762,+0.958
1666298460,+3.47,+16.399, +9.682,+0.958
1666298520,+3.47,+16.416, +9.718,+0.958
1666298580,+3.47,+16.391, +9.786,+0.958
1666298640,+3.47,+16.374, +9.813,+0.958
1666298700,+3.47,+16.382, +9.837,+0.959
1666298760,+3.47,+16.382, +9.824,+0.958
1666298820,+3.47,+16.382, +9.831,+0.958
1666298880,+3.47,+16.374, +9.832,+0.958
1666298940,+3.47,+16.391, +9.824,+0.958
1666299000,+3.47,+16.374, +9.833,+0.959
1666299060,+3.47,+16.365, +9.835,+0.958
1666299120,+3.47,+16.348, +9.837,+0.958
1666299180,+3.47,+16.357, +9.831,+0.958
1666299240,+3.47,+16.374, +9.796,+0.959
1666299300,+3.47,+16.374, +9.813,+0.958
1666299360,+3.47,+16.374, +9.791,+0.958
1666299420,+3.47,+16.365, +9.829,+0.958
1666299480,+3.47,+16.348, +9.856,+0.958
1666299540,+3.47,+16.323, +9.871,+0.958
1666299600,+3.47,+16.340, +9.872,+0.958
1666299660,+3.47,+16.323, +9.772,+0.959
1666299720,+3.47,+16.331, +9.756,+0.958
1666299780,+3.47,+16.331, +9.777,+0.958
1666299840,+3.47,+16.323, +9.808,+0.959
1666299900,+3.47,+16.323, +9.798,+0.958
1666299960,+3.47,+16.331, +9.791,+0.958
1666300020,+3.47,+16.297, +9.793,+0.958
1666300080,+3.47,+16.271, +9.807,+0.958
1666300140,+3.47,+16.271, +9.793,+0.959
1666300200,+3.47,+16.263, +9.773,+0.958
1666300260,+3.47,+16.263, +9.801,+0.958
1666300320,+3.47,+16.263, +9.800,+0.958
1666300380,+3.47,+16.246, +9.798,+0.958
1666300440,+3.47,+16.271, +9.704,+0.958
1666300500,+3.47,+16.254, +9.741,+0.958
1666300560,+3.47,+16.237, +9.774,+0.958
1666300620,+3.47,+16.237, +9.806,+0.958
1666300680,+3.47,+16.246, +9.812,+0.958
1666300740,+3.47,+16.237, +9.825,+0.958
1666300800,+3.47,+16.212, +9.836,+0.958
1666300860,+3.47,+16.203, +9.867,+0.958
1666300920,+3.47,+16.203, +9.875,+0.958
1666300980,+3.47,+16.186, +9.892,+0.958
1666301040,+3.47,+16.186, +9.901,+0.958
1666301100,+3.47,+16.195, +9.873,+0.958
1666301160,+3.47,+16.178, +9.886,+0.958
1666301220,+3.47,+16.169, +9.886,+0.958
1666301280,+3.47,+16.169, +9.881,+0.958
1666301340,+3.47,+16.178, +9.881,+0.958
1666301400,+3.47,+16.169, +9.856,+0.958
1666301460,+3.47,+16.152, +9.900,+0.958
1666301520,+3.47,+16.143, +9.933,+0.958
1666301580,+3.47,+16.126, +9.942,+0.958
1666301640,+3.47,+16.135, +9.943,+0.958
1666301700,+3.47,+16.101, +9.962,+0.958
1666301760,+3.48,+16.109, +9.965,+0.958
1666301820,+3.47,+16.101, +9.956,+0.958
1666301880,+3.47,+16.118, +9.963,+0.959
1666301940,+3.47,+16.101, +9.960,+0.958
1666302000,+3.48,+16.101, +9.942,+0.958
1666302060,+3.48,+16.075, +9.954,+0.958
1666302120,+3.47,+16.075, +9.972,+0.958
1666302180,+3.48,+16.075, +9.972,+0.959
1666302240,+3.48,+16.067, +9.939,+0.958
1666302300,+3.47,+16.092, +9.931,+0.959
1666302360,+3.47,+16.067, +9.950,+0.958
1666302420,+3.48,+16.067, +9.950,+0.958
1666302480,+3.47,+16.067, +9.935,+0.958
1666302540,+3.48,+16.067, +9.948,+0.958
1666302600,+3.48,+16.050, +9.947,+0.958
1666302660,+3.48,+16.050, +9.947,+0.958
1666302720,+3.48,+16.033, +9.976,+0.958
1666302780,+3.48,+16.024, +9.963,+0.958
1666302840,+3.48,+16.024, +9.991,+0.959
1666302900,+3.47,+16.015, +9.965,+0.958
1666302960,+3.48,+16.024, +9.974,+0.958
1666303020,+3.48,+15.998, +9.973,+0.958
1666303080,+3.48,+16.007, +9.961,+0.958
1666303140,+3.48,+16.007, +9.947,+0.958
1666303200,+3.48,+16.007, +9.937,+0.958
1666303260,+3.48,+16.015, +9.950,+0.958
1666303320,+3.48,+15.981, +9.955,+0.958
1666303380,+3.48,+15.973, +9.961,+0.958
1666303440,+3.48,+15.981, +9.949,+0.959
1666303500,+3.48,+15.973, +9.930,+0.958
1666303560,+3.48,+15.973, +9.902,+0.959
1666303620,+3.48,+15.981, +9.910,+0.958
1666303680,+3.48,+15.956, +9.927,+0.958
1666303740,+3.48,+15.956, +9.919,+0.958
1666303800,+3.48,+15.973, +9.922,+0.958
1666303860,+3.48,+15.939, +9.926,+0.959
1666303920,+3.48,+15.947, +9.906,+0.958
1666303980,+3.48,+15.930, +9.910,+0.958
1666304040,+3.48,+15.947, +9.891,+0.958
1666304100,+3.48,+15.947, +9.865,+0.958
1666304160,+3.48,+15.913, +9.883,+0.958
1666304220,+3.48,+15.896, +9.907,+0.958
1666304280,+3.48,+15.896, +9.905,+0.959
1666304340,+3.48,+15.887, +9.874,+0.958
1666304400,+3.48,+15.879, +9.864,+0.958
1666304460,+3.48,+15.887, +9.855,+0.958
1666304520,+3.48,+15.879, +9.889,+0.958
1666304580,+3.48,+15.870, +9.882,+0.958
1666304640,+3.48,+15.879, +9.865,+0.959
1666304700,+3.48,+15.887, +9.856,+0.958
1666304760,+3.48,+15.870, +9.858,+0.958
1666304820,+3.48,+15.879, +9.831,+0.958
1666304880,+3.48,+15.862, +9.838,+0.958
1666304940,+3.48,+15.879, +9.835,+0.958
1666305000,+3.48,+15.870, +9.854,+0.958
1666305060,+3.48,+15.870, +9.829,+0.958
1666305120,+3.48,+15.862, +9.813,+0.958
1666305180,+3.48,+15.870, +9.806,+0.958
1666305240,+3.48,+15.853, +9.839,+0.958
1666305300,+3.48,+15.853, +9.843,+0.958
1666305360,+3.48,+15.827, +9.850,+0.958
1666305420,+3.48,+15.845, +9.847,+0.958
1666305480,+3.48,+15.827, +9.846,+0.958
1666305540,+3.48,+15.827, +9.845,+0.958
1666305600,+3.48,+15.836, +9.861,+0.958
1666305660,+3.48,+15.827, +9.851,+0.958
1666305720,+3.48,+15.819, +9.859,+0.958
1666305780,+3.48,+15.819, +9.864,+0.958
1666305840,+3.48,+15.810, +9.871,+0.958
1666305900,+3.48,+15.802, +9.887,+0.959
1666305960,+3.48,+15.819, +9.846,+0.958
1666306020,+3.48,+15.827, +9.856,+0.959
1666306080,+3.48,+15.819, +9.841,+0.958
1666306140,+3.48,+15.827, +9.823,+0.958
1666306200,+3.48,+15.810, +9.803,+0.958
1666306260,+3.48,+15.836, +9.811,+0.958
1666306320,+3.48,+15.810, +9.822,+0.958
1666306380,+3.48,+15.827, +9.828,+0.958
1666306440,+3.48,+15.819, +9.857,+0.959
1666306500,+3.48,+15.845, +9.857,+0.959
1666306560,+3.48,+15.836, +9.872,+0.959
1666306620,+3.48,+15.836, +9.855,+0.958
1666306680,+3.48,+15.819, +9.862,+0.958
1666306740,+3.48,+15.827, +9.864,+0.958
1666306800,+3.48,+15.836, +9.847,+0.958
1666306860,+3.48,+15.845, +9.821,+0.959
1666306920,+3.48,+15.853, +9.813,+0.958
1666306980,+3.48,+15.819, +9.832,+0.958
1666307040,+3.48,+15.836, +9.840,+0.958
1666307100,+3.48,+15.862, +9.830,+0.958
1666307160,+3.48,+15.836, +9.842,+0.959
1666307220,+3.48,+15.845, +9.826,+0.958
1666307280,+3.48,+15.853, +9.813,+0.958
1666307340,+3.48,+15.845, +9.809,+0.959
1666307400,+3.48,+15.845, +9.803,+0.958
1666307460,+3.48,+15.862, +9.794,+0.958
1666307520,+3.48,+15.862, +9.793,+0.958
1666307580,+3.48,+15.836, +9.798,+0.959
1666307640,+3.48,+15.853, +9.807,+0.958
1666307700,+3.48,+15.879, +9.796,+0.958
1666307760,+3.48,+15.879, +9.804,+0.958
1666307820,+3.48,+15.879, +9.772,+0.958
1666307880,+3.48,+15.896, +9.750,+0.958
1666307940,+3.48,+15.887, +9.745,+0.958
1666308000,+3.48,+15.913, +9.721,+0.958
1666308060,+3.48,+15.904, +9.716,+0.958
1666308120,+3.48,+15.896, +9.733,+0.958
1666308180,+3.48,+15.913, +9.718,+0.958
1666308240,+3.48,+15.904, +9.737,+0.958
1666308300,+3.48,+15.896, +9.731,+0.958
1666308360,+3.48,+15.913, +9.699,+0.958
1666308420,+3.48,+15.896, +9.720,+0.958
1666308480,+3.48,+15.921, +9.717,+0.958
1666308540,+3.48,+15.913, +9.717,+0.958
1666308600,+3.48,+15.939, +9.659,+0.958
1666308660,+3.48,+15.913, +9.659,+0.958
1666308720,+3.48,+15.921, +9.700,+0.958
1666308780,+3.48,+15.913, +9.718,+0.958
1666308840,+3.48,+15.921, +9.699,+0.958
1666308900,+3.48,+15.904, +9.711,+0.958
1666308960,+3.48,+15.896, +9.726,+0.958
1666309020,+3.48,+15.904, +9.737,+0.958
1666309080,+3.48,+15.930, +9.660,+0.958
1666309140,+3.48,+15.913, +9.645,+0.958
1666309200,+3.48,+15.913, +9.661,+0.958
1666309260,+3.47,+15.896, +9.689,+0.958
1666309320,+3.48,+15.904, +9.682,+0.958
1666309380,+3.48,+15.904, +9.680,+0.958
1666309440,+3.48,+15.921, +9.684,+0.958
1666309500,+3.48,+15.904, +9.684,+0.958
1666309560,+3.48,+15.896, +9.703,+0.958
1666309620,+3.48,+15.904, +9.690,+0.958
1666309680,+3.48,+15.896, +9.659,+0.958
1666309740,+3.48,+15.870, +9.698,+0.958
1666309800,+3.48,+15.870, +9.702,+0.958
1666309860,+3.48,+15.862, +9.671,+0.958
1666309920,+3.48,+15.896, +9.641,+0.958
1666309980,+3.48,+15.870, +9.621,+0.958
1666310040,+3.48,+15.887, +9.611,+0.958
1666310100,+3.48,+15.862, +9.545,+0.958
1666310160,+3.48,+15.853, +9.571,+0.958
1666310220,+3.48,+15.853, +9.584,+0.958
1666310280,+3.48,+15.845, +9.634,+0.958
1666310340,+3.48,+15.836, +9.613,+0.958
1666310400,+3.48,+15.845, +9.603,+0.958
1666310460,+3.48,+15.836, +9.620,+0.958
1666310520,+3.48,+15.819, +9.645,+0.958
1666310580,+3.48,+15.810, +9.659,+0.958
1666310640,+3.48,+15.810, +9.622,+0.958
1666310700,+3.48,+15.802, +9.667,+0.958
1666310760,+3.48,+15.827, +9.671,+0.958
1666310820,+3.48,+15.810, +9.698,+0.959
1666310880,+3.48,+15.802, +9.694,+0.958
1666310940,+3.48,+15.802, +9.679,+0.958
1666311000,+3.48,+15.793, +9.667,+0.958
1666311060,+3.48,+15.793, +9.659,+0.958
1666311120,+3.48,+15.802, +9.685,+0.958
1666311180,+3.48,+15.785, +9.675,+0.958
1666311240,+3.48,+15.802, +9.654,+0.958
1666311300,+3.48,+15.793, +9.657,+0.958
1666311360,+3.48,+15.810, +9.653,+0.958
1666311420,+3.48,+15.793, +9.670,+0.959
1666311480,+3.48,+15.785, +9.666,+0.958
1666311540,+3.48,+15.802, +9.656,+0.958
1666311600,+3.48,+15.785, +9.663,+0.958
1666311660,+3.48,+15.793, +9.669,+0.958
1666311720,+3.48,+15.802, +9.663,+0.958
1666311780,+3.48,+15.776, +9.666,+0.958
1666311840,+3.48,+15.785, +9.663,+0.958
1666311900,+3.48,+15.793, +9.640,+0.958
1666311960,+3.48,+15.785, +9.622,+0.958
1666312020,+3.48,+15.802, +9.591,+0.958
1666312080,+3.48,+15.802, +9.632,+0.958
1666312140,+3.48,+15.776, +9.637,+0.958
1666312200,+3.48,+15.793, +9.641,+0.958
1666312260,+3.48,+15.802, +9.632,+0.958
1666312320,+3.48,+15.810, +9.607,+0.958
1666312380,+3.48,+15.793, +9.576,+0.958
1666312440,+3.48,+15.785, +9.588,+0.958
1666312500,+3.48,+15.776, +9.594,+0.958
1666312560,+3.48,+15.793, +9.592,+0.958
1666312620,+3.48,+15.768, +9.612,+0.958
1666312680,+3.48,+15.776, +9.622,+0.958
1666312740,+3.48,+15.768, +9.624,+0.959
1666312800,+3.48,+15.785, +9.604,+0.958
1666312860,+3.48,+15.750, +9.595,+0.958
1666312920,+3.48,+15.768, +9.608,+0.958
1666312980,+3.47,+15.759, +9.609,+0.958
1666313040,+3.47,+15.768, +9.595,+0.958
1666313100,+3.48,+15.768, +9.555,+0.958
1666313160,+3.47,+15.768, +9.579,+0.958
1666313220,+3.47,+15.742, +9.607,+0.958
1666313280,+3.47,+15.750, +9.588,+0.958
1666313340,+3.47,+15.750, +9.531,+0.958
1666313400,+3.47,+15.759, +9.517,+0.958
1666313460,+3.47,+15.768, +9.529,+0.958
1666313520,+3.47,+15.742, +9.507,+0.958
1666313580,+3.47,+15.750, +9.536,+0.958
1666313640,+3.47,+15.750, +9.515,+0.958
1666313700,+3.47,+15.742, +9.491,+0.958
1666313760,+3.47,+15.742, +9.507,+0.958
1666313820,+3.47,+15.742, +9.527,+0.958
1666313880,+3.47,+15.750, +9.488,+0.958
1666313940,+3.47,+15.759, +9.467,+0.957
1666314000,+3.47,+15.759, +9.465,+0.958
1666314060,+3.47,+15.768, +9.418,+0.958
1666314120,+3.47,+15.750, +9.420,+0.958
1666314180,+3.47,+15.742, +9.416,+0.958
1666314240,+3.47,+15.759, +9.368,+0.958
1666314300,+3.47,+15.768, +9.345,+0.958
1666314360,+3.47,+15.759, +9.276,+0.958
1666314420,+3.47,+15.768, +9.321,+0.958
1666314480,+3.47,+15.768, +9.307,+0.958
1666314540,+3.47,+15.759, +9.288,+0.958
1666314600,+3.47,+15.776, +9.241,+0.958
1666314660,+3.47,+15.768, +9.271,+0.958
1666314720,+3.47,+15.759, +9.367,+0.958
1666314780,+3.47,+15.768, +9.327,+0.958
1666314840,+3.47,+15.750, +9.344,+0.958
1666314900,+3.47,+15.759, +9.344,+0.958
1666314960,+3.47,+15.759, +9.358,+0.958
1666315020,+3.47,+15.733, +9.307,+0.958
1666315080,+3.47,+15.750, +9.308,+0.958
1666315140,+3.47,+15.742, +9.320,+0.958
1666315200,+3.47,+15.742, +9.358,+0.958
1666315260,+3.47,+15.742, +9.414,+0.958
1666315320,+3.47,+15.733, +9.416,+0.958
1666315380,+3.47,+15.733, +9.434,+0.958
1666315440,+3.47,+15.742, +9.435,+0.958
1666315500,+3.47,+15.750, +9.424,+0.958
1666315560,+3.47,+15.750, +9.393,+0.958
1666315620,+3.47,+15.742, +9.390,+0.958
1666315680,+3.47,+15.750, +9.375,+0.958
1666315740,+3.47,+15.742, +9.394,+0.958
1666315800,+3.47,+15.759, +9.401,+0.958
1666315860,+3.47,+15.768, +9.364,+0.958
1666315920,+3.47,+15.742, +9.314,+0.958
1666315980,+3.47,+15.750, +9.328,+0.958
1666316040,+3.47,+15.750, +9.342,+0.958
1666316100,+3.47,+15.768, +9.341,+0.958
1666316160,+3.47,+15.742, +9.283,+0.958
1666316220,+3.47,+15.750, +9.320,+0.958
1666316280,+3.47,+15.750, +9.341,+0.958
1666316340,+3.47,+15.742, +9.357,+0.958
1666316400,+3.47,+15.742, +9.373,+0.958
1666316460,+3.47,+15.725, +9.350,+0.958
1666316520,+3.47,+15.733, +9.306,+0.958
1666316580,+3.47,+15.733, +9.319,+0.958
1666316640,+3.47,+15.733, +9.323,+0.958
1666316700,+3.47,+15.733, +9.339,+0.958
1666316760,+3.47,+15.733, +9.323,+0.958
1666316820,+3.47,+15.742, +9.329,+0.958
1666316880,+3.47,+15.742, +9.379,+0.958
1666316940,+3.47,+15.733, +9.388,+0.958
1666317000,+3.47,+15.750, +9.416,+0.958
1666317060,+3.47,+15.750, +9.405,+0.958
1666317120,+3.47,+15.742, +9.392,+0.958
1666317180,+3.47,+15.750, +9.364,+0.958
1666317240,+3.47,+15.768, +9.169,+0.958
1666317300,+3.47,+15.759, +8.987,+0.958
1666317360,+3.48,+15.785, +8.959,+0.958
1666317420,+3.47,+15.776, +8.962,+0.958
1666317480,+3.47,+15.793, +9.060,+0.958
1666317540,+3.47,+15.776, +9.115,+0.958
1666317600,+3.47,+15.793, +9.152,+0.958
1666317660,+3.47,+15.793, +9.137,+0.958
1666317720,+3.47,+15.776, +9.138,+0.958
1666317780,+3.47,+15.785, +9.127,+0.958
1666317840,+3.48,+15.785, +9.115,+0.958
1666317900,+3.47,+15.802, +9.151,+0.958
1666317960,+3.47,+15.776, +9.201,+0.958
1666318020,+3.48,+15.785, +9.266,+0.958
1666318080,+3.48,+15.776, +9.290,+0.958
1666318140,+3.47,+15.768, +9.337,+0.958
1666318200,+3.47,+15.768, +9.337,+0.958
1666318260,+3.47,+15.768, +9.370,+0.958
1666318320,+3.47,+15.776, +9.358,+0.958
1666318380,+3.47,+15.768, +9.317,+0.959
1666318440,+3.47,+15.759, +9.344,+0.958
1666318500,+3.47,+15.776, +9.323,+0.958
1666318560,+3.47,+15.776, +9.330,+0.958
1666318620,+3.47,+15.768, +9.331,+0.958
1666318680,+3.47,+15.768, +9.321,+0.957
1666318740,+3.47,+15.785, +9.248,+0.958
1666318800,+3.47,+15.768, +9.226,+0.958
1666318860,+3.47,+15.768, +9.243,+0.958
1666318920,+3.47,+15.768, +9.279,+0.958
1666318980,+3.47,+15.776, +9.311,+0.958
1666319040,+3.47,+15.793, +9.305,+0.958
1666319100,+3.48,+15.802, +9.294,+0.958
1666319160,+3.47,+15.810, +9.289,+0.958
1666319220,+3.47,+15.819, +9.279,+0.958
1666319280,+3.47,+15.810, +9.239,+0.958
1666319340,+3.48,+15.819, +9.196,+0.958
1666319400,+3.47,+15.819, +9.196,+0.958
1666319460,+3.47,+15.819, +9.191,+0.958
1666319520,+3.48,+15.819, +9.234,+0.958
1666319580,+3.48,+15.845, +9.240,+0.958
1666319640,+3.48,+15.845, +9.196,+0.958
1666319700,+3.47,+15.853, +9.113,+0.957
1666319760,+3.48,+15.853, +9.117,+0.958
1666319820,+3.47,+15.853, +9.092,+0.958
1666319880,+3.48,+15.870, +9.061,+0.958
1666319940,+3.48,+15.862, +9.099,+0.958
1666320000,+3.48,+15.862, +9.093,+0.958
1666320060,+3.48,+15.896, +9.119,+0.958
1666320120,+3.47,+15.862, +9.168,+0.958
1666320180,+3.47,+15.870, +9.196,+0.958
1666320240,+3.47,+15.862, +9.176,+0.958
1666320300,+3.47,+15.879, +9.155,+0.958
1666320360,+3.47,+15.896, +9.140,+0.958
1666320420,+3.48,+15.896, +9.097,+0.958
1666320480,+3.48,+15.887, +9.096,+0.958
1666320540,+3.47,+15.887, +9.087,+0.958
1666320600,+3.47,+15.887, +9.068,+0.958
1666320660,+3.48,+15.896, +9.095,+0.958
1666320720,+3.47,+15.896, +9.126,+0.958
1666320780,+3.48,+15.887, +9.088,+0.958
1666320840,+3.47,+15.904, +8.999,+0.957
1666320900,+3.47,+15.904, +9.009,+0.958
1666320960,+3.47,+15.904, +8.961,+0.958
1666321020,+3.48,+15.904, +8.967,+0.958
1666321080,+3.47,+15.904, +8.925,+0.958
1666321140,+3.47,+15.913, +8.753,+0.958
1666321200,+3.47,+15.921, +8.629,+0.957
1666321260,+3.47,+15.913, +8.581,+0.958
1666321320,+3.47,+15.921, +8.504,+0.957
1666321380,+3.47,+15.921, +8.534,+0.958
1666321440,+3.47,+15.913, +8.710,+0.958
1666321500,+3.47,+15.904, +8.818,+0.958
1666321560,+3.47,+15.930, +8.791,+0.958
1666321620,+3.47,+15.939, +8.636,+0.958
1666321680,+3.47,+15.939, +8.567,+0.958
1666321740,+3.47,+15.939, +8.370,+0.958
1666321800,+3.47,+15.947, +8.305,+0.958
1666321860,+3.47,+15.947, +8.327,+0.958
1666321920,+3.47,+15.921, +8.436,+0.957
1666321980,+3.47,+15.947, +8.519,+0.958
1666322040,+3.47,+15.947, +8.627,+0.957
1666322100,+3.47,+15.973, +8.722,+0.958
1666322160,+3.47,+15.973, +8.801,+0.958
1666322220,+3.47,+15.990, +8.779,+0.958
1666322280,+3.47,+15.981, +8.796,+0.957
1666322340,+3.47,+15.990, +8.883,+0.958
1666322400,+3.47,+15.998, +8.929,+0.958
1666322460,+3.47,+15.990, +8.953,+0.957
1666322520,+3.47,+15.990, +8.959,+0.958
1666322580,+3.47,+15.998, +8.959,+0.958
1666322640,+3.47,+16.007, +8.889,+0.957
1666322700,+3.47,+16.007, +8.749,+0.958
1666322760,+3.47,+16.024, +8.754,+0.958
1666322820,+3.47,+16.024, +8.716,+0.958
1666322880,+3.47,+16.024, +8.705,+0.958
1666322940,+3.47,+16.033, +8.671,+0.958
1666323000,+3.47,+16.024, +8.137,+0.958
1666323060,+3.47,+16.024, +7.679,+0.958
1666323120,+3.47,+16.058, +7.264,+0.957
1666323180,+3.47,+16.041, +7.181,+0.957
1666323240,+3.47,+16.033, +7.130,+0.957
1666323300,+3.47,+16.050, +7.037,+0.956
1666323360,+3.47,+16.041, +7.122,+0.956
1666323420,+3.47,+16.041, +7.288,+0.956
1666323480,+3.47,+16.033, +7.451,+0.956
1666323540,+3.47,+16.050, +7.446,+0.957
1666323600,+3.47,+16.041, +7.579,+0.957
1666323660,+3.47,+16.067, +7.918,+0.957
1666323720,+3.47,+16.067, +7.947,+0.957
1666323780,+3.47,+16.067, +7.906,+0.958
1666323840,+3.47,+16.067, +7.859,+0.958
1666323900,+3.47,+16.058, +7.887,+0.957
1666323960,+3.47,+16.041, +8.012,+0.957
1666324020,+3.47,+16.033, +8.109,+0.957
1666324080,+3.47,+16.050, +8.154,+0.957
1666324140,+3.47,+16.041, +8.047,+0.958
1666324200,+3.47,+16.041, +8.056,+0.958
1666324260,+3.47,+16.050, +8.298,+0.957
1666324320,+3.47,+16.050, +8.445,+0.957
1666324380,+3.47,+16.041, +8.485,+0.957
1666324440,+3.47,+16.041, +8.105,+0.957
1666324500,+3.47,+16.067, +7.750,+0.957
1666324560,+3.47,+16.050, +7.580,+0.957
1666324620,+3.47,+16.067, +7.458,+0.956
1666324680,+3.47,+16.050, +7.278,+0.955
1666324740,+3.47,+16.075, +7.162,+0.956
1666324800,+3.47,+16.050, +6.974,+0.955
1666324860,+3.47,+16.050, +6.962,+0.955
1666324920,+3.47,+16.033, +6.583,+0.955
1666324980,+3.47,+16.041, +6.538,+0.955
1666325040,+3.47,+16.058, +6.491,+0.954
1666325100,+3.47,+16.067, +6.749,+0.954
1666325160,+3.47,+16.058, +6.964,+0.954
1666325220,+3.47,+16.050, +7.246,+0.954
1666325280,+3.47,+16.041, +7.412,+0.955
1666325340,+3.47,+16.033, +8.047,+0.956
1666325400,+3.47,+16.033, +8.351,+0.956
1666325460,+3.47,+16.007, +8.502,+0.956
1666325520,+3.47,+16.015, +8.643,+0.957
1666325580,+3.47,+16.015, +8.685,+0.957
1666325640,+3.47,+16.015, +8.657,+0.957
1666325700,+3.47,+16.033, +8.558,+0.957
1666325760,+3.47,+16.007, +8.496,+0.957
1666325820,+3.47,+15.990, +8.443,+0.957
1666325880,+3.47,+15.998, +8.370,+0.958
1666325940,+3.47,+16.007, +8.275,+0.957
1666326000,+3.47,+15.981, +8.164,+0.958
1666326060,+3.47,+15.990, +8.029,+0.958
1666326120,+3.47,+15.973, +7.921,+0.957
1666326180,+3.47,+15.981, +7.696,+0.958
1666326240,+3.47,+15.981, +7.271,+0.958
1666326300,+3.47,+15.973, +7.021,+0.957
1666326360,+3.47,+15.947, +6.927,+0.957
1666326420,+3.47,+15.981, +6.659,+0.956
1666326480,+3.47,+15.973, +6.521,+0.956
1666326540,+3.47,+15.998, +6.481,+0.955
1666326600,+3.47,+15.981, +6.226,+0.956
1666326660,+3.47,+15.973, +6.100,+0.955
1666326720,+3.47,+15.973, +6.074,+0.955
1666326780,+3.47,+15.981, +6.184,+0.955
1666326840,+3.47,+15.981, +6.062,+0.955
1666326900,+3.47,+15.956, +5.892,+0.955
1666326960,+3.48,+15.964, +5.898,+0.955
1666327020,+3.47,+15.964, +5.954,+0.956
1666327080,+3.47,+15.964, +6.089,+0.955
1666327140,+3.47,+15.956, +5.995,+0.955
1666327200,+3.47,+15.964, +5.765,+0.956
1666327260,+3.47,+15.981, +5.413,+0.956
1666327320,+3.47,+15.964, +5.311,+0.956
1666327380,+3.47,+15.981, +5.101,+0.956
1666327440,+3.47,+15.964, +4.939,+0.955
1666327500,+3.47,+15.956, +4.720,+0.955
1666327560,+3.47,+15.947, +4.623,+0.955
1666327620,+3.47,+15.964, +4.519,+0.955
1666327680,+3.47,+15.964, +4.615,+0.953
1666327740,+3.47,+15.956, +4.643,+0.953
1666327800,+3.47,+15.973, +4.712,+0.951
1666327860,+3.47,+15.964, +4.480,+0.952
1666327920,+3.47,+15.956, +4.366,+0.952
1666327980,+3.47,+15.964, +4.590,+0.950
1666328040,+3.47,+15.947, +4.731,+0.953
1666328100,+3.47,+15.973, +5.002,+0.954
1666328160,+3.47,+15.956, +5.107,+0.952
1666328220,+3.47,+15.964, +5.142,+0.952
1666328280,+3.47,+15.956, +5.299,+0.953
1666328340,+3.47,+15.956, +5.089,+0.954
1666328400,+3.47,+15.956, +5.022,+0.953
1666328460,+3.47,+15.973, +4.921,+0.954
1666328520,+3.47,+15.973, +5.191,+0.953
1666328580,+3.47,+15.956, +5.457,+0.952
1666328640,+3.47,+15.964, +5.375,+0.954
1666328700,+3.47,+15.981, +5.244,+0.953
1666328760,+3.47,+15.973, +4.882,+0.953
1666328820,+3.47,+15.990, +4.630,+0.954
1666328880,+3.47,+15.973, +4.450,+0.955
1666328940,+3.47,+15.973, +4.451,+0.955
1666329000,+3.47,+15.990, +4.346,+0.956
1666329060,+3.47,+15.998, +4.413,+0.954
1666329120,+3.47,+15.981, +4.196,+0.955
1666329180,+3.47,+15.990, +4.035,+0.955
1666329240,+3.47,+15.990, +3.757,+0.956
1666329300,+3.47,+15.990, +3.715,+0.956
1666329360,+3.47,+15.998, +3.580,+0.956
1666329420,+3.47,+15.998, +3.535,+0.955
1666329480,+3.47,+15.998, +3.417,+0.956
1666329540,+3.47,+15.981, +3.448,+0.954
1666329600,+3.47,+15.973, +3.451,+0.954
1666329660,+3.47,+15.981, +3.545,+0.954
1666329720,+3.48,+15.964, +3.918,+0.953
1666329780,+3.47,+15.964, +4.315,+0.954
1666329840,+3.47,+15.947, +4.496,+0.955
1666329900,+3.48,+15.939, +5.043,+0.954
1666329960,+3.47,+15.947, +5.785,+0.954
1666330020,+3.47,+15.939, +6.122,+0.954
1666330080,+3.47,+15.913, +6.164,+0.955
1666330140,+3.47,+15.921, +6.516,+0.955
1666330200,+3.47,+15.930, +6.528,+0.956
1666330260,+3.47,+15.904, +6.435,+0.956
1666330320,+3.48,+15.921, +6.567,+0.956
1666330380,+3.47,+15.913, +6.611,+0.956
1666330440,+3.48,+15.904, +6.600,+0.956
1666330500,+3.47,+15.879, +6.145,+0.956
1666330560,+3.47,+15.913, +5.894,+0.956
1666330620,+3.48,+15.904, +5.725,+0.956
1666330680,+3.48,+15.896, +6.397,+0.955
1666330740,+3.47,+15.896, +7.021,+0.955
1666330800,+3.48,+15.896, +7.412,+0.955
1666330860,+3.48,+15.930, +7.444,+0.956
1666330920,+3.47,+15.939, +7.349,+0.957
1666330980,+3.47,+15.930, +7.381,+0.956
1666331040,+3.47,+15.939, +7.605,+0.956
1666331100,+3.47,+15.930, +7.762,+0.956
1666331160,+3.47,+15.964, +7.839,+0.956
1666331220,+3.47,+15.947, +7.862,+0.957
1666331280,+3.47,+15.947, +7.957,+0.956
1666331340,+3.47,+15.947, +8.095,+0.956
1666331400,+3.47,+15.956, +8.201,+0.957
1666331460,+3.47,+15.964, +8.205,+0.957
1666331520,+3.47,+15.964, +7.834,+0.957
1666331580,+3.47,+15.973, +7.464,+0.957
1666331640,+3.47,+15.964, +7.168,+0.957
1666331700,+3.47,+15.964, +7.140,+0.957
1666331760,+3.47,+15.956, +7.200,+0.957
1666331820,+3.47,+15.956, +7.154,+0.957
1666331880,+3.47,+15.956, +7.089,+0.957
1666331940,+3.47,+15.930, +7.067,+0.957
1666332000,+3.47,+15.913, +7.058,+0.956
1666332060,+3.48,+15.862, +7.194,+0.956
1666332120,+3.47,+15.819, +7.271,+0.955
1666332180,+3.47,+15.819, +7.265,+0.955
1666332240,+3.47,+15.776, +6.992,+0.956
1666332300,+3.47,+15.733, +6.874,+0.956
1666332360,+3.47,+15.716, +6.840,+0.955
1666332420,+3.47,+15.708, +6.885,+0.955
1666332480,+3.47,+15.699, +7.139,+0.954
1666332540,+3.47,+15.665, +7.173,+0.954
1666332600,+3.47,+15.639, +7.079,+0.955
1666332660,+3.47,+15.648, +7.086,+0.955
1666332720,+3.47,+15.648, +7.164,+0.955
1666332780,+3.47,+15.639, +7.143,+0.955
1666332840,+3.47,+15.631, +6.978,+0.956
1666332900,+3.47,+15.605, +6.747,+0.956
1666332960,+3.47,+15.588, +6.605,+0.956
1666333020,+3.47,+15.631, +6.571,+0.955
1666333080,+3.47,+15.605, +6.355,+0.956
1666333140,+3.47,+15.605, +6.280,+0.956
1666333200,+3.47,+15.622, +6.110,+0.956
1666333260,+3.47,+15.622, +6.154,+0.954
1666333320,+3.47,+15.605, +6.224,+0.953
1666333380,+3.47,+15.622, +6.361,+0.952
1666333440,+3.47,+15.613, +6.324,+0.954
1666333500,+3.47,+15.631, +6.265,+0.954
1666333560,+3.47,+15.613, +6.252,+0.954
1666333620,+3.47,+15.622, +6.385,+0.954
1666333680,+3.47,+15.631, +6.600,+0.952
1666333740,+3.47,+15.622, +6.619,+0.953
1666333800,+3.47,+15.622, +6.485,+0.954
1666333860,+3.47,+15.631, +6.891,+0.952
1666333920,+3.47,+15.648, +7.440,+0.952
1666333980,+3.47,+15.648, +7.780,+0.952
1666334040,+3.47,+15.639, +8.014,+0.953
1666334100,+3.47,+15.631, +8.222,+0.954
1666334160,+3.47,+15.656, +8.313,+0.955
1666334220,+3.47,+15.673, +8.279,+0.955
1666334280,+3.47,+15.648, +8.247,+0.956
1666334340,+3.47,+15.665, +8.228,+0.956
1666334400,+3.47,+15.665, +8.191,+0.956
1666334460,+3.47,+15.682, +8.147,+0.956
1666334520,+3.47,+15.665, +8.058,+0.956
1666334580,+3.47,+15.682, +7.949,+0.956
1666334640,+3.47,+15.691, +7.858,+0.956
1666334700,+3.47,+15.673, +7.716,+0.956
1666334760,+3.47,+15.682, +7.560,+0.956
1666334820,+3.47,+15.691, +7.521,+0.956
1666334880,+3.47,+15.699, +7.520,+0.956
1666334940,+3.47,+15.699, +7.539,+0.955
1666335000,+3.47,+15.656, +7.658,+0.956
1666335060,+3.47,+15.682, +7.979,+0.955
1666335120,+3.47,+15.699, +8.139,+0.955
1666335180,+3.47,+15.682, +8.308,+0.955
1666335240,+3.47,+15.699, +8.361,+0.955
1666335300,+3.47,+15.682, +8.476,+0.955
1666335360,+3.47,+15.691, +8.576,+0.955
1666335420,+3.47,+15.682, +8.669,+0.956
1666335480,+3.47,+15.673, +8.698,+0.956
1666335540,+3.47,+15.665, +8.822,+0.957
1666335600,+3.47,+15.656, +8.838,+0.956
1666335660,+3.47,+15.665, +8.873,+0.957
1666335720,+3.47,+15.648, +8.865,+0.957
1666335780,+3.47,+15.665, +8.804,+0.957
1666335840,+3.47,+15.673, +8.757,+0.957
1666335900,+3.47,+15.665, +8.696,+0.957
1666335960,+3.47,+15.673, +8.635,+0.956
1666336020,+3.47,+15.656, +8.564,+0.957
1666336080,+3.47,+15.673, +8.655,+0.957
1666336140,+3.47,+15.673, +8.681,+0.956
1666336200,+3.47,+15.708, +8.692,+0.957
1666336260,+3.47,+15.656, +8.655,+0.957
1666336320,+3.47,+15.691, +8.667,+0.956
1666336380,+3.47,+15.665, +8.703,+0.957
1666336440,+3.47,+15.691, +8.779,+0.956
1666336500,+3.47,+15.665, +8.836,+0.957
1666336560,+3.47,+15.665, +8.855,+0.957
1666336620,+3.47,+15.648, +8.870,+0.957
1666336680,+3.47,+15.656, +8.880,+0.957
1666336740,+3.47,+15.665, +8.912,+0.957
1666336800,+3.47,+15.648, +8.847,+0.957
1666336860,+3.47,+15.656, +8.792,+0.957
1666336920,+3.47,+15.639, +8.790,+0.957
1666336980,+3.47,+15.639, +8.833,+0.957
1666337040,+3.47,+15.639, +8.861,+0.957
1666337100,+3.47,+15.631, +8.885,+0.957
1666337160,+3.47,+15.648, +8.911,+0.957
1666337220,+3.47,+15.648, +8.910,+0.957
1666337280,+3.47,+15.648, +8.902,+0.957
1666337340,+3.47,+15.639, +8.944,+0.957
1666337400,+3.47,+15.631, +8.936,+0.957
1666337460,+3.47,+15.622, +8.900,+0.957
1666337520,+3.47,+15.613, +8.860,+0.957
1666337580,+3.47,+15.639, +8.832,+0.957
1666337640,+3.47,+15.622, +8.806,+0.957
1666337700,+3.47,+15.631, +8.780,+0.957
1666337760,+3.47,+15.631, +8.862,+0.957
1666337820,+3.47,+15.613, +8.901,+0.957
1666337880,+3.47,+15.631, +8.892,+0.957
1666337940,+3.47,+15.631, +8.913,+0.957
1666338000,+3.47,+15.656, +8.843,+0.957
1666338060,+3.47,+15.639, +8.778,+0.958
1666338120,+3.47,+15.665, +8.692,+0.957
1666338180,+3.47,+15.665, +8.656,+0.957
1666338240,+3.47,+15.708, +8.623,+0.957
1666338300,+3.47,+15.699, +8.617,+0.958
1666338360,+3.47,+15.708, +8.592,+0.957
1666338420,+3.47,+15.691, +8.590,+0.957
1666338480,+3.47,+15.682, +8.663,+0.957
1666338540,+3.47,+15.682, +8.718,+0.957
1666338600,+3.47,+15.682, +8.703,+0.957
1666338660,+3.47,+15.673, +8.704,+0.957
1666338720,+3.47,+15.673, +8.642,+0.957
1666338780,+3.47,+15.682, +8.637,+0.958
1666338840,+3.47,+15.673, +8.638,+0.957
1666338900,+3.47,+15.673, +8.631,+0.957
1666338960,+3.47,+15.682, +8.588,+0.957
1666339020,+3.47,+15.699, +8.555,+0.957
1666339080,+3.47,+15.682, +8.559,+0.958
1666339140,+3.47,+15.682, +8.575,+0.957
1666339200,+3.47,+15.656, +8.581,+0.957
1666339260,+3.47,+15.682, +8.587,+0.957
1666339320,+3.47,+15.665, +8.595,+0.957
1666339380,+3.47,+15.673, +8.595,+0.957
1666339440,+3.47,+15.665, +8.513,+0.957
1666339500,+3.47,+15.699, +8.374,+0.957
1666339560,+3.47,+15.673, +8.264,+0.957
1666339620,+3.47,+15.656, +8.053,+0.957
1666339680,+3.47,+15.665, +7.932,+0.958
1666339740,+3.47,+15.665, +7.779,+0.958
1666339800,+3.47,+15.639, +7.792,+0.958
1666339860,+3.47,+15.673, +7.784,+0.957
1666339920,+3.47,+15.648, +7.777,+0.957
1666339980,+3.47,+15.656, +7.638,+0.957
1666340040,+3.47,+15.665, +7.481,+0.957
1666340100,+3.47,+15.648, +7.233,+0.958
1666340160,+3.47,+15.622, +7.414,+0.957
1666340220,+3.47,+15.605, +7.807,+0.956
1666340280,+3.47,+15.579, +8.152,+0.956
1666340340,+3.47,+15.562, +8.349,+0.956
1666340400,+3.47,+15.545, +8.535,+0.956
1666340460,+3.47,+15.528, +8.653,+0.956
1666340520,+3.47,+15.519, +8.725,+0.956
1666340580,+3.47,+15.502, +8.768,+0.957
1666340640,+3.47,+15.511, +8.776,+0.957
1666340700,+3.47,+15.511, +8.781,+0.957
1666340760,+3.47,+15.519, +8.718,+0.957
1666340820,+3.47,+15.493, +8.717,+0.957
1666340880,+3.47,+15.493, +8.683,+0.957
1666340940,+3.47,+15.502, +8.608,+0.957
1666341000,+3.47,+15.519, +8.470,+0.957
1666341060,+3.47,+15.485, +8.305,+0.957
1666341120,+3.47,+15.502, +8.071,+0.958
1666341180,+3.47,+15.502, +7.959,+0.957
1666341240,+3.47,+15.468, +7.907,+0.958
1666341300,+3.47,+15.485, +7.762,+0.957
1666341360,+3.47,+15.451, +7.622,+0.958
1666341420,+3.47,+15.459, +7.594,+0.957
1666341480,+3.47,+15.442, +7.584,+0.957
1666341540,+3.47,+15.408, +7.599,+0.957
1666341600,+3.47,+15.459, +7.543,+0.957
1666341660,+3.47,+15.425, +7.381,+0.956
1666341720,+3.47,+15.408, +7.480,+0.956
1666341780,+3.47,+15.390, +7.863,+0.956
1666341840,+3.47,+15.382, +7.816,+0.956
1666341900,+3.47,+15.373, +7.574,+0.956
1666341960,+3.47,+15.382, +7.386,+0.957
1666342020,+3.47,+15.390, +7.305,+0.957
1666342080,+3.47,+15.373, +7.257,+0.956
1666342140,+3.47,+15.373, +7.018,+0.955
1666342200,+3.47,+15.365, +6.795,+0.954
1666342260,+3.47,+15.373, +6.623,+0.952
1666342320,+3.47,+15.373, +6.450,+0.951
1666342380,+3.47,+15.365, +6.360,+0.951
1666342440,+3.47,+15.356, +6.383,+0.951
1666342500,+3.47,+15.356, +6.334,+0.950
1666342560,+3.47,+15.356, +6.260,+0.950
1666342620,+3.47,+15.339, +6.354,+0.950
1666342680,+3.47,+15.348, +6.492,+0.950
1666342740,+3.47,+15.330, +6.617,+0.950
1666342800,+3.47,+15.322, +6.774,+0.951
1666342860,+3.47,+15.348, +6.806,+0.952
1666342920,+3.47,+15.330, +6.826,+0.953
1666342980,+3.47,+15.322, +7.079,+0.953
1666343040,+3.47,+15.322, +7.270,+0.953
1666343100,+3.47,+15.313, +7.352,+0.953
1666343160,+3.47,+15.322, +7.384,+0.953
1666343220,+3.47,+15.322, +7.385,+0.953
1666343280,+3.47,+15.322, +7.345,+0.954
1666343340,+3.47,+15.305, +7.288,+0.954
1666343400,+3.47,+15.313, +7.230,+0.954
1666343460,+3.47,+15.305, +7.112,+0.953
1666343520,+3.47,+15.305, +6.932,+0.953
1666343580,+3.47,+15.296, +6.724,+0.952
1666343640,+3.47,+15.287, +6.580,+0.951
1666343700,+3.47,+15.279, +6.492,+0.950
1666343760,+3.47,+15.279, +6.367,+0.950
1666343820,+3.47,+15.270, +6.200,+0.950
1666343880,+3.47,+15.279, +6.097,+0.949
1666343940,+3.47,+15.262, +5.941,+0.949
1666344000,+3.47,+15.262, +5.772,+0.948
1666344060,+3.47,+15.262, +5.612,+0.948
1666344120,+3.47,+15.262, +5.500,+0.947
1666344180,+3.47,+15.253, +5.451,+0.947
1666344240,+3.47,+15.236, +5.429,+0.946
1666344300,+3.47,+15.262, +5.442,+0.947
1666344360,+3.47,+15.244, +5.500,+0.947
1666344420,+3.47,+15.262, +5.517,+0.948
1666344480,+3.47,+15.244, +5.526,+0.948
1666344540,+3.47,+15.244, +5.514,+0.948
1666344600,+3.47,+15.227, +5.457,+0.949
1666344660,+3.47,+15.253, +5.396,+0.949
1666344720,+3.47,+15.244, +5.329,+0.949
1666344780,+3.47,+15.244, +5.292,+0.949
1666344840,+3.47,+15.244, +5.294,+0.949
1666344900,+3.47,+15.253, +5.306,+0.948
1666344960,+3.47,+15.236, +5.367,+0.947
1666345020,+3.47,+15.219, +5.320,+0.945
1666345080,+3.47,+15.244, +5.275,+0.943
1666345140,+3.47,+15.236, +5.839,+0.941
1666345200,+3.47,+15.253, +6.092,+0.940
1666345260,+3.47,+15.227, +6.037,+0.941
1666345320,+3.47,+15.236, +5.927,+0.943
1666345380,+3.47,+15.236, +5.880,+0.943
1666345440,+3.47,+15.227, +5.849,+0.943
1666345500,+3.47,+15.227, +5.713,+0.944
1666345560,+3.47,+15.219, +5.523,+0.944
1666345620,+3.47,+15.219, +5.335,+0.944
1666345680,+3.47,+15.219, +5.167,+0.944
1666345740,+3.47,+15.219, +5.029,+0.945
1666345800,+3.47,+15.210, +4.931,+0.944
1666345860,+3.47,+15.227, +4.767,+0.945
1666345920,+3.47,+15.201, +4.620,+0.947
1666345980,+3.47,+15.227, +4.625,+0.946
1666346040,+3.47,+15.227, +4.849,+0.943
1666346100,+3.47,+15.219, +5.037,+0.940
1666346160,+3.47,+15.227, +5.123,+0.940
1666346220,+3.47,+15.201, +5.189,+0.943
1666346280,+3.47,+15.210, +5.497,+0.942
1666346340,+3.47,+15.227, +5.777,+0.943
1666346400,+3.47,+15.219, +5.833,+0.944
1666346460,+3.47,+15.210, +5.682,+0.946
1666346520,+3.47,+15.236, +5.469,+0.948
1666346580,+3.47,+15.219, +5.317,+0.949
1666346640,+3.47,+15.210, +5.144,+0.949
1666346700,+3.47,+15.227, +5.003,+0.949
1666346760,+3.47,+15.219, +5.157,+0.944
1666346820,+3.47,+15.227, +5.163,+0.942
1666346880,+3.47,+15.219, +5.034,+0.943
1666346940,+3.47,+15.227, +4.852,+0.946
1666347000,+3.47,+15.210, +4.734,+0.947
1666347060,+3.47,+15.227, +4.697,+0.947
1666347120,+3.47,+15.227, +4.684,+0.947
1666347180,+3.47,+15.210, +4.713,+0.947
1666347240,+3.47,+15.219, +4.719,+0.947
1666347300,+3.47,+15.227, +4.721,+0.948
1666347360,+3.47,+15.227, +4.745,+0.948
1666347420,+3.47,+15.236, +4.722,+0.949
1666347480,+3.47,+15.227, +4.612,+0.950
1666347540,+3.47,+15.219, +4.522,+0.950
1666347600,+3.47,+15.201, +4.437,+0.949
1666347660,+3.47,+15.227, +4.205,+0.948
1666347720,+3.47,+15.210, +3.927,+0.948
1666347780,+3.47,+15.219, +3.966,+0.942
1666347840,+3.47,+15.236, +3.815,+0.939
1666347900,+3.47,+15.201, +3.707,+0.933
1666347960,+3.47,+15.227, +3.463,+0.934
1666348020,+3.47,+15.201, +3.396,+0.932
1666348080,+3.47,+15.219, +3.253,+0.933
1666348140,+3.47,+15.210, +2.858,+0.938
1666348200,+3.47,+15.236, +2.581,+0.939
1666348260,+3.47,+15.219, +2.679,+0.933
1666348320,+3.47,+15.219, +3.489,+0.919
1666348380,+3.47,+15.219, +4.380,+0.916
1666348440,+3.47,+15.184, +5.733,+0.933
1666348500,+3.47,+15.201, +6.608,+0.941
1666348560,+3.47,+15.210, +6.852,+0.944
1666348620,+3.47,+15.210, +6.490,+0.943
1666348680,+3.47,+15.210, +5.587,+0.944
1666348740,+3.47,+15.219, +4.856,+0.945
1666348800,+3.47,+15.244, +4.287,+0.945
1666348860,+3.47,+15.227, +3.789,+0.945
1666348920,+3.47,+15.210, +3.405,+0.944
1666348980,+3.47,+15.236, +3.188,+0.942
1666349040,+3.47,+15.236, +3.198,+0.937
1666349100,+3.47,+15.236, +3.302,+0.931
1666349160,+3.47,+15.227, +3.296,+0.929
1666349220,+3.47,+15.210, +3.167,+0.932
1666349280,+3.47,+15.210, +3.256,+0.928
1666349340,+3.47,+15.227, +3.285,+0.926
1666349400,+3.47,+15.219, +3.272,+0.928
1666349460,+3.47,+15.219, +3.207,+0.930
1666349520,+3.47,+15.227, +3.301,+0.930
1666349580,+3.47,+15.219, +3.466,+0.931
1666349640,+3.47,+15.210, +3.873,+0.926
1666349700,+3.47,+15.227, +4.066,+0.926
1666349760,+3.47,+15.219, +4.116,+0.926
1666349820,+3.47,+15.236, +4.148,+0.929
1666349880,+3.47,+15.227, +4.358,+0.923
1666349940,+3.47,+15.210, +4.547,+0.926
1666350000,+3.47,+15.201, +5.526,+0.932
1666350060,+3.47,+15.219, +6.254,+0.937
1666350120,+3.47,+15.201, +6.879,+0.941
1666350180,+3.47,+15.201, +7.334,+0.945
1666350240,+3.47,+15.227, +7.629,+0.947
1666350300,+3.47,+15.210, +7.741,+0.948
1666350360,+3.47,+15.219, +7.302,+0.948
1666350420,+3.47,+15.201, +7.156,+0.947
1666350480,+3.47,+15.227, +7.048,+0.945
1666350540,+3.47,+15.210, +6.871,+0.943
1666350600,+3.47,+15.210, +6.468,+0.943
1666350660,+3.47,+15.219, +6.415,+0.943
1666350720,+3.47,+15.219, +6.625,+0.941
1666350780,+3.47,+15.244, +6.608,+0.938
1666350840,+3.47,+15.219, +6.279,+0.936
1666350900,+3.47,+15.236, +5.939,+0.935
1666350960,+3.47,+15.236, +5.575,+0.936
1666351020,+3.47,+15.244, +5.483,+0.933
1666351080,+3.47,+15.262, +5.465,+0.932
1666351140,+3.47,+15.236, +5.496,+0.930
1666351200,+3.47,+15.244, +5.397,+0.931
1666351260,+3.47,+15.244, +5.314,+0.934
1666351320,+3.47,+15.270, +5.393,+0.936
1666351380,+3.47,+15.262, +5.374,+0.936
1666351440,+3.47,+15.262, +5.265,+0.938
1666351500,+3.47,+15.253, +5.205,+0.939
1666351560,+3.47,+15.279, +5.067,+0.940
1666351620,+3.47,+15.244, +5.661,+0.938
1666351680,+3.47,+15.262, +6.345,+0.940
1666351740,+3.47,+15.236, +6.779,+0.941
1666351800,+3.47,+15.253, +7.249,+0.943
1666351860,+3.47,+15.244, +7.529,+0.946
1666351920,+3.47,+15.262, +7.825,+0.949
1666351980,+3.47,+15.253, +7.721,+0.951
1666352040,+3.47,+15.236, +7.768,+0.952
1666352100,+3.47,+15.244, +7.629,+0.952
1666352160,+3.47,+15.244, +7.840,+0.952
1666352220,+3.47,+15.262, +8.184,+0.954
1666352280,+3.47,+15.236, +8.412,+0.955
1666352340,+3.47,+15.236, +8.537,+0.955
1666352400,+3.47,+15.244, +8.651,+0.956
1666352460,+3.47,+15.244, +8.711,+0.956
1666352520,+3.47,+15.253, +8.713,+0.956
1666352580,+3.47,+15.244, +8.728,+0.956
1666352640,+3.47,+15.227, +8.740,+0.956
1666352700,+3.47,+15.253, +8.744,+0.957
1666352760,+3.47,+15.227, +8.748,+0.956
1666352820,+3.47,+15.253, +8.703,+0.957
1666352880,+3.47,+15.262, +8.687,+0.956
1666352940,+3.47,+15.227, +8.713,+0.956
1666353000,+3.47,+15.253, +8.702,+0.957
1666353060,+3.47,+15.244, +8.611,+0.956
1666353120,+3.47,+15.262, +8.390,+0.956
1666353180,+3.47,+15.270, +8.039,+0.957
1666353240,+3.47,+15.253, +7.782,+0.956
1666353300,+3.47,+15.262, +7.191,+0.953
1666353360,+3.47,+15.270, +6.396,+0.950
1666353420,+3.47,+15.253, +5.727,+0.949
1666353480,+3.47,+15.270, +5.350,+0.947
1666353540,+3.47,+15.279, +5.257,+0.946
1666353600,+3.47,+15.296, +5.812,+0.944
1666353660,+3.47,+15.253, +5.915,+0.944
1666353720,+3.47,+15.262, +6.087,+0.947
1666353780,+3.47,+15.262, +6.668,+0.948
1666353840,+3.47,+15.253, +7.297,+0.950
1666353900,+3.47,+15.253, +7.818,+0.950
1666353960,+3.47,+15.253, +8.167,+0.951
1666354020,+3.47,+15.244, +8.384,+0.953
1666354080,+3.47,+15.262, +8.548,+0.953
1666354140,+3.47,+15.270, +8.654,+0.954
1666354200,+3.47,+15.270, +8.694,+0.954
1666354260,+3.47,+15.244, +8.689,+0.955
1666354320,+3.47,+15.244, +8.714,+0.955
1666354380,+3.47,+15.253, +8.747,+0.956
1666354440,+3.47,+15.262, +8.761,+0.955
1666354500,+3.47,+15.253, +8.754,+0.955
1666354560,+3.47,+15.236, +8.747,+0.955
1666354620,+3.47,+15.270, +8.693,+0.956
1666354680,+3.47,+15.253, +8.683,+0.956
1666354740,+3.47,+15.262, +8.517,+0.956
1666354800,+3.47,+15.244, +8.214,+0.956
1666354860,+3.47,+15.253, +8.299,+0.956
1666354920,+3.47,+15.253, +8.318,+0.956
1666354980,+3.47,+15.279, +8.243,+0.956
1666355040,+3.47,+15.270, +8.221,+0.955
1666355100,+3.47,+15.279, +8.276,+0.956
1666355160,+3.47,+15.296, +8.257,+0.955
1666355220,+3.47,+15.270, +8.270,+0.956
1666355280,+3.47,+15.279, +8.307,+0.956
1666355340,+3.47,+15.287, +8.323,+0.956
1666355400,+3.47,+15.296, +8.296,+0.955
1666355460,+3.47,+15.279, +8.247,+0.955
1666355520,+3.47,+15.305, +8.184,+0.956
1666355580,+3.47,+15.322, +8.298,+0.955
1666355640,+3.47,+15.322, +8.285,+0.955
1666355700,+3.47,+15.330, +8.156,+0.955
1666355760,+3.47,+15.322, +7.933,+0.955
1666355820,+3.47,+15.348, +8.198,+0.955
1666355880,+3.47,+15.339, +8.307,+0.955
1666355940,+3.47,+15.339, +8.546,+0.955
1666356000,+3.47,+15.330, +8.708,+0.955
1666356060,+3.47,+15.339, +8.812,+0.955
1666356120,+3.47,+15.365, +8.878,+0.955
1666356180,+3.47,+15.356, +8.932,+0.956
1666356240,+3.47,+15.356, +8.973,+0.956
1666356300,+3.47,+15.382, +8.975,+0.956
1666356360,+3.47,+15.373, +8.957,+0.956
1666356420,+3.47,+15.365, +8.975,+0.956
1666356480,+3.47,+15.390, +8.978,+0.956
1666356540,+3.47,+15.399, +8.998,+0.956
1666356600,+3.47,+15.408, +9.010,+0.956
1666356660,+3.47,+15.399, +9.009,+0.956
1666356720,+3.47,+15.416, +9.007,+0.957
1666356780,+3.47,+15.399, +9.007,+0.957
1666356840,+3.47,+15.416, +8.947,+0.956
1666356900,+3.47,+15.433, +8.932,+0.957
1666356960,+3.47,+15.442, +8.905,+0.957
1666357020,+3.47,+15.433, +8.876,+0.956
1666357080,+3.47,+15.425, +8.867,+0.957
1666357140,+3.47,+15.416, +8.750,+0.956
1666357200,+3.47,+15.442, +8.550,+0.957
1666357260,+3.47,+15.433, +8.480,+0.956
1666357320,+3.47,+15.451, +8.438,+0.956
1666357380,+3.47,+15.459, +8.457,+0.957
1666357440,+3.47,+15.451, +8.468,+0.956
1666357500,+3.47,+15.459, +8.532,+0.956
1666357560,+3.47,+15.468, +8.773,+0.956
1666357620,+3.47,+15.459, +8.849,+0.956
1666357680,+3.47,+15.468, +8.870,+0.957
1666357740,+3.47,+15.493, +8.838,+0.956
1666357800,+3.47,+15.468, +8.827,+0.957
1666357860,+3.47,+15.493, +8.790,+0.957
1666357920,+3.47,+15.485, +8.691,+0.956
1666357980,+3.47,+15.485, +8.637,+0.957
1666358040,+3.47,+15.502, +8.895,+0.956
1666358100,+3.47,+15.493, +9.087,+0.957
1666358160,+3.47,+15.485, +9.167,+0.956
1666358220,+3.47,+15.493, +9.225,+0.956
1666358280,+3.47,+15.485, +9.232,+0.957
1666358340,+3.47,+15.485, +9.239,+0.956
1666358400,+3.47,+15.485, +9.263,+0.957
1666358460,+3.47,+15.502, +9.255,+0.956
1666358520,+3.47,+15.502, +9.253,+0.957
1666358580,+3.47,+15.511, +9.246,+0.957
1666358640,+3.47,+15.493, +9.215,+0.957
1666358700,+3.47,+15.476, +9.211,+0.957
1666358760,+3.47,+15.485, +9.192,+0.956
1666358820,+3.47,+15.476, +9.182,+0.957
1666358880,+3.47,+15.493, +9.166,+0.956
1666358940,+3.47,+15.468, +9.170,+0.957
1666359000,+3.47,+15.485, +9.133,+0.956
1666359060,+3.47,+15.493, +9.120,+0.956
1666359120,+3.47,+15.511, +9.094,+0.957
1666359180,+3.47,+15.511, +8.818,+0.956
1666359240,+3.47,+15.502, +8.609,+0.957
1666359300,+3.47,+15.502, +8.383,+0.957
1666359360,+3.47,+15.502, +8.546,+0.957
1666359420,+3.47,+15.476, +8.894,+0.957
1666359480,+3.47,+15.502, +9.063,+0.957
1666359540,+3.47,+15.493, +9.227,+0.957
1666359600,+3.47,+15.476, +9.332,+0.957
1666359660,+3.47,+15.476, +9.371,+0.958
1666359720,+3.47,+15.493, +9.392,+0.957
1666359780,+3.47,+15.485, +9.423,+0.957
1666359840,+3.47,+15.468, +9.457,+0.957
1666359900,+3.47,+15.485, +9.455,+0.957
1666359960,+3.47,+15.493, +9.449,+0.957
1666360020,+3.47,+15.476, +9.450,+0.957
1666360080,+3.47,+15.476, +9.441,+0.957
1666360140,+3.47,+15.485, +9.453,+0.957
1666360200,+3.47,+15.476, +9.455,+0.957
1666360260,+3.47,+15.468, +9.490,+0.957
1666360320,+3.47,+15.476, +9.510,+0.957
1666360380,+3.47,+15.476, +9.505,+0.957
1666360440,+3.47,+15.468, +9.496,+0.957
1666360500,+3.47,+15.485, +9.507,+0.957
1666360560,+3.47,+15.485, +9.499,+0.957
1666360620,+3.47,+15.493, +9.505,+0.957
1666360680,+3.47,+15.502, +9.496,+0.957
1666360740,+3.47,+15.502, +9.515,+0.956
1666360800,+3.47,+15.485, +9.500,+0.957
1666360860,+3.47,+15.476, +9.488,+0.957
1666360920,+3.47,+15.502, +9.471,+0.957
1666360980,+3.47,+15.493, +9.454,+0.957
1666361040,+3.47,+15.502, +9.424,+0.956
1666361100,+3.47,+15.493, +9.472,+0.957
1666361160,+3.47,+15.502, +9.459,+0.956
1666361220,+3.47,+15.493, +9.456,+0.957
1666361280,+3.47,+15.511, +9.403,+0.956
1666361340,+3.47,+15.502, +9.385,+0.957
1666361400,+3.47,+15.511, +9.357,+0.957
1666361460,+3.47,+15.502, +9.336,+0.957
1666361520,+3.47,+15.502, +9.311,+0.957
1666361580,+3.47,+15.511, +9.311,+0.957
1666361640,+3.47,+15.502, +9.363,+0.957
1666361700,+3.47,+15.511, +9.405,+0.957
1666361760,+3.47,+15.511, +9.381,+0.956
1666361820,+3.47,+15.476, +9.356,+0.957
1666361880,+3.47,+15.476, +9.358,+0.957
1666361940,+3.47,+15.468, +9.345,+0.957
1666362000,+3.47,+15.476, +9.343,+0.957
1666362060,+3.47,+15.433, +9.336,+0.957
1666362120,+3.47,+15.425, +9.343,+0.957
1666362180,+3.47,+15.382, +9.341,+0.957
1666362240,+3.47,+15.365, +9.381,+0.956
1666362300,+3.47,+15.356, +9.400,+0.957
1666362360,+3.47,+15.339, +9.396,+0.956
1666362420,+3.47,+15.305, +9.413,+0.957
1666362480,+3.47,+15.313, +9.432,+0.957
1666362540,+3.47,+15.296, +9.448,+0.957
1666362600,+3.47,+15.322, +9.443,+0.957
1666362660,+3.47,+15.305, +9.439,+0.957
1666362720,+3.47,+15.296, +9.425,+0.956
1666362780,+3.47,+15.279, +9.438,+0.957
1666362840,+3.47,+15.279, +9.386,+0.957
1666362900,+3.47,+15.253, +9.347,+0.957
1666362960,+3.47,+15.253, +9.362,+0.957
1666363020,+3.47,+15.227, +9.360,+0.957
1666363080,+3.47,+15.270, +9.329,+0.957
1666363140,+3.47,+15.244, +9.322,+0.957
1666363200,+3.47,+15.244, +9.338,+0.956
1666363260,+3.47,+15.236, +9.351,+0.957
1666363320,+3.47,+15.236, +9.315,+0.957
1666363380,+3.47,+15.236, +9.300,+0.956
1666363440,+3.47,+15.236, +9.283,+0.956
1666363500,+3.47,+15.236, +9.284,+0.956
1666363560,+3.47,+15.227, +9.267,+0.956
1666363620,+3.47,+15.184, +9.300,+0.957
1666363680,+3.47,+15.176, +9.368,+0.957
1666363740,+3.47,+15.176, +9.476,+0.956
1666363800,+3.47,+15.133, +9.522,+0.957
1666363860,+3.47,+15.150, +9.512,+0.957
1666363920,+3.47,+15.124, +9.518,+0.956
1666363980,+3.47,+15.133, +9.553,+0.957
1666364040,+3.47,+15.107, +9.583,+0.957
1666364100,+3.47,+15.098, +9.614,+0.957
1666364160,+3.47,+15.081, +9.604,+0.957
1666364220,+3.47,+15.090, +9.507,+0.957
1666364280,+3.47,+15.090, +9.476,+0.958
1666364340,+3.47,+15.090, +9.296,+0.957
1666364400,+3.47,+15.081, +9.230,+0.957
1666364460,+3.47,+15.072, +9.195,+0.957
1666364520,+3.47,+15.081, +9.170,+0.957
1666364580,+3.47,+15.081, +9.135,+0.956
1666364640,+3.47,+15.098, +9.119,+0.956
1666364700,+3.47,+15.107, +9.115,+0.956
1666364760,+3.47,+15.107, +9.120,+0.956
1666364820,+3.47,+15.133, +9.117,+0.956
1666364880,+3.47,+15.133, +9.120,+0.956
1666364940,+3.47,+15.159, +9.034,+0.955
1666365000,+3.47,+15.167, +8.893,+0.955
1666365060,+3.47,+15.150, +8.757,+0.955
1666365120,+3.47,+15.159, +8.633,+0.956
1666365180,+3.47,+15.176, +8.512,+0.955
1666365240,+3.47,+15.159, +8.493,+0.955
1666365300,+3.47,+15.150, +8.497,+0.955
1666365360,+3.47,+15.184, +8.532,+0.954
1666365420,+3.47,+15.184, +8.590,+0.954
1666365480,+3.47,+15.193, +8.619,+0.954
1666365540,+3.47,+15.176, +8.733,+0.954
1666365600,+3.47,+15.193, +8.900,+0.953
1666365660,+3.47,+15.210, +9.110,+0.954
1666365720,+3.47,+15.219, +9.293,+0.953
1666365780,+3.47,+15.176, +9.316,+0.953
1666365840,+3.47,+15.184, +9.300,+0.954
1666365900,+3.47,+15.184, +9.322,+0.953
1666365960,+3.47,+15.201, +9.337,+0.953
1666366020,+3.47,+15.193, +9.345,+0.953
1666366080,+3.47,+15.184, +9.313,+0.953
1666366140,+3.47,+15.201, +9.261,+0.953
1666366200,+3.47,+15.193, +9.258,+0.953
1666366260,+3.47,+15.201, +9.265,+0.953
1666366320,+3.47,+15.184, +9.285,+0.953
1666366380,+3.47,+15.184, +9.258,+0.952
1666366440,+3.47,+15.193, +9.252,+0.953
1666366500,+3.47,+15.184, +9.281,+0.953
1666366560,+3.47,+15.210, +9.313,+0.952
1666366620,+3.47,+15.219, +9.330,+0.953
1666366680,+3.47,+15.227, +9.316,+0.953
1666366740,+3.47,+15.244, +9.298,+0.953
1666366800,+3.47,+15.244, +9.265,+0.953
1666366860,+3.47,+15.253, +9.225,+0.953
1666366920,+3.47,+15.244, +9.245,+0.954
1666366980,+3.47,+15.244, +9.283,+0.953
1666367040,+3.47,+15.262, +9.313,+0.953
1666367100,+3.47,+15.270, +9.341,+0.953
1666367160,+3.47,+15.253, +9.427,+0.953
1666367220,+3.47,+15.262, +9.496,+0.953
1666367280,+3.47,+15.253, +9.581,+0.953
1666367340,+3.47,+15.253, +9.609,+0.953
1666367400,+3.47,+15.244, +9.617,+0.954
1666367460,+3.47,+15.279, +9.595,+0.953
1666367520,+3.47,+15.287, +9.582,+0.953
1666367580,+3.47,+15.305, +9.592,+0.953
1666367640,+3.47,+15.305, +9.594,+0.953
1666367700,+3.47,+15.296, +9.558,+0.953
1666367760,+3.47,+15.287, +9.456,+0.954
1666367820,+3.47,+15.270, +9.349,+0.954
1666367880,+3.47,+15.305, +9.240,+0.954
1666367940,+3.47,+15.305, +9.127,+0.954
1666368000,+3.47,+15.339, +9.150,+0.954
1666368060,+3.47,+15.348, +9.194,+0.953
1666368120,+3.47,+15.356, +9.208,+0.954
1666368180,+3.47,+15.365, +9.257,+0.953
1666368240,+3.47,+15.365, +9.318,+0.952
1666368300,+3.47,+15.373, +9.383,+0.952
1666368360,+3.47,+15.399, +9.486,+0.952
1666368420,+3.47,+15.416, +9.478,+0.952
1666368480,+3.47,+15.408, +9.420,+0.952
1666368540,+3.47,+15.416, +9.372,+0.952
1666368600,+3.47,+15.425, +9.502,+0.952
1666368660,+3.47,+15.433, +9.700,+0.951
1666368720,+3.47,+15.442, +9.757,+0.951
1666368780,+3.47,+15.459, +9.715,+0.951
1666368840,+3.47,+15.451, +9.692,+0.951
1666368900,+3.47,+15.485, +9.684,+0.951
1666368960,+3.47,+15.485, +9.690,+0.951
1666369020,+3.47,+15.493, +9.685,+0.951
1666369080,+3.47,+15.511, +9.744,+0.951
1666369140,+3.47,+15.519, +9.794,+0.951
1666369200,+3.47,+15.519, +9.916,+0.950
1666369260,+3.47,+15.519, +9.972,+0.950
1666369320,+3.47,+15.536, +9.943,+0.950
1666369380,+3.47,+15.553, +9.967,+0.951
1666369440,+3.47,+15.553, +9.970,+0.951
1666369500,+3.47,+15.579, +9.232,+0.953
1666369560,+3.47,+15.596, +8.937,+0.954
1666369620,+3.47,+15.588, +9.084,+0.953
1666369680,+3.47,+15.596, +9.256,+0.952
1666369740,+3.47,+15.631, +9.363,+0.952
1666369800,+3.47,+15.639, +9.452,+0.951
1666369860,+3.47,+15.639, +9.628,+0.951
1666369920,+3.47,+15.682,+10.053,+0.951
1666369980,+3.47,+15.708,+10.249,+0.950
1666370040,+3.47,+15.725,+10.382,+0.951
1666370100,+3.47,+15.750,+10.506,+0.951
1666370160,+3.47,+15.802,+10.383,+0.952
1666370220,+3.47,+15.896,+10.135,+0.953
1666370280,+3.47,+15.930,+10.029,+0.954
1666370340,+3.47,+15.973, +9.950,+0.954
1666370400,+3.47,+15.981, +9.906,+0.954
1666370460,+3.47,+16.024, +9.867,+0.954
1666370520,+3.47,+16.033, +9.859,+0.954
1666370580,+3.47,+16.050, +9.929,+0.954
1666370640,+3.47,+16.067, +9.940,+0.955
1666370700,+3.47,+16.101, +9.939,+0.955
1666370760,+3.47,+16.109, +9.945,+0.955
1666370820,+3.47,+16.126, +9.899,+0.955
1666370880,+3.47,+16.126, +9.863,+0.955
