7450-383325
OS REV: 1.05 Sensor Cal: 1644949570
Time (sec),  BV (Volts),  T (deg C),  DO (mg/l),  Q ()
1665938940,+3.48,+17.731, +9.313,+0.959
1665939000,+3.48,+17.731, +9.272,+0.959
1665939060,+3.47,+17.756, +9.235,+0.959
1665939120,+3.48,+17.739, +9.221,+0.959
1665939180,+3.48,+17.739, +9.243,+0.959
1665939240,+3.48,+17.764, +9.232,+0.960
1665939300,+3.48,+17.773, +8.862,+0.959
1665939360,+3.48,+17.781, +7.838,+0.959
1665939420,+3.47,+17.764, +7.794,+0.959
1665939480,+3.48,+17.781, +8.111,+0.959
1665939540,+3.48,+17.807, +8.377,+0.959
1665939600,+3.48,+17.748, +8.902,+0.959
1665939660,+3.48,+17.756, +9.186,+0.959
1665939720,+3.48,+17.748, +9.292,+0.959
1665939780,+3.48,+17.739, +9.344,+0.959
1665939840,+3.48,+17.731, +9.401,+0.959
1665939900,+3.48,+17.756, +9.419,+0.959
1665939960,+3.48,+17.731, +9.403,+0.959
1665940020,+3.48,+17.722, +9.403,+0.959
1665940080,+3.48,+17.714, +9.414,+0.959
1665940140,+3.48,+17.714, +9.416,+0.959
1665940200,+3.48,+17.697, +9.434,+0.959
1665940260,+3.48,+17.722, +9.413,+0.959
1665940320,+3.48,+17.688, +9.360,+0.959
1665940380,+3.48,+17.714, +9.333,+0.959
1665940440,+3.48,+17.714, +9.295,+0.959
1665940500,+3.48,+17.680, +9.286,+0.959
1665940560,+3.48,+17.697, +9.310,+0.959
1665940620,+3.48,+17.688, +9.288,+0.959
1665940680,+3.48,+17.688, +8.776,+0.959
1665940740,+3.48,+17.688, +8.465,+0.959
1665940800,+3.48,+17.697, +8.738,+0.959
1665940860,+3.48,+17.671, +8.877,+0.959
1665940920,+3.48,+17.680, +8.610,+0.959
1665940980,+3.48,+17.680, +8.298,+0.959
1665941040,+3.48,+17.688, +8.606,+0.959
1665941100,+3.48,+17.688, +8.920,+0.959
1665941160,+3.48,+17.680, +9.083,+0.959
1665941220,+3.48,+17.671, +9.179,+0.959
1665941280,+3.48,+17.680, +9.183,+0.959
1665941340,+3.48,+17.680, +9.180,+0.959
1665941400,+3.48,+17.680, +9.180,+0.959
1665941460,+3.48,+17.688, +9.194,+0.959
1665941520,+3.48,+17.688, +9.191,+0.959
1665941580,+3.48,+17.697, +9.145,+0.959
1665941640,+3.48,+17.705, +9.020,+0.959
1665941700,+3.48,+17.714, +9.012,+0.959
1665941760,+3.48,+17.705, +8.988,+0.959
1665941820,+3.48,+17.680, +9.032,+0.959
1665941880,+3.48,+17.714, +9.036,+0.959
1665941940,+3.48,+17.714, +8.988,+0.960
1665942000,+3.48,+17.714, +9.062,+0.959
1665942060,+3.48,+17.722, +9.024,+0.959
1665942120,+3.48,+17.714, +9.127,+0.959
1665942180,+3.48,+17.697, +9.218,+0.959
1665942240,+3.48,+17.722, +9.232,+0.959
1665942300,+3.48,+17.714, +9.231,+0.959
1665942360,+3.48,+17.688, +9.254,+0.959
1665942420,+3.48,+17.697, +9.267,+0.960
1665942480,+3.48,+17.705, +9.279,+0.960
1665942540,+3.48,+17.722, +9.275,+0.959
1665942600,+3.48,+17.739, +9.296,+0.959
1665942660,+3.48,+17.739, +9.318,+0.959
1665942720,+3.48,+17.739, +9.355,+0.959
1665942780,+3.48,+17.739, +9.341,+0.959
1665942840,+3.48,+17.739, +9.363,+0.959
1665942900,+3.48,+17.748, +9.347,+0.959
1665942960,+3.48,+17.748, +9.311,+0.959
1665943020,+3.48,+17.764, +9.286,+0.959
1665943080,+3.47,+17.764, +9.308,+0.959
1665943140,+3.48,+17.756, +9.258,+0.960
1665943200,+3.48,+17.756, +9.267,+0.959
1665943260,+3.48,+17.756, +9.338,+0.959
1665943320,+3.48,+17.739, +9.411,+0.959
1665943380,+3.48,+17.756, +9.428,+0.959
1665943440,+3.48,+17.781, +9.421,+0.959
1665943500,+3.48,+17.773, +9.446,+0.960
1665943560,+3.48,+17.764, +9.515,+0.959
1665943620,+3.48,+17.781, +9.541,+0.959
1665943680,+3.48,+17.781, +9.545,+0.959
1665943740,+3.48,+17.773, +9.542,+0.959
1665943800,+3.48,+17.798, +9.497,+0.959
1665943860,+3.48,+17.798, +9.434,+0.959
1665943920,+3.48,+17.832, +9.443,+0.960
1665943980,+3.48,+17.832, +9.468,+0.959
1665944040,+3.48,+17.815, +9.480,+0.959
1665944100,+3.48,+17.832, +9.456,+0.959
1665944160,+3.48,+17.815, +9.367,+0.959
1665944220,+3.48,+17.824, +9.295,+0.959
1665944280,+3.47,+17.815, +9.457,+0.959
1665944340,+3.48,+17.857, +9.623,+0.959
1665944400,+3.48,+17.832, +9.777,+0.959
1665944460,+3.48,+17.849, +9.846,+0.959
1665944520,+3.47,+17.832, +9.831,+0.960
1665944580,+3.48,+17.832, +9.830,+0.959
1665944640,+3.48,+17.849, +9.867,+0.960
1665944700,+3.48,+17.857, +9.988,+0.960
1665944760,+3.48,+17.857,+10.037,+0.959
1665944820,+3.48,+17.857,+10.144,+0.960
1665944880,+3.48,+17.883,+10.234,+0.960
1665944940,+3.48,+17.866,+10.270,+0.959
1665945000,+3.48,+17.916,+10.337,+0.959
1665945060,+3.48,+17.900,+10.355,+0.960
1665945120,+3.48,+17.891,+10.350,+0.959
1665945180,+3.48,+17.900,+10.345,+0.959
1665945240,+3.48,+17.916,+10.370,+0.960
1665945300,+3.48,+17.933,+10.396,+0.960
1665945360,+3.48,+17.933,+10.330,+0.960
1665945420,+3.48,+17.942,+10.309,+0.959
1665945480,+3.48,+17.959,+10.376,+0.960
1665945540,+3.48,+17.959,+10.466,+0.960
1665945600,+3.48,+17.942,+10.511,+0.960
1665945660,+3.48,+17.992,+10.464,+0.960
1665945720,+3.48,+18.001,+10.472,+0.959
1665945780,+3.48,+18.001,+10.515,+0.959
1665945840,+3.48,+18.001,+10.583,+0.960
1665945900,+3.48,+18.009,+10.585,+0.960
1665945960,+3.48,+18.001,+10.435,+0.960
1665946020,+3.48,+17.984,+10.345,+0.959
1665946080,+3.48,+17.933,+10.250,+0.959
1665946140,+3.48,+17.942,+10.146,+0.960
1665946200,+3.48,+17.942,+10.089,+0.960
1665946260,+3.48,+17.925,+10.083,+0.959
1665946320,+3.48,+17.950,+10.080,+0.960
1665946380,+3.48,+17.925,+10.076,+0.959
1665946440,+3.48,+17.925,+10.064,+0.959
1665946500,+3.48,+17.900, +9.957,+0.960
1665946560,+3.48,+17.925, +9.726,+0.960
1665946620,+3.48,+17.891, +9.505,+0.960
1665946680,+3.48,+17.883, +9.358,+0.959
1665946740,+3.48,+17.874, +9.268,+0.959
1665946800,+3.48,+17.916, +9.195,+0.959
1665946860,+3.48,+17.883, +9.161,+0.960
1665946920,+3.48,+17.900, +9.121,+0.959
1665946980,+3.48,+17.908, +9.139,+0.959
1665947040,+3.48,+17.900, +9.212,+0.959
1665947100,+3.48,+17.900, +9.252,+0.959
1665947160,+3.48,+17.925, +9.265,+0.959
1665947220,+3.48,+17.916, +9.265,+0.959
1665947280,+3.48,+17.908, +9.265,+0.959
1665947340,+3.48,+17.925, +9.255,+0.959
1665947400,+3.48,+17.891, +9.280,+0.959
1665947460,+3.48,+17.891, +9.284,+0.959
1665947520,+3.48,+17.900, +9.253,+0.959
1665947580,+3.48,+17.900, +9.237,+0.959
1665947640,+3.48,+17.908, +9.247,+0.959
1665947700,+3.48,+17.916, +9.279,+0.959
1665947760,+3.48,+17.908, +9.262,+0.959
1665947820,+3.48,+17.908, +9.229,+0.959
1665947880,+3.48,+17.891, +9.209,+0.959
1665947940,+3.48,+17.900, +9.190,+0.959
1665948000,+3.48,+17.891, +9.155,+0.959
1665948060,+3.48,+17.891, +9.163,+0.959
1665948120,+3.48,+17.891, +9.181,+0.959
1665948180,+3.48,+17.908, +9.189,+0.959
1665948240,+3.48,+17.891, +9.220,+0.959
1665948300,+3.48,+17.908, +9.241,+0.959
1665948360,+3.48,+17.900, +9.347,+0.959
1665948420,+3.48,+17.908, +9.327,+0.959
1665948480,+3.48,+17.900, +9.300,+0.960
1665948540,+3.48,+17.883, +9.261,+0.959
1665948600,+3.48,+17.883, +9.223,+0.959
1665948660,+3.48,+17.883, +9.225,+0.959
1665948720,+3.48,+17.883, +9.225,+0.959
1665948780,+3.48,+17.900, +9.217,+0.959
1665948840,+3.48,+17.857, +9.226,+0.959
1665948900,+3.48,+17.849, +9.224,+0.960
1665948960,+3.48,+17.857, +9.185,+0.959
1665949020,+3.47,+17.840, +9.160,+0.959
1665949080,+3.48,+17.840, +9.136,+0.959
1665949140,+3.48,+17.840, +9.126,+0.959
1665949200,+3.48,+17.832, +9.117,+0.959
1665949260,+3.48,+17.857, +9.102,+0.959
1665949320,+3.48,+17.874, +9.073,+0.959
1665949380,+3.48,+17.874, +9.052,+0.959
1665949440,+3.48,+17.883, +9.066,+0.959
1665949500,+3.48,+17.857, +9.070,+0.959
1665949560,+3.48,+17.874, +9.061,+0.959
1665949620,+3.48,+17.874, +9.075,+0.959
1665949680,+3.48,+17.900, +9.053,+0.959
1665949740,+3.48,+17.900, +9.038,+0.959
1665949800,+3.48,+17.908, +9.041,+0.959
1665949860,+3.48,+17.891, +9.045,+0.959
1665949920,+3.48,+17.908, +9.051,+0.959
1665949980,+3.48,+17.900, +9.046,+0.959
1665950040,+3.48,+17.908, +9.039,+0.959
1665950100,+3.48,+17.900, +9.031,+0.959
1665950160,+3.48,+17.925, +9.001,+0.959
1665950220,+3.48,+17.908, +9.034,+0.959
1665950280,+3.48,+17.908, +9.063,+0.959
1665950340,+3.48,+17.908, +9.069,+0.959
1665950400,+3.48,+17.916, +9.097,+0.959
1665950460,+3.48,+17.916, +9.104,+0.959
1665950520,+3.48,+17.916, +9.087,+0.959
1665950580,+3.48,+17.933, +9.087,+0.959
1665950640,+3.48,+17.908, +9.091,+0.959
1665950700,+3.48,+17.908, +9.082,+0.959
1665950760,+3.48,+17.925, +9.068,+0.959
1665950820,+3.48,+17.933, +9.026,+0.960
1665950880,+3.48,+17.933, +9.017,+0.959
1665950940,+3.48,+17.925, +9.044,+0.959
1665951000,+3.48,+17.900, +9.072,+0.959
1665951060,+3.48,+17.925, +9.112,+0.959
1665951120,+3.48,+17.908, +9.140,+0.959
1665951180,+3.48,+17.925, +9.136,+0.959
1665951240,+3.48,+17.916, +9.136,+0.959
1665951300,+3.48,+17.916, +9.132,+0.959
1665951360,+3.48,+17.900, +9.078,+0.959
1665951420,+3.48,+17.925, +9.024,+0.959
1665951480,+3.48,+17.900, +8.965,+0.959
1665951540,+3.48,+17.900, +8.986,+0.959
1665951600,+3.48,+17.891, +9.002,+0.959
1665951660,+3.48,+17.900, +8.988,+0.959
1665951720,+3.48,+17.874, +8.984,+0.959
1665951780,+3.48,+17.874, +8.985,+0.960
1665951840,+3.48,+17.849, +8.958,+0.959
1665951900,+3.48,+17.857, +8.928,+0.959
1665951960,+3.48,+17.832, +8.939,+0.959
1665952020,+3.48,+17.807, +8.936,+0.959
1665952080,+3.48,+17.798, +8.944,+0.959
1665952140,+3.48,+17.824, +8.924,+0.959
1665952200,+3.48,+17.807, +8.910,+0.959
1665952260,+3.48,+17.781, +8.952,+0.959
1665952320,+3.48,+17.798, +8.987,+0.959
1665952380,+3.48,+17.815, +8.995,+0.959
1665952440,+3.48,+17.807, +9.020,+0.959
1665952500,+3.47,+17.790, +9.031,+0.959
1665952560,+3.48,+17.815, +9.033,+0.959
1665952620,+3.48,+17.807, +9.077,+0.959
1665952680,+3.48,+17.807, +9.080,+0.959
1665952740,+3.48,+17.815, +9.149,+0.960
1665952800,+3.48,+17.840, +9.139,+0.959
1665952860,+3.48,+17.824, +9.148,+0.959
1665952920,+3.48,+17.824, +9.140,+0.959
1665952980,+3.48,+17.824, +9.149,+0.960
1665953040,+3.48,+17.849, +9.147,+0.959
1665953100,+3.48,+17.840, +9.167,+0.959
1665953160,+3.48,+17.849, +9.160,+0.959
1665953220,+3.48,+17.824, +9.159,+0.959
1665953280,+3.48,+17.824, +9.153,+0.959
1665953340,+3.48,+17.824, +9.143,+0.959
1665953400,+3.47,+17.824, +9.146,+0.959
1665953460,+3.48,+17.807, +9.139,+0.959
1665953520,+3.48,+17.807, +9.130,+0.959
1665953580,+3.48,+17.798, +9.121,+0.959
1665953640,+3.48,+17.790, +9.095,+0.959
1665953700,+3.48,+17.798, +8.996,+0.959
1665953760,+3.48,+17.781, +8.985,+0.959
1665953820,+3.48,+17.773, +8.994,+0.959
1665953880,+3.48,+17.756, +9.016,+0.959
1665953940,+3.48,+17.722, +9.067,+0.959
1665954000,+3.48,+17.739, +9.047,+0.959
1665954060,+3.48,+17.714, +9.024,+0.959
1665954120,+3.48,+17.714, +9.016,+0.959
1665954180,+3.48,+17.731, +9.042,+0.960
1665954240,+3.48,+17.722, +9.049,+0.958
1665954300,+3.48,+17.722, +9.040,+0.959
1665954360,+3.48,+17.722, +9.040,+0.959
1665954420,+3.48,+17.705, +9.020,+0.959
1665954480,+3.48,+17.731, +8.989,+0.959
1665954540,+3.48,+17.705, +8.953,+0.959
1665954600,+3.48,+17.705, +8.955,+0.959
1665954660,+3.48,+17.714, +8.933,+0.960
1665954720,+3.48,+17.705, +8.946,+0.959
1665954780,+3.48,+17.714, +9.040,+0.959
1665954840,+3.48,+17.714, +9.064,+0.959
1665954900,+3.48,+17.697, +9.080,+0.959
1665954960,+3.48,+17.705, +9.067,+0.959
1665955020,+3.48,+17.714, +9.057,+0.959
1665955080,+3.48,+17.705, +9.051,+0.959
1665955140,+3.48,+17.731, +9.040,+0.959
1665955200,+3.48,+17.722, +9.049,+0.959
1665955260,+3.48,+17.722, +9.049,+0.959
1665955320,+3.48,+17.722, +9.012,+0.959
1665955380,+3.48,+17.705, +8.987,+0.959
1665955440,+3.48,+17.705, +8.993,+0.960
1665955500,+3.48,+17.697, +9.021,+0.959
1665955560,+3.48,+17.697, +9.023,+0.959
1665955620,+3.48,+17.688, +9.026,+0.959
1665955680,+3.48,+17.680, +9.037,+0.959
1665955740,+3.48,+17.688, +9.042,+0.959
1665955800,+3.48,+17.688, +9.045,+0.959
1665955860,+3.48,+17.671, +9.052,+0.959
1665955920,+3.48,+17.680, +9.025,+0.959
1665955980,+3.48,+17.663, +8.995,+0.959
1665956040,+3.48,+17.663, +8.963,+0.959
1665956100,+3.48,+17.655, +8.921,+0.959
1665956160,+3.48,+17.671, +8.926,+0.959
1665956220,+3.48,+17.663, +8.909,+0.959
1665956280,+3.48,+17.688, +8.879,+0.959
1665956340,+3.48,+17.663, +8.889,+0.959
1665956400,+3.48,+17.688, +8.896,+0.958
1665956460,+3.48,+17.697, +8.846,+0.959
1665956520,+3.48,+17.680, +8.878,+0.959
1665956580,+3.48,+17.663, +8.925,+0.959
1665956640,+3.48,+17.680, +8.957,+0.959
1665956700,+3.48,+17.671, +8.978,+0.959
1665956760,+3.48,+17.680, +8.963,+0.959
1665956820,+3.48,+17.671, +8.955,+0.959
1665956880,+3.48,+17.680, +8.958,+0.959
1665956940,+3.48,+17.671, +8.982,+0.959
1665957000,+3.48,+17.680, +9.002,+0.959
1665957060,+3.48,+17.671, +8.983,+0.959
1665957120,+3.48,+17.671, +8.952,+0.959
1665957180,+3.48,+17.663, +8.973,+0.959
1665957240,+3.48,+17.663, +8.996,+0.959
1665957300,+3.48,+17.663, +9.004,+0.959
1665957360,+3.48,+17.663, +8.994,+0.959
1665957420,+3.48,+17.638, +8.990,+0.959
1665957480,+3.48,+17.671, +8.979,+0.959
1665957540,+3.48,+17.663, +9.005,+0.960
1665957600,+3.48,+17.646, +9.025,+0.959
1665957660,+3.48,+17.655, +9.024,+0.959
1665957720,+3.48,+17.671, +9.026,+0.960
1665957780,+3.48,+17.646, +8.966,+0.959
1665957840,+3.48,+17.671, +8.968,+0.959
1665957900,+3.48,+17.671, +8.959,+0.959
1665957960,+3.48,+17.655, +8.970,+0.959
1665958020,+3.48,+17.680, +8.955,+0.958
1665958080,+3.48,+17.671, +8.893,+0.959
1665958140,+3.48,+17.680, +8.866,+0.959
1665958200,+3.48,+17.680, +8.819,+0.959
1665958260,+3.48,+17.688, +8.815,+0.959
1665958320,+3.48,+17.671, +8.708,+0.959
1665958380,+3.48,+17.688, +8.692,+0.959
1665958440,+3.48,+17.697, +8.770,+0.959
1665958500,+3.48,+17.688, +8.846,+0.959
1665958560,+3.48,+17.697, +8.833,+0.959
1665958620,+3.48,+17.680, +8.891,+0.959
1665958680,+3.48,+17.680, +8.891,+0.959
1665958740,+3.48,+17.688, +8.863,+0.959
1665958800,+3.48,+17.697, +8.906,+0.959
1665958860,+3.48,+17.697, +8.850,+0.959
1665958920,+3.48,+17.688, +8.918,+0.959
1665958980,+3.48,+17.697, +8.885,+0.959
1665959040,+3.48,+17.688, +8.855,+0.959
1665959100,+3.48,+17.688, +8.861,+0.959
1665959160,+3.48,+17.688, +8.905,+0.959
1665959220,+3.48,+17.680, +8.896,+0.959
1665959280,+3.48,+17.680, +8.915,+0.959
1665959340,+3.48,+17.688, +8.917,+0.959
1665959400,+3.48,+17.671, +8.915,+0.959
1665959460,+3.48,+17.697, +8.859,+0.959
1665959520,+3.48,+17.688, +8.861,+0.959
1665959580,+3.48,+17.697, +8.866,+0.959
1665959640,+3.48,+17.688, +8.875,+0.959
1665959700,+3.48,+17.705, +8.879,+0.959
1665959760,+3.48,+17.705, +8.872,+0.959
1665959820,+3.48,+17.671, +8.809,+0.959
1665959880,+3.48,+17.697, +8.743,+0.959
1665959940,+3.48,+17.697, +8.713,+0.959
1665960000,+3.48,+17.705, +8.753,+0.959
1665960060,+3.48,+17.697, +8.743,+0.959
1665960120,+3.48,+17.688, +8.750,+0.959
1665960180,+3.48,+17.680, +8.774,+0.959
1665960240,+3.48,+17.697, +8.763,+0.958
1665960300,+3.48,+17.688, +8.791,+0.959
1665960360,+3.48,+17.688, +8.477,+0.959
1665960420,+3.48,+17.697, +8.621,+0.959
1665960480,+3.48,+17.680, +8.728,+0.958
1665960540,+3.48,+17.688, +8.817,+0.959
1665960600,+3.48,+17.697, +8.836,+0.959
1665960660,+3.48,+17.697, +8.821,+0.959
1665960720,+3.48,+17.697, +8.852,+0.959
1665960780,+3.48,+17.714, +8.793,+0.959
1665960840,+3.48,+17.714, +8.810,+0.959
1665960900,+3.48,+17.697, +8.824,+0.959
1665960960,+3.48,+17.697, +8.799,+0.960
1665961020,+3.48,+17.705, +8.800,+0.959
1665961080,+3.48,+17.731, +8.756,+0.959
1665961140,+3.48,+17.697, +8.769,+0.959
1665961200,+3.48,+17.697, +8.781,+0.959
1665961260,+3.48,+17.714, +8.792,+0.959
1665961320,+3.48,+17.697, +8.641,+0.959
1665961380,+3.48,+17.714, +8.498,+0.959
1665961440,+3.48,+17.714, +8.430,+0.959
1665961500,+3.48,+17.697, +8.397,+0.959
1665961560,+3.48,+17.705, +8.461,+0.959
1665961620,+3.48,+17.697, +8.516,+0.959
1665961680,+3.48,+17.722, +8.580,+0.959
1665961740,+3.48,+17.739, +8.623,+0.959
1665961800,+3.48,+17.722, +8.637,+0.959
1665961860,+3.48,+17.722, +8.609,+0.959
1665961920,+3.48,+17.714, +8.139,+0.959
1665961980,+3.48,+17.731, +7.224,+0.958
1665962040,+3.48,+17.722, +7.649,+0.959
1665962100,+3.48,+17.739, +7.976,+0.959
1665962160,+3.48,+17.731, +7.967,+0.959
1665962220,+3.48,+17.731, +8.016,+0.959
1665962280,+3.48,+17.731, +8.051,+0.959
1665962340,+3.48,+17.722, +8.091,+0.959
1665962400,+3.48,+17.722, +8.179,+0.959
1665962460,+3.48,+17.722, +8.232,+0.959
1665962520,+3.48,+17.748, +8.225,+0.959
1665962580,+3.48,+17.739, +7.930,+0.959
1665962640,+3.48,+17.722, +7.238,+0.959
1665962700,+3.48,+17.739, +6.909,+0.958
1665962760,+3.48,+17.731, +7.068,+0.958
1665962820,+3.48,+17.722, +7.284,+0.959
1665962880,+3.48,+17.739, +7.173,+0.959
1665962940,+3.48,+17.731, +7.394,+0.959
1665963000,+3.48,+17.748, +7.788,+0.958
1665963060,+3.48,+17.731, +8.062,+0.959
1665963120,+3.48,+17.722, +8.211,+0.959
1665963180,+3.48,+17.731, +8.232,+0.959
1665963240,+3.48,+17.748, +7.897,+0.959
1665963300,+3.48,+17.722, +7.780,+0.959
1665963360,+3.48,+17.714, +7.902,+0.959
1665963420,+3.48,+17.714, +7.982,+0.959
1665963480,+3.48,+17.739, +7.983,+0.959
1665963540,+3.48,+17.731, +7.917,+0.959
1665963600,+3.48,+17.722, +7.844,+0.959
1665963660,+3.48,+17.731, +7.869,+0.959
1665963720,+3.48,+17.722, +8.002,+0.959
1665963780,+3.48,+17.722, +8.179,+0.959
1665963840,+3.48,+17.722, +8.206,+0.959
1665963900,+3.48,+17.714, +8.226,+0.959
1665963960,+3.48,+17.705, +8.184,+0.959
1665964020,+3.48,+17.714, +8.114,+0.959
1665964080,+3.48,+17.731, +8.215,+0.959
1665964140,+3.48,+17.722, +8.329,+0.959
1665964200,+3.48,+17.697, +8.273,+0.959
1665964260,+3.48,+17.714, +8.130,+0.959
1665964320,+3.48,+17.731, +8.009,+0.959
1665964380,+3.48,+17.722, +7.966,+0.958
1665964440,+3.48,+17.714, +7.765,+0.959
1665964500,+3.48,+17.722, +7.711,+0.959
1665964560,+3.48,+17.722, +7.616,+0.959
1665964620,+3.48,+17.722, +7.721,+0.959
1665964680,+3.48,+17.714, +7.937,+0.959
1665964740,+3.48,+17.697, +8.134,+0.958
1665964800,+3.48,+17.705, +8.082,+0.959
1665964860,+3.48,+17.705, +8.178,+0.959
1665964920,+3.48,+17.705, +8.278,+0.959
1665964980,+3.48,+17.705, +8.320,+0.959
1665965040,+3.48,+17.697, +8.389,+0.959
1665965100,+3.48,+17.688, +8.440,+0.959
1665965160,+3.48,+17.697, +8.397,+0.959
1665965220,+3.48,+17.680, +8.451,+0.959
1665965280,+3.48,+17.680, +8.475,+0.959
1665965340,+3.48,+17.680, +8.474,+0.959
1665965400,+3.48,+17.680, +8.431,+0.959
1665965460,+3.48,+17.663, +8.526,+0.959
1665965520,+3.48,+17.680, +8.448,+0.959
1665965580,+3.48,+17.697, +8.427,+0.959
1665965640,+3.48,+17.663, +8.490,+0.959
1665965700,+3.48,+17.663, +8.466,+0.959
1665965760,+3.48,+17.680, +8.458,+0.959
1665965820,+3.48,+17.671, +8.413,+0.959
1665965880,+3.48,+17.671, +8.374,+0.959
1665965940,+3.48,+17.688, +8.361,+0.959
1665966000,+3.48,+17.680, +8.377,+0.959
1665966060,+3.48,+17.663, +8.387,+0.959
1665966120,+3.48,+17.671, +8.356,+0.959
1665966180,+3.48,+17.671, +8.401,+0.959
1665966240,+3.48,+17.663, +8.401,+0.959
1665966300,+3.48,+17.671, +8.426,+0.958
1665966360,+3.48,+17.671, +8.498,+0.959
1665966420,+3.48,+17.663, +8.483,+0.959
1665966480,+3.48,+17.671, +8.452,+0.959
1665966540,+3.48,+17.705, +8.473,+0.959
1665966600,+3.48,+17.697, +8.409,+0.959
1665966660,+3.48,+17.688, +8.354,+0.959
1665966720,+3.48,+17.722, +8.211,+0.959
1665966780,+3.48,+17.705, +8.254,+0.959
1665966840,+3.48,+17.714, +8.252,+0.959
1665966900,+3.48,+17.731, +8.232,+0.959
1665966960,+3.48,+17.739, +8.227,+0.959
1665967020,+3.48,+17.739, +8.174,+0.959
1665967080,+3.48,+17.731, +8.152,+0.959
1665967140,+3.48,+17.739, +8.244,+0.959
1665967200,+3.48,+17.764, +8.289,+0.959
1665967260,+3.48,+17.722, +8.338,+0.959
1665967320,+3.48,+17.739, +8.385,+0.959
1665967380,+3.48,+17.748, +8.533,+0.959
1665967440,+3.48,+17.748, +8.654,+0.959
1665967500,+3.48,+17.756, +8.695,+0.959
1665967560,+3.48,+17.756, +8.709,+0.959
1665967620,+3.48,+17.756, +8.693,+0.959
1665967680,+3.48,+17.756, +8.607,+0.959
1665967740,+3.48,+17.764, +8.489,+0.959
1665967800,+3.48,+17.748, +8.347,+0.959
1665967860,+3.48,+17.764, +8.151,+0.959
1665967920,+3.48,+17.764, +8.209,+0.959
1665967980,+3.48,+17.773, +8.358,+0.959
1665968040,+3.48,+17.773, +8.526,+0.959
1665968100,+3.48,+17.773, +8.600,+0.959
1665968160,+3.48,+17.773, +8.637,+0.959
1665968220,+3.48,+17.756, +8.540,+0.959
1665968280,+3.48,+17.781, +8.447,+0.959
1665968340,+3.48,+17.773, +8.298,+0.959
1665968400,+3.48,+17.764, +8.268,+0.959
1665968460,+3.48,+17.764, +8.218,+0.959
1665968520,+3.48,+17.790, +8.212,+0.959
1665968580,+3.48,+17.756, +8.273,+0.958
1665968640,+3.48,+17.773, +8.285,+0.959
1665968700,+3.48,+17.781, +8.329,+0.959
1665968760,+3.48,+17.790, +8.289,+0.959
1665968820,+3.48,+17.798, +8.265,+0.959
1665968880,+3.48,+17.764, +8.300,+0.959
1665968940,+3.48,+17.790, +8.279,+0.958
1665969000,+3.48,+17.781, +8.274,+0.959
1665969060,+3.48,+17.773, +8.208,+0.959
1665969120,+3.48,+17.798, +8.250,+0.959
1665969180,+3.48,+17.798, +8.245,+0.959
1665969240,+3.48,+17.790, +8.278,+0.959
1665969300,+3.48,+17.781, +8.207,+0.958
1665969360,+3.48,+17.781, +8.230,+0.959
1665969420,+3.48,+17.781, +8.269,+0.958
1665969480,+3.48,+17.790, +8.303,+0.959
1665969540,+3.48,+17.790, +8.357,+0.959
1665969600,+3.48,+17.781, +8.433,+0.958
1665969660,+3.48,+17.781, +8.621,+0.959
1665969720,+3.48,+17.798, +8.619,+0.959
1665969780,+3.48,+17.798, +8.431,+0.959
1665969840,+3.48,+17.781, +8.297,+0.959
1665969900,+3.48,+17.773, +8.230,+0.959
1665969960,+3.48,+17.790, +8.120,+0.959
1665970020,+3.48,+17.798, +8.075,+0.959
1665970080,+3.48,+17.764, +8.053,+0.959
1665970140,+3.48,+17.773, +8.152,+0.958
1665970200,+3.48,+17.773, +8.469,+0.958
1665970260,+3.48,+17.756, +8.503,+0.958
1665970320,+3.48,+17.773, +8.484,+0.957
1665970380,+3.48,+17.773, +8.411,+0.956
1665970440,+3.48,+17.781, +8.637,+0.957
1665970500,+3.48,+17.781, +8.722,+0.957
1665970560,+3.48,+17.773, +8.711,+0.957
1665970620,+3.48,+17.781, +8.679,+0.958
1665970680,+3.48,+17.764, +8.598,+0.958
1665970740,+3.48,+17.748, +8.562,+0.957
1665970800,+3.48,+17.748, +8.638,+0.957
1665970860,+3.48,+17.764, +8.721,+0.957
1665970920,+3.48,+17.790, +8.673,+0.957
1665970980,+3.48,+17.756, +8.602,+0.956
1665971040,+3.48,+17.748, +8.539,+0.956
1665971100,+3.48,+17.748, +8.516,+0.956
1665971160,+3.48,+17.739, +8.538,+0.957
1665971220,+3.48,+17.739, +8.729,+0.958
1665971280,+3.48,+17.756, +8.793,+0.958
1665971340,+3.48,+17.739, +8.887,+0.959
1665971400,+3.48,+17.731, +8.974,+0.959
1665971460,+3.48,+17.756, +9.009,+0.959
1665971520,+3.48,+17.731, +9.015,+0.959
1665971580,+3.48,+17.705, +9.061,+0.959
1665971640,+3.48,+17.722, +8.970,+0.958
1665971700,+3.48,+17.731, +8.712,+0.957
1665971760,+3.48,+17.722, +8.730,+0.957
1665971820,+3.48,+17.722, +8.784,+0.957
1665971880,+3.48,+17.714, +8.696,+0.957
1665971940,+3.48,+17.714, +8.748,+0.958
1665972000,+3.48,+17.714, +8.765,+0.958
1665972060,+3.48,+17.731, +8.699,+0.959
1665972120,+3.48,+17.714, +8.650,+0.959
1665972180,+3.48,+17.731, +8.596,+0.958
1665972240,+3.48,+17.722, +8.636,+0.959
1665972300,+3.48,+17.714, +8.665,+0.959
1665972360,+3.48,+17.697, +8.571,+0.958
1665972420,+3.48,+17.722, +8.696,+0.958
1665972480,+3.48,+17.705, +8.529,+0.958
1665972540,+3.48,+17.688, +8.324,+0.957
1665972600,+3.48,+17.697, +8.687,+0.958
1665972660,+3.48,+17.680, +8.858,+0.958
1665972720,+3.48,+17.671, +8.920,+0.959
1665972780,+3.48,+17.688, +8.861,+0.959
1665972840,+3.48,+17.697, +8.732,+0.959
1665972900,+3.48,+17.671, +8.735,+0.959
1665972960,+3.48,+17.671, +8.708,+0.959
1665973020,+3.48,+17.671, +8.656,+0.959
1665973080,+3.48,+17.680, +8.721,+0.958
1665973140,+3.48,+17.663, +8.790,+0.959
1665973200,+3.48,+17.671, +8.733,+0.958
1665973260,+3.48,+17.663, +8.711,+0.959
1665973320,+3.48,+17.655, +8.839,+0.959
1665973380,+3.48,+17.646, +8.850,+0.959
1665973440,+3.48,+17.655, +8.866,+0.959
1665973500,+3.48,+17.638, +8.934,+0.959
1665973560,+3.48,+17.646, +8.779,+0.958
1665973620,+3.48,+17.646, +8.547,+0.958
1665973680,+3.48,+17.646, +8.532,+0.959
1665973740,+3.48,+17.638, +8.540,+0.959
1665973800,+3.48,+17.663, +8.402,+0.959
1665973860,+3.48,+17.629, +8.334,+0.958
1665973920,+3.48,+17.621, +8.445,+0.959
1665973980,+3.48,+17.621, +8.577,+0.958
1665974040,+3.48,+17.621, +8.571,+0.958
1665974100,+3.48,+17.646, +8.622,+0.958
1665974160,+3.48,+17.646, +8.401,+0.958
1665974220,+3.48,+17.621, +8.513,+0.958
1665974280,+3.48,+17.646, +8.560,+0.958
1665974340,+3.48,+17.629, +8.641,+0.958
1665974400,+3.48,+17.638, +8.736,+0.959
1665974460,+3.48,+17.629, +8.883,+0.958
1665974520,+3.48,+17.621, +8.595,+0.956
1665974580,+3.48,+17.638, +8.525,+0.957
1665974640,+3.48,+17.621, +8.449,+0.957
1665974700,+3.48,+17.629, +8.294,+0.958
1665974760,+3.48,+17.646, +8.210,+0.958
1665974820,+3.48,+17.621, +8.318,+0.958
1665974880,+3.48,+17.629, +8.412,+0.958
1665974940,+3.48,+17.621, +8.391,+0.957
1665975000,+3.48,+17.629, +8.374,+0.957
1665975060,+3.48,+17.629, +8.631,+0.957
1665975120,+3.48,+17.629, +8.835,+0.957
1665975180,+3.48,+17.621, +8.660,+0.956
1665975240,+3.48,+17.621, +8.165,+0.955
1665975300,+3.48,+17.612, +8.381,+0.957
1665975360,+3.48,+17.612, +8.519,+0.958
1665975420,+3.48,+17.604, +8.598,+0.958
1665975480,+3.48,+17.587, +8.629,+0.958
1665975540,+3.48,+17.604, +8.614,+0.959
1665975600,+3.48,+17.621, +8.543,+0.958
1665975660,+3.48,+17.570, +8.609,+0.959
1665975720,+3.48,+17.579, +8.605,+0.958
1665975780,+3.48,+17.595, +8.524,+0.958
1665975840,+3.48,+17.579, +8.358,+0.958
1665975900,+3.48,+17.587, +8.233,+0.956
1665975960,+3.48,+17.562, +8.259,+0.954
1665976020,+3.48,+17.545, +8.381,+0.954
1665976080,+3.48,+17.536, +8.590,+0.955
1665976140,+3.48,+17.511, +8.818,+0.957
1665976200,+3.48,+17.502, +8.947,+0.958
1665976260,+3.48,+17.511, +9.078,+0.958
1665976320,+3.48,+17.511, +8.815,+0.956
1665976380,+3.48,+17.502, +8.637,+0.956
1665976440,+3.48,+17.519, +8.489,+0.956
1665976500,+3.48,+17.536, +8.397,+0.956
1665976560,+3.48,+17.528, +8.359,+0.957
1665976620,+3.48,+17.519, +8.162,+0.957
1665976680,+3.48,+17.519, +8.105,+0.957
1665976740,+3.48,+17.519, +8.083,+0.957
1665976800,+3.48,+17.528, +7.985,+0.956
1665976860,+3.48,+17.536, +7.908,+0.955
1665976920,+3.48,+17.511, +7.930,+0.955
1665976980,+3.48,+17.511, +7.762,+0.956
1665977040,+3.48,+17.485, +7.590,+0.956
1665977100,+3.48,+17.502, +7.235,+0.957
1665977160,+3.48,+17.460, +7.327,+0.957
1665977220,+3.48,+17.469, +7.358,+0.956
1665977280,+3.48,+17.469, +7.303,+0.954
1665977340,+3.48,+17.435, +7.426,+0.953
1665977400,+3.48,+17.460, +7.585,+0.952
1665977460,+3.48,+17.452, +7.973,+0.951
1665977520,+3.48,+17.435, +8.278,+0.953
1665977580,+3.48,+17.435, +8.486,+0.952
1665977640,+3.48,+17.443, +8.571,+0.952
1665977700,+3.48,+17.435, +8.642,+0.952
1665977760,+3.48,+17.443, +8.570,+0.953
1665977820,+3.48,+17.443, +8.490,+0.956
1665977880,+3.48,+17.409, +8.635,+0.957
1665977940,+3.48,+17.409, +8.488,+0.956
1665978000,+3.48,+17.401, +8.613,+0.955
1665978060,+3.48,+17.409, +8.714,+0.954
1665978120,+3.48,+17.409, +8.778,+0.954
1665978180,+3.48,+17.401, +8.909,+0.955
1665978240,+3.48,+17.409, +9.101,+0.956
1665978300,+3.48,+17.409, +9.185,+0.957
1665978360,+3.48,+17.401, +8.988,+0.957
1665978420,+3.48,+17.401, +8.837,+0.956
1665978480,+3.48,+17.401, +8.936,+0.957
1665978540,+3.48,+17.401, +8.744,+0.958
1665978600,+3.48,+17.392, +8.613,+0.958
1665978660,+3.48,+17.401, +8.602,+0.958
1665978720,+3.48,+17.392, +8.478,+0.957
1665978780,+3.48,+17.401, +8.325,+0.957
1665978840,+3.48,+17.409, +8.417,+0.955
1665978900,+3.48,+17.401, +8.635,+0.954
1665978960,+3.48,+17.409, +8.825,+0.954
1665979020,+3.48,+17.401, +9.050,+0.956
1665979080,+3.48,+17.392, +9.263,+0.958
1665979140,+3.48,+17.384, +9.349,+0.958
1665979200,+3.48,+17.392, +9.420,+0.959
1665979260,+3.48,+17.384, +9.472,+0.959
1665979320,+3.48,+17.375, +9.509,+0.959
1665979380,+3.48,+17.375, +9.503,+0.959
1665979440,+3.48,+17.392, +9.489,+0.959
1665979500,+3.48,+17.384, +9.401,+0.959
1665979560,+3.48,+17.375, +9.447,+0.958
1665979620,+3.48,+17.384, +9.453,+0.959
1665979680,+3.48,+17.384, +9.439,+0.959
1665979740,+3.48,+17.359, +9.463,+0.959
1665979800,+3.48,+17.384, +9.475,+0.958
1665979860,+3.48,+17.401, +9.461,+0.959
1665979920,+3.48,+17.375, +9.117,+0.958
1665979980,+3.48,+17.401, +8.819,+0.959
1665980040,+3.48,+17.384, +8.760,+0.958
1665980100,+3.48,+17.375, +8.735,+0.958
1665980160,+3.48,+17.401, +8.535,+0.958
1665980220,+3.48,+17.409, +8.564,+0.957
1665980280,+3.48,+17.392, +8.704,+0.957
1665980340,+3.48,+17.401, +8.834,+0.956
1665980400,+3.48,+17.375, +8.917,+0.955
1665980460,+3.48,+17.392, +8.964,+0.954
1665980520,+3.48,+17.401, +8.949,+0.953
1665980580,+3.48,+17.401, +8.886,+0.954
1665980640,+3.48,+17.384, +8.594,+0.956
1665980700,+3.48,+17.392, +8.138,+0.957
1665980760,+3.48,+17.409, +7.791,+0.958
1665980820,+3.48,+17.392, +7.715,+0.958
1665980880,+3.48,+17.401, +7.621,+0.958
1665980940,+3.48,+17.401, +7.381,+0.958
1665981000,+3.48,+17.401, +7.351,+0.958
1665981060,+3.48,+17.409, +7.446,+0.958
1665981120,+3.48,+17.392, +7.575,+0.958
1665981180,+3.48,+17.401, +7.728,+0.958
1665981240,+3.48,+17.392, +7.917,+0.958
1665981300,+3.48,+17.409, +8.029,+0.958
1665981360,+3.48,+17.384, +8.146,+0.958
1665981420,+3.48,+17.392, +8.243,+0.958
1665981480,+3.48,+17.401, +8.170,+0.957
1665981540,+3.48,+17.401, +8.054,+0.957
1665981600,+3.48,+17.392, +7.952,+0.956
1665981660,+3.48,+17.392, +7.749,+0.955
1665981720,+3.48,+17.409, +8.080,+0.956
1665981780,+3.48,+17.384, +8.122,+0.956
1665981840,+3.48,+17.392, +7.907,+0.956
1665981900,+3.48,+17.401, +7.782,+0.957
1665981960,+3.48,+17.401, +7.685,+0.957
1665982020,+3.48,+17.392, +7.724,+0.957
1665982080,+3.48,+17.392, +7.730,+0.958
1665982140,+3.48,+17.392, +7.788,+0.958
1665982200,+3.48,+17.384, +7.871,+0.958
1665982260,+3.48,+17.401, +7.879,+0.958
1665982320,+3.48,+17.367, +7.835,+0.958
1665982380,+3.48,+17.401, +7.683,+0.958
1665982440,+3.48,+17.384, +7.577,+0.959
1665982500,+3.48,+17.375, +7.519,+0.959
1665982560,+3.48,+17.375, +7.568,+0.958
1665982620,+3.48,+17.392, +7.587,+0.959
1665982680,+3.48,+17.375, +7.612,+0.959
1665982740,+3.48,+17.375, +7.652,+0.959
1665982800,+3.48,+17.375, +7.711,+0.958
1665982860,+3.48,+17.384, +7.716,+0.958
1665982920,+3.48,+17.375, +7.770,+0.959
1665982980,+3.48,+17.375, +7.802,+0.959
1665983040,+3.48,+17.367, +7.768,+0.959
1665983100,+3.48,+17.375, +7.795,+0.958
1665983160,+3.48,+17.375, +7.793,+0.959
1665983220,+3.48,+17.375, +7.664,+0.959
1665983280,+3.48,+17.359, +7.746,+0.959
1665983340,+3.48,+17.367, +7.818,+0.959
1665983400,+3.48,+17.359, +7.856,+0.958
1665983460,+3.48,+17.367, +7.882,+0.959
1665983520,+3.48,+17.367, +7.905,+0.959
1665983580,+3.48,+17.359, +7.928,+0.958
1665983640,+3.48,+17.359, +7.902,+0.959
1665983700,+3.48,+17.367, +7.857,+0.959
1665983760,+3.48,+17.367, +7.835,+0.958
1665983820,+3.48,+17.359, +7.839,+0.958
1665983880,+3.48,+17.350, +7.640,+0.958
1665983940,+3.48,+17.359, +7.505,+0.957
1665984000,+3.48,+17.359, +7.710,+0.957
1665984060,+3.48,+17.325, +7.876,+0.958
1665984120,+3.48,+17.359, +7.957,+0.958
1665984180,+3.48,+17.333, +8.043,+0.958
1665984240,+3.48,+17.359, +8.100,+0.958
1665984300,+3.48,+17.316, +8.016,+0.958
1665984360,+3.48,+17.342, +7.967,+0.958
1665984420,+3.48,+17.350, +8.021,+0.958
1665984480,+3.48,+17.325, +8.060,+0.958
1665984540,+3.48,+17.342, +7.922,+0.959
1665984600,+3.48,+17.325, +7.950,+0.959
1665984660,+3.48,+17.316, +7.897,+0.959
1665984720,+3.48,+17.342, +7.937,+0.959
1665984780,+3.48,+17.325, +7.863,+0.958
1665984840,+3.48,+17.325, +7.886,+0.958
1665984900,+3.48,+17.325, +7.859,+0.958
1665984960,+3.48,+17.350, +7.895,+0.958
1665985020,+3.48,+17.325, +7.934,+0.957
1665985080,+3.48,+17.342, +7.915,+0.954
1665985140,+3.48,+17.325, +7.762,+0.953
1665985200,+3.48,+17.333, +7.575,+0.953
1665985260,+3.48,+17.342, +7.301,+0.953
1665985320,+3.48,+17.342, +7.484,+0.954
1665985380,+3.48,+17.333, +7.636,+0.955
1665985440,+3.48,+17.342, +7.611,+0.956
1665985500,+3.48,+17.333, +7.507,+0.957
1665985560,+3.48,+17.342, +7.313,+0.957
1665985620,+3.48,+17.350, +7.180,+0.957
1665985680,+3.48,+17.333, +7.412,+0.957
1665985740,+3.48,+17.342, +7.715,+0.958
1665985800,+3.48,+17.350, +7.787,+0.958
1665985860,+3.48,+17.384, +7.651,+0.959
1665985920,+3.48,+17.426, +7.559,+0.959
1665985980,+3.48,+17.426, +7.418,+0.959
1665986040,+3.48,+17.443, +7.265,+0.959
1665986100,+3.48,+17.460, +7.235,+0.959
1665986160,+3.48,+17.477, +7.200,+0.959
1665986220,+3.48,+17.485, +7.269,+0.959
1665986280,+3.48,+17.485, +7.320,+0.959
1665986340,+3.48,+17.494, +7.376,+0.959
1665986400,+3.48,+17.502, +7.421,+0.959
1665986460,+3.48,+17.502, +7.393,+0.959
1665986520,+3.48,+17.519, +7.374,+0.959
1665986580,+3.48,+17.511, +7.374,+0.959
1665986640,+3.48,+17.519, +7.424,+0.959
1665986700,+3.48,+17.502, +7.588,+0.959
1665986760,+3.48,+17.519, +7.623,+0.959
1665986820,+3.48,+17.511, +7.721,+0.959
1665986880,+3.48,+17.502, +7.565,+0.959
1665986940,+3.48,+17.519, +7.157,+0.959
1665987000,+3.48,+17.502, +6.781,+0.959
1665987060,+3.48,+17.502, +6.574,+0.959
1665987120,+3.48,+17.502, +6.079,+0.959
1665987180,+3.48,+17.536, +5.889,+0.959
1665987240,+3.48,+17.519, +6.247,+0.959
1665987300,+3.48,+17.502, +6.279,+0.959
1665987360,+3.48,+17.511, +5.567,+0.960
1665987420,+3.48,+17.511, +5.712,+0.959
1665987480,+3.48,+17.485, +6.074,+0.959
1665987540,+3.48,+17.502, +6.124,+0.959
1665987600,+3.48,+17.511, +6.039,+0.959
1665987660,+3.48,+17.511, +5.997,+0.959
1665987720,+3.48,+17.511, +6.010,+0.959
1665987780,+3.48,+17.502, +6.130,+0.959
1665987840,+3.48,+17.528, +6.106,+0.959
1665987900,+3.48,+17.502, +5.758,+0.959
1665987960,+3.48,+17.511, +5.297,+0.960
1665988020,+3.48,+17.502, +5.058,+0.960
1665988080,+3.48,+17.494, +4.965,+0.960
1665988140,+3.48,+17.502, +5.257,+0.959
1665988200,+3.48,+17.502, +5.461,+0.959
1665988260,+3.48,+17.511, +5.490,+0.959
1665988320,+3.48,+17.494, +5.203,+0.956
1665988380,+3.48,+17.494, +4.894,+0.952
1665988440,+3.48,+17.502, +4.559,+0.949
1665988500,+3.48,+17.519, +4.803,+0.947
1665988560,+3.48,+17.502, +5.679,+0.949
1665988620,+3.48,+17.469, +6.637,+0.954
1665988680,+3.48,+17.469, +7.071,+0.957
1665988740,+3.48,+17.460, +7.485,+0.958
1665988800,+3.48,+17.452, +7.846,+0.958
1665988860,+3.48,+17.460, +8.071,+0.958
1665988920,+3.48,+17.435, +8.187,+0.959
1665988980,+3.48,+17.477, +8.187,+0.959
1665989040,+3.48,+17.460, +8.118,+0.959
1665989100,+3.48,+17.460, +8.006,+0.959
1665989160,+3.48,+17.469, +7.942,+0.959
1665989220,+3.48,+17.477, +8.014,+0.959
1665989280,+3.48,+17.485, +8.127,+0.959
1665989340,+3.48,+17.485, +8.031,+0.959
1665989400,+3.48,+17.494, +7.696,+0.959
1665989460,+3.48,+17.494, +7.577,+0.959
1665989520,+3.48,+17.485, +7.557,+0.959
1665989580,+3.48,+17.485, +7.496,+0.959
1665989640,+3.48,+17.494, +7.625,+0.958
1665989700,+3.48,+17.502, +7.320,+0.957
1665989760,+3.48,+17.485, +6.972,+0.953
1665989820,+3.48,+17.502, +6.785,+0.950
1665989880,+3.48,+17.502, +6.470,+0.951
1665989940,+3.48,+17.511, +6.170,+0.953
1665990000,+3.48,+17.494, +6.251,+0.954
1665990060,+3.48,+17.511, +6.399,+0.954
1665990120,+3.48,+17.502, +6.274,+0.953
1665990180,+3.48,+17.511, +5.916,+0.950
1665990240,+3.48,+17.502, +5.859,+0.946
1665990300,+3.48,+17.502, +5.970,+0.944
1665990360,+3.48,+17.494, +6.246,+0.944
1665990420,+3.48,+17.502, +6.541,+0.945
1665990480,+3.48,+17.494, +7.010,+0.949
1665990540,+3.48,+17.477, +7.325,+0.953
1665990600,+3.48,+17.469, +7.798,+0.955
1665990660,+3.48,+17.477, +8.092,+0.956
1665990720,+3.48,+17.485, +8.215,+0.956
1665990780,+3.48,+17.469, +8.317,+0.957
1665990840,+3.48,+17.477, +8.551,+0.958
1665990900,+3.48,+17.443, +8.818,+0.958
1665990960,+3.48,+17.452, +8.920,+0.959
1665991020,+3.48,+17.443, +8.915,+0.959
1665991080,+3.48,+17.443, +8.935,+0.959
1665991140,+3.48,+17.435, +9.002,+0.959
1665991200,+3.48,+17.426, +9.027,+0.960
1665991260,+3.48,+17.435, +9.020,+0.959
1665991320,+3.48,+17.418, +9.061,+0.959
1665991380,+3.48,+17.392, +9.118,+0.959
1665991440,+3.48,+17.401, +9.148,+0.959
1665991500,+3.48,+17.418, +9.130,+0.959
1665991560,+3.48,+17.409, +9.131,+0.959
1665991620,+3.48,+17.392, +9.127,+0.959
1665991680,+3.48,+17.409, +9.106,+0.959
1665991740,+3.48,+17.392, +9.099,+0.959
1665991800,+3.48,+17.409, +9.058,+0.959
1665991860,+3.48,+17.409, +8.999,+0.959
1665991920,+3.48,+17.418, +9.025,+0.959
1665991980,+3.48,+17.435, +8.994,+0.959
1665992040,+3.48,+17.409, +8.978,+0.959
1665992100,+3.48,+17.392, +8.898,+0.959
1665992160,+3.48,+17.409, +8.799,+0.958
1665992220,+3.48,+17.426, +8.707,+0.957
1665992280,+3.48,+17.409, +8.781,+0.958
1665992340,+3.48,+17.409, +8.878,+0.959
1665992400,+3.48,+17.401, +8.958,+0.958
1665992460,+3.48,+17.392, +9.030,+0.959
1665992520,+3.48,+17.392, +9.061,+0.959
1665992580,+3.48,+17.401, +9.071,+0.959
1665992640,+3.48,+17.409, +9.053,+0.958
1665992700,+3.48,+17.392, +9.096,+0.959
1665992760,+3.48,+17.401, +9.083,+0.959
1665992820,+3.48,+17.392, +9.108,+0.959
1665992880,+3.48,+17.392, +9.102,+0.959
1665992940,+3.48,+17.401, +9.103,+0.959
1665993000,+3.48,+17.401, +9.093,+0.959
1665993060,+3.48,+17.401, +9.069,+0.959
1665993120,+3.48,+17.401, +9.087,+0.959
1665993180,+3.48,+17.401, +9.096,+0.959
1665993240,+3.48,+17.409, +9.083,+0.959
1665993300,+3.48,+17.401, +9.066,+0.959
1665993360,+3.48,+17.392, +9.024,+0.959
1665993420,+3.48,+17.392, +9.020,+0.959
1665993480,+3.48,+17.401, +9.008,+0.959
1665993540,+3.48,+17.401, +9.020,+0.959
1665993600,+3.48,+17.392, +9.016,+0.959
1665993660,+3.48,+17.401, +9.015,+0.959
1665993720,+3.48,+17.401, +9.003,+0.959
1665993780,+3.48,+17.409, +8.987,+0.959
1665993840,+3.48,+17.409, +8.956,+0.959
1665993900,+3.48,+17.401, +8.933,+0.959
1665993960,+3.48,+17.426, +8.920,+0.959
1665994020,+3.48,+17.409, +8.967,+0.959
1665994080,+3.48,+17.418, +8.946,+0.958
1665994140,+3.48,+17.426, +8.897,+0.959
1665994200,+3.48,+17.426, +8.801,+0.959
1665994260,+3.48,+17.435, +8.731,+0.959
1665994320,+3.48,+17.418, +8.627,+0.959
1665994380,+3.48,+17.452, +8.495,+0.959
1665994440,+3.48,+17.452, +8.233,+0.959
1665994500,+3.48,+17.460, +8.067,+0.959
1665994560,+3.48,+17.485, +7.957,+0.959
1665994620,+3.48,+17.477, +7.862,+0.959
1665994680,+3.48,+17.469, +7.801,+0.959
1665994740,+3.48,+17.494, +7.727,+0.959
1665994800,+3.48,+17.485, +7.662,+0.959
1665994860,+3.48,+17.477, +7.566,+0.959
1665994920,+3.48,+17.469, +7.456,+0.959
1665994980,+3.48,+17.494, +7.327,+0.958
1665995040,+3.48,+17.485, +7.156,+0.959
1665995100,+3.48,+17.485, +6.821,+0.959
1665995160,+3.48,+17.502, +6.459,+0.959
1665995220,+3.48,+17.485, +6.101,+0.959
1665995280,+3.48,+17.511, +5.832,+0.959
1665995340,+3.48,+17.485, +5.766,+0.960
1665995400,+3.48,+17.494, +5.609,+0.959
1665995460,+3.48,+17.494, +5.530,+0.959
1665995520,+3.48,+17.485, +5.682,+0.958
1665995580,+3.48,+17.477, +5.656,+0.957
1665995640,+3.48,+17.477, +5.023,+0.957
1665995700,+3.48,+17.485, +5.060,+0.956
1665995760,+3.48,+17.485, +5.234,+0.954
1665995820,+3.48,+17.460, +6.279,+0.955
1665995880,+3.48,+17.452, +7.126,+0.957
1665995940,+3.48,+17.443, +7.731,+0.957
1665996000,+3.48,+17.452, +8.082,+0.958
1665996060,+3.48,+17.435, +8.320,+0.958
1665996120,+3.48,+17.443, +8.485,+0.959
1665996180,+3.48,+17.426, +8.449,+0.959
1665996240,+3.48,+17.426, +8.432,+0.958
1665996300,+3.48,+17.426, +8.396,+0.959
1665996360,+3.48,+17.409, +8.434,+0.959
1665996420,+3.48,+17.426, +8.443,+0.958
1665996480,+3.48,+17.418, +8.469,+0.959
1665996540,+3.48,+17.418, +8.494,+0.959
1665996600,+3.48,+17.426, +8.561,+0.959
1665996660,+3.48,+17.418, +8.523,+0.959
1665996720,+3.48,+17.426, +8.221,+0.958
1665996780,+3.48,+17.418, +7.935,+0.957
1665996840,+3.48,+17.401, +8.118,+0.958
1665996900,+3.48,+17.392, +8.436,+0.958
1665996960,+3.48,+17.401, +8.676,+0.959
1665997020,+3.48,+17.392, +8.819,+0.958
1665997080,+3.48,+17.384, +8.893,+0.959
1665997140,+3.48,+17.392, +8.931,+0.959
1665997200,+3.48,+17.367, +8.949,+0.959
1665997260,+3.48,+17.384, +8.965,+0.959
1665997320,+3.48,+17.384, +9.004,+0.959
1665997380,+3.48,+17.367, +9.000,+0.959
1665997440,+3.48,+17.375, +8.987,+0.959
1665997500,+3.48,+17.384, +8.986,+0.959
1665997560,+3.48,+17.359, +8.974,+0.959
1665997620,+3.48,+17.384, +8.946,+0.959
1665997680,+3.48,+17.384, +8.911,+0.958
1665997740,+3.48,+17.384, +8.873,+0.959
1665997800,+3.48,+17.392, +8.864,+0.959
1665997860,+3.48,+17.384, +8.857,+0.959
1665997920,+3.48,+17.392, +8.858,+0.959
1665997980,+3.48,+17.367, +8.858,+0.959
1665998040,+3.48,+17.392, +8.816,+0.959
1665998100,+3.48,+17.409, +8.780,+0.959
1665998160,+3.48,+17.401, +8.801,+0.959
1665998220,+3.48,+17.392, +8.696,+0.959
1665998280,+3.48,+17.392, +8.609,+0.959
1665998340,+3.48,+17.409, +8.560,+0.959
1665998400,+3.48,+17.435, +8.484,+0.959
1665998460,+3.48,+17.460, +8.436,+0.959
1665998520,+3.48,+17.435, +8.429,+0.959
1665998580,+3.48,+17.452, +8.385,+0.959
1665998640,+3.48,+17.477, +8.356,+0.959
1665998700,+3.48,+17.477, +8.378,+0.959
1665998760,+3.48,+17.460, +8.400,+0.959
1665998820,+3.48,+17.460, +8.370,+0.959
1665998880,+3.48,+17.485, +8.278,+0.959
1665998940,+3.48,+17.460, +8.214,+0.959
1665999000,+3.48,+17.485, +8.157,+0.959
1665999060,+3.48,+17.494, +8.152,+0.959
1665999120,+3.48,+17.485, +8.136,+0.959
1665999180,+3.48,+17.494, +8.101,+0.959
1665999240,+3.48,+17.519, +8.058,+0.959
1665999300,+3.48,+17.494, +8.035,+0.958
1665999360,+3.48,+17.511, +8.085,+0.959
1665999420,+3.48,+17.477, +8.097,+0.959
1665999480,+3.48,+17.477, +8.111,+0.959
1665999540,+3.48,+17.485, +8.172,+0.959
1665999600,+3.48,+17.502, +8.195,+0.958
1665999660,+3.48,+17.511, +8.213,+0.959
1665999720,+3.48,+17.477, +8.237,+0.959
1665999780,+3.48,+17.485, +8.286,+0.959
1665999840,+3.48,+17.494, +8.298,+0.959
1665999900,+3.48,+17.494, +8.327,+0.959
1665999960,+3.48,+17.477, +8.318,+0.959
1666000020,+3.48,+17.485, +8.271,+0.958
1666000080,+3.48,+17.469, +8.221,+0.959
1666000140,+3.48,+17.485, +8.200,+0.959
1666000200,+3.48,+17.494, +8.161,+0.959
1666000260,+3.48,+17.485, +8.109,+0.959
1666000320,+3.48,+17.494, +8.113,+0.958
1666000380,+3.48,+17.485, +8.090,+0.959
1666000440,+3.48,+17.485, +8.064,+0.959
1666000500,+3.48,+17.477, +8.030,+0.959
1666000560,+3.48,+17.477, +8.006,+0.959
1666000620,+3.48,+17.485, +7.823,+0.959
1666000680,+3.48,+17.477, +7.584,+0.959
1666000740,+3.48,+17.485, +7.399,+0.959
1666000800,+3.48,+17.485, +7.569,+0.958
1666000860,+3.48,+17.494, +7.709,+0.958
1666000920,+3.48,+17.485, +7.757,+0.959
1666000980,+3.48,+17.494, +7.642,+0.959
1666001040,+3.48,+17.502, +7.406,+0.959
1666001100,+3.48,+17.477, +7.119,+0.959
1666001160,+3.48,+17.494, +6.976,+0.959
1666001220,+3.48,+17.485, +7.433,+0.959
1666001280,+3.48,+17.494, +7.659,+0.959
1666001340,+3.48,+17.494, +7.791,+0.959
1666001400,+3.48,+17.485, +7.836,+0.959
1666001460,+3.48,+17.494, +7.888,+0.959
1666001520,+3.48,+17.494, +7.894,+0.958
1666001580,+3.48,+17.485, +7.930,+0.959
1666001640,+3.48,+17.485, +7.902,+0.959
1666001700,+3.48,+17.494, +7.880,+0.958
1666001760,+3.48,+17.494, +7.833,+0.959
1666001820,+3.48,+17.502, +8.025,+0.959
1666001880,+3.48,+17.494, +8.109,+0.959
1666001940,+3.48,+17.469, +8.188,+0.959
1666002000,+3.48,+17.494, +8.310,+0.959
1666002060,+3.48,+17.460, +8.392,+0.959
1666002120,+3.48,+17.485, +8.404,+0.959
1666002180,+3.48,+17.477, +8.394,+0.959
1666002240,+3.48,+17.485, +8.331,+0.959
1666002300,+3.48,+17.469, +8.260,+0.959
1666002360,+3.48,+17.469, +8.038,+0.958
1666002420,+3.48,+17.469, +7.453,+0.958
1666002480,+3.48,+17.494, +7.317,+0.958
1666002540,+3.48,+17.477, +7.407,+0.958
1666002600,+3.48,+17.477, +7.560,+0.958
1666002660,+3.48,+17.477, +7.676,+0.958
1666002720,+3.48,+17.477, +7.855,+0.959
1666002780,+3.48,+17.485, +7.986,+0.958
1666002840,+3.48,+17.477, +8.025,+0.959
1666002900,+3.48,+17.477, +8.020,+0.958
1666002960,+3.48,+17.485, +7.974,+0.959
1666003020,+3.48,+17.485, +7.937,+0.959
1666003080,+3.48,+17.469, +7.948,+0.959
1666003140,+3.48,+17.477, +7.938,+0.959
1666003200,+3.48,+17.485, +7.905,+0.958
1666003260,+3.48,+17.494, +7.842,+0.959
1666003320,+3.48,+17.485, +7.551,+0.959
1666003380,+3.48,+17.485, +7.459,+0.959
1666003440,+3.48,+17.494, +7.353,+0.959
1666003500,+3.48,+17.502, +7.298,+0.959
1666003560,+3.48,+17.485, +7.327,+0.959
1666003620,+3.48,+17.485, +7.434,+0.959
1666003680,+3.48,+17.494, +7.507,+0.959
1666003740,+3.48,+17.469, +7.768,+0.959
1666003800,+3.48,+17.494, +8.025,+0.958
1666003860,+3.48,+17.477, +8.187,+0.959
1666003920,+3.48,+17.469, +8.331,+0.959
1666003980,+3.48,+17.469, +8.420,+0.959
1666004040,+3.48,+17.477, +8.443,+0.959
1666004100,+3.48,+17.460, +8.471,+0.959
1666004160,+3.48,+17.477, +8.464,+0.959
1666004220,+3.48,+17.485, +8.465,+0.959
1666004280,+3.48,+17.460, +8.489,+0.959
1666004340,+3.48,+17.460, +8.502,+0.959
1666004400,+3.48,+17.435, +8.437,+0.959
1666004460,+3.48,+17.452, +8.166,+0.959
1666004520,+3.48,+17.469, +8.184,+0.959
1666004580,+3.48,+17.452, +8.246,+0.959
1666004640,+3.48,+17.452, +7.980,+0.959
1666004700,+3.48,+17.443, +7.966,+0.959
1666004760,+3.48,+17.452, +8.112,+0.959
1666004820,+3.48,+17.460, +8.091,+0.959
1666004880,+3.48,+17.469, +8.169,+0.959
1666004940,+3.48,+17.460, +8.178,+0.959
1666005000,+3.48,+17.469, +8.164,+0.959
1666005060,+3.48,+17.452, +8.002,+0.959
1666005120,+3.48,+17.452, +7.911,+0.958
1666005180,+3.48,+17.452, +7.905,+0.959
1666005240,+3.48,+17.460, +7.877,+0.959
1666005300,+3.48,+17.469, +7.862,+0.958
1666005360,+3.48,+17.443, +7.885,+0.959
1666005420,+3.48,+17.452, +7.952,+0.959
1666005480,+3.48,+17.452, +8.007,+0.959
1666005540,+3.48,+17.435, +8.083,+0.958
1666005600,+3.48,+17.452, +8.147,+0.959
1666005660,+3.48,+17.426, +8.043,+0.959
1666005720,+3.48,+17.443, +8.127,+0.959
1666005780,+3.48,+17.435, +8.193,+0.959
1666005840,+3.48,+17.435, +8.269,+0.959
1666005900,+3.48,+17.401, +8.385,+0.959
1666005960,+3.48,+17.401, +8.462,+0.959
1666006020,+3.48,+17.409, +8.470,+0.959
1666006080,+3.48,+17.392, +8.466,+0.959
1666006140,+3.48,+17.409, +8.397,+0.959
1666006200,+3.48,+17.375, +8.392,+0.959
1666006260,+3.48,+17.375, +8.405,+0.959
1666006320,+3.48,+17.384, +8.387,+0.958
1666006380,+3.48,+17.384, +8.448,+0.959
1666006440,+3.48,+17.359, +8.462,+0.959
1666006500,+3.48,+17.375, +8.381,+0.959
1666006560,+3.48,+17.333, +8.369,+0.959
1666006620,+3.48,+17.392, +8.234,+0.959
1666006680,+3.48,+17.367, +8.276,+0.959
1666006740,+3.48,+17.359, +8.170,+0.959
1666006800,+3.48,+17.367, +8.262,+0.959
1666006860,+3.48,+17.359, +8.352,+0.959
1666006920,+3.48,+17.359, +8.448,+0.959
1666006980,+3.48,+17.367, +8.464,+0.959
1666007040,+3.48,+17.375, +8.379,+0.959
1666007100,+3.48,+17.359, +8.195,+0.959
1666007160,+3.48,+17.359, +8.295,+0.959
1666007220,+3.48,+17.367, +8.282,+0.959
1666007280,+3.48,+17.367, +8.176,+0.959
1666007340,+3.48,+17.350, +7.902,+0.959
1666007400,+3.48,+17.367, +7.836,+0.959
1666007460,+3.48,+17.367, +7.785,+0.959
1666007520,+3.48,+17.367, +7.726,+0.959
1666007580,+3.48,+17.359, +7.698,+0.959
1666007640,+3.48,+17.359, +7.910,+0.958
1666007700,+3.48,+17.333, +8.045,+0.959
1666007760,+3.48,+17.367, +8.073,+0.958
1666007820,+3.48,+17.350, +8.093,+0.959
1666007880,+3.48,+17.342, +8.031,+0.959
1666007940,+3.48,+17.350, +8.025,+0.959
1666008000,+3.48,+17.342, +7.909,+0.959
1666008060,+3.48,+17.350, +8.034,+0.959
1666008120,+3.48,+17.342, +8.189,+0.958
1666008180,+3.48,+17.333, +8.333,+0.958
1666008240,+3.48,+17.333, +8.327,+0.959
1666008300,+3.48,+17.325, +8.360,+0.959
1666008360,+3.48,+17.333, +8.381,+0.959
1666008420,+3.48,+17.342, +8.362,+0.959
1666008480,+3.48,+17.325, +8.335,+0.959
1666008540,+3.48,+17.316, +8.362,+0.959
1666008600,+3.48,+17.308, +8.362,+0.958
1666008660,+3.48,+17.316, +8.076,+0.959
1666008720,+3.48,+17.325, +7.800,+0.959
1666008780,+3.48,+17.342, +7.875,+0.958
1666008840,+3.48,+17.333, +7.828,+0.959
1666008900,+3.48,+17.333, +7.916,+0.959
1666008960,+3.48,+17.325, +8.075,+0.959
1666009020,+3.48,+17.333, +8.077,+0.958
1666009080,+3.48,+17.325, +8.201,+0.958
1666009140,+3.48,+17.342, +8.285,+0.958
1666009200,+3.48,+17.325, +8.303,+0.958
1666009260,+3.48,+17.325, +8.236,+0.959
1666009320,+3.48,+17.325, +8.094,+0.959
1666009380,+3.48,+17.325, +7.501,+0.958
1666009440,+3.48,+17.316, +7.536,+0.959
1666009500,+3.48,+17.333, +7.895,+0.959
1666009560,+3.48,+17.316, +8.093,+0.958
1666009620,+3.48,+17.325, +8.172,+0.958
1666009680,+3.48,+17.333, +8.324,+0.959
1666009740,+3.48,+17.316, +8.353,+0.959
1666009800,+3.48,+17.316, +8.447,+0.959
1666009860,+3.48,+17.316, +8.391,+0.959
1666009920,+3.48,+17.316, +8.136,+0.959
1666009980,+3.48,+17.308, +8.039,+0.959
1666010040,+3.48,+17.299, +8.098,+0.959
1666010100,+3.48,+17.308, +8.259,+0.959
1666010160,+3.48,+17.299, +8.368,+0.959
1666010220,+3.48,+17.282, +8.426,+0.959
1666010280,+3.48,+17.299, +8.458,+0.959
1666010340,+3.48,+17.299, +8.510,+0.959
1666010400,+3.48,+17.282, +8.535,+0.959
1666010460,+3.48,+17.299, +8.546,+0.959
1666010520,+3.48,+17.291, +8.529,+0.959
1666010580,+3.48,+17.325, +8.420,+0.958
1666010640,+3.48,+17.282, +8.362,+0.959
1666010700,+3.48,+17.308, +7.986,+0.957
1666010760,+3.48,+17.299, +7.997,+0.957
1666010820,+3.48,+17.316, +7.942,+0.958
1666010880,+3.48,+17.316, +8.155,+0.958
1666010940,+3.48,+17.308, +8.329,+0.959
1666011000,+3.48,+17.299, +8.294,+0.959
1666011060,+3.48,+17.316, +8.218,+0.959
1666011120,+3.48,+17.316, +8.124,+0.959
1666011180,+3.48,+17.316, +8.168,+0.958
1666011240,+3.48,+17.316, +8.130,+0.958
1666011300,+3.48,+17.325, +8.078,+0.959
1666011360,+3.48,+17.333, +7.956,+0.959
1666011420,+3.48,+17.316, +7.362,+0.959
1666011480,+3.48,+17.308, +7.357,+0.959
1666011540,+3.48,+17.325, +7.250,+0.958
1666011600,+3.48,+17.333, +7.124,+0.959
1666011660,+3.48,+17.325, +7.192,+0.958
1666011720,+3.48,+17.325, +7.559,+0.958
1666011780,+3.48,+17.325, +7.809,+0.958
1666011840,+3.48,+17.316, +7.799,+0.958
1666011900,+3.48,+17.333, +7.768,+0.959
1666011960,+3.48,+17.350, +7.743,+0.959
1666012020,+3.48,+17.350, +7.960,+0.959
1666012080,+3.48,+17.308, +7.947,+0.959
1666012140,+3.48,+17.316, +7.896,+0.958
1666012200,+3.48,+17.316, +7.983,+0.959
1666012260,+3.48,+17.291, +8.224,+0.958
1666012320,+3.48,+17.308, +8.358,+0.958
1666012380,+3.48,+17.316, +8.436,+0.958
1666012440,+3.48,+17.316, +8.468,+0.959
1666012500,+3.48,+17.316, +8.424,+0.959
1666012560,+3.48,+17.316, +8.429,+0.959
1666012620,+3.48,+17.325, +8.431,+0.959
1666012680,+3.48,+17.333, +8.419,+0.959
1666012740,+3.48,+17.350, +8.387,+0.959
1666012800,+3.48,+17.342, +8.331,+0.959
1666012860,+3.48,+17.367, +8.241,+0.959
1666012920,+3.48,+17.367, +8.194,+0.959
1666012980,+3.48,+17.384, +8.122,+0.959
1666013040,+3.48,+17.375, +8.026,+0.959
1666013100,+3.48,+17.409, +7.928,+0.958
1666013160,+3.48,+17.392, +7.957,+0.959
1666013220,+3.48,+17.435, +7.966,+0.959
1666013280,+3.48,+17.435, +7.897,+0.959
1666013340,+3.48,+17.435, +7.875,+0.959
1666013400,+3.48,+17.426, +7.854,+0.959
1666013460,+3.48,+17.435, +7.885,+0.959
1666013520,+3.48,+17.452, +7.944,+0.959
1666013580,+3.48,+17.452, +7.954,+0.959
1666013640,+3.48,+17.443, +7.996,+0.959
1666013700,+3.48,+17.477, +8.003,+0.959
1666013760,+3.48,+17.477, +7.993,+0.959
1666013820,+3.48,+17.502, +7.993,+0.959
1666013880,+3.48,+17.502, +7.988,+0.958
1666013940,+3.48,+17.511, +8.003,+0.959
1666014000,+3.48,+17.511, +8.016,+0.959
1666014060,+3.48,+17.528, +7.992,+0.959
1666014120,+3.47,+17.528, +8.005,+0.959
1666014180,+3.48,+17.536, +8.018,+0.959
1666014240,+3.48,+17.545, +8.035,+0.959
1666014300,+3.47,+17.519, +8.056,+0.959
1666014360,+3.47,+17.545, +8.060,+0.959
1666014420,+3.47,+17.553, +8.048,+0.959
1666014480,+3.47,+17.562, +7.971,+0.959
1666014540,+3.47,+17.553, +7.845,+0.958
1666014600,+3.48,+17.562, +7.916,+0.959
1666014660,+3.47,+17.570, +7.932,+0.958
1666014720,+3.47,+17.562, +7.869,+0.958
1666014780,+3.47,+17.545, +7.691,+0.958
1666014840,+3.47,+17.579, +7.723,+0.958
1666014900,+3.47,+17.579, +7.820,+0.958
1666014960,+3.47,+17.579, +7.881,+0.958
1666015020,+3.47,+17.604, +7.868,+0.958
1666015080,+3.47,+17.595, +7.733,+0.958
1666015140,+3.47,+17.621, +7.563,+0.958
1666015200,+3.47,+17.595, +7.663,+0.959
1666015260,+3.47,+17.612, +7.645,+0.958
1666015320,+3.47,+17.612, +7.559,+0.958
1666015380,+3.47,+17.629, +7.660,+0.958
1666015440,+3.47,+17.612, +7.740,+0.959
1666015500,+3.47,+17.604, +7.827,+0.959
1666015560,+3.47,+17.604, +7.926,+0.959
1666015620,+3.47,+17.629, +7.976,+0.959
1666015680,+3.47,+17.621, +7.972,+0.959
1666015740,+3.47,+17.621, +7.892,+0.959
1666015800,+3.47,+17.629, +7.912,+0.959
1666015860,+3.47,+17.604, +7.889,+0.959
1666015920,+3.47,+17.612, +7.759,+0.959
1666015980,+3.47,+17.621, +7.829,+0.959
1666016040,+3.47,+17.604, +7.887,+0.959
1666016100,+3.47,+17.604, +7.911,+0.959
1666016160,+3.47,+17.604, +7.909,+0.959
1666016220,+3.48,+17.612, +7.931,+0.959
1666016280,+3.48,+17.579, +7.974,+0.959
1666016340,+3.48,+17.587, +8.052,+0.959
1666016400,+3.47,+17.570, +8.119,+0.959
1666016460,+3.48,+17.570, +8.061,+0.959
1666016520,+3.48,+17.570, +7.752,+0.959
1666016580,+3.48,+17.595, +7.840,+0.958
1666016640,+3.47,+17.587, +7.898,+0.958
1666016700,+3.48,+17.604, +7.847,+0.958
1666016760,+3.48,+17.587, +7.917,+0.959
1666016820,+3.47,+17.587, +7.955,+0.959
1666016880,+3.47,+17.587, +7.983,+0.958
1666016940,+3.47,+17.587, +7.927,+0.959
1666017000,+3.47,+17.595, +7.983,+0.959
1666017060,+3.47,+17.604, +7.997,+0.959
1666017120,+3.47,+17.587, +7.921,+0.958
1666017180,+3.47,+17.587, +7.940,+0.959
1666017240,+3.47,+17.604, +7.965,+0.958
1666017300,+3.47,+17.587, +7.820,+0.959
1666017360,+3.47,+17.604, +7.549,+0.959
1666017420,+3.48,+17.612, +7.180,+0.959
1666017480,+3.47,+17.604, +7.414,+0.959
1666017540,+3.47,+17.604, +7.646,+0.959
1666017600,+3.47,+17.612, +7.709,+0.959
1666017660,+3.47,+17.604, +7.760,+0.959
1666017720,+3.48,+17.629, +7.869,+0.958
1666017780,+3.48,+17.595, +7.898,+0.959
1666017840,+3.48,+17.579, +7.973,+0.959
1666017900,+3.48,+17.595, +7.994,+0.959
1666017960,+3.48,+17.587, +8.010,+0.958
1666018020,+3.47,+17.604, +8.006,+0.958
1666018080,+3.48,+17.587, +8.004,+0.959
1666018140,+3.48,+17.579, +7.990,+0.959
1666018200,+3.47,+17.604, +7.965,+0.959
1666018260,+3.48,+17.587, +7.987,+0.959
1666018320,+3.48,+17.604, +7.955,+0.959
1666018380,+3.47,+17.595, +7.933,+0.959
1666018440,+3.47,+17.604, +7.936,+0.959
1666018500,+3.48,+17.604, +7.875,+0.959
1666018560,+3.48,+17.595, +7.870,+0.959
1666018620,+3.48,+17.604, +7.651,+0.959
1666018680,+3.48,+17.621, +7.487,+0.958
1666018740,+3.47,+17.612, +7.563,+0.958
1666018800,+3.48,+17.621, +7.665,+0.959
1666018860,+3.47,+17.612, +7.760,+0.958
1666018920,+3.48,+17.604, +7.797,+0.959
1666018980,+3.47,+17.621, +7.580,+0.959
1666019040,+3.47,+17.621, +7.368,+0.959
1666019100,+3.47,+17.621, +7.507,+0.959
1666019160,+3.47,+17.629, +7.549,+0.959
1666019220,+3.47,+17.604, +7.549,+0.959
1666019280,+3.47,+17.612, +7.548,+0.959
1666019340,+3.48,+17.612, +7.529,+0.959
1666019400,+3.47,+17.604, +7.551,+0.959
1666019460,+3.47,+17.612, +7.574,+0.959
1666019520,+3.48,+17.612, +7.514,+0.959
1666019580,+3.48,+17.604, +7.625,+0.958
1666019640,+3.48,+17.612, +7.718,+0.959
1666019700,+3.47,+17.629, +7.771,+0.959
1666019760,+3.48,+17.604, +7.841,+0.959
1666019820,+3.47,+17.629, +7.886,+0.959
1666019880,+3.47,+17.604, +7.920,+0.959
1666019940,+3.47,+17.604, +7.913,+0.959
1666020000,+3.47,+17.638, +7.888,+0.959
1666020060,+3.47,+17.612, +7.887,+0.959
1666020120,+3.47,+17.621, +7.865,+0.959
1666020180,+3.47,+17.646, +7.829,+0.959
1666020240,+3.47,+17.621, +7.813,+0.959
1666020300,+3.47,+17.638, +7.814,+0.959
1666020360,+3.47,+17.646, +7.825,+0.959
1666020420,+3.47,+17.629, +7.831,+0.959
1666020480,+3.47,+17.638, +7.835,+0.958
1666020540,+3.47,+17.621, +7.781,+0.959
1666020600,+3.47,+17.655, +7.731,+0.959
1666020660,+3.47,+17.646, +7.688,+0.959
1666020720,+3.48,+17.646, +7.665,+0.959
1666020780,+3.47,+17.646, +7.673,+0.959
1666020840,+3.47,+17.646, +7.666,+0.959
1666020900,+3.47,+17.655, +7.658,+0.959
1666020960,+3.47,+17.646, +7.665,+0.959
1666021020,+3.47,+17.663, +7.639,+0.959
1666021080,+3.47,+17.663, +7.642,+0.959
1666021140,+3.47,+17.638, +7.674,+0.959
1666021200,+3.47,+17.655, +7.685,+0.959
1666021260,+3.47,+17.646, +7.707,+0.959
1666021320,+3.47,+17.629, +7.683,+0.959
1666021380,+3.47,+17.629, +7.666,+0.959
1666021440,+3.47,+17.655, +7.739,+0.959
1666021500,+3.47,+17.638, +7.742,+0.958
1666021560,+3.47,+17.655, +7.746,+0.959
1666021620,+3.48,+17.638, +7.750,+0.959
1666021680,+3.47,+17.638, +7.810,+0.959
1666021740,+3.47,+17.629, +7.821,+0.959
1666021800,+3.47,+17.638, +7.839,+0.959
1666021860,+3.47,+17.646, +7.880,+0.959
1666021920,+3.48,+17.629, +7.947,+0.959
1666021980,+3.47,+17.612, +8.015,+0.958
1666022040,+3.48,+17.579, +8.103,+0.959
1666022100,+3.48,+17.562, +8.194,+0.959
1666022160,+3.48,+17.553, +8.268,+0.959
1666022220,+3.48,+17.528, +8.295,+0.958
1666022280,+3.48,+17.519, +8.360,+0.959
1666022340,+3.48,+17.469, +8.436,+0.959
1666022400,+3.48,+17.435, +8.510,+0.958
1666022460,+3.48,+17.409, +8.597,+0.959
1666022520,+3.48,+17.375, +8.685,+0.959
1666022580,+3.48,+17.333, +8.797,+0.959
1666022640,+3.48,+17.316, +8.872,+0.959
1666022700,+3.48,+17.299, +8.942,+0.959
1666022760,+3.48,+17.316, +8.959,+0.959
1666022820,+3.48,+17.291, +8.992,+0.959
1666022880,+3.48,+17.299, +8.997,+0.959
1666022940,+3.48,+17.299, +9.002,+0.959
1666023000,+3.48,+17.282, +9.001,+0.959
1666023060,+3.48,+17.282, +8.985,+0.959
1666023120,+3.48,+17.274, +8.987,+0.959
1666023180,+3.48,+17.282, +8.987,+0.959
1666023240,+3.48,+17.299, +8.954,+0.959
1666023300,+3.48,+17.291, +8.955,+0.959
1666023360,+3.48,+17.291, +8.969,+0.959
1666023420,+3.48,+17.291, +8.997,+0.959
1666023480,+3.48,+17.274, +9.018,+0.959
1666023540,+3.48,+17.274, +9.035,+0.959
1666023600,+3.48,+17.282, +9.059,+0.959
1666023660,+3.48,+17.274, +9.073,+0.959
1666023720,+3.48,+17.274, +9.080,+0.959
1666023780,+3.48,+17.265, +9.090,+0.959
1666023840,+3.48,+17.265, +9.084,+0.959
1666023900,+3.48,+17.265, +9.084,+0.959
1666023960,+3.48,+17.265, +9.076,+0.959
1666024020,+3.48,+17.265, +9.065,+0.959
1666024080,+3.48,+17.265, +9.053,+0.959
1666024140,+3.48,+17.274, +9.057,+0.959
1666024200,+3.48,+17.265, +9.048,+0.959
1666024260,+3.48,+17.265, +9.032,+0.958
1666024320,+3.48,+17.248, +9.059,+0.959
1666024380,+3.48,+17.265, +9.059,+0.959
1666024440,+3.48,+17.257, +9.065,+0.959
1666024500,+3.48,+17.248, +9.062,+0.959
1666024560,+3.48,+17.248, +9.056,+0.959
1666024620,+3.48,+17.274, +9.048,+0.959
1666024680,+3.48,+17.274, +9.051,+0.959
1666024740,+3.48,+17.274, +9.060,+0.959
1666024800,+3.48,+17.274, +9.079,+0.959
1666024860,+3.48,+17.274, +9.077,+0.959
1666024920,+3.48,+17.257, +9.104,+0.959
1666024980,+3.48,+17.265, +9.120,+0.959
1666025040,+3.48,+17.257, +9.153,+0.959
1666025100,+3.48,+17.257, +9.169,+0.959
1666025160,+3.48,+17.257, +9.171,+0.959
1666025220,+3.48,+17.248, +9.158,+0.959
1666025280,+3.48,+17.257, +9.149,+0.959
