7450-383325
OS REV: 1.05 Sensor Cal: 1644949570
Time (sec),  BV (Volts),  T (deg C),  DO (mg/l),  Q ()
1665247740,+3.47,+17.621, +9.305,+0.960
1665247800,+3.47,+17.638, +9.317,+0.961
1665247860,+3.47,+17.638, +9.293,+0.961
1665247920,+3.47,+17.646, +9.233,+0.961
1665247980,+3.47,+17.655, +9.197,+0.960
1665248040,+3.47,+17.638, +9.258,+0.960
1665248100,+3.47,+17.655, +9.274,+0.961
1665248160,+3.47,+17.671, +9.286,+0.961
1665248220,+3.47,+17.655, +9.283,+0.961
1665248280,+3.47,+17.671, +9.273,+0.961
1665248340,+3.47,+17.663, +9.202,+0.960
1665248400,+3.47,+17.671, +9.188,+0.960
1665248460,+3.47,+17.663, +9.221,+0.961
1665248520,+3.47,+17.671, +9.211,+0.961
1665248580,+3.47,+17.688, +9.132,+0.960
1665248640,+3.47,+17.663, +9.084,+0.961
1665248700,+3.47,+17.671, +9.098,+0.960
1665248760,+3.47,+17.671, +9.055,+0.961
1665248820,+3.47,+17.663, +9.084,+0.960
1665248880,+3.47,+17.680, +9.174,+0.960
1665248940,+3.48,+17.671, +9.076,+0.960
1665249000,+3.48,+17.663, +9.218,+0.960
1665249060,+3.48,+17.655, +9.382,+0.961
1665249120,+3.47,+17.663, +9.407,+0.960
1665249180,+3.47,+17.663, +9.438,+0.961
1665249240,+3.47,+17.680, +9.402,+0.961
1665249300,+3.47,+17.663, +9.421,+0.960
1665249360,+3.47,+17.655, +9.463,+0.960
1665249420,+3.47,+17.671, +9.405,+0.961
1665249480,+3.47,+17.680, +9.310,+0.961
1665249540,+3.47,+17.671, +9.293,+0.961
1665249600,+3.47,+17.671, +9.296,+0.961
1665249660,+3.48,+17.680, +9.277,+0.960
1665249720,+3.48,+17.646, +9.275,+0.961
1665249780,+3.47,+17.646, +9.212,+0.960
1665249840,+3.47,+17.655, +9.254,+0.960
1665249900,+3.47,+17.655, +9.311,+0.960
1665249960,+3.47,+17.646, +9.324,+0.960
1665250020,+3.47,+17.671, +9.302,+0.961
1665250080,+3.47,+17.663, +9.204,+0.960
1665250140,+3.48,+17.663, +9.215,+0.960
1665250200,+3.48,+17.663, +9.119,+0.961
1665250260,+3.48,+17.655, +9.065,+0.961
1665250320,+3.47,+17.663, +9.175,+0.960
1665250380,+3.47,+17.671, +9.255,+0.961
1665250440,+3.47,+17.646, +9.318,+0.960
1665250500,+3.48,+17.663, +9.337,+0.960
1665250560,+3.47,+17.671, +9.375,+0.961
1665250620,+3.48,+17.680, +9.367,+0.961
1665250680,+3.47,+17.671, +9.356,+0.960
1665250740,+3.47,+17.688, +9.338,+0.960
1665250800,+3.47,+17.697, +9.366,+0.960
1665250860,+3.48,+17.688, +9.323,+0.961
1665250920,+3.47,+17.688, +9.279,+0.961
1665250980,+3.47,+17.697, +9.304,+0.960
1665251040,+3.47,+17.680, +9.344,+0.960
1665251100,+3.47,+17.697, +9.341,+0.960
1665251160,+3.47,+17.688, +9.453,+0.961
1665251220,+3.47,+17.671, +9.535,+0.961
1665251280,+3.47,+17.680, +9.581,+0.961
1665251340,+3.47,+17.705, +9.457,+0.960
1665251400,+3.47,+17.705, +9.392,+0.961
1665251460,+3.48,+17.705, +9.451,+0.961
1665251520,+3.48,+17.714, +9.621,+0.961
1665251580,+3.48,+17.722, +9.686,+0.961
1665251640,+3.47,+17.697, +9.720,+0.961
1665251700,+3.48,+17.688, +9.754,+0.960
1665251760,+3.48,+17.688, +9.766,+0.960
1665251820,+3.48,+17.697, +9.753,+0.961
1665251880,+3.47,+17.680, +9.759,+0.961
1665251940,+3.47,+17.680, +9.738,+0.961
1665252000,+3.47,+17.688, +9.703,+0.961
1665252060,+3.47,+17.705, +9.627,+0.960
1665252120,+3.48,+17.688, +9.605,+0.961
1665252180,+3.47,+17.671, +9.579,+0.960
1665252240,+3.48,+17.671, +9.588,+0.961
1665252300,+3.48,+17.655, +9.579,+0.961
1665252360,+3.48,+17.646, +9.572,+0.961
1665252420,+3.48,+17.671, +9.568,+0.960
1665252480,+3.48,+17.663, +9.586,+0.960
1665252540,+3.48,+17.663, +9.600,+0.960
1665252600,+3.48,+17.671, +9.604,+0.961
1665252660,+3.48,+17.655, +9.595,+0.960
1665252720,+3.48,+17.663, +9.590,+0.961
1665252780,+3.48,+17.638, +9.591,+0.961
1665252840,+3.48,+17.671, +9.595,+0.961
1665252900,+3.48,+17.671, +9.584,+0.961
1665252960,+3.48,+17.655, +9.594,+0.960
1665253020,+3.48,+17.688, +9.590,+0.961
1665253080,+3.48,+17.680, +9.584,+0.960
1665253140,+3.47,+17.697, +9.618,+0.961
1665253200,+3.48,+17.688, +9.662,+0.961
1665253260,+3.47,+17.680, +9.647,+0.960
1665253320,+3.48,+17.671, +9.684,+0.961
1665253380,+3.48,+17.655, +9.660,+0.960
1665253440,+3.48,+17.655, +9.637,+0.960
1665253500,+3.48,+17.671, +9.605,+0.960
1665253560,+3.48,+17.646, +9.607,+0.961
1665253620,+3.48,+17.638, +9.582,+0.960
1665253680,+3.48,+17.638, +9.558,+0.960
1665253740,+3.48,+17.638, +9.532,+0.960
1665253800,+3.48,+17.612, +9.595,+0.961
1665253860,+3.48,+17.604, +9.647,+0.961
1665253920,+3.48,+17.579, +9.685,+0.961
1665253980,+3.48,+17.562, +9.679,+0.960
1665254040,+3.48,+17.579, +9.681,+0.961
1665254100,+3.48,+17.579, +9.667,+0.961
1665254160,+3.48,+17.587, +9.653,+0.960
1665254220,+3.48,+17.562, +9.677,+0.961
1665254280,+3.48,+17.562, +9.630,+0.960
1665254340,+3.48,+17.553, +9.650,+0.961
1665254400,+3.48,+17.553, +9.662,+0.961
1665254460,+3.48,+17.519, +9.679,+0.961
1665254520,+3.48,+17.528, +9.660,+0.960
1665254580,+3.48,+17.536, +9.684,+0.961
1665254640,+3.48,+17.519, +9.669,+0.961
1665254700,+3.48,+17.511, +9.666,+0.961
1665254760,+3.48,+17.502, +9.649,+0.961
1665254820,+3.48,+17.511, +9.624,+0.961
1665254880,+3.48,+17.511, +9.601,+0.961
1665254940,+3.48,+17.511, +9.550,+0.961
1665255000,+3.48,+17.511, +9.579,+0.961
1665255060,+3.48,+17.519, +9.563,+0.961
1665255120,+3.48,+17.511, +9.652,+0.961
1665255180,+3.48,+17.511, +9.657,+0.960
1665255240,+3.48,+17.545, +9.651,+0.961
1665255300,+3.48,+17.545, +9.653,+0.961
1665255360,+3.48,+17.545, +9.667,+0.961
1665255420,+3.48,+17.528, +9.672,+0.961
1665255480,+3.48,+17.545, +9.666,+0.961
1665255540,+3.48,+17.536, +9.643,+0.961
1665255600,+3.48,+17.528, +9.648,+0.960
1665255660,+3.48,+17.545, +9.637,+0.961
1665255720,+3.48,+17.553, +9.627,+0.961
1665255780,+3.48,+17.536, +9.657,+0.961
1665255840,+3.48,+17.562, +9.635,+0.960
1665255900,+3.48,+17.545, +9.650,+0.960
1665255960,+3.48,+17.536, +9.697,+0.961
1665256020,+3.48,+17.553, +9.719,+0.961
1665256080,+3.48,+17.536, +9.706,+0.961
1665256140,+3.48,+17.545, +9.681,+0.960
1665256200,+3.48,+17.528, +9.721,+0.961
1665256260,+3.48,+17.553, +9.745,+0.961
1665256320,+3.48,+17.536, +9.775,+0.961
1665256380,+3.48,+17.562, +9.767,+0.960
1665256440,+3.48,+17.562, +9.735,+0.961
1665256500,+3.48,+17.545, +9.711,+0.961
1665256560,+3.48,+17.536, +9.694,+0.961
1665256620,+3.48,+17.545, +9.677,+0.960
1665256680,+3.48,+17.528, +9.695,+0.961
1665256740,+3.48,+17.562, +9.708,+0.961
1665256800,+3.48,+17.562, +9.717,+0.961
1665256860,+3.48,+17.562, +9.706,+0.961
1665256920,+3.48,+17.579, +9.685,+0.960
1665256980,+3.48,+17.579, +9.668,+0.960
1665257040,+3.48,+17.579, +9.671,+0.961
1665257100,+3.48,+17.579, +9.685,+0.960
1665257160,+3.48,+17.579, +9.666,+0.961
1665257220,+3.48,+17.579, +9.645,+0.961
1665257280,+3.48,+17.612, +9.602,+0.961
1665257340,+3.48,+17.604, +9.571,+0.960
1665257400,+3.48,+17.612, +9.617,+0.961
1665257460,+3.48,+17.612, +9.647,+0.960
1665257520,+3.48,+17.612, +9.675,+0.960
1665257580,+3.48,+17.621, +9.652,+0.960
1665257640,+3.48,+17.621, +9.618,+0.960
1665257700,+3.48,+17.629, +9.605,+0.960
1665257760,+3.48,+17.646, +9.618,+0.961
1665257820,+3.48,+17.638, +9.596,+0.960
1665257880,+3.48,+17.638, +9.582,+0.960
1665257940,+3.48,+17.629, +9.602,+0.961
1665258000,+3.48,+17.655, +9.589,+0.960
1665258060,+3.48,+17.646, +9.591,+0.960
1665258120,+3.48,+17.663, +9.610,+0.961
1665258180,+3.48,+17.680, +9.563,+0.960
1665258240,+3.48,+17.671, +9.549,+0.960
1665258300,+3.48,+17.663, +9.538,+0.960
1665258360,+3.48,+17.655, +9.577,+0.961
1665258420,+3.48,+17.688, +9.545,+0.961
1665258480,+3.48,+17.680, +9.566,+0.961
1665258540,+3.48,+17.688, +9.550,+0.961
1665258600,+3.48,+17.680, +9.579,+0.961
1665258660,+3.48,+17.697, +9.392,+0.960
1665258720,+3.48,+17.671, +9.152,+0.960
1665258780,+3.48,+17.671, +9.262,+0.961
1665258840,+3.48,+17.722, +9.177,+0.961
1665258900,+3.48,+17.705, +9.156,+0.960
1665258960,+3.47,+17.722, +9.279,+0.960
1665259020,+3.48,+17.705, +9.566,+0.960
1665259080,+3.47,+17.705, +9.743,+0.961
1665259140,+3.48,+17.714, +9.761,+0.960
1665259200,+3.48,+17.722, +9.773,+0.961
1665259260,+3.47,+17.722, +9.783,+0.960
1665259320,+3.48,+17.705, +9.804,+0.961
1665259380,+3.47,+17.714, +9.773,+0.961
1665259440,+3.48,+17.714, +9.778,+0.961
1665259500,+3.48,+17.748, +9.797,+0.961
1665259560,+3.47,+17.739, +9.835,+0.961
1665259620,+3.47,+17.722, +9.862,+0.960
1665259680,+3.48,+17.731, +9.861,+0.960
1665259740,+3.47,+17.748, +9.879,+0.961
1665259800,+3.48,+17.748, +9.842,+0.961
1665259860,+3.47,+17.756, +9.883,+0.961
1665259920,+3.47,+17.764, +9.878,+0.961
1665259980,+3.47,+17.756, +9.869,+0.960
1665260040,+3.47,+17.739, +9.845,+0.961
1665260100,+3.47,+17.773, +9.854,+0.960
1665260160,+3.47,+17.781, +9.926,+0.961
1665260220,+3.47,+17.773, +9.960,+0.961
1665260280,+3.47,+17.781, +9.963,+0.961
1665260340,+3.47,+17.781, +9.958,+0.961
1665260400,+3.47,+17.781, +9.970,+0.960
1665260460,+3.48,+17.790, +9.953,+0.961
1665260520,+3.48,+17.781, +9.882,+0.961
1665260580,+3.47,+17.781, +9.912,+0.961
1665260640,+3.47,+17.773, +9.885,+0.961
1665260700,+3.47,+17.781, +9.881,+0.961
1665260760,+3.48,+17.764, +9.973,+0.960
1665260820,+3.47,+17.764, +9.993,+0.961
1665260880,+3.48,+17.781, +9.937,+0.961
1665260940,+3.48,+17.773, +9.894,+0.961
1665261000,+3.47,+17.781, +9.836,+0.960
1665261060,+3.47,+17.773, +9.644,+0.961
1665261120,+3.47,+17.773, +9.749,+0.961
1665261180,+3.48,+17.764, +9.831,+0.961
1665261240,+3.47,+17.756, +9.822,+0.961
1665261300,+3.47,+17.748, +9.803,+0.960
1665261360,+3.47,+17.773, +9.722,+0.961
1665261420,+3.47,+17.756, +9.827,+0.960
1665261480,+3.47,+17.748, +9.829,+0.960
1665261540,+3.47,+17.756, +9.803,+0.960
1665261600,+3.48,+17.739, +9.790,+0.960
1665261660,+3.48,+17.731, +9.784,+0.961
1665261720,+3.47,+17.739, +9.785,+0.961
1665261780,+3.48,+17.748, +9.794,+0.961
1665261840,+3.47,+17.739, +9.785,+0.960
1665261900,+3.47,+17.731, +9.917,+0.961
1665261960,+3.48,+17.714, +9.982,+0.961
1665262020,+3.48,+17.714,+10.011,+0.960
1665262080,+3.48,+17.722,+10.017,+0.960
1665262140,+3.47,+17.705,+10.013,+0.960
1665262200,+3.48,+17.714, +9.990,+0.960
1665262260,+3.48,+17.697,+10.017,+0.961
1665262320,+3.48,+17.705,+10.015,+0.961
1665262380,+3.48,+17.697,+10.035,+0.961
1665262440,+3.48,+17.697,+10.030,+0.961
1665262500,+3.47,+17.722,+10.005,+0.960
1665262560,+3.48,+17.697,+10.004,+0.961
1665262620,+3.48,+17.697, +9.996,+0.961
1665262680,+3.48,+17.705, +9.991,+0.961
1665262740,+3.48,+17.714, +9.983,+0.961
1665262800,+3.48,+17.714, +9.982,+0.960
1665262860,+3.48,+17.705, +9.983,+0.960
1665262920,+3.48,+17.705, +9.990,+0.961
1665262980,+3.48,+17.714, +9.953,+0.961
1665263040,+3.48,+17.731, +9.900,+0.961
1665263100,+3.48,+17.705, +9.931,+0.961
1665263160,+3.48,+17.705, +9.926,+0.961
1665263220,+3.48,+17.714, +9.916,+0.961
1665263280,+3.48,+17.688, +9.924,+0.961
1665263340,+3.48,+17.722, +9.909,+0.960
1665263400,+3.48,+17.697, +9.948,+0.961
1665263460,+3.48,+17.714, +9.938,+0.960
1665263520,+3.48,+17.697, +9.958,+0.961
1665263580,+3.48,+17.688, +9.916,+0.961
1665263640,+3.48,+17.705, +9.924,+0.960
1665263700,+3.48,+17.731, +9.955,+0.961
1665263760,+3.48,+17.697, +9.960,+0.961
1665263820,+3.48,+17.722, +9.932,+0.960
1665263880,+3.48,+17.680, +9.981,+0.960
1665263940,+3.48,+17.688,+10.019,+0.961
1665264000,+3.48,+17.697,+10.023,+0.961
1665264060,+3.48,+17.697,+10.017,+0.961
1665264120,+3.48,+17.731, +9.969,+0.961
1665264180,+3.48,+17.722, +9.918,+0.961
1665264240,+3.48,+17.739, +9.850,+0.961
1665264300,+3.48,+17.748, +9.825,+0.961
1665264360,+3.47,+17.731, +9.880,+0.961
1665264420,+3.48,+17.739, +9.873,+0.961
1665264480,+3.48,+17.739, +9.851,+0.961
1665264540,+3.48,+17.731, +9.822,+0.961
1665264600,+3.47,+17.748, +9.761,+0.961
1665264660,+3.48,+17.739, +9.694,+0.960
1665264720,+3.47,+17.722, +9.713,+0.961
1665264780,+3.48,+17.722, +9.727,+0.960
1665264840,+3.48,+17.705, +9.764,+0.961
1665264900,+3.48,+17.722, +9.766,+0.961
1665264960,+3.48,+17.705, +9.760,+0.961
1665265020,+3.48,+17.697, +9.741,+0.960
1665265080,+3.48,+17.705, +9.741,+0.960
1665265140,+3.48,+17.697, +9.707,+0.960
1665265200,+3.48,+17.714, +9.667,+0.960
1665265260,+3.48,+17.705, +9.723,+0.961
1665265320,+3.48,+17.714, +9.697,+0.961
1665265380,+3.48,+17.714, +9.667,+0.960
1665265440,+3.48,+17.697, +9.671,+0.960
1665265500,+3.48,+17.688, +9.684,+0.961
1665265560,+3.48,+17.688, +9.668,+0.961
1665265620,+3.48,+17.688, +9.648,+0.960
1665265680,+3.48,+17.688, +9.675,+0.961
1665265740,+3.48,+17.680, +9.701,+0.961
1665265800,+3.48,+17.688, +9.692,+0.961
1665265860,+3.48,+17.688, +9.661,+0.960
1665265920,+3.48,+17.663, +9.678,+0.961
1665265980,+3.48,+17.688, +9.677,+0.961
1665266040,+3.48,+17.671, +9.701,+0.960
1665266100,+3.48,+17.688, +9.712,+0.961
1665266160,+3.48,+17.680, +9.714,+0.961
1665266220,+3.48,+17.680, +9.755,+0.961
1665266280,+3.48,+17.680, +9.769,+0.961
1665266340,+3.48,+17.697, +9.738,+0.960
1665266400,+3.48,+17.697, +9.771,+0.961
1665266460,+3.48,+17.680, +9.757,+0.961
1665266520,+3.48,+17.688, +9.725,+0.961
1665266580,+3.48,+17.671, +9.720,+0.961
1665266640,+3.48,+17.688, +9.687,+0.961
1665266700,+3.48,+17.680, +9.652,+0.961
1665266760,+3.48,+17.671, +9.672,+0.961
1665266820,+3.48,+17.671, +9.695,+0.961
1665266880,+3.48,+17.655, +9.740,+0.961
1665266940,+3.48,+17.663, +9.721,+0.961
1665267000,+3.48,+17.663, +9.705,+0.961
1665267060,+3.48,+17.663, +9.722,+0.961
1665267120,+3.48,+17.663, +9.712,+0.960
1665267180,+3.48,+17.655, +9.708,+0.961
1665267240,+3.48,+17.671, +9.701,+0.961
1665267300,+3.48,+17.655, +9.699,+0.960
1665267360,+3.48,+17.655, +9.758,+0.960
1665267420,+3.48,+17.646, +9.798,+0.961
1665267480,+3.48,+17.655, +9.794,+0.961
1665267540,+3.48,+17.638, +9.779,+0.961
1665267600,+3.48,+17.646, +9.779,+0.961
1665267660,+3.48,+17.646, +9.811,+0.961
1665267720,+3.48,+17.663, +9.799,+0.961
1665267780,+3.48,+17.663, +9.787,+0.961
1665267840,+3.48,+17.629, +9.812,+0.961
1665267900,+3.48,+17.646, +9.811,+0.960
1665267960,+3.48,+17.638, +9.799,+0.961
1665268020,+3.48,+17.629, +9.770,+0.961
1665268080,+3.48,+17.621, +9.758,+0.961
1665268140,+3.48,+17.638, +9.755,+0.960
1665268200,+3.48,+17.646, +9.778,+0.960
1665268260,+3.48,+17.621, +9.804,+0.961
1665268320,+3.48,+17.638, +9.801,+0.961
1665268380,+3.48,+17.621, +9.803,+0.961
1665268440,+3.48,+17.621, +9.778,+0.961
1665268500,+3.48,+17.621, +9.794,+0.961
1665268560,+3.48,+17.612, +9.788,+0.961
1665268620,+3.48,+17.621, +9.770,+0.960
1665268680,+3.48,+17.629, +9.723,+0.961
1665268740,+3.48,+17.629, +9.689,+0.961
1665268800,+3.48,+17.612, +9.673,+0.961
1665268860,+3.48,+17.612, +9.750,+0.961
1665268920,+3.48,+17.621, +9.813,+0.961
1665268980,+3.48,+17.612, +9.822,+0.960
1665269040,+3.48,+17.629, +9.841,+0.961
1665269100,+3.48,+17.629, +9.863,+0.960
1665269160,+3.48,+17.629, +9.872,+0.961
1665269220,+3.48,+17.629, +9.875,+0.961
1665269280,+3.48,+17.638, +9.856,+0.961
1665269340,+3.48,+17.621, +9.837,+0.961
1665269400,+3.48,+17.604, +9.823,+0.961
1665269460,+3.48,+17.646, +9.837,+0.961
1665269520,+3.48,+17.621, +9.851,+0.961
1665269580,+3.48,+17.621, +9.862,+0.961
1665269640,+3.48,+17.646, +9.880,+0.961
1665269700,+3.48,+17.621, +9.892,+0.961
1665269760,+3.48,+17.646, +9.870,+0.960
1665269820,+3.48,+17.638, +9.878,+0.961
1665269880,+3.48,+17.629, +9.925,+0.961
1665269940,+3.48,+17.629, +9.940,+0.961
1665270000,+3.48,+17.629, +9.977,+0.961
1665270060,+3.48,+17.646, +9.985,+0.961
1665270120,+3.48,+17.646,+10.014,+0.961
1665270180,+3.48,+17.655,+10.003,+0.961
1665270240,+3.48,+17.621,+10.047,+0.960
1665270300,+3.48,+17.638,+10.037,+0.960
1665270360,+3.48,+17.638,+10.015,+0.961
1665270420,+3.48,+17.646, +9.972,+0.960
1665270480,+3.48,+17.646,+10.000,+0.961
1665270540,+3.48,+17.663, +9.996,+0.961
1665270600,+3.48,+17.655, +9.976,+0.961
1665270660,+3.48,+17.638,+10.000,+0.960
1665270720,+3.48,+17.629, +9.991,+0.961
1665270780,+3.48,+17.621, +9.994,+0.961
1665270840,+3.48,+17.646, +9.972,+0.961
1665270900,+3.48,+17.638, +9.999,+0.961
1665270960,+3.48,+17.638, +9.992,+0.961
1665271020,+3.48,+17.638,+10.006,+0.961
1665271080,+3.48,+17.638, +9.978,+0.960
1665271140,+3.48,+17.629, +9.956,+0.961
1665271200,+3.48,+17.638, +9.964,+0.961
1665271260,+3.48,+17.621, +9.974,+0.961
1665271320,+3.48,+17.646, +9.973,+0.961
1665271380,+3.48,+17.629, +9.987,+0.961
1665271440,+3.48,+17.621, +9.988,+0.960
1665271500,+3.48,+17.621, +9.990,+0.960
1665271560,+3.48,+17.621,+10.038,+0.961
1665271620,+3.48,+17.629,+10.049,+0.961
1665271680,+3.48,+17.604,+10.052,+0.961
1665271740,+3.48,+17.621,+10.072,+0.961
1665271800,+3.48,+17.629,+10.072,+0.961
1665271860,+3.48,+17.629,+10.087,+0.961
1665271920,+3.48,+17.629,+10.061,+0.961
1665271980,+3.48,+17.621,+10.108,+0.961
1665272040,+3.48,+17.612,+10.161,+0.961
1665272100,+3.48,+17.646,+10.211,+0.961
1665272160,+3.48,+17.629,+10.222,+0.961
1665272220,+3.48,+17.646,+10.226,+0.961
1665272280,+3.48,+17.638,+10.259,+0.961
1665272340,+3.48,+17.629,+10.268,+0.961
1665272400,+3.48,+17.621,+10.261,+0.961
1665272460,+3.48,+17.655,+10.258,+0.960
1665272520,+3.48,+17.638,+10.289,+0.961
1665272580,+3.48,+17.646,+10.283,+0.961
1665272640,+3.48,+17.646,+10.213,+0.961
1665272700,+3.48,+17.663,+10.175,+0.960
1665272760,+3.48,+17.655,+10.195,+0.960
1665272820,+3.48,+17.638,+10.197,+0.960
1665272880,+3.48,+17.655,+10.191,+0.961
1665272940,+3.48,+17.655,+10.170,+0.961
1665273000,+3.48,+17.646,+10.163,+0.961
1665273060,+3.48,+17.638,+10.158,+0.961
1665273120,+3.48,+17.646,+10.139,+0.961
1665273180,+3.48,+17.646,+10.120,+0.961
1665273240,+3.48,+17.646,+10.107,+0.961
1665273300,+3.48,+17.646,+10.093,+0.961
1665273360,+3.48,+17.638,+10.080,+0.960
1665273420,+3.48,+17.646,+10.058,+0.960
1665273480,+3.48,+17.655,+10.046,+0.960
1665273540,+3.48,+17.646,+10.035,+0.961
1665273600,+3.48,+17.663,+10.005,+0.961
1665273660,+3.48,+17.646,+10.011,+0.961
1665273720,+3.48,+17.638,+10.004,+0.961
1665273780,+3.48,+17.638, +9.976,+0.961
1665273840,+3.48,+17.646, +9.958,+0.961
1665273900,+3.48,+17.638, +9.924,+0.961
1665273960,+3.48,+17.646, +9.897,+0.961
1665274020,+3.48,+17.629, +9.875,+0.961
1665274080,+3.48,+17.646, +9.825,+0.961
1665274140,+3.48,+17.629, +9.834,+0.961
1665274200,+3.48,+17.612, +9.794,+0.960
1665274260,+3.48,+17.629, +9.816,+0.960
1665274320,+3.48,+17.621, +9.822,+0.961
1665274380,+3.48,+17.629, +9.760,+0.960
1665274440,+3.48,+17.595, +9.734,+0.961
1665274500,+3.48,+17.629, +9.688,+0.960
1665274560,+3.48,+17.595, +9.702,+0.961
1665274620,+3.48,+17.587, +9.684,+0.960
1665274680,+3.48,+17.595, +9.432,+0.961
1665274740,+3.48,+17.587, +9.243,+0.961
1665274800,+3.48,+17.587, +9.220,+0.960
1665274860,+3.48,+17.579, +9.190,+0.960
1665274920,+3.48,+17.570, +9.155,+0.960
1665274980,+3.48,+17.570, +9.173,+0.960
1665275040,+3.48,+17.570, +9.232,+0.961
1665275100,+3.48,+17.545, +9.088,+0.961
1665275160,+3.48,+17.562, +9.058,+0.960
1665275220,+3.48,+17.528, +9.034,+0.960
1665275280,+3.48,+17.536, +9.052,+0.960
1665275340,+3.48,+17.536, +9.090,+0.960
1665275400,+3.48,+17.553, +9.188,+0.960
1665275460,+3.48,+17.536, +9.247,+0.960
1665275520,+3.48,+17.511, +9.244,+0.960
1665275580,+3.48,+17.553, +9.171,+0.960
1665275640,+3.48,+17.511, +8.995,+0.960
1665275700,+3.48,+17.502, +8.791,+0.960
1665275760,+3.48,+17.511, +8.858,+0.960
1665275820,+3.48,+17.519, +8.808,+0.960
1665275880,+3.48,+17.502, +8.902,+0.960
1665275940,+3.48,+17.511, +8.953,+0.960
1665276000,+3.48,+17.494, +9.008,+0.960
1665276060,+3.48,+17.485, +8.985,+0.960
1665276120,+3.48,+17.502, +8.947,+0.960
1665276180,+3.48,+17.452, +8.984,+0.960
1665276240,+3.48,+17.469, +9.018,+0.960
1665276300,+3.48,+17.460, +9.014,+0.960
1665276360,+3.48,+17.477, +8.997,+0.961
1665276420,+3.48,+17.469, +9.032,+0.961
1665276480,+3.48,+17.477, +9.007,+0.960
1665276540,+3.48,+17.452, +9.010,+0.961
1665276600,+3.48,+17.485, +9.011,+0.961
1665276660,+3.48,+17.469, +8.975,+0.960
1665276720,+3.48,+17.460, +8.927,+0.960
1665276780,+3.48,+17.460, +8.917,+0.960
1665276840,+3.48,+17.477, +8.933,+0.960
1665276900,+3.48,+17.435, +9.014,+0.960
1665276960,+3.48,+17.460, +9.094,+0.961
1665277020,+3.48,+17.435, +9.128,+0.960
1665277080,+3.48,+17.426, +9.163,+0.960
1665277140,+3.48,+17.435, +9.185,+0.961
1665277200,+3.48,+17.426, +9.194,+0.961
1665277260,+3.48,+17.435, +9.203,+0.960
1665277320,+3.48,+17.418, +9.198,+0.960
1665277380,+3.48,+17.409, +9.204,+0.960
1665277440,+3.48,+17.426, +9.189,+0.960
1665277500,+3.48,+17.418, +9.154,+0.961
1665277560,+3.48,+17.418, +9.098,+0.960
1665277620,+3.48,+17.409, +9.083,+0.960
1665277680,+3.48,+17.418, +9.023,+0.960
1665277740,+3.48,+17.392, +8.984,+0.961
1665277800,+3.48,+17.384, +8.950,+0.961
1665277860,+3.48,+17.401, +8.920,+0.961
1665277920,+3.48,+17.384, +8.946,+0.961
1665277980,+3.48,+17.401, +8.969,+0.961
1665278040,+3.48,+17.375, +8.950,+0.960
1665278100,+3.48,+17.367, +8.946,+0.960
1665278160,+3.48,+17.392, +8.929,+0.961
1665278220,+3.48,+17.350, +8.913,+0.960
1665278280,+3.48,+17.367, +8.868,+0.960
1665278340,+3.48,+17.375, +8.858,+0.961
1665278400,+3.48,+17.359, +8.836,+0.960
1665278460,+3.48,+17.367, +8.831,+0.960
1665278520,+3.48,+17.350, +8.843,+0.960
1665278580,+3.48,+17.350, +8.806,+0.960
1665278640,+3.48,+17.333, +8.787,+0.960
1665278700,+3.48,+17.333, +8.757,+0.960
1665278760,+3.48,+17.350, +8.754,+0.960
1665278820,+3.48,+17.342, +8.751,+0.960
1665278880,+3.48,+17.333, +8.765,+0.960
1665278940,+3.48,+17.333, +8.753,+0.960
1665279000,+3.48,+17.333, +8.800,+0.960
1665279060,+3.48,+17.325, +8.832,+0.961
1665279120,+3.48,+17.325, +8.867,+0.960
1665279180,+3.48,+17.291, +8.895,+0.960
1665279240,+3.48,+17.308, +8.899,+0.960
1665279300,+3.48,+17.308, +8.896,+0.960
1665279360,+3.48,+17.291, +8.853,+0.961
1665279420,+3.48,+17.299, +8.773,+0.960
1665279480,+3.48,+17.274, +8.778,+0.960
1665279540,+3.48,+17.291, +8.716,+0.961
1665279600,+3.48,+17.274, +8.672,+0.960
1665279660,+3.48,+17.299, +8.655,+0.961
1665279720,+3.48,+17.274, +8.637,+0.961
1665279780,+3.48,+17.257, +8.634,+0.960
1665279840,+3.48,+17.257, +8.632,+0.960
1665279900,+3.48,+17.265, +8.674,+0.960
1665279960,+3.48,+17.265, +8.625,+0.960
1665280020,+3.48,+17.274, +8.577,+0.960
1665280080,+3.48,+17.274, +8.545,+0.960
1665280140,+3.48,+17.248, +8.569,+0.961
1665280200,+3.48,+17.240, +8.619,+0.960
1665280260,+3.48,+17.248, +8.610,+0.961
1665280320,+3.48,+17.215, +8.672,+0.960
1665280380,+3.48,+17.240, +8.724,+0.960
1665280440,+3.48,+17.232, +8.732,+0.960
1665280500,+3.48,+17.215, +8.675,+0.960
1665280560,+3.48,+17.215, +8.657,+0.960
1665280620,+3.48,+17.215, +8.683,+0.960
1665280680,+3.48,+17.232, +8.679,+0.960
1665280740,+3.48,+17.206, +8.750,+0.961
1665280800,+3.48,+17.215, +8.782,+0.960
1665280860,+3.48,+17.198, +8.809,+0.960
1665280920,+3.48,+17.198, +8.770,+0.960
1665280980,+3.48,+17.189, +8.723,+0.960
1665281040,+3.48,+17.189, +8.697,+0.960
1665281100,+3.48,+17.189, +8.737,+0.960
1665281160,+3.48,+17.164, +8.795,+0.960
1665281220,+3.48,+17.181, +8.771,+0.960
1665281280,+3.48,+17.189, +8.712,+0.960
1665281340,+3.48,+17.189, +8.747,+0.961
1665281400,+3.48,+17.172, +8.721,+0.960
1665281460,+3.48,+17.155, +8.726,+0.960
1665281520,+3.48,+17.121, +8.818,+0.961
1665281580,+3.48,+17.079, +8.961,+0.960
1665281640,+3.48,+17.096, +9.098,+0.960
1665281700,+3.48,+17.087, +9.171,+0.961
1665281760,+3.48,+17.062, +9.186,+0.960
1665281820,+3.48,+17.087, +9.256,+0.961
1665281880,+3.48,+17.062, +9.277,+0.960
1665281940,+3.48,+17.062, +9.408,+0.961
1665282000,+3.48,+17.062, +9.356,+0.960
1665282060,+3.48,+17.071, +9.242,+0.961
1665282120,+3.48,+17.087, +9.056,+0.960
1665282180,+3.48,+17.079, +9.058,+0.960
1665282240,+3.48,+17.087, +9.076,+0.960
1665282300,+3.48,+17.045, +9.144,+0.961
1665282360,+3.48,+17.037, +9.217,+0.961
1665282420,+3.48,+17.037, +9.316,+0.960
1665282480,+3.48,+17.028, +9.350,+0.960
1665282540,+3.48,+17.020, +9.345,+0.961
1665282600,+3.48,+17.020, +9.371,+0.960
1665282660,+3.48,+17.003, +9.473,+0.961
1665282720,+3.48,+17.020, +9.507,+0.961
1665282780,+3.48,+17.028, +9.527,+0.960
1665282840,+3.48,+17.011, +9.577,+0.961
1665282900,+3.48,+17.011, +9.573,+0.960
1665282960,+3.48,+17.003, +9.520,+0.960
1665283020,+3.48,+17.020, +9.457,+0.960
1665283080,+3.48,+17.020, +9.426,+0.960
1665283140,+3.48,+17.020, +9.466,+0.961
1665283200,+3.48,+17.003, +9.556,+0.961
1665283260,+3.48,+17.020, +9.585,+0.961
1665283320,+3.48,+17.028, +9.588,+0.961
1665283380,+3.48,+17.020, +9.605,+0.960
1665283440,+3.48,+17.003, +9.591,+0.961
1665283500,+3.48,+17.003, +9.596,+0.960
1665283560,+3.48,+17.011, +9.608,+0.961
1665283620,+3.48,+17.011, +9.607,+0.960
1665283680,+3.48,+17.020, +9.625,+0.961
1665283740,+3.48,+17.028, +9.624,+0.961
1665283800,+3.48,+17.011, +9.618,+0.961
1665283860,+3.48,+17.037, +9.572,+0.960
1665283920,+3.48,+17.045, +9.529,+0.961
1665283980,+3.48,+17.079, +9.442,+0.960
1665284040,+3.48,+17.113, +9.400,+0.960
1665284100,+3.48,+17.147, +9.349,+0.960
1665284160,+3.48,+17.155, +9.330,+0.961
1665284220,+3.48,+17.181, +9.333,+0.961
1665284280,+3.48,+17.198, +9.307,+0.961
1665284340,+3.48,+17.181, +9.276,+0.961
1665284400,+3.48,+17.206, +9.226,+0.961
1665284460,+3.48,+17.215, +9.202,+0.961
1665284520,+3.48,+17.223, +9.168,+0.960
1665284580,+3.48,+17.223, +9.182,+0.961
1665284640,+3.48,+17.240, +9.177,+0.961
1665284700,+3.48,+17.265, +9.188,+0.960
1665284760,+3.48,+17.282, +9.199,+0.960
1665284820,+3.48,+17.299, +9.211,+0.961
1665284880,+3.48,+17.299, +9.201,+0.961
1665284940,+3.48,+17.282, +9.207,+0.960
1665285000,+3.48,+17.308, +9.203,+0.960
1665285060,+3.48,+17.308, +9.177,+0.960
1665285120,+3.48,+17.325, +9.166,+0.961
1665285180,+3.48,+17.325, +9.174,+0.960
1665285240,+3.48,+17.333, +9.149,+0.960
1665285300,+3.48,+17.325, +9.101,+0.960
1665285360,+3.48,+17.333, +9.034,+0.961
1665285420,+3.48,+17.342, +8.758,+0.961
1665285480,+3.48,+17.342, +8.444,+0.960
1665285540,+3.48,+17.333, +8.346,+0.960
1665285600,+3.48,+17.342, +8.299,+0.960
1665285660,+3.48,+17.350, +8.212,+0.960
1665285720,+3.48,+17.342, +8.100,+0.960
1665285780,+3.48,+17.333, +7.900,+0.959
1665285840,+3.48,+17.342, +7.792,+0.960
1665285900,+3.48,+17.359, +7.675,+0.960
1665285960,+3.48,+17.350, +7.682,+0.960
1665286020,+3.48,+17.350, +7.846,+0.960
1665286080,+3.48,+17.359, +7.950,+0.960
1665286140,+3.48,+17.359, +8.004,+0.960
1665286200,+3.48,+17.359, +7.977,+0.960
1665286260,+3.48,+17.342, +7.987,+0.960
1665286320,+3.48,+17.367, +8.077,+0.960
1665286380,+3.48,+17.359, +8.235,+0.960
1665286440,+3.48,+17.359, +8.432,+0.961
1665286500,+3.48,+17.359, +8.524,+0.960
1665286560,+3.48,+17.367, +8.477,+0.961
1665286620,+3.48,+17.359, +8.476,+0.960
1665286680,+3.48,+17.342, +8.533,+0.960
1665286740,+3.48,+17.359, +8.599,+0.960
1665286800,+3.48,+17.350, +8.709,+0.960
1665286860,+3.48,+17.375, +8.800,+0.960
1665286920,+3.48,+17.359, +8.662,+0.960
1665286980,+3.48,+17.359, +8.337,+0.960
1665287040,+3.48,+17.367, +8.175,+0.960
1665287100,+3.48,+17.350, +8.076,+0.960
1665287160,+3.48,+17.350, +8.154,+0.960
1665287220,+3.48,+17.333, +8.272,+0.960
1665287280,+3.48,+17.333, +8.230,+0.960
1665287340,+3.48,+17.308, +8.285,+0.960
1665287400,+3.48,+17.316, +8.375,+0.961
1665287460,+3.48,+17.299, +8.312,+0.960
1665287520,+3.48,+17.299, +8.205,+0.960
1665287580,+3.48,+17.291, +7.996,+0.960
1665287640,+3.48,+17.282, +7.815,+0.960
1665287700,+3.48,+17.282, +7.803,+0.960
1665287760,+3.48,+17.240, +7.873,+0.960
1665287820,+3.48,+17.232, +7.975,+0.960
1665287880,+3.48,+17.215, +8.090,+0.960
1665287940,+3.48,+17.172, +8.169,+0.960
1665288000,+3.48,+17.155, +8.166,+0.960
1665288060,+3.48,+17.138, +8.404,+0.960
1665288120,+3.48,+17.087, +8.556,+0.960
1665288180,+3.48,+17.079, +8.566,+0.960
1665288240,+3.48,+17.054, +8.751,+0.960
1665288300,+3.48,+17.045, +8.831,+0.960
1665288360,+3.48,+17.054, +8.966,+0.961
1665288420,+3.48,+17.172, +8.769,+0.960
1665288480,+3.48,+17.265, +8.797,+0.960
1665288540,+3.48,+17.299, +8.877,+0.960
1665288600,+3.48,+17.359, +8.898,+0.961
1665288660,+3.48,+17.384, +8.883,+0.961
1665288720,+3.48,+17.409, +8.861,+0.960
1665288780,+3.48,+17.435, +8.836,+0.961
1665288840,+3.48,+17.452, +8.822,+0.960
1665288900,+3.48,+17.443, +8.802,+0.960
1665288960,+3.48,+17.469, +8.796,+0.960
1665289020,+3.48,+17.469, +8.773,+0.961
1665289080,+3.48,+17.477, +8.752,+0.961
1665289140,+3.48,+17.477, +8.708,+0.960
1665289200,+3.48,+17.477, +8.697,+0.961
1665289260,+3.48,+17.494, +8.695,+0.961
1665289320,+3.48,+17.485, +8.644,+0.960
1665289380,+3.48,+17.485, +8.611,+0.961
1665289440,+3.48,+17.502, +8.580,+0.960
1665289500,+3.48,+17.494, +8.615,+0.960
1665289560,+3.48,+17.502, +8.611,+0.960
1665289620,+3.48,+17.502, +8.576,+0.960
1665289680,+3.48,+17.502, +8.528,+0.960
1665289740,+3.48,+17.519, +8.384,+0.960
1665289800,+3.48,+17.511, +8.073,+0.960
1665289860,+3.48,+17.494, +7.826,+0.960
1665289920,+3.48,+17.502, +7.796,+0.960
1665289980,+3.48,+17.502, +7.833,+0.960
1665290040,+3.48,+17.502, +7.819,+0.960
1665290100,+3.48,+17.519, +7.885,+0.960
1665290160,+3.48,+17.502, +7.973,+0.960
1665290220,+3.48,+17.519, +8.049,+0.960
1665290280,+3.48,+17.494, +8.224,+0.960
1665290340,+3.48,+17.502, +8.284,+0.960
1665290400,+3.48,+17.502, +8.388,+0.960
1665290460,+3.48,+17.502, +8.446,+0.961
1665290520,+3.48,+17.519, +8.449,+0.960
1665290580,+3.48,+17.528, +8.372,+0.960
1665290640,+3.48,+17.511, +8.169,+0.961
1665290700,+3.48,+17.511, +8.257,+0.961
1665290760,+3.48,+17.494, +8.359,+0.960
1665290820,+3.48,+17.469, +8.421,+0.961
1665290880,+3.48,+17.519, +8.426,+0.961
1665290940,+3.48,+17.477, +8.449,+0.960
1665291000,+3.48,+17.494, +8.474,+0.961
1665291060,+3.48,+17.477, +8.481,+0.960
1665291120,+3.48,+17.494, +8.473,+0.960
1665291180,+3.48,+17.502, +8.467,+0.961
1665291240,+3.48,+17.494, +8.164,+0.960
1665291300,+3.48,+17.494, +8.020,+0.961
1665291360,+3.48,+17.502, +8.026,+0.960
1665291420,+3.48,+17.502, +8.178,+0.960
1665291480,+3.48,+17.511, +8.295,+0.960
1665291540,+3.48,+17.494, +8.391,+0.960
1665291600,+3.48,+17.519, +8.357,+0.960
1665291660,+3.48,+17.528, +8.298,+0.960
1665291720,+3.48,+17.502, +8.302,+0.960
1665291780,+3.48,+17.511, +8.315,+0.960
1665291840,+3.48,+17.519, +8.360,+0.960
1665291900,+3.48,+17.511, +8.297,+0.961
1665291960,+3.48,+17.511, +7.856,+0.960
1665292020,+3.48,+17.545, +7.763,+0.960
1665292080,+3.48,+17.519, +7.797,+0.960
1665292140,+3.48,+17.519, +7.847,+0.960
1665292200,+3.48,+17.528, +7.931,+0.960
1665292260,+3.48,+17.553, +7.993,+0.961
1665292320,+3.48,+17.536, +7.981,+0.960
1665292380,+3.48,+17.545, +8.012,+0.960
1665292440,+3.48,+17.536, +8.213,+0.960
1665292500,+3.48,+17.519, +8.274,+0.960
1665292560,+3.48,+17.528, +8.305,+0.961
1665292620,+3.48,+17.502, +8.321,+0.960
1665292680,+3.48,+17.519, +8.233,+0.960
1665292740,+3.48,+17.519, +8.183,+0.960
1665292800,+3.48,+17.511, +8.162,+0.960
1665292860,+3.48,+17.536, +8.121,+0.960
1665292920,+3.48,+17.528, +8.143,+0.960
1665292980,+3.48,+17.519, +8.146,+0.960
1665293040,+3.48,+17.519, +8.099,+0.960
1665293100,+3.48,+17.528, +8.085,+0.961
1665293160,+3.48,+17.511, +8.115,+0.960
1665293220,+3.48,+17.511, +8.226,+0.960
1665293280,+3.48,+17.519, +8.344,+0.960
1665293340,+3.48,+17.545, +8.418,+0.961
1665293400,+3.48,+17.528, +8.429,+0.960
1665293460,+3.48,+17.502, +8.354,+0.960
1665293520,+3.48,+17.545, +8.441,+0.960
1665293580,+3.48,+17.536, +8.416,+0.960
1665293640,+3.48,+17.536, +8.368,+0.960
1665293700,+3.48,+17.502, +8.422,+0.960
1665293760,+3.48,+17.519, +8.451,+0.960
1665293820,+3.48,+17.511, +8.485,+0.960
1665293880,+3.48,+17.502, +8.501,+0.960
1665293940,+3.48,+17.477, +8.499,+0.960
1665294000,+3.48,+17.511, +8.454,+0.960
1665294060,+3.48,+17.494, +8.516,+0.961
1665294120,+3.48,+17.511, +8.538,+0.960
1665294180,+3.48,+17.502, +8.531,+0.960
1665294240,+3.48,+17.511, +8.503,+0.960
1665294300,+3.48,+17.494, +8.500,+0.960
1665294360,+3.48,+17.494, +8.378,+0.961
1665294420,+3.48,+17.485, +8.154,+0.960
1665294480,+3.48,+17.494, +7.988,+0.960
1665294540,+3.48,+17.494, +7.656,+0.960
1665294600,+3.48,+17.494, +7.534,+0.961
1665294660,+3.48,+17.485, +7.536,+0.960
1665294720,+3.48,+17.485, +7.612,+0.960
1665294780,+3.48,+17.460, +7.719,+0.960
1665294840,+3.48,+17.477, +7.732,+0.960
1665294900,+3.48,+17.460, +7.554,+0.960
1665294960,+3.48,+17.469, +7.210,+0.960
1665295020,+3.48,+17.460, +6.876,+0.960
1665295080,+3.48,+17.443, +6.784,+0.960
1665295140,+3.48,+17.426, +6.788,+0.960
1665295200,+3.48,+17.435, +6.788,+0.960
1665295260,+3.48,+17.409, +6.939,+0.960
1665295320,+3.48,+17.426, +7.145,+0.960
1665295380,+3.48,+17.392, +7.350,+0.960
1665295440,+3.48,+17.384, +7.585,+0.960
1665295500,+3.48,+17.384, +7.713,+0.960
1665295560,+3.48,+17.384, +7.739,+0.960
1665295620,+3.48,+17.375, +7.744,+0.960
1665295680,+3.48,+17.367, +7.766,+0.960
1665295740,+3.48,+17.359, +7.701,+0.960
1665295800,+3.48,+17.342, +7.596,+0.960
1665295860,+3.48,+17.359, +7.624,+0.960
1665295920,+3.48,+17.342, +7.855,+0.960
1665295980,+3.48,+17.359, +8.121,+0.960
1665296040,+3.48,+17.350, +8.234,+0.960
1665296100,+3.48,+17.333, +8.303,+0.960
1665296160,+3.48,+17.342, +8.342,+0.960
1665296220,+3.48,+17.342, +8.359,+0.960
1665296280,+3.48,+17.325, +8.398,+0.961
1665296340,+3.48,+17.350, +8.412,+0.960
1665296400,+3.48,+17.367, +8.403,+0.961
1665296460,+3.48,+17.350, +8.157,+0.960
1665296520,+3.48,+17.359, +7.766,+0.960
1665296580,+3.48,+17.367, +7.434,+0.960
1665296640,+3.48,+17.367, +7.261,+0.960
1665296700,+3.48,+17.359, +7.316,+0.960
1665296760,+3.48,+17.342, +7.388,+0.960
1665296820,+3.48,+17.350, +7.402,+0.960
1665296880,+3.48,+17.367, +7.415,+0.960
1665296940,+3.48,+17.375, +7.566,+0.960
1665297000,+3.48,+17.350, +7.626,+0.960
1665297060,+3.48,+17.350, +7.484,+0.959
1665297120,+3.48,+17.342, +7.187,+0.960
1665297180,+3.48,+17.325, +7.169,+0.960
1665297240,+3.48,+17.308, +7.176,+0.960
1665297300,+3.48,+17.282, +7.238,+0.960
1665297360,+3.48,+17.265, +7.337,+0.960
1665297420,+3.48,+17.274, +7.417,+0.961
1665297480,+3.48,+17.274, +7.527,+0.960
1665297540,+3.48,+17.232, +7.616,+0.960
1665297600,+3.48,+17.257, +7.710,+0.960
1665297660,+3.48,+17.223, +7.814,+0.960
1665297720,+3.48,+17.198, +7.967,+0.960
1665297780,+3.48,+17.198, +8.092,+0.960
1665297840,+3.48,+17.198, +8.332,+0.960
1665297900,+3.48,+17.172, +8.364,+0.960
1665297960,+3.48,+17.147, +8.435,+0.960
1665298020,+3.48,+17.130, +8.500,+0.960
1665298080,+3.48,+17.113, +8.586,+0.960
1665298140,+3.48,+17.096, +8.746,+0.960
1665298200,+3.48,+17.104, +8.790,+0.960
1665298260,+3.48,+17.096, +8.620,+0.961
1665298320,+3.48,+17.079, +8.320,+0.960
1665298380,+3.48,+17.054, +8.065,+0.960
1665298440,+3.48,+17.020, +7.905,+0.960
1665298500,+3.48,+17.020, +7.808,+0.960
1665298560,+3.48,+17.020, +7.743,+0.960
1665298620,+3.48,+17.020, +7.694,+0.961
1665298680,+3.48,+17.054, +7.682,+0.960
1665298740,+3.48,+17.011, +7.633,+0.960
1665298800,+3.48,+17.020, +7.600,+0.960
1665298860,+3.48,+17.020, +7.510,+0.960
1665298920,+3.48,+17.028, +7.402,+0.960
1665298980,+3.48,+17.011, +7.198,+0.959
1665299040,+3.48,+16.994, +7.224,+0.960
1665299100,+3.48,+16.994, +7.406,+0.960
1665299160,+3.48,+16.994, +7.542,+0.960
1665299220,+3.48,+17.003, +7.675,+0.960
1665299280,+3.48,+16.977, +7.766,+0.960
1665299340,+3.48,+16.994, +7.786,+0.960
1665299400,+3.48,+16.994, +7.759,+0.960
1665299460,+3.48,+16.977, +8.000,+0.960
1665299520,+3.48,+16.952, +8.258,+0.960
1665299580,+3.48,+16.943, +8.431,+0.960
1665299640,+3.48,+16.952, +8.566,+0.960
1665299700,+3.48,+16.960, +8.593,+0.960
1665299760,+3.48,+16.935, +8.655,+0.960
1665299820,+3.48,+16.935, +8.647,+0.960
1665299880,+3.48,+16.918, +8.680,+0.960
1665299940,+3.48,+16.943, +8.706,+0.960
1665300000,+3.48,+16.943, +8.695,+0.960
1665300060,+3.48,+16.935, +8.562,+0.960
1665300120,+3.48,+16.943, +8.431,+0.960
1665300180,+3.48,+16.935, +8.360,+0.960
1665300240,+3.48,+16.926, +8.350,+0.960
1665300300,+3.48,+16.935, +8.302,+0.960
1665300360,+3.48,+16.935, +8.015,+0.960
1665300420,+3.48,+16.943, +8.001,+0.960
1665300480,+3.48,+16.935, +8.008,+0.961
1665300540,+3.48,+16.935, +8.027,+0.960
1665300600,+3.48,+16.935, +8.011,+0.960
1665300660,+3.48,+16.918, +8.141,+0.960
1665300720,+3.48,+16.918, +8.214,+0.960
1665300780,+3.48,+16.901, +8.413,+0.960
1665300840,+3.48,+16.875, +8.494,+0.960
1665300900,+3.48,+16.884, +8.512,+0.960
1665300960,+3.48,+16.884, +8.558,+0.960
1665301020,+3.48,+16.875, +8.483,+0.960
1665301080,+3.48,+16.875, +8.354,+0.960
1665301140,+3.48,+16.867, +8.231,+0.960
1665301200,+3.48,+16.892, +8.075,+0.960
1665301260,+3.48,+16.901, +7.872,+0.960
1665301320,+3.48,+16.901, +7.543,+0.960
1665301380,+3.48,+16.884, +7.117,+0.960
1665301440,+3.48,+16.875, +6.882,+0.960
1665301500,+3.48,+16.867, +6.761,+0.960
1665301560,+3.48,+16.875, +6.394,+0.960
1665301620,+3.48,+16.875, +6.323,+0.959
1665301680,+3.48,+16.867, +6.379,+0.959
1665301740,+3.48,+16.867, +6.449,+0.959
1665301800,+3.48,+16.875, +6.297,+0.959
1665301860,+3.48,+16.867, +5.919,+0.959
1665301920,+3.48,+16.875, +5.575,+0.959
1665301980,+3.48,+16.867, +5.473,+0.959
1665302040,+3.48,+16.858, +5.242,+0.959
1665302100,+3.48,+16.858, +4.939,+0.960
1665302160,+3.48,+16.867, +4.920,+0.960
1665302220,+3.48,+16.884, +4.883,+0.961
1665302280,+3.48,+16.850, +4.747,+0.960
1665302340,+3.48,+16.875, +4.740,+0.960
1665302400,+3.48,+16.875, +4.715,+0.960
1665302460,+3.48,+16.884, +4.701,+0.961
1665302520,+3.48,+16.875, +4.654,+0.961
1665302580,+3.48,+16.901, +5.119,+0.960
1665302640,+3.48,+16.875, +5.775,+0.960
1665302700,+3.48,+16.901, +6.095,+0.960
1665302760,+3.48,+16.901, +6.771,+0.959
1665302820,+3.48,+16.909, +7.431,+0.960
1665302880,+3.48,+16.909, +7.708,+0.960
1665302940,+3.48,+16.909, +7.964,+0.960
1665303000,+3.48,+16.909, +8.172,+0.960
1665303060,+3.48,+16.918, +8.323,+0.960
1665303120,+3.48,+16.935, +8.318,+0.960
1665303180,+3.48,+16.926, +8.241,+0.960
1665303240,+3.48,+16.935, +8.132,+0.960
1665303300,+3.48,+16.926, +7.956,+0.960
1665303360,+3.48,+16.926, +7.579,+0.960
1665303420,+3.48,+16.926, +7.454,+0.960
1665303480,+3.48,+16.943, +7.603,+0.960
1665303540,+3.48,+16.935, +7.884,+0.960
1665303600,+3.48,+16.960, +8.112,+0.960
1665303660,+3.48,+16.960, +8.218,+0.960
1665303720,+3.48,+16.969, +8.225,+0.960
1665303780,+3.48,+16.994, +8.299,+0.960
1665303840,+3.48,+16.969, +8.395,+0.960
1665303900,+3.48,+16.986, +8.325,+0.960
1665303960,+3.48,+16.977, +8.238,+0.960
1665304020,+3.48,+16.977, +8.131,+0.960
1665304080,+3.48,+16.969, +8.012,+0.960
1665304140,+3.48,+16.969, +8.117,+0.960
1665304200,+3.48,+16.969, +8.264,+0.960
1665304260,+3.48,+16.960, +8.368,+0.960
1665304320,+3.48,+16.977, +8.435,+0.961
1665304380,+3.48,+16.977, +8.507,+0.961
1665304440,+3.48,+16.986, +8.465,+0.960
1665304500,+3.48,+16.969, +8.430,+0.961
1665304560,+3.48,+16.977, +8.362,+0.960
1665304620,+3.48,+16.960, +8.475,+0.960
1665304680,+3.48,+16.986, +8.512,+0.960
1665304740,+3.48,+16.977, +8.588,+0.960
1665304800,+3.48,+16.960, +8.597,+0.960
1665304860,+3.48,+16.926, +8.571,+0.960
1665304920,+3.48,+16.960, +8.614,+0.960
1665304980,+3.48,+16.960, +8.713,+0.961
1665305040,+3.48,+16.960, +8.796,+0.960
1665305100,+3.48,+16.960, +8.861,+0.960
1665305160,+3.48,+16.960, +8.864,+0.961
1665305220,+3.48,+16.943, +8.810,+0.960
1665305280,+3.48,+16.977, +8.780,+0.960
1665305340,+3.48,+16.960, +8.839,+0.960
1665305400,+3.48,+16.943, +8.888,+0.960
1665305460,+3.48,+16.943, +8.908,+0.960
1665305520,+3.48,+16.952, +8.921,+0.960
1665305580,+3.48,+16.943, +8.901,+0.961
1665305640,+3.48,+16.952, +8.917,+0.961
1665305700,+3.48,+16.926, +8.946,+0.960
1665305760,+3.48,+16.935, +8.958,+0.960
1665305820,+3.48,+16.935, +8.966,+0.961
1665305880,+3.48,+16.952, +8.992,+0.960
1665305940,+3.48,+16.926, +9.038,+0.960
1665306000,+3.48,+16.918, +9.038,+0.960
1665306060,+3.48,+16.943, +9.041,+0.960
1665306120,+3.48,+16.952, +9.038,+0.961
1665306180,+3.48,+16.935, +9.079,+0.960
1665306240,+3.48,+16.926, +9.130,+0.960
1665306300,+3.48,+16.952, +9.112,+0.960
1665306360,+3.48,+16.918, +9.111,+0.961
1665306420,+3.48,+16.935, +9.082,+0.960
1665306480,+3.48,+16.918, +9.078,+0.960
1665306540,+3.48,+16.918, +9.070,+0.961
1665306600,+3.48,+16.901, +9.067,+0.960
1665306660,+3.48,+16.901, +9.062,+0.960
1665306720,+3.48,+16.892, +9.037,+0.961
1665306780,+3.48,+16.850, +9.011,+0.961
1665306840,+3.48,+16.841, +8.932,+0.960
1665306900,+3.48,+16.841, +8.877,+0.960
1665306960,+3.48,+16.816, +8.836,+0.960
1665307020,+3.47,+16.756, +8.809,+0.960
1665307080,+3.48,+16.688, +8.757,+0.960
1665307140,+3.48,+16.595, +8.753,+0.960
1665307200,+3.48,+16.552, +8.762,+0.960
1665307260,+3.48,+16.527, +8.834,+0.961
1665307320,+3.48,+16.544, +8.890,+0.960
1665307380,+3.48,+16.535, +8.887,+0.960
1665307440,+3.48,+16.552, +8.857,+0.960
1665307500,+3.48,+16.544, +8.840,+0.960
1665307560,+3.48,+16.561, +8.823,+0.960
1665307620,+3.48,+16.569, +8.843,+0.960
1665307680,+3.48,+16.569, +8.870,+0.960
1665307740,+3.48,+16.578, +8.870,+0.960
1665307800,+3.48,+16.612, +8.904,+0.961
1665307860,+3.48,+16.620, +8.913,+0.961
1665307920,+3.47,+16.620, +8.931,+0.960
1665307980,+3.48,+16.629, +8.950,+0.960
1665308040,+3.47,+16.663, +8.939,+0.960
1665308100,+3.47,+16.663, +8.958,+0.961
1665308160,+3.48,+16.688, +8.919,+0.960
1665308220,+3.48,+16.688, +8.941,+0.960
1665308280,+3.47,+16.697, +8.924,+0.960
1665308340,+3.47,+16.697, +8.917,+0.960
1665308400,+3.48,+16.697, +8.911,+0.960
1665308460,+3.48,+16.714, +8.908,+0.960
1665308520,+3.47,+16.705, +8.881,+0.960
1665308580,+3.48,+16.705, +8.862,+0.960
1665308640,+3.47,+16.688, +8.845,+0.960
1665308700,+3.47,+16.705, +8.828,+0.960
1665308760,+3.48,+16.671, +8.814,+0.960
1665308820,+3.47,+16.671, +8.829,+0.960
1665308880,+3.47,+16.654, +8.808,+0.960
1665308940,+3.48,+16.654, +8.827,+0.960
1665309000,+3.47,+16.646, +8.882,+0.960
1665309060,+3.47,+16.637, +8.890,+0.960
1665309120,+3.48,+16.637, +8.938,+0.960
1665309180,+3.48,+16.620, +8.978,+0.960
1665309240,+3.48,+16.646, +9.023,+0.960
1665309300,+3.48,+16.620, +9.046,+0.961
1665309360,+3.48,+16.637, +9.022,+0.960
1665309420,+3.48,+16.629, +9.008,+0.960
1665309480,+3.47,+16.654, +8.964,+0.960
1665309540,+3.47,+16.654, +8.949,+0.961
1665309600,+3.47,+16.671, +8.991,+0.960
1665309660,+3.48,+16.654, +9.012,+0.960
1665309720,+3.48,+16.688, +8.988,+0.960
1665309780,+3.47,+16.680, +9.014,+0.961
1665309840,+3.48,+16.680, +8.991,+0.960
1665309900,+3.48,+16.671, +8.984,+0.960
1665309960,+3.47,+16.680, +8.983,+0.960
1665310020,+3.47,+16.671, +8.985,+0.960
1665310080,+3.48,+16.697, +8.989,+0.960
1665310140,+3.47,+16.671, +9.005,+0.960
1665310200,+3.47,+16.680, +9.011,+0.960
1665310260,+3.48,+16.680, +9.003,+0.960
1665310320,+3.48,+16.680, +9.001,+0.960
1665310380,+3.47,+16.697, +9.017,+0.960
1665310440,+3.47,+16.705, +9.028,+0.961
1665310500,+3.47,+16.705, +9.022,+0.961
1665310560,+3.47,+16.697, +9.056,+0.960
1665310620,+3.47,+16.705, +9.056,+0.960
1665310680,+3.47,+16.697, +9.059,+0.960
1665310740,+3.48,+16.680, +9.067,+0.960
1665310800,+3.48,+16.705, +9.001,+0.961
1665310860,+3.48,+16.697, +9.004,+0.960
1665310920,+3.47,+16.722, +9.017,+0.960
1665310980,+3.47,+16.688, +9.044,+0.960
1665311040,+3.47,+16.714, +9.045,+0.960
1665311100,+3.48,+16.705, +9.025,+0.961
1665311160,+3.47,+16.705, +8.961,+0.960
1665311220,+3.47,+16.722, +8.906,+0.960
1665311280,+3.47,+16.714, +8.992,+0.960
1665311340,+3.47,+16.705, +9.039,+0.961
1665311400,+3.47,+16.714, +9.059,+0.960
1665311460,+3.47,+16.731, +9.080,+0.960
1665311520,+3.47,+16.714, +9.098,+0.961
1665311580,+3.47,+16.731, +9.056,+0.960
1665311640,+3.47,+16.714, +8.978,+0.960
1665311700,+3.47,+16.731, +8.980,+0.960
1665311760,+3.47,+16.722, +8.929,+0.961
1665311820,+3.48,+16.748, +8.940,+0.960
1665311880,+3.47,+16.722, +8.995,+0.961
1665311940,+3.47,+16.714, +9.045,+0.961
1665312000,+3.47,+16.731, +8.954,+0.960
1665312060,+3.47,+16.731, +9.002,+0.961
1665312120,+3.47,+16.714, +8.976,+0.960
1665312180,+3.47,+16.705, +8.976,+0.960
1665312240,+3.47,+16.731, +8.997,+0.960
1665312300,+3.47,+16.731, +8.957,+0.960
1665312360,+3.47,+16.739, +8.896,+0.960
1665312420,+3.47,+16.714, +8.865,+0.960
1665312480,+3.47,+16.739, +8.948,+0.960
1665312540,+3.47,+16.748, +9.002,+0.961
1665312600,+3.48,+16.739, +9.010,+0.960
1665312660,+3.47,+16.731, +9.044,+0.960
1665312720,+3.47,+16.722, +9.020,+0.961
1665312780,+3.47,+16.739, +8.973,+0.960
1665312840,+3.47,+16.731, +8.988,+0.960
1665312900,+3.47,+16.739, +8.937,+0.960
1665312960,+3.47,+16.731, +8.915,+0.961
1665313020,+3.47,+16.739, +8.926,+0.960
1665313080,+3.47,+16.731, +8.874,+0.960
1665313140,+3.47,+16.722, +8.935,+0.960
1665313200,+3.47,+16.722, +8.955,+0.961
1665313260,+3.47,+16.731, +8.950,+0.960
1665313320,+3.47,+16.714, +8.952,+0.960
1665313380,+3.47,+16.722, +8.992,+0.960
1665313440,+3.47,+16.731, +8.933,+0.960
1665313500,+3.47,+16.714, +8.929,+0.961
1665313560,+3.47,+16.739, +8.807,+0.960
1665313620,+3.47,+16.705, +8.684,+0.960
1665313680,+3.47,+16.739, +8.839,+0.961
1665313740,+3.47,+16.714, +8.874,+0.961
1665313800,+3.47,+16.739, +8.870,+0.960
1665313860,+3.47,+16.731, +8.895,+0.960
1665313920,+3.47,+16.705, +8.878,+0.960
1665313980,+3.47,+16.722, +8.917,+0.961
1665314040,+3.47,+16.722, +8.914,+0.960
1665314100,+3.47,+16.722, +8.973,+0.960
1665314160,+3.47,+16.714, +8.987,+0.961
1665314220,+3.47,+16.722, +9.022,+0.960
1665314280,+3.47,+16.697, +9.075,+0.960
1665314340,+3.47,+16.714, +9.033,+0.961
1665314400,+3.47,+16.705, +9.027,+0.960
1665314460,+3.47,+16.714, +8.883,+0.960
1665314520,+3.47,+16.714, +8.858,+0.960
1665314580,+3.47,+16.688, +8.914,+0.961
1665314640,+3.47,+16.680, +8.975,+0.960
1665314700,+3.47,+16.680, +8.982,+0.960
1665314760,+3.47,+16.654, +8.945,+0.960
1665314820,+3.47,+16.680, +9.012,+0.961
1665314880,+3.47,+16.671, +8.838,+0.960
1665314940,+3.47,+16.680, +8.899,+0.960
1665315000,+3.47,+16.680, +8.853,+0.961
1665315060,+3.47,+16.671, +8.984,+0.960
1665315120,+3.47,+16.671, +9.010,+0.960
1665315180,+3.47,+16.654, +9.074,+0.960
1665315240,+3.47,+16.671, +9.075,+0.961
1665315300,+3.47,+16.671, +9.026,+0.960
1665315360,+3.47,+16.646, +9.043,+0.960
1665315420,+3.47,+16.663, +9.028,+0.960
1665315480,+3.47,+16.654, +9.002,+0.960
1665315540,+3.47,+16.646, +8.990,+0.961
1665315600,+3.47,+16.654, +8.969,+0.960
1665315660,+3.47,+16.671, +8.924,+0.961
1665315720,+3.47,+16.654, +8.983,+0.961
1665315780,+3.47,+16.663, +8.963,+0.960
1665315840,+3.47,+16.663, +8.961,+0.960
1665315900,+3.47,+16.654, +8.942,+0.960
1665315960,+3.47,+16.654, +8.976,+0.960
1665316020,+3.47,+16.637, +8.889,+0.960
1665316080,+3.47,+16.637, +8.869,+0.961
1665316140,+3.47,+16.663, +8.959,+0.961
1665316200,+3.47,+16.637, +9.039,+0.960
1665316260,+3.47,+16.646, +9.061,+0.960
1665316320,+3.47,+16.629, +9.087,+0.961
1665316380,+3.47,+16.646, +9.050,+0.961
1665316440,+3.47,+16.620, +8.905,+0.960
1665316500,+3.47,+16.646, +8.889,+0.961
1665316560,+3.47,+16.654, +8.909,+0.960
1665316620,+3.47,+16.629, +8.972,+0.960
1665316680,+3.47,+16.629, +8.995,+0.960
1665316740,+3.47,+16.620, +9.021,+0.960
1665316800,+3.47,+16.629, +9.094,+0.960
1665316860,+3.47,+16.612, +9.144,+0.960
1665316920,+3.47,+16.603, +9.182,+0.960
1665316980,+3.47,+16.620, +9.220,+0.961
1665317040,+3.48,+16.620, +9.228,+0.960
1665317100,+3.47,+16.637, +9.222,+0.960
1665317160,+3.47,+16.637, +9.211,+0.960
1665317220,+3.47,+16.612, +9.246,+0.961
1665317280,+3.47,+16.603, +9.195,+0.960
1665317340,+3.47,+16.612, +9.191,+0.961
1665317400,+3.47,+16.629, +9.201,+0.961
1665317460,+3.47,+16.629, +9.201,+0.960
1665317520,+3.47,+16.620, +9.126,+0.961
1665317580,+3.47,+16.629, +9.095,+0.960
1665317640,+3.47,+16.637, +9.039,+0.960
1665317700,+3.47,+16.646, +9.050,+0.960
1665317760,+3.47,+16.654, +9.070,+0.960
1665317820,+3.47,+16.620, +9.087,+0.960
1665317880,+3.47,+16.663, +9.078,+0.960
1665317940,+3.47,+16.663, +9.035,+0.960
1665318000,+3.47,+16.663, +8.959,+0.960
1665318060,+3.47,+16.654, +8.952,+0.960
1665318120,+3.47,+16.646, +9.098,+0.960
1665318180,+3.47,+16.646, +9.172,+0.960
1665318240,+3.47,+16.646, +9.199,+0.961
1665318300,+3.47,+16.612, +9.188,+0.960
1665318360,+3.47,+16.620, +9.181,+0.960
1665318420,+3.47,+16.620, +9.173,+0.960
1665318480,+3.47,+16.620, +9.222,+0.961
1665318540,+3.47,+16.620, +9.248,+0.961
1665318600,+3.48,+16.629, +9.163,+0.960
1665318660,+3.47,+16.612, +9.206,+0.960
1665318720,+3.47,+16.612, +9.242,+0.961
1665318780,+3.47,+16.603, +9.250,+0.960
1665318840,+3.47,+16.612, +9.235,+0.960
1665318900,+3.47,+16.603, +9.219,+0.960
1665318960,+3.47,+16.603, +9.225,+0.961
1665319020,+3.47,+16.612, +9.194,+0.960
1665319080,+3.47,+16.612, +9.184,+0.960
1665319140,+3.47,+16.612, +9.169,+0.961
1665319200,+3.47,+16.629, +9.188,+0.960
1665319260,+3.48,+16.603, +9.262,+0.961
1665319320,+3.47,+16.620, +9.265,+0.960
1665319380,+3.47,+16.620, +9.253,+0.960
1665319440,+3.47,+16.620, +9.234,+0.961
1665319500,+3.47,+16.595, +9.263,+0.960
1665319560,+3.47,+16.586, +9.269,+0.960
1665319620,+3.47,+16.620, +9.249,+0.960
1665319680,+3.47,+16.586, +9.261,+0.961
1665319740,+3.47,+16.586, +9.264,+0.960
1665319800,+3.47,+16.595, +9.234,+0.960
1665319860,+3.47,+16.578, +9.235,+0.961
1665319920,+3.47,+16.586, +9.244,+0.961
1665319980,+3.47,+16.561, +9.256,+0.961
1665320040,+3.47,+16.569, +9.242,+0.960
1665320100,+3.47,+16.578, +9.249,+0.960
1665320160,+3.47,+16.578, +9.238,+0.961
1665320220,+3.47,+16.586, +9.175,+0.960
1665320280,+3.47,+16.552, +9.144,+0.961
1665320340,+3.47,+16.552, +9.116,+0.961
1665320400,+3.47,+16.544, +9.111,+0.960
1665320460,+3.47,+16.544, +9.111,+0.960
1665320520,+3.47,+16.561, +9.145,+0.960
1665320580,+3.47,+16.561, +9.180,+0.961
1665320640,+3.47,+16.552, +9.197,+0.961
1665320700,+3.47,+16.544, +9.211,+0.960
1665320760,+3.47,+16.578, +9.219,+0.960
1665320820,+3.47,+16.569, +9.231,+0.960
1665320880,+3.47,+16.578, +9.262,+0.961
1665320940,+3.47,+16.569, +9.276,+0.960
1665321000,+3.47,+16.561, +9.309,+0.960
1665321060,+3.47,+16.586, +9.311,+0.960
1665321120,+3.47,+16.569, +9.329,+0.960
1665321180,+3.47,+16.578, +9.338,+0.960
1665321240,+3.47,+16.569, +9.341,+0.961
1665321300,+3.47,+16.586, +9.348,+0.961
1665321360,+3.47,+16.586, +9.338,+0.961
1665321420,+3.47,+16.603, +9.339,+0.961
1665321480,+3.47,+16.595, +9.349,+0.961
1665321540,+3.47,+16.603, +9.354,+0.961
1665321600,+3.47,+16.578, +9.360,+0.960
1665321660,+3.47,+16.603, +9.355,+0.961
1665321720,+3.47,+16.612, +9.348,+0.960
1665321780,+3.47,+16.603, +9.333,+0.961
1665321840,+3.47,+16.586, +9.333,+0.961
1665321900,+3.47,+16.595, +9.336,+0.960
1665321960,+3.47,+16.595, +9.339,+0.960
1665322020,+3.47,+16.595, +9.349,+0.960
1665322080,+3.47,+16.595, +9.363,+0.961
1665322140,+3.47,+16.586, +9.366,+0.960
1665322200,+3.47,+16.586, +9.368,+0.960
1665322260,+3.47,+16.595, +9.378,+0.960
1665322320,+3.47,+16.595, +9.425,+0.961
1665322380,+3.47,+16.586, +9.450,+0.961
1665322440,+3.47,+16.595, +9.424,+0.961
1665322500,+3.47,+16.603, +9.406,+0.960
1665322560,+3.47,+16.595, +9.413,+0.960
1665322620,+3.47,+16.603, +9.416,+0.961
1665322680,+3.47,+16.595, +9.412,+0.961
1665322740,+3.47,+16.612, +9.421,+0.961
1665322800,+3.47,+16.595, +9.448,+0.961
1665322860,+3.47,+16.603, +9.436,+0.960
1665322920,+3.47,+16.595, +9.457,+0.960
1665322980,+3.47,+16.603, +9.464,+0.961
1665323040,+3.47,+16.603, +9.447,+0.961
1665323100,+3.47,+16.612, +9.435,+0.960
1665323160,+3.47,+16.620, +9.388,+0.960
1665323220,+3.47,+16.637, +9.379,+0.960
1665323280,+3.47,+16.637, +9.389,+0.961
1665323340,+3.47,+16.663, +9.355,+0.961
1665323400,+3.47,+16.663, +9.314,+0.960
1665323460,+3.47,+16.680, +9.299,+0.961
1665323520,+3.47,+16.671, +9.328,+0.961
1665323580,+3.47,+16.680, +9.351,+0.961
1665323640,+3.47,+16.697, +9.305,+0.961
1665323700,+3.47,+16.688, +9.318,+0.961
1665323760,+3.47,+16.705, +9.304,+0.961
1665323820,+3.47,+16.705, +9.287,+0.960
1665323880,+3.47,+16.722, +9.291,+0.960
1665323940,+3.47,+16.731, +9.288,+0.960
1665324000,+3.47,+16.739, +9.298,+0.961
1665324060,+3.47,+16.731, +9.298,+0.960
1665324120,+3.47,+16.697, +9.309,+0.960
1665324180,+3.47,+16.722, +9.312,+0.960
1665324240,+3.47,+16.714, +9.332,+0.960
1665324300,+3.47,+16.731, +9.333,+0.960
1665324360,+3.47,+16.731, +9.323,+0.960
1665324420,+3.47,+16.714, +9.350,+0.961
1665324480,+3.47,+16.722, +9.358,+0.961
1665324540,+3.47,+16.714, +9.363,+0.961
1665324600,+3.47,+16.714, +9.350,+0.961
1665324660,+3.47,+16.714, +9.336,+0.960
1665324720,+3.47,+16.688, +9.349,+0.960
1665324780,+3.47,+16.688, +9.413,+0.961
1665324840,+3.47,+16.697, +9.403,+0.960
1665324900,+3.47,+16.697, +9.406,+0.961
1665324960,+3.47,+16.705, +9.418,+0.960
1665325020,+3.47,+16.697, +9.428,+0.961
1665325080,+3.47,+16.705, +9.438,+0.961
1665325140,+3.47,+16.705, +9.449,+0.961
1665325200,+3.47,+16.705, +9.455,+0.960
1665325260,+3.47,+16.697, +9.506,+0.961
1665325320,+3.47,+16.705, +9.533,+0.961
1665325380,+3.47,+16.705, +9.561,+0.961
1665325440,+3.47,+16.714, +9.584,+0.961
1665325500,+3.47,+16.714, +9.581,+0.961
1665325560,+3.47,+16.714, +9.568,+0.961
1665325620,+3.47,+16.722, +9.530,+0.960
1665325680,+3.47,+16.722, +9.531,+0.960
1665325740,+3.47,+16.722, +9.527,+0.961
1665325800,+3.47,+16.714, +9.571,+0.960
1665325860,+3.47,+16.714, +9.573,+0.960
1665325920,+3.47,+16.705, +9.564,+0.960
1665325980,+3.47,+16.705, +9.503,+0.961
1665326040,+3.47,+16.705, +9.565,+0.960
1665326100,+3.47,+16.697, +9.574,+0.960
1665326160,+3.47,+16.714, +9.549,+0.961
1665326220,+3.47,+16.722, +9.592,+0.960
1665326280,+3.47,+16.722, +9.620,+0.960
1665326340,+3.47,+16.722, +9.640,+0.961
1665326400,+3.47,+16.714, +9.654,+0.960
1665326460,+3.47,+16.705, +9.672,+0.961
1665326520,+3.47,+16.697, +9.695,+0.961
1665326580,+3.47,+16.705, +9.710,+0.961
1665326640,+3.47,+16.731, +9.726,+0.961
1665326700,+3.47,+16.739, +9.749,+0.961
1665326760,+3.47,+16.748, +9.749,+0.961
1665326820,+3.47,+16.722, +9.786,+0.961
1665326880,+3.47,+16.748, +9.794,+0.961
1665326940,+3.47,+16.731, +9.810,+0.961
1665327000,+3.47,+16.748, +9.821,+0.961
1665327060,+3.47,+16.748, +9.818,+0.961
1665327120,+3.47,+16.722, +9.822,+0.961
1665327180,+3.47,+16.714, +9.784,+0.961
1665327240,+3.47,+16.705, +9.753,+0.960
1665327300,+3.47,+16.680, +9.748,+0.960
1665327360,+3.47,+16.688, +9.760,+0.960
1665327420,+3.47,+16.680, +9.757,+0.961
1665327480,+3.47,+16.680, +9.759,+0.960
1665327540,+3.47,+16.688, +9.767,+0.960
1665327600,+3.47,+16.688, +9.831,+0.961
1665327660,+3.47,+16.663, +9.871,+0.961
1665327720,+3.47,+16.663, +9.892,+0.960
1665327780,+3.47,+16.620, +9.897,+0.961
1665327840,+3.47,+16.586, +9.944,+0.961
1665327900,+3.47,+16.578, +9.952,+0.961
1665327960,+3.47,+16.569,+10.005,+0.961
1665328020,+3.47,+16.586,+10.033,+0.961
1665328080,+3.47,+16.595, +9.920,+0.960
1665328140,+3.47,+16.595, +9.717,+0.960
1665328200,+3.47,+16.586, +9.637,+0.960
1665328260,+3.47,+16.578, +9.647,+0.961
1665328320,+3.47,+16.595, +9.649,+0.960
1665328380,+3.47,+16.612, +9.723,+0.961
1665328440,+3.47,+16.612, +9.748,+0.961
1665328500,+3.47,+16.637, +9.849,+0.961
1665328560,+3.47,+16.620, +9.867,+0.961
1665328620,+3.47,+16.654, +9.864,+0.961
1665328680,+3.47,+16.654, +9.758,+0.961
1665328740,+3.47,+16.680, +9.822,+0.961
1665328800,+3.47,+16.705, +9.816,+0.961
1665328860,+3.47,+16.705, +9.840,+0.960
1665328920,+3.47,+16.739, +9.897,+0.961
1665328980,+3.47,+16.705, +9.837,+0.961
1665329040,+3.47,+16.688, +9.823,+0.960
1665329100,+3.47,+16.654, +9.807,+0.961
1665329160,+3.47,+16.637, +9.799,+0.961
1665329220,+3.47,+16.586, +9.571,+0.960
1665329280,+3.47,+16.569, +9.404,+0.961
1665329340,+3.47,+16.569, +9.301,+0.960
1665329400,+3.47,+16.561, +9.281,+0.960
1665329460,+3.47,+16.535, +9.268,+0.960
1665329520,+3.47,+16.552, +9.244,+0.960
1665329580,+3.47,+16.578, +9.215,+0.961
1665329640,+3.47,+16.561, +9.172,+0.960
1665329700,+3.47,+16.561, +9.144,+0.961
1665329760,+3.47,+16.552, +9.082,+0.961
1665329820,+3.47,+16.561, +9.081,+0.960
1665329880,+3.47,+16.552, +9.046,+0.960
1665329940,+3.47,+16.569, +9.080,+0.960
1665330000,+3.47,+16.561, +9.120,+0.961
1665330060,+3.47,+16.561, +9.164,+0.960
1665330120,+3.47,+16.561, +9.182,+0.960
1665330180,+3.47,+16.544, +9.160,+0.961
1665330240,+3.47,+16.569, +9.172,+0.961
1665330300,+3.47,+16.552, +9.181,+0.961
1665330360,+3.47,+16.544, +9.235,+0.960
1665330420,+3.47,+16.552, +9.323,+0.961
1665330480,+3.47,+16.510, +9.328,+0.961
1665330540,+3.47,+16.535, +9.313,+0.960
1665330600,+3.47,+16.535, +9.319,+0.960
1665330660,+3.47,+16.535, +9.314,+0.960
1665330720,+3.47,+16.535, +9.332,+0.960
1665330780,+3.47,+16.535, +9.325,+0.961
1665330840,+3.47,+16.552, +9.280,+0.961
1665330900,+3.47,+16.544, +9.260,+0.961
1665330960,+3.47,+16.552, +9.240,+0.960
1665331020,+3.47,+16.544, +9.260,+0.960
1665331080,+3.47,+16.552, +9.277,+0.961
1665331140,+3.47,+16.544, +9.224,+0.960
1665331200,+3.47,+16.561, +9.222,+0.961
1665331260,+3.47,+16.561, +9.314,+0.960
1665331320,+3.47,+16.552, +9.350,+0.960
1665331380,+3.47,+16.561, +9.361,+0.960
1665331440,+3.47,+16.561, +9.383,+0.960
1665331500,+3.47,+16.552, +9.386,+0.961
1665331560,+3.47,+16.578, +9.372,+0.960
1665331620,+3.47,+16.544, +9.391,+0.961
1665331680,+3.47,+16.578, +9.444,+0.961
1665331740,+3.47,+16.561, +9.474,+0.960
1665331800,+3.47,+16.569, +9.525,+0.961
1665331860,+3.47,+16.552, +9.534,+0.960
1665331920,+3.47,+16.552, +9.506,+0.960
1665331980,+3.47,+16.561, +9.485,+0.960
1665332040,+3.47,+16.569, +9.481,+0.960
1665332100,+3.47,+16.544, +9.497,+0.961
1665332160,+3.47,+16.578, +9.468,+0.960
1665332220,+3.47,+16.561, +9.496,+0.960
1665332280,+3.47,+16.595, +9.497,+0.961
1665332340,+3.47,+16.586, +9.488,+0.961
1665332400,+3.47,+16.569, +9.466,+0.961
1665332460,+3.47,+16.569, +9.486,+0.960
1665332520,+3.47,+16.578, +9.547,+0.961
1665332580,+3.47,+16.586, +9.542,+0.960
1665332640,+3.47,+16.578, +9.534,+0.961
1665332700,+3.47,+16.586, +9.534,+0.961
1665332760,+3.47,+16.578, +9.539,+0.961
1665332820,+3.47,+16.569, +9.523,+0.961
1665332880,+3.47,+16.569, +9.485,+0.961
1665332940,+3.47,+16.527, +9.512,+0.960
1665333000,+3.47,+16.561, +9.512,+0.960
1665333060,+3.47,+16.552, +9.544,+0.961
1665333120,+3.47,+16.535, +9.503,+0.960
1665333180,+3.47,+16.527, +9.464,+0.960
1665333240,+3.47,+16.544, +9.468,+0.961
1665333300,+3.47,+16.527, +9.459,+0.960
1665333360,+3.47,+16.535, +9.494,+0.961
1665333420,+3.47,+16.527, +9.464,+0.961
1665333480,+3.47,+16.535, +9.479,+0.961
1665333540,+3.47,+16.544, +9.474,+0.961
1665333600,+3.47,+16.518, +9.471,+0.961
1665333660,+3.47,+16.518, +9.477,+0.961
1665333720,+3.47,+16.527, +9.501,+0.961
1665333780,+3.47,+16.544, +9.503,+0.961
1665333840,+3.47,+16.552, +9.508,+0.961
1665333900,+3.47,+16.569, +9.520,+0.960
1665333960,+3.47,+16.552, +9.554,+0.960
1665334020,+3.47,+16.578, +9.588,+0.960
1665334080,+3.47,+16.586, +9.588,+0.960
