7450-383325
OS REV: 1.05 Sensor Cal: 1644949570
Time (sec),  BV (Volts),  T (deg C),  DO (mg/l),  Q ()
1668876540,+3.45,+11.235, +0.053,+0.932
1668876600,+3.45,+11.235, +0.052,+0.931
1668876660,+3.45,+11.199, +0.052,+0.932
1668876720,+3.45,+11.226, +0.052,+0.931
1668876780,+3.45,+11.244, +0.052,+0.931
1668876840,+3.45,+11.217, +0.052,+0.932
1668876900,+3.45,+11.208, +0.053,+0.932
1668876960,+3.45,+11.226, +0.052,+0.931
1668877020,+3.45,+11.217, +0.052,+0.931
1668877080,+3.45,+11.208, +0.053,+0.931
1668877140,+3.45,+11.208, +0.053,+0.931
1668877200,+3.45,+11.226, +0.052,+0.932
1668877260,+3.45,+11.217, +0.053,+0.931
1668877320,+3.45,+11.208, +0.053,+0.932
1668877380,+3.45,+11.217, +0.052,+0.931
1668877440,+3.45,+11.217, +0.052,+0.931
1668877500,+3.45,+11.226, +0.053,+0.931
1668877560,+3.45,+11.217, +0.052,+0.931
1668877620,+3.45,+11.253, +0.052,+0.932
1668877680,+3.45,+11.226, +0.052,+0.931
1668877740,+3.45,+11.226, +0.052,+0.931
1668877800,+3.45,+11.217, +0.053,+0.931
1668877860,+3.45,+11.208, +0.053,+0.932
1668877920,+3.45,+11.217, +0.052,+0.931
1668877980,+3.45,+11.217, +0.052,+0.931
1668878040,+3.45,+11.217, +0.052,+0.931
1668878100,+3.45,+11.208, +0.052,+0.931
1668878160,+3.45,+11.199, +0.053,+0.932
1668878220,+3.45,+11.226, +0.052,+0.931
1668878280,+3.45,+11.199, +0.052,+0.931
1668878340,+3.45,+11.190, +0.051,+0.931
1668878400,+3.45,+11.217, +0.052,+0.932
1668878460,+3.45,+11.208, +0.053,+0.931
1668878520,+3.45,+11.217, +0.052,+0.931
1668878580,+3.45,+11.226, +0.052,+0.931
1668878640,+3.45,+11.208, +0.053,+0.931
1668878700,+3.45,+11.226, +0.052,+0.931
1668878760,+3.45,+11.217, +0.053,+0.931
1668878820,+3.45,+11.235, +0.053,+0.932
1668878880,+3.45,+11.262, +0.053,+0.931
1668878940,+3.45,+11.253, +0.053,+0.931
1668879000,+3.45,+11.253, +0.054,+0.932
1668879060,+3.45,+11.280, +0.052,+0.931
1668879120,+3.45,+11.280, +0.052,+0.931
1668879180,+3.45,+11.280, +0.052,+0.931
1668879240,+3.45,+11.280, +0.052,+0.931
1668879300,+3.45,+11.289, +0.053,+0.932
1668879360,+3.45,+11.271, +0.052,+0.931
1668879420,+3.45,+11.280, +0.053,+0.931
1668879480,+3.45,+11.280, +0.052,+0.931
1668879540,+3.45,+11.271, +0.052,+0.931
1668879600,+3.45,+11.262, +0.052,+0.931
1668879660,+3.45,+11.271, +0.052,+0.931
1668879720,+3.45,+11.262, +0.052,+0.931
1668879780,+3.45,+11.262, +0.052,+0.931
1668879840,+3.45,+11.262, +0.051,+0.931
1668879900,+3.45,+11.244, +0.051,+0.931
1668879960,+3.45,+11.226, +0.052,+0.932
1668880020,+3.45,+11.208, +0.052,+0.932
1668880080,+3.45,+11.181, +0.051,+0.931
1668880140,+3.45,+11.127, +0.052,+0.931
1668880200,+3.45,+11.109, +0.051,+0.931
1668880260,+3.45,+11.100, +0.051,+0.932
1668880320,+3.45,+11.109, +0.051,+0.931
1668880380,+3.45,+11.082, +0.052,+0.932
1668880440,+3.45,+11.055, +0.052,+0.932
1668880500,+3.45,+11.036, +0.052,+0.931
1668880560,+3.45,+11.046, +0.052,+0.932
1668880620,+3.45,+11.046, +0.051,+0.932
1668880680,+3.45,+11.009, +0.052,+0.932
1668880740,+3.45,+11.018, +0.052,+0.932
1668880800,+3.45,+11.009, +0.052,+0.932
1668880860,+3.45,+11.046, +0.052,+0.932
1668880920,+3.45,+11.046, +0.052,+0.932
1668880980,+3.45,+11.018, +0.052,+0.932
1668881040,+3.45,+11.018, +0.052,+0.932
1668881100,+3.45,+11.000, +0.052,+0.932
1668881160,+3.45,+11.018, +0.053,+0.932
1668881220,+3.45,+11.018, +0.053,+0.931
1668881280,+3.45,+11.018, +0.052,+0.931
1668881340,+3.45,+11.018, +0.053,+0.932
1668881400,+3.45,+11.036, +0.052,+0.931
1668881460,+3.45,+11.000, +0.053,+0.931
1668881520,+3.45,+11.018, +0.053,+0.932
1668881580,+3.45,+11.009, +0.052,+0.932
1668881640,+3.45,+11.009, +0.052,+0.932
1668881700,+3.45,+11.000, +0.052,+0.931
1668881760,+3.45,+10.982, +0.053,+0.931
1668881820,+3.45,+10.991, +0.053,+0.932
1668881880,+3.45,+11.000, +0.052,+0.931
1668881940,+3.45,+11.009, +0.052,+0.931
1668882000,+3.45,+10.982, +0.052,+0.931
1668882060,+3.45,+10.955, +0.053,+0.932
1668882120,+3.45,+10.964, +0.053,+0.931
1668882180,+3.45,+10.946, +0.053,+0.932
1668882240,+3.45,+10.928, +0.052,+0.931
1668882300,+3.45,+10.928, +0.052,+0.932
1668882360,+3.45,+10.901, +0.052,+0.931
1668882420,+3.45,+10.901, +0.052,+0.931
1668882480,+3.45,+10.892, +0.053,+0.932
1668882540,+3.45,+10.901, +0.053,+0.932
1668882600,+3.45,+10.892, +0.052,+0.931
1668882660,+3.45,+10.883, +0.053,+0.932
1668882720,+3.45,+10.892, +0.053,+0.931
1668882780,+3.45,+10.892, +0.053,+0.932
1668882840,+3.45,+10.901, +0.053,+0.931
1668882900,+3.45,+10.874, +0.053,+0.932
1668882960,+3.45,+10.901, +0.053,+0.931
1668883020,+3.45,+10.910, +0.052,+0.931
1668883080,+3.45,+10.901, +0.053,+0.932
1668883140,+3.45,+10.892, +0.053,+0.932
1668883200,+3.45,+10.901, +0.053,+0.931
1668883260,+3.45,+10.910, +0.053,+0.931
1668883320,+3.45,+10.901, +0.053,+0.931
1668883380,+3.45,+10.910, +0.052,+0.931
1668883440,+3.45,+10.910, +0.053,+0.931
1668883500,+3.45,+10.928, +0.052,+0.931
1668883560,+3.45,+10.937, +0.053,+0.931
1668883620,+3.45,+10.928, +0.053,+0.932
1668883680,+3.45,+10.910, +0.054,+0.932
1668883740,+3.45,+10.901, +0.053,+0.932
1668883800,+3.45,+10.937, +0.054,+0.931
1668883860,+3.45,+10.937, +0.053,+0.931
1668883920,+3.45,+10.928, +0.053,+0.931
1668883980,+3.45,+10.946, +0.053,+0.931
1668884040,+3.45,+10.946, +0.053,+0.931
1668884100,+3.45,+10.928, +0.053,+0.931
1668884160,+3.45,+10.928, +0.053,+0.931
1668884220,+3.45,+10.946, +0.053,+0.931
1668884280,+3.45,+10.937, +0.053,+0.931
1668884340,+3.45,+10.955, +0.053,+0.931
1668884400,+3.45,+10.946, +0.053,+0.931
1668884460,+3.45,+10.955, +0.053,+0.931
1668884520,+3.45,+10.964, +0.054,+0.932
1668884580,+3.45,+10.973, +0.052,+0.931
1668884640,+3.45,+10.982, +0.053,+0.931
1668884700,+3.45,+10.973, +0.053,+0.931
1668884760,+3.45,+10.991, +0.054,+0.931
1668884820,+3.45,+11.000, +0.053,+0.931
1668884880,+3.45,+10.982, +0.054,+0.931
1668884940,+3.45,+10.991, +0.053,+0.931
1668885000,+3.45,+11.000, +0.053,+0.932
1668885060,+3.45,+11.009, +0.053,+0.931
1668885120,+3.45,+11.018, +0.053,+0.931
1668885180,+3.45,+11.027, +0.053,+0.931
1668885240,+3.45,+11.009, +0.053,+0.931
1668885300,+3.45,+11.036, +0.053,+0.931
1668885360,+3.45,+11.027, +0.053,+0.931
1668885420,+3.45,+11.027, +0.053,+0.931
1668885480,+3.45,+11.055, +0.053,+0.931
1668885540,+3.45,+11.046, +0.053,+0.931
1668885600,+3.45,+11.046, +0.053,+0.931
1668885660,+3.45,+11.064, +0.053,+0.931
1668885720,+3.45,+11.064, +0.053,+0.931
1668885780,+3.45,+11.073, +0.054,+0.932
1668885840,+3.45,+11.082, +0.053,+0.931
1668885900,+3.45,+11.082, +0.053,+0.931
1668885960,+3.45,+11.091, +0.053,+0.931
1668886020,+3.45,+11.100, +0.053,+0.932
1668886080,+3.45,+11.091, +0.053,+0.931
1668886140,+3.45,+11.082, +0.053,+0.931
1668886200,+3.45,+11.136, +0.053,+0.931
1668886260,+3.45,+11.100, +0.053,+0.932
1668886320,+3.45,+11.100, +0.053,+0.931
1668886380,+3.45,+11.118, +0.053,+0.931
1668886440,+3.45,+11.136, +0.053,+0.931
1668886500,+3.45,+11.118, +0.052,+0.931
1668886560,+3.45,+11.136, +0.053,+0.931
1668886620,+3.45,+11.127, +0.054,+0.931
1668886680,+3.45,+11.154, +0.053,+0.931
1668886740,+3.45,+11.145, +0.053,+0.931
1668886800,+3.45,+11.127, +0.053,+0.931
1668886860,+3.45,+11.127, +0.054,+0.931
1668886920,+3.45,+11.154, +0.053,+0.931
1668886980,+3.45,+11.163, +0.053,+0.931
1668887040,+3.45,+11.136, +0.053,+0.931
1668887100,+3.45,+11.154, +0.053,+0.931
1668887160,+3.45,+11.154, +0.054,+0.931
1668887220,+3.45,+11.163, +0.054,+0.931
1668887280,+3.45,+11.172, +0.053,+0.931
1668887340,+3.45,+11.172, +0.053,+0.931
1668887400,+3.45,+11.172, +0.053,+0.931
1668887460,+3.45,+11.208, +0.052,+0.931
1668887520,+3.45,+11.181, +0.053,+0.931
1668887580,+3.45,+11.190, +0.053,+0.931
1668887640,+3.45,+11.172, +0.053,+0.931
1668887700,+3.45,+11.199, +0.053,+0.931
1668887760,+3.45,+11.199, +0.053,+0.931
1668887820,+3.45,+11.181, +0.053,+0.931
1668887880,+3.45,+11.190, +0.053,+0.931
1668887940,+3.45,+11.181, +0.053,+0.931
1668888000,+3.45,+11.190, +0.053,+0.931
1668888060,+3.45,+11.208, +0.053,+0.931
1668888120,+3.45,+11.217, +0.052,+0.931
1668888180,+3.45,+11.199, +0.053,+0.931
1668888240,+3.45,+11.190, +0.052,+0.931
1668888300,+3.45,+11.181, +0.052,+0.931
1668888360,+3.45,+11.154, +0.053,+0.931
1668888420,+3.45,+11.145, +0.053,+0.931
1668888480,+3.45,+11.127, +0.053,+0.931
1668888540,+3.45,+11.154, +0.053,+0.931
1668888600,+3.45,+11.145, +0.053,+0.931
1668888660,+3.45,+11.154, +0.053,+0.931
1668888720,+3.45,+11.136, +0.053,+0.931
1668888780,+3.45,+11.154, +0.053,+0.931
1668888840,+3.45,+11.145, +0.053,+0.931
1668888900,+3.45,+11.136, +0.053,+0.931
1668888960,+3.45,+11.145, +0.053,+0.931
1668889020,+3.45,+11.136, +0.053,+0.931
1668889080,+3.45,+11.172, +0.053,+0.931
1668889140,+3.45,+11.145, +0.054,+0.931
1668889200,+3.45,+11.136, +0.053,+0.931
1668889260,+3.45,+11.136, +0.053,+0.931
1668889320,+3.45,+11.109, +0.053,+0.931
1668889380,+3.45,+11.136, +0.053,+0.931
1668889440,+3.45,+11.136, +0.053,+0.931
1668889500,+3.45,+11.109, +0.053,+0.931
1668889560,+3.45,+11.109, +0.053,+0.931
1668889620,+3.45,+11.127, +0.052,+0.931
1668889680,+3.45,+11.100, +0.052,+0.931
1668889740,+3.45,+11.118, +0.053,+0.931
1668889800,+3.45,+11.100, +0.052,+0.931
1668889860,+3.45,+11.100, +0.053,+0.931
1668889920,+3.45,+11.082, +0.053,+0.931
1668889980,+3.45,+11.073, +0.053,+0.931
1668890040,+3.45,+11.073, +0.053,+0.931
1668890100,+3.45,+11.064, +0.053,+0.931
1668890160,+3.45,+11.082, +0.053,+0.932
1668890220,+3.45,+11.082, +0.053,+0.931
1668890280,+3.45,+11.082, +0.053,+0.932
1668890340,+3.45,+11.082, +0.053,+0.931
1668890400,+3.45,+11.055, +0.052,+0.931
1668890460,+3.45,+11.055, +0.053,+0.931
1668890520,+3.45,+11.046, +0.052,+0.931
1668890580,+3.45,+11.036, +0.052,+0.931
1668890640,+3.45,+11.018, +0.052,+0.931
1668890700,+3.45,+11.036, +0.052,+0.931
1668890760,+3.45,+11.000, +0.053,+0.932
1668890820,+3.45,+11.000, +0.053,+0.931
1668890880,+3.45,+11.009, +0.053,+0.931
1668890940,+3.45,+11.027, +0.053,+0.931
1668891000,+3.45,+11.009, +0.053,+0.931
1668891060,+3.45,+11.036, +0.052,+0.931
1668891120,+3.45,+11.027, +0.052,+0.931
1668891180,+3.45,+11.000, +0.052,+0.931
1668891240,+3.45,+11.018, +0.053,+0.931
1668891300,+3.45,+11.009, +0.053,+0.931
1668891360,+3.45,+11.009, +0.052,+0.931
1668891420,+3.45,+11.018, +0.052,+0.931
1668891480,+3.45,+11.009, +0.052,+0.931
1668891540,+3.45,+11.000, +0.052,+0.931
1668891600,+3.45,+10.982, +0.052,+0.931
1668891660,+3.45,+10.964, +0.053,+0.931
1668891720,+3.45,+10.991, +0.053,+0.931
1668891780,+3.45,+10.982, +0.053,+0.932
1668891840,+3.45,+10.955, +0.052,+0.931
1668891900,+3.45,+10.946, +0.053,+0.931
1668891960,+3.45,+10.937, +0.052,+0.932
1668892020,+3.45,+10.937, +0.052,+0.932
1668892080,+3.45,+10.928, +0.053,+0.932
1668892140,+3.45,+10.919, +0.052,+0.931
1668892200,+3.45,+10.919, +0.053,+0.932
1668892260,+3.45,+10.910, +0.053,+0.932
1668892320,+3.45,+10.901, +0.053,+0.932
1668892380,+3.45,+10.919, +0.052,+0.932
1668892440,+3.45,+10.937, +0.053,+0.932
1668892500,+3.45,+10.928, +0.053,+0.932
1668892560,+3.45,+10.928, +0.053,+0.932
1668892620,+3.45,+10.910, +0.052,+0.932
1668892680,+3.45,+10.928, +0.051,+0.931
1668892740,+3.45,+10.919, +0.052,+0.931
1668892800,+3.45,+10.892, +0.052,+0.932
1668892860,+3.45,+10.901, +0.053,+0.932
1668892920,+3.45,+10.901, +0.052,+0.932
1668892980,+3.45,+10.901, +0.052,+0.931
1668893040,+3.45,+10.910, +0.052,+0.932
1668893100,+3.45,+10.892, +0.053,+0.932
1668893160,+3.45,+10.919, +0.052,+0.931
1668893220,+3.45,+10.883, +0.052,+0.932
1668893280,+3.45,+10.892, +0.052,+0.932
1668893340,+3.45,+10.874, +0.053,+0.931
1668893400,+3.45,+10.883, +0.052,+0.932
1668893460,+3.45,+10.874, +0.052,+0.932
1668893520,+3.45,+10.883, +0.052,+0.932
1668893580,+3.45,+10.883, +0.053,+0.932
1668893640,+3.45,+10.883, +0.053,+0.932
1668893700,+3.45,+10.874, +0.053,+0.932
1668893760,+3.45,+10.883, +0.052,+0.932
1668893820,+3.45,+10.874, +0.053,+0.932
1668893880,+3.45,+10.865, +0.052,+0.932
1668893940,+3.45,+10.883, +0.052,+0.932
1668894000,+3.45,+10.865, +0.051,+0.931
1668894060,+3.45,+10.838, +0.052,+0.932
1668894120,+3.45,+10.820, +0.052,+0.932
1668894180,+3.45,+10.811, +0.052,+0.932
1668894240,+3.45,+10.802, +0.052,+0.932
1668894300,+3.45,+10.793, +0.053,+0.932
1668894360,+3.45,+10.811, +0.052,+0.932
1668894420,+3.45,+10.793, +0.052,+0.932
1668894480,+3.45,+10.802, +0.053,+0.932
1668894540,+3.45,+10.793, +0.053,+0.932
1668894600,+3.45,+10.765, +0.052,+0.932
1668894660,+3.45,+10.756, +0.052,+0.932
1668894720,+3.45,+10.747, +0.052,+0.932
1668894780,+3.45,+10.720, +0.052,+0.932
1668894840,+3.45,+10.738, +0.052,+0.932
1668894900,+3.45,+10.738, +0.053,+0.932
1668894960,+3.45,+10.738, +0.052,+0.932
1668895020,+3.45,+10.756, +0.053,+0.932
1668895080,+3.45,+10.729, +0.053,+0.932
1668895140,+3.45,+10.738, +0.053,+0.932
1668895200,+3.45,+10.738, +0.054,+0.932
1668895260,+3.45,+10.738, +0.052,+0.932
1668895320,+3.45,+10.729, +0.053,+0.932
1668895380,+3.45,+10.711, +0.052,+0.932
1668895440,+3.45,+10.729, +0.052,+0.932
1668895500,+3.45,+10.729, +0.053,+0.932
1668895560,+3.45,+10.702, +0.052,+0.932
1668895620,+3.45,+10.711, +0.053,+0.932
1668895680,+3.45,+10.729, +0.052,+0.932
1668895740,+3.45,+10.711, +0.052,+0.932
1668895800,+3.45,+10.702, +0.053,+0.932
1668895860,+3.45,+10.693, +0.052,+0.932
1668895920,+3.45,+10.684, +0.052,+0.932
1668895980,+3.45,+10.693, +0.053,+0.932
1668896040,+3.45,+10.702, +0.052,+0.932
1668896100,+3.45,+10.702, +0.053,+0.932
1668896160,+3.45,+10.711, +0.053,+0.932
1668896220,+3.45,+10.702, +0.053,+0.932
1668896280,+3.45,+10.729, +0.053,+0.932
1668896340,+3.45,+10.702, +0.053,+0.932
1668896400,+3.45,+10.720, +0.053,+0.932
1668896460,+3.45,+10.711, +0.052,+0.932
1668896520,+3.45,+10.702, +0.053,+0.932
1668896580,+3.45,+10.711, +0.053,+0.932
1668896640,+3.45,+10.729, +0.053,+0.932
1668896700,+3.45,+10.711, +0.052,+0.932
1668896760,+3.45,+10.720, +0.053,+0.932
1668896820,+3.45,+10.720, +0.053,+0.932
1668896880,+3.45,+10.720, +0.053,+0.932
1668896940,+3.45,+10.747, +0.053,+0.932
1668897000,+3.45,+10.720, +0.053,+0.932
1668897060,+3.45,+10.729, +0.053,+0.932
1668897120,+3.45,+10.729, +0.053,+0.932
1668897180,+3.45,+10.756, +0.053,+0.932
1668897240,+3.45,+10.711, +0.053,+0.932
1668897300,+3.45,+10.729, +0.053,+0.932
1668897360,+3.45,+10.729, +0.053,+0.932
1668897420,+3.45,+10.729, +0.053,+0.932
1668897480,+3.45,+10.720, +0.053,+0.932
1668897540,+3.45,+10.711, +0.052,+0.931
1668897600,+3.45,+10.729, +0.052,+0.932
1668897660,+3.45,+10.738, +0.052,+0.932
1668897720,+3.45,+10.738, +0.053,+0.932
1668897780,+3.45,+10.738, +0.052,+0.932
1668897840,+3.45,+10.738, +0.052,+0.932
1668897900,+3.45,+10.756, +0.053,+0.932
1668897960,+3.45,+10.756, +0.053,+0.932
1668898020,+3.45,+10.729, +0.053,+0.932
1668898080,+3.45,+10.738, +0.053,+0.932
1668898140,+3.45,+10.747, +0.053,+0.932
1668898200,+3.45,+10.738, +0.053,+0.932
1668898260,+3.45,+10.738, +0.053,+0.932
1668898320,+3.45,+10.747, +0.053,+0.932
1668898380,+3.45,+10.756, +0.053,+0.932
1668898440,+3.45,+10.756, +0.053,+0.932
1668898500,+3.45,+10.756, +0.053,+0.932
1668898560,+3.45,+10.747, +0.053,+0.932
1668898620,+3.45,+10.738, +0.053,+0.932
1668898680,+3.45,+10.738, +0.052,+0.932
1668898740,+3.45,+10.738, +0.053,+0.932
1668898800,+3.45,+10.738, +0.052,+0.932
1668898860,+3.45,+10.738, +0.053,+0.932
1668898920,+3.45,+10.711, +0.053,+0.932
1668898980,+3.45,+10.729, +0.052,+0.932
1668899040,+3.45,+10.738, +0.052,+0.932
1668899100,+3.45,+10.729, +0.053,+0.932
1668899160,+3.45,+10.738, +0.053,+0.932
1668899220,+3.45,+10.729, +0.053,+0.932
1668899280,+3.45,+10.729, +0.052,+0.932
1668899340,+3.45,+10.738, +0.052,+0.932
1668899400,+3.45,+10.729, +0.052,+0.932
1668899460,+3.45,+10.720, +0.052,+0.932
1668899520,+3.45,+10.729, +0.053,+0.932
1668899580,+3.45,+10.711, +0.053,+0.932
1668899640,+3.45,+10.729, +0.053,+0.932
1668899700,+3.45,+10.702, +0.052,+0.931
1668899760,+3.45,+10.729, +0.053,+0.932
1668899820,+3.45,+10.738, +0.052,+0.931
1668899880,+3.45,+10.729, +0.053,+0.932
1668899940,+3.45,+10.711, +0.053,+0.932
1668900000,+3.45,+10.729, +0.052,+0.931
1668900060,+3.45,+10.747, +0.053,+0.932
1668900120,+3.45,+10.738, +0.053,+0.932
1668900180,+3.45,+10.738, +0.053,+0.932
1668900240,+3.45,+10.720, +0.053,+0.932
1668900300,+3.45,+10.702, +0.052,+0.932
1668900360,+3.45,+10.720, +0.053,+0.932
1668900420,+3.45,+10.729, +0.052,+0.932
1668900480,+3.45,+10.711, +0.053,+0.932
1668900540,+3.45,+10.720, +0.053,+0.932
1668900600,+3.45,+10.720, +0.053,+0.932
1668900660,+3.45,+10.720, +0.054,+0.932
1668900720,+3.45,+10.729, +0.054,+0.932
1668900780,+3.45,+10.720, +0.053,+0.932
1668900840,+3.45,+10.720, +0.053,+0.932
1668900900,+3.45,+10.729, +0.053,+0.932
1668900960,+3.45,+10.747, +0.053,+0.932
1668901020,+3.45,+10.738, +0.052,+0.932
1668901080,+3.45,+10.738, +0.053,+0.932
1668901140,+3.45,+10.738, +0.053,+0.932
1668901200,+3.45,+10.720, +0.053,+0.932
1668901260,+3.45,+10.738, +0.052,+0.931
1668901320,+3.45,+10.729, +0.052,+0.932
1668901380,+3.45,+10.720, +0.053,+0.932
1668901440,+3.45,+10.720, +0.053,+0.932
1668901500,+3.45,+10.702, +0.052,+0.932
1668901560,+3.45,+10.693, +0.053,+0.932
1668901620,+3.45,+10.666, +0.053,+0.932
1668901680,+3.45,+10.702, +0.052,+0.931
1668901740,+3.45,+10.711, +0.053,+0.932
1668901800,+3.45,+10.702, +0.053,+0.932
1668901860,+3.45,+10.711, +0.053,+0.932
1668901920,+3.45,+10.693, +0.052,+0.932
1668901980,+3.45,+10.693, +0.053,+0.932
1668902040,+3.45,+10.729, +0.053,+0.932
1668902100,+3.45,+10.711, +0.053,+0.932
1668902160,+3.45,+10.675, +0.053,+0.931
1668902220,+3.45,+10.666, +0.053,+0.932
1668902280,+3.45,+10.666, +0.052,+0.932
1668902340,+3.45,+10.666, +0.052,+0.932
1668902400,+3.45,+10.666, +0.053,+0.932
1668902460,+3.45,+10.666, +0.053,+0.932
1668902520,+3.45,+10.666, +0.053,+0.932
1668902580,+3.45,+10.675, +0.052,+0.932
1668902640,+3.45,+10.639, +0.054,+0.932
1668902700,+3.45,+10.657, +0.053,+0.932
1668902760,+3.45,+10.657, +0.052,+0.932
1668902820,+3.45,+10.657, +0.052,+0.931
1668902880,+3.45,+10.620, +0.053,+0.932
1668902940,+3.45,+10.630, +0.052,+0.932
1668903000,+3.45,+10.630, +0.053,+0.932
1668903060,+3.45,+10.620, +0.054,+0.932
1668903120,+3.45,+10.648, +0.053,+0.932
1668903180,+3.45,+10.648, +0.053,+0.932
1668903240,+3.45,+10.648, +0.053,+0.932
1668903300,+3.45,+10.639, +0.052,+0.932
1668903360,+3.45,+10.639, +0.053,+0.932
1668903420,+3.45,+10.666, +0.053,+0.932
1668903480,+3.45,+10.648, +0.053,+0.931
1668903540,+3.45,+10.639, +0.053,+0.932
1668903600,+3.45,+10.611, +0.053,+0.932
1668903660,+3.45,+10.630, +0.053,+0.932
1668903720,+3.45,+10.602, +0.053,+0.932
1668903780,+3.45,+10.620, +0.052,+0.932
1668903840,+3.45,+10.602, +0.052,+0.931
1668903900,+3.45,+10.620, +0.053,+0.932
1668903960,+3.45,+10.620, +0.052,+0.932
1668904020,+3.45,+10.620, +0.053,+0.932
1668904080,+3.45,+10.602, +0.053,+0.932
1668904140,+3.45,+10.620, +0.053,+0.932
1668904200,+3.45,+10.639, +0.053,+0.932
1668904260,+3.45,+10.602, +0.053,+0.932
1668904320,+3.45,+10.602, +0.052,+0.932
1668904380,+3.45,+10.630, +0.052,+0.932
1668904440,+3.45,+10.639, +0.053,+0.932
1668904500,+3.45,+10.648, +0.052,+0.931
1668904560,+3.45,+10.648, +0.053,+0.932
1668904620,+3.45,+10.648, +0.053,+0.932
1668904680,+3.45,+10.666, +0.052,+0.932
1668904740,+3.45,+10.675, +0.053,+0.932
1668904800,+3.45,+10.666, +0.053,+0.932
1668904860,+3.45,+10.684, +0.054,+0.932
1668904920,+3.45,+10.702, +0.053,+0.932
1668904980,+3.45,+10.684, +0.053,+0.932
1668905040,+3.45,+10.693, +0.052,+0.931
1668905100,+3.45,+10.720, +0.053,+0.931
1668905160,+3.45,+10.720, +0.054,+0.932
1668905220,+3.45,+10.729, +0.053,+0.931
1668905280,+3.45,+10.747, +0.053,+0.931
1668905340,+3.45,+10.738, +0.054,+0.932
1668905400,+3.45,+10.765, +0.054,+0.932
1668905460,+3.45,+10.765, +0.053,+0.932
1668905520,+3.45,+10.756, +0.054,+0.932
1668905580,+3.45,+10.775, +0.053,+0.932
1668905640,+3.45,+10.793, +0.053,+0.932
1668905700,+3.45,+10.802, +0.052,+0.931
1668905760,+3.45,+10.784, +0.053,+0.931
1668905820,+3.45,+10.811, +0.053,+0.931
1668905880,+3.45,+10.802, +0.053,+0.932
1668905940,+3.45,+10.793, +0.054,+0.932
1668906000,+3.45,+10.811, +0.053,+0.932
1668906060,+3.45,+10.820, +0.053,+0.932
1668906120,+3.45,+10.802, +0.054,+0.932
1668906180,+3.45,+10.820, +0.053,+0.931
1668906240,+3.45,+10.829, +0.052,+0.931
1668906300,+3.45,+10.820, +0.053,+0.932
1668906360,+3.45,+10.802, +0.053,+0.931
1668906420,+3.45,+10.811, +0.053,+0.932
1668906480,+3.45,+10.829, +0.053,+0.932
1668906540,+3.45,+10.802, +0.053,+0.931
1668906600,+3.45,+10.820, +0.053,+0.932
1668906660,+3.45,+10.811, +0.053,+0.932
1668906720,+3.45,+10.820, +0.053,+0.932
1668906780,+3.45,+10.820, +0.053,+0.931
1668906840,+3.45,+10.784, +0.054,+0.932
1668906900,+3.45,+10.811, +0.053,+0.931
1668906960,+3.45,+10.793, +0.053,+0.931
1668907020,+3.45,+10.802, +0.053,+0.932
1668907080,+3.45,+10.784, +0.053,+0.932
1668907140,+3.45,+10.784, +0.052,+0.931
1668907200,+3.45,+10.784, +0.053,+0.932
1668907260,+3.45,+10.765, +0.053,+0.931
1668907320,+3.45,+10.756, +0.053,+0.932
1668907380,+3.45,+10.747, +0.053,+0.932
1668907440,+3.45,+10.747, +0.052,+0.932
1668907500,+3.45,+10.738, +0.053,+0.931
1668907560,+3.45,+10.738, +0.053,+0.932
1668907620,+3.45,+10.711, +0.053,+0.932
1668907680,+3.45,+10.711, +0.052,+0.932
1668907740,+3.45,+10.702, +0.053,+0.932
1668907800,+3.45,+10.684, +0.053,+0.932
1668907860,+3.45,+10.693, +0.052,+0.932
1668907920,+3.45,+10.675, +0.052,+0.931
1668907980,+3.45,+10.657, +0.052,+0.932
1668908040,+3.45,+10.648, +0.053,+0.932
1668908100,+3.45,+10.648, +0.053,+0.932
1668908160,+3.45,+10.639, +0.052,+0.932
1668908220,+3.45,+10.639, +0.053,+0.932
1668908280,+3.45,+10.639, +0.053,+0.932
1668908340,+3.45,+10.639, +0.053,+0.932
1668908400,+3.45,+10.611, +0.052,+0.931
1668908460,+3.45,+10.620, +0.052,+0.932
1668908520,+3.45,+10.630, +0.052,+0.932
1668908580,+3.45,+10.602, +0.053,+0.932
1668908640,+3.45,+10.602, +0.053,+0.932
1668908700,+3.45,+10.611, +0.054,+0.932
1668908760,+3.45,+10.630, +0.053,+0.932
1668908820,+3.45,+10.630, +0.052,+0.932
1668908880,+3.45,+10.620, +0.053,+0.932
1668908940,+3.45,+10.620, +0.053,+0.932
1668909000,+3.45,+10.602, +0.054,+0.932
1668909060,+3.45,+10.602, +0.052,+0.932
1668909120,+3.45,+10.602, +0.053,+0.932
1668909180,+3.45,+10.611, +0.053,+0.931
1668909240,+3.45,+10.584, +0.053,+0.932
1668909300,+3.45,+10.620, +0.053,+0.932
1668909360,+3.45,+10.620, +0.053,+0.932
1668909420,+3.45,+10.611, +0.052,+0.932
1668909480,+3.45,+10.575, +0.053,+0.932
1668909540,+3.45,+10.602, +0.053,+0.932
1668909600,+3.45,+10.593, +0.052,+0.932
1668909660,+3.45,+10.566, +0.053,+0.932
1668909720,+3.45,+10.575, +0.053,+0.932
1668909780,+3.45,+10.566, +0.052,+0.932
1668909840,+3.45,+10.566, +0.052,+0.931
1668909900,+3.45,+10.548, +0.052,+0.932
1668909960,+3.45,+10.521, +0.053,+0.932
1668910020,+3.45,+10.530, +0.052,+0.932
1668910080,+3.45,+10.521, +0.053,+0.932
1668910140,+3.45,+10.502, +0.053,+0.931
1668910200,+3.45,+10.521, +0.053,+0.932
1668910260,+3.45,+10.521, +0.053,+0.932
1668910320,+3.45,+10.530, +0.053,+0.932
1668910380,+3.45,+10.521, +0.052,+0.931
1668910440,+3.45,+10.530, +0.053,+0.931
1668910500,+3.45,+10.521, +0.053,+0.932
1668910560,+3.45,+10.512, +0.053,+0.932
1668910620,+3.45,+10.539, +0.053,+0.932
1668910680,+3.45,+10.530, +0.053,+0.932
1668910740,+3.45,+10.539, +0.052,+0.931
1668910800,+3.45,+10.521, +0.053,+0.932
1668910860,+3.45,+10.566, +0.052,+0.932
1668910920,+3.45,+10.530, +0.053,+0.931
1668910980,+3.45,+10.548, +0.053,+0.932
1668911040,+3.45,+10.539, +0.053,+0.932
1668911100,+3.45,+10.512, +0.053,+0.932
1668911160,+3.45,+10.512, +0.053,+0.932
1668911220,+3.45,+10.502, +0.053,+0.932
1668911280,+3.45,+10.530, +0.052,+0.931
1668911340,+3.45,+10.493, +0.053,+0.932
1668911400,+3.45,+10.493, +0.052,+0.931
1668911460,+3.45,+10.484, +0.053,+0.932
1668911520,+3.45,+10.466, +0.053,+0.931
1668911580,+3.45,+10.475, +0.053,+0.932
1668911640,+3.45,+10.475, +0.053,+0.931
1668911700,+3.45,+10.466, +0.053,+0.932
1668911760,+3.45,+10.493, +0.053,+0.932
1668911820,+3.45,+10.493, +0.053,+0.932
1668911880,+3.45,+10.493, +0.053,+0.932
1668911940,+3.45,+10.466, +0.052,+0.931
1668912000,+3.45,+10.475, +0.052,+0.931
1668912060,+3.45,+10.466, +0.053,+0.932
1668912120,+3.45,+10.439, +0.052,+0.932
1668912180,+3.45,+10.466, +0.052,+0.932
1668912240,+3.45,+10.448, +0.053,+0.932
1668912300,+3.45,+10.439, +0.054,+0.932
1668912360,+3.45,+10.457, +0.053,+0.932
1668912420,+3.45,+10.466, +0.052,+0.931
1668912480,+3.45,+10.457, +0.053,+0.931
1668912540,+3.45,+10.466, +0.053,+0.932
1668912600,+3.45,+10.448, +0.053,+0.932
1668912660,+3.45,+10.466, +0.053,+0.931
1668912720,+3.45,+10.457, +0.053,+0.931
1668912780,+3.45,+10.484, +0.053,+0.932
1668912840,+3.45,+10.466, +0.053,+0.932
1668912900,+3.45,+10.475, +0.052,+0.931
1668912960,+3.45,+10.466, +0.053,+0.931
1668913020,+3.45,+10.475, +0.053,+0.931
1668913080,+3.45,+10.466, +0.053,+0.932
1668913140,+3.45,+10.457, +0.053,+0.932
1668913200,+3.45,+10.475, +0.052,+0.931
1668913260,+3.45,+10.466, +0.053,+0.931
1668913320,+3.45,+10.475, +0.053,+0.932
1668913380,+3.45,+10.448, +0.053,+0.932
1668913440,+3.45,+10.448, +0.053,+0.931
1668913500,+3.45,+10.448, +0.053,+0.932
1668913560,+3.45,+10.448, +0.053,+0.931
1668913620,+3.45,+10.448, +0.053,+0.931
1668913680,+3.45,+10.466, +0.053,+0.932
1668913740,+3.45,+10.439, +0.053,+0.932
1668913800,+3.45,+10.430, +0.053,+0.932
1668913860,+3.45,+10.448, +0.053,+0.932
1668913920,+3.45,+10.448, +0.054,+0.932
1668913980,+3.45,+10.466, +0.053,+0.931
1668914040,+3.45,+10.457, +0.052,+0.931
1668914100,+3.45,+10.457, +0.053,+0.932
1668914160,+3.45,+10.430, +0.053,+0.932
1668914220,+3.45,+10.457, +0.053,+0.931
1668914280,+3.45,+10.439, +0.053,+0.932
1668914340,+3.45,+10.466, +0.052,+0.931
1668914400,+3.45,+10.448, +0.053,+0.932
1668914460,+3.45,+10.466, +0.053,+0.932
1668914520,+3.45,+10.457, +0.053,+0.932
1668914580,+3.45,+10.457, +0.053,+0.932
1668914640,+3.45,+10.448, +0.053,+0.932
1668914700,+3.45,+10.448, +0.053,+0.931
1668914760,+3.45,+10.466, +0.053,+0.932
1668914820,+3.45,+10.484, +0.053,+0.932
1668914880,+3.45,+10.457, +0.053,+0.931
1668914940,+3.45,+10.475, +0.053,+0.931
1668915000,+3.45,+10.466, +0.053,+0.931
1668915060,+3.45,+10.484, +0.052,+0.931
1668915120,+3.45,+10.457, +0.053,+0.932
1668915180,+3.45,+10.457, +0.053,+0.931
1668915240,+3.45,+10.448, +0.053,+0.931
1668915300,+3.45,+10.448, +0.053,+0.931
1668915360,+3.45,+10.457, +0.053,+0.931
1668915420,+3.45,+10.412, +0.054,+0.931
1668915480,+3.45,+10.439, +0.054,+0.931
1668915540,+3.45,+10.475, +0.053,+0.932
1668915600,+3.45,+10.466, +0.054,+0.931
1668915660,+3.45,+10.475, +0.053,+0.931
1668915720,+3.45,+10.475, +0.053,+0.931
1668915780,+3.45,+10.484, +0.053,+0.931
1668915840,+3.45,+10.466, +0.054,+0.932
1668915900,+3.45,+10.475, +0.053,+0.931
1668915960,+3.45,+10.466, +0.053,+0.931
1668916020,+3.45,+10.475, +0.053,+0.931
1668916080,+3.45,+10.484, +0.053,+0.932
1668916140,+3.45,+10.430, +0.053,+0.932
1668916200,+3.45,+10.484, +0.054,+0.932
1668916260,+3.45,+10.484, +0.053,+0.931
1668916320,+3.45,+10.457, +0.052,+0.931
1668916380,+3.45,+10.475, +0.054,+0.932
1668916440,+3.45,+10.484, +0.053,+0.931
1668916500,+3.45,+10.484, +0.053,+0.932
1668916560,+3.45,+10.466, +0.053,+0.931
1668916620,+3.45,+10.466, +0.054,+0.932
1668916680,+3.45,+10.466, +0.053,+0.931
1668916740,+3.45,+10.475, +0.053,+0.932
1668916800,+3.45,+10.475, +0.053,+0.931
1668916860,+3.45,+10.466, +0.053,+0.932
1668916920,+3.45,+10.475, +0.053,+0.931
1668916980,+3.45,+10.484, +0.053,+0.931
1668917040,+3.45,+10.484, +0.053,+0.931
1668917100,+3.45,+10.484, +0.054,+0.931
1668917160,+3.45,+10.493, +0.053,+0.931
1668917220,+3.45,+10.493, +0.053,+0.932
1668917280,+3.45,+10.475, +0.053,+0.932
1668917340,+3.45,+10.484, +0.053,+0.931
1668917400,+3.45,+10.502, +0.053,+0.931
1668917460,+3.45,+10.493, +0.053,+0.931
1668917520,+3.45,+10.502, +0.053,+0.932
1668917580,+3.45,+10.502, +0.053,+0.932
1668917640,+3.45,+10.502, +0.053,+0.931
1668917700,+3.45,+10.493, +0.053,+0.931
1668917760,+3.45,+10.493, +0.053,+0.932
1668917820,+3.45,+10.512, +0.053,+0.931
1668917880,+3.45,+10.493, +0.054,+0.932
1668917940,+3.45,+10.475, +0.054,+0.932
1668918000,+3.45,+10.475, +0.052,+0.931
1668918060,+3.45,+10.484, +0.053,+0.932
1668918120,+3.45,+10.475, +0.052,+0.931
1668918180,+3.45,+10.484, +0.053,+0.932
1668918240,+3.45,+10.466, +0.052,+0.931
1668918300,+3.45,+10.466, +0.054,+0.931
1668918360,+3.45,+10.493, +0.053,+0.931
1668918420,+3.45,+10.475, +0.053,+0.932
1668918480,+3.45,+10.466, +0.053,+0.931
1668918540,+3.45,+10.502, +0.053,+0.931
1668918600,+3.45,+10.493, +0.052,+0.931
1668918660,+3.45,+10.475, +0.053,+0.931
1668918720,+3.45,+10.484, +0.053,+0.932
1668918780,+3.45,+10.493, +0.053,+0.931
1668918840,+3.45,+10.475, +0.053,+0.931
1668918900,+3.45,+10.493, +0.053,+0.931
1668918960,+3.45,+10.502, +0.052,+0.931
1668919020,+3.45,+10.493, +0.053,+0.932
1668919080,+3.45,+10.484, +0.053,+0.931
1668919140,+3.45,+10.439, +0.052,+0.931
1668919200,+3.45,+10.475, +0.053,+0.932
1668919260,+3.45,+10.475, +0.053,+0.931
1668919320,+3.45,+10.466, +0.053,+0.931
1668919380,+3.45,+10.484, +0.054,+0.931
1668919440,+3.45,+10.475, +0.053,+0.932
1668919500,+3.45,+10.484, +0.054,+0.932
1668919560,+3.45,+10.493, +0.053,+0.931
1668919620,+3.45,+10.484, +0.053,+0.931
1668919680,+3.45,+10.493, +0.053,+0.932
1668919740,+3.45,+10.484, +0.053,+0.931
1668919800,+3.45,+10.475, +0.053,+0.931
1668919860,+3.45,+10.484, +0.053,+0.931
1668919920,+3.45,+10.502, +0.053,+0.931
1668919980,+3.45,+10.502, +0.053,+0.931
1668920040,+3.45,+10.493, +0.054,+0.931
1668920100,+3.45,+10.502, +0.053,+0.931
1668920160,+3.45,+10.521, +0.052,+0.931
1668920220,+3.45,+10.512, +0.053,+0.932
1668920280,+3.45,+10.502, +0.053,+0.931
1668920340,+3.45,+10.502, +0.053,+0.931
1668920400,+3.45,+10.493, +0.053,+0.931
1668920460,+3.45,+10.502, +0.053,+0.931
1668920520,+3.45,+10.493, +0.053,+0.931
1668920580,+3.45,+10.502, +0.053,+0.931
1668920640,+3.45,+10.493, +0.053,+0.931
1668920700,+3.45,+10.493, +0.053,+0.931
1668920760,+3.45,+10.484, +0.054,+0.931
1668920820,+3.45,+10.484, +0.053,+0.931
1668920880,+3.45,+10.475, +0.053,+0.931
1668920940,+3.45,+10.493, +0.053,+0.931
1668921000,+3.45,+10.475, +0.053,+0.931
1668921060,+3.45,+10.475, +0.053,+0.931
1668921120,+3.45,+10.484, +0.052,+0.931
1668921180,+3.45,+10.448, +0.053,+0.931
1668921240,+3.45,+10.457, +0.053,+0.931
1668921300,+3.45,+10.475, +0.053,+0.931
1668921360,+3.45,+10.475, +0.054,+0.931
1668921420,+3.45,+10.448, +0.053,+0.931
1668921480,+3.45,+10.448, +0.053,+0.931
1668921540,+3.45,+10.430, +0.052,+0.931
1668921600,+3.45,+10.439, +0.053,+0.931
1668921660,+3.45,+10.439, +0.053,+0.931
1668921720,+3.45,+10.448, +0.053,+0.931
1668921780,+3.45,+10.421, +0.053,+0.931
1668921840,+3.45,+10.421, +0.053,+0.931
1668921900,+3.45,+10.430, +0.053,+0.931
1668921960,+3.45,+10.421, +0.053,+0.931
1668922020,+3.45,+10.421, +0.053,+0.931
1668922080,+3.45,+10.430, +0.053,+0.931
1668922140,+3.45,+10.412, +0.053,+0.931
1668922200,+3.45,+10.393, +0.053,+0.931
1668922260,+3.45,+10.393, +0.053,+0.931
1668922320,+3.45,+10.402, +0.053,+0.931
1668922380,+3.45,+10.393, +0.054,+0.931
1668922440,+3.45,+10.393, +0.053,+0.931
1668922500,+3.45,+10.366, +0.053,+0.931
1668922560,+3.45,+10.366, +0.053,+0.931
1668922620,+3.45,+10.366, +0.053,+0.931
1668922680,+3.45,+10.384, +0.053,+0.931
1668922740,+3.45,+10.357, +0.053,+0.932
1668922800,+3.45,+10.366, +0.052,+0.931
1668922860,+3.45,+10.348, +0.053,+0.931
1668922920,+3.45,+10.339, +0.053,+0.931
1668922980,+3.45,+10.339, +0.053,+0.931
1668923040,+3.45,+10.302, +0.054,+0.931
1668923100,+3.45,+10.302, +0.053,+0.932
1668923160,+3.45,+10.293, +0.052,+0.931
1668923220,+3.45,+10.284, +0.053,+0.931
1668923280,+3.45,+10.275, +0.054,+0.931
1668923340,+3.45,+10.266, +0.053,+0.931
1668923400,+3.45,+10.248, +0.054,+0.931
1668923460,+3.45,+10.266, +0.052,+0.931
1668923520,+3.45,+10.238, +0.053,+0.931
1668923580,+3.45,+10.220, +0.053,+0.932
1668923640,+3.45,+10.220, +0.053,+0.931
1668923700,+3.45,+10.229, +0.053,+0.932
1668923760,+3.45,+10.193, +0.053,+0.931
1668923820,+3.45,+10.175, +0.053,+0.932
1668923880,+3.45,+10.147, +0.053,+0.931
1668923940,+3.45,+10.156, +0.053,+0.931
1668924000,+3.45,+10.129, +0.053,+0.931
1668924060,+3.45,+10.138, +0.053,+0.932
1668924120,+3.45,+10.138, +0.053,+0.931
1668924180,+3.45,+10.092, +0.054,+0.931
1668924240,+3.45,+10.101, +0.053,+0.931
1668924300,+3.45,+10.074, +0.053,+0.931
1668924360,+3.45,+10.065, +0.054,+0.932
1668924420,+3.45,+10.065, +0.053,+0.931
1668924480,+3.45,+10.047, +0.053,+0.931
1668924540,+3.45,+10.056, +0.052,+0.931
1668924600,+3.45,+10.037, +0.053,+0.931
1668924660,+3.45,+10.037, +0.053,+0.931
1668924720,+3.45,+10.010, +0.053,+0.931
1668924780,+3.45,+10.001, +0.053,+0.931
1668924840,+3.45, +9.983, +0.053,+0.931
1668924900,+3.45,+10.019, +0.053,+0.931
1668924960,+3.45, +9.964, +0.053,+0.931
1668925020,+3.45, +9.992, +0.053,+0.931
1668925080,+3.45, +9.992, +0.054,+0.931
1668925140,+3.45, +9.992, +0.053,+0.931
1668925200,+3.45, +9.983, +0.053,+0.931
1668925260,+3.45, +9.964, +0.054,+0.931
1668925320,+3.45, +9.964, +0.053,+0.931
1668925380,+3.45, +9.964, +0.054,+0.932
1668925440,+3.45, +9.973, +0.053,+0.931
1668925500,+3.45, +9.937, +0.053,+0.931
1668925560,+3.45, +9.964, +0.054,+0.932
1668925620,+3.45, +9.964, +0.053,+0.931
1668925680,+3.45, +9.964, +0.053,+0.931
1668925740,+3.45, +9.946, +0.053,+0.931
1668925800,+3.45, +9.928, +0.054,+0.931
1668925860,+3.45, +9.937, +0.054,+0.931
1668925920,+3.45, +9.946, +0.053,+0.931
1668925980,+3.45, +9.928, +0.054,+0.931
1668926040,+3.45, +9.937, +0.054,+0.932
1668926100,+3.45, +9.918, +0.053,+0.931
1668926160,+3.45, +9.918, +0.054,+0.932
1668926220,+3.45, +9.928, +0.054,+0.931
1668926280,+3.45, +9.909, +0.054,+0.931
1668926340,+3.45, +9.918, +0.053,+0.931
1668926400,+3.45, +9.900, +0.053,+0.931
1668926460,+3.45, +9.900, +0.053,+0.931
1668926520,+3.45, +9.918, +0.052,+0.931
1668926580,+3.45, +9.873, +0.053,+0.931
1668926640,+3.45, +9.882, +0.054,+0.931
1668926700,+3.45, +9.882, +0.054,+0.932
1668926760,+3.45, +9.845, +0.054,+0.931
1668926820,+3.45, +9.882, +0.053,+0.931
1668926880,+3.45, +9.854, +0.054,+0.932
1668926940,+3.45, +9.882, +0.053,+0.931
1668927000,+3.45, +9.854, +0.054,+0.931
1668927060,+3.45, +9.863, +0.053,+0.931
1668927120,+3.45, +9.863, +0.054,+0.932
1668927180,+3.45, +9.845, +0.054,+0.931
1668927240,+3.45, +9.863, +0.053,+0.931
1668927300,+3.45, +9.827, +0.053,+0.932
1668927360,+3.45, +9.827, +0.054,+0.931
1668927420,+3.45, +9.817, +0.054,+0.931
1668927480,+3.45, +9.817, +0.053,+0.931
1668927540,+3.45, +9.817, +0.054,+0.932
1668927600,+3.45, +9.817, +0.054,+0.931
1668927660,+3.45, +9.827, +0.053,+0.932
1668927720,+3.45, +9.799, +0.054,+0.931
1668927780,+3.45, +9.817, +0.054,+0.931
1668927840,+3.45, +9.799, +0.054,+0.931
1668927900,+3.45, +9.790, +0.054,+0.931
1668927960,+3.45, +9.799, +0.054,+0.931
1668928020,+3.45, +9.781, +0.054,+0.931
1668928080,+3.45, +9.799, +0.053,+0.932
1668928140,+3.45, +9.790, +0.054,+0.931
1668928200,+3.45, +9.781, +0.054,+0.931
1668928260,+3.45, +9.762, +0.054,+0.932
1668928320,+3.45, +9.781, +0.053,+0.931
1668928380,+3.45, +9.790, +0.053,+0.931
1668928440,+3.45, +9.753, +0.054,+0.931
1668928500,+3.45, +9.753, +0.054,+0.931
1668928560,+3.45, +9.762, +0.054,+0.931
1668928620,+3.45, +9.753, +0.054,+0.932
1668928680,+3.45, +9.762, +0.053,+0.931
1668928740,+3.45, +9.744, +0.054,+0.931
1668928800,+3.45, +9.772, +0.053,+0.931
1668928860,+3.45, +9.744, +0.054,+0.931
1668928920,+3.45, +9.726, +0.053,+0.931
1668928980,+3.45, +9.716, +0.054,+0.931
1668929040,+3.45, +9.735, +0.053,+0.931
1668929100,+3.45, +9.735, +0.054,+0.931
1668929160,+3.45, +9.716, +0.054,+0.931
1668929220,+3.45, +9.735, +0.054,+0.931
1668929280,+3.45, +9.716, +0.053,+0.931
1668929340,+3.45, +9.726, +0.054,+0.932
1668929400,+3.45, +9.735, +0.053,+0.931
1668929460,+3.45, +9.726, +0.053,+0.931
1668929520,+3.45, +9.689, +0.053,+0.931
1668929580,+3.45, +9.707, +0.054,+0.931
1668929640,+3.45, +9.716, +0.053,+0.931
1668929700,+3.45, +9.716, +0.054,+0.931
1668929760,+3.45, +9.707, +0.054,+0.931
1668929820,+3.45, +9.707, +0.054,+0.931
1668929880,+3.45, +9.707, +0.054,+0.932
1668929940,+3.45, +9.707, +0.053,+0.931
1668930000,+3.45, +9.707, +0.053,+0.931
1668930060,+3.45, +9.698, +0.054,+0.931
1668930120,+3.45, +9.698, +0.054,+0.931
1668930180,+3.45, +9.707, +0.053,+0.931
1668930240,+3.45, +9.726, +0.053,+0.931
1668930300,+3.45, +9.716, +0.054,+0.931
1668930360,+3.45, +9.698, +0.054,+0.931
1668930420,+3.45, +9.726, +0.055,+0.932
1668930480,+3.45, +9.707, +0.054,+0.931
1668930540,+3.45, +9.726, +0.054,+0.931
1668930600,+3.45, +9.726, +0.055,+0.931
1668930660,+3.45, +9.735, +0.054,+0.931
1668930720,+3.45, +9.716, +0.054,+0.931
1668930780,+3.45, +9.726, +0.054,+0.932
1668930840,+3.45, +9.753, +0.054,+0.931
1668930900,+3.45, +9.744, +0.054,+0.931
1668930960,+3.45, +9.726, +0.055,+0.931
1668931020,+3.45, +9.726, +0.053,+0.931
1668931080,+3.45, +9.726, +0.055,+0.931
1668931140,+3.45, +9.726, +0.054,+0.931
1668931200,+3.45, +9.716, +0.054,+0.931
1668931260,+3.45, +9.735, +0.054,+0.931
1668931320,+3.45, +9.735, +0.054,+0.931
1668931380,+3.45, +9.744, +0.055,+0.932
1668931440,+3.45, +9.707, +0.055,+0.931
1668931500,+3.45, +9.716, +0.054,+0.931
1668931560,+3.45, +9.735, +0.054,+0.931
1668931620,+3.45, +9.735, +0.054,+0.931
1668931680,+3.45, +9.716, +0.055,+0.931
1668931740,+3.45, +9.716, +0.055,+0.931
1668931800,+3.45, +9.716, +0.053,+0.931
1668931860,+3.45, +9.716, +0.054,+0.931
1668931920,+3.45, +9.726, +0.054,+0.931
1668931980,+3.45, +9.707, +0.054,+0.931
1668932040,+3.45, +9.726, +0.054,+0.931
1668932100,+3.45, +9.698, +0.054,+0.931
1668932160,+3.45, +9.744, +0.054,+0.931
1668932220,+3.45, +9.716, +0.053,+0.931
1668932280,+3.45, +9.707, +0.054,+0.931
1668932340,+3.45, +9.698, +0.054,+0.931
1668932400,+3.45, +9.680, +0.055,+0.931
1668932460,+3.45, +9.726, +0.055,+0.931
1668932520,+3.45, +9.735, +0.053,+0.931
1668932580,+3.45, +9.716, +0.054,+0.931
1668932640,+3.45, +9.726, +0.054,+0.931
1668932700,+3.45, +9.735, +0.054,+0.931
1668932760,+3.45, +9.707, +0.054,+0.931
1668932820,+3.45, +9.716, +0.054,+0.931
1668932880,+3.45, +9.716, +0.054,+0.931
1668932940,+3.45, +9.716, +0.054,+0.931
1668933000,+3.45, +9.726, +0.054,+0.931
1668933060,+3.45, +9.716, +0.054,+0.931
1668933120,+3.45, +9.707, +0.054,+0.931
1668933180,+3.45, +9.707, +0.054,+0.931
1668933240,+3.45, +9.716, +0.055,+0.931
1668933300,+3.45, +9.726, +0.054,+0.931
1668933360,+3.45, +9.744, +0.053,+0.931
1668933420,+3.45, +9.726, +0.055,+0.931
1668933480,+3.45, +9.744, +0.054,+0.931
1668933540,+3.45, +9.707, +0.055,+0.931
1668933600,+3.45, +9.716, +0.055,+0.931
1668933660,+3.45, +9.735, +0.055,+0.931
1668933720,+3.45, +9.744, +0.054,+0.931
1668933780,+3.45, +9.744, +0.054,+0.931
1668933840,+3.45, +9.726, +0.055,+0.931
1668933900,+3.45, +9.735, +0.054,+0.931
1668933960,+3.45, +9.726, +0.054,+0.931
1668934020,+3.45, +9.735, +0.054,+0.931
1668934080,+3.45, +9.753, +0.054,+0.931
1668934140,+3.45, +9.753, +0.054,+0.931
1668934200,+3.45, +9.753, +0.054,+0.931
1668934260,+3.45, +9.762, +0.054,+0.931
1668934320,+3.45, +9.762, +0.054,+0.931
1668934380,+3.45, +9.744, +0.054,+0.931
1668934440,+3.45, +9.716, +0.055,+0.931
1668934500,+3.45, +9.753, +0.054,+0.931
1668934560,+3.45, +9.753, +0.054,+0.931
1668934620,+3.45, +9.744, +0.054,+0.931
1668934680,+3.45, +9.772, +0.054,+0.931
1668934740,+3.45, +9.762, +0.054,+0.931
1668934800,+3.45, +9.753, +0.054,+0.931
1668934860,+3.45, +9.753, +0.054,+0.931
1668934920,+3.45, +9.762, +0.054,+0.931
1668934980,+3.45, +9.762, +0.055,+0.931
1668935040,+3.45, +9.762, +0.054,+0.931
1668935100,+3.45, +9.753, +0.054,+0.931
1668935160,+3.45, +9.762, +0.054,+0.931
1668935220,+3.45, +9.753, +0.054,+0.931
1668935280,+3.45, +9.753, +0.054,+0.931
1668935340,+3.45, +9.753, +0.054,+0.931
1668935400,+3.45, +9.753, +0.054,+0.931
1668935460,+3.45, +9.753, +0.055,+0.931
1668935520,+3.45, +9.781, +0.054,+0.931
1668935580,+3.45, +9.762, +0.054,+0.931
1668935640,+3.45, +9.753, +0.055,+0.931
1668935700,+3.45, +9.772, +0.055,+0.931
1668935760,+3.45, +9.772, +0.055,+0.931
1668935820,+3.45, +9.790, +0.055,+0.931
1668935880,+3.45, +9.799, +0.054,+0.931
1668935940,+3.45, +9.808, +0.054,+0.931
1668936000,+3.45, +9.790, +0.055,+0.931
1668936060,+3.45, +9.817, +0.056,+0.931
1668936120,+3.45, +9.827, +0.054,+0.931
1668936180,+3.45, +9.817, +0.055,+0.931
1668936240,+3.45, +9.817, +0.054,+0.931
1668936300,+3.45, +9.854, +0.054,+0.931
1668936360,+3.45, +9.827, +0.054,+0.931
1668936420,+3.45, +9.836, +0.055,+0.931
1668936480,+3.45, +9.836, +0.054,+0.931
1668936540,+3.45, +9.827, +0.054,+0.931
1668936600,+3.45, +9.817, +0.055,+0.931
1668936660,+3.45, +9.845, +0.054,+0.931
1668936720,+3.45, +9.836, +0.054,+0.931
1668936780,+3.45, +9.836, +0.054,+0.931
1668936840,+3.45, +9.827, +0.055,+0.931
1668936900,+3.45, +9.827, +0.054,+0.931
1668936960,+3.45, +9.827, +0.054,+0.931
1668937020,+3.45, +9.836, +0.054,+0.931
1668937080,+3.45, +9.836, +0.054,+0.931
1668937140,+3.45, +9.827, +0.055,+0.931
1668937200,+3.45, +9.827, +0.055,+0.931
1668937260,+3.45, +9.845, +0.054,+0.931
1668937320,+3.45, +9.836, +0.054,+0.931
1668937380,+3.45, +9.854, +0.054,+0.931
1668937440,+3.45, +9.845, +0.054,+0.931
1668937500,+3.45, +9.863, +0.054,+0.931
1668937560,+3.45, +9.891, +0.055,+0.931
1668937620,+3.45, +9.845, +0.055,+0.931
1668937680,+3.45, +9.891, +0.053,+0.931
1668937740,+3.45, +9.882, +0.054,+0.931
1668937800,+3.45, +9.882, +0.054,+0.931
1668937860,+3.45, +9.891, +0.054,+0.931
1668937920,+3.45, +9.891, +0.054,+0.931
1668937980,+3.45, +9.900, +0.054,+0.931
1668938040,+3.45, +9.900, +0.055,+0.931
1668938100,+3.45, +9.918, +0.054,+0.931
1668938160,+3.45, +9.937, +0.054,+0.931
1668938220,+3.45, +9.928, +0.054,+0.931
1668938280,+3.45, +9.928, +0.055,+0.931
1668938340,+3.45, +9.946, +0.055,+0.931
1668938400,+3.45, +9.946, +0.055,+0.931
1668938460,+3.45, +9.946, +0.055,+0.931
1668938520,+3.45, +9.964, +0.055,+0.931
1668938580,+3.45, +9.964, +0.055,+0.931
1668938640,+3.45, +9.973, +0.054,+0.931
1668938700,+3.45, +9.973, +0.055,+0.931
1668938760,+3.45,+10.001, +0.053,+0.931
1668938820,+3.45, +9.964, +0.054,+0.931
1668938880,+3.45, +9.964, +0.054,+0.931
1668938940,+3.45, +9.964, +0.055,+0.931
1668939000,+3.45, +9.964, +0.054,+0.931
1668939060,+3.45, +9.973, +0.055,+0.931
1668939120,+3.45, +9.973, +0.054,+0.931
1668939180,+3.45, +9.992, +0.054,+0.931
1668939240,+3.45, +9.983, +0.054,+0.931
1668939300,+3.45, +9.973, +0.054,+0.931
1668939360,+3.45,+10.001, +0.054,+0.931
1668939420,+3.45, +9.964, +0.054,+0.931
1668939480,+3.45, +9.973, +0.054,+0.931
1668939540,+3.45, +9.983, +0.054,+0.931
1668939600,+3.45, +9.992, +0.055,+0.931
1668939660,+3.45, +9.992, +0.053,+0.931
1668939720,+3.45, +9.992, +0.054,+0.931
1668939780,+3.45, +9.973, +0.055,+0.931
1668939840,+3.45, +9.992, +0.054,+0.931
1668939900,+3.45,+10.010, +0.054,+0.931
1668939960,+3.45,+10.001, +0.054,+0.931
1668940020,+3.45,+10.001, +0.054,+0.931
1668940080,+3.45,+10.001, +0.054,+0.931
1668940140,+3.45,+10.010, +0.055,+0.931
1668940200,+3.45,+10.001, +0.055,+0.931
1668940260,+3.45,+10.010, +0.054,+0.931
1668940320,+3.45,+10.019, +0.054,+0.931
1668940380,+3.45,+10.019, +0.054,+0.931
1668940440,+3.45,+10.010, +0.054,+0.931
1668940500,+3.45,+10.028, +0.054,+0.931
1668940560,+3.45,+10.028, +0.054,+0.931
1668940620,+3.45,+10.010, +0.054,+0.931
1668940680,+3.45,+10.010, +0.054,+0.931
1668940740,+3.45,+10.037, +0.055,+0.931
1668940800,+3.45,+10.001, +0.055,+0.931
1668940860,+3.45,+10.010, +0.054,+0.931
1668940920,+3.45,+10.019, +0.054,+0.931
1668940980,+3.45,+10.019, +0.054,+0.931
1668941040,+3.45,+10.028, +0.054,+0.931
1668941100,+3.45,+10.037, +0.054,+0.931
1668941160,+3.45,+10.010, +0.054,+0.931
1668941220,+3.45,+10.010, +0.054,+0.931
1668941280,+3.45,+10.001, +0.054,+0.931
1668941340,+3.45,+10.001, +0.053,+0.931
1668941400,+3.45, +9.992, +0.054,+0.931
1668941460,+3.45, +9.992, +0.054,+0.931
1668941520,+3.45, +9.983, +0.054,+0.931
1668941580,+3.45, +9.983, +0.054,+0.931
1668941640,+3.45, +9.992, +0.055,+0.931
1668941700,+3.45, +9.983, +0.054,+0.931
1668941760,+3.45, +9.973, +0.054,+0.931
1668941820,+3.45, +9.983, +0.055,+0.931
1668941880,+3.45, +9.973, +0.055,+0.931
1668941940,+3.45, +9.983, +0.054,+0.931
1668942000,+3.45, +9.973, +0.054,+0.931
1668942060,+3.45, +9.983, +0.055,+0.931
1668942120,+3.45, +9.983, +0.054,+0.931
1668942180,+3.45, +9.992, +0.055,+0.931
1668942240,+3.45,+10.001, +0.054,+0.931
1668942300,+3.45,+10.010, +0.054,+0.931
1668942360,+3.45,+10.047, +0.054,+0.931
1668942420,+3.45,+10.019, +0.054,+0.931
1668942480,+3.45,+10.019, +0.054,+0.931
1668942540,+3.45,+10.047, +0.055,+0.931
1668942600,+3.45,+10.065, +0.055,+0.931
1668942660,+3.45,+10.065, +0.055,+0.931
1668942720,+3.45,+10.083, +0.054,+0.931
1668942780,+3.45,+10.101, +0.054,+0.931
1668942840,+3.45,+10.111, +0.055,+0.931
1668942900,+3.45,+10.120, +0.055,+0.931
1668942960,+3.45,+10.101, +0.054,+0.931
1668943020,+3.45,+10.138, +0.055,+0.931
1668943080,+3.45,+10.120, +0.054,+0.931
1668943140,+3.45,+10.156, +0.054,+0.931
1668943200,+3.45,+10.147, +0.054,+0.931
1668943260,+3.45,+10.156, +0.053,+0.931
1668943320,+3.45,+10.165, +0.055,+0.931
1668943380,+3.45,+10.184, +0.054,+0.931
1668943440,+3.45,+10.184, +0.055,+0.931
1668943500,+3.45,+10.202, +0.054,+0.931
1668943560,+3.45,+10.184, +0.055,+0.931
1668943620,+3.45,+10.229, +0.054,+0.931
1668943680,+3.45,+10.220, +0.055,+0.931
1668943740,+3.45,+10.229, +0.054,+0.931
1668943800,+3.45,+10.211, +0.055,+0.931
1668943860,+3.45,+10.238, +0.054,+0.931
1668943920,+3.45,+10.229, +0.054,+0.931
1668943980,+3.45,+10.238, +0.054,+0.931
1668944040,+3.45,+10.248, +0.054,+0.931
1668944100,+3.45,+10.229, +0.054,+0.931
1668944160,+3.45,+10.257, +0.053,+0.931
1668944220,+3.45,+10.248, +0.053,+0.931
1668944280,+3.45,+10.238, +0.054,+0.931
1668944340,+3.45,+10.257, +0.054,+0.931
1668944400,+3.45,+10.248, +0.054,+0.931
1668944460,+3.45,+10.248, +0.054,+0.931
1668944520,+3.45,+10.248, +0.054,+0.931
1668944580,+3.45,+10.257, +0.055,+0.931
1668944640,+3.45,+10.266, +0.054,+0.931
1668944700,+3.45,+10.293, +0.053,+0.931
1668944760,+3.45,+10.275, +0.054,+0.931
1668944820,+3.45,+10.284, +0.055,+0.931
1668944880,+3.45,+10.284, +0.054,+0.931
1668944940,+3.45,+10.311, +0.054,+0.931
1668945000,+3.45,+10.275, +0.054,+0.931
1668945060,+3.45,+10.311, +0.054,+0.931
1668945120,+3.45,+10.293, +0.054,+0.931
1668945180,+3.45,+10.293, +0.054,+0.931
1668945240,+3.45,+10.275, +0.054,+0.931
1668945300,+3.45,+10.320, +0.054,+0.931
1668945360,+3.45,+10.311, +0.054,+0.931
1668945420,+3.45,+10.284, +0.055,+0.931
1668945480,+3.45,+10.275, +0.054,+0.931
1668945540,+3.45,+10.284, +0.054,+0.931
1668945600,+3.45,+10.293, +0.054,+0.931
1668945660,+3.45,+10.293, +0.054,+0.931
1668945720,+3.45,+10.311, +0.054,+0.931
1668945780,+3.45,+10.284, +0.053,+0.931
1668945840,+3.45,+10.266, +0.054,+0.931
1668945900,+3.45,+10.275, +0.053,+0.931
1668945960,+3.45,+10.248, +0.054,+0.931
1668946020,+3.45,+10.248, +0.054,+0.931
1668946080,+3.45,+10.211, +0.054,+0.931
1668946140,+3.45,+10.229, +0.054,+0.931
1668946200,+3.45,+10.202, +0.054,+0.931
1668946260,+3.45,+10.220, +0.053,+0.931
1668946320,+3.45,+10.238, +0.054,+0.931
1668946380,+3.45,+10.266, +0.053,+0.931
1668946440,+3.45,+10.248, +0.054,+0.931
1668946500,+3.45,+10.266, +0.054,+0.931
1668946560,+3.45,+10.248, +0.055,+0.931
1668946620,+3.45,+10.266, +0.054,+0.931
1668946680,+3.45,+10.293, +0.054,+0.931
1668946740,+3.45,+10.293, +0.053,+0.931
1668946800,+3.45,+10.293, +0.054,+0.931
1668946860,+3.45,+10.302, +0.055,+0.931
1668946920,+3.45,+10.320, +0.054,+0.931
1668946980,+3.45,+10.302, +0.055,+0.931
1668947040,+3.45,+10.320, +0.054,+0.931
1668947100,+3.45,+10.348, +0.054,+0.931
1668947160,+3.45,+10.330, +0.055,+0.931
1668947220,+3.45,+10.330, +0.054,+0.931
1668947280,+3.45,+10.339, +0.054,+0.931
1668947340,+3.45,+10.348, +0.054,+0.931
1668947400,+3.45,+10.357, +0.054,+0.931
1668947460,+3.45,+10.357, +0.054,+0.931
1668947520,+3.45,+10.384, +0.054,+0.931
1668947580,+3.45,+10.348, +0.054,+0.931
1668947640,+3.45,+10.375, +0.054,+0.931
1668947700,+3.45,+10.366, +0.054,+0.931
1668947760,+3.45,+10.366, +0.054,+0.931
1668947820,+3.45,+10.357, +0.054,+0.931
1668947880,+3.45,+10.357, +0.054,+0.931
1668947940,+3.45,+10.366, +0.054,+0.931
1668948000,+3.45,+10.375, +0.054,+0.931
1668948060,+3.45,+10.393, +0.054,+0.931
1668948120,+3.45,+10.375, +0.055,+0.931
1668948180,+3.45,+10.339, +0.054,+0.931
1668948240,+3.45,+10.375, +0.054,+0.931
1668948300,+3.45,+10.366, +0.055,+0.931
1668948360,+3.45,+10.348, +0.054,+0.931
1668948420,+3.45,+10.348, +0.054,+0.931
1668948480,+3.45,+10.357, +0.054,+0.931
1668948540,+3.45,+10.339, +0.054,+0.931
1668948600,+3.45,+10.357, +0.053,+0.931
1668948660,+3.45,+10.357, +0.053,+0.931
1668948720,+3.45,+10.366, +0.054,+0.931
1668948780,+3.45,+10.339, +0.054,+0.931
1668948840,+3.45,+10.348, +0.054,+0.931
1668948900,+3.45,+10.348, +0.054,+0.931
1668948960,+3.45,+10.339, +0.054,+0.931
1668949020,+3.45,+10.339, +0.053,+0.931
1668949080,+3.45,+10.330, +0.054,+0.931
1668949140,+3.45,+10.348, +0.053,+0.931
1668949200,+3.45,+10.348, +0.053,+0.931
1668949260,+3.45,+10.339, +0.054,+0.931
1668949320,+3.45,+10.320, +0.053,+0.931
1668949380,+3.45,+10.330, +0.054,+0.931
1668949440,+3.45,+10.320, +0.054,+0.931
1668949500,+3.45,+10.339, +0.053,+0.931
1668949560,+3.45,+10.311, +0.054,+0.931
1668949620,+3.45,+10.320, +0.054,+0.931
1668949680,+3.45,+10.330, +0.054,+0.931
1668949740,+3.45,+10.311, +0.054,+0.931
1668949800,+3.45,+10.293, +0.054,+0.931
1668949860,+3.45,+10.311, +0.053,+0.931
1668949920,+3.45,+10.330, +0.054,+0.931
1668949980,+3.45,+10.311, +0.053,+0.931
1668950040,+3.45,+10.320, +0.053,+0.931
1668950100,+3.45,+10.302, +0.053,+0.931
1668950160,+3.45,+10.302, +0.054,+0.931
1668950220,+3.45,+10.275, +0.053,+0.931
1668950280,+3.45,+10.284, +0.053,+0.931
1668950340,+3.45,+10.284, +0.054,+0.931
1668950400,+3.45,+10.257, +0.054,+0.931
1668950460,+3.45,+10.266, +0.053,+0.931
1668950520,+3.45,+10.248, +0.055,+0.931
1668950580,+3.45,+10.248, +0.053,+0.931
1668950640,+3.45,+10.238, +0.053,+0.931
1668950700,+3.45,+10.248, +0.054,+0.931
1668950760,+3.45,+10.229, +0.054,+0.931
1668950820,+3.45,+10.229, +0.053,+0.931
1668950880,+3.45,+10.229, +0.054,+0.931
1668950940,+3.45,+10.220, +0.053,+0.931
1668951000,+3.45,+10.229, +0.053,+0.931
1668951060,+3.45,+10.238, +0.053,+0.931
1668951120,+3.45,+10.202, +0.054,+0.931
1668951180,+3.45,+10.202, +0.054,+0.931
1668951240,+3.45,+10.220, +0.054,+0.931
1668951300,+3.45,+10.211, +0.054,+0.931
1668951360,+3.45,+10.211, +0.054,+0.931
1668951420,+3.45,+10.229, +0.054,+0.931
1668951480,+3.45,+10.238, +0.054,+0.931
1668951540,+3.45,+10.266, +0.055,+0.931
1668951600,+3.45,+10.284, +0.054,+0.931
1668951660,+3.45,+10.275, +0.055,+0.931
1668951720,+3.45,+10.302, +0.054,+0.931
1668951780,+3.45,+10.293, +0.053,+0.931
1668951840,+3.45,+10.266, +0.054,+0.931
1668951900,+3.45,+10.284, +0.054,+0.931
1668951960,+3.45,+10.293, +0.054,+0.931
1668952020,+3.45,+10.275, +0.054,+0.931
1668952080,+3.45,+10.284, +0.054,+0.931
1668952140,+3.45,+10.284, +0.053,+0.931
1668952200,+3.45,+10.257, +0.053,+0.931
1668952260,+3.45,+10.238, +0.053,+0.931
1668952320,+3.45,+10.211, +0.053,+0.931
1668952380,+3.45,+10.202, +0.053,+0.931
1668952440,+3.45,+10.184, +0.053,+0.931
1668952500,+3.45,+10.184, +0.054,+0.931
1668952560,+3.45,+10.184, +0.054,+0.931
1668952620,+3.45,+10.175, +0.054,+0.931
1668952680,+3.45,+10.165, +0.053,+0.931
1668952740,+3.45,+10.184, +0.054,+0.931
1668952800,+3.45,+10.165, +0.053,+0.931
1668952860,+3.45,+10.175, +0.053,+0.931
1668952920,+3.45,+10.156, +0.054,+0.931
1668952980,+3.45,+10.156, +0.054,+0.931
1668953040,+3.45,+10.165, +0.053,+0.931
1668953100,+3.45,+10.165, +0.054,+0.931
1668953160,+3.45,+10.165, +0.053,+0.931
1668953220,+3.45,+10.147, +0.054,+0.931
1668953280,+3.45,+10.147, +0.054,+0.931
1668953340,+3.45,+10.129, +0.054,+0.931
1668953400,+3.45,+10.165, +0.054,+0.931
1668953460,+3.45,+10.147, +0.054,+0.931
1668953520,+3.45,+10.165, +0.054,+0.931
1668953580,+3.45,+10.147, +0.054,+0.931
1668953640,+3.45,+10.175, +0.054,+0.931
1668953700,+3.45,+10.138, +0.054,+0.931
1668953760,+3.45,+10.156, +0.054,+0.931
1668953820,+3.45,+10.147, +0.054,+0.931
1668953880,+3.45,+10.147, +0.054,+0.931
1668953940,+3.45,+10.138, +0.053,+0.931
1668954000,+3.45,+10.120, +0.054,+0.931
1668954060,+3.45,+10.129, +0.053,+0.931
1668954120,+3.45,+10.129, +0.054,+0.931
1668954180,+3.45,+10.120, +0.053,+0.931
1668954240,+3.45,+10.129, +0.054,+0.931
1668954300,+3.45,+10.101, +0.054,+0.931
1668954360,+3.45,+10.101, +0.054,+0.931
1668954420,+3.45,+10.083, +0.054,+0.931
1668954480,+3.45,+10.083, +0.054,+0.931
1668954540,+3.45,+10.037, +0.054,+0.931
1668954600,+3.45,+10.047, +0.054,+0.931
1668954660,+3.45,+10.037, +0.053,+0.931
1668954720,+3.45,+10.019, +0.054,+0.931
1668954780,+3.45,+10.010, +0.053,+0.931
1668954840,+3.45,+10.001, +0.053,+0.931
1668954900,+3.44, +9.983, +0.053,+0.931
1668954960,+3.45, +9.955, +0.053,+0.931
1668955020,+3.45, +9.964, +0.053,+0.931
1668955080,+3.45, +9.955, +0.054,+0.931
1668955140,+3.45, +9.946, +0.054,+0.931
1668955200,+3.45, +9.946, +0.054,+0.931
1668955260,+3.45, +9.946, +0.054,+0.931
1668955320,+3.45, +9.928, +0.054,+0.931
1668955380,+3.45, +9.918, +0.054,+0.931
1668955440,+3.45, +9.946, +0.055,+0.931
1668955500,+3.45, +9.909, +0.053,+0.931
1668955560,+3.45, +9.928, +0.054,+0.931
1668955620,+3.45, +9.946, +0.054,+0.931
1668955680,+3.45, +9.918, +0.055,+0.931
1668955740,+3.45, +9.918, +0.054,+0.931
1668955800,+3.45, +9.946, +0.054,+0.931
1668955860,+3.45, +9.928, +0.054,+0.931
1668955920,+3.45, +9.918, +0.055,+0.931
1668955980,+3.45, +9.918, +0.054,+0.931
1668956040,+3.45, +9.909, +0.054,+0.931
1668956100,+3.45, +9.882, +0.053,+0.931
1668956160,+3.45, +9.873, +0.053,+0.931
1668956220,+3.45, +9.854, +0.053,+0.931
1668956280,+3.45, +9.836, +0.053,+0.931
1668956340,+3.45, +9.836, +0.053,+0.931
1668956400,+3.45, +9.817, +0.054,+0.931
1668956460,+3.45, +9.808, +0.054,+0.931
1668956520,+3.45, +9.827, +0.053,+0.931
1668956580,+3.45, +9.808, +0.055,+0.931
1668956640,+3.45, +9.817, +0.055,+0.931
1668956700,+3.45, +9.827, +0.054,+0.931
1668956760,+3.45, +9.836, +0.055,+0.931
1668956820,+3.45, +9.845, +0.054,+0.931
1668956880,+3.45, +9.845, +0.054,+0.931
1668956940,+3.45, +9.863, +0.054,+0.931
1668957000,+3.45, +9.863, +0.054,+0.931
1668957060,+3.45, +9.873, +0.054,+0.931
1668957120,+3.45, +9.863, +0.054,+0.931
1668957180,+3.45, +9.863, +0.054,+0.931
1668957240,+3.45, +9.863, +0.055,+0.931
1668957300,+3.45, +9.882, +0.054,+0.931
1668957360,+3.45, +9.873, +0.054,+0.931
1668957420,+3.45, +9.854, +0.055,+0.931
1668957480,+3.45, +9.873, +0.054,+0.931
1668957540,+3.45, +9.882, +0.054,+0.931
1668957600,+3.45, +9.863, +0.054,+0.931
1668957660,+3.45, +9.863, +0.055,+0.931
1668957720,+3.45, +9.873, +0.054,+0.931
1668957780,+3.45, +9.882, +0.054,+0.931
1668957840,+3.45, +9.882, +0.054,+0.931
1668957900,+3.45, +9.873, +0.054,+0.931
1668957960,+3.45, +9.873, +0.054,+0.931
1668958020,+3.45, +9.873, +0.054,+0.931
1668958080,+3.45, +9.873, +0.054,+0.931
1668958140,+3.45, +9.863, +0.055,+0.931
1668958200,+3.45, +9.845, +0.054,+0.931
1668958260,+3.45, +9.854, +0.054,+0.931
1668958320,+3.45, +9.863, +0.054,+0.931
1668958380,+3.45, +9.863, +0.055,+0.931
1668958440,+3.45, +9.845, +0.054,+0.931
1668958500,+3.45, +9.845, +0.054,+0.931
1668958560,+3.45, +9.845, +0.054,+0.931
1668958620,+3.45, +9.845, +0.054,+0.931
1668958680,+3.45, +9.836, +0.055,+0.931
1668958740,+3.45, +9.854, +0.055,+0.931
1668958800,+3.45, +9.845, +0.054,+0.931
1668958860,+3.45, +9.845, +0.054,+0.931
1668958920,+3.45, +9.854, +0.054,+0.931
1668958980,+3.45, +9.863, +0.054,+0.931
1668959040,+3.45, +9.836, +0.055,+0.931
1668959100,+3.45, +9.845, +0.053,+0.931
1668959160,+3.45, +9.845, +0.054,+0.931
1668959220,+3.45, +9.836, +0.054,+0.931
1668959280,+3.45, +9.836, +0.054,+0.931
1668959340,+3.45, +9.854, +0.054,+0.931
1668959400,+3.45, +9.854, +0.054,+0.931
1668959460,+3.45, +9.873, +0.054,+0.931
1668959520,+3.45, +9.845, +0.055,+0.931
1668959580,+3.45, +9.845, +0.054,+0.931
1668959640,+3.45, +9.827, +0.055,+0.931
1668959700,+3.45, +9.854, +0.055,+0.931
1668959760,+3.45, +9.845, +0.054,+0.931
1668959820,+3.45, +9.845, +0.054,+0.931
1668959880,+3.45, +9.854, +0.054,+0.931
1668959940,+3.45, +9.845, +0.054,+0.931
1668960000,+3.45, +9.845, +0.054,+0.931
1668960060,+3.45, +9.854, +0.055,+0.931
1668960120,+3.45, +9.845, +0.054,+0.931
1668960180,+3.45, +9.854, +0.055,+0.931
1668960240,+3.45, +9.863, +0.055,+0.931
1668960300,+3.45, +9.845, +0.055,+0.931
1668960360,+3.45, +9.863, +0.054,+0.931
1668960420,+3.45, +9.845, +0.055,+0.931
1668960480,+3.45, +9.845, +0.054,+0.931
1668960540,+3.45, +9.863, +0.055,+0.931
1668960600,+3.45, +9.845, +0.054,+0.931
1668960660,+3.45, +9.863, +0.054,+0.931
1668960720,+3.45, +9.873, +0.055,+0.931
1668960780,+3.45, +9.854, +0.054,+0.931
1668960840,+3.45, +9.854, +0.055,+0.931
1668960900,+3.45, +9.854, +0.055,+0.931
1668960960,+3.45, +9.882, +0.055,+0.931
1668961020,+3.45, +9.873, +0.054,+0.931
1668961080,+3.45, +9.891, +0.055,+0.931
1668961140,+3.45, +9.836, +0.055,+0.931
1668961200,+3.45, +9.873, +0.054,+0.931
1668961260,+3.45, +9.891, +0.053,+0.931
1668961320,+3.45, +9.873, +0.054,+0.931
1668961380,+3.45, +9.873, +0.055,+0.931
1668961440,+3.45, +9.891, +0.053,+0.931
1668961500,+3.45, +9.891, +0.054,+0.931
1668961560,+3.45, +9.891, +0.054,+0.931
1668961620,+3.45, +9.891, +0.054,+0.931
1668961680,+3.45, +9.882, +0.055,+0.931
1668961740,+3.45, +9.891, +0.055,+0.931
1668961800,+3.45, +9.891, +0.054,+0.931
1668961860,+3.45, +9.900, +0.055,+0.931
1668961920,+3.45, +9.900, +0.054,+0.931
1668961980,+3.45, +9.882, +0.055,+0.931
1668962040,+3.45, +9.900, +0.055,+0.931
1668962100,+3.45, +9.900, +0.054,+0.931
1668962160,+3.45, +9.900, +0.055,+0.931
1668962220,+3.45, +9.891, +0.055,+0.931
1668962280,+3.45, +9.909, +0.055,+0.931
1668962340,+3.45, +9.918, +0.054,+0.931
1668962400,+3.45, +9.909, +0.055,+0.931
1668962460,+3.45, +9.891, +0.055,+0.931
1668962520,+3.45, +9.937, +0.054,+0.931
1668962580,+3.44, +9.928, +0.055,+0.931
1668962640,+3.45, +9.937, +0.055,+0.931
1668962700,+3.44, +9.964, +0.054,+0.931
1668962760,+3.44, +9.955, +0.055,+0.931
1668962820,+3.44, +9.937, +0.055,+0.931
1668962880,+3.45, +9.964, +0.055,+0.931
