7450-383325
OS REV: 1.05 Sensor Cal: 1644949570
Time (sec),  BV (Volts),  T (deg C),  DO (mg/l),  Q ()
1667148540,+3.47,+14.892, +3.332,+0.875
1667148600,+3.47,+14.892, +3.346,+0.875
1667148660,+3.47,+14.909, +3.355,+0.874
1667148720,+3.47,+14.926, +3.358,+0.874
1667148780,+3.47,+14.917, +3.367,+0.875
1667148840,+3.47,+14.909, +3.370,+0.875
1667148900,+3.47,+14.909, +3.381,+0.875
1667148960,+3.47,+14.909, +3.390,+0.875
1667149020,+3.47,+14.926, +3.391,+0.875
1667149080,+3.47,+14.926, +3.395,+0.876
1667149140,+3.47,+14.917, +3.395,+0.876
1667149200,+3.47,+14.909, +3.396,+0.877
1667149260,+3.47,+14.883, +3.390,+0.878
1667149320,+3.47,+14.883, +3.387,+0.879
1667149380,+3.47,+14.874, +3.381,+0.880
1667149440,+3.47,+14.883, +3.377,+0.880
1667149500,+3.47,+14.892, +3.383,+0.879
1667149560,+3.47,+14.866, +3.383,+0.879
1667149620,+3.47,+14.857, +3.379,+0.880
1667149680,+3.47,+14.892, +3.365,+0.880
1667149740,+3.47,+14.857, +3.364,+0.881
1667149800,+3.47,+14.874, +3.351,+0.881
1667149860,+3.47,+14.883, +3.345,+0.881
1667149920,+3.47,+14.874, +3.343,+0.882
1667149980,+3.47,+14.848, +3.341,+0.881
1667150040,+3.47,+14.848, +3.346,+0.879
1667150100,+3.47,+14.857, +3.349,+0.879
1667150160,+3.47,+14.840, +3.349,+0.879
1667150220,+3.47,+14.823, +3.350,+0.879
1667150280,+3.47,+14.797, +3.352,+0.879
1667150340,+3.47,+14.823, +3.346,+0.879
1667150400,+3.47,+14.805, +3.348,+0.879
1667150460,+3.47,+14.814, +3.353,+0.880
1667150520,+3.47,+14.823, +3.352,+0.880
1667150580,+3.47,+14.831, +3.346,+0.880
1667150640,+3.47,+14.831, +3.346,+0.881
1667150700,+3.47,+14.814, +3.348,+0.881
1667150760,+3.47,+14.814, +3.350,+0.880
1667150820,+3.47,+14.823, +3.356,+0.879
1667150880,+3.47,+14.805, +3.369,+0.878
1667150940,+3.47,+14.797, +3.376,+0.878
1667151000,+3.47,+14.805, +3.379,+0.878
1667151060,+3.47,+14.831, +3.378,+0.878
1667151120,+3.47,+14.805, +3.392,+0.877
1667151180,+3.47,+14.814, +3.408,+0.876
1667151240,+3.47,+14.814, +3.418,+0.876
1667151300,+3.47,+14.797, +3.429,+0.877
1667151360,+3.47,+14.797, +3.437,+0.877
1667151420,+3.47,+14.831, +3.433,+0.878
1667151480,+3.47,+14.814, +3.442,+0.878
1667151540,+3.47,+14.823, +3.452,+0.878
1667151600,+3.47,+14.814, +3.463,+0.878
1667151660,+3.47,+14.805, +3.473,+0.878
1667151720,+3.47,+14.823, +3.474,+0.878
1667151780,+3.47,+14.823, +3.477,+0.878
1667151840,+3.47,+14.814, +3.483,+0.878
1667151900,+3.47,+14.814, +3.485,+0.878
1667151960,+3.47,+14.823, +3.487,+0.879
1667152020,+3.47,+14.831, +3.487,+0.879
1667152080,+3.47,+14.857, +3.481,+0.879
1667152140,+3.47,+14.831, +3.488,+0.880
1667152200,+3.47,+14.831, +3.501,+0.878
1667152260,+3.47,+14.831, +3.510,+0.878
1667152320,+3.47,+14.831, +3.516,+0.878
1667152380,+3.47,+14.840, +3.518,+0.878
1667152440,+3.47,+14.840, +3.519,+0.878
1667152500,+3.47,+14.866, +3.515,+0.878
1667152560,+3.47,+14.857, +3.525,+0.878
1667152620,+3.47,+14.840, +3.536,+0.877
1667152680,+3.47,+14.848, +3.544,+0.877
1667152740,+3.47,+14.866, +3.548,+0.877
1667152800,+3.47,+14.857, +3.554,+0.877
1667152860,+3.47,+14.848, +3.574,+0.877
1667152920,+3.47,+14.823, +3.585,+0.878
1667152980,+3.47,+14.866, +3.586,+0.879
1667153040,+3.47,+14.848, +3.593,+0.880
1667153100,+3.47,+14.866, +3.590,+0.880
1667153160,+3.47,+14.874, +3.589,+0.880
1667153220,+3.47,+14.874, +3.587,+0.881
1667153280,+3.47,+14.866, +3.586,+0.881
1667153340,+3.47,+14.892, +3.579,+0.881
1667153400,+3.47,+14.883, +3.576,+0.882
1667153460,+3.47,+14.883, +3.572,+0.883
1667153520,+3.47,+14.874, +3.567,+0.882
1667153580,+3.47,+14.874, +3.581,+0.880
1667153640,+3.47,+14.857, +3.598,+0.879
1667153700,+3.47,+14.866, +3.617,+0.878
1667153760,+3.47,+14.831, +3.641,+0.877
1667153820,+3.47,+14.840, +3.653,+0.877
1667153880,+3.47,+14.848, +3.664,+0.877
1667153940,+3.47,+14.848, +3.674,+0.878
1667154000,+3.47,+14.883, +3.679,+0.878
1667154060,+3.47,+14.857, +3.690,+0.878
1667154120,+3.47,+14.866, +3.693,+0.878
1667154180,+3.47,+14.866, +3.695,+0.878
1667154240,+3.47,+14.900, +3.691,+0.879
1667154300,+3.47,+14.892, +3.692,+0.880
1667154360,+3.47,+14.892, +3.686,+0.881
1667154420,+3.47,+14.892, +3.681,+0.882
1667154480,+3.47,+14.883, +3.678,+0.882
1667154540,+3.47,+14.900, +3.669,+0.882
1667154600,+3.47,+14.900, +3.664,+0.882
1667154660,+3.47,+14.909, +3.656,+0.883
1667154720,+3.47,+14.900, +3.656,+0.882
1667154780,+3.47,+14.926, +3.658,+0.882
1667154840,+3.47,+14.917, +3.655,+0.881
1667154900,+3.47,+14.926, +3.653,+0.880
1667154960,+3.47,+14.926, +3.652,+0.879
1667155020,+3.47,+14.926, +3.654,+0.879
1667155080,+3.47,+14.909, +3.657,+0.879
1667155140,+3.47,+14.926, +3.651,+0.879
1667155200,+3.47,+14.943, +3.647,+0.879
1667155260,+3.47,+14.943, +3.642,+0.879
1667155320,+3.47,+14.943, +3.643,+0.879
1667155380,+3.47,+14.935, +3.652,+0.878
1667155440,+3.47,+14.935, +3.658,+0.878
1667155500,+3.47,+14.917, +3.661,+0.878
1667155560,+3.47,+14.952, +3.656,+0.878
1667155620,+3.47,+14.952, +3.653,+0.879
1667155680,+3.47,+14.943, +3.650,+0.880
1667155740,+3.47,+14.978, +3.643,+0.880
1667155800,+3.47,+14.952, +3.639,+0.880
1667155860,+3.47,+14.961, +3.635,+0.880
1667155920,+3.47,+14.961, +3.638,+0.880
1667155980,+3.47,+14.961, +3.635,+0.879
1667156040,+3.47,+14.961, +3.642,+0.879
1667156100,+3.47,+14.952, +3.644,+0.878
1667156160,+3.47,+14.961, +3.643,+0.878
1667156220,+3.47,+14.978, +3.640,+0.878
1667156280,+3.47,+14.986, +3.637,+0.879
1667156340,+3.47,+14.995, +3.626,+0.879
1667156400,+3.47,+14.995, +3.624,+0.880
1667156460,+3.47,+14.978, +3.619,+0.881
1667156520,+3.47,+15.004, +3.612,+0.880
1667156580,+3.47,+14.986, +3.609,+0.881
1667156640,+3.47,+14.995, +3.598,+0.881
1667156700,+3.47,+15.004, +3.586,+0.882
1667156760,+3.47,+14.986, +3.583,+0.882
1667156820,+3.47,+15.012, +3.579,+0.883
1667156880,+3.47,+14.995, +3.577,+0.883
1667156940,+3.47,+15.012, +3.570,+0.883
1667157000,+3.47,+15.012, +3.572,+0.883
1667157060,+3.47,+15.012, +3.566,+0.883
1667157120,+3.47,+15.029, +3.564,+0.883
1667157180,+3.47,+15.029, +3.558,+0.883
1667157240,+3.47,+15.029, +3.556,+0.883
1667157300,+3.47,+15.012, +3.556,+0.883
1667157360,+3.47,+15.012, +3.553,+0.884
1667157420,+3.47,+14.995, +3.549,+0.884
1667157480,+3.47,+15.021, +3.538,+0.884
1667157540,+3.47,+15.021, +3.534,+0.884
1667157600,+3.47,+15.029, +3.530,+0.884
1667157660,+3.47,+15.012, +3.531,+0.884
1667157720,+3.47,+15.029, +3.529,+0.883
1667157780,+3.47,+15.029, +3.533,+0.882
1667157840,+3.47,+15.029, +3.547,+0.881
1667157900,+3.47,+14.995, +3.561,+0.880
1667157960,+3.47,+14.986, +3.573,+0.879
1667158020,+3.47,+14.986, +3.583,+0.879
1667158080,+3.47,+14.978, +3.596,+0.879
1667158140,+3.47,+14.961, +3.605,+0.879
1667158200,+3.47,+14.943, +3.620,+0.879
1667158260,+3.47,+14.961, +3.624,+0.879
1667158320,+3.47,+14.935, +3.632,+0.879
1667158380,+3.47,+14.883, +3.645,+0.879
1667158440,+3.47,+14.840, +3.657,+0.879
1667158500,+3.47,+14.805, +3.665,+0.879
1667158560,+3.47,+14.745, +3.680,+0.880
1667158620,+3.47,+14.728, +3.684,+0.880
1667158680,+3.47,+14.736, +3.688,+0.881
1667158740,+3.47,+14.736, +3.694,+0.882
1667158800,+3.47,+14.710, +3.698,+0.882
1667158860,+3.47,+14.685, +3.718,+0.881
1667158920,+3.47,+14.693, +3.731,+0.880
1667158980,+3.47,+14.685, +3.750,+0.880
1667159040,+3.47,+14.650, +3.815,+0.877
1667159100,+3.47,+14.650, +3.913,+0.875
1667159160,+3.47,+14.659, +3.978,+0.875
1667159220,+3.47,+14.659, +4.046,+0.875
1667159280,+3.47,+14.659, +4.094,+0.876
1667159340,+3.47,+14.676, +4.122,+0.876
1667159400,+3.47,+14.710, +4.146,+0.877
1667159460,+3.47,+14.719, +4.164,+0.877
1667159520,+3.47,+14.728, +4.180,+0.878
1667159580,+3.47,+14.754, +4.187,+0.878
1667159640,+3.47,+14.736, +4.222,+0.878
1667159700,+3.47,+14.728, +4.300,+0.877
1667159760,+3.47,+14.762, +4.330,+0.878
1667159820,+3.47,+14.754, +4.354,+0.878
1667159880,+3.47,+14.771, +4.366,+0.879
1667159940,+3.47,+14.771, +4.369,+0.879
1667160000,+3.47,+14.779, +4.374,+0.879
1667160060,+3.47,+14.762, +4.378,+0.879
1667160120,+3.47,+14.779, +4.381,+0.880
1667160180,+3.47,+14.762, +4.378,+0.880
1667160240,+3.47,+14.754, +4.382,+0.880
1667160300,+3.47,+14.745, +4.377,+0.880
1667160360,+3.47,+14.719, +4.375,+0.881
1667160420,+3.47,+14.710, +4.374,+0.881
1667160480,+3.47,+14.702, +4.373,+0.881
1667160540,+3.47,+14.702, +4.364,+0.882
1667160600,+3.47,+14.685, +4.356,+0.882
1667160660,+3.47,+14.676, +4.346,+0.882
1667160720,+3.47,+14.693, +4.327,+0.883
1667160780,+3.47,+14.685, +4.316,+0.883
1667160840,+3.47,+14.676, +4.307,+0.883
1667160900,+3.47,+14.667, +4.289,+0.883
1667160960,+3.47,+14.650, +4.273,+0.884
1667161020,+3.47,+14.659, +4.252,+0.884
1667161080,+3.47,+14.633, +4.235,+0.885
1667161140,+3.47,+14.641, +4.211,+0.885
1667161200,+3.47,+14.641, +4.195,+0.885
1667161260,+3.47,+14.659, +4.172,+0.885
1667161320,+3.47,+14.641, +4.155,+0.885
1667161380,+3.47,+14.615, +4.137,+0.886
1667161440,+3.47,+14.615, +4.117,+0.886
1667161500,+3.47,+14.607, +4.105,+0.886
1667161560,+3.47,+14.572, +4.096,+0.886
1667161620,+3.47,+14.564, +4.077,+0.886
1667161680,+3.47,+14.555, +4.061,+0.886
1667161740,+3.47,+14.555, +4.044,+0.886
1667161800,+3.47,+14.538, +4.033,+0.886
1667161860,+3.47,+14.538, +4.019,+0.886
1667161920,+3.47,+14.520, +4.006,+0.886
1667161980,+3.47,+14.520, +3.994,+0.886
1667162040,+3.47,+14.520, +3.979,+0.885
1667162100,+3.47,+14.520, +3.971,+0.885
1667162160,+3.47,+14.503, +3.961,+0.885
1667162220,+3.47,+14.494, +3.948,+0.886
1667162280,+3.47,+14.520, +3.930,+0.886
1667162340,+3.47,+14.512, +3.912,+0.887
1667162400,+3.47,+14.503, +3.898,+0.887
1667162460,+3.47,+14.503, +3.879,+0.888
1667162520,+3.47,+14.494, +3.860,+0.888
1667162580,+3.47,+14.503, +3.847,+0.888
1667162640,+3.47,+14.520, +3.830,+0.888
1667162700,+3.47,+14.494, +3.820,+0.888
1667162760,+3.47,+14.486, +3.813,+0.888
1667162820,+3.47,+14.468, +3.812,+0.887
1667162880,+3.47,+14.477, +3.802,+0.887
1667162940,+3.47,+14.494, +3.790,+0.887
1667163000,+3.47,+14.503, +3.773,+0.887
1667163060,+3.47,+14.477, +3.768,+0.886
1667163120,+3.47,+14.477, +3.763,+0.886
1667163180,+3.47,+14.468, +3.764,+0.885
1667163240,+3.47,+14.477, +3.757,+0.885
1667163300,+3.47,+14.494, +3.751,+0.885
1667163360,+3.47,+14.503, +3.748,+0.885
1667163420,+3.47,+14.503, +3.742,+0.885
1667163480,+3.47,+14.503, +3.732,+0.885
1667163540,+3.47,+14.503, +3.722,+0.886
1667163600,+3.47,+14.494, +3.714,+0.887
1667163660,+3.47,+14.503, +3.701,+0.887
1667163720,+3.47,+14.494, +3.692,+0.887
1667163780,+3.47,+14.503, +3.686,+0.887
1667163840,+3.47,+14.486, +3.727,+0.885
1667163900,+3.47,+14.503, +3.741,+0.885
1667163960,+3.47,+14.529, +3.739,+0.885
1667164020,+3.47,+14.520, +3.737,+0.885
1667164080,+3.47,+14.538, +3.729,+0.885
1667164140,+3.46,+14.546, +3.720,+0.886
1667164200,+3.47,+14.572, +3.708,+0.886
1667164260,+3.47,+14.572, +3.697,+0.886
1667164320,+3.47,+14.589, +3.681,+0.887
1667164380,+3.47,+14.581, +3.668,+0.887
1667164440,+3.47,+14.581, +3.670,+0.886
1667164500,+3.47,+14.581, +3.666,+0.886
1667164560,+3.47,+14.581, +3.656,+0.886
1667164620,+3.47,+14.607, +3.644,+0.886
1667164680,+3.47,+14.607, +3.631,+0.887
1667164740,+3.47,+14.615, +3.618,+0.887
1667164800,+3.47,+14.607, +3.607,+0.887
1667164860,+3.47,+14.624, +3.644,+0.884
1667164920,+3.47,+14.633, +3.668,+0.883
1667164980,+3.47,+14.650, +3.672,+0.884
1667165040,+3.47,+14.633, +3.677,+0.884
1667165100,+3.47,+14.659, +3.672,+0.884
1667165160,+3.47,+14.659, +3.665,+0.885
1667165220,+3.47,+14.659, +3.659,+0.886
1667165280,+3.47,+14.693, +3.644,+0.886
1667165340,+3.47,+14.676, +3.643,+0.886
1667165400,+3.47,+14.685, +3.633,+0.886
1667165460,+3.47,+14.693, +3.625,+0.887
1667165520,+3.47,+14.685, +3.616,+0.887
1667165580,+3.47,+14.659, +3.606,+0.888
1667165640,+3.47,+14.685, +3.586,+0.888
1667165700,+3.47,+14.633, +3.582,+0.888
1667165760,+3.47,+14.650, +3.566,+0.888
1667165820,+3.47,+14.624, +3.563,+0.889
1667165880,+3.47,+14.633, +3.551,+0.888
1667165940,+3.47,+14.607, +3.544,+0.888
1667166000,+3.47,+14.572, +3.536,+0.889
1667166060,+3.47,+14.564, +3.526,+0.889
1667166120,+3.47,+14.529, +3.522,+0.889
1667166180,+3.47,+14.512, +3.516,+0.889
1667166240,+3.47,+14.520, +3.508,+0.889
1667166300,+3.47,+14.503, +3.499,+0.889
1667166360,+3.47,+14.486, +3.489,+0.889
1667166420,+3.47,+14.486, +3.483,+0.889
1667166480,+3.47,+14.468, +3.481,+0.889
1667166540,+3.47,+14.460, +3.472,+0.889
1667166600,+3.47,+14.442, +3.473,+0.889
1667166660,+3.47,+14.442, +3.466,+0.888
1667166720,+3.47,+14.434, +3.463,+0.888
1667166780,+3.47,+14.425, +3.460,+0.888
1667166840,+3.47,+14.434, +3.452,+0.889
1667166900,+3.47,+14.425, +3.440,+0.889
1667166960,+3.47,+14.408, +3.433,+0.889
1667167020,+3.47,+14.416, +3.416,+0.890
1667167080,+3.47,+14.373, +3.416,+0.890
1667167140,+3.47,+14.390, +3.404,+0.890
1667167200,+3.47,+14.390, +3.393,+0.890
1667167260,+3.47,+14.364, +3.386,+0.890
1667167320,+3.47,+14.347, +3.378,+0.891
1667167380,+3.47,+14.364, +3.360,+0.891
1667167440,+3.47,+14.356, +3.349,+0.891
1667167500,+3.47,+14.347, +3.338,+0.892
1667167560,+3.47,+14.347, +3.322,+0.892
1667167620,+3.47,+14.347, +3.310,+0.893
1667167680,+3.47,+14.330, +3.295,+0.893
1667167740,+3.47,+14.338, +3.284,+0.893
1667167800,+3.47,+14.347, +3.272,+0.893
1667167860,+3.47,+14.321, +3.263,+0.893
1667167920,+3.47,+14.338, +3.250,+0.892
1667167980,+3.47,+14.338, +3.239,+0.892
1667168040,+3.47,+14.338, +3.228,+0.892
1667168100,+3.47,+14.321, +3.226,+0.892
1667168160,+3.47,+14.338, +3.212,+0.892
1667168220,+3.47,+14.330, +3.206,+0.893
1667168280,+3.47,+14.321, +3.195,+0.893
1667168340,+3.47,+14.330, +3.185,+0.893
1667168400,+3.47,+14.304, +3.183,+0.893
1667168460,+3.47,+14.321, +3.170,+0.893
1667168520,+3.47,+14.321, +3.162,+0.893
1667168580,+3.47,+14.330, +3.153,+0.893
1667168640,+3.47,+14.312, +3.148,+0.893
1667168700,+3.47,+14.330, +3.139,+0.893
1667168760,+3.47,+14.330, +3.130,+0.893
1667168820,+3.47,+14.312, +3.119,+0.893
1667168880,+3.47,+14.304, +3.110,+0.894
1667168940,+3.47,+14.347, +3.096,+0.894
1667169000,+3.47,+14.304, +3.088,+0.894
1667169060,+3.47,+14.312, +3.075,+0.894
1667169120,+3.47,+14.304, +3.065,+0.894
1667169180,+3.47,+14.321, +3.050,+0.895
1667169240,+3.47,+14.312, +3.044,+0.895
1667169300,+3.47,+14.312, +3.036,+0.894
1667169360,+3.47,+14.321, +3.028,+0.894
1667169420,+3.47,+14.312, +3.024,+0.893
1667169480,+3.47,+14.304, +3.019,+0.893
1667169540,+3.47,+14.278, +3.014,+0.893
1667169600,+3.47,+14.295, +3.004,+0.893
1667169660,+3.47,+14.295, +3.000,+0.893
1667169720,+3.47,+14.321, +2.990,+0.893
1667169780,+3.47,+14.304, +2.987,+0.893
1667169840,+3.47,+14.312, +2.981,+0.893
1667169900,+3.47,+14.304, +2.972,+0.893
1667169960,+3.47,+14.286, +2.969,+0.893
1667170020,+3.47,+14.286, +2.963,+0.893
1667170080,+3.47,+14.286, +2.960,+0.893
1667170140,+3.47,+14.286, +2.959,+0.893
1667170200,+3.47,+14.286, +2.961,+0.893
1667170260,+3.47,+14.295, +2.958,+0.893
1667170320,+3.47,+14.304, +2.952,+0.893
1667170380,+3.47,+14.304, +2.951,+0.893
1667170440,+3.47,+14.312, +2.944,+0.892
1667170500,+3.47,+14.304, +2.941,+0.893
1667170560,+3.47,+14.321, +2.931,+0.893
1667170620,+3.47,+14.321, +2.922,+0.894
1667170680,+3.47,+14.304, +2.917,+0.894
1667170740,+3.47,+14.295, +2.915,+0.894
1667170800,+3.47,+14.330, +2.907,+0.893
1667170860,+3.47,+14.295, +2.911,+0.893
1667170920,+3.47,+14.304, +2.907,+0.893
1667170980,+3.47,+14.312, +2.903,+0.892
1667171040,+3.47,+14.286, +2.903,+0.892
1667171100,+3.47,+14.295, +2.896,+0.893
1667171160,+3.47,+14.312, +2.895,+0.892
1667171220,+3.47,+14.312, +2.894,+0.892
1667171280,+3.47,+14.312, +2.893,+0.892
1667171340,+3.47,+14.304, +2.894,+0.892
1667171400,+3.47,+14.304, +2.894,+0.892
1667171460,+3.47,+14.321, +2.897,+0.892
1667171520,+3.47,+14.304, +2.898,+0.891
1667171580,+3.47,+14.295, +2.902,+0.891
1667171640,+3.47,+14.304, +2.905,+0.891
1667171700,+3.47,+14.304, +2.909,+0.891
1667171760,+3.47,+14.295, +2.912,+0.891
1667171820,+3.47,+14.295, +2.916,+0.890
1667171880,+3.47,+14.295, +2.921,+0.890
1667171940,+3.47,+14.286, +2.927,+0.890
1667172000,+3.47,+14.295, +2.926,+0.890
1667172060,+3.47,+14.312, +2.931,+0.890
1667172120,+3.47,+14.304, +2.937,+0.890
1667172180,+3.47,+14.304, +2.941,+0.890
1667172240,+3.47,+14.304, +2.938,+0.890
1667172300,+3.47,+14.321, +2.935,+0.891
1667172360,+3.47,+14.295, +2.934,+0.892
1667172420,+3.47,+14.304, +2.931,+0.893
1667172480,+3.47,+14.295, +2.927,+0.893
1667172540,+3.47,+14.312, +2.918,+0.894
1667172600,+3.47,+14.312, +2.913,+0.894
1667172660,+3.47,+14.295, +2.908,+0.895
1667172720,+3.47,+14.321, +2.896,+0.895
1667172780,+3.47,+14.312, +2.888,+0.895
1667172840,+3.47,+14.304, +2.885,+0.895
1667172900,+3.47,+14.312, +2.879,+0.895
1667172960,+3.47,+14.312, +2.868,+0.895
1667173020,+3.47,+14.312, +2.862,+0.895
1667173080,+3.47,+14.295, +2.857,+0.896
1667173140,+3.47,+14.304, +2.849,+0.896
1667173200,+3.47,+14.295, +2.842,+0.896
1667173260,+3.47,+14.312, +2.830,+0.897
1667173320,+3.47,+14.312, +2.822,+0.897
1667173380,+3.47,+14.338, +2.806,+0.898
1667173440,+3.47,+14.312, +2.797,+0.898
1667173500,+3.47,+14.312, +2.784,+0.899
1667173560,+3.47,+14.295, +2.777,+0.899
1667173620,+3.47,+14.321, +2.763,+0.899
1667173680,+3.47,+14.321, +2.751,+0.899
1667173740,+3.47,+14.321, +2.741,+0.899
1667173800,+3.47,+14.330, +2.730,+0.899
1667173860,+3.47,+14.330, +2.721,+0.899
1667173920,+3.47,+14.330, +2.707,+0.900
1667173980,+3.47,+14.304, +2.691,+0.900
1667174040,+3.47,+14.330, +2.675,+0.901
1667174100,+3.47,+14.330, +2.661,+0.902
1667174160,+3.47,+14.295, +2.646,+0.903
1667174220,+3.47,+14.330, +2.624,+0.903
1667174280,+3.47,+14.338, +2.607,+0.904
1667174340,+3.47,+14.338, +2.590,+0.904
1667174400,+3.47,+14.321, +2.572,+0.905
1667174460,+3.47,+14.330, +2.549,+0.905
1667174520,+3.47,+14.338, +2.538,+0.904
1667174580,+3.47,+14.330, +2.534,+0.903
1667174640,+3.47,+14.321, +2.526,+0.902
1667174700,+3.47,+14.338, +2.516,+0.900
1667174760,+3.47,+14.321, +2.512,+0.900
1667174820,+3.47,+14.330, +2.503,+0.899
1667174880,+3.47,+14.304, +2.499,+0.898
1667174940,+3.47,+14.330, +2.493,+0.898
1667175000,+3.47,+14.312, +2.489,+0.898
1667175060,+3.47,+14.321, +2.484,+0.897
1667175120,+3.47,+14.330, +2.478,+0.896
1667175180,+3.47,+14.312, +2.476,+0.896
1667175240,+3.47,+14.338, +2.472,+0.896
1667175300,+3.47,+14.312, +2.475,+0.896
1667175360,+3.47,+14.330, +2.474,+0.896
1667175420,+3.47,+14.330, +2.473,+0.896
1667175480,+3.47,+14.330, +2.474,+0.896
1667175540,+3.47,+14.321, +2.478,+0.896
1667175600,+3.47,+14.321, +2.476,+0.896
1667175660,+3.47,+14.321, +2.479,+0.896
1667175720,+3.47,+14.321, +2.483,+0.895
1667175780,+3.47,+14.356, +2.480,+0.895
1667175840,+3.47,+14.338, +2.484,+0.895
1667175900,+3.47,+14.338, +2.487,+0.895
1667175960,+3.47,+14.312, +2.492,+0.895
1667176020,+3.47,+14.347, +2.485,+0.895
1667176080,+3.47,+14.338, +2.487,+0.895
1667176140,+3.47,+14.356, +2.486,+0.895
1667176200,+3.47,+14.338, +2.486,+0.896
1667176260,+3.47,+14.356, +2.482,+0.896
1667176320,+3.47,+14.356, +2.475,+0.896
1667176380,+3.47,+14.338, +2.475,+0.896
1667176440,+3.47,+14.356, +2.470,+0.896
1667176500,+3.47,+14.356, +2.468,+0.897
1667176560,+3.47,+14.330, +2.466,+0.897
1667176620,+3.47,+14.364, +2.464,+0.896
1667176680,+3.47,+14.330, +2.469,+0.896
1667176740,+3.47,+14.338, +2.470,+0.896
1667176800,+3.47,+14.364, +2.468,+0.895
1667176860,+3.47,+14.356, +2.469,+0.895
1667176920,+3.47,+14.356, +2.466,+0.896
1667176980,+3.47,+14.373, +2.457,+0.897
1667177040,+3.47,+14.364, +2.456,+0.897
1667177100,+3.47,+14.373, +2.450,+0.898
1667177160,+3.47,+14.373, +2.448,+0.898
1667177220,+3.47,+14.356, +2.446,+0.898
1667177280,+3.47,+14.356, +2.443,+0.898
1667177340,+3.47,+14.356, +2.437,+0.898
1667177400,+3.47,+14.347, +2.436,+0.898
1667177460,+3.47,+14.364, +2.429,+0.899
1667177520,+3.47,+14.373, +2.423,+0.899
1667177580,+3.47,+14.373, +2.419,+0.900
1667177640,+3.47,+14.373, +2.417,+0.899
1667177700,+3.47,+14.382, +2.416,+0.899
1667177760,+3.47,+14.373, +2.414,+0.899
1667177820,+3.47,+14.390, +2.410,+0.899
1667177880,+3.47,+14.382, +2.406,+0.898
1667177940,+3.47,+14.382, +2.404,+0.899
1667178000,+3.47,+14.390, +2.400,+0.899
1667178060,+3.47,+14.390, +2.393,+0.899
1667178120,+3.47,+14.382, +2.390,+0.899
1667178180,+3.47,+14.382, +2.385,+0.899
1667178240,+3.47,+14.382, +2.384,+0.899
1667178300,+3.47,+14.382, +2.381,+0.899
1667178360,+3.47,+14.382, +2.378,+0.899
1667178420,+3.47,+14.390, +2.368,+0.900
1667178480,+3.47,+14.408, +2.363,+0.900
1667178540,+3.47,+14.382, +2.357,+0.900
1667178600,+3.47,+14.399, +2.347,+0.900
1667178660,+3.47,+14.390, +2.342,+0.901
1667178720,+3.47,+14.399, +2.333,+0.901
1667178780,+3.47,+14.399, +2.324,+0.902
1667178840,+3.47,+14.408, +2.318,+0.902
1667178900,+3.47,+14.382, +2.312,+0.902
1667178960,+3.47,+14.408, +2.305,+0.902
1667179020,+3.47,+14.416, +2.301,+0.902
1667179080,+3.47,+14.416, +2.292,+0.902
1667179140,+3.47,+14.408, +2.285,+0.903
1667179200,+3.47,+14.425, +2.273,+0.903
1667179260,+3.47,+14.425, +2.260,+0.904
1667179320,+3.47,+14.408, +2.249,+0.905
1667179380,+3.47,+14.390, +2.237,+0.905
1667179440,+3.47,+14.425, +2.221,+0.906
1667179500,+3.47,+14.399, +2.212,+0.906
1667179560,+3.47,+14.416, +2.198,+0.906
1667179620,+3.47,+14.408, +2.188,+0.906
1667179680,+3.47,+14.416, +2.176,+0.907
1667179740,+3.47,+14.390, +2.163,+0.907
1667179800,+3.47,+14.399, +2.148,+0.908
1667179860,+3.47,+14.390, +2.136,+0.908
1667179920,+3.47,+14.382, +2.120,+0.908
1667179980,+3.47,+14.373, +2.106,+0.909
1667180040,+3.47,+14.373, +2.087,+0.909
1667180100,+3.47,+14.390, +2.072,+0.909
1667180160,+3.47,+14.382, +2.059,+0.910
1667180220,+3.47,+14.373, +2.045,+0.910
1667180280,+3.47,+14.399, +2.028,+0.910
1667180340,+3.47,+14.382, +2.020,+0.909
1667180400,+3.47,+14.364, +2.015,+0.908
1667180460,+3.47,+14.364, +2.009,+0.907
1667180520,+3.47,+14.390, +2.001,+0.907
1667180580,+3.47,+14.382, +1.996,+0.906
1667180640,+3.47,+14.373, +1.990,+0.906
1667180700,+3.47,+14.373, +1.983,+0.907
1667180760,+3.47,+14.356, +1.977,+0.907
1667180820,+3.47,+14.338, +1.972,+0.907
1667180880,+3.47,+14.356, +1.962,+0.908
1667180940,+3.47,+14.356, +1.955,+0.908
1667181000,+3.47,+14.330, +1.948,+0.909
1667181060,+3.47,+14.356, +1.941,+0.909
1667181120,+3.47,+14.338, +1.931,+0.909
1667181180,+3.47,+14.338, +1.924,+0.909
1667181240,+3.47,+14.330, +1.916,+0.909
1667181300,+3.47,+14.347, +1.906,+0.909
1667181360,+3.47,+14.338, +1.896,+0.909
1667181420,+3.47,+14.321, +1.887,+0.909
1667181480,+3.47,+14.347, +1.871,+0.910
1667181540,+3.47,+14.321, +1.857,+0.911
1667181600,+3.47,+14.356, +1.834,+0.913
1667181660,+3.47,+14.338, +1.808,+0.914
1667181720,+3.47,+14.321, +1.779,+0.915
1667181780,+3.47,+14.321, +1.752,+0.917
1667181840,+3.47,+14.321, +1.721,+0.918
1667181900,+3.47,+14.312, +1.695,+0.918
1667181960,+3.47,+14.304, +1.671,+0.918
1667182020,+3.47,+14.295, +1.675,+0.914
1667182080,+3.47,+14.269, +1.702,+0.909
1667182140,+3.47,+14.269, +1.734,+0.903
1667182200,+3.47,+14.278, +1.768,+0.899
1667182260,+3.47,+14.252, +1.809,+0.895
1667182320,+3.47,+14.260, +1.853,+0.891
1667182380,+3.47,+14.269, +1.896,+0.888
1667182440,+3.47,+14.278, +1.943,+0.886
1667182500,+3.47,+14.278, +1.990,+0.884
1667182560,+3.47,+14.295, +2.032,+0.883
1667182620,+3.47,+14.330, +2.074,+0.882
1667182680,+3.47,+14.295, +2.120,+0.881
1667182740,+3.47,+14.321, +2.159,+0.881
1667182800,+3.47,+14.321, +2.195,+0.881
1667182860,+3.47,+14.338, +2.234,+0.881
1667182920,+3.47,+14.338, +2.266,+0.881
1667182980,+3.47,+14.312, +2.300,+0.882
1667183040,+3.47,+14.330, +2.327,+0.882
1667183100,+3.47,+14.347, +2.355,+0.882
1667183160,+3.47,+14.347, +2.378,+0.884
1667183220,+3.47,+14.356, +2.396,+0.884
1667183280,+3.47,+14.330, +2.418,+0.886
1667183340,+3.47,+14.338, +2.429,+0.887
1667183400,+3.47,+14.321, +2.445,+0.888
1667183460,+3.47,+14.321, +2.457,+0.888
1667183520,+3.47,+14.330, +2.468,+0.889
1667183580,+3.47,+14.304, +2.481,+0.888
1667183640,+3.47,+14.312, +2.497,+0.888
1667183700,+3.47,+14.295, +2.512,+0.887
1667183760,+3.47,+14.278, +2.527,+0.887
1667183820,+3.47,+14.269, +2.543,+0.886
1667183880,+3.47,+14.295, +2.553,+0.886
1667183940,+3.47,+14.260, +2.567,+0.886
1667184000,+3.47,+14.286, +2.579,+0.885
1667184060,+3.47,+14.269, +2.590,+0.885
1667184120,+3.47,+14.260, +2.602,+0.885
1667184180,+3.47,+14.269, +2.613,+0.885
1667184240,+3.47,+14.269, +2.624,+0.885
1667184300,+3.47,+14.260, +2.634,+0.885
1667184360,+3.47,+14.260, +2.645,+0.885
1667184420,+3.47,+14.278, +2.650,+0.885
1667184480,+3.47,+14.269, +2.654,+0.886
1667184540,+3.47,+14.278, +2.658,+0.887
1667184600,+3.47,+14.278, +2.663,+0.888
1667184660,+3.47,+14.260, +2.665,+0.888
1667184720,+3.47,+14.295, +2.662,+0.889
1667184780,+3.47,+14.286, +2.660,+0.890
1667184840,+3.47,+14.295, +2.655,+0.891
1667184900,+3.47,+14.269, +2.653,+0.891
1667184960,+3.47,+14.286, +2.643,+0.892
1667185020,+3.47,+14.278, +2.639,+0.892
1667185080,+3.47,+14.260, +2.637,+0.892
1667185140,+3.47,+14.243, +2.634,+0.892
1667185200,+3.47,+14.226, +2.636,+0.891
1667185260,+3.47,+14.252, +2.652,+0.890
1667185320,+3.47,+14.226, +2.666,+0.889
1667185380,+3.47,+14.243, +2.681,+0.888
1667185440,+3.47,+14.226, +2.698,+0.887
1667185500,+3.47,+14.226, +2.709,+0.887
1667185560,+3.47,+14.243, +2.721,+0.887
1667185620,+3.47,+14.217, +2.737,+0.886
1667185680,+3.47,+14.226, +2.749,+0.886
1667185740,+3.47,+14.226, +2.764,+0.885
1667185800,+3.47,+14.252, +2.777,+0.885
1667185860,+3.47,+14.243, +2.793,+0.884
1667185920,+3.47,+14.226, +2.811,+0.884
1667185980,+3.47,+14.243, +2.823,+0.885
1667186040,+3.47,+14.260, +2.829,+0.885
1667186100,+3.47,+14.252, +2.840,+0.886
1667186160,+3.47,+14.269, +2.844,+0.886
1667186220,+3.47,+14.269, +2.849,+0.887
1667186280,+3.47,+14.278, +2.846,+0.888
1667186340,+3.47,+14.278, +2.850,+0.889
1667186400,+3.47,+14.278, +2.854,+0.890
1667186460,+3.47,+14.278, +2.857,+0.890
1667186520,+3.47,+14.304, +2.855,+0.890
1667186580,+3.47,+14.286, +2.861,+0.890
1667186640,+3.47,+14.295, +2.866,+0.890
1667186700,+3.47,+14.295, +2.871,+0.890
1667186760,+3.47,+14.304, +2.877,+0.889
1667186820,+3.47,+14.304, +2.883,+0.889
1667186880,+3.47,+14.312, +2.889,+0.888
1667186940,+3.47,+14.312, +2.896,+0.888
1667187000,+3.47,+14.304, +2.901,+0.888
1667187060,+3.47,+14.321, +2.904,+0.888
1667187120,+3.47,+14.321, +2.907,+0.888
1667187180,+3.47,+14.338, +2.911,+0.887
1667187240,+3.47,+14.321, +2.918,+0.887
1667187300,+3.47,+14.321, +2.925,+0.887
1667187360,+3.47,+14.312, +2.927,+0.887
1667187420,+3.47,+14.321, +2.929,+0.887
1667187480,+3.47,+14.330, +2.930,+0.888
1667187540,+3.47,+14.330, +2.933,+0.888
1667187600,+3.47,+14.347, +2.934,+0.888
1667187660,+3.47,+14.312, +2.942,+0.888
1667187720,+3.47,+14.330, +2.942,+0.889
1667187780,+3.47,+14.321, +2.942,+0.889
1667187840,+3.47,+14.330, +2.943,+0.889
1667187900,+3.47,+14.338, +2.946,+0.889
1667187960,+3.47,+14.347, +2.942,+0.889
1667188020,+3.47,+14.330, +2.941,+0.890
1667188080,+3.47,+14.373, +2.938,+0.890
1667188140,+3.47,+14.356, +2.943,+0.890
1667188200,+3.47,+14.338, +2.947,+0.890
1667188260,+3.47,+14.321, +2.952,+0.890
1667188320,+3.47,+14.338, +2.954,+0.890
1667188380,+3.47,+14.338, +2.957,+0.890
1667188440,+3.47,+14.347, +2.957,+0.890
1667188500,+3.47,+14.330, +2.965,+0.890
1667188560,+3.47,+14.347, +2.966,+0.890
1667188620,+3.47,+14.321, +2.972,+0.890
1667188680,+3.47,+14.338, +2.972,+0.890
1667188740,+3.47,+14.338, +2.973,+0.891
1667188800,+3.47,+14.330, +2.976,+0.891
1667188860,+3.47,+14.330, +2.980,+0.890
1667188920,+3.47,+14.312, +2.989,+0.890
1667188980,+3.47,+14.338, +2.990,+0.890
1667189040,+3.47,+14.338, +2.992,+0.890
1667189100,+3.47,+14.347, +2.992,+0.889
1667189160,+3.47,+14.338, +2.999,+0.890
1667189220,+3.47,+14.347, +2.999,+0.890
1667189280,+3.47,+14.338, +3.003,+0.890
1667189340,+3.47,+14.347, +3.000,+0.890
1667189400,+3.47,+14.338, +2.999,+0.891
1667189460,+3.47,+14.347, +2.996,+0.891
1667189520,+3.47,+14.338, +2.997,+0.891
1667189580,+3.47,+14.356, +2.996,+0.892
1667189640,+3.47,+14.364, +2.994,+0.892
1667189700,+3.47,+14.356, +2.991,+0.892
1667189760,+3.47,+14.347, +2.986,+0.892
1667189820,+3.47,+14.364, +2.981,+0.893
1667189880,+3.47,+14.347, +2.984,+0.893
1667189940,+3.47,+14.373, +2.982,+0.893
1667190000,+3.47,+14.356, +2.983,+0.892
1667190060,+3.47,+14.382, +2.977,+0.891
1667190120,+3.47,+14.356, +2.981,+0.891
1667190180,+3.47,+14.364, +2.980,+0.890
1667190240,+3.47,+14.364, +2.985,+0.890
1667190300,+3.47,+14.356, +2.987,+0.890
1667190360,+3.47,+14.347, +2.988,+0.890
1667190420,+3.47,+14.364, +2.988,+0.890
1667190480,+3.47,+14.356, +2.989,+0.890
1667190540,+3.47,+14.347, +2.993,+0.890
1667190600,+3.47,+14.364, +2.992,+0.889
1667190660,+3.47,+14.356, +2.993,+0.889
1667190720,+3.47,+14.364, +2.991,+0.890
1667190780,+3.47,+14.347, +2.988,+0.890
1667190840,+3.47,+14.364, +2.983,+0.891
1667190900,+3.47,+14.356, +2.979,+0.891
1667190960,+3.47,+14.373, +2.973,+0.892
1667191020,+3.47,+14.338, +2.970,+0.893
1667191080,+3.47,+14.356, +2.957,+0.894
1667191140,+3.47,+14.356, +2.948,+0.895
1667191200,+3.47,+14.364, +2.943,+0.895
1667191260,+3.47,+14.356, +2.936,+0.895
1667191320,+3.47,+14.356, +2.930,+0.895
1667191380,+3.47,+14.347, +2.924,+0.896
1667191440,+3.47,+14.373, +2.909,+0.896
1667191500,+3.47,+14.356, +2.897,+0.897
1667191560,+3.47,+14.356, +2.879,+0.898
1667191620,+3.47,+14.364, +2.859,+0.900
1667191680,+3.47,+14.373, +2.840,+0.901
1667191740,+3.47,+14.356, +2.825,+0.901
1667191800,+3.47,+14.364, +2.802,+0.902
1667191860,+3.47,+14.373, +2.779,+0.904
1667191920,+3.47,+14.356, +2.757,+0.905
1667191980,+3.47,+14.373, +2.737,+0.905
1667192040,+3.47,+14.364, +2.725,+0.905
1667192100,+3.47,+14.364, +2.708,+0.905
1667192160,+3.47,+14.364, +2.693,+0.905
1667192220,+3.47,+14.356, +2.677,+0.905
1667192280,+3.47,+14.373, +2.661,+0.905
1667192340,+3.46,+14.364, +2.646,+0.905
1667192400,+3.47,+14.373, +2.634,+0.905
1667192460,+3.46,+14.382, +2.621,+0.905
1667192520,+3.47,+14.373, +2.610,+0.905
1667192580,+3.47,+14.364, +2.600,+0.904
1667192640,+3.47,+14.364, +2.587,+0.904
1667192700,+3.47,+14.347, +2.578,+0.904
1667192760,+3.47,+14.373, +2.564,+0.904
1667192820,+3.47,+14.364, +2.551,+0.905
1667192880,+3.47,+14.364, +2.539,+0.905
1667192940,+3.47,+14.364, +2.528,+0.905
1667193000,+3.47,+14.356, +2.519,+0.905
1667193060,+3.47,+14.338, +2.508,+0.905
1667193120,+3.47,+14.356, +2.491,+0.906
1667193180,+3.47,+14.347, +2.473,+0.907
1667193240,+3.47,+14.338, +2.451,+0.908
1667193300,+3.47,+14.330, +2.427,+0.910
1667193360,+3.47,+14.338, +2.407,+0.910
1667193420,+3.47,+14.330, +2.401,+0.909
1667193480,+3.47,+14.304, +2.417,+0.906
1667193540,+3.47,+14.295, +2.424,+0.904
1667193600,+3.47,+14.295, +2.429,+0.902
1667193660,+3.47,+14.312, +2.434,+0.901
1667193720,+3.47,+14.286, +2.446,+0.900
1667193780,+3.47,+14.295, +2.456,+0.898
1667193840,+3.47,+14.260, +2.474,+0.897
1667193900,+3.47,+14.286, +2.487,+0.896
1667193960,+3.47,+14.278, +2.506,+0.894
1667194020,+3.47,+14.269, +2.519,+0.894
1667194080,+3.47,+14.252, +2.533,+0.894
1667194140,+3.47,+14.252, +2.544,+0.894
1667194200,+3.47,+14.226, +2.556,+0.894
1667194260,+3.47,+14.260, +2.559,+0.895
1667194320,+3.47,+14.260, +2.566,+0.895
1667194380,+3.47,+14.243, +2.578,+0.895
1667194440,+3.47,+14.252, +2.580,+0.896
1667194500,+3.47,+14.252, +2.585,+0.896
1667194560,+3.47,+14.252, +2.588,+0.897
1667194620,+3.47,+14.234, +2.587,+0.898
1667194680,+3.47,+14.234, +2.583,+0.899
1667194740,+3.47,+14.234, +2.583,+0.899
1667194800,+3.47,+14.217, +2.588,+0.899
1667194860,+3.47,+14.226, +2.589,+0.899
1667194920,+3.47,+14.200, +2.590,+0.899
1667194980,+3.47,+14.226, +2.587,+0.899
1667195040,+3.47,+14.217, +2.585,+0.899
1667195100,+3.47,+14.217, +2.582,+0.900
1667195160,+3.47,+14.234, +2.576,+0.900
1667195220,+3.47,+14.226, +2.573,+0.900
1667195280,+3.47,+14.200, +2.567,+0.901
1667195340,+3.47,+14.208, +2.555,+0.903
1667195400,+3.47,+14.217, +2.543,+0.903
1667195460,+3.47,+14.217, +2.533,+0.904
1667195520,+3.47,+14.226, +2.520,+0.904
1667195580,+3.47,+14.208, +2.513,+0.904
1667195640,+3.47,+14.200, +2.508,+0.904
1667195700,+3.47,+14.191, +2.501,+0.904
1667195760,+3.47,+14.208, +2.495,+0.904
1667195820,+3.47,+14.217, +2.492,+0.903
1667195880,+3.47,+14.191, +2.496,+0.902
1667195940,+3.47,+14.200, +2.501,+0.901
1667196000,+3.47,+14.191, +2.511,+0.899
1667196060,+3.47,+14.200, +2.494,+0.899
1667196120,+3.47,+14.174, +2.491,+0.899
1667196180,+3.47,+14.191, +2.483,+0.899
1667196240,+3.47,+14.200, +2.475,+0.898
1667196300,+3.47,+14.182, +2.472,+0.899
1667196360,+3.47,+14.191, +2.463,+0.899
1667196420,+3.47,+14.200, +2.456,+0.899
1667196480,+3.47,+14.191, +2.450,+0.900
1667196540,+3.47,+14.191, +2.441,+0.900
1667196600,+3.47,+14.174, +2.438,+0.900
1667196660,+3.47,+14.200, +2.428,+0.900
1667196720,+3.47,+14.208, +2.419,+0.900
1667196780,+3.47,+14.191, +2.414,+0.901
1667196840,+3.47,+14.200, +2.403,+0.900
1667196900,+3.47,+14.191, +2.396,+0.901
1667196960,+3.47,+14.191, +2.388,+0.901
1667197020,+3.47,+14.208, +2.376,+0.901
1667197080,+3.47,+14.182, +2.373,+0.901
1667197140,+3.47,+14.148, +2.370,+0.901
1667197200,+3.47,+14.182, +2.362,+0.901
1667197260,+3.47,+14.174, +2.353,+0.901
1667197320,+3.47,+14.182, +2.345,+0.902
1667197380,+3.47,+14.165, +2.337,+0.902
1667197440,+3.47,+14.182, +2.328,+0.902
1667197500,+3.47,+14.191, +2.314,+0.903
1667197560,+3.47,+14.182, +2.299,+0.904
1667197620,+3.47,+14.165, +2.286,+0.905
1667197680,+3.47,+14.165, +2.279,+0.905
1667197740,+3.47,+14.182, +2.269,+0.904
1667197800,+3.47,+14.182, +2.259,+0.905
1667197860,+3.47,+14.165, +2.250,+0.905
1667197920,+3.47,+14.174, +2.235,+0.905
1667197980,+3.47,+14.174, +2.224,+0.906
1667198040,+3.47,+14.165, +2.213,+0.906
1667198100,+3.47,+14.156, +2.199,+0.907
1667198160,+3.47,+14.174, +2.175,+0.908
1667198220,+3.47,+14.174, +2.158,+0.909
1667198280,+3.47,+14.156, +2.143,+0.909
1667198340,+3.47,+14.165, +2.130,+0.909
1667198400,+3.47,+14.156, +2.120,+0.909
1667198460,+3.47,+14.139, +2.110,+0.908
1667198520,+3.47,+14.156, +2.102,+0.908
1667198580,+3.47,+14.148, +2.095,+0.908
1667198640,+3.47,+14.148, +2.086,+0.908
1667198700,+3.47,+14.156, +2.075,+0.908
1667198760,+3.47,+14.148, +2.063,+0.909
1667198820,+3.47,+14.156, +2.044,+0.910
1667198880,+3.47,+14.156, +2.025,+0.911
1667198940,+3.47,+14.165, +2.011,+0.912
1667199000,+3.47,+14.165, +2.003,+0.911
1667199060,+3.47,+14.165, +2.001,+0.910
1667199120,+3.47,+14.156, +1.998,+0.909
1667199180,+3.47,+14.148, +1.996,+0.909
1667199240,+3.47,+14.148, +1.993,+0.908
1667199300,+3.47,+14.139, +1.986,+0.909
1667199360,+3.47,+14.148, +1.983,+0.908
1667199420,+3.47,+14.148, +1.985,+0.907
1667199480,+3.47,+14.139, +1.981,+0.907
1667199540,+3.47,+14.148, +1.979,+0.906
1667199600,+3.47,+14.156, +1.980,+0.906
1667199660,+3.47,+14.148, +1.977,+0.906
1667199720,+3.47,+14.165, +1.979,+0.906
1667199780,+3.47,+14.148, +1.986,+0.905
1667199840,+3.47,+14.165, +1.988,+0.904
1667199900,+3.47,+14.148, +1.987,+0.905
1667199960,+3.47,+14.182, +1.979,+0.906
1667200020,+3.47,+14.165, +1.974,+0.906
1667200080,+3.47,+14.174, +1.967,+0.907
1667200140,+3.47,+14.174, +1.960,+0.907
1667200200,+3.47,+14.191, +1.955,+0.907
1667200260,+3.47,+14.182, +1.953,+0.907
1667200320,+3.47,+14.191, +1.944,+0.907
1667200380,+3.47,+14.191, +1.938,+0.908
1667200440,+3.47,+14.200, +1.934,+0.907
1667200500,+3.47,+14.208, +1.929,+0.907
1667200560,+3.47,+14.208, +1.927,+0.907
1667200620,+3.47,+14.191, +1.925,+0.906
1667200680,+3.47,+14.200, +1.926,+0.905
1667200740,+3.47,+14.234, +1.928,+0.904
1667200800,+3.47,+14.234, +1.934,+0.903
1667200860,+3.47,+14.243, +1.940,+0.902
1667200920,+3.47,+14.234, +1.953,+0.901
1667200980,+3.47,+14.252, +1.965,+0.900
1667201040,+3.47,+14.278, +1.973,+0.899
1667201100,+3.47,+14.269, +1.992,+0.897
1667201160,+3.47,+14.286, +2.009,+0.895
1667201220,+3.47,+14.304, +2.026,+0.894
1667201280,+3.47,+14.295, +2.046,+0.893
1667201340,+3.47,+14.295, +2.066,+0.893
1667201400,+3.47,+14.330, +2.083,+0.892
1667201460,+3.47,+14.321, +2.106,+0.891
1667201520,+3.47,+14.321, +2.130,+0.891
1667201580,+3.47,+14.338, +2.153,+0.890
1667201640,+3.47,+14.338, +2.176,+0.890
1667201700,+3.46,+14.356, +2.196,+0.889
1667201760,+3.47,+14.356, +2.218,+0.889
1667201820,+3.47,+14.364, +2.239,+0.889
1667201880,+3.47,+14.382, +2.260,+0.888
1667201940,+3.46,+14.373, +2.280,+0.888
1667202000,+3.46,+14.364, +2.296,+0.888
1667202060,+3.47,+14.382, +2.309,+0.888
1667202120,+3.46,+14.390, +2.322,+0.889
1667202180,+3.47,+14.416, +2.327,+0.889
1667202240,+3.47,+14.416, +2.339,+0.889
1667202300,+3.46,+14.390, +2.353,+0.890
1667202360,+3.46,+14.416, +2.356,+0.890
1667202420,+3.46,+14.416, +2.367,+0.890
1667202480,+3.47,+14.416, +2.377,+0.890
1667202540,+3.46,+14.416, +2.393,+0.889
1667202600,+3.46,+14.399, +2.409,+0.888
1667202660,+3.46,+14.425, +2.421,+0.887
1667202720,+3.47,+14.425, +2.437,+0.887
1667202780,+3.47,+14.442, +2.452,+0.887
1667202840,+3.47,+14.434, +2.466,+0.887
1667202900,+3.46,+14.442, +2.483,+0.886
1667202960,+3.47,+14.434, +2.508,+0.886
1667203020,+3.47,+14.434, +2.531,+0.885
1667203080,+3.46,+14.425, +2.547,+0.885
1667203140,+3.46,+14.425, +2.563,+0.885
1667203200,+3.46,+14.442, +2.574,+0.885
1667203260,+3.46,+14.451, +2.590,+0.885
1667203320,+3.47,+14.442, +2.604,+0.885
1667203380,+3.46,+14.451, +2.616,+0.886
1667203440,+3.46,+14.442, +2.630,+0.885
1667203500,+3.46,+14.434, +2.646,+0.885
1667203560,+3.46,+14.425, +2.662,+0.885
1667203620,+3.46,+14.442, +2.671,+0.885
1667203680,+3.47,+14.416, +2.685,+0.885
1667203740,+3.46,+14.442, +2.694,+0.885
1667203800,+3.46,+14.434, +2.706,+0.885
1667203860,+3.47,+14.434, +2.718,+0.886
1667203920,+3.46,+14.442, +2.722,+0.886
1667203980,+3.46,+14.468, +2.722,+0.886
1667204040,+3.46,+14.460, +2.725,+0.887
1667204100,+3.46,+14.451, +2.727,+0.888
1667204160,+3.46,+14.460, +2.721,+0.889
1667204220,+3.47,+14.460, +2.715,+0.890
1667204280,+3.46,+14.451, +2.710,+0.891
1667204340,+3.46,+14.468, +2.701,+0.892
1667204400,+3.46,+14.468, +2.697,+0.892
1667204460,+3.46,+14.442, +2.693,+0.893
1667204520,+3.46,+14.468, +2.688,+0.893
1667204580,+3.46,+14.460, +2.685,+0.892
1667204640,+3.46,+14.468, +2.680,+0.892
1667204700,+3.46,+14.477, +2.675,+0.892
1667204760,+3.46,+14.460, +2.676,+0.892
1667204820,+3.46,+14.468, +2.677,+0.891
1667204880,+3.46,+14.468, +2.679,+0.891
1667204940,+3.46,+14.468, +2.683,+0.890
1667205000,+3.46,+14.477, +2.686,+0.890
1667205060,+3.46,+14.468, +2.695,+0.889
1667205120,+3.46,+14.503, +2.702,+0.889
1667205180,+3.46,+14.486, +2.709,+0.888
1667205240,+3.47,+14.477, +2.724,+0.887
1667205300,+3.46,+14.486, +2.733,+0.886
1667205360,+3.46,+14.486, +2.741,+0.886
1667205420,+3.46,+14.486, +2.748,+0.886
1667205480,+3.46,+14.486, +2.756,+0.886
1667205540,+3.46,+14.494, +2.759,+0.886
1667205600,+3.46,+14.503, +2.762,+0.886
1667205660,+3.46,+14.494, +2.764,+0.887
1667205720,+3.46,+14.512, +2.755,+0.888
1667205780,+3.46,+14.494, +2.754,+0.889
1667205840,+3.46,+14.503, +2.748,+0.890
1667205900,+3.46,+14.520, +2.738,+0.891
1667205960,+3.46,+14.520, +2.727,+0.892
1667206020,+3.46,+14.512, +2.717,+0.893
1667206080,+3.46,+14.529, +2.700,+0.894
1667206140,+3.46,+14.529, +2.690,+0.895
1667206200,+3.46,+14.520, +2.676,+0.896
1667206260,+3.46,+14.538, +2.659,+0.897
1667206320,+3.46,+14.529, +2.641,+0.898
1667206380,+3.46,+14.546, +2.620,+0.899
1667206440,+3.46,+14.538, +2.600,+0.900
1667206500,+3.46,+14.529, +2.578,+0.901
1667206560,+3.46,+14.546, +2.555,+0.902
1667206620,+3.46,+14.529, +2.536,+0.902
1667206680,+3.46,+14.546, +2.518,+0.901
1667206740,+3.46,+14.538, +2.505,+0.901
1667206800,+3.46,+14.564, +2.488,+0.901
1667206860,+3.46,+14.538, +2.501,+0.899
1667206920,+3.46,+14.546, +2.511,+0.898
1667206980,+3.46,+14.546, +2.525,+0.896
1667207040,+3.46,+14.555, +2.538,+0.894
1667207100,+3.46,+14.564, +2.555,+0.893
1667207160,+3.46,+14.546, +2.578,+0.891
1667207220,+3.46,+14.555, +2.601,+0.888
1667207280,+3.46,+14.546, +2.631,+0.886
1667207340,+3.46,+14.564, +2.653,+0.885
1667207400,+3.46,+14.546, +2.679,+0.884
1667207460,+3.46,+14.529, +2.706,+0.884
1667207520,+3.46,+14.546, +2.727,+0.883
1667207580,+3.46,+14.538, +2.751,+0.883
1667207640,+3.46,+14.538, +2.772,+0.883
1667207700,+3.46,+14.538, +2.785,+0.884
1667207760,+3.46,+14.529, +2.799,+0.885
1667207820,+3.46,+14.546, +2.802,+0.887
1667207880,+3.46,+14.546, +2.808,+0.888
1667207940,+3.46,+14.538, +2.813,+0.889
1667208000,+3.46,+14.529, +2.814,+0.891
1667208060,+3.46,+14.538, +2.813,+0.892
1667208120,+3.46,+14.538, +2.809,+0.893
1667208180,+3.46,+14.529, +2.805,+0.894
1667208240,+3.46,+14.538, +2.797,+0.895
1667208300,+3.46,+14.538, +2.789,+0.896
1667208360,+3.46,+14.538, +2.775,+0.897
1667208420,+3.46,+14.538, +2.761,+0.898
1667208480,+3.46,+14.529, +2.748,+0.900
1667208540,+3.46,+14.538, +2.732,+0.901
1667208600,+3.46,+14.546, +2.715,+0.902
1667208660,+3.46,+14.546, +2.697,+0.903
1667208720,+3.46,+14.520, +2.686,+0.903
1667208780,+3.47,+14.520, +2.682,+0.902
1667208840,+3.46,+14.529, +2.686,+0.900
1667208900,+3.46,+14.503, +2.692,+0.898
1667208960,+3.46,+14.477, +2.704,+0.897
1667209020,+3.46,+14.486, +2.707,+0.896
1667209080,+3.46,+14.486, +2.713,+0.895
1667209140,+3.46,+14.477, +2.724,+0.894
1667209200,+3.46,+14.494, +2.732,+0.893
1667209260,+3.46,+14.468, +2.741,+0.892
1667209320,+3.46,+14.486, +2.756,+0.891
1667209380,+3.46,+14.468, +2.776,+0.890
1667209440,+3.46,+14.451, +2.798,+0.889
1667209500,+3.47,+14.468, +2.816,+0.887
1667209560,+3.47,+14.451, +2.833,+0.886
1667209620,+3.46,+14.468, +2.848,+0.886
1667209680,+3.46,+14.451, +2.865,+0.886
1667209740,+3.46,+14.442, +2.876,+0.887
1667209800,+3.46,+14.451, +2.885,+0.888
1667209860,+3.46,+14.434, +2.893,+0.888
1667209920,+3.46,+14.460, +2.899,+0.889
1667209980,+3.46,+14.460, +2.903,+0.889
1667210040,+3.46,+14.451, +2.909,+0.889
1667210100,+3.46,+14.468, +2.912,+0.889
1667210160,+3.46,+14.451, +2.919,+0.890
1667210220,+3.46,+14.434, +2.920,+0.891
1667210280,+3.47,+14.442, +2.917,+0.892
1667210340,+3.47,+14.451, +2.913,+0.892
1667210400,+3.46,+14.425, +2.913,+0.893
1667210460,+3.46,+14.442, +2.906,+0.894
1667210520,+3.46,+14.434, +2.900,+0.894
1667210580,+3.47,+14.434, +2.895,+0.895
1667210640,+3.46,+14.442, +2.883,+0.896
1667210700,+3.46,+14.425, +2.874,+0.897
1667210760,+3.46,+14.425, +2.868,+0.897
1667210820,+3.47,+14.434, +2.868,+0.896
1667210880,+3.47,+14.425, +2.874,+0.895
1667210940,+3.47,+14.408, +2.882,+0.894
1667211000,+3.47,+14.408, +2.887,+0.894
1667211060,+3.47,+14.390, +2.896,+0.892
1667211120,+3.47,+14.416, +2.904,+0.891
1667211180,+3.47,+14.390, +2.919,+0.891
1667211240,+3.47,+14.416, +2.928,+0.890
1667211300,+3.47,+14.390, +2.935,+0.890
1667211360,+3.47,+14.390, +2.949,+0.890
1667211420,+3.47,+14.390, +2.958,+0.889
1667211480,+3.47,+14.399, +2.967,+0.889
1667211540,+3.47,+14.390, +2.978,+0.889
1667211600,+3.47,+14.408, +2.983,+0.889
1667211660,+3.47,+14.390, +2.991,+0.889
1667211720,+3.47,+14.399, +2.997,+0.889
1667211780,+3.47,+14.382, +3.000,+0.889
1667211840,+3.47,+14.382, +3.003,+0.890
1667211900,+3.46,+14.382, +3.005,+0.890
1667211960,+3.47,+14.416, +2.998,+0.891
1667212020,+3.47,+14.390, +2.999,+0.892
1667212080,+3.47,+14.382, +2.994,+0.893
1667212140,+3.47,+14.399, +2.985,+0.893
1667212200,+3.47,+14.390, +2.980,+0.894
1667212260,+3.46,+14.390, +2.973,+0.895
1667212320,+3.47,+14.408, +2.960,+0.896
1667212380,+3.47,+14.390, +2.948,+0.897
1667212440,+3.47,+14.382, +2.936,+0.898
1667212500,+3.47,+14.382, +2.919,+0.899
1667212560,+3.47,+14.399, +2.904,+0.899
1667212620,+3.47,+14.390, +2.893,+0.899
1667212680,+3.47,+14.364, +2.884,+0.899
1667212740,+3.47,+14.373, +2.873,+0.899
1667212800,+3.46,+14.382, +2.861,+0.899
1667212860,+3.47,+14.399, +2.849,+0.898
1667212920,+3.47,+14.373, +2.840,+0.899
1667212980,+3.47,+14.364, +2.833,+0.899
1667213040,+3.47,+14.364, +2.822,+0.899
1667213100,+3.47,+14.399, +2.807,+0.900
1667213160,+3.47,+14.373, +2.802,+0.899
1667213220,+3.47,+14.373, +2.797,+0.899
1667213280,+3.47,+14.382, +2.790,+0.898
1667213340,+3.47,+14.382, +2.789,+0.898
1667213400,+3.47,+14.382, +2.781,+0.899
1667213460,+3.47,+14.373, +2.772,+0.899
1667213520,+3.47,+14.373, +2.762,+0.900
1667213580,+3.47,+14.364, +2.755,+0.900
1667213640,+3.46,+14.364, +2.740,+0.900
1667213700,+3.47,+14.373, +2.731,+0.901
1667213760,+3.47,+14.364, +2.724,+0.901
1667213820,+3.47,+14.356, +2.709,+0.902
1667213880,+3.47,+14.364, +2.706,+0.902
1667213940,+3.47,+14.364, +2.706,+0.901
1667214000,+3.47,+14.373, +2.700,+0.901
1667214060,+3.47,+14.356, +2.697,+0.902
1667214120,+3.47,+14.382, +2.684,+0.902
1667214180,+3.47,+14.382, +2.674,+0.903
1667214240,+3.47,+14.382, +2.664,+0.903
1667214300,+3.47,+14.347, +2.654,+0.904
1667214360,+3.47,+14.356, +2.640,+0.905
1667214420,+3.47,+14.364, +2.622,+0.906
1667214480,+3.47,+14.364, +2.604,+0.906
1667214540,+3.47,+14.373, +2.589,+0.907
1667214600,+3.47,+14.382, +2.568,+0.908
1667214660,+3.47,+14.399, +2.545,+0.909
1667214720,+3.47,+14.364, +2.530,+0.910
1667214780,+3.47,+14.399, +2.509,+0.910
1667214840,+3.47,+14.356, +2.495,+0.911
1667214900,+3.47,+14.390, +2.467,+0.912
1667214960,+3.46,+14.364, +2.449,+0.912
1667215020,+3.47,+14.373, +2.433,+0.912
1667215080,+3.47,+14.364, +2.415,+0.912
1667215140,+3.47,+14.382, +2.397,+0.912
1667215200,+3.47,+14.364, +2.395,+0.910
1667215260,+3.47,+14.382, +2.394,+0.908
1667215320,+3.47,+14.364, +2.386,+0.908
1667215380,+3.47,+14.373, +2.395,+0.906
1667215440,+3.47,+14.347, +2.409,+0.903
1667215500,+3.47,+14.356, +2.418,+0.901
1667215560,+3.47,+14.364, +2.427,+0.900
1667215620,+3.47,+14.373, +2.433,+0.899
1667215680,+3.47,+14.364, +2.443,+0.898
1667215740,+3.47,+14.347, +2.458,+0.897
1667215800,+3.47,+14.382, +2.464,+0.896
1667215860,+3.47,+14.364, +2.465,+0.897
1667215920,+3.47,+14.364, +2.468,+0.897
1667215980,+3.46,+14.347, +2.484,+0.896
1667216040,+3.47,+14.356, +2.493,+0.896
1667216100,+3.46,+14.356, +2.494,+0.896
1667216160,+3.47,+14.364, +2.500,+0.896
1667216220,+3.46,+14.347, +2.506,+0.897
1667216280,+3.47,+14.356, +2.511,+0.896
1667216340,+3.47,+14.356, +2.518,+0.896
1667216400,+3.46,+14.382, +2.519,+0.897
1667216460,+3.47,+14.356, +2.518,+0.898
1667216520,+3.47,+14.373, +2.512,+0.899
1667216580,+3.47,+14.373, +2.502,+0.901
1667216640,+3.47,+14.356, +2.488,+0.903
1667216700,+3.46,+14.364, +2.473,+0.905
1667216760,+3.46,+14.373, +2.457,+0.906
1667216820,+3.47,+14.373, +2.448,+0.906
1667216880,+3.47,+14.356, +2.441,+0.906
1667216940,+3.47,+14.347, +2.436,+0.905
1667217000,+3.47,+14.382, +2.429,+0.905
1667217060,+3.47,+14.373, +2.432,+0.904
1667217120,+3.47,+14.382, +2.443,+0.902
1667217180,+3.47,+14.382, +2.453,+0.900
1667217240,+3.46,+14.364, +2.458,+0.900
1667217300,+3.47,+14.382, +2.456,+0.900
1667217360,+3.47,+14.399, +2.453,+0.901
1667217420,+3.47,+14.390, +2.453,+0.901
1667217480,+3.46,+14.390, +2.453,+0.902
1667217540,+3.47,+14.390, +2.450,+0.902
1667217600,+3.47,+14.390, +2.450,+0.902
1667217660,+3.46,+14.390, +2.440,+0.902
1667217720,+3.47,+14.382, +2.435,+0.901
1667217780,+3.47,+14.416, +2.429,+0.901
1667217840,+3.46,+14.399, +2.431,+0.900
1667217900,+3.46,+14.408, +2.427,+0.900
1667217960,+3.46,+14.416, +2.423,+0.900
1667218020,+3.47,+14.416, +2.418,+0.900
1667218080,+3.46,+14.408, +2.414,+0.901
1667218140,+3.46,+14.408, +2.401,+0.902
1667218200,+3.46,+14.425, +2.389,+0.903
1667218260,+3.47,+14.434, +2.374,+0.903
1667218320,+3.46,+14.434, +2.382,+0.901
1667218380,+3.47,+14.451, +2.382,+0.900
1667218440,+3.46,+14.399, +2.385,+0.899
1667218500,+3.46,+14.425, +2.385,+0.899
1667218560,+3.47,+14.434, +2.386,+0.898
1667218620,+3.47,+14.434, +2.389,+0.898
1667218680,+3.46,+14.434, +2.388,+0.897
1667218740,+3.46,+14.416, +2.391,+0.898
1667218800,+3.46,+14.451, +2.387,+0.898
1667218860,+3.46,+14.434, +2.382,+0.899
1667218920,+3.46,+14.442, +2.373,+0.900
1667218980,+3.46,+14.451, +2.360,+0.902
1667219040,+3.46,+14.434, +2.354,+0.902
1667219100,+3.46,+14.451, +2.349,+0.902
1667219160,+3.46,+14.451, +2.347,+0.901
1667219220,+3.47,+14.451, +2.347,+0.900
1667219280,+3.47,+14.434, +2.353,+0.899
1667219340,+3.46,+14.434, +2.353,+0.899
1667219400,+3.47,+14.434, +2.351,+0.899
1667219460,+3.46,+14.442, +2.348,+0.899
1667219520,+3.46,+14.442, +2.346,+0.899
1667219580,+3.47,+14.460, +2.342,+0.900
1667219640,+3.47,+14.460, +2.335,+0.900
1667219700,+3.46,+14.434, +2.328,+0.902
1667219760,+3.46,+14.434, +2.312,+0.903
1667219820,+3.47,+14.468, +2.299,+0.903
1667219880,+3.46,+14.442, +2.287,+0.904
1667219940,+3.47,+14.460, +2.271,+0.905
1667220000,+3.46,+14.451, +2.255,+0.905
1667220060,+3.46,+14.451, +2.244,+0.906
1667220120,+3.46,+14.451, +2.229,+0.907
1667220180,+3.46,+14.451, +2.217,+0.907
1667220240,+3.46,+14.451, +2.203,+0.907
1667220300,+3.46,+14.460, +2.193,+0.907
1667220360,+3.47,+14.442, +2.184,+0.907
1667220420,+3.47,+14.460, +2.172,+0.907
1667220480,+3.46,+14.451, +2.164,+0.907
1667220540,+3.46,+14.460, +2.160,+0.906
1667220600,+3.46,+14.434, +2.162,+0.905
1667220660,+3.46,+14.451, +2.164,+0.903
1667220720,+3.46,+14.451, +2.175,+0.900
1667220780,+3.46,+14.442, +2.187,+0.898
1667220840,+3.46,+14.434, +2.199,+0.897
1667220900,+3.46,+14.425, +2.212,+0.896
1667220960,+3.46,+14.468, +2.218,+0.896
1667221020,+3.46,+14.451, +2.228,+0.896
1667221080,+3.46,+14.451, +2.235,+0.897
1667221140,+3.46,+14.477, +2.235,+0.897
1667221200,+3.46,+14.460, +2.235,+0.898
1667221260,+3.46,+14.451, +2.238,+0.899
1667221320,+3.46,+14.477, +2.236,+0.899
1667221380,+3.46,+14.442, +2.241,+0.900
1667221440,+3.46,+14.468, +2.244,+0.899
1667221500,+3.46,+14.442, +2.251,+0.898
1667221560,+3.46,+14.434, +2.261,+0.897
1667221620,+3.46,+14.460, +2.267,+0.897
1667221680,+3.46,+14.451, +2.273,+0.896
1667221740,+3.46,+14.468, +2.280,+0.896
1667221800,+3.46,+14.460, +2.284,+0.896
1667221860,+3.46,+14.486, +2.290,+0.896
1667221920,+3.46,+14.486, +2.297,+0.896
1667221980,+3.46,+14.468, +2.305,+0.895
1667222040,+3.46,+14.477, +2.315,+0.894
1667222100,+3.46,+14.503, +2.326,+0.893
1667222160,+3.46,+14.486, +2.339,+0.892
1667222220,+3.46,+14.494, +2.353,+0.891
1667222280,+3.46,+14.520, +2.363,+0.891
1667222340,+3.46,+14.512, +2.373,+0.891
1667222400,+3.46,+14.503, +2.382,+0.892
1667222460,+3.46,+14.512, +2.388,+0.892
1667222520,+3.46,+14.512, +2.392,+0.893
1667222580,+3.46,+14.512, +2.395,+0.893
1667222640,+3.46,+14.538, +2.392,+0.894
1667222700,+3.46,+14.529, +2.393,+0.895
1667222760,+3.46,+14.546, +2.385,+0.896
1667222820,+3.46,+14.555, +2.374,+0.898
1667222880,+3.46,+14.546, +2.367,+0.899
1667222940,+3.46,+14.555, +2.358,+0.899
1667223000,+3.46,+14.529, +2.350,+0.899
1667223060,+3.46,+14.555, +2.339,+0.900
1667223120,+3.46,+14.538, +2.331,+0.900
1667223180,+3.46,+14.555, +2.320,+0.901
1667223240,+3.46,+14.564, +2.311,+0.901
1667223300,+3.46,+14.581, +2.305,+0.899
1667223360,+3.46,+14.581, +2.313,+0.897
1667223420,+3.46,+14.589, +2.324,+0.895
1667223480,+3.47,+14.607, +2.335,+0.893
1667223540,+3.47,+14.641, +2.345,+0.891
1667223600,+3.47,+14.641, +2.357,+0.890
1667223660,+3.47,+14.659, +2.370,+0.889
1667223720,+3.47,+14.667, +2.380,+0.888
1667223780,+3.47,+14.676, +2.387,+0.889
1667223840,+3.47,+14.685, +2.395,+0.889
1667223900,+3.47,+14.702, +2.402,+0.890
1667223960,+3.47,+14.710, +2.406,+0.890
1667224020,+3.47,+14.719, +2.410,+0.890
1667224080,+3.47,+14.719, +2.411,+0.891
1667224140,+3.47,+14.719, +2.415,+0.892
1667224200,+3.47,+14.736, +2.421,+0.891
1667224260,+3.47,+14.736, +2.425,+0.892
1667224320,+3.47,+14.736, +2.430,+0.891
1667224380,+3.47,+14.736, +2.435,+0.891
1667224440,+3.47,+14.728, +2.438,+0.891
1667224500,+3.47,+14.745, +2.439,+0.891
1667224560,+3.47,+14.771, +2.438,+0.892
1667224620,+3.47,+14.771, +2.438,+0.893
1667224680,+3.47,+14.779, +2.434,+0.894
1667224740,+3.47,+14.762, +2.432,+0.895
1667224800,+3.47,+14.788, +2.427,+0.895
1667224860,+3.47,+14.805, +2.421,+0.896
1667224920,+3.47,+14.814, +2.416,+0.897
1667224980,+3.47,+14.788, +2.413,+0.897
1667225040,+3.47,+14.797, +2.402,+0.898
1667225100,+3.47,+14.805, +2.392,+0.899
1667225160,+3.47,+14.805, +2.381,+0.899
1667225220,+3.47,+14.805, +2.373,+0.899
1667225280,+3.47,+14.814, +2.361,+0.900
1667225340,+3.47,+14.805, +2.349,+0.901
1667225400,+3.47,+14.814, +2.335,+0.902
1667225460,+3.47,+14.797, +2.325,+0.902
1667225520,+3.47,+14.823, +2.311,+0.902
1667225580,+3.47,+14.823, +2.300,+0.902
1667225640,+3.47,+14.823, +2.290,+0.902
1667225700,+3.47,+14.797, +2.295,+0.900
1667225760,+3.47,+14.805, +2.299,+0.898
1667225820,+3.47,+14.814, +2.307,+0.896
1667225880,+3.47,+14.840, +2.315,+0.894
1667225940,+3.47,+14.831, +2.326,+0.892
1667226000,+3.47,+14.831, +2.338,+0.890
1667226060,+3.47,+14.840, +2.353,+0.888
1667226120,+3.47,+14.831, +2.369,+0.887
1667226180,+3.47,+14.831, +2.379,+0.887
1667226240,+3.47,+14.840, +2.386,+0.888
1667226300,+3.47,+14.840, +2.392,+0.889
1667226360,+3.47,+14.831, +2.399,+0.889
1667226420,+3.47,+14.848, +2.403,+0.889
1667226480,+3.47,+14.840, +2.406,+0.890
1667226540,+3.47,+14.831, +2.410,+0.891
1667226600,+3.47,+14.857, +2.404,+0.892
1667226660,+3.47,+14.831, +2.405,+0.893
1667226720,+3.47,+14.840, +2.416,+0.891
1667226780,+3.47,+14.840, +2.433,+0.888
1667226840,+3.47,+14.857, +2.451,+0.886
1667226900,+3.47,+14.831, +2.471,+0.885
1667226960,+3.47,+14.840, +2.487,+0.884
1667227020,+3.47,+14.840, +2.503,+0.883
1667227080,+3.47,+14.831, +2.525,+0.882
1667227140,+3.47,+14.848, +2.542,+0.881
1667227200,+3.47,+14.848, +2.563,+0.880
1667227260,+3.47,+14.840, +2.583,+0.880
1667227320,+3.47,+14.857, +2.601,+0.880
1667227380,+3.47,+14.866, +2.620,+0.880
1667227440,+3.47,+14.874, +2.634,+0.880
1667227500,+3.47,+14.866, +2.650,+0.880
1667227560,+3.47,+14.857, +2.663,+0.881
1667227620,+3.47,+14.874, +2.669,+0.882
1667227680,+3.47,+14.874, +2.679,+0.884
1667227740,+3.47,+14.892, +2.682,+0.885
1667227800,+3.47,+14.909, +2.682,+0.886
1667227860,+3.47,+14.892, +2.681,+0.887
1667227920,+3.47,+14.883, +2.680,+0.888
1667227980,+3.47,+14.900, +2.674,+0.889
1667228040,+3.47,+14.900, +2.671,+0.890
1667228100,+3.47,+14.909, +2.667,+0.890
1667228160,+3.47,+14.917, +2.662,+0.891
1667228220,+3.47,+14.917, +2.654,+0.891
1667228280,+3.47,+14.935, +2.645,+0.892
1667228340,+3.47,+14.943, +2.638,+0.892
1667228400,+3.47,+14.952, +2.634,+0.892
1667228460,+3.47,+14.943, +2.621,+0.893
1667228520,+3.47,+14.943, +2.611,+0.893
1667228580,+3.47,+14.952, +2.597,+0.894
1667228640,+3.47,+14.935, +2.591,+0.894
1667228700,+3.47,+14.961, +2.582,+0.893
1667228760,+3.47,+14.978, +2.574,+0.893
1667228820,+3.47,+14.978, +2.571,+0.892
1667228880,+3.47,+14.978, +2.567,+0.892
1667228940,+3.47,+14.995, +2.559,+0.892
1667229000,+3.47,+15.004, +2.551,+0.893
1667229060,+3.47,+14.986, +2.547,+0.892
1667229120,+3.47,+14.995, +2.541,+0.892
1667229180,+3.47,+15.012, +2.533,+0.892
1667229240,+3.47,+15.004, +2.536,+0.890
1667229300,+3.47,+14.995, +2.542,+0.888
1667229360,+3.47,+14.995, +2.545,+0.887
1667229420,+3.47,+14.995, +2.546,+0.886
1667229480,+3.47,+14.995, +2.549,+0.885
1667229540,+3.47,+14.978, +2.556,+0.885
1667229600,+3.47,+14.995, +2.549,+0.886
1667229660,+3.47,+15.004, +2.545,+0.887
1667229720,+3.47,+14.978, +2.542,+0.888
1667229780,+3.47,+14.978, +2.535,+0.888
1667229840,+3.47,+14.961, +2.536,+0.889
1667229900,+3.47,+14.952, +2.533,+0.889
1667229960,+3.47,+14.926, +2.537,+0.889
1667230020,+3.47,+14.935, +2.544,+0.887
1667230080,+3.47,+14.935, +2.556,+0.884
1667230140,+3.47,+14.909, +2.573,+0.881
1667230200,+3.47,+14.900, +2.596,+0.879
1667230260,+3.47,+14.883, +2.617,+0.877
1667230320,+3.47,+14.892, +2.634,+0.877
1667230380,+3.47,+14.840, +2.653,+0.877
1667230440,+3.47,+14.857, +2.665,+0.878
1667230500,+3.47,+14.848, +2.674,+0.879
1667230560,+3.47,+14.823, +2.683,+0.880
1667230620,+3.47,+14.848, +2.695,+0.880
1667230680,+3.47,+14.831, +2.713,+0.878
1667230740,+3.47,+14.805, +2.734,+0.877
1667230800,+3.47,+14.823, +2.756,+0.875
1667230860,+3.47,+14.823, +2.780,+0.874
1667230920,+3.47,+14.805, +2.805,+0.873
1667230980,+3.47,+14.814, +2.828,+0.873
1667231040,+3.47,+14.831, +2.845,+0.873
1667231100,+3.47,+14.823, +2.857,+0.874
1667231160,+3.47,+14.805, +2.877,+0.874
1667231220,+3.47,+14.823, +2.889,+0.875
1667231280,+3.47,+14.823, +2.894,+0.877
1667231340,+3.47,+14.840, +2.899,+0.878
1667231400,+3.47,+14.823, +2.908,+0.879
1667231460,+3.47,+14.840, +2.906,+0.881
1667231520,+3.47,+14.840, +2.905,+0.882
1667231580,+3.47,+14.831, +2.902,+0.883
1667231640,+3.47,+14.840, +2.898,+0.884
1667231700,+3.47,+14.857, +2.891,+0.885
1667231760,+3.47,+14.831, +2.891,+0.885
1667231820,+3.47,+14.805, +2.894,+0.885
1667231880,+3.47,+14.814, +2.897,+0.883
1667231940,+3.47,+14.823, +2.905,+0.881
1667232000,+3.47,+14.805, +2.920,+0.880
1667232060,+3.47,+14.788, +2.927,+0.879
1667232120,+3.47,+14.823, +2.930,+0.879
1667232180,+3.47,+14.814, +2.941,+0.879
1667232240,+3.47,+14.805, +2.943,+0.880
1667232300,+3.47,+14.848, +2.938,+0.880
1667232360,+3.47,+14.831, +2.940,+0.880
1667232420,+3.47,+14.831, +2.938,+0.881
1667232480,+3.47,+14.840, +2.927,+0.884
1667232540,+3.47,+14.840, +2.901,+0.888
1667232600,+3.47,+14.840, +2.900,+0.888
1667232660,+3.47,+14.831, +2.898,+0.887
1667232720,+3.47,+14.823, +2.900,+0.886
1667232780,+3.47,+14.840, +2.899,+0.885
1667232840,+3.47,+14.823, +2.906,+0.884
1667232900,+3.47,+14.823, +2.911,+0.883
1667232960,+3.47,+14.823, +2.919,+0.881
1667233020,+3.47,+14.831, +2.933,+0.880
1667233080,+3.47,+14.814, +2.960,+0.878
1667233140,+3.47,+14.840, +2.971,+0.878
1667233200,+3.47,+14.831, +2.988,+0.878
1667233260,+3.47,+14.823, +3.002,+0.878
1667233320,+3.47,+14.840, +3.012,+0.878
1667233380,+3.47,+14.840, +3.017,+0.879
1667233440,+3.47,+14.848, +3.034,+0.878
1667233500,+3.47,+14.840, +3.066,+0.876
1667233560,+3.47,+14.840, +3.098,+0.875
1667233620,+3.47,+14.823, +3.122,+0.875
1667233680,+3.47,+14.840, +3.143,+0.875
1667233740,+3.47,+14.840, +3.171,+0.874
1667233800,+3.47,+14.857, +3.195,+0.873
1667233860,+3.47,+14.848, +3.220,+0.872
1667233920,+3.47,+14.866, +3.243,+0.872
1667233980,+3.47,+14.866, +3.262,+0.873
1667234040,+3.47,+14.866, +3.287,+0.873
1667234100,+3.47,+14.883, +3.305,+0.873
1667234160,+3.47,+14.857, +3.331,+0.873
1667234220,+3.47,+14.883, +3.347,+0.873
1667234280,+3.47,+14.874, +3.366,+0.874
1667234340,+3.47,+14.892, +3.378,+0.874
1667234400,+3.47,+14.866, +3.401,+0.875
1667234460,+3.47,+14.883, +3.411,+0.875
1667234520,+3.47,+14.900, +3.421,+0.875
1667234580,+3.47,+14.883, +3.433,+0.876
1667234640,+3.47,+14.900, +3.441,+0.877
1667234700,+3.47,+14.883, +3.450,+0.877
1667234760,+3.47,+14.900, +3.456,+0.877
1667234820,+3.47,+14.874, +3.469,+0.877
1667234880,+3.47,+14.866, +3.479,+0.877
