7450-383325
OS REV: 1.05 Sensor Cal: 1644949570
Time (sec),  BV (Volts),  T (deg C),  DO (mg/l),  Q ()
1666802940,+3.47,+16.578, +1.241,+0.902
1666803000,+3.47,+16.561, +1.246,+0.897
1666803060,+3.47,+16.578, +1.246,+0.895
1666803120,+3.47,+16.586, +1.243,+0.893
1666803180,+3.47,+16.586, +1.248,+0.891
1666803240,+3.47,+16.569, +1.254,+0.889
1666803300,+3.47,+16.586, +1.257,+0.889
1666803360,+3.47,+16.586, +1.255,+0.890
1666803420,+3.47,+16.595, +1.252,+0.892
1666803480,+3.47,+16.595, +1.242,+0.895
1666803540,+3.47,+16.595, +1.226,+0.897
1666803600,+3.47,+16.595, +1.203,+0.899
1666803660,+3.47,+16.595, +1.179,+0.900
1666803720,+3.47,+16.595, +1.165,+0.900
1666803780,+3.47,+16.603, +1.152,+0.899
1666803840,+3.47,+16.586, +1.139,+0.900
1666803900,+3.47,+16.595, +1.124,+0.901
1666803960,+3.47,+16.603, +1.107,+0.902
1666804020,+3.47,+16.612, +1.090,+0.904
1666804080,+3.47,+16.603, +1.073,+0.905
1666804140,+3.47,+16.595, +1.060,+0.906
1666804200,+3.47,+16.603, +1.046,+0.907
1666804260,+3.47,+16.603, +1.035,+0.907
1666804320,+3.47,+16.620, +1.026,+0.905
1666804380,+3.47,+16.586, +1.029,+0.904
1666804440,+3.47,+16.603, +1.036,+0.902
1666804500,+3.47,+16.603, +1.041,+0.901
1666804560,+3.47,+16.603, +1.038,+0.902
1666804620,+3.47,+16.612, +1.031,+0.903
1666804680,+3.47,+16.603, +1.016,+0.905
1666804740,+3.47,+16.603, +0.992,+0.906
1666804800,+3.47,+16.646, +0.972,+0.907
1666804860,+3.47,+16.620, +0.971,+0.904
1666804920,+3.47,+16.603, +0.978,+0.900
1666804980,+3.47,+16.629, +1.000,+0.896
1666805040,+3.47,+16.620, +1.040,+0.890
1666805100,+3.47,+16.629, +1.073,+0.886
1666805160,+3.47,+16.629, +1.115,+0.883
1666805220,+3.47,+16.629, +1.155,+0.881
1666805280,+3.47,+16.629, +1.179,+0.882
1666805340,+3.47,+16.629, +1.199,+0.884
1666805400,+3.47,+16.629, +1.210,+0.886
1666805460,+3.47,+16.629, +1.212,+0.889
1666805520,+3.47,+16.654, +1.207,+0.892
1666805580,+3.47,+16.620, +1.195,+0.895
1666805640,+3.47,+16.629, +1.174,+0.898
1666805700,+3.47,+16.620, +1.152,+0.900
1666805760,+3.47,+16.612, +1.129,+0.902
1666805820,+3.47,+16.646, +1.099,+0.904
1666805880,+3.47,+16.629, +1.072,+0.905
1666805940,+3.47,+16.646, +1.044,+0.907
1666806000,+3.47,+16.620, +1.019,+0.908
1666806060,+3.47,+16.620, +1.015,+0.905
1666806120,+3.47,+16.637, +1.027,+0.900
1666806180,+3.47,+16.646, +1.046,+0.896
1666806240,+3.47,+16.637, +1.065,+0.894
1666806300,+3.47,+16.637, +1.082,+0.894
1666806360,+3.47,+16.646, +1.084,+0.895
1666806420,+3.47,+16.646, +1.085,+0.895
1666806480,+3.47,+16.671, +1.110,+0.892
1666806540,+3.47,+16.663, +1.198,+0.879
1666806600,+3.47,+16.637, +1.262,+0.873
1666806660,+3.47,+16.671, +1.310,+0.872
1666806720,+3.47,+16.654, +1.357,+0.873
1666806780,+3.47,+16.629, +1.389,+0.876
1666806840,+3.47,+16.663, +1.401,+0.879
1666806900,+3.47,+16.654, +1.409,+0.882
1666806960,+3.47,+16.663, +1.412,+0.884
1666807020,+3.47,+16.671, +1.407,+0.886
1666807080,+3.47,+16.663, +1.392,+0.888
1666807140,+3.47,+16.663, +1.368,+0.891
1666807200,+3.47,+16.671, +1.337,+0.893
1666807260,+3.47,+16.663, +1.355,+0.892
1666807320,+3.47,+16.654, +1.374,+0.890
1666807380,+3.47,+16.680, +1.381,+0.890
1666807440,+3.47,+16.671, +1.389,+0.890
1666807500,+3.47,+16.671, +1.391,+0.888
1666807560,+3.47,+16.671, +1.401,+0.887
1666807620,+3.47,+16.663, +1.416,+0.887
1666807680,+3.47,+16.671, +1.441,+0.883
1666807740,+3.47,+16.680, +1.497,+0.874
1666807800,+3.47,+16.680, +1.558,+0.866
1666807860,+3.47,+16.654, +1.625,+0.862
1666807920,+3.47,+16.671, +1.696,+0.861
1666807980,+3.47,+16.688, +1.824,+0.849
1666808040,+3.47,+16.697, +1.947,+0.845
1666808100,+3.47,+16.688, +2.031,+0.847
1666808160,+3.47,+16.688, +2.088,+0.850
1666808220,+3.47,+16.663, +2.142,+0.851
1666808280,+3.47,+16.671, +2.180,+0.853
1666808340,+3.47,+16.663, +2.206,+0.855
1666808400,+3.47,+16.680, +2.216,+0.856
1666808460,+3.47,+16.663, +2.217,+0.858
1666808520,+3.47,+16.671, +2.215,+0.858
1666808580,+3.47,+16.688, +2.217,+0.858
1666808640,+3.47,+16.671, +2.225,+0.858
1666808700,+3.47,+16.688, +2.233,+0.857
1666808760,+3.47,+16.680, +2.234,+0.858
1666808820,+3.47,+16.663, +2.234,+0.859
1666808880,+3.47,+16.671, +2.234,+0.859
1666808940,+3.47,+16.671, +2.231,+0.859
1666809000,+3.47,+16.697, +2.223,+0.860
1666809060,+3.47,+16.671, +2.226,+0.860
1666809120,+3.47,+16.680, +2.231,+0.859
1666809180,+3.47,+16.680, +2.234,+0.858
1666809240,+3.47,+16.671, +2.244,+0.858
1666809300,+3.47,+16.688, +2.251,+0.859
1666809360,+3.47,+16.705, +2.251,+0.862
1666809420,+3.47,+16.697, +2.245,+0.864
1666809480,+3.47,+16.680, +2.234,+0.866
1666809540,+3.47,+16.697, +2.217,+0.868
1666809600,+3.47,+16.688, +2.200,+0.870
1666809660,+3.47,+16.714, +2.179,+0.872
1666809720,+3.47,+16.680, +2.165,+0.874
1666809780,+3.47,+16.688, +2.146,+0.874
1666809840,+3.47,+16.705, +2.127,+0.874
1666809900,+3.47,+16.688, +2.110,+0.875
1666809960,+3.47,+16.688, +2.105,+0.874
1666810020,+3.47,+16.680, +2.105,+0.871
1666810080,+3.47,+16.705, +2.119,+0.868
1666810140,+3.47,+16.705, +2.130,+0.865
1666810200,+3.47,+16.705, +2.139,+0.864
1666810260,+3.47,+16.697, +2.157,+0.862
1666810320,+3.47,+16.705, +2.183,+0.862
1666810380,+3.47,+16.705, +2.207,+0.862
1666810440,+3.47,+16.705, +2.222,+0.863
1666810500,+3.47,+16.705, +2.232,+0.863
1666810560,+3.47,+16.722, +2.235,+0.864
1666810620,+3.47,+16.705, +2.234,+0.867
1666810680,+3.47,+16.714, +2.233,+0.868
1666810740,+3.47,+16.705, +2.230,+0.869
1666810800,+3.47,+16.714, +2.216,+0.871
1666810860,+3.47,+16.722, +2.209,+0.870
1666810920,+3.47,+16.705, +2.208,+0.868
1666810980,+3.47,+16.705, +2.198,+0.868
1666811040,+3.47,+16.714, +2.189,+0.869
1666811100,+3.47,+16.705, +2.187,+0.869
1666811160,+3.47,+16.739, +2.180,+0.870
1666811220,+3.47,+16.731, +2.177,+0.870
1666811280,+3.47,+16.731, +2.171,+0.871
1666811340,+3.47,+16.714, +2.160,+0.872
1666811400,+3.47,+16.739, +2.146,+0.873
1666811460,+3.47,+16.714, +2.135,+0.873
1666811520,+3.47,+16.739, +2.117,+0.875
1666811580,+3.47,+16.714, +2.102,+0.876
1666811640,+3.47,+16.714, +2.077,+0.878
1666811700,+3.47,+16.722, +2.054,+0.879
1666811760,+3.47,+16.731, +2.029,+0.880
1666811820,+3.47,+16.722, +2.000,+0.883
1666811880,+3.47,+16.739, +1.968,+0.885
1666811940,+3.47,+16.748, +1.932,+0.887
1666812000,+3.47,+16.739, +1.895,+0.890
1666812060,+3.47,+16.731, +1.851,+0.891
1666812120,+3.47,+16.748, +1.816,+0.892
1666812180,+3.47,+16.731, +1.787,+0.893
1666812240,+3.47,+16.739, +1.745,+0.895
1666812300,+3.47,+16.722, +1.710,+0.895
1666812360,+3.47,+16.739, +1.690,+0.891
1666812420,+3.47,+16.731, +1.672,+0.889
1666812480,+3.47,+16.731, +1.662,+0.886
1666812540,+3.47,+16.722, +1.670,+0.882
1666812600,+3.47,+16.748, +1.692,+0.875
1666812660,+3.47,+16.748, +1.724,+0.871
1666812720,+3.47,+16.722, +1.735,+0.871
1666812780,+3.47,+16.722, +1.747,+0.872
1666812840,+3.47,+16.731, +1.759,+0.871
1666812900,+3.47,+16.739, +1.772,+0.870
1666812960,+3.47,+16.748, +1.789,+0.870
1666813020,+3.47,+16.731, +1.812,+0.869
1666813080,+3.47,+16.748, +1.836,+0.868
1666813140,+3.47,+16.748, +1.861,+0.869
1666813200,+3.47,+16.739, +1.881,+0.870
1666813260,+3.47,+16.739, +1.895,+0.872
1666813320,+3.47,+16.756, +1.897,+0.873
1666813380,+3.47,+16.731, +1.896,+0.875
1666813440,+3.47,+16.739, +1.900,+0.874
1666813500,+3.47,+16.731, +1.903,+0.875
1666813560,+3.47,+16.739, +1.897,+0.878
1666813620,+3.47,+16.739, +1.875,+0.882
1666813680,+3.47,+16.731, +1.849,+0.886
1666813740,+3.47,+16.739, +1.818,+0.889
1666813800,+3.47,+16.722, +1.781,+0.893
1666813860,+3.47,+16.731, +1.740,+0.896
1666813920,+3.47,+16.739, +1.694,+0.899
1666813980,+3.47,+16.739, +1.650,+0.900
1666814040,+3.47,+16.731, +1.617,+0.900
1666814100,+3.47,+16.739, +1.579,+0.900
1666814160,+3.47,+16.739, +1.533,+0.902
1666814220,+3.47,+16.748, +1.482,+0.904
1666814280,+3.47,+16.731, +1.431,+0.906
1666814340,+3.47,+16.748, +1.373,+0.909
1666814400,+3.47,+16.739, +1.317,+0.910
1666814460,+3.47,+16.748, +1.270,+0.910
1666814520,+3.47,+16.731, +1.234,+0.910
1666814580,+3.47,+16.739, +1.207,+0.907
1666814640,+3.47,+16.748, +1.183,+0.906
1666814700,+3.47,+16.748, +1.155,+0.905
1666814760,+3.47,+16.731, +1.140,+0.903
1666814820,+3.47,+16.748, +1.147,+0.900
1666814880,+3.47,+16.731, +1.173,+0.895
1666814940,+3.47,+16.739, +1.197,+0.892
1666815000,+3.47,+16.765, +1.220,+0.890
1666815060,+3.47,+16.739, +1.236,+0.891
1666815120,+3.47,+16.748, +1.240,+0.891
1666815180,+3.47,+16.739, +1.244,+0.892
1666815240,+3.47,+16.748, +1.251,+0.892
1666815300,+3.47,+16.731, +1.277,+0.889
1666815360,+3.47,+16.739, +1.298,+0.887
1666815420,+3.47,+16.748, +1.311,+0.888
1666815480,+3.47,+16.739, +1.317,+0.887
1666815540,+3.47,+16.748, +1.329,+0.885
1666815600,+3.47,+16.739, +1.340,+0.885
1666815660,+3.47,+16.739, +1.340,+0.886
1666815720,+3.47,+16.748, +1.335,+0.888
1666815780,+3.47,+16.739, +1.323,+0.890
1666815840,+3.47,+16.756, +1.304,+0.893
1666815900,+3.47,+16.748, +1.281,+0.897
1666815960,+3.47,+16.748, +1.247,+0.901
1666816020,+3.47,+16.765, +1.215,+0.904
1666816080,+3.47,+16.756, +1.183,+0.906
1666816140,+3.47,+16.765, +1.151,+0.907
1666816200,+3.47,+16.773, +1.132,+0.908
1666816260,+3.47,+16.765, +1.115,+0.908
1666816320,+3.47,+16.765, +1.100,+0.907
1666816380,+3.47,+16.756, +1.089,+0.906
1666816440,+3.47,+16.773, +1.073,+0.906
1666816500,+3.47,+16.756, +1.045,+0.908
1666816560,+3.47,+16.748, +1.021,+0.909
1666816620,+3.47,+16.765, +0.997,+0.909
1666816680,+3.47,+16.773, +0.981,+0.907
1666816740,+3.47,+16.765, +0.989,+0.904
1666816800,+3.47,+16.756, +0.998,+0.902
1666816860,+3.47,+16.773, +1.012,+0.900
1666816920,+3.47,+16.756, +1.034,+0.897
1666816980,+3.47,+16.765, +1.053,+0.896
1666817040,+3.47,+16.748, +1.059,+0.896
1666817100,+3.47,+16.756, +1.059,+0.896
1666817160,+3.47,+16.773, +1.071,+0.895
1666817220,+3.47,+16.773, +1.095,+0.892
1666817280,+3.47,+16.773, +1.154,+0.885
1666817340,+3.47,+16.790, +1.209,+0.881
1666817400,+3.47,+16.756, +1.253,+0.881
1666817460,+3.47,+16.765, +1.280,+0.884
1666817520,+3.47,+16.782, +1.309,+0.884
1666817580,+3.47,+16.790, +1.408,+0.871
1666817640,+3.47,+16.782, +1.561,+0.859
1666817700,+3.47,+16.799, +1.697,+0.853
1666817760,+3.47,+16.799, +1.815,+0.851
1666817820,+3.47,+16.782, +1.920,+0.851
1666817880,+3.47,+16.790, +1.999,+0.852
1666817940,+3.47,+16.790, +2.053,+0.855
1666818000,+3.47,+16.799, +2.088,+0.858
1666818060,+3.47,+16.799, +2.170,+0.853
1666818120,+3.47,+16.807, +2.349,+0.844
1666818180,+3.47,+16.816, +2.453,+0.844
1666818240,+3.47,+16.799, +2.519,+0.848
1666818300,+3.47,+16.799, +2.556,+0.852
1666818360,+3.47,+16.790, +2.566,+0.856
1666818420,+3.47,+16.807, +2.557,+0.860
1666818480,+3.47,+16.807, +2.533,+0.864
1666818540,+3.47,+16.816, +2.500,+0.868
1666818600,+3.47,+16.790, +2.455,+0.872
1666818660,+3.47,+16.816, +2.400,+0.876
1666818720,+3.47,+16.816, +2.343,+0.878
1666818780,+3.47,+16.824, +2.278,+0.881
1666818840,+3.47,+16.807, +2.213,+0.883
1666818900,+3.47,+16.816, +2.145,+0.884
1666818960,+3.47,+16.807, +2.083,+0.884
1666819020,+3.47,+16.816, +2.027,+0.883
1666819080,+3.47,+16.807, +1.977,+0.882
1666819140,+3.47,+16.833, +1.929,+0.882
1666819200,+3.47,+16.824, +1.890,+0.880
1666819260,+3.47,+16.833, +1.857,+0.879
1666819320,+3.47,+16.824, +1.834,+0.878
1666819380,+3.47,+16.833, +1.817,+0.877
1666819440,+3.47,+16.807, +1.803,+0.877
1666819500,+3.47,+16.824, +1.778,+0.878
1666819560,+3.47,+16.807, +1.755,+0.878
1666819620,+3.47,+16.807, +1.738,+0.877
1666819680,+3.47,+16.807, +1.727,+0.877
1666819740,+3.47,+16.824, +1.716,+0.878
1666819800,+3.47,+16.833, +1.702,+0.879
1666819860,+3.47,+16.824, +1.684,+0.881
1666819920,+3.47,+16.807, +1.663,+0.884
1666819980,+3.47,+16.816, +1.638,+0.886
1666820040,+3.47,+16.816, +1.620,+0.885
1666820100,+3.47,+16.833, +1.608,+0.882
1666820160,+3.47,+16.824, +1.600,+0.880
1666820220,+3.47,+16.824, +1.589,+0.879
1666820280,+3.47,+16.816, +1.579,+0.879
1666820340,+3.47,+16.833, +1.571,+0.880
1666820400,+3.47,+16.816, +1.578,+0.878
1666820460,+3.47,+16.841, +1.575,+0.879
1666820520,+3.47,+16.841, +1.573,+0.880
1666820580,+3.47,+16.816, +1.558,+0.883
1666820640,+3.47,+16.841, +1.531,+0.887
1666820700,+3.47,+16.816, +1.504,+0.890
1666820760,+3.47,+16.833, +1.464,+0.894
1666820820,+3.47,+16.833, +1.419,+0.898
1666820880,+3.47,+16.824, +1.373,+0.900
1666820940,+3.47,+16.850, +1.320,+0.902
1666821000,+3.47,+16.841, +1.269,+0.904
1666821060,+3.47,+16.867, +1.221,+0.904
1666821120,+3.47,+16.850, +1.181,+0.904
1666821180,+3.47,+16.858, +1.127,+0.906
1666821240,+3.48,+16.867, +1.068,+0.909
1666821300,+3.48,+16.884, +1.020,+0.910
1666821360,+3.48,+16.875, +0.989,+0.908
1666821420,+3.47,+16.875, +0.988,+0.902
1666821480,+3.48,+16.884, +0.990,+0.899
1666821540,+3.48,+16.875, +1.001,+0.896
1666821600,+3.48,+16.875, +1.005,+0.896
1666821660,+3.48,+16.884, +1.006,+0.897
1666821720,+3.48,+16.875, +0.995,+0.899
1666821780,+3.48,+16.858, +0.979,+0.902
1666821840,+3.48,+16.867, +0.949,+0.905
1666821900,+3.47,+16.858, +0.917,+0.908
1666821960,+3.48,+16.867, +0.879,+0.910
1666822020,+3.48,+16.867, +0.841,+0.911
1666822080,+3.48,+16.867, +0.805,+0.912
1666822140,+3.47,+16.850, +0.769,+0.912
1666822200,+3.48,+16.867, +0.739,+0.912
1666822260,+3.48,+16.867, +0.705,+0.913
1666822320,+3.48,+16.875, +0.678,+0.915
1666822380,+3.48,+16.884, +0.652,+0.915
1666822440,+3.47,+16.875, +0.631,+0.915
1666822500,+3.48,+16.884, +0.606,+0.917
1666822560,+3.48,+16.850, +0.585,+0.918
1666822620,+3.47,+16.884, +0.565,+0.918
1666822680,+3.48,+16.884, +0.543,+0.920
1666822740,+3.48,+16.901, +0.532,+0.920
1666822800,+3.48,+16.884, +0.541,+0.919
1666822860,+3.48,+16.892, +0.573,+0.913
1666822920,+3.48,+16.909, +0.606,+0.909
1666822980,+3.48,+16.901, +0.624,+0.909
1666823040,+3.48,+16.901, +0.635,+0.909
1666823100,+3.48,+16.901, +0.655,+0.908
1666823160,+3.48,+16.901, +0.690,+0.903
1666823220,+3.48,+16.892, +0.734,+0.898
1666823280,+3.48,+16.875, +0.785,+0.894
1666823340,+3.48,+16.901, +0.934,+0.878
1666823400,+3.48,+16.884, +1.211,+0.853
1666823460,+3.48,+16.875, +1.338,+0.850
1666823520,+3.47,+16.875, +1.412,+0.852
1666823580,+3.48,+16.875, +1.460,+0.854
1666823640,+3.48,+16.867, +1.500,+0.856
1666823700,+3.48,+16.867, +1.539,+0.857
1666823760,+3.48,+16.867, +1.564,+0.857
1666823820,+3.48,+16.858, +1.578,+0.860
1666823880,+3.47,+16.858, +1.581,+0.864
1666823940,+3.47,+16.833, +1.579,+0.867
1666824000,+3.47,+16.841, +1.567,+0.871
1666824060,+3.47,+16.850, +1.544,+0.874
1666824120,+3.47,+16.850, +1.515,+0.877
1666824180,+3.47,+16.824, +1.486,+0.882
1666824240,+3.47,+16.850, +1.444,+0.886
1666824300,+3.47,+16.833, +1.396,+0.890
1666824360,+3.47,+16.841, +1.337,+0.894
1666824420,+3.47,+16.816, +1.277,+0.898
1666824480,+3.47,+16.833, +1.211,+0.902
1666824540,+3.47,+16.841, +1.142,+0.905
1666824600,+3.47,+16.807, +1.072,+0.908
1666824660,+3.47,+16.850, +1.004,+0.910
1666824720,+3.47,+16.824, +0.949,+0.912
1666824780,+3.47,+16.833, +0.897,+0.913
1666824840,+3.47,+16.841, +0.847,+0.915
1666824900,+3.47,+16.850, +0.796,+0.916
1666824960,+3.47,+16.833, +0.749,+0.917
1666825020,+3.47,+16.841, +0.722,+0.914
1666825080,+3.48,+16.867, +0.699,+0.914
1666825140,+3.48,+16.867, +0.680,+0.912
1666825200,+3.48,+16.867, +0.676,+0.911
1666825260,+3.47,+16.850, +0.682,+0.910
1666825320,+3.47,+16.858, +0.688,+0.910
1666825380,+3.47,+16.850, +0.683,+0.909
1666825440,+3.48,+16.850, +0.717,+0.900
1666825500,+3.47,+16.841, +0.793,+0.889
1666825560,+3.47,+16.841, +0.865,+0.885
1666825620,+3.47,+16.858, +0.917,+0.885
1666825680,+3.47,+16.824, +0.948,+0.888
1666825740,+3.47,+16.833, +0.953,+0.892
1666825800,+3.47,+16.833, +0.948,+0.895
1666825860,+3.47,+16.816, +0.938,+0.897
1666825920,+3.47,+16.833, +0.921,+0.900
1666825980,+3.47,+16.824, +0.897,+0.902
1666826040,+3.47,+16.807, +0.872,+0.904
1666826100,+3.47,+16.824, +0.863,+0.900
1666826160,+3.47,+16.824, +0.877,+0.896
1666826220,+3.47,+16.833, +0.904,+0.892
1666826280,+3.47,+16.807, +0.941,+0.887
1666826340,+3.47,+16.816, +0.969,+0.886
1666826400,+3.47,+16.807, +0.985,+0.888
1666826460,+3.47,+16.816, +0.991,+0.891
1666826520,+3.47,+16.782, +0.989,+0.895
1666826580,+3.47,+16.799, +0.962,+0.900
1666826640,+3.47,+16.782, +0.935,+0.902
1666826700,+3.47,+16.807, +0.931,+0.899
1666826760,+3.47,+16.799, +0.954,+0.893
1666826820,+3.47,+16.799, +0.986,+0.888
1666826880,+3.47,+16.765, +1.023,+0.885
1666826940,+3.47,+16.782, +1.052,+0.883
1666827000,+3.47,+16.756, +1.078,+0.882
1666827060,+3.47,+16.782, +1.103,+0.880
1666827120,+3.47,+16.790, +1.135,+0.878
1666827180,+3.47,+16.773, +1.169,+0.877
1666827240,+3.47,+16.773, +1.181,+0.880
1666827300,+3.47,+16.782, +1.183,+0.882
1666827360,+3.47,+16.790, +1.186,+0.881
1666827420,+3.47,+16.782, +1.197,+0.877
1666827480,+3.47,+16.799, +1.219,+0.875
1666827540,+3.47,+16.790, +1.244,+0.875
1666827600,+3.47,+16.790, +1.265,+0.875
1666827660,+3.47,+16.782, +1.283,+0.873
1666827720,+3.47,+16.782, +1.303,+0.872
1666827780,+3.47,+16.773, +1.311,+0.875
1666827840,+3.47,+16.765, +1.305,+0.879
1666827900,+3.47,+16.773, +1.282,+0.884
1666827960,+3.47,+16.765, +1.251,+0.888
1666828020,+3.47,+16.756, +1.222,+0.889
1666828080,+3.47,+16.765, +1.187,+0.891
1666828140,+3.47,+16.782, +1.135,+0.896
1666828200,+3.47,+16.765, +1.074,+0.901
1666828260,+3.47,+16.782, +1.000,+0.907
1666828320,+3.47,+16.773, +0.920,+0.911
1666828380,+3.47,+16.799, +0.831,+0.915
1666828440,+3.47,+16.765, +0.752,+0.918
1666828500,+3.47,+16.773, +0.684,+0.919
1666828560,+3.47,+16.773, +0.632,+0.920
1666828620,+3.47,+16.765, +0.583,+0.922
1666828680,+3.47,+16.773, +0.599,+0.914
1666828740,+3.47,+16.782, +0.694,+0.897
1666828800,+3.47,+16.782, +0.791,+0.885
1666828860,+3.47,+16.782, +0.933,+0.873
1666828920,+3.47,+16.790, +1.043,+0.871
1666828980,+3.47,+16.782, +1.123,+0.870
1666829040,+3.47,+16.782, +1.192,+0.868
1666829100,+3.47,+16.773, +1.254,+0.866
1666829160,+3.47,+16.790, +1.310,+0.864
1666829220,+3.47,+16.773, +1.368,+0.863
1666829280,+3.47,+16.799, +1.409,+0.864
1666829340,+3.47,+16.790, +1.440,+0.868
1666829400,+3.47,+16.782, +1.459,+0.872
1666829460,+3.47,+16.765, +1.468,+0.877
1666829520,+3.47,+16.782, +1.447,+0.884
1666829580,+3.47,+16.790, +1.394,+0.893
1666829640,+3.47,+16.765, +1.313,+0.902
1666829700,+3.47,+16.765, +1.208,+0.910
1666829760,+3.47,+16.782, +1.082,+0.918
1666829820,+3.47,+16.790, +0.940,+0.924
1666829880,+3.47,+16.773, +0.804,+0.928
1666829940,+3.47,+16.782, +0.713,+0.925
1666830000,+3.47,+16.782, +0.723,+0.913
1666830060,+3.47,+16.782, +0.812,+0.896
1666830120,+3.47,+16.782, +0.928,+0.883
1666830180,+3.47,+16.773, +1.025,+0.874
1666830240,+3.47,+16.782, +1.114,+0.869
1666830300,+3.47,+16.782, +1.208,+0.864
1666830360,+3.47,+16.782, +1.295,+0.861
1666830420,+3.47,+16.782, +1.377,+0.858
1666830480,+3.47,+16.782, +1.462,+0.856
1666830540,+3.47,+16.773, +1.543,+0.855
1666830600,+3.47,+16.782, +1.608,+0.856
1666830660,+3.47,+16.756, +1.658,+0.860
1666830720,+3.47,+16.773, +1.688,+0.864
1666830780,+3.47,+16.782, +1.698,+0.867
1666830840,+3.47,+16.756, +1.709,+0.870
1666830900,+3.47,+16.765, +1.703,+0.874
1666830960,+3.47,+16.748, +1.689,+0.878
1666831020,+3.47,+16.748, +1.671,+0.881
1666831080,+3.47,+16.756, +1.642,+0.885
1666831140,+3.47,+16.748, +1.607,+0.890
1666831200,+3.47,+16.739, +1.560,+0.894
1666831260,+3.47,+16.756, +1.503,+0.898
1666831320,+3.47,+16.739, +1.440,+0.902
1666831380,+3.47,+16.756, +1.377,+0.904
1666831440,+3.47,+16.756, +1.308,+0.908
1666831500,+3.47,+16.748, +1.225,+0.912
1666831560,+3.47,+16.756, +1.197,+0.914
1666831620,+3.47,+16.756, +1.168,+0.912
1666831680,+3.47,+16.731, +1.123,+0.912
1666831740,+3.47,+16.765, +1.058,+0.912
1666831800,+3.47,+16.739, +0.990,+0.914
1666831860,+3.47,+16.722, +0.918,+0.915
1666831920,+3.47,+16.756, +0.838,+0.918
1666831980,+3.47,+16.756, +0.747,+0.922
1666832040,+3.47,+16.756, +0.657,+0.926
1666832100,+3.47,+16.765, +0.574,+0.928
1666832160,+3.47,+16.756, +0.502,+0.930
1666832220,+3.47,+16.756, +0.446,+0.931
1666832280,+3.47,+16.739, +0.406,+0.932
1666832340,+3.47,+16.748, +0.384,+0.933
1666832400,+3.47,+16.739, +0.373,+0.932
1666832460,+3.47,+16.765, +0.370,+0.932
1666832520,+3.47,+16.765, +0.378,+0.931
1666832580,+3.47,+16.773, +0.434,+0.921
1666832640,+3.47,+16.799, +0.561,+0.904
1666832700,+3.47,+16.816, +0.690,+0.891
1666832760,+3.47,+16.833, +0.795,+0.883
1666832820,+3.47,+16.833, +0.908,+0.873
1666832880,+3.47,+16.841, +1.018,+0.865
1666832940,+3.48,+16.858, +1.124,+0.858
1666833000,+3.48,+16.867, +1.242,+0.854
1666833060,+3.48,+16.892, +1.335,+0.854
1666833120,+3.48,+16.892, +1.413,+0.852
1666833180,+3.48,+16.867, +1.467,+0.853
1666833240,+3.48,+16.875, +1.509,+0.854
1666833300,+3.48,+16.884, +1.551,+0.854
1666833360,+3.48,+16.867, +1.586,+0.856
1666833420,+3.48,+16.892, +1.611,+0.856
1666833480,+3.48,+16.875, +1.620,+0.858
1666833540,+3.48,+16.867, +1.630,+0.857
1666833600,+3.47,+16.867, +1.643,+0.857
1666833660,+3.47,+16.841, +1.661,+0.856
1666833720,+3.47,+16.833, +1.675,+0.859
1666833780,+3.47,+16.816, +1.678,+0.860
1666833840,+3.47,+16.807, +1.687,+0.860
1666833900,+3.47,+16.807, +1.690,+0.862
1666833960,+3.47,+16.799, +1.693,+0.862
1666834020,+3.47,+16.790, +1.703,+0.863
1666834080,+3.47,+16.790, +1.708,+0.862
1666834140,+3.47,+16.790, +1.717,+0.860
1666834200,+3.47,+16.773, +1.727,+0.859
1666834260,+3.47,+16.790, +1.731,+0.861
1666834320,+3.47,+16.782, +1.724,+0.866
1666834380,+3.47,+16.799, +1.704,+0.869
1666834440,+3.47,+16.765, +1.682,+0.873
1666834500,+3.47,+16.773, +1.672,+0.869
1666834560,+3.47,+16.782, +1.666,+0.867
1666834620,+3.47,+16.765, +1.677,+0.864
1666834680,+3.47,+16.773, +1.696,+0.865
1666834740,+3.47,+16.782, +1.707,+0.868
1666834800,+3.47,+16.765, +1.706,+0.871
1666834860,+3.47,+16.773, +1.687,+0.875
1666834920,+3.47,+16.756, +1.655,+0.880
1666834980,+3.47,+16.773, +1.608,+0.884
1666835040,+3.47,+16.765, +1.565,+0.889
1666835100,+3.47,+16.748, +1.525,+0.892
1666835160,+3.47,+16.748, +1.476,+0.896
1666835220,+3.47,+16.748, +1.432,+0.895
1666835280,+3.47,+16.756, +1.373,+0.895
1666835340,+3.47,+16.748, +1.326,+0.893
1666835400,+3.47,+16.748, +1.263,+0.894
1666835460,+3.47,+16.739, +1.199,+0.896
1666835520,+3.47,+16.739, +1.136,+0.900
1666835580,+3.47,+16.739, +1.083,+0.903
1666835640,+3.47,+16.731, +1.032,+0.906
1666835700,+3.47,+16.748, +0.987,+0.908
1666835760,+3.47,+16.731, +0.960,+0.904
1666835820,+3.47,+16.748, +0.938,+0.900
1666835880,+3.47,+16.748, +0.913,+0.900
1666835940,+3.47,+16.739, +0.890,+0.898
1666836000,+3.47,+16.722, +0.888,+0.895
1666836060,+3.47,+16.756, +0.887,+0.894
1666836120,+3.47,+16.722, +0.886,+0.895
1666836180,+3.47,+16.722, +0.877,+0.896
1666836240,+3.47,+16.714, +0.865,+0.900
1666836300,+3.47,+16.722, +0.847,+0.903
1666836360,+3.47,+16.722, +0.821,+0.906
1666836420,+3.47,+16.697, +0.808,+0.907
1666836480,+3.47,+16.714, +0.820,+0.905
1666836540,+3.47,+16.722, +0.799,+0.905
1666836600,+3.47,+16.714, +0.786,+0.906
1666836660,+3.47,+16.731, +0.775,+0.907
1666836720,+3.47,+16.722, +0.764,+0.909
1666836780,+3.47,+16.722, +0.746,+0.911
1666836840,+3.47,+16.714, +0.715,+0.913
1666836900,+3.47,+16.705, +0.685,+0.915
1666836960,+3.47,+16.722, +0.659,+0.916
1666837020,+3.47,+16.705, +0.642,+0.917
1666837080,+3.47,+16.722, +0.616,+0.919
1666837140,+3.47,+16.714, +0.585,+0.921
1666837200,+3.47,+16.714, +0.562,+0.921
1666837260,+3.47,+16.714, +0.542,+0.921
1666837320,+3.47,+16.705, +0.534,+0.922
1666837380,+3.47,+16.722, +0.515,+0.922
1666837440,+3.47,+16.731, +0.493,+0.924
1666837500,+3.47,+16.705, +0.470,+0.925
1666837560,+3.47,+16.705, +0.437,+0.927
1666837620,+3.47,+16.705, +0.426,+0.927
1666837680,+3.47,+16.705, +0.400,+0.928
1666837740,+3.47,+16.705, +0.379,+0.929
1666837800,+3.47,+16.697, +0.352,+0.930
1666837860,+3.47,+16.705, +0.320,+0.931
1666837920,+3.47,+16.714, +0.317,+0.931
1666837980,+3.47,+16.722, +0.383,+0.925
1666838040,+3.47,+16.731, +0.511,+0.911
1666838100,+3.47,+16.722, +0.659,+0.894
1666838160,+3.47,+16.697, +0.744,+0.886
1666838220,+3.47,+16.705, +0.812,+0.880
1666838280,+3.47,+16.722, +0.885,+0.876
1666838340,+3.47,+16.705, +0.934,+0.876
1666838400,+3.47,+16.697, +0.985,+0.872
1666838460,+3.47,+16.722, +1.017,+0.874
1666838520,+3.47,+16.688, +1.030,+0.877
1666838580,+3.47,+16.705, +1.035,+0.878
1666838640,+3.47,+16.697, +1.012,+0.886
1666838700,+3.47,+16.697, +0.971,+0.893
1666838760,+3.47,+16.697, +0.913,+0.899
1666838820,+3.47,+16.671, +0.847,+0.903
1666838880,+3.47,+16.654, +0.780,+0.908
1666838940,+3.47,+16.646, +0.715,+0.911
1666839000,+3.47,+16.654, +0.662,+0.913
1666839060,+3.47,+16.654, +0.613,+0.914
1666839120,+3.47,+16.654, +0.575,+0.916
1666839180,+3.47,+16.637, +0.543,+0.918
1666839240,+3.47,+16.637, +0.519,+0.919
1666839300,+3.47,+16.620, +0.484,+0.922
1666839360,+3.47,+16.646, +0.449,+0.924
1666839420,+3.47,+16.637, +0.425,+0.925
1666839480,+3.47,+16.637, +0.417,+0.924
1666839540,+3.47,+16.654, +0.415,+0.924
1666839600,+3.47,+16.646, +0.412,+0.924
1666839660,+3.47,+16.646, +0.347,+0.927
1666839720,+3.47,+16.646, +0.333,+0.927
1666839780,+3.47,+16.654, +0.337,+0.926
1666839840,+3.47,+16.637, +0.339,+0.926
1666839900,+3.47,+16.671, +0.338,+0.926
1666839960,+3.47,+16.663, +0.332,+0.926
1666840020,+3.47,+16.680, +0.323,+0.927
1666840080,+3.47,+16.671, +0.310,+0.928
1666840140,+3.47,+16.663, +0.299,+0.928
1666840200,+3.47,+16.671, +0.286,+0.930
1666840260,+3.47,+16.688, +0.262,+0.931
1666840320,+3.47,+16.688, +0.241,+0.932
1666840380,+3.47,+16.697, +0.226,+0.933
1666840440,+3.47,+16.705, +0.220,+0.933
1666840500,+3.47,+16.697, +0.205,+0.934
1666840560,+3.47,+16.697, +0.194,+0.934
1666840620,+3.47,+16.697, +0.179,+0.935
1666840680,+3.47,+16.705, +0.166,+0.936
1666840740,+3.47,+16.705, +0.141,+0.936
1666840800,+3.47,+16.714, +0.121,+0.937
1666840860,+3.47,+16.714, +0.117,+0.937
1666840920,+3.47,+16.731, +0.112,+0.937
1666840980,+3.47,+16.722, +0.113,+0.937
1666841040,+3.47,+16.705, +0.112,+0.937
1666841100,+3.47,+16.722, +0.114,+0.937
1666841160,+3.47,+16.705, +0.110,+0.937
1666841220,+3.47,+16.722, +0.110,+0.937
1666841280,+3.47,+16.731, +0.111,+0.937
1666841340,+3.47,+16.748, +0.097,+0.937
1666841400,+3.47,+16.731, +0.096,+0.937
1666841460,+3.47,+16.731, +0.090,+0.937
1666841520,+3.47,+16.731, +0.084,+0.937
1666841580,+3.47,+16.748, +0.079,+0.937
1666841640,+3.47,+16.748, +0.073,+0.938
1666841700,+3.47,+16.739, +0.066,+0.938
1666841760,+3.47,+16.739, +0.063,+0.938
1666841820,+3.47,+16.739, +0.059,+0.938
1666841880,+3.47,+16.748, +0.059,+0.938
1666841940,+3.47,+16.765, +0.060,+0.938
1666842000,+3.47,+16.773, +0.062,+0.938
1666842060,+3.47,+16.782, +0.063,+0.938
1666842120,+3.47,+16.773, +0.065,+0.938
1666842180,+3.47,+16.765, +0.064,+0.938
1666842240,+3.47,+16.773, +0.062,+0.938
1666842300,+3.47,+16.765, +0.062,+0.938
1666842360,+3.47,+16.773, +0.061,+0.938
1666842420,+3.47,+16.773, +0.060,+0.938
1666842480,+3.47,+16.790, +0.061,+0.938
1666842540,+3.47,+16.790, +0.065,+0.938
1666842600,+3.47,+16.799, +0.088,+0.937
1666842660,+3.47,+16.807, +0.150,+0.935
1666842720,+3.47,+16.807, +0.193,+0.932
1666842780,+3.47,+16.807, +0.218,+0.930
1666842840,+3.47,+16.790, +0.239,+0.929
1666842900,+3.47,+16.807, +0.253,+0.928
1666842960,+3.47,+16.807, +0.274,+0.926
1666843020,+3.47,+16.782, +0.283,+0.925
1666843080,+3.47,+16.799, +0.298,+0.924
1666843140,+3.47,+16.799, +0.302,+0.924
1666843200,+3.47,+16.782, +0.291,+0.926
1666843260,+3.47,+16.790, +0.289,+0.926
1666843320,+3.47,+16.773, +0.294,+0.925
1666843380,+3.47,+16.773, +0.319,+0.922
1666843440,+3.47,+16.782, +0.338,+0.920
1666843500,+3.47,+16.765, +0.363,+0.917
1666843560,+3.47,+16.782, +0.385,+0.915
1666843620,+3.47,+16.756, +0.395,+0.914
1666843680,+3.47,+16.748, +0.402,+0.913
1666843740,+3.47,+16.739, +0.408,+0.913
1666843800,+3.47,+16.714, +0.418,+0.912
1666843860,+3.47,+16.697, +0.428,+0.911
1666843920,+3.47,+16.705, +0.446,+0.908
1666843980,+3.47,+16.705, +0.467,+0.907
1666844040,+3.47,+16.697, +0.479,+0.906
1666844100,+3.47,+16.688, +0.483,+0.907
1666844160,+3.47,+16.671, +0.480,+0.907
1666844220,+3.47,+16.680, +0.476,+0.908
1666844280,+3.47,+16.671, +0.468,+0.911
1666844340,+3.47,+16.671, +0.459,+0.912
1666844400,+3.47,+16.654, +0.447,+0.914
1666844460,+3.47,+16.654, +0.430,+0.916
1666844520,+3.47,+16.680, +0.422,+0.916
1666844580,+3.47,+16.671, +0.434,+0.913
1666844640,+3.47,+16.654, +0.447,+0.912
1666844700,+3.47,+16.654, +0.451,+0.912
1666844760,+3.47,+16.629, +0.450,+0.912
1666844820,+3.47,+16.654, +0.454,+0.912
1666844880,+3.47,+16.654, +0.448,+0.914
1666844940,+3.47,+16.654, +0.442,+0.915
1666845000,+3.47,+16.663, +0.431,+0.917
1666845060,+3.47,+16.646, +0.414,+0.919
1666845120,+3.47,+16.671, +0.400,+0.920
1666845180,+3.47,+16.654, +0.385,+0.922
1666845240,+3.47,+16.646, +0.367,+0.924
1666845300,+3.47,+16.646, +0.354,+0.924
1666845360,+3.47,+16.629, +0.349,+0.925
1666845420,+3.47,+16.646, +0.344,+0.925
1666845480,+3.47,+16.637, +0.339,+0.925
1666845540,+3.47,+16.620, +0.334,+0.926
1666845600,+3.47,+16.629, +0.325,+0.927
1666845660,+3.47,+16.637, +0.312,+0.928
1666845720,+3.47,+16.637, +0.297,+0.929
1666845780,+3.47,+16.629, +0.281,+0.930
1666845840,+3.47,+16.646, +0.268,+0.931
1666845900,+3.47,+16.620, +0.259,+0.932
1666845960,+3.47,+16.629, +0.235,+0.933
1666846020,+3.47,+16.612, +0.217,+0.934
1666846080,+3.47,+16.629, +0.198,+0.935
1666846140,+3.47,+16.629, +0.173,+0.935
1666846200,+3.47,+16.620, +0.155,+0.936
1666846260,+3.47,+16.612, +0.151,+0.936
1666846320,+3.47,+16.629, +0.146,+0.936
1666846380,+3.47,+16.595, +0.133,+0.937
1666846440,+3.47,+16.620, +0.118,+0.937
1666846500,+3.47,+16.603, +0.104,+0.937
1666846560,+3.47,+16.620, +0.097,+0.937
1666846620,+3.47,+16.620, +0.091,+0.937
1666846680,+3.47,+16.629, +0.085,+0.937
1666846740,+3.47,+16.603, +0.084,+0.937
1666846800,+3.47,+16.603, +0.082,+0.937
1666846860,+3.47,+16.620, +0.080,+0.937
1666846920,+3.47,+16.629, +0.078,+0.937
1666846980,+3.47,+16.620, +0.076,+0.937
1666847040,+3.47,+16.629, +0.074,+0.937
1666847100,+3.47,+16.612, +0.072,+0.938
1666847160,+3.47,+16.620, +0.068,+0.938
1666847220,+3.47,+16.620, +0.066,+0.938
1666847280,+3.47,+16.620, +0.064,+0.938
1666847340,+3.47,+16.620, +0.063,+0.938
1666847400,+3.47,+16.620, +0.062,+0.938
1666847460,+3.47,+16.620, +0.063,+0.938
1666847520,+3.47,+16.629, +0.062,+0.937
1666847580,+3.47,+16.629, +0.065,+0.938
1666847640,+3.47,+16.663, +0.064,+0.938
1666847700,+3.47,+16.629, +0.062,+0.938
1666847760,+3.47,+16.637, +0.062,+0.938
1666847820,+3.47,+16.637, +0.061,+0.938
1666847880,+3.47,+16.671, +0.057,+0.938
1666847940,+3.47,+16.671, +0.055,+0.938
1666848000,+3.47,+16.654, +0.053,+0.938
1666848060,+3.47,+16.654, +0.053,+0.938
1666848120,+3.47,+16.688, +0.051,+0.938
1666848180,+3.47,+16.671, +0.049,+0.938
1666848240,+3.47,+16.680, +0.048,+0.938
1666848300,+3.47,+16.663, +0.048,+0.938
1666848360,+3.47,+16.688, +0.049,+0.938
1666848420,+3.47,+16.680, +0.049,+0.938
1666848480,+3.47,+16.705, +0.049,+0.938
1666848540,+3.47,+16.697, +0.050,+0.938
1666848600,+3.47,+16.705, +0.050,+0.938
1666848660,+3.47,+16.697, +0.051,+0.938
1666848720,+3.47,+16.705, +0.052,+0.938
1666848780,+3.47,+16.731, +0.052,+0.938
1666848840,+3.47,+16.731, +0.052,+0.938
1666848900,+3.47,+16.731, +0.053,+0.938
1666848960,+3.47,+16.748, +0.055,+0.938
1666849020,+3.47,+16.739, +0.057,+0.938
1666849080,+3.47,+16.748, +0.056,+0.938
1666849140,+3.47,+16.765, +0.056,+0.938
1666849200,+3.47,+16.748, +0.056,+0.938
1666849260,+3.47,+16.756, +0.058,+0.938
1666849320,+3.47,+16.773, +0.063,+0.938
1666849380,+3.47,+16.790, +0.080,+0.937
1666849440,+3.47,+16.773, +0.097,+0.936
1666849500,+3.47,+16.782, +0.111,+0.936
1666849560,+3.47,+16.799, +0.128,+0.935
1666849620,+3.47,+16.799, +0.127,+0.935
1666849680,+3.47,+16.790, +0.115,+0.936
1666849740,+3.47,+16.807, +0.098,+0.937
1666849800,+3.47,+16.790, +0.087,+0.937
1666849860,+3.47,+16.807, +0.079,+0.937
1666849920,+3.47,+16.824, +0.071,+0.937
1666849980,+3.47,+16.799, +0.069,+0.937
1666850040,+3.47,+16.807, +0.068,+0.937
1666850100,+3.47,+16.807, +0.069,+0.937
1666850160,+3.47,+16.816, +0.070,+0.938
1666850220,+3.47,+16.816, +0.070,+0.937
1666850280,+3.47,+16.807, +0.068,+0.938
1666850340,+3.47,+16.807, +0.064,+0.938
1666850400,+3.47,+16.824, +0.062,+0.938
1666850460,+3.47,+16.799, +0.061,+0.938
1666850520,+3.47,+16.807, +0.056,+0.938
1666850580,+3.47,+16.816, +0.053,+0.938
1666850640,+3.47,+16.816, +0.052,+0.938
1666850700,+3.47,+16.824, +0.053,+0.938
1666850760,+3.47,+16.833, +0.057,+0.938
1666850820,+3.47,+16.816, +0.063,+0.938
1666850880,+3.47,+16.816, +0.063,+0.938
1666850940,+3.47,+16.824, +0.065,+0.938
1666851000,+3.48,+16.824, +0.063,+0.938
1666851060,+3.47,+16.824, +0.060,+0.938
1666851120,+3.47,+16.824, +0.056,+0.938
1666851180,+3.48,+16.833, +0.054,+0.938
1666851240,+3.47,+16.833, +0.053,+0.938
1666851300,+3.47,+16.841, +0.055,+0.938
1666851360,+3.47,+16.824, +0.059,+0.938
1666851420,+3.47,+16.833, +0.064,+0.938
1666851480,+3.47,+16.816, +0.072,+0.937
1666851540,+3.47,+16.833, +0.077,+0.937
1666851600,+3.47,+16.824, +0.082,+0.937
1666851660,+3.47,+16.824, +0.089,+0.937
1666851720,+3.48,+16.841, +0.088,+0.937
1666851780,+3.47,+16.824, +0.084,+0.937
1666851840,+3.47,+16.833, +0.077,+0.937
1666851900,+3.47,+16.816, +0.069,+0.938
1666851960,+3.47,+16.833, +0.061,+0.938
1666852020,+3.47,+16.841, +0.056,+0.938
1666852080,+3.47,+16.833, +0.053,+0.938
1666852140,+3.47,+16.833, +0.051,+0.938
1666852200,+3.47,+16.824, +0.050,+0.938
1666852260,+3.47,+16.824, +0.051,+0.938
1666852320,+3.47,+16.841, +0.053,+0.938
1666852380,+3.47,+16.833, +0.055,+0.938
1666852440,+3.47,+16.841, +0.056,+0.938
1666852500,+3.47,+16.816, +0.055,+0.938
1666852560,+3.47,+16.833, +0.053,+0.938
1666852620,+3.47,+16.824, +0.051,+0.938
1666852680,+3.47,+16.824, +0.051,+0.938
1666852740,+3.48,+16.850, +0.051,+0.938
1666852800,+3.47,+16.841, +0.055,+0.938
1666852860,+3.48,+16.833, +0.063,+0.938
1666852920,+3.47,+16.841, +0.071,+0.937
1666852980,+3.47,+16.833, +0.076,+0.937
1666853040,+3.47,+16.850, +0.086,+0.937
1666853100,+3.47,+16.850, +0.093,+0.936
1666853160,+3.48,+16.850, +0.097,+0.936
1666853220,+3.48,+16.841, +0.098,+0.936
1666853280,+3.47,+16.841, +0.097,+0.936
1666853340,+3.47,+16.850, +0.100,+0.936
1666853400,+3.48,+16.850, +0.102,+0.936
1666853460,+3.48,+16.858, +0.102,+0.936
1666853520,+3.48,+16.850, +0.109,+0.935
1666853580,+3.48,+16.841, +0.116,+0.935
1666853640,+3.47,+16.850, +0.112,+0.936
1666853700,+3.47,+16.850, +0.095,+0.937
1666853760,+3.47,+16.850, +0.075,+0.937
1666853820,+3.48,+16.867, +0.078,+0.937
1666853880,+3.47,+16.850, +0.073,+0.937
1666853940,+3.48,+16.850, +0.066,+0.937
1666854000,+3.47,+16.841, +0.061,+0.938
1666854060,+3.48,+16.841, +0.061,+0.938
1666854120,+3.47,+16.841, +0.061,+0.938
1666854180,+3.48,+16.841, +0.056,+0.938
1666854240,+3.47,+16.841, +0.055,+0.938
1666854300,+3.47,+16.850, +0.060,+0.938
1666854360,+3.47,+16.867, +0.066,+0.937
1666854420,+3.47,+16.841, +0.069,+0.937
1666854480,+3.48,+16.850, +0.071,+0.937
1666854540,+3.48,+16.841, +0.067,+0.937
1666854600,+3.48,+16.841, +0.064,+0.937
1666854660,+3.48,+16.850, +0.060,+0.938
1666854720,+3.47,+16.850, +0.063,+0.938
1666854780,+3.48,+16.867, +0.062,+0.938
1666854840,+3.48,+16.850, +0.061,+0.938
1666854900,+3.48,+16.833, +0.062,+0.937
1666854960,+3.48,+16.850, +0.067,+0.938
1666855020,+3.47,+16.850, +0.067,+0.938
1666855080,+3.47,+16.824, +0.066,+0.938
1666855140,+3.48,+16.850, +0.062,+0.938
1666855200,+3.48,+16.841, +0.058,+0.938
1666855260,+3.47,+16.833, +0.055,+0.938
1666855320,+3.47,+16.850, +0.053,+0.938
1666855380,+3.48,+16.833, +0.050,+0.938
1666855440,+3.48,+16.850, +0.049,+0.938
1666855500,+3.47,+16.850, +0.047,+0.938
1666855560,+3.47,+16.841, +0.046,+0.938
1666855620,+3.48,+16.833, +0.046,+0.938
1666855680,+3.47,+16.833, +0.046,+0.938
1666855740,+3.48,+16.850, +0.047,+0.938
1666855800,+3.48,+16.867, +0.046,+0.938
1666855860,+3.47,+16.858, +0.048,+0.938
1666855920,+3.47,+16.850, +0.048,+0.938
1666855980,+3.48,+16.850, +0.049,+0.938
1666856040,+3.47,+16.816, +0.051,+0.938
1666856100,+3.48,+16.841, +0.052,+0.938
1666856160,+3.47,+16.841, +0.051,+0.938
1666856220,+3.47,+16.824, +0.050,+0.938
1666856280,+3.47,+16.850, +0.049,+0.938
1666856340,+3.48,+16.833, +0.051,+0.938
1666856400,+3.48,+16.850, +0.053,+0.938
1666856460,+3.47,+16.833, +0.053,+0.938
1666856520,+3.48,+16.867, +0.052,+0.938
1666856580,+3.47,+16.833, +0.053,+0.938
1666856640,+3.47,+16.858, +0.053,+0.938
1666856700,+3.48,+16.850, +0.052,+0.938
1666856760,+3.47,+16.858, +0.053,+0.938
1666856820,+3.47,+16.841, +0.052,+0.938
1666856880,+3.47,+16.833, +0.053,+0.938
1666856940,+3.47,+16.858, +0.052,+0.938
1666857000,+3.47,+16.824, +0.050,+0.938
1666857060,+3.47,+16.833, +0.051,+0.938
1666857120,+3.48,+16.841, +0.052,+0.938
1666857180,+3.47,+16.850, +0.055,+0.938
1666857240,+3.47,+16.841, +0.061,+0.938
1666857300,+3.48,+16.833, +0.068,+0.938
1666857360,+3.47,+16.850, +0.074,+0.938
1666857420,+3.48,+16.824, +0.078,+0.938
1666857480,+3.48,+16.841, +0.081,+0.937
1666857540,+3.48,+16.841, +0.089,+0.937
1666857600,+3.47,+16.850, +0.093,+0.937
1666857660,+3.47,+16.841, +0.094,+0.937
1666857720,+3.47,+16.833, +0.093,+0.937
1666857780,+3.48,+16.850, +0.091,+0.937
1666857840,+3.47,+16.824, +0.087,+0.937
1666857900,+3.47,+16.841, +0.084,+0.937
1666857960,+3.47,+16.833, +0.083,+0.937
1666858020,+3.47,+16.833, +0.080,+0.937
1666858080,+3.47,+16.816, +0.075,+0.937
1666858140,+3.47,+16.833, +0.070,+0.937
1666858200,+3.47,+16.824, +0.066,+0.937
1666858260,+3.47,+16.833, +0.064,+0.938
1666858320,+3.47,+16.841, +0.063,+0.938
1666858380,+3.47,+16.833, +0.062,+0.938
1666858440,+3.48,+16.841, +0.062,+0.938
1666858500,+3.47,+16.824, +0.063,+0.938
1666858560,+3.47,+16.833, +0.062,+0.938
1666858620,+3.47,+16.841, +0.062,+0.938
1666858680,+3.47,+16.833, +0.064,+0.938
1666858740,+3.47,+16.824, +0.065,+0.938
1666858800,+3.48,+16.841, +0.065,+0.937
1666858860,+3.47,+16.841, +0.067,+0.937
1666858920,+3.47,+16.841, +0.070,+0.937
1666858980,+3.48,+16.833, +0.073,+0.937
1666859040,+3.48,+16.833, +0.074,+0.937
1666859100,+3.48,+16.841, +0.073,+0.937
1666859160,+3.47,+16.833, +0.072,+0.937
1666859220,+3.48,+16.833, +0.072,+0.938
1666859280,+3.47,+16.850, +0.069,+0.937
1666859340,+3.47,+16.833, +0.069,+0.937
1666859400,+3.48,+16.824, +0.072,+0.937
1666859460,+3.47,+16.824, +0.073,+0.937
1666859520,+3.48,+16.833, +0.074,+0.937
1666859580,+3.47,+16.841, +0.071,+0.937
1666859640,+3.47,+16.833, +0.069,+0.937
1666859700,+3.48,+16.824, +0.065,+0.938
1666859760,+3.48,+16.841, +0.065,+0.938
1666859820,+3.47,+16.841, +0.065,+0.938
1666859880,+3.47,+16.833, +0.063,+0.938
1666859940,+3.47,+16.824, +0.060,+0.938
1666860000,+3.48,+16.824, +0.059,+0.938
1666860060,+3.47,+16.833, +0.059,+0.938
1666860120,+3.48,+16.833, +0.056,+0.938
1666860180,+3.47,+16.816, +0.055,+0.938
1666860240,+3.47,+16.833, +0.051,+0.938
1666860300,+3.48,+16.833, +0.049,+0.938
1666860360,+3.47,+16.816, +0.048,+0.938
1666860420,+3.48,+16.841, +0.047,+0.938
1666860480,+3.47,+16.824, +0.046,+0.938
1666860540,+3.47,+16.824, +0.052,+0.938
1666860600,+3.47,+16.833, +0.056,+0.938
1666860660,+3.47,+16.841, +0.059,+0.938
1666860720,+3.47,+16.799, +0.056,+0.938
1666860780,+3.47,+16.816, +0.051,+0.938
1666860840,+3.47,+16.841, +0.047,+0.938
1666860900,+3.47,+16.833, +0.046,+0.938
1666860960,+3.48,+16.850, +0.045,+0.938
1666861020,+3.48,+16.841, +0.043,+0.938
1666861080,+3.47,+16.824, +0.040,+0.938
1666861140,+3.47,+16.824, +0.040,+0.938
1666861200,+3.47,+16.833, +0.040,+0.938
1666861260,+3.48,+16.850, +0.049,+0.938
1666861320,+3.47,+16.816, +0.062,+0.938
1666861380,+3.47,+16.816, +0.083,+0.938
1666861440,+3.47,+16.833, +0.096,+0.937
1666861500,+3.48,+16.850, +0.094,+0.937
1666861560,+3.48,+16.833, +0.087,+0.938
1666861620,+3.48,+16.850, +0.078,+0.938
1666861680,+3.47,+16.833, +0.070,+0.938
1666861740,+3.47,+16.816, +0.065,+0.938
1666861800,+3.47,+16.824, +0.060,+0.938
1666861860,+3.47,+16.841, +0.058,+0.938
1666861920,+3.48,+16.841, +0.054,+0.938
1666861980,+3.48,+16.841, +0.053,+0.938
1666862040,+3.47,+16.833, +0.052,+0.938
1666862100,+3.47,+16.833, +0.052,+0.938
1666862160,+3.47,+16.833, +0.054,+0.938
1666862220,+3.47,+16.824, +0.054,+0.938
1666862280,+3.47,+16.833, +0.058,+0.938
1666862340,+3.47,+16.841, +0.061,+0.938
1666862400,+3.47,+16.833, +0.062,+0.938
1666862460,+3.47,+16.833, +0.061,+0.938
1666862520,+3.47,+16.850, +0.060,+0.938
1666862580,+3.47,+16.833, +0.058,+0.938
1666862640,+3.47,+16.816, +0.056,+0.938
1666862700,+3.47,+16.824, +0.055,+0.938
1666862760,+3.47,+16.833, +0.057,+0.938
1666862820,+3.47,+16.850, +0.058,+0.938
1666862880,+3.47,+16.833, +0.058,+0.938
1666862940,+3.47,+16.833, +0.059,+0.938
1666863000,+3.48,+16.833, +0.057,+0.938
1666863060,+3.47,+16.841, +0.054,+0.938
1666863120,+3.47,+16.824, +0.051,+0.938
1666863180,+3.47,+16.841, +0.049,+0.938
1666863240,+3.47,+16.833, +0.050,+0.938
1666863300,+3.48,+16.850, +0.060,+0.938
1666863360,+3.48,+16.841, +0.079,+0.938
1666863420,+3.48,+16.841, +0.094,+0.937
1666863480,+3.47,+16.833, +0.103,+0.937
1666863540,+3.47,+16.841, +0.111,+0.937
1666863600,+3.47,+16.841, +0.121,+0.936
1666863660,+3.48,+16.833, +0.129,+0.936
1666863720,+3.47,+16.841, +0.137,+0.936
1666863780,+3.48,+16.850, +0.138,+0.936
1666863840,+3.48,+16.867, +0.138,+0.936
1666863900,+3.48,+16.850, +0.132,+0.936
1666863960,+3.48,+16.850, +0.124,+0.936
1666864020,+3.48,+16.884, +0.115,+0.936
1666864080,+3.48,+16.850, +0.106,+0.937
1666864140,+3.48,+16.858, +0.099,+0.937
1666864200,+3.48,+16.833, +0.093,+0.937
1666864260,+3.48,+16.858, +0.087,+0.937
1666864320,+3.48,+16.867, +0.082,+0.937
1666864380,+3.48,+16.841, +0.077,+0.937
1666864440,+3.48,+16.850, +0.074,+0.938
1666864500,+3.48,+16.850, +0.071,+0.938
1666864560,+3.48,+16.858, +0.070,+0.938
1666864620,+3.48,+16.858, +0.068,+0.938
1666864680,+3.48,+16.867, +0.067,+0.938
1666864740,+3.48,+16.850, +0.066,+0.938
1666864800,+3.48,+16.858, +0.062,+0.938
1666864860,+3.48,+16.884, +0.060,+0.938
1666864920,+3.48,+16.875, +0.059,+0.938
1666864980,+3.48,+16.867, +0.058,+0.938
1666865040,+3.48,+16.850, +0.060,+0.938
1666865100,+3.48,+16.850, +0.063,+0.938
1666865160,+3.48,+16.858, +0.065,+0.938
1666865220,+3.48,+16.884, +0.069,+0.938
1666865280,+3.48,+16.875, +0.082,+0.937
1666865340,+3.48,+16.867, +0.110,+0.936
1666865400,+3.48,+16.875, +0.134,+0.935
1666865460,+3.48,+16.875, +0.152,+0.934
1666865520,+3.48,+16.858, +0.165,+0.933
1666865580,+3.48,+16.867, +0.175,+0.932
1666865640,+3.48,+16.884, +0.175,+0.933
1666865700,+3.48,+16.841, +0.168,+0.933
1666865760,+3.48,+16.867, +0.157,+0.934
1666865820,+3.48,+16.858, +0.145,+0.935
1666865880,+3.48,+16.850, +0.134,+0.935
1666865940,+3.48,+16.875, +0.123,+0.935
1666866000,+3.48,+16.867, +0.112,+0.936
1666866060,+3.48,+16.867, +0.103,+0.937
1666866120,+3.48,+16.875, +0.097,+0.937
1666866180,+3.48,+16.867, +0.092,+0.937
1666866240,+3.48,+16.867, +0.087,+0.937
1666866300,+3.48,+16.841, +0.081,+0.937
1666866360,+3.48,+16.850, +0.080,+0.937
1666866420,+3.48,+16.850, +0.090,+0.937
1666866480,+3.47,+16.833, +0.092,+0.937
1666866540,+3.47,+16.824, +0.085,+0.937
1666866600,+3.47,+16.833, +0.079,+0.937
1666866660,+3.47,+16.816, +0.077,+0.937
1666866720,+3.48,+16.833, +0.075,+0.937
1666866780,+3.47,+16.824, +0.072,+0.938
1666866840,+3.48,+16.807, +0.071,+0.938
1666866900,+3.47,+16.824, +0.068,+0.938
1666866960,+3.47,+16.816, +0.063,+0.938
1666867020,+3.47,+16.816, +0.057,+0.938
1666867080,+3.47,+16.799, +0.053,+0.938
1666867140,+3.47,+16.799, +0.050,+0.938
1666867200,+3.47,+16.799, +0.047,+0.938
1666867260,+3.47,+16.773, +0.045,+0.938
1666867320,+3.47,+16.790, +0.046,+0.938
1666867380,+3.47,+16.773, +0.049,+0.938
1666867440,+3.47,+16.756, +0.051,+0.938
1666867500,+3.47,+16.765, +0.048,+0.938
1666867560,+3.47,+16.748, +0.045,+0.938
1666867620,+3.47,+16.739, +0.044,+0.938
1666867680,+3.47,+16.739, +0.043,+0.938
1666867740,+3.47,+16.739, +0.041,+0.938
1666867800,+3.47,+16.705, +0.042,+0.938
1666867860,+3.47,+16.705, +0.046,+0.938
1666867920,+3.47,+16.731, +0.053,+0.938
1666867980,+3.47,+16.697, +0.063,+0.938
1666868040,+3.47,+16.688, +0.075,+0.938
1666868100,+3.47,+16.671, +0.096,+0.937
1666868160,+3.47,+16.671, +0.118,+0.936
1666868220,+3.47,+16.697, +0.129,+0.936
1666868280,+3.47,+16.680, +0.139,+0.935
1666868340,+3.47,+16.680, +0.150,+0.935
1666868400,+3.47,+16.654, +0.169,+0.934
1666868460,+3.47,+16.654, +0.200,+0.931
1666868520,+3.47,+16.654, +0.291,+0.925
1666868580,+3.47,+16.663, +0.329,+0.922
1666868640,+3.47,+16.654, +0.348,+0.921
1666868700,+3.47,+16.629, +0.357,+0.921
1666868760,+3.47,+16.629, +0.354,+0.921
1666868820,+3.47,+16.646, +0.347,+0.922
1666868880,+3.47,+16.646, +0.341,+0.923
1666868940,+3.47,+16.646, +0.336,+0.923
1666869000,+3.47,+16.646, +0.337,+0.923
1666869060,+3.47,+16.620, +0.379,+0.918
1666869120,+3.47,+16.620, +0.406,+0.916
1666869180,+3.47,+16.629, +0.418,+0.915
1666869240,+3.47,+16.629, +0.426,+0.915
1666869300,+3.47,+16.637, +0.436,+0.914
1666869360,+3.47,+16.654, +0.455,+0.912
1666869420,+3.47,+16.637, +0.471,+0.911
1666869480,+3.47,+16.654, +0.489,+0.909
1666869540,+3.47,+16.629, +0.504,+0.908
1666869600,+3.47,+16.620, +0.514,+0.908
1666869660,+3.47,+16.620, +0.522,+0.907
1666869720,+3.47,+16.629, +0.527,+0.907
1666869780,+3.47,+16.620, +0.532,+0.907
1666869840,+3.47,+16.629, +0.538,+0.906
1666869900,+3.47,+16.629, +0.545,+0.905
1666869960,+3.47,+16.629, +0.551,+0.905
1666870020,+3.47,+16.637, +0.554,+0.905
1666870080,+3.47,+16.620, +0.561,+0.904
1666870140,+3.47,+16.620, +0.567,+0.904
1666870200,+3.47,+16.629, +0.569,+0.904
1666870260,+3.47,+16.646, +0.573,+0.904
1666870320,+3.47,+16.646, +0.573,+0.904
1666870380,+3.47,+16.637, +0.574,+0.905
1666870440,+3.47,+16.654, +0.567,+0.907
1666870500,+3.47,+16.654, +0.559,+0.908
1666870560,+3.47,+16.663, +0.549,+0.909
1666870620,+3.47,+16.646, +0.545,+0.908
1666870680,+3.47,+16.671, +0.545,+0.908
1666870740,+3.47,+16.671, +0.546,+0.907
1666870800,+3.47,+16.671, +0.549,+0.907
1666870860,+3.47,+16.654, +0.558,+0.906
1666870920,+3.47,+16.688, +0.570,+0.904
1666870980,+3.47,+16.688, +0.577,+0.905
1666871040,+3.47,+16.688, +0.583,+0.904
1666871100,+3.47,+16.714, +0.589,+0.903
1666871160,+3.47,+16.705, +0.605,+0.901
1666871220,+3.47,+16.714, +0.619,+0.899
1666871280,+3.47,+16.714, +0.627,+0.900
1666871340,+3.47,+16.714, +0.629,+0.900
1666871400,+3.47,+16.705, +0.636,+0.899
1666871460,+3.47,+16.731, +0.642,+0.900
1666871520,+3.47,+16.739, +0.661,+0.896
1666871580,+3.47,+16.748, +0.668,+0.897
1666871640,+3.47,+16.739, +0.662,+0.900
1666871700,+3.47,+16.748, +0.645,+0.904
1666871760,+3.47,+16.748, +0.621,+0.907
1666871820,+3.47,+16.756, +0.593,+0.911
1666871880,+3.47,+16.765, +0.561,+0.914
1666871940,+3.47,+16.748, +0.532,+0.917
1666872000,+3.47,+16.782, +0.501,+0.919
1666872060,+3.47,+16.765, +0.439,+0.924
1666872120,+3.47,+16.765, +0.383,+0.928
1666872180,+3.47,+16.782, +0.331,+0.930
1666872240,+3.47,+16.799, +0.290,+0.931
1666872300,+3.47,+16.782, +0.263,+0.931
1666872360,+3.47,+16.816, +0.242,+0.931
1666872420,+3.47,+16.790, +0.231,+0.931
1666872480,+3.47,+16.816, +0.226,+0.930
1666872540,+3.47,+16.824, +0.220,+0.930
1666872600,+3.48,+16.841, +0.223,+0.930
1666872660,+3.48,+16.841, +0.232,+0.929
1666872720,+3.48,+16.833, +0.232,+0.929
1666872780,+3.48,+16.841, +0.228,+0.930
1666872840,+3.48,+16.850, +0.227,+0.930
1666872900,+3.48,+16.850, +0.231,+0.930
1666872960,+3.48,+16.884, +0.232,+0.930
1666873020,+3.48,+16.858, +0.275,+0.928
1666873080,+3.48,+16.892, +0.287,+0.928
1666873140,+3.48,+16.867, +0.294,+0.927
1666873200,+3.48,+16.884, +0.292,+0.928
1666873260,+3.48,+16.884, +0.285,+0.929
1666873320,+3.48,+16.892, +0.275,+0.929
1666873380,+3.48,+16.892, +0.295,+0.927
1666873440,+3.48,+16.901, +0.301,+0.927
1666873500,+3.48,+16.892, +0.290,+0.928
1666873560,+3.48,+16.901, +0.270,+0.930
1666873620,+3.48,+16.901, +0.252,+0.930
1666873680,+3.48,+16.884, +0.259,+0.930
1666873740,+3.48,+16.875, +0.262,+0.930
1666873800,+3.48,+16.884, +0.255,+0.930
1666873860,+3.48,+16.884, +0.251,+0.930
1666873920,+3.48,+16.884, +0.260,+0.929
1666873980,+3.48,+16.875, +0.254,+0.929
1666874040,+3.48,+16.867, +0.291,+0.926
1666874100,+3.48,+16.858, +0.306,+0.926
1666874160,+3.48,+16.850, +0.311,+0.926
1666874220,+3.48,+16.850, +0.339,+0.925
1666874280,+3.48,+16.875, +0.349,+0.925
1666874340,+3.48,+16.833, +0.353,+0.925
1666874400,+3.48,+16.850, +0.421,+0.918
1666874460,+3.48,+16.833, +0.470,+0.914
1666874520,+3.47,+16.841, +0.484,+0.914
1666874580,+3.47,+16.841, +0.477,+0.916
1666874640,+3.48,+16.841, +0.458,+0.918
1666874700,+3.47,+16.833, +0.440,+0.919
1666874760,+3.47,+16.824, +0.421,+0.920
1666874820,+3.48,+16.824, +0.404,+0.921
1666874880,+3.47,+16.841, +0.395,+0.920
1666874940,+3.47,+16.799, +0.406,+0.918
1666875000,+3.47,+16.816, +0.429,+0.915
1666875060,+3.47,+16.782, +0.438,+0.915
1666875120,+3.47,+16.773, +0.438,+0.916
1666875180,+3.47,+16.756, +0.420,+0.919
1666875240,+3.47,+16.756, +0.395,+0.922
1666875300,+3.47,+16.756, +0.366,+0.925
1666875360,+3.47,+16.756, +0.340,+0.927
1666875420,+3.47,+16.731, +0.329,+0.927
1666875480,+3.47,+16.705, +0.335,+0.926
1666875540,+3.47,+16.705, +0.335,+0.925
1666875600,+3.47,+16.714, +0.339,+0.925
1666875660,+3.47,+16.688, +0.410,+0.916
1666875720,+3.47,+16.671, +0.469,+0.912
1666875780,+3.47,+16.680, +0.489,+0.914
1666875840,+3.47,+16.680, +0.488,+0.916
1666875900,+3.47,+16.654, +0.480,+0.917
1666875960,+3.47,+16.663, +0.479,+0.917
1666876020,+3.47,+16.637, +0.461,+0.920
1666876080,+3.47,+16.629, +0.427,+0.923
1666876140,+3.47,+16.629, +0.386,+0.926
1666876200,+3.47,+16.646, +0.349,+0.928
1666876260,+3.47,+16.629, +0.317,+0.930
1666876320,+3.47,+16.612, +0.292,+0.930
1666876380,+3.47,+16.629, +0.273,+0.931
1666876440,+3.47,+16.612, +0.263,+0.931
1666876500,+3.47,+16.620, +0.292,+0.928
1666876560,+3.47,+16.586, +0.386,+0.920
1666876620,+3.47,+16.578, +0.419,+0.920
1666876680,+3.47,+16.561, +0.414,+0.922
1666876740,+3.47,+16.552, +0.393,+0.925
1666876800,+3.47,+16.552, +0.371,+0.926
1666876860,+3.47,+16.544, +0.349,+0.928
1666876920,+3.47,+16.518, +0.348,+0.927
1666876980,+3.47,+16.544, +0.408,+0.921
1666877040,+3.47,+16.535, +0.442,+0.918
1666877100,+3.47,+16.518, +0.474,+0.916
1666877160,+3.47,+16.535, +0.511,+0.912
1666877220,+3.47,+16.518, +0.539,+0.910
1666877280,+3.47,+16.518, +0.543,+0.911
1666877340,+3.47,+16.527, +0.533,+0.914
1666877400,+3.47,+16.527, +0.519,+0.915
1666877460,+3.47,+16.518, +0.505,+0.917
1666877520,+3.47,+16.527, +0.488,+0.918
1666877580,+3.47,+16.527, +0.472,+0.919
1666877640,+3.47,+16.535, +0.455,+0.920
1666877700,+3.47,+16.527, +0.444,+0.921
1666877760,+3.47,+16.552, +0.435,+0.921
1666877820,+3.47,+16.544, +0.420,+0.923
1666877880,+3.47,+16.535, +0.403,+0.924
1666877940,+3.47,+16.544, +0.386,+0.925
1666878000,+3.47,+16.552, +0.374,+0.925
1666878060,+3.47,+16.527, +0.363,+0.926
1666878120,+3.47,+16.535, +0.366,+0.926
1666878180,+3.47,+16.544, +0.463,+0.916
1666878240,+3.47,+16.535, +0.533,+0.909
1666878300,+3.47,+16.535, +0.568,+0.908
1666878360,+3.47,+16.544, +0.590,+0.907
1666878420,+3.47,+16.544, +0.595,+0.908
1666878480,+3.47,+16.561, +0.592,+0.909
1666878540,+3.47,+16.544, +0.583,+0.911
1666878600,+3.47,+16.544, +0.568,+0.913
1666878660,+3.47,+16.552, +0.544,+0.916
1666878720,+3.47,+16.561, +0.522,+0.917
1666878780,+3.47,+16.552, +0.499,+0.919
1666878840,+3.47,+16.569, +0.479,+0.920
1666878900,+3.47,+16.569, +0.456,+0.922
1666878960,+3.47,+16.561, +0.435,+0.923
1666879020,+3.47,+16.578, +0.427,+0.922
1666879080,+3.47,+16.578, +0.415,+0.923
1666879140,+3.47,+16.586, +0.403,+0.924
1666879200,+3.47,+16.586, +0.392,+0.925
1666879260,+3.47,+16.561, +0.388,+0.925
1666879320,+3.47,+16.586, +0.387,+0.925
1666879380,+3.47,+16.586, +0.397,+0.924
1666879440,+3.47,+16.595, +0.447,+0.920
1666879500,+3.47,+16.595, +0.483,+0.917
1666879560,+3.47,+16.586, +0.495,+0.917
1666879620,+3.47,+16.561, +0.494,+0.917
1666879680,+3.47,+16.603, +0.492,+0.918
1666879740,+3.47,+16.586, +0.499,+0.917
1666879800,+3.47,+16.595, +0.523,+0.914
1666879860,+3.47,+16.595, +0.534,+0.914
1666879920,+3.47,+16.586, +0.535,+0.915
1666879980,+3.47,+16.586, +0.520,+0.918
1666880040,+3.47,+16.586, +0.493,+0.921
1666880100,+3.47,+16.595, +0.458,+0.923
1666880160,+3.47,+16.603, +0.427,+0.925
1666880220,+3.47,+16.620, +0.391,+0.927
1666880280,+3.47,+16.612, +0.390,+0.926
1666880340,+3.47,+16.629, +0.378,+0.926
1666880400,+3.47,+16.629, +0.367,+0.926
1666880460,+3.47,+16.637, +0.358,+0.926
1666880520,+3.47,+16.646, +0.352,+0.926
1666880580,+3.47,+16.663, +0.354,+0.926
1666880640,+3.47,+16.671, +0.364,+0.925
1666880700,+3.47,+16.688, +0.363,+0.925
1666880760,+3.47,+16.688, +0.354,+0.926
1666880820,+3.47,+16.697, +0.362,+0.925
1666880880,+3.47,+16.731, +0.382,+0.923
1666880940,+3.47,+16.739, +0.404,+0.921
1666881000,+3.47,+16.748, +0.440,+0.918
1666881060,+3.47,+16.748, +0.499,+0.914
1666881120,+3.47,+16.765, +0.552,+0.909
1666881180,+3.47,+16.773, +0.578,+0.908
1666881240,+3.47,+16.790, +0.600,+0.906
1666881300,+3.47,+16.790, +0.638,+0.901
1666881360,+3.47,+16.807, +0.668,+0.899
1666881420,+3.47,+16.816, +0.701,+0.897
1666881480,+3.47,+16.807, +0.743,+0.891
1666881540,+3.47,+16.833, +0.770,+0.888
1666881600,+3.47,+16.816, +0.799,+0.886
1666881660,+3.47,+16.850, +0.818,+0.885
1666881720,+3.47,+16.841, +0.841,+0.884
1666881780,+3.47,+16.824, +0.862,+0.883
1666881840,+3.47,+16.841, +0.879,+0.882
1666881900,+3.47,+16.833, +0.906,+0.881
1666881960,+3.47,+16.833, +0.936,+0.880
1666882020,+3.47,+16.858, +0.957,+0.878
1666882080,+3.47,+16.858, +0.969,+0.879
1666882140,+3.47,+16.824, +0.978,+0.879
1666882200,+3.48,+16.850, +0.976,+0.881
1666882260,+3.47,+16.833, +0.982,+0.880
1666882320,+3.48,+16.850, +0.989,+0.879
1666882380,+3.48,+16.850, +0.993,+0.880
1666882440,+3.48,+16.858, +0.993,+0.882
1666882500,+3.48,+16.875, +0.982,+0.885
1666882560,+3.48,+16.875, +0.973,+0.887
1666882620,+3.48,+16.875, +0.959,+0.889
1666882680,+3.48,+16.867, +0.937,+0.892
1666882740,+3.48,+16.867, +0.912,+0.895
1666882800,+3.48,+16.892, +0.892,+0.898
1666882860,+3.48,+16.892, +0.905,+0.897
1666882920,+3.48,+16.892, +0.906,+0.897
1666882980,+3.48,+16.892, +0.900,+0.898
1666883040,+3.48,+16.884, +0.922,+0.892
1666883100,+3.48,+16.884, +0.942,+0.887
1666883160,+3.48,+16.875, +0.966,+0.883
1666883220,+3.48,+16.875, +1.005,+0.878
1666883280,+3.48,+16.850, +1.049,+0.875
1666883340,+3.47,+16.858, +1.095,+0.871
1666883400,+3.47,+16.850, +1.140,+0.868
1666883460,+3.48,+16.858, +1.209,+0.862
1666883520,+3.48,+16.875, +1.295,+0.858
1666883580,+3.48,+16.875, +1.370,+0.855
1666883640,+3.48,+16.892, +1.428,+0.855
1666883700,+3.48,+16.918, +1.451,+0.858
1666883760,+3.48,+16.918, +1.461,+0.859
1666883820,+3.48,+16.935, +1.468,+0.859
1666883880,+3.48,+16.943, +1.477,+0.859
1666883940,+3.48,+16.960, +1.483,+0.859
1666884000,+3.48,+16.977, +1.502,+0.858
1666884060,+3.48,+17.011, +1.515,+0.858
1666884120,+3.48,+17.020, +1.534,+0.857
1666884180,+3.48,+17.045, +1.550,+0.857
1666884240,+3.48,+17.045, +1.567,+0.857
1666884300,+3.48,+17.045, +1.583,+0.857
1666884360,+3.48,+17.028, +1.596,+0.858
1666884420,+3.48,+17.037, +1.607,+0.859
1666884480,+3.48,+17.045, +1.599,+0.861
1666884540,+3.48,+17.054, +1.591,+0.862
1666884600,+3.48,+17.054, +1.579,+0.863
1666884660,+3.48,+17.037, +1.562,+0.866
1666884720,+3.48,+17.045, +1.539,+0.870
1666884780,+3.48,+17.037, +1.507,+0.874
1666884840,+3.48,+17.020, +1.471,+0.877
1666884900,+3.48,+17.054, +1.429,+0.882
1666884960,+3.48,+17.028, +1.384,+0.887
1666885020,+3.48,+17.054, +1.342,+0.889
1666885080,+3.48,+17.028, +1.308,+0.889
1666885140,+3.48,+17.045, +1.298,+0.883
1666885200,+3.48,+17.028, +1.297,+0.878
1666885260,+3.48,+17.045, +1.290,+0.878
1666885320,+3.48,+17.045, +1.290,+0.878
1666885380,+3.48,+17.020, +1.303,+0.874
1666885440,+3.48,+17.028, +1.310,+0.873
1666885500,+3.48,+17.037, +1.314,+0.874
1666885560,+3.48,+17.011, +1.311,+0.875
1666885620,+3.48,+17.028, +1.317,+0.874
1666885680,+3.48,+17.003, +1.317,+0.875
1666885740,+3.48,+17.020, +1.308,+0.877
1666885800,+3.48,+17.003, +1.294,+0.880
1666885860,+3.48,+17.003, +1.274,+0.884
1666885920,+3.48,+16.994, +1.248,+0.888
1666885980,+3.48,+17.003, +1.215,+0.892
1666886040,+3.48,+17.011, +1.174,+0.896
1666886100,+3.48,+17.011, +1.130,+0.900
1666886160,+3.48,+17.020, +1.081,+0.904
1666886220,+3.48,+17.003, +1.032,+0.907
1666886280,+3.48,+17.020, +0.979,+0.909
1666886340,+3.48,+17.028, +0.929,+0.911
1666886400,+3.48,+17.028, +0.880,+0.912
1666886460,+3.48,+17.020, +0.838,+0.913
1666886520,+3.48,+17.028, +0.799,+0.914
1666886580,+3.48,+17.062, +0.762,+0.916
1666886640,+3.48,+17.028, +0.741,+0.915
1666886700,+3.48,+17.028, +0.751,+0.911
1666886760,+3.48,+17.037, +0.786,+0.905
1666886820,+3.48,+17.037, +0.835,+0.898
1666886880,+3.48,+17.045, +0.874,+0.894
1666886940,+3.48,+17.045, +0.895,+0.894
1666887000,+3.48,+17.062, +0.903,+0.896
1666887060,+3.48,+17.054, +0.904,+0.898
1666887120,+3.48,+17.054, +0.898,+0.901
1666887180,+3.48,+17.037, +0.882,+0.904
1666887240,+3.48,+17.037, +0.863,+0.907
1666887300,+3.48,+17.071, +0.834,+0.909
1666887360,+3.48,+17.087, +0.810,+0.911
1666887420,+3.48,+17.054, +0.786,+0.912
1666887480,+3.48,+17.071, +0.760,+0.914
1666887540,+3.48,+17.071, +0.738,+0.915
1666887600,+3.48,+17.062, +0.718,+0.915
1666887660,+3.48,+17.079, +0.702,+0.915
1666887720,+3.48,+17.087, +0.688,+0.916
1666887780,+3.48,+17.096, +0.679,+0.915
1666887840,+3.48,+17.104, +0.665,+0.916
1666887900,+3.48,+17.096, +0.650,+0.916
1666887960,+3.48,+17.096, +0.643,+0.917
1666888020,+3.48,+17.130, +0.637,+0.916
1666888080,+3.48,+17.121, +0.634,+0.916
1666888140,+3.48,+17.130, +0.629,+0.916
1666888200,+3.48,+17.155, +0.621,+0.917
1666888260,+3.48,+17.138, +0.610,+0.918
1666888320,+3.48,+17.164, +0.600,+0.919
1666888380,+3.48,+17.181, +0.650,+0.911
1666888440,+3.48,+17.189, +0.719,+0.900
1666888500,+3.48,+17.189, +0.777,+0.893
1666888560,+3.48,+17.215, +0.814,+0.890
1666888620,+3.47,+17.215, +0.839,+0.890
1666888680,+3.48,+17.215, +0.859,+0.890
1666888740,+3.47,+17.206, +0.882,+0.888
1666888800,+3.48,+17.232, +0.891,+0.889
1666888860,+3.48,+17.215, +0.893,+0.892
1666888920,+3.48,+17.215, +0.885,+0.895
1666888980,+3.48,+17.215, +0.899,+0.891
1666889040,+3.48,+17.232, +0.922,+0.886
1666889100,+3.48,+17.223, +0.946,+0.883
1666889160,+3.48,+17.198, +0.991,+0.877
1666889220,+3.48,+17.189, +1.021,+0.876
1666889280,+3.48,+17.189, +1.038,+0.879
