7450-383325
OS REV: 1.05 Sensor Cal: 1644949570
Time (sec),  BV (Volts),  T (deg C),  DO (mg/l),  Q ()
1668703740,+3.45,+12.022, +0.051,+0.932
1668703800,+3.45,+12.039, +0.051,+0.932
1668703860,+3.45,+12.048, +0.051,+0.932
1668703920,+3.45,+12.066, +0.051,+0.932
1668703980,+3.45,+12.048, +0.052,+0.932
1668704040,+3.45,+12.075, +0.051,+0.932
1668704100,+3.45,+12.075, +0.051,+0.932
1668704160,+3.45,+12.066, +0.052,+0.932
1668704220,+3.45,+12.102, +0.051,+0.932
1668704280,+3.45,+12.102, +0.050,+0.932
1668704340,+3.45,+12.111, +0.051,+0.932
1668704400,+3.45,+12.111, +0.051,+0.932
1668704460,+3.45,+12.102, +0.051,+0.932
1668704520,+3.45,+12.111, +0.051,+0.932
1668704580,+3.45,+12.111, +0.051,+0.932
1668704640,+3.45,+12.119, +0.051,+0.932
1668704700,+3.45,+12.119, +0.051,+0.932
1668704760,+3.45,+12.119, +0.050,+0.932
1668704820,+3.45,+12.128, +0.050,+0.932
1668704880,+3.45,+12.128, +0.051,+0.932
1668704940,+3.45,+12.137, +0.051,+0.932
1668705000,+3.45,+12.119, +0.051,+0.932
1668705060,+3.45,+12.119, +0.051,+0.932
1668705120,+3.45,+12.119, +0.050,+0.932
1668705180,+3.45,+12.119, +0.051,+0.932
1668705240,+3.45,+12.119, +0.050,+0.932
1668705300,+3.45,+12.128, +0.051,+0.932
1668705360,+3.45,+12.128, +0.051,+0.932
1668705420,+3.45,+12.128, +0.051,+0.932
1668705480,+3.45,+12.137, +0.050,+0.932
1668705540,+3.45,+12.128, +0.050,+0.932
1668705600,+3.45,+12.119, +0.051,+0.932
1668705660,+3.45,+12.128, +0.051,+0.932
1668705720,+3.45,+12.128, +0.050,+0.932
1668705780,+3.45,+12.111, +0.051,+0.932
1668705840,+3.45,+12.111, +0.050,+0.932
1668705900,+3.45,+12.137, +0.050,+0.932
1668705960,+3.45,+12.119, +0.050,+0.932
1668706020,+3.45,+12.119, +0.051,+0.932
1668706080,+3.45,+12.102, +0.050,+0.932
1668706140,+3.45,+12.111, +0.051,+0.932
1668706200,+3.45,+12.137, +0.051,+0.932
1668706260,+3.45,+12.102, +0.050,+0.932
1668706320,+3.45,+12.102, +0.051,+0.932
1668706380,+3.45,+12.102, +0.051,+0.932
1668706440,+3.45,+12.111, +0.051,+0.932
1668706500,+3.45,+12.111, +0.051,+0.932
1668706560,+3.45,+12.111, +0.051,+0.932
1668706620,+3.45,+12.111, +0.050,+0.932
1668706680,+3.45,+12.119, +0.050,+0.932
1668706740,+3.45,+12.119, +0.050,+0.932
1668706800,+3.45,+12.111, +0.050,+0.932
1668706860,+3.45,+12.119, +0.050,+0.932
1668706920,+3.45,+12.093, +0.050,+0.932
1668706980,+3.45,+12.111, +0.051,+0.932
1668707040,+3.45,+12.102, +0.050,+0.932
1668707100,+3.45,+12.075, +0.050,+0.932
1668707160,+3.45,+12.102, +0.050,+0.932
1668707220,+3.45,+12.093, +0.051,+0.932
1668707280,+3.45,+12.084, +0.051,+0.932
1668707340,+3.45,+12.084, +0.050,+0.932
1668707400,+3.45,+12.084, +0.050,+0.932
1668707460,+3.45,+12.057, +0.050,+0.932
1668707520,+3.45,+12.048, +0.050,+0.932
1668707580,+3.45,+12.057, +0.050,+0.932
1668707640,+3.45,+12.039, +0.051,+0.932
1668707700,+3.45,+12.039, +0.050,+0.932
1668707760,+3.45,+12.039, +0.050,+0.932
1668707820,+3.45,+12.048, +0.050,+0.932
1668707880,+3.45,+12.039, +0.051,+0.932
1668707940,+3.45,+12.039, +0.051,+0.932
1668708000,+3.45,+12.039, +0.050,+0.932
1668708060,+3.45,+12.066, +0.050,+0.932
1668708120,+3.45,+12.057, +0.050,+0.932
1668708180,+3.45,+12.031, +0.050,+0.932
1668708240,+3.45,+12.031, +0.050,+0.932
1668708300,+3.45,+12.022, +0.050,+0.932
1668708360,+3.45,+12.022, +0.050,+0.932
1668708420,+3.45,+12.004, +0.051,+0.932
1668708480,+3.45,+11.995, +0.051,+0.932
1668708540,+3.45,+11.968, +0.050,+0.932
1668708600,+3.45,+11.977, +0.050,+0.932
1668708660,+3.45,+11.942, +0.050,+0.932
1668708720,+3.45,+11.950, +0.050,+0.932
1668708780,+3.45,+11.924, +0.050,+0.932
1668708840,+3.45,+11.950, +0.050,+0.932
1668708900,+3.45,+11.915, +0.051,+0.932
1668708960,+3.45,+11.933, +0.050,+0.932
1668709020,+3.46,+11.897, +0.051,+0.932
1668709080,+3.45,+11.915, +0.050,+0.932
1668709140,+3.45,+11.924, +0.050,+0.932
1668709200,+3.45,+11.906, +0.050,+0.932
1668709260,+3.45,+11.906, +0.051,+0.932
1668709320,+3.46,+11.906, +0.050,+0.932
1668709380,+3.45,+11.933, +0.050,+0.932
1668709440,+3.45,+11.915, +0.050,+0.932
1668709500,+3.45,+11.870, +0.051,+0.932
1668709560,+3.46,+11.879, +0.050,+0.932
1668709620,+3.46,+11.844, +0.051,+0.932
1668709680,+3.46,+11.852, +0.051,+0.932
1668709740,+3.46,+11.844, +0.051,+0.932
1668709800,+3.46,+11.844, +0.050,+0.932
1668709860,+3.46,+11.835, +0.050,+0.932
1668709920,+3.46,+11.817, +0.050,+0.932
1668709980,+3.46,+11.826, +0.050,+0.932
1668710040,+3.46,+11.817, +0.050,+0.932
1668710100,+3.46,+11.826, +0.050,+0.932
1668710160,+3.46,+11.817, +0.051,+0.932
1668710220,+3.46,+11.790, +0.050,+0.932
1668710280,+3.46,+11.799, +0.050,+0.932
1668710340,+3.46,+11.799, +0.051,+0.932
1668710400,+3.46,+11.817, +0.051,+0.932
1668710460,+3.46,+11.781, +0.051,+0.932
1668710520,+3.46,+11.781, +0.051,+0.932
1668710580,+3.46,+11.763, +0.050,+0.932
1668710640,+3.46,+11.772, +0.051,+0.932
1668710700,+3.46,+11.772, +0.050,+0.932
1668710760,+3.46,+11.781, +0.050,+0.932
1668710820,+3.46,+11.763, +0.050,+0.932
1668710880,+3.46,+11.763, +0.050,+0.932
1668710940,+3.46,+11.772, +0.050,+0.932
1668711000,+3.46,+11.772, +0.051,+0.932
1668711060,+3.46,+11.763, +0.051,+0.932
1668711120,+3.46,+11.754, +0.051,+0.932
1668711180,+3.46,+11.763, +0.050,+0.932
1668711240,+3.46,+11.745, +0.050,+0.933
1668711300,+3.46,+11.763, +0.050,+0.932
1668711360,+3.46,+11.745, +0.051,+0.932
1668711420,+3.46,+11.745, +0.051,+0.932
1668711480,+3.46,+11.745, +0.050,+0.932
1668711540,+3.46,+11.745, +0.050,+0.932
1668711600,+3.46,+11.727, +0.051,+0.932
1668711660,+3.46,+11.727, +0.051,+0.932
1668711720,+3.46,+11.736, +0.051,+0.932
1668711780,+3.46,+11.736, +0.050,+0.932
1668711840,+3.46,+11.719, +0.051,+0.932
1668711900,+3.46,+11.736, +0.050,+0.932
1668711960,+3.46,+11.727, +0.051,+0.932
1668712020,+3.46,+11.727, +0.051,+0.932
1668712080,+3.46,+11.727, +0.051,+0.932
1668712140,+3.46,+11.727, +0.051,+0.932
1668712200,+3.46,+11.719, +0.050,+0.932
1668712260,+3.46,+11.719, +0.051,+0.932
1668712320,+3.46,+11.710, +0.050,+0.932
1668712380,+3.46,+11.710, +0.051,+0.932
1668712440,+3.46,+11.710, +0.050,+0.932
1668712500,+3.46,+11.683, +0.050,+0.932
1668712560,+3.46,+11.701, +0.051,+0.932
1668712620,+3.46,+11.665, +0.050,+0.932
1668712680,+3.46,+11.683, +0.050,+0.932
1668712740,+3.46,+11.683, +0.051,+0.932
1668712800,+3.46,+11.674, +0.051,+0.932
1668712860,+3.46,+11.665, +0.050,+0.932
1668712920,+3.46,+11.665, +0.051,+0.932
1668712980,+3.46,+11.683, +0.051,+0.932
1668713040,+3.46,+11.692, +0.050,+0.932
1668713100,+3.46,+11.647, +0.051,+0.932
1668713160,+3.46,+11.665, +0.050,+0.932
1668713220,+3.46,+11.665, +0.051,+0.932
1668713280,+3.46,+11.683, +0.051,+0.932
1668713340,+3.46,+11.674, +0.050,+0.932
1668713400,+3.46,+11.674, +0.051,+0.932
1668713460,+3.46,+11.665, +0.050,+0.932
1668713520,+3.46,+11.665, +0.050,+0.932
1668713580,+3.46,+11.692, +0.051,+0.932
1668713640,+3.46,+11.692, +0.050,+0.932
1668713700,+3.46,+11.665, +0.051,+0.932
1668713760,+3.46,+11.692, +0.051,+0.932
1668713820,+3.46,+11.674, +0.050,+0.932
1668713880,+3.46,+11.701, +0.051,+0.932
1668713940,+3.46,+11.692, +0.051,+0.932
1668714000,+3.46,+11.683, +0.051,+0.932
1668714060,+3.46,+11.683, +0.050,+0.932
1668714120,+3.46,+11.674, +0.051,+0.932
1668714180,+3.46,+11.674, +0.051,+0.932
1668714240,+3.46,+11.692, +0.051,+0.932
1668714300,+3.46,+11.692, +0.051,+0.932
1668714360,+3.46,+11.683, +0.050,+0.932
1668714420,+3.46,+11.701, +0.051,+0.932
1668714480,+3.46,+11.701, +0.051,+0.932
1668714540,+3.46,+11.701, +0.050,+0.932
1668714600,+3.46,+11.701, +0.050,+0.932
1668714660,+3.46,+11.665, +0.051,+0.932
1668714720,+3.46,+11.674, +0.050,+0.932
1668714780,+3.46,+11.665, +0.050,+0.932
1668714840,+3.46,+11.674, +0.051,+0.933
1668714900,+3.46,+11.674, +0.051,+0.932
1668714960,+3.46,+11.665, +0.051,+0.932
1668715020,+3.46,+11.674, +0.051,+0.932
1668715080,+3.46,+11.683, +0.050,+0.932
1668715140,+3.46,+11.656, +0.051,+0.932
1668715200,+3.46,+11.656, +0.051,+0.932
1668715260,+3.46,+11.656, +0.051,+0.932
1668715320,+3.46,+11.674, +0.050,+0.932
1668715380,+3.46,+11.674, +0.051,+0.932
1668715440,+3.46,+11.674, +0.051,+0.932
1668715500,+3.46,+11.683, +0.050,+0.932
1668715560,+3.46,+11.665, +0.051,+0.932
1668715620,+3.46,+11.665, +0.050,+0.932
1668715680,+3.46,+11.647, +0.051,+0.932
1668715740,+3.46,+11.638, +0.050,+0.932
1668715800,+3.46,+11.620, +0.051,+0.932
1668715860,+3.46,+11.674, +0.051,+0.932
1668715920,+3.46,+11.647, +0.051,+0.932
1668715980,+3.46,+11.674, +0.050,+0.932
1668716040,+3.46,+11.629, +0.051,+0.932
1668716100,+3.46,+11.647, +0.050,+0.932
1668716160,+3.46,+11.638, +0.050,+0.932
1668716220,+3.46,+11.647, +0.050,+0.932
1668716280,+3.46,+11.638, +0.050,+0.932
1668716340,+3.46,+11.647, +0.050,+0.932
1668716400,+3.46,+11.620, +0.051,+0.932
1668716460,+3.46,+11.620, +0.050,+0.932
1668716520,+3.46,+11.629, +0.051,+0.932
1668716580,+3.46,+11.620, +0.051,+0.932
1668716640,+3.46,+11.656, +0.051,+0.932
1668716700,+3.46,+11.629, +0.051,+0.932
1668716760,+3.46,+11.629, +0.051,+0.932
1668716820,+3.46,+11.629, +0.050,+0.932
1668716880,+3.46,+11.620, +0.050,+0.932
1668716940,+3.46,+11.620, +0.050,+0.932
1668717000,+3.46,+11.611, +0.051,+0.932
1668717060,+3.46,+11.620, +0.050,+0.932
1668717120,+3.46,+11.602, +0.051,+0.932
1668717180,+3.46,+11.629, +0.050,+0.932
1668717240,+3.46,+11.620, +0.051,+0.932
1668717300,+3.46,+11.602, +0.051,+0.932
1668717360,+3.46,+11.629, +0.050,+0.932
1668717420,+3.46,+11.611, +0.051,+0.932
1668717480,+3.46,+11.620, +0.050,+0.932
1668717540,+3.46,+11.620, +0.051,+0.932
1668717600,+3.46,+11.611, +0.052,+0.933
1668717660,+3.46,+11.629, +0.050,+0.932
1668717720,+3.46,+11.593, +0.052,+0.932
1668717780,+3.46,+11.629, +0.051,+0.932
1668717840,+3.46,+11.611, +0.051,+0.932
1668717900,+3.46,+11.620, +0.050,+0.932
1668717960,+3.46,+11.602, +0.050,+0.932
1668718020,+3.46,+11.602, +0.051,+0.932
1668718080,+3.46,+11.602, +0.051,+0.932
1668718140,+3.46,+11.584, +0.051,+0.932
1668718200,+3.46,+11.602, +0.050,+0.932
1668718260,+3.46,+11.602, +0.051,+0.932
1668718320,+3.46,+11.593, +0.051,+0.933
1668718380,+3.46,+11.575, +0.051,+0.932
1668718440,+3.46,+11.584, +0.051,+0.932
1668718500,+3.46,+11.584, +0.051,+0.932
1668718560,+3.46,+11.575, +0.050,+0.932
1668718620,+3.46,+11.584, +0.051,+0.932
1668718680,+3.46,+11.575, +0.050,+0.932
1668718740,+3.46,+11.575, +0.051,+0.932
1668718800,+3.46,+11.575, +0.051,+0.932
1668718860,+3.46,+11.549, +0.051,+0.932
1668718920,+3.46,+11.567, +0.050,+0.932
1668718980,+3.46,+11.549, +0.050,+0.932
1668719040,+3.46,+11.558, +0.051,+0.932
1668719100,+3.46,+11.558, +0.051,+0.932
1668719160,+3.46,+11.558, +0.051,+0.932
1668719220,+3.46,+11.567, +0.051,+0.932
1668719280,+3.46,+11.567, +0.051,+0.932
1668719340,+3.46,+11.567, +0.051,+0.932
1668719400,+3.46,+11.575, +0.051,+0.932
1668719460,+3.46,+11.575, +0.051,+0.932
1668719520,+3.46,+11.575, +0.051,+0.932
1668719580,+3.46,+11.584, +0.052,+0.932
1668719640,+3.46,+11.602, +0.051,+0.932
1668719700,+3.46,+11.593, +0.050,+0.932
1668719760,+3.46,+11.620, +0.050,+0.932
1668719820,+3.46,+11.593, +0.051,+0.932
1668719880,+3.46,+11.575, +0.051,+0.932
1668719940,+3.46,+11.567, +0.051,+0.932
1668720000,+3.46,+11.593, +0.051,+0.932
1668720060,+3.46,+11.584, +0.051,+0.932
1668720120,+3.46,+11.584, +0.051,+0.932
1668720180,+3.46,+11.602, +0.051,+0.932
1668720240,+3.46,+11.584, +0.051,+0.932
1668720300,+3.46,+11.629, +0.051,+0.932
1668720360,+3.46,+11.602, +0.051,+0.932
1668720420,+3.46,+11.593, +0.051,+0.932
1668720480,+3.46,+11.602, +0.051,+0.932
1668720540,+3.46,+11.611, +0.051,+0.932
1668720600,+3.46,+11.611, +0.051,+0.932
1668720660,+3.46,+11.620, +0.050,+0.932
1668720720,+3.46,+11.611, +0.051,+0.932
1668720780,+3.46,+11.611, +0.050,+0.932
1668720840,+3.46,+11.620, +0.051,+0.932
1668720900,+3.46,+11.611, +0.052,+0.933
1668720960,+3.46,+11.593, +0.051,+0.932
1668721020,+3.46,+11.638, +0.050,+0.932
1668721080,+3.46,+11.611, +0.051,+0.932
1668721140,+3.46,+11.629, +0.050,+0.932
1668721200,+3.46,+11.620, +0.051,+0.932
1668721260,+3.46,+11.629, +0.051,+0.932
1668721320,+3.46,+11.629, +0.051,+0.932
1668721380,+3.46,+11.620, +0.051,+0.932
1668721440,+3.46,+11.611, +0.051,+0.932
1668721500,+3.46,+11.629, +0.052,+0.932
1668721560,+3.46,+11.602, +0.052,+0.932
1668721620,+3.46,+11.620, +0.051,+0.932
1668721680,+3.46,+11.647, +0.051,+0.932
1668721740,+3.46,+11.647, +0.051,+0.932
1668721800,+3.46,+11.638, +0.051,+0.932
1668721860,+3.46,+11.629, +0.050,+0.932
1668721920,+3.46,+11.629, +0.050,+0.932
1668721980,+3.46,+11.647, +0.051,+0.932
1668722040,+3.46,+11.647, +0.051,+0.932
1668722100,+3.46,+11.620, +0.051,+0.932
1668722160,+3.46,+11.638, +0.051,+0.932
1668722220,+3.46,+11.638, +0.051,+0.932
1668722280,+3.46,+11.620, +0.051,+0.932
1668722340,+3.46,+11.638, +0.050,+0.932
1668722400,+3.46,+11.620, +0.051,+0.932
1668722460,+3.46,+11.629, +0.051,+0.932
1668722520,+3.46,+11.647, +0.051,+0.932
1668722580,+3.46,+11.620, +0.051,+0.932
1668722640,+3.46,+11.620, +0.051,+0.932
1668722700,+3.46,+11.629, +0.051,+0.932
1668722760,+3.46,+11.620, +0.050,+0.932
1668722820,+3.46,+11.611, +0.051,+0.932
1668722880,+3.46,+11.629, +0.050,+0.932
1668722940,+3.46,+11.647, +0.051,+0.932
1668723000,+3.46,+11.629, +0.051,+0.933
1668723060,+3.46,+11.620, +0.051,+0.932
1668723120,+3.46,+11.629, +0.051,+0.932
1668723180,+3.46,+11.629, +0.051,+0.932
1668723240,+3.46,+11.629, +0.050,+0.932
1668723300,+3.46,+11.611, +0.051,+0.932
1668723360,+3.46,+11.647, +0.051,+0.932
1668723420,+3.46,+11.629, +0.051,+0.932
1668723480,+3.46,+11.620, +0.051,+0.932
1668723540,+3.46,+11.611, +0.051,+0.932
1668723600,+3.46,+11.638, +0.050,+0.932
1668723660,+3.46,+11.629, +0.050,+0.932
1668723720,+3.46,+11.620, +0.051,+0.932
1668723780,+3.46,+11.629, +0.051,+0.932
1668723840,+3.46,+11.620, +0.051,+0.932
1668723900,+3.46,+11.629, +0.051,+0.932
1668723960,+3.46,+11.638, +0.050,+0.932
1668724020,+3.46,+11.620, +0.050,+0.932
1668724080,+3.46,+11.620, +0.050,+0.932
1668724140,+3.46,+11.611, +0.051,+0.932
1668724200,+3.46,+11.629, +0.050,+0.932
1668724260,+3.46,+11.593, +0.051,+0.932
1668724320,+3.46,+11.620, +0.051,+0.932
1668724380,+3.46,+11.593, +0.051,+0.932
1668724440,+3.46,+11.611, +0.051,+0.932
1668724500,+3.46,+11.602, +0.051,+0.932
1668724560,+3.46,+11.611, +0.051,+0.932
1668724620,+3.46,+11.611, +0.051,+0.932
1668724680,+3.46,+11.620, +0.051,+0.932
1668724740,+3.46,+11.620, +0.050,+0.932
1668724800,+3.46,+11.620, +0.050,+0.932
1668724860,+3.46,+11.602, +0.050,+0.932
1668724920,+3.46,+11.611, +0.051,+0.932
1668724980,+3.46,+11.620, +0.050,+0.932
1668725040,+3.46,+11.611, +0.051,+0.932
1668725100,+3.46,+11.611, +0.051,+0.932
1668725160,+3.46,+11.629, +0.051,+0.932
1668725220,+3.46,+11.611, +0.051,+0.932
1668725280,+3.46,+11.629, +0.050,+0.932
1668725340,+3.46,+11.620, +0.051,+0.932
1668725400,+3.46,+11.638, +0.050,+0.932
1668725460,+3.46,+11.611, +0.051,+0.932
1668725520,+3.46,+11.620, +0.051,+0.932
1668725580,+3.46,+11.620, +0.051,+0.932
1668725640,+3.46,+11.620, +0.051,+0.932
1668725700,+3.46,+11.611, +0.051,+0.932
1668725760,+3.46,+11.611, +0.051,+0.932
1668725820,+3.46,+11.611, +0.051,+0.932
1668725880,+3.46,+11.638, +0.051,+0.932
1668725940,+3.46,+11.593, +0.050,+0.932
1668726000,+3.46,+11.593, +0.050,+0.932
1668726060,+3.46,+11.567, +0.050,+0.932
1668726120,+3.46,+11.558, +0.051,+0.932
1668726180,+3.46,+11.567, +0.050,+0.932
1668726240,+3.46,+11.531, +0.051,+0.932
1668726300,+3.46,+11.558, +0.050,+0.932
1668726360,+3.46,+11.558, +0.051,+0.932
1668726420,+3.46,+11.531, +0.050,+0.932
1668726480,+3.46,+11.531, +0.050,+0.932
1668726540,+3.46,+11.531, +0.050,+0.932
1668726600,+3.46,+11.549, +0.050,+0.932
1668726660,+3.46,+11.504, +0.050,+0.932
1668726720,+3.46,+11.504, +0.050,+0.932
1668726780,+3.46,+11.522, +0.050,+0.932
1668726840,+3.46,+11.522, +0.051,+0.932
1668726900,+3.46,+11.522, +0.051,+0.932
1668726960,+3.46,+11.522, +0.051,+0.932
1668727020,+3.46,+11.522, +0.051,+0.932
1668727080,+3.46,+11.549, +0.051,+0.932
1668727140,+3.46,+11.540, +0.050,+0.932
1668727200,+3.46,+11.531, +0.051,+0.932
1668727260,+3.46,+11.540, +0.051,+0.932
1668727320,+3.46,+11.558, +0.050,+0.932
1668727380,+3.46,+11.549, +0.051,+0.932
1668727440,+3.46,+11.549, +0.051,+0.932
1668727500,+3.46,+11.549, +0.050,+0.932
1668727560,+3.46,+11.558, +0.051,+0.932
1668727620,+3.46,+11.575, +0.051,+0.932
1668727680,+3.46,+11.549, +0.051,+0.932
1668727740,+3.46,+11.549, +0.051,+0.932
1668727800,+3.46,+11.549, +0.051,+0.932
1668727860,+3.46,+11.549, +0.051,+0.932
1668727920,+3.46,+11.567, +0.050,+0.932
1668727980,+3.46,+11.575, +0.051,+0.932
1668728040,+3.46,+11.540, +0.052,+0.932
1668728100,+3.46,+11.575, +0.051,+0.932
1668728160,+3.46,+11.558, +0.051,+0.932
1668728220,+3.46,+11.558, +0.051,+0.932
1668728280,+3.46,+11.558, +0.050,+0.932
1668728340,+3.46,+11.558, +0.051,+0.932
1668728400,+3.46,+11.540, +0.052,+0.932
1668728460,+3.46,+11.540, +0.051,+0.932
1668728520,+3.46,+11.558, +0.051,+0.932
1668728580,+3.46,+11.575, +0.052,+0.932
1668728640,+3.46,+11.558, +0.051,+0.932
1668728700,+3.46,+11.575, +0.051,+0.932
1668728760,+3.46,+11.558, +0.051,+0.932
1668728820,+3.46,+11.549, +0.052,+0.932
1668728880,+3.46,+11.558, +0.051,+0.932
1668728940,+3.46,+11.540, +0.052,+0.932
1668729000,+3.46,+11.567, +0.050,+0.932
1668729060,+3.46,+11.549, +0.051,+0.932
1668729120,+3.46,+11.567, +0.051,+0.932
1668729180,+3.46,+11.575, +0.050,+0.932
1668729240,+3.46,+11.567, +0.051,+0.932
1668729300,+3.46,+11.567, +0.051,+0.932
1668729360,+3.46,+11.575, +0.051,+0.932
1668729420,+3.46,+11.567, +0.050,+0.932
1668729480,+3.46,+11.575, +0.052,+0.932
1668729540,+3.46,+11.575, +0.052,+0.932
1668729600,+3.46,+11.567, +0.051,+0.932
1668729660,+3.46,+11.575, +0.051,+0.932
1668729720,+3.46,+11.584, +0.051,+0.932
1668729780,+3.46,+11.575, +0.051,+0.932
1668729840,+3.46,+11.575, +0.051,+0.932
1668729900,+3.46,+11.575, +0.051,+0.932
1668729960,+3.46,+11.584, +0.051,+0.932
1668730020,+3.46,+11.558, +0.051,+0.932
1668730080,+3.46,+11.567, +0.051,+0.932
1668730140,+3.46,+11.584, +0.051,+0.932
1668730200,+3.46,+11.584, +0.051,+0.932
1668730260,+3.46,+11.602, +0.051,+0.932
1668730320,+3.46,+11.584, +0.051,+0.932
1668730380,+3.46,+11.567, +0.052,+0.932
1668730440,+3.46,+11.593, +0.051,+0.932
1668730500,+3.46,+11.584, +0.051,+0.932
1668730560,+3.46,+11.584, +0.051,+0.932
1668730620,+3.46,+11.575, +0.051,+0.932
1668730680,+3.46,+11.593, +0.051,+0.932
1668730740,+3.46,+11.584, +0.051,+0.932
1668730800,+3.46,+11.584, +0.051,+0.932
1668730860,+3.46,+11.584, +0.051,+0.932
1668730920,+3.46,+11.584, +0.051,+0.932
1668730980,+3.46,+11.575, +0.051,+0.932
1668731040,+3.46,+11.593, +0.051,+0.932
1668731100,+3.46,+11.593, +0.051,+0.932
1668731160,+3.46,+11.575, +0.051,+0.932
1668731220,+3.46,+11.602, +0.051,+0.932
1668731280,+3.46,+11.593, +0.050,+0.932
1668731340,+3.46,+11.575, +0.051,+0.932
1668731400,+3.46,+11.593, +0.050,+0.932
1668731460,+3.46,+11.575, +0.051,+0.932
1668731520,+3.46,+11.567, +0.051,+0.932
1668731580,+3.46,+11.575, +0.051,+0.932
1668731640,+3.46,+11.575, +0.051,+0.932
1668731700,+3.46,+11.567, +0.051,+0.932
1668731760,+3.46,+11.558, +0.051,+0.932
1668731820,+3.46,+11.575, +0.051,+0.932
1668731880,+3.46,+11.549, +0.051,+0.932
1668731940,+3.46,+11.575, +0.051,+0.932
1668732000,+3.46,+11.558, +0.051,+0.932
1668732060,+3.46,+11.558, +0.051,+0.932
1668732120,+3.46,+11.558, +0.051,+0.932
1668732180,+3.46,+11.549, +0.050,+0.932
1668732240,+3.46,+11.567, +0.051,+0.932
1668732300,+3.46,+11.540, +0.051,+0.932
1668732360,+3.46,+11.549, +0.051,+0.932
1668732420,+3.46,+11.558, +0.051,+0.932
1668732480,+3.46,+11.558, +0.051,+0.932
1668732540,+3.46,+11.531, +0.051,+0.932
1668732600,+3.46,+11.549, +0.051,+0.932
1668732660,+3.46,+11.558, +0.051,+0.932
1668732720,+3.46,+11.558, +0.050,+0.932
1668732780,+3.46,+11.540, +0.052,+0.932
1668732840,+3.46,+11.558, +0.051,+0.932
1668732900,+3.46,+11.558, +0.051,+0.932
1668732960,+3.46,+11.567, +0.051,+0.932
1668733020,+3.46,+11.567, +0.051,+0.932
1668733080,+3.46,+11.567, +0.050,+0.932
1668733140,+3.46,+11.575, +0.050,+0.932
1668733200,+3.46,+11.575, +0.051,+0.932
1668733260,+3.46,+11.567, +0.051,+0.932
1668733320,+3.46,+11.575, +0.051,+0.932
1668733380,+3.46,+11.575, +0.050,+0.932
1668733440,+3.46,+11.575, +0.051,+0.932
1668733500,+3.46,+11.584, +0.050,+0.932
1668733560,+3.46,+11.567, +0.051,+0.932
1668733620,+3.46,+11.575, +0.052,+0.932
1668733680,+3.46,+11.567, +0.051,+0.932
1668733740,+3.46,+11.584, +0.051,+0.932
1668733800,+3.46,+11.567, +0.051,+0.932
1668733860,+3.46,+11.567, +0.051,+0.932
1668733920,+3.46,+11.575, +0.051,+0.932
1668733980,+3.46,+11.567, +0.052,+0.932
1668734040,+3.46,+11.567, +0.051,+0.932
1668734100,+3.46,+11.575, +0.051,+0.932
1668734160,+3.46,+11.567, +0.051,+0.932
1668734220,+3.46,+11.558, +0.051,+0.932
1668734280,+3.46,+11.575, +0.051,+0.932
1668734340,+3.46,+11.602, +0.051,+0.932
1668734400,+3.46,+11.602, +0.051,+0.932
1668734460,+3.46,+11.567, +0.051,+0.932
1668734520,+3.46,+11.584, +0.050,+0.932
1668734580,+3.46,+11.584, +0.051,+0.932
1668734640,+3.46,+11.584, +0.051,+0.932
1668734700,+3.46,+11.575, +0.051,+0.932
1668734760,+3.46,+11.575, +0.051,+0.932
1668734820,+3.46,+11.575, +0.051,+0.932
1668734880,+3.46,+11.584, +0.051,+0.932
1668734940,+3.46,+11.593, +0.052,+0.932
1668735000,+3.46,+11.584, +0.051,+0.932
1668735060,+3.46,+11.593, +0.051,+0.932
1668735120,+3.46,+11.558, +0.051,+0.932
1668735180,+3.46,+11.584, +0.051,+0.932
1668735240,+3.46,+11.575, +0.050,+0.932
1668735300,+3.46,+11.567, +0.051,+0.932
1668735360,+3.46,+11.567, +0.051,+0.932
1668735420,+3.46,+11.575, +0.051,+0.932
1668735480,+3.46,+11.567, +0.051,+0.932
1668735540,+3.46,+11.567, +0.051,+0.932
1668735600,+3.46,+11.567, +0.051,+0.932
1668735660,+3.46,+11.567, +0.051,+0.932
1668735720,+3.46,+11.575, +0.051,+0.932
1668735780,+3.46,+11.567, +0.051,+0.932
1668735840,+3.46,+11.567, +0.051,+0.932
1668735900,+3.46,+11.575, +0.051,+0.932
1668735960,+3.46,+11.558, +0.051,+0.932
1668736020,+3.46,+11.558, +0.051,+0.932
1668736080,+3.46,+11.567, +0.051,+0.932
1668736140,+3.46,+11.549, +0.052,+0.932
1668736200,+3.46,+11.567, +0.051,+0.932
1668736260,+3.46,+11.558, +0.051,+0.932
1668736320,+3.46,+11.531, +0.052,+0.932
1668736380,+3.46,+11.567, +0.051,+0.932
1668736440,+3.46,+11.558, +0.051,+0.932
1668736500,+3.46,+11.531, +0.052,+0.932
1668736560,+3.46,+11.558, +0.051,+0.932
1668736620,+3.46,+11.540, +0.051,+0.932
1668736680,+3.46,+11.549, +0.051,+0.932
1668736740,+3.46,+11.567, +0.051,+0.932
1668736800,+3.46,+11.549, +0.051,+0.932
1668736860,+3.46,+11.567, +0.051,+0.932
1668736920,+3.46,+11.549, +0.051,+0.932
1668736980,+3.46,+11.575, +0.051,+0.932
1668737040,+3.46,+11.567, +0.051,+0.932
1668737100,+3.46,+11.558, +0.051,+0.932
1668737160,+3.46,+11.575, +0.051,+0.932
1668737220,+3.46,+11.575, +0.050,+0.932
1668737280,+3.46,+11.567, +0.052,+0.932
1668737340,+3.46,+11.575, +0.051,+0.932
1668737400,+3.46,+11.593, +0.051,+0.932
1668737460,+3.46,+11.567, +0.051,+0.932
1668737520,+3.46,+11.567, +0.050,+0.932
1668737580,+3.46,+11.584, +0.051,+0.932
1668737640,+3.46,+11.575, +0.051,+0.932
1668737700,+3.46,+11.575, +0.051,+0.932
1668737760,+3.46,+11.575, +0.051,+0.932
1668737820,+3.46,+11.558, +0.051,+0.932
1668737880,+3.46,+11.567, +0.051,+0.932
1668737940,+3.46,+11.575, +0.050,+0.932
1668738000,+3.46,+11.558, +0.052,+0.932
1668738060,+3.46,+11.567, +0.050,+0.932
1668738120,+3.46,+11.567, +0.051,+0.932
1668738180,+3.46,+11.558, +0.051,+0.932
1668738240,+3.46,+11.593, +0.050,+0.932
1668738300,+3.46,+11.575, +0.050,+0.932
1668738360,+3.46,+11.567, +0.051,+0.932
1668738420,+3.46,+11.575, +0.050,+0.932
1668738480,+3.46,+11.558, +0.050,+0.932
1668738540,+3.46,+11.558, +0.051,+0.932
1668738600,+3.46,+11.549, +0.051,+0.932
1668738660,+3.46,+11.558, +0.051,+0.932
1668738720,+3.46,+11.575, +0.051,+0.932
1668738780,+3.46,+11.575, +0.051,+0.932
1668738840,+3.46,+11.584, +0.051,+0.932
1668738900,+3.46,+11.593, +0.051,+0.932
1668738960,+3.46,+11.575, +0.050,+0.932
1668739020,+3.46,+11.584, +0.051,+0.932
1668739080,+3.46,+11.575, +0.051,+0.932
1668739140,+3.46,+11.584, +0.051,+0.932
1668739200,+3.46,+11.575, +0.051,+0.932
1668739260,+3.46,+11.584, +0.051,+0.932
1668739320,+3.46,+11.584, +0.052,+0.932
1668739380,+3.46,+11.584, +0.050,+0.932
1668739440,+3.46,+11.593, +0.052,+0.932
1668739500,+3.46,+11.575, +0.051,+0.932
1668739560,+3.46,+11.567, +0.052,+0.932
1668739620,+3.46,+11.584, +0.050,+0.932
1668739680,+3.46,+11.593, +0.051,+0.932
1668739740,+3.46,+11.567, +0.051,+0.932
1668739800,+3.46,+11.549, +0.051,+0.932
1668739860,+3.46,+11.575, +0.051,+0.932
1668739920,+3.46,+11.593, +0.051,+0.932
1668739980,+3.46,+11.584, +0.051,+0.932
1668740040,+3.46,+11.558, +0.051,+0.932
1668740100,+3.46,+11.575, +0.051,+0.932
1668740160,+3.46,+11.593, +0.051,+0.932
1668740220,+3.46,+11.593, +0.051,+0.932
1668740280,+3.46,+11.575, +0.052,+0.932
1668740340,+3.46,+11.593, +0.051,+0.932
1668740400,+3.46,+11.575, +0.051,+0.932
1668740460,+3.46,+11.567, +0.051,+0.932
1668740520,+3.46,+11.575, +0.051,+0.932
1668740580,+3.46,+11.575, +0.051,+0.932
1668740640,+3.46,+11.567, +0.051,+0.932
1668740700,+3.46,+11.567, +0.050,+0.932
1668740760,+3.46,+11.575, +0.051,+0.932
1668740820,+3.46,+11.549, +0.051,+0.932
1668740880,+3.46,+11.575, +0.051,+0.932
1668740940,+3.46,+11.593, +0.051,+0.932
1668741000,+3.46,+11.567, +0.051,+0.932
1668741060,+3.46,+11.558, +0.051,+0.932
1668741120,+3.46,+11.575, +0.051,+0.932
1668741180,+3.46,+11.567, +0.051,+0.932
1668741240,+3.46,+11.584, +0.051,+0.932
1668741300,+3.46,+11.575, +0.051,+0.932
1668741360,+3.46,+11.584, +0.051,+0.932
1668741420,+3.46,+11.584, +0.051,+0.932
1668741480,+3.46,+11.575, +0.051,+0.932
1668741540,+3.46,+11.567, +0.051,+0.932
1668741600,+3.46,+11.558, +0.052,+0.932
1668741660,+3.46,+11.584, +0.051,+0.932
1668741720,+3.46,+11.575, +0.051,+0.932
1668741780,+3.46,+11.575, +0.051,+0.932
1668741840,+3.46,+11.584, +0.051,+0.932
1668741900,+3.46,+11.567, +0.051,+0.932
1668741960,+3.46,+11.540, +0.052,+0.932
1668742020,+3.46,+11.549, +0.052,+0.932
1668742080,+3.46,+11.567, +0.051,+0.932
1668742140,+3.46,+11.549, +0.051,+0.932
1668742200,+3.46,+11.558, +0.051,+0.932
1668742260,+3.46,+11.567, +0.050,+0.932
1668742320,+3.46,+11.558, +0.052,+0.932
1668742380,+3.46,+11.540, +0.052,+0.932
1668742440,+3.46,+11.540, +0.051,+0.932
1668742500,+3.46,+11.558, +0.052,+0.932
1668742560,+3.46,+11.522, +0.051,+0.932
1668742620,+3.46,+11.549, +0.051,+0.932
1668742680,+3.46,+11.558, +0.051,+0.932
1668742740,+3.46,+11.549, +0.051,+0.932
1668742800,+3.46,+11.531, +0.051,+0.932
1668742860,+3.46,+11.549, +0.052,+0.932
1668742920,+3.46,+11.540, +0.051,+0.932
1668742980,+3.46,+11.549, +0.051,+0.932
1668743040,+3.46,+11.549, +0.051,+0.932
1668743100,+3.46,+11.540, +0.051,+0.932
1668743160,+3.46,+11.549, +0.051,+0.932
1668743220,+3.46,+11.540, +0.052,+0.932
1668743280,+3.46,+11.549, +0.051,+0.932
1668743340,+3.46,+11.549, +0.051,+0.932
1668743400,+3.46,+11.540, +0.051,+0.932
1668743460,+3.46,+11.531, +0.051,+0.932
1668743520,+3.46,+11.567, +0.051,+0.932
1668743580,+3.46,+11.558, +0.051,+0.932
1668743640,+3.46,+11.549, +0.051,+0.932
1668743700,+3.46,+11.549, +0.050,+0.932
1668743760,+3.46,+11.549, +0.051,+0.932
1668743820,+3.46,+11.558, +0.051,+0.932
1668743880,+3.46,+11.567, +0.051,+0.932
1668743940,+3.46,+11.531, +0.051,+0.932
1668744000,+3.46,+11.549, +0.051,+0.932
1668744060,+3.46,+11.558, +0.050,+0.932
1668744120,+3.46,+11.540, +0.052,+0.932
1668744180,+3.46,+11.558, +0.051,+0.932
1668744240,+3.46,+11.540, +0.052,+0.932
1668744300,+3.46,+11.558, +0.051,+0.932
1668744360,+3.46,+11.549, +0.051,+0.932
1668744420,+3.46,+11.531, +0.051,+0.932
1668744480,+3.46,+11.558, +0.051,+0.932
1668744540,+3.46,+11.558, +0.051,+0.932
1668744600,+3.46,+11.549, +0.052,+0.932
1668744660,+3.46,+11.558, +0.051,+0.932
1668744720,+3.46,+11.558, +0.051,+0.932
1668744780,+3.46,+11.558, +0.051,+0.932
1668744840,+3.46,+11.567, +0.051,+0.932
1668744900,+3.46,+11.558, +0.051,+0.932
1668744960,+3.46,+11.540, +0.051,+0.932
1668745020,+3.46,+11.549, +0.051,+0.932
1668745080,+3.46,+11.549, +0.051,+0.932
1668745140,+3.46,+11.549, +0.051,+0.932
1668745200,+3.46,+11.567, +0.051,+0.932
1668745260,+3.46,+11.575, +0.050,+0.932
1668745320,+3.46,+11.567, +0.051,+0.932
1668745380,+3.46,+11.567, +0.051,+0.932
1668745440,+3.46,+11.567, +0.051,+0.932
1668745500,+3.46,+11.567, +0.051,+0.932
1668745560,+3.46,+11.584, +0.051,+0.932
1668745620,+3.46,+11.575, +0.051,+0.932
1668745680,+3.46,+11.558, +0.051,+0.932
1668745740,+3.46,+11.549, +0.051,+0.932
1668745800,+3.46,+11.549, +0.052,+0.932
1668745860,+3.46,+11.549, +0.051,+0.932
1668745920,+3.46,+11.540, +0.052,+0.932
1668745980,+3.46,+11.549, +0.051,+0.932
1668746040,+3.46,+11.558, +0.051,+0.932
1668746100,+3.46,+11.558, +0.051,+0.932
1668746160,+3.46,+11.540, +0.050,+0.932
1668746220,+3.46,+11.549, +0.052,+0.932
1668746280,+3.46,+11.567, +0.052,+0.932
1668746340,+3.46,+11.584, +0.051,+0.932
1668746400,+3.46,+11.575, +0.052,+0.932
1668746460,+3.46,+11.549, +0.051,+0.932
1668746520,+3.46,+11.558, +0.050,+0.932
1668746580,+3.46,+11.558, +0.051,+0.932
1668746640,+3.46,+11.567, +0.051,+0.932
1668746700,+3.46,+11.575, +0.051,+0.932
1668746760,+3.46,+11.567, +0.051,+0.932
1668746820,+3.46,+11.567, +0.051,+0.932
1668746880,+3.46,+11.584, +0.052,+0.932
1668746940,+3.46,+11.575, +0.051,+0.932
1668747000,+3.46,+11.593, +0.051,+0.932
1668747060,+3.46,+11.593, +0.051,+0.932
1668747120,+3.46,+11.602, +0.051,+0.932
1668747180,+3.46,+11.584, +0.051,+0.932
1668747240,+3.46,+11.575, +0.051,+0.932
1668747300,+3.46,+11.602, +0.051,+0.932
1668747360,+3.46,+11.611, +0.051,+0.932
1668747420,+3.46,+11.593, +0.051,+0.932
1668747480,+3.46,+11.602, +0.051,+0.932
1668747540,+3.46,+11.611, +0.050,+0.932
1668747600,+3.46,+11.602, +0.052,+0.932
1668747660,+3.46,+11.584, +0.051,+0.932
1668747720,+3.46,+11.611, +0.051,+0.932
1668747780,+3.46,+11.602, +0.051,+0.932
1668747840,+3.46,+11.611, +0.051,+0.932
1668747900,+3.46,+11.611, +0.050,+0.932
1668747960,+3.46,+11.593, +0.051,+0.932
1668748020,+3.46,+11.602, +0.051,+0.932
1668748080,+3.46,+11.611, +0.051,+0.932
1668748140,+3.46,+11.611, +0.051,+0.932
1668748200,+3.46,+11.593, +0.052,+0.932
1668748260,+3.46,+11.620, +0.051,+0.932
1668748320,+3.46,+11.611, +0.052,+0.932
1668748380,+3.46,+11.620, +0.051,+0.932
1668748440,+3.46,+11.620, +0.051,+0.932
1668748500,+3.46,+11.620, +0.052,+0.932
1668748560,+3.46,+11.629, +0.051,+0.932
1668748620,+3.46,+11.647, +0.050,+0.932
1668748680,+3.46,+11.620, +0.051,+0.932
1668748740,+3.46,+11.629, +0.051,+0.932
1668748800,+3.46,+11.638, +0.051,+0.932
1668748860,+3.46,+11.638, +0.052,+0.932
1668748920,+3.46,+11.647, +0.051,+0.932
1668748980,+3.46,+11.647, +0.051,+0.932
1668749040,+3.46,+11.638, +0.051,+0.932
1668749100,+3.46,+11.638, +0.051,+0.932
1668749160,+3.46,+11.638, +0.051,+0.932
1668749220,+3.46,+11.656, +0.051,+0.932
1668749280,+3.46,+11.656, +0.052,+0.932
1668749340,+3.46,+11.656, +0.050,+0.932
1668749400,+3.46,+11.656, +0.051,+0.932
1668749460,+3.46,+11.629, +0.051,+0.932
1668749520,+3.46,+11.647, +0.051,+0.932
1668749580,+3.46,+11.647, +0.051,+0.932
1668749640,+3.46,+11.647, +0.051,+0.932
1668749700,+3.46,+11.656, +0.051,+0.932
1668749760,+3.46,+11.656, +0.051,+0.932
1668749820,+3.46,+11.674, +0.051,+0.932
1668749880,+3.46,+11.656, +0.052,+0.932
1668749940,+3.46,+11.665, +0.050,+0.932
1668750000,+3.46,+11.647, +0.051,+0.932
1668750060,+3.46,+11.665, +0.051,+0.932
1668750120,+3.46,+11.665, +0.051,+0.932
1668750180,+3.46,+11.656, +0.051,+0.932
1668750240,+3.46,+11.665, +0.051,+0.932
1668750300,+3.46,+11.665, +0.052,+0.932
1668750360,+3.46,+11.656, +0.052,+0.932
1668750420,+3.46,+11.656, +0.052,+0.932
1668750480,+3.46,+11.665, +0.051,+0.932
1668750540,+3.46,+11.674, +0.051,+0.932
1668750600,+3.46,+11.674, +0.051,+0.932
1668750660,+3.46,+11.674, +0.051,+0.932
1668750720,+3.46,+11.674, +0.052,+0.932
1668750780,+3.46,+11.674, +0.051,+0.932
1668750840,+3.46,+11.674, +0.052,+0.932
1668750900,+3.46,+11.665, +0.051,+0.932
1668750960,+3.46,+11.683, +0.051,+0.932
1668751020,+3.46,+11.683, +0.051,+0.932
1668751080,+3.46,+11.683, +0.051,+0.932
1668751140,+3.46,+11.674, +0.052,+0.932
1668751200,+3.46,+11.701, +0.051,+0.932
1668751260,+3.46,+11.692, +0.051,+0.932
1668751320,+3.46,+11.701, +0.051,+0.932
1668751380,+3.46,+11.701, +0.051,+0.932
1668751440,+3.46,+11.665, +0.052,+0.932
1668751500,+3.46,+11.683, +0.051,+0.932
1668751560,+3.46,+11.683, +0.051,+0.932
1668751620,+3.46,+11.710, +0.051,+0.932
1668751680,+3.46,+11.692, +0.051,+0.932
1668751740,+3.46,+11.692, +0.051,+0.932
1668751800,+3.46,+11.701, +0.050,+0.932
1668751860,+3.46,+11.701, +0.051,+0.932
1668751920,+3.46,+11.692, +0.051,+0.932
1668751980,+3.46,+11.692, +0.051,+0.932
1668752040,+3.46,+11.683, +0.052,+0.932
1668752100,+3.46,+11.701, +0.051,+0.932
1668752160,+3.46,+11.683, +0.051,+0.932
1668752220,+3.46,+11.710, +0.051,+0.932
1668752280,+3.46,+11.692, +0.051,+0.932
1668752340,+3.46,+11.701, +0.051,+0.932
1668752400,+3.46,+11.710, +0.051,+0.932
1668752460,+3.46,+11.692, +0.051,+0.932
1668752520,+3.46,+11.692, +0.051,+0.932
1668752580,+3.46,+11.701, +0.051,+0.932
1668752640,+3.46,+11.692, +0.051,+0.932
1668752700,+3.46,+11.701, +0.051,+0.932
1668752760,+3.46,+11.701, +0.051,+0.932
1668752820,+3.46,+11.710, +0.052,+0.932
1668752880,+3.46,+11.701, +0.051,+0.932
1668752940,+3.46,+11.692, +0.051,+0.932
1668753000,+3.46,+11.727, +0.051,+0.932
1668753060,+3.46,+11.701, +0.051,+0.932
1668753120,+3.46,+11.710, +0.051,+0.932
1668753180,+3.46,+11.710, +0.051,+0.932
1668753240,+3.46,+11.710, +0.051,+0.932
1668753300,+3.46,+11.719, +0.051,+0.932
1668753360,+3.46,+11.719, +0.052,+0.932
1668753420,+3.46,+11.727, +0.051,+0.932
1668753480,+3.46,+11.719, +0.051,+0.932
1668753540,+3.46,+11.719, +0.051,+0.932
1668753600,+3.46,+11.710, +0.051,+0.932
1668753660,+3.46,+11.727, +0.051,+0.932
1668753720,+3.46,+11.727, +0.051,+0.932
1668753780,+3.46,+11.727, +0.050,+0.932
1668753840,+3.46,+11.727, +0.050,+0.932
1668753900,+3.46,+11.727, +0.051,+0.932
1668753960,+3.46,+11.736, +0.051,+0.932
1668754020,+3.46,+11.727, +0.050,+0.932
1668754080,+3.46,+11.701, +0.052,+0.932
1668754140,+3.46,+11.727, +0.051,+0.932
1668754200,+3.46,+11.719, +0.051,+0.932
1668754260,+3.46,+11.719, +0.051,+0.932
1668754320,+3.46,+11.736, +0.051,+0.932
1668754380,+3.46,+11.745, +0.051,+0.932
1668754440,+3.46,+11.727, +0.051,+0.932
1668754500,+3.46,+11.719, +0.051,+0.932
1668754560,+3.46,+11.727, +0.051,+0.932
1668754620,+3.46,+11.727, +0.051,+0.932
1668754680,+3.46,+11.736, +0.051,+0.932
1668754740,+3.46,+11.727, +0.050,+0.932
1668754800,+3.46,+11.719, +0.051,+0.932
1668754860,+3.46,+11.745, +0.051,+0.932
1668754920,+3.46,+11.736, +0.051,+0.932
1668754980,+3.46,+11.727, +0.051,+0.932
1668755040,+3.46,+11.745, +0.051,+0.932
1668755100,+3.46,+11.710, +0.051,+0.932
1668755160,+3.46,+11.736, +0.051,+0.932
1668755220,+3.46,+11.736, +0.051,+0.932
1668755280,+3.46,+11.745, +0.051,+0.932
1668755340,+3.46,+11.754, +0.051,+0.932
1668755400,+3.46,+11.727, +0.050,+0.932
1668755460,+3.46,+11.745, +0.051,+0.932
1668755520,+3.46,+11.719, +0.051,+0.932
1668755580,+3.46,+11.736, +0.051,+0.932
1668755640,+3.46,+11.745, +0.051,+0.932
1668755700,+3.46,+11.754, +0.051,+0.932
1668755760,+3.46,+11.754, +0.051,+0.932
1668755820,+3.46,+11.727, +0.051,+0.932
1668755880,+3.46,+11.727, +0.052,+0.932
1668755940,+3.46,+11.710, +0.051,+0.932
1668756000,+3.46,+11.736, +0.051,+0.932
1668756060,+3.46,+11.736, +0.051,+0.932
1668756120,+3.46,+11.727, +0.052,+0.932
1668756180,+3.46,+11.745, +0.051,+0.932
1668756240,+3.46,+11.727, +0.051,+0.932
1668756300,+3.46,+11.745, +0.051,+0.932
1668756360,+3.46,+11.727, +0.051,+0.932
1668756420,+3.46,+11.745, +0.050,+0.932
1668756480,+3.46,+11.754, +0.051,+0.932
1668756540,+3.46,+11.736, +0.051,+0.932
1668756600,+3.46,+11.727, +0.051,+0.932
1668756660,+3.46,+11.745, +0.051,+0.932
1668756720,+3.46,+11.736, +0.051,+0.932
1668756780,+3.46,+11.736, +0.051,+0.932
1668756840,+3.46,+11.745, +0.050,+0.932
1668756900,+3.46,+11.745, +0.051,+0.932
1668756960,+3.46,+11.736, +0.051,+0.932
1668757020,+3.46,+11.745, +0.051,+0.932
1668757080,+3.46,+11.754, +0.051,+0.932
1668757140,+3.46,+11.727, +0.052,+0.932
1668757200,+3.46,+11.736, +0.051,+0.932
1668757260,+3.46,+11.745, +0.051,+0.932
1668757320,+3.46,+11.745, +0.051,+0.932
1668757380,+3.46,+11.745, +0.051,+0.932
1668757440,+3.46,+11.736, +0.051,+0.932
1668757500,+3.46,+11.763, +0.051,+0.932
1668757560,+3.46,+11.745, +0.052,+0.932
1668757620,+3.46,+11.727, +0.051,+0.932
1668757680,+3.46,+11.736, +0.051,+0.932
1668757740,+3.46,+11.763, +0.052,+0.932
1668757800,+3.46,+11.745, +0.051,+0.932
1668757860,+3.46,+11.754, +0.051,+0.932
1668757920,+3.46,+11.754, +0.051,+0.932
1668757980,+3.46,+11.745, +0.052,+0.932
1668758040,+3.46,+11.745, +0.051,+0.932
1668758100,+3.46,+11.745, +0.051,+0.932
1668758160,+3.46,+11.754, +0.051,+0.932
1668758220,+3.46,+11.736, +0.051,+0.932
1668758280,+3.46,+11.772, +0.051,+0.932
1668758340,+3.46,+11.736, +0.052,+0.932
1668758400,+3.46,+11.736, +0.052,+0.932
1668758460,+3.46,+11.754, +0.051,+0.932
1668758520,+3.46,+11.736, +0.051,+0.932
1668758580,+3.46,+11.745, +0.051,+0.932
1668758640,+3.46,+11.736, +0.051,+0.932
1668758700,+3.46,+11.745, +0.051,+0.932
1668758760,+3.46,+11.772, +0.052,+0.932
1668758820,+3.46,+11.763, +0.051,+0.932
1668758880,+3.46,+11.754, +0.051,+0.932
1668758940,+3.46,+11.745, +0.051,+0.932
1668759000,+3.46,+11.745, +0.051,+0.932
1668759060,+3.46,+11.745, +0.051,+0.932
1668759120,+3.46,+11.745, +0.051,+0.932
1668759180,+3.46,+11.754, +0.051,+0.932
1668759240,+3.46,+11.763, +0.051,+0.932
1668759300,+3.46,+11.736, +0.051,+0.932
1668759360,+3.46,+11.754, +0.051,+0.932
1668759420,+3.46,+11.745, +0.051,+0.932
1668759480,+3.46,+11.745, +0.051,+0.932
1668759540,+3.46,+11.745, +0.051,+0.932
1668759600,+3.46,+11.736, +0.051,+0.932
1668759660,+3.46,+11.727, +0.052,+0.932
1668759720,+3.46,+11.745, +0.051,+0.932
1668759780,+3.46,+11.736, +0.052,+0.932
1668759840,+3.46,+11.701, +0.051,+0.932
1668759900,+3.46,+11.719, +0.051,+0.932
1668759960,+3.46,+11.719, +0.051,+0.932
1668760020,+3.46,+11.701, +0.051,+0.932
1668760080,+3.46,+11.692, +0.051,+0.932
1668760140,+3.46,+11.692, +0.051,+0.932
1668760200,+3.46,+11.692, +0.051,+0.932
1668760260,+3.46,+11.674, +0.050,+0.932
1668760320,+3.46,+11.674, +0.051,+0.932
1668760380,+3.46,+11.692, +0.051,+0.932
1668760440,+3.46,+11.665, +0.051,+0.932
1668760500,+3.46,+11.674, +0.051,+0.932
1668760560,+3.46,+11.665, +0.051,+0.932
1668760620,+3.46,+11.656, +0.051,+0.932
1668760680,+3.46,+11.665, +0.051,+0.932
1668760740,+3.46,+11.674, +0.051,+0.932
1668760800,+3.46,+11.674, +0.050,+0.932
1668760860,+3.46,+11.647, +0.051,+0.932
1668760920,+3.46,+11.647, +0.051,+0.932
1668760980,+3.46,+11.656, +0.051,+0.932
1668761040,+3.46,+11.656, +0.051,+0.932
1668761100,+3.46,+11.647, +0.051,+0.932
1668761160,+3.46,+11.656, +0.051,+0.932
1668761220,+3.46,+11.683, +0.051,+0.932
1668761280,+3.46,+11.665, +0.051,+0.932
1668761340,+3.46,+11.656, +0.051,+0.932
1668761400,+3.46,+11.656, +0.051,+0.932
1668761460,+3.46,+11.656, +0.051,+0.932
1668761520,+3.46,+11.620, +0.051,+0.932
1668761580,+3.46,+11.629, +0.052,+0.932
1668761640,+3.46,+11.629, +0.051,+0.932
1668761700,+3.46,+11.638, +0.051,+0.932
1668761760,+3.46,+11.629, +0.051,+0.932
1668761820,+3.46,+11.620, +0.051,+0.932
1668761880,+3.46,+11.638, +0.051,+0.932
1668761940,+3.46,+11.647, +0.051,+0.932
1668762000,+3.46,+11.611, +0.051,+0.932
1668762060,+3.46,+11.629, +0.051,+0.932
1668762120,+3.46,+11.647, +0.051,+0.932
1668762180,+3.46,+11.638, +0.051,+0.932
1668762240,+3.46,+11.620, +0.052,+0.932
1668762300,+3.46,+11.611, +0.051,+0.932
1668762360,+3.46,+11.629, +0.052,+0.932
1668762420,+3.46,+11.620, +0.051,+0.932
1668762480,+3.46,+11.620, +0.051,+0.932
1668762540,+3.46,+11.629, +0.051,+0.932
1668762600,+3.46,+11.611, +0.051,+0.932
1668762660,+3.46,+11.602, +0.051,+0.932
1668762720,+3.46,+11.593, +0.051,+0.932
1668762780,+3.46,+11.593, +0.051,+0.932
1668762840,+3.46,+11.575, +0.051,+0.932
1668762900,+3.46,+11.567, +0.051,+0.932
1668762960,+3.46,+11.567, +0.051,+0.932
1668763020,+3.46,+11.584, +0.052,+0.932
1668763080,+3.46,+11.540, +0.051,+0.932
1668763140,+3.46,+11.558, +0.051,+0.932
1668763200,+3.46,+11.567, +0.051,+0.932
1668763260,+3.46,+11.558, +0.051,+0.932
1668763320,+3.46,+11.549, +0.052,+0.932
1668763380,+3.46,+11.575, +0.051,+0.932
1668763440,+3.46,+11.567, +0.051,+0.932
1668763500,+3.46,+11.549, +0.052,+0.932
1668763560,+3.46,+11.558, +0.051,+0.932
1668763620,+3.46,+11.558, +0.051,+0.932
1668763680,+3.46,+11.558, +0.051,+0.932
1668763740,+3.46,+11.558, +0.052,+0.932
1668763800,+3.46,+11.540, +0.051,+0.932
1668763860,+3.46,+11.540, +0.051,+0.932
1668763920,+3.46,+11.558, +0.052,+0.932
1668763980,+3.46,+11.540, +0.051,+0.932
1668764040,+3.46,+11.540, +0.051,+0.932
1668764100,+3.46,+11.522, +0.051,+0.932
1668764160,+3.46,+11.540, +0.051,+0.932
1668764220,+3.46,+11.513, +0.051,+0.932
1668764280,+3.46,+11.504, +0.052,+0.932
1668764340,+3.46,+11.495, +0.051,+0.932
1668764400,+3.46,+11.513, +0.051,+0.932
1668764460,+3.46,+11.486, +0.052,+0.932
1668764520,+3.46,+11.504, +0.051,+0.932
1668764580,+3.46,+11.495, +0.051,+0.932
1668764640,+3.46,+11.495, +0.051,+0.932
1668764700,+3.46,+11.495, +0.052,+0.932
1668764760,+3.46,+11.468, +0.052,+0.932
1668764820,+3.46,+11.495, +0.051,+0.932
1668764880,+3.46,+11.486, +0.051,+0.932
1668764940,+3.46,+11.477, +0.051,+0.932
1668765000,+3.46,+11.459, +0.052,+0.932
1668765060,+3.46,+11.477, +0.050,+0.932
1668765120,+3.46,+11.468, +0.052,+0.932
1668765180,+3.46,+11.450, +0.051,+0.932
1668765240,+3.46,+11.450, +0.051,+0.932
1668765300,+3.46,+11.450, +0.051,+0.932
1668765360,+3.46,+11.468, +0.051,+0.932
1668765420,+3.46,+11.468, +0.052,+0.932
1668765480,+3.46,+11.468, +0.051,+0.932
1668765540,+3.46,+11.432, +0.052,+0.932
1668765600,+3.46,+11.450, +0.052,+0.932
1668765660,+3.46,+11.450, +0.051,+0.932
1668765720,+3.46,+11.432, +0.052,+0.932
1668765780,+3.46,+11.450, +0.051,+0.932
1668765840,+3.46,+11.441, +0.052,+0.932
1668765900,+3.46,+11.450, +0.052,+0.932
1668765960,+3.46,+11.450, +0.052,+0.932
1668766020,+3.46,+11.441, +0.051,+0.932
1668766080,+3.46,+11.423, +0.052,+0.932
1668766140,+3.46,+11.432, +0.051,+0.932
1668766200,+3.46,+11.423, +0.051,+0.932
1668766260,+3.46,+11.441, +0.052,+0.932
1668766320,+3.46,+11.432, +0.051,+0.932
1668766380,+3.46,+11.414, +0.051,+0.932
1668766440,+3.46,+11.423, +0.051,+0.932
1668766500,+3.46,+11.414, +0.051,+0.932
1668766560,+3.46,+11.414, +0.051,+0.932
1668766620,+3.46,+11.423, +0.051,+0.932
1668766680,+3.46,+11.414, +0.051,+0.932
1668766740,+3.46,+11.405, +0.052,+0.932
1668766800,+3.46,+11.414, +0.051,+0.932
1668766860,+3.46,+11.396, +0.051,+0.932
1668766920,+3.46,+11.414, +0.051,+0.932
1668766980,+3.46,+11.405, +0.051,+0.932
1668767040,+3.46,+11.396, +0.052,+0.932
1668767100,+3.46,+11.414, +0.052,+0.932
1668767160,+3.46,+11.414, +0.052,+0.932
1668767220,+3.46,+11.405, +0.051,+0.932
1668767280,+3.46,+11.396, +0.052,+0.932
1668767340,+3.46,+11.405, +0.052,+0.932
1668767400,+3.46,+11.387, +0.052,+0.932
1668767460,+3.46,+11.414, +0.052,+0.932
1668767520,+3.46,+11.423, +0.051,+0.932
1668767580,+3.46,+11.423, +0.051,+0.932
1668767640,+3.46,+11.396, +0.052,+0.932
1668767700,+3.46,+11.396, +0.052,+0.932
1668767760,+3.46,+11.378, +0.052,+0.932
1668767820,+3.46,+11.396, +0.052,+0.932
1668767880,+3.46,+11.369, +0.051,+0.932
1668767940,+3.46,+11.360, +0.051,+0.932
1668768000,+3.46,+11.396, +0.051,+0.932
1668768060,+3.46,+11.360, +0.052,+0.932
1668768120,+3.46,+11.342, +0.051,+0.932
1668768180,+3.46,+11.333, +0.052,+0.932
1668768240,+3.46,+11.324, +0.051,+0.932
1668768300,+3.46,+11.315, +0.051,+0.932
1668768360,+3.46,+11.289, +0.052,+0.932
1668768420,+3.46,+11.298, +0.051,+0.932
1668768480,+3.46,+11.271, +0.051,+0.932
1668768540,+3.46,+11.262, +0.051,+0.932
1668768600,+3.46,+11.280, +0.051,+0.932
1668768660,+3.46,+11.280, +0.050,+0.932
1668768720,+3.45,+11.262, +0.052,+0.932
1668768780,+3.46,+11.271, +0.052,+0.932
1668768840,+3.46,+11.253, +0.051,+0.932
1668768900,+3.46,+11.271, +0.051,+0.932
1668768960,+3.46,+11.271, +0.051,+0.932
1668769020,+3.46,+11.253, +0.051,+0.932
1668769080,+3.46,+11.253, +0.051,+0.932
1668769140,+3.46,+11.271, +0.051,+0.932
1668769200,+3.46,+11.262, +0.051,+0.932
1668769260,+3.46,+11.244, +0.051,+0.932
1668769320,+3.46,+11.271, +0.051,+0.932
1668769380,+3.46,+11.289, +0.051,+0.932
1668769440,+3.46,+11.253, +0.052,+0.932
1668769500,+3.46,+11.253, +0.051,+0.932
1668769560,+3.46,+11.271, +0.052,+0.932
1668769620,+3.46,+11.280, +0.051,+0.932
1668769680,+3.45,+11.244, +0.052,+0.932
1668769740,+3.46,+11.262, +0.052,+0.932
1668769800,+3.46,+11.235, +0.052,+0.932
1668769860,+3.46,+11.244, +0.052,+0.932
1668769920,+3.46,+11.244, +0.052,+0.932
1668769980,+3.46,+11.262, +0.051,+0.932
1668770040,+3.46,+11.226, +0.052,+0.932
1668770100,+3.45,+11.226, +0.052,+0.932
1668770160,+3.46,+11.235, +0.052,+0.932
1668770220,+3.45,+11.226, +0.051,+0.932
1668770280,+3.46,+11.244, +0.052,+0.932
1668770340,+3.45,+11.226, +0.051,+0.932
1668770400,+3.46,+11.253, +0.052,+0.932
1668770460,+3.46,+11.244, +0.051,+0.932
1668770520,+3.45,+11.226, +0.052,+0.932
1668770580,+3.45,+11.253, +0.052,+0.932
1668770640,+3.46,+11.235, +0.052,+0.932
1668770700,+3.46,+11.253, +0.052,+0.932
1668770760,+3.45,+11.244, +0.052,+0.932
1668770820,+3.46,+11.244, +0.051,+0.932
1668770880,+3.45,+11.244, +0.052,+0.932
1668770940,+3.46,+11.235, +0.052,+0.932
1668771000,+3.45,+11.244, +0.052,+0.932
1668771060,+3.46,+11.244, +0.053,+0.932
1668771120,+3.46,+11.235, +0.051,+0.932
1668771180,+3.45,+11.235, +0.051,+0.932
1668771240,+3.46,+11.244, +0.051,+0.932
1668771300,+3.45,+11.235, +0.052,+0.932
1668771360,+3.46,+11.217, +0.052,+0.932
1668771420,+3.45,+11.235, +0.051,+0.932
1668771480,+3.45,+11.217, +0.051,+0.932
1668771540,+3.45,+11.226, +0.052,+0.932
1668771600,+3.45,+11.235, +0.052,+0.932
1668771660,+3.45,+11.226, +0.052,+0.932
1668771720,+3.45,+11.235, +0.052,+0.932
1668771780,+3.45,+11.235, +0.052,+0.932
1668771840,+3.46,+11.235, +0.052,+0.932
1668771900,+3.46,+11.244, +0.052,+0.932
1668771960,+3.45,+11.262, +0.051,+0.932
1668772020,+3.45,+11.217, +0.051,+0.932
1668772080,+3.45,+11.217, +0.052,+0.932
1668772140,+3.45,+11.217, +0.052,+0.932
1668772200,+3.45,+11.226, +0.051,+0.932
1668772260,+3.45,+11.208, +0.052,+0.932
1668772320,+3.45,+11.217, +0.052,+0.932
1668772380,+3.45,+11.199, +0.052,+0.932
1668772440,+3.45,+11.199, +0.052,+0.932
1668772500,+3.45,+11.208, +0.052,+0.932
1668772560,+3.45,+11.163, +0.052,+0.932
1668772620,+3.45,+11.190, +0.051,+0.932
1668772680,+3.45,+11.172, +0.051,+0.932
1668772740,+3.45,+11.172, +0.052,+0.932
1668772800,+3.45,+11.163, +0.052,+0.932
1668772860,+3.45,+11.163, +0.052,+0.932
1668772920,+3.45,+11.181, +0.052,+0.932
1668772980,+3.45,+11.154, +0.052,+0.932
1668773040,+3.45,+11.145, +0.052,+0.932
1668773100,+3.45,+11.127, +0.051,+0.932
1668773160,+3.45,+11.118, +0.052,+0.932
1668773220,+3.45,+11.109, +0.052,+0.932
1668773280,+3.45,+11.136, +0.053,+0.932
1668773340,+3.45,+11.136, +0.052,+0.932
1668773400,+3.45,+11.109, +0.052,+0.932
1668773460,+3.45,+11.118, +0.051,+0.932
1668773520,+3.45,+11.109, +0.052,+0.932
1668773580,+3.45,+11.109, +0.051,+0.932
1668773640,+3.45,+11.100, +0.052,+0.932
1668773700,+3.45,+11.109, +0.052,+0.932
1668773760,+3.45,+11.100, +0.052,+0.932
1668773820,+3.45,+11.100, +0.052,+0.932
1668773880,+3.45,+11.082, +0.052,+0.932
1668773940,+3.45,+11.100, +0.052,+0.932
1668774000,+3.45,+11.100, +0.052,+0.932
1668774060,+3.45,+11.100, +0.052,+0.932
1668774120,+3.45,+11.091, +0.052,+0.932
1668774180,+3.45,+11.091, +0.051,+0.932
1668774240,+3.45,+11.073, +0.051,+0.932
1668774300,+3.45,+11.036, +0.051,+0.932
1668774360,+3.45,+11.027, +0.051,+0.932
1668774420,+3.45,+10.991, +0.052,+0.932
1668774480,+3.45,+10.982, +0.051,+0.932
1668774540,+3.45,+10.982, +0.051,+0.932
1668774600,+3.45,+10.955, +0.051,+0.932
1668774660,+3.45,+10.973, +0.051,+0.932
1668774720,+3.45,+10.991, +0.052,+0.932
1668774780,+3.45,+10.982, +0.052,+0.932
1668774840,+3.45,+11.000, +0.051,+0.932
1668774900,+3.45,+11.036, +0.052,+0.932
1668774960,+3.45,+11.046, +0.052,+0.932
1668775020,+3.45,+11.082, +0.053,+0.932
1668775080,+3.45,+11.100, +0.052,+0.932
1668775140,+3.45,+11.082, +0.052,+0.932
1668775200,+3.45,+11.118, +0.052,+0.932
1668775260,+3.45,+11.136, +0.052,+0.932
1668775320,+3.45,+11.136, +0.052,+0.932
1668775380,+3.45,+11.154, +0.052,+0.932
1668775440,+3.45,+11.172, +0.052,+0.932
1668775500,+3.45,+11.172, +0.052,+0.932
1668775560,+3.45,+11.172, +0.052,+0.932
1668775620,+3.45,+11.208, +0.052,+0.932
1668775680,+3.45,+11.199, +0.052,+0.932
1668775740,+3.45,+11.190, +0.052,+0.932
1668775800,+3.45,+11.208, +0.052,+0.932
1668775860,+3.45,+11.199, +0.052,+0.932
1668775920,+3.45,+11.235, +0.052,+0.932
1668775980,+3.45,+11.217, +0.052,+0.932
1668776040,+3.45,+11.244, +0.052,+0.932
1668776100,+3.45,+11.244, +0.052,+0.932
1668776160,+3.45,+11.253, +0.052,+0.932
1668776220,+3.45,+11.235, +0.052,+0.932
1668776280,+3.45,+11.271, +0.052,+0.932
1668776340,+3.45,+11.262, +0.053,+0.932
1668776400,+3.45,+11.289, +0.052,+0.932
1668776460,+3.45,+11.271, +0.052,+0.932
1668776520,+3.45,+11.289, +0.052,+0.932
1668776580,+3.46,+11.306, +0.052,+0.932
1668776640,+3.46,+11.315, +0.051,+0.932
1668776700,+3.46,+11.315, +0.052,+0.932
1668776760,+3.46,+11.324, +0.052,+0.932
1668776820,+3.46,+11.315, +0.052,+0.932
1668776880,+3.46,+11.324, +0.052,+0.932
1668776940,+3.46,+11.324, +0.053,+0.932
1668777000,+3.46,+11.315, +0.052,+0.932
1668777060,+3.46,+11.333, +0.051,+0.932
1668777120,+3.46,+11.342, +0.052,+0.932
1668777180,+3.46,+11.342, +0.051,+0.932
1668777240,+3.46,+11.333, +0.052,+0.932
1668777300,+3.46,+11.324, +0.052,+0.932
1668777360,+3.46,+11.333, +0.052,+0.932
1668777420,+3.46,+11.333, +0.052,+0.932
1668777480,+3.46,+11.324, +0.052,+0.932
1668777540,+3.46,+11.342, +0.052,+0.932
1668777600,+3.46,+11.315, +0.052,+0.932
1668777660,+3.46,+11.342, +0.051,+0.932
1668777720,+3.46,+11.351, +0.052,+0.932
1668777780,+3.46,+11.333, +0.051,+0.932
1668777840,+3.46,+11.342, +0.052,+0.932
1668777900,+3.46,+11.351, +0.051,+0.932
1668777960,+3.46,+11.333, +0.052,+0.932
1668778020,+3.46,+11.351, +0.052,+0.932
1668778080,+3.46,+11.360, +0.051,+0.932
1668778140,+3.46,+11.360, +0.052,+0.932
1668778200,+3.46,+11.369, +0.052,+0.932
1668778260,+3.46,+11.378, +0.052,+0.932
1668778320,+3.46,+11.378, +0.051,+0.932
1668778380,+3.46,+11.387, +0.052,+0.932
1668778440,+3.46,+11.378, +0.052,+0.932
1668778500,+3.46,+11.378, +0.051,+0.932
1668778560,+3.46,+11.405, +0.051,+0.932
1668778620,+3.46,+11.396, +0.052,+0.932
1668778680,+3.46,+11.405, +0.052,+0.932
1668778740,+3.46,+11.396, +0.053,+0.932
1668778800,+3.46,+11.414, +0.051,+0.932
1668778860,+3.46,+11.414, +0.052,+0.932
1668778920,+3.46,+11.423, +0.052,+0.932
1668778980,+3.46,+11.432, +0.052,+0.932
1668779040,+3.46,+11.423, +0.052,+0.932
1668779100,+3.46,+11.432, +0.052,+0.932
1668779160,+3.46,+11.468, +0.051,+0.932
1668779220,+3.46,+11.459, +0.052,+0.932
1668779280,+3.46,+11.459, +0.053,+0.932
1668779340,+3.46,+11.459, +0.053,+0.932
1668779400,+3.46,+11.468, +0.052,+0.932
1668779460,+3.46,+11.477, +0.052,+0.932
1668779520,+3.46,+11.468, +0.052,+0.932
1668779580,+3.46,+11.486, +0.052,+0.932
1668779640,+3.46,+11.504, +0.052,+0.932
1668779700,+3.46,+11.495, +0.052,+0.932
1668779760,+3.46,+11.504, +0.051,+0.932
1668779820,+3.46,+11.495, +0.052,+0.932
1668779880,+3.46,+11.504, +0.051,+0.932
1668779940,+3.46,+11.531, +0.052,+0.932
1668780000,+3.46,+11.513, +0.052,+0.932
1668780060,+3.46,+11.531, +0.051,+0.932
1668780120,+3.46,+11.531, +0.052,+0.932
1668780180,+3.46,+11.549, +0.052,+0.932
1668780240,+3.46,+11.540, +0.052,+0.932
1668780300,+3.46,+11.540, +0.052,+0.932
1668780360,+3.46,+11.549, +0.051,+0.932
1668780420,+3.46,+11.549, +0.052,+0.932
1668780480,+3.46,+11.567, +0.052,+0.932
1668780540,+3.46,+11.575, +0.052,+0.932
1668780600,+3.46,+11.575, +0.052,+0.932
1668780660,+3.46,+11.567, +0.052,+0.932
1668780720,+3.46,+11.584, +0.052,+0.932
1668780780,+3.46,+11.593, +0.052,+0.932
1668780840,+3.46,+11.593, +0.052,+0.932
1668780900,+3.46,+11.602, +0.052,+0.932
1668780960,+3.46,+11.620, +0.052,+0.932
1668781020,+3.46,+11.620, +0.051,+0.932
1668781080,+3.46,+11.611, +0.052,+0.932
1668781140,+3.46,+11.629, +0.051,+0.932
1668781200,+3.46,+11.638, +0.051,+0.932
1668781260,+3.46,+11.647, +0.052,+0.932
1668781320,+3.46,+11.638, +0.051,+0.932
1668781380,+3.46,+11.629, +0.052,+0.932
1668781440,+3.45,+11.656, +0.052,+0.932
1668781500,+3.45,+11.665, +0.051,+0.932
1668781560,+3.45,+11.683, +0.052,+0.932
1668781620,+3.45,+11.665, +0.052,+0.932
1668781680,+3.45,+11.701, +0.052,+0.932
1668781740,+3.45,+11.683, +0.052,+0.932
1668781800,+3.45,+11.719, +0.052,+0.932
1668781860,+3.45,+11.727, +0.052,+0.932
1668781920,+3.45,+11.727, +0.052,+0.932
1668781980,+3.45,+11.736, +0.051,+0.932
1668782040,+3.45,+11.736, +0.052,+0.932
1668782100,+3.45,+11.772, +0.052,+0.932
1668782160,+3.45,+11.790, +0.052,+0.932
1668782220,+3.45,+11.772, +0.052,+0.932
1668782280,+3.45,+11.781, +0.052,+0.932
1668782340,+3.45,+11.790, +0.052,+0.932
1668782400,+3.45,+11.817, +0.052,+0.932
1668782460,+3.45,+11.808, +0.052,+0.932
1668782520,+3.45,+11.817, +0.052,+0.932
1668782580,+3.45,+11.817, +0.052,+0.932
1668782640,+3.45,+11.826, +0.052,+0.932
1668782700,+3.45,+11.835, +0.053,+0.932
1668782760,+3.45,+11.826, +0.052,+0.932
1668782820,+3.45,+11.852, +0.051,+0.932
1668782880,+3.45,+11.861, +0.052,+0.932
1668782940,+3.45,+11.870, +0.052,+0.932
1668783000,+3.45,+11.879, +0.051,+0.932
1668783060,+3.45,+11.879, +0.052,+0.932
1668783120,+3.45,+11.888, +0.052,+0.932
1668783180,+3.45,+11.915, +0.051,+0.932
1668783240,+3.45,+11.906, +0.051,+0.932
1668783300,+3.45,+11.924, +0.051,+0.932
1668783360,+3.45,+11.933, +0.051,+0.932
1668783420,+3.45,+11.933, +0.052,+0.932
1668783480,+3.45,+11.942, +0.052,+0.932
1668783540,+3.45,+11.950, +0.051,+0.932
1668783600,+3.45,+11.933, +0.052,+0.932
1668783660,+3.45,+11.950, +0.052,+0.932
1668783720,+3.45,+11.933, +0.051,+0.932
1668783780,+3.45,+11.950, +0.051,+0.932
1668783840,+3.45,+11.959, +0.051,+0.932
1668783900,+3.45,+11.950, +0.052,+0.932
1668783960,+3.45,+11.959, +0.052,+0.932
1668784020,+3.45,+11.968, +0.051,+0.932
1668784080,+3.45,+11.977, +0.051,+0.932
1668784140,+3.45,+11.977, +0.052,+0.932
1668784200,+3.45,+11.968, +0.051,+0.932
1668784260,+3.45,+11.959, +0.051,+0.932
1668784320,+3.45,+11.977, +0.051,+0.932
1668784380,+3.45,+11.977, +0.051,+0.932
1668784440,+3.45,+11.995, +0.051,+0.932
1668784500,+3.45,+11.977, +0.052,+0.932
1668784560,+3.45,+11.986, +0.051,+0.932
1668784620,+3.45,+11.986, +0.051,+0.932
1668784680,+3.45,+12.004, +0.052,+0.932
1668784740,+3.45,+12.004, +0.051,+0.932
1668784800,+3.45,+12.013, +0.051,+0.932
1668784860,+3.45,+12.013, +0.050,+0.932
1668784920,+3.45,+11.986, +0.052,+0.932
1668784980,+3.45,+12.022, +0.052,+0.932
1668785040,+3.45,+12.004, +0.052,+0.932
1668785100,+3.45,+12.022, +0.051,+0.932
1668785160,+3.45,+12.022, +0.051,+0.932
1668785220,+3.45,+12.039, +0.051,+0.932
1668785280,+3.45,+12.031, +0.051,+0.932
1668785340,+3.45,+12.048, +0.051,+0.932
1668785400,+3.45,+12.039, +0.051,+0.932
1668785460,+3.45,+12.039, +0.051,+0.932
1668785520,+3.45,+12.048, +0.051,+0.932
1668785580,+3.45,+12.048, +0.052,+0.932
1668785640,+3.45,+12.048, +0.051,+0.932
1668785700,+3.45,+12.048, +0.051,+0.932
1668785760,+3.45,+12.066, +0.051,+0.932
1668785820,+3.45,+12.048, +0.051,+0.932
1668785880,+3.45,+12.057, +0.052,+0.932
1668785940,+3.45,+12.075, +0.051,+0.932
1668786000,+3.45,+12.066, +0.051,+0.932
1668786060,+3.45,+12.066, +0.051,+0.932
1668786120,+3.45,+12.075, +0.051,+0.932
1668786180,+3.45,+12.075, +0.051,+0.932
1668786240,+3.45,+12.066, +0.051,+0.932
1668786300,+3.45,+12.093, +0.051,+0.932
1668786360,+3.45,+12.093, +0.051,+0.932
1668786420,+3.45,+12.084, +0.051,+0.932
1668786480,+3.45,+12.128, +0.051,+0.932
1668786540,+3.45,+12.111, +0.051,+0.932
1668786600,+3.45,+12.119, +0.050,+0.932
1668786660,+3.45,+12.111, +0.051,+0.932
1668786720,+3.45,+12.111, +0.051,+0.932
1668786780,+3.45,+12.119, +0.051,+0.932
1668786840,+3.45,+12.128, +0.050,+0.932
1668786900,+3.45,+12.102, +0.052,+0.932
1668786960,+3.45,+12.119, +0.051,+0.932
1668787020,+3.45,+12.102, +0.051,+0.932
1668787080,+3.45,+12.119, +0.051,+0.932
1668787140,+3.45,+12.128, +0.051,+0.932
1668787200,+3.45,+12.128, +0.051,+0.932
1668787260,+3.45,+12.146, +0.051,+0.932
1668787320,+3.45,+12.137, +0.051,+0.932
1668787380,+3.45,+12.155, +0.051,+0.932
1668787440,+3.45,+12.173, +0.051,+0.932
1668787500,+3.45,+12.146, +0.051,+0.932
1668787560,+3.45,+12.164, +0.051,+0.932
1668787620,+3.45,+12.164, +0.051,+0.932
1668787680,+3.45,+12.164, +0.052,+0.932
1668787740,+3.45,+12.182, +0.051,+0.932
1668787800,+3.45,+12.191, +0.051,+0.932
1668787860,+3.45,+12.191, +0.051,+0.932
1668787920,+3.45,+12.199, +0.051,+0.932
1668787980,+3.45,+12.191, +0.051,+0.932
1668788040,+3.45,+12.173, +0.051,+0.932
1668788100,+3.45,+12.164, +0.051,+0.932
1668788160,+3.45,+12.164, +0.051,+0.932
1668788220,+3.45,+12.173, +0.051,+0.932
1668788280,+3.45,+12.173, +0.051,+0.932
1668788340,+3.45,+12.155, +0.051,+0.932
1668788400,+3.45,+12.155, +0.050,+0.932
1668788460,+3.45,+12.137, +0.051,+0.932
1668788520,+3.45,+12.128, +0.051,+0.932
1668788580,+3.45,+12.137, +0.050,+0.932
1668788640,+3.45,+12.084, +0.050,+0.932
1668788700,+3.45,+12.084, +0.050,+0.932
1668788760,+3.45,+12.093, +0.051,+0.932
1668788820,+3.45,+12.039, +0.051,+0.932
1668788880,+3.45,+12.022, +0.051,+0.932
1668788940,+3.45,+12.039, +0.050,+0.932
1668789000,+3.45,+12.004, +0.051,+0.932
1668789060,+3.45,+11.986, +0.049,+0.932
1668789120,+3.45,+11.995, +0.050,+0.932
1668789180,+3.45,+11.968, +0.051,+0.932
1668789240,+3.45,+11.968, +0.051,+0.932
1668789300,+3.45,+11.968, +0.051,+0.932
1668789360,+3.45,+11.942, +0.050,+0.932
1668789420,+3.45,+11.933, +0.050,+0.932
1668789480,+3.45,+11.915, +0.050,+0.932
1668789540,+3.45,+11.915, +0.051,+0.932
1668789600,+3.45,+11.915, +0.051,+0.932
1668789660,+3.45,+11.888, +0.051,+0.932
1668789720,+3.45,+11.915, +0.050,+0.932
1668789780,+3.45,+11.897, +0.051,+0.932
1668789840,+3.45,+11.897, +0.051,+0.932
1668789900,+3.45,+11.888, +0.051,+0.932
1668789960,+3.45,+11.888, +0.051,+0.932
1668790020,+3.46,+11.888, +0.051,+0.932
1668790080,+3.45,+11.870, +0.050,+0.932
