7450-383325
OS REV: 1.05 Sensor Cal: 1644949570
Time (sec),  BV (Volts),  T (deg C),  DO (mg/l),  Q ()
1664729340,+3.48,+17.232, +8.399,+0.962
1664729400,+3.48,+17.223, +8.407,+0.962
1664729460,+3.48,+17.248, +8.404,+0.963
1664729520,+3.48,+17.206, +8.429,+0.963
1664729580,+3.48,+17.206, +8.428,+0.963
1664729640,+3.48,+17.232, +8.425,+0.963
1664729700,+3.48,+17.215, +8.431,+0.962
1664729760,+3.48,+17.223, +8.442,+0.962
1664729820,+3.48,+17.215, +8.454,+0.963
1664729880,+3.48,+17.232, +8.427,+0.963
1664729940,+3.48,+17.215, +8.433,+0.962
1664730000,+3.48,+17.215, +8.425,+0.962
1664730060,+3.48,+17.223, +8.433,+0.963
1664730120,+3.48,+17.215, +8.448,+0.963
1664730180,+3.48,+17.215, +8.442,+0.963
1664730240,+3.48,+17.206, +8.448,+0.963
1664730300,+3.48,+17.215, +8.452,+0.963
1664730360,+3.48,+17.215, +8.427,+0.963
1664730420,+3.48,+17.206, +8.435,+0.963
1664730480,+3.48,+17.232, +8.448,+0.963
1664730540,+3.48,+17.232, +8.467,+0.962
1664730600,+3.48,+17.215, +8.497,+0.963
1664730660,+3.48,+17.206, +8.510,+0.963
1664730720,+3.48,+17.215, +8.488,+0.962
1664730780,+3.48,+17.206, +8.492,+0.963
1664730840,+3.48,+17.215, +8.482,+0.963
1664730900,+3.48,+17.181, +8.483,+0.963
1664730960,+3.48,+17.215, +8.453,+0.962
1664731020,+3.48,+17.198, +8.465,+0.963
1664731080,+3.48,+17.206, +8.447,+0.962
1664731140,+3.48,+17.181, +8.447,+0.963
1664731200,+3.48,+17.172, +8.456,+0.963
1664731260,+3.48,+17.206, +8.438,+0.963
1664731320,+3.48,+17.189, +8.442,+0.963
1664731380,+3.48,+17.172, +8.452,+0.963
1664731440,+3.48,+17.198, +8.448,+0.963
1664731500,+3.48,+17.198, +8.455,+0.963
1664731560,+3.48,+17.198, +8.454,+0.963
1664731620,+3.48,+17.189, +8.463,+0.963
1664731680,+3.48,+17.198, +8.470,+0.963
1664731740,+3.48,+17.189, +8.467,+0.963
1664731800,+3.48,+17.181, +8.467,+0.963
1664731860,+3.48,+17.189, +8.470,+0.963
1664731920,+3.48,+17.198, +8.447,+0.963
1664731980,+3.48,+17.181, +8.449,+0.963
1664732040,+3.48,+17.189, +8.444,+0.963
1664732100,+3.48,+17.198, +8.438,+0.963
1664732160,+3.48,+17.189, +8.445,+0.963
1664732220,+3.48,+17.181, +8.459,+0.963
1664732280,+3.48,+17.172, +8.465,+0.963
1664732340,+3.48,+17.189, +8.459,+0.962
1664732400,+3.48,+17.198, +8.474,+0.963
1664732460,+3.48,+17.172, +8.474,+0.963
1664732520,+3.48,+17.164, +8.471,+0.963
1664732580,+3.48,+17.189, +8.459,+0.962
1664732640,+3.48,+17.172, +8.461,+0.963
1664732700,+3.48,+17.172, +8.466,+0.963
1664732760,+3.48,+17.172, +8.473,+0.963
1664732820,+3.48,+17.164, +8.500,+0.963
1664732880,+3.48,+17.164, +8.500,+0.963
1664732940,+3.48,+17.155, +8.503,+0.963
1664733000,+3.48,+17.155, +8.517,+0.963
1664733060,+3.48,+17.164, +8.525,+0.963
1664733120,+3.48,+17.172, +8.533,+0.963
1664733180,+3.48,+17.164, +8.531,+0.963
1664733240,+3.48,+17.181, +8.537,+0.963
1664733300,+3.48,+17.189, +8.546,+0.963
1664733360,+3.48,+17.172, +8.551,+0.963
1664733420,+3.48,+17.189, +8.553,+0.963
1664733480,+3.48,+17.181, +8.565,+0.963
1664733540,+3.48,+17.198, +8.566,+0.963
1664733600,+3.48,+17.172, +8.573,+0.963
1664733660,+3.48,+17.181, +8.564,+0.963
1664733720,+3.48,+17.181, +8.547,+0.963
1664733780,+3.48,+17.189, +8.548,+0.963
1664733840,+3.48,+17.198, +8.549,+0.963
1664733900,+3.48,+17.189, +8.545,+0.963
1664733960,+3.48,+17.198, +8.524,+0.963
1664734020,+3.48,+17.189, +8.557,+0.963
1664734080,+3.48,+17.206, +8.560,+0.963
1664734140,+3.48,+17.198, +8.517,+0.962
1664734200,+3.48,+17.189, +8.505,+0.963
1664734260,+3.48,+17.198, +8.481,+0.963
1664734320,+3.48,+17.206, +8.496,+0.963
1664734380,+3.48,+17.198, +8.520,+0.963
1664734440,+3.48,+17.198, +8.543,+0.963
1664734500,+3.48,+17.198, +8.573,+0.963
1664734560,+3.48,+17.198, +8.582,+0.963
1664734620,+3.48,+17.206, +8.554,+0.963
1664734680,+3.48,+17.206, +8.568,+0.963
1664734740,+3.48,+17.215, +8.566,+0.963
1664734800,+3.48,+17.215, +8.576,+0.963
1664734860,+3.48,+17.206, +8.562,+0.963
1664734920,+3.48,+17.215, +8.569,+0.963
1664734980,+3.48,+17.189, +8.598,+0.963
1664735040,+3.48,+17.189, +8.630,+0.963
1664735100,+3.48,+17.206, +8.602,+0.963
1664735160,+3.48,+17.198, +8.624,+0.963
1664735220,+3.48,+17.206, +8.605,+0.963
1664735280,+3.48,+17.189, +8.626,+0.963
1664735340,+3.48,+17.189, +8.601,+0.962
1664735400,+3.48,+17.206, +8.523,+0.963
1664735460,+3.48,+17.206, +8.558,+0.963
1664735520,+3.48,+17.206, +8.535,+0.963
1664735580,+3.48,+17.215, +8.489,+0.963
1664735640,+3.48,+17.198, +8.470,+0.963
1664735700,+3.48,+17.198, +8.434,+0.963
1664735760,+3.48,+17.198, +8.393,+0.963
1664735820,+3.48,+17.215, +8.436,+0.963
1664735880,+3.48,+17.206, +8.455,+0.963
1664735940,+3.48,+17.206, +8.470,+0.963
1664736000,+3.48,+17.206, +8.475,+0.963
1664736060,+3.48,+17.215, +8.495,+0.963
1664736120,+3.48,+17.206, +8.496,+0.963
1664736180,+3.48,+17.223, +8.519,+0.963
1664736240,+3.48,+17.223, +8.531,+0.963
1664736300,+3.48,+17.215, +8.526,+0.963
1664736360,+3.48,+17.198, +8.557,+0.963
1664736420,+3.48,+17.189, +8.552,+0.963
1664736480,+3.48,+17.215, +8.556,+0.963
1664736540,+3.48,+17.206, +8.556,+0.963
1664736600,+3.48,+17.164, +8.578,+0.962
1664736660,+3.48,+17.164, +8.629,+0.963
1664736720,+3.48,+17.155, +8.650,+0.962
1664736780,+3.48,+17.172, +8.552,+0.963
1664736840,+3.48,+17.155, +8.479,+0.963
1664736900,+3.48,+17.155, +8.400,+0.963
1664736960,+3.48,+17.164, +8.302,+0.963
1664737020,+3.48,+17.155, +8.268,+0.962
1664737080,+3.48,+17.172, +8.254,+0.963
1664737140,+3.48,+17.155, +8.239,+0.963
1664737200,+3.48,+17.172, +8.198,+0.963
1664737260,+3.48,+17.164, +8.226,+0.963
1664737320,+3.48,+17.172, +8.203,+0.962
1664737380,+3.48,+17.181, +8.157,+0.962
1664737440,+3.48,+17.172, +8.170,+0.963
1664737500,+3.48,+17.164, +8.163,+0.963
1664737560,+3.48,+17.198, +8.150,+0.963
1664737620,+3.48,+17.181, +8.120,+0.963
1664737680,+3.48,+17.198, +8.113,+0.962
1664737740,+3.48,+17.189, +8.116,+0.963
1664737800,+3.48,+17.189, +8.094,+0.963
1664737860,+3.48,+17.181, +8.068,+0.963
1664737920,+3.48,+17.198, +8.055,+0.963
1664737980,+3.48,+17.189, +8.007,+0.963
1664738040,+3.48,+17.198, +8.024,+0.963
1664738100,+3.48,+17.189, +8.016,+0.963
1664738160,+3.48,+17.181, +8.038,+0.963
1664738220,+3.48,+17.172, +8.037,+0.963
1664738280,+3.48,+17.206, +8.012,+0.963
1664738340,+3.48,+17.189, +8.003,+0.963
1664738400,+3.48,+17.181, +7.981,+0.963
1664738460,+3.48,+17.189, +7.998,+0.963
1664738520,+3.48,+17.172, +7.998,+0.963
1664738580,+3.48,+17.181, +7.991,+0.963
1664738640,+3.48,+17.189, +7.993,+0.963
1664738700,+3.48,+17.172, +7.983,+0.963
1664738760,+3.48,+17.164, +7.940,+0.962
1664738820,+3.48,+17.164, +7.929,+0.963
1664738880,+3.48,+17.172, +7.927,+0.962
1664738940,+3.48,+17.172, +7.942,+0.963
1664739000,+3.48,+17.155, +7.913,+0.963
1664739060,+3.48,+17.164, +7.891,+0.963
1664739120,+3.48,+17.147, +7.919,+0.963
1664739180,+3.48,+17.181, +7.917,+0.963
1664739240,+3.48,+17.164, +7.804,+0.963
1664739300,+3.48,+17.172, +7.825,+0.963
1664739360,+3.48,+17.155, +7.832,+0.963
1664739420,+3.48,+17.172, +7.834,+0.963
1664739480,+3.48,+17.172, +7.866,+0.963
1664739540,+3.48,+17.155, +7.906,+0.963
1664739600,+3.48,+17.172, +7.916,+0.963
1664739660,+3.48,+17.155, +7.930,+0.963
1664739720,+3.48,+17.181, +7.883,+0.963
1664739780,+3.48,+17.172, +7.917,+0.963
1664739840,+3.48,+17.164, +7.933,+0.963
1664739900,+3.48,+17.181, +7.912,+0.963
1664739960,+3.48,+17.155, +7.916,+0.963
1664740020,+3.48,+17.164, +7.910,+0.963
1664740080,+3.48,+17.155, +7.886,+0.963
1664740140,+3.48,+17.172, +7.864,+0.963
1664740200,+3.48,+17.164, +7.873,+0.963
1664740260,+3.48,+17.189, +7.871,+0.963
1664740320,+3.48,+17.181, +7.886,+0.963
1664740380,+3.48,+17.147, +7.880,+0.963
1664740440,+3.48,+17.198, +7.841,+0.963
1664740500,+3.48,+17.181, +7.841,+0.963
1664740560,+3.48,+17.181, +7.829,+0.963
1664740620,+3.48,+17.189, +7.796,+0.963
1664740680,+3.48,+17.181, +7.791,+0.963
1664740740,+3.48,+17.172, +7.796,+0.963
1664740800,+3.48,+17.164, +7.784,+0.963
1664740860,+3.48,+17.189, +7.801,+0.963
1664740920,+3.48,+17.172, +7.830,+0.963
1664740980,+3.48,+17.181, +7.833,+0.963
1664741040,+3.48,+17.172, +7.787,+0.963
1664741100,+3.48,+17.189, +7.797,+0.963
1664741160,+3.48,+17.181, +7.835,+0.963
1664741220,+3.48,+17.164, +7.864,+0.963
1664741280,+3.48,+17.172, +7.835,+0.963
1664741340,+3.48,+17.181, +7.823,+0.962
1664741400,+3.48,+17.164, +7.818,+0.963
1664741460,+3.48,+17.189, +7.834,+0.963
1664741520,+3.48,+17.206, +7.803,+0.963
1664741580,+3.48,+17.198, +7.769,+0.963
1664741640,+3.48,+17.181, +7.769,+0.963
1664741700,+3.48,+17.172, +7.788,+0.963
1664741760,+3.48,+17.206, +7.833,+0.963
1664741820,+3.48,+17.198, +7.851,+0.963
1664741880,+3.48,+17.189, +7.860,+0.963
1664741940,+3.48,+17.172, +7.891,+0.963
1664742000,+3.48,+17.181, +7.900,+0.963
1664742060,+3.48,+17.189, +7.924,+0.963
1664742120,+3.48,+17.206, +7.913,+0.963
1664742180,+3.48,+17.198, +7.910,+0.963
1664742240,+3.48,+17.215, +7.905,+0.963
1664742300,+3.48,+17.215, +7.932,+0.962
1664742360,+3.48,+17.215, +7.927,+0.963
1664742420,+3.48,+17.206, +7.941,+0.963
1664742480,+3.48,+17.215, +7.959,+0.963
1664742540,+3.48,+17.206, +7.966,+0.963
1664742600,+3.48,+17.215, +7.992,+0.963
1664742660,+3.48,+17.223, +7.979,+0.963
1664742720,+3.48,+17.215, +8.014,+0.963
1664742780,+3.48,+17.223, +8.033,+0.962
1664742840,+3.48,+17.232, +8.035,+0.962
1664742900,+3.48,+17.223, +8.072,+0.963
1664742960,+3.48,+17.240, +8.085,+0.963
1664743020,+3.48,+17.232, +8.063,+0.963
1664743080,+3.48,+17.215, +8.063,+0.963
1664743140,+3.48,+17.265, +8.149,+0.963
1664743200,+3.48,+17.299, +8.388,+0.963
1664743260,+3.48,+17.308, +8.532,+0.963
1664743320,+3.48,+17.316, +8.627,+0.963
1664743380,+3.48,+17.342, +8.666,+0.963
1664743440,+3.48,+17.350, +8.651,+0.963
1664743500,+3.48,+17.350, +8.631,+0.962
1664743560,+3.48,+17.367, +8.618,+0.963
1664743620,+3.48,+17.359, +8.601,+0.962
1664743680,+3.48,+17.350, +8.583,+0.963
1664743740,+3.48,+17.299, +8.395,+0.963
1664743800,+3.48,+17.274, +8.230,+0.963
1664743860,+3.48,+17.257, +8.130,+0.963
1664743920,+3.48,+17.232, +8.079,+0.963
1664743980,+3.48,+17.223, +8.055,+0.962
1664744040,+3.48,+17.189, +8.028,+0.962
1664744100,+3.48,+17.198, +8.035,+0.963
1664744160,+3.48,+17.189, +8.034,+0.962
1664744220,+3.48,+17.189, +7.997,+0.963
1664744280,+3.48,+17.215, +8.008,+0.963
1664744340,+3.48,+17.198, +8.055,+0.963
1664744400,+3.48,+17.223, +8.050,+0.962
1664744460,+3.48,+17.206, +8.080,+0.963
1664744520,+3.48,+17.223, +8.055,+0.962
1664744580,+3.48,+17.215, +8.055,+0.963
1664744640,+3.48,+17.215, +8.037,+0.963
1664744700,+3.48,+17.198, +8.028,+0.963
1664744760,+3.48,+17.198, +8.042,+0.962
1664744820,+3.48,+17.189, +8.061,+0.963
1664744880,+3.48,+17.172, +8.073,+0.963
1664744940,+3.48,+17.164, +8.067,+0.963
1664745000,+3.48,+17.172, +8.055,+0.962
1664745060,+3.48,+17.147, +8.046,+0.963
1664745120,+3.48,+17.172, +8.007,+0.963
1664745180,+3.48,+17.155, +7.996,+0.963
1664745240,+3.48,+17.164, +7.966,+0.963
1664745300,+3.48,+17.147, +7.966,+0.963
1664745360,+3.48,+17.155, +7.979,+0.962
1664745420,+3.48,+17.147, +7.990,+0.962
1664745480,+3.48,+17.138, +8.014,+0.963
1664745540,+3.48,+17.138, +7.980,+0.963
1664745600,+3.48,+17.147, +7.953,+0.962
1664745660,+3.48,+17.147, +7.911,+0.963
1664745720,+3.48,+17.130, +7.858,+0.963
1664745780,+3.48,+17.138, +7.829,+0.963
1664745840,+3.48,+17.147, +7.783,+0.963
1664745900,+3.48,+17.138, +7.703,+0.963
1664745960,+3.48,+17.155, +7.751,+0.963
1664746020,+3.48,+17.164, +7.819,+0.963
1664746080,+3.48,+17.147, +7.825,+0.962
1664746140,+3.48,+17.147, +7.845,+0.963
1664746200,+3.48,+17.130, +7.841,+0.963
1664746260,+3.48,+17.181, +7.848,+0.963
1664746320,+3.48,+17.147, +7.851,+0.963
1664746380,+3.48,+17.147, +7.873,+0.963
1664746440,+3.48,+17.138, +7.855,+0.963
1664746500,+3.48,+17.155, +7.850,+0.963
1664746560,+3.48,+17.172, +7.847,+0.962
1664746620,+3.48,+17.147, +7.862,+0.963
1664746680,+3.48,+17.155, +7.867,+0.963
1664746740,+3.48,+17.147, +7.874,+0.963
1664746800,+3.48,+17.164, +7.873,+0.963
1664746860,+3.48,+17.147, +7.865,+0.963
1664746920,+3.48,+17.172, +7.869,+0.963
1664746980,+3.48,+17.164, +7.860,+0.963
1664747040,+3.48,+17.181, +7.879,+0.963
1664747100,+3.48,+17.147, +7.882,+0.963
1664747160,+3.48,+17.155, +7.895,+0.963
1664747220,+3.48,+17.181, +7.882,+0.963
1664747280,+3.48,+17.164, +7.870,+0.963
1664747340,+3.48,+17.147, +7.843,+0.962
1664747400,+3.48,+17.147, +7.834,+0.963
1664747460,+3.48,+17.155, +7.826,+0.963
1664747520,+3.48,+17.181, +7.815,+0.963
1664747580,+3.48,+17.189, +7.803,+0.963
1664747640,+3.48,+17.172, +7.818,+0.963
1664747700,+3.48,+17.155, +7.812,+0.963
1664747760,+3.48,+17.164, +7.770,+0.963
1664747820,+3.48,+17.181, +7.725,+0.963
1664747880,+3.48,+17.189, +7.704,+0.963
1664747940,+3.48,+17.181, +7.698,+0.963
1664748000,+3.48,+17.164, +7.737,+0.963
1664748060,+3.48,+17.181, +7.715,+0.963
1664748120,+3.48,+17.198, +7.730,+0.963
1664748180,+3.48,+17.189, +7.735,+0.963
1664748240,+3.48,+17.189, +7.757,+0.963
1664748300,+3.48,+17.181, +7.743,+0.963
1664748360,+3.48,+17.181, +7.747,+0.963
1664748420,+3.48,+17.181, +7.752,+0.963
1664748480,+3.48,+17.172, +7.768,+0.963
1664748540,+3.48,+17.189, +7.765,+0.962
1664748600,+3.48,+17.189, +7.792,+0.963
1664748660,+3.48,+17.198, +7.766,+0.963
1664748720,+3.48,+17.189, +7.763,+0.963
1664748780,+3.48,+17.181, +7.776,+0.962
1664748840,+3.48,+17.198, +7.769,+0.962
1664748900,+3.48,+17.198, +7.772,+0.963
1664748960,+3.48,+17.181, +7.752,+0.963
1664749020,+3.48,+17.181, +7.748,+0.963
1664749080,+3.48,+17.189, +7.724,+0.963
1664749140,+3.48,+17.189, +7.676,+0.963
1664749200,+3.48,+17.198, +7.655,+0.963
1664749260,+3.48,+17.215, +7.533,+0.963
1664749320,+3.48,+17.198, +7.506,+0.963
1664749380,+3.48,+17.206, +7.440,+0.963
1664749440,+3.48,+17.198, +7.493,+0.963
1664749500,+3.48,+17.198, +7.448,+0.963
1664749560,+3.48,+17.172, +7.496,+0.963
1664749620,+3.48,+17.198, +7.500,+0.963
1664749680,+3.48,+17.198, +7.504,+0.963
1664749740,+3.48,+17.198, +7.533,+0.963
1664749800,+3.48,+17.206, +7.563,+0.963
1664749860,+3.48,+17.198, +7.551,+0.963
1664749920,+3.48,+17.198, +7.484,+0.963
1664749980,+3.48,+17.215, +7.386,+0.963
1664750040,+3.48,+17.215, +7.417,+0.963
1664750100,+3.48,+17.198, +7.441,+0.963
1664750160,+3.48,+17.215, +7.450,+0.963
1664750220,+3.48,+17.206, +7.504,+0.963
1664750280,+3.48,+17.198, +7.536,+0.963
1664750340,+3.48,+17.206, +7.519,+0.963
1664750400,+3.48,+17.206, +7.534,+0.962
1664750460,+3.48,+17.206, +7.556,+0.963
1664750520,+3.48,+17.206, +7.557,+0.963
1664750580,+3.48,+17.198, +7.598,+0.962
1664750640,+3.48,+17.215, +7.605,+0.963
1664750700,+3.48,+17.215, +7.563,+0.963
1664750760,+3.48,+17.206, +7.561,+0.963
1664750820,+3.48,+17.215, +7.587,+0.963
1664750880,+3.48,+17.215, +7.589,+0.962
1664750940,+3.48,+17.215, +7.595,+0.963
1664751000,+3.48,+17.223, +7.602,+0.963
1664751060,+3.48,+17.240, +7.591,+0.963
1664751120,+3.48,+17.215, +7.553,+0.962
1664751180,+3.48,+17.215, +7.552,+0.963
1664751240,+3.48,+17.223, +7.611,+0.963
1664751300,+3.48,+17.223, +7.631,+0.962
1664751360,+3.48,+17.215, +7.640,+0.963
1664751420,+3.48,+17.198, +7.707,+0.963
1664751480,+3.48,+17.223, +7.762,+0.962
1664751540,+3.48,+17.215, +7.811,+0.963
1664751600,+3.48,+17.189, +7.833,+0.963
1664751660,+3.48,+17.215, +7.767,+0.963
1664751720,+3.48,+17.206, +7.744,+0.962
1664751780,+3.48,+17.198, +7.767,+0.962
1664751840,+3.48,+17.181, +7.799,+0.963
1664751900,+3.48,+17.198, +7.799,+0.963
1664751960,+3.48,+17.181, +7.787,+0.963
1664752020,+3.48,+17.198, +7.794,+0.962
1664752080,+3.48,+17.206, +7.770,+0.963
1664752140,+3.48,+17.198, +7.761,+0.963
1664752200,+3.48,+17.198, +7.726,+0.963
1664752260,+3.48,+17.206, +7.735,+0.963
1664752320,+3.48,+17.206, +7.723,+0.962
1664752380,+3.48,+17.189, +7.755,+0.963
1664752440,+3.48,+17.181, +7.765,+0.963
1664752500,+3.48,+17.198, +7.750,+0.963
1664752560,+3.48,+17.198, +7.741,+0.962
1664752620,+3.48,+17.189, +7.764,+0.963
1664752680,+3.48,+17.189, +7.747,+0.963
1664752740,+3.48,+17.172, +7.836,+0.962
1664752800,+3.48,+17.189, +7.859,+0.963
1664752860,+3.48,+17.172, +7.872,+0.963
1664752920,+3.48,+17.189, +7.894,+0.963
1664752980,+3.48,+17.164, +7.963,+0.962
1664753040,+3.48,+17.155, +8.008,+0.962
1664753100,+3.48,+17.164, +8.009,+0.962
1664753160,+3.48,+17.147, +8.008,+0.963
1664753220,+3.48,+17.155, +8.012,+0.963
1664753280,+3.48,+17.155, +7.964,+0.963
1664753340,+3.48,+17.155, +7.891,+0.963
1664753400,+3.48,+17.155, +7.806,+0.963
1664753460,+3.48,+17.172, +7.727,+0.963
1664753520,+3.48,+17.155, +7.730,+0.963
1664753580,+3.48,+17.147, +7.751,+0.963
1664753640,+3.48,+17.164, +7.688,+0.963
1664753700,+3.48,+17.181, +7.615,+0.963
1664753760,+3.48,+17.172, +7.570,+0.963
1664753820,+3.48,+17.164, +7.523,+0.963
1664753880,+3.48,+17.189, +7.488,+0.963
1664753940,+3.48,+17.147, +7.448,+0.963
1664754000,+3.48,+17.181, +7.356,+0.963
1664754060,+3.48,+17.172, +7.265,+0.963
1664754120,+3.48,+17.181, +7.257,+0.962
1664754180,+3.48,+17.189, +7.307,+0.963
1664754240,+3.48,+17.198, +7.325,+0.963
1664754300,+3.48,+17.189, +7.351,+0.963
1664754360,+3.48,+17.172, +7.400,+0.963
1664754420,+3.48,+17.206, +7.421,+0.962
1664754480,+3.48,+17.172, +7.510,+0.962
1664754540,+3.48,+17.181, +7.547,+0.962
1664754600,+3.48,+17.198, +7.565,+0.963
1664754660,+3.48,+17.164, +7.607,+0.963
1664754720,+3.48,+17.172, +7.620,+0.963
1664754780,+3.48,+17.181, +7.626,+0.962
1664754840,+3.48,+17.155, +7.658,+0.963
1664754900,+3.48,+17.155, +7.678,+0.963
1664754960,+3.48,+17.147, +7.712,+0.963
1664755020,+3.48,+17.130, +7.758,+0.963
1664755080,+3.48,+17.147, +7.797,+0.962
1664755140,+3.48,+17.121, +7.834,+0.962
1664755200,+3.48,+17.104, +7.880,+0.963
1664755260,+3.48,+17.096, +7.867,+0.962
1664755320,+3.48,+17.104, +7.884,+0.963
1664755380,+3.48,+17.096, +7.863,+0.962
1664755440,+3.48,+17.104, +7.866,+0.963
1664755500,+3.48,+17.113, +7.883,+0.963
1664755560,+3.48,+17.096, +7.820,+0.963
1664755620,+3.48,+17.121, +7.747,+0.963
1664755680,+3.48,+17.104, +7.774,+0.963
1664755740,+3.48,+17.079, +7.790,+0.963
1664755800,+3.48,+17.104, +7.780,+0.962
1664755860,+3.48,+17.113, +7.785,+0.963
1664755920,+3.48,+17.147, +7.761,+0.963
1664755980,+3.48,+17.113, +7.755,+0.963
1664756040,+3.48,+17.130, +7.737,+0.962
1664756100,+3.48,+17.155, +7.745,+0.963
1664756160,+3.48,+17.138, +7.764,+0.963
1664756220,+3.48,+17.121, +7.761,+0.963
1664756280,+3.48,+17.147, +7.727,+0.963
1664756340,+3.48,+17.138, +7.674,+0.963
1664756400,+3.48,+17.130, +7.655,+0.962
1664756460,+3.48,+17.147, +7.674,+0.963
1664756520,+3.48,+17.147, +7.688,+0.963
1664756580,+3.48,+17.130, +7.673,+0.962
1664756640,+3.48,+17.130, +7.665,+0.963
1664756700,+3.48,+17.147, +7.652,+0.963
1664756760,+3.48,+17.121, +7.687,+0.963
1664756820,+3.48,+17.121, +7.722,+0.963
1664756880,+3.48,+17.130, +7.712,+0.963
1664756940,+3.48,+17.113, +7.763,+0.963
1664757000,+3.48,+17.096, +7.811,+0.963
1664757060,+3.48,+17.079, +7.828,+0.963
1664757120,+3.48,+17.087, +7.831,+0.963
1664757180,+3.48,+17.096, +7.766,+0.963
1664757240,+3.48,+17.079, +7.742,+0.962
1664757300,+3.48,+17.087, +7.719,+0.963
1664757360,+3.48,+17.087, +7.667,+0.962
1664757420,+3.48,+17.104, +7.608,+0.963
1664757480,+3.48,+17.096, +7.555,+0.962
1664757540,+3.48,+17.113, +7.557,+0.962
1664757600,+3.48,+17.087, +7.581,+0.963
1664757660,+3.48,+17.079, +7.607,+0.963
1664757720,+3.48,+17.096, +7.640,+0.963
1664757780,+3.48,+17.096, +7.644,+0.963
1664757840,+3.48,+17.113, +7.638,+0.963
1664757900,+3.48,+17.113, +7.681,+0.963
1664757960,+3.48,+17.104, +7.707,+0.962
1664758020,+3.48,+17.096, +7.747,+0.963
1664758080,+3.48,+17.079, +7.787,+0.963
1664758140,+3.48,+17.113, +7.798,+0.963
1664758200,+3.48,+17.087, +7.837,+0.963
1664758260,+3.48,+17.104, +7.814,+0.962
1664758320,+3.48,+17.113, +7.801,+0.962
1664758380,+3.48,+17.113, +7.804,+0.963
1664758440,+3.48,+17.104, +7.780,+0.963
1664758500,+3.48,+17.096, +7.757,+0.963
1664758560,+3.48,+17.121, +7.720,+0.962
1664758620,+3.48,+17.121, +7.702,+0.963
1664758680,+3.48,+17.121, +7.694,+0.962
1664758740,+3.48,+17.104, +7.718,+0.963
1664758800,+3.48,+17.104, +7.702,+0.963
1664758860,+3.48,+17.087, +7.708,+0.963
1664758920,+3.48,+17.096, +7.695,+0.963
1664758980,+3.48,+17.121, +7.672,+0.962
1664759040,+3.48,+17.113, +7.506,+0.963
1664759100,+3.48,+17.096, +7.408,+0.963
1664759160,+3.48,+17.079, +7.394,+0.963
1664759220,+3.48,+17.079, +7.421,+0.963
1664759280,+3.48,+17.071, +7.338,+0.962
1664759340,+3.48,+17.087, +7.343,+0.963
1664759400,+3.48,+17.071, +7.373,+0.962
1664759460,+3.48,+17.054, +7.422,+0.963
1664759520,+3.48,+17.045, +7.558,+0.962
1664759580,+3.48,+17.045, +7.666,+0.962
1664759640,+3.48,+17.054, +7.774,+0.963
1664759700,+3.48,+17.045, +7.828,+0.963
1664759760,+3.48,+17.045, +7.861,+0.962
1664759820,+3.48,+17.045, +7.877,+0.963
1664759880,+3.48,+17.054, +7.890,+0.963
1664759940,+3.48,+17.045, +7.853,+0.962
1664760000,+3.48,+17.071, +7.843,+0.962
1664760060,+3.48,+17.045, +7.865,+0.962
1664760120,+3.48,+17.028, +7.892,+0.963
1664760180,+3.48,+17.045, +7.882,+0.962
1664760240,+3.48,+17.045, +7.853,+0.962
1664760300,+3.48,+17.045, +7.802,+0.962
1664760360,+3.48,+17.037, +7.775,+0.963
1664760420,+3.48,+17.037, +7.757,+0.963
1664760480,+3.48,+17.037, +7.723,+0.962
1664760540,+3.48,+17.054, +7.698,+0.963
1664760600,+3.48,+17.054, +7.649,+0.963
1664760660,+3.48,+17.020, +7.660,+0.963
1664760720,+3.48,+17.011, +7.560,+0.962
1664760780,+3.48,+17.020, +7.527,+0.962
1664760840,+3.48,+17.037, +7.564,+0.962
1664760900,+3.48,+17.003, +7.612,+0.963
1664760960,+3.48,+17.003, +7.634,+0.963
1664761020,+3.48,+17.003, +7.613,+0.963
1664761080,+3.48,+16.994, +7.613,+0.962
1664761140,+3.48,+17.003, +7.601,+0.963
1664761200,+3.48,+16.977, +7.738,+0.962
1664761260,+3.48,+16.977, +7.804,+0.962
1664761320,+3.48,+16.960, +7.814,+0.962
1664761380,+3.48,+16.960, +7.842,+0.962
1664761440,+3.48,+16.935, +7.838,+0.963
1664761500,+3.48,+16.918, +7.885,+0.962
1664761560,+3.48,+16.918, +7.947,+0.963
1664761620,+3.48,+16.901, +8.027,+0.962
1664761680,+3.48,+16.918, +8.090,+0.962
1664761740,+3.48,+16.892, +8.110,+0.962
1664761800,+3.48,+16.884, +8.087,+0.962
1664761860,+3.48,+16.909, +8.028,+0.962
1664761920,+3.48,+16.909, +7.999,+0.962
1664761980,+3.48,+16.875, +7.951,+0.962
1664762040,+3.48,+16.884, +7.901,+0.962
1664762100,+3.48,+16.909, +7.797,+0.962
1664762160,+3.48,+16.892, +7.799,+0.962
1664762220,+3.48,+16.892, +7.582,+0.962
1664762280,+3.48,+16.892, +7.559,+0.963
1664762340,+3.48,+16.867, +7.552,+0.963
1664762400,+3.48,+16.858, +7.511,+0.962
1664762460,+3.48,+16.858, +7.508,+0.962
1664762520,+3.48,+16.841, +7.421,+0.962
1664762580,+3.48,+16.850, +7.380,+0.962
1664762640,+3.48,+16.833, +7.368,+0.962
1664762700,+3.48,+16.807, +7.449,+0.962
1664762760,+3.48,+16.790, +7.338,+0.963
1664762820,+3.47,+16.773, +7.425,+0.962
1664762880,+3.47,+16.748, +7.625,+0.962
1664762940,+3.48,+16.748, +7.864,+0.963
1664763000,+3.48,+16.756, +8.038,+0.963
1664763060,+3.48,+16.748, +8.174,+0.962
1664763120,+3.48,+16.748, +8.246,+0.963
1664763180,+3.48,+16.773, +8.279,+0.963
1664763240,+3.48,+16.782, +8.253,+0.962
1664763300,+3.48,+16.799, +8.248,+0.963
1664763360,+3.48,+16.782, +8.259,+0.963
1664763420,+3.48,+16.782, +8.248,+0.962
1664763480,+3.48,+16.782, +8.237,+0.963
1664763540,+3.48,+16.782, +8.208,+0.962
1664763600,+3.48,+16.799, +8.167,+0.963
1664763660,+3.48,+16.790, +8.116,+0.962
1664763720,+3.48,+16.782, +8.063,+0.963
1664763780,+3.48,+16.807, +7.976,+0.962
1664763840,+3.48,+16.782, +7.908,+0.963
1664763900,+3.48,+16.816, +7.813,+0.962
1664763960,+3.48,+16.782, +7.732,+0.963
1664764020,+3.48,+16.816, +7.532,+0.963
1664764080,+3.48,+16.824, +7.470,+0.962
1664764140,+3.48,+16.850, +7.457,+0.962
1664764200,+3.48,+16.833, +7.440,+0.962
1664764260,+3.48,+16.850, +7.423,+0.962
1664764320,+3.48,+16.875, +7.391,+0.963
1664764380,+3.48,+16.875, +7.320,+0.962
1664764440,+3.48,+16.867, +7.319,+0.962
1664764500,+3.48,+16.875, +7.323,+0.962
1664764560,+3.48,+16.875, +7.277,+0.962
1664764620,+3.48,+16.884, +7.228,+0.962
1664764680,+3.48,+16.901, +7.178,+0.963
1664764740,+3.48,+16.884, +7.183,+0.962
1664764800,+3.48,+16.901, +7.159,+0.962
1664764860,+3.48,+16.892, +7.154,+0.963
1664764920,+3.48,+16.909, +7.139,+0.963
1664764980,+3.48,+16.892, +7.037,+0.962
1664765040,+3.48,+16.918, +7.008,+0.962
1664765100,+3.48,+16.909, +7.058,+0.962
1664765160,+3.48,+16.909, +7.122,+0.962
1664765220,+3.48,+16.909, +7.175,+0.963
1664765280,+3.48,+16.909, +7.231,+0.963
1664765340,+3.48,+16.909, +7.226,+0.962
1664765400,+3.48,+16.918, +7.240,+0.963
1664765460,+3.48,+16.901, +7.229,+0.962
1664765520,+3.48,+16.892, +7.422,+0.962
1664765580,+3.48,+16.892, +7.589,+0.962
1664765640,+3.48,+16.884, +7.714,+0.963
1664765700,+3.48,+16.884, +7.805,+0.963
1664765760,+3.48,+16.875, +7.861,+0.962
1664765820,+3.48,+16.892, +7.898,+0.962
1664765880,+3.48,+16.867, +7.933,+0.963
1664765940,+3.48,+16.884, +7.947,+0.963
1664766000,+3.48,+16.884, +7.954,+0.963
1664766060,+3.48,+16.867, +7.959,+0.962
1664766120,+3.48,+16.884, +7.962,+0.963
1664766180,+3.48,+16.884, +7.935,+0.963
1664766240,+3.48,+16.892, +7.911,+0.963
1664766300,+3.48,+16.901, +7.929,+0.963
1664766360,+3.48,+16.892, +7.957,+0.963
1664766420,+3.48,+16.892, +7.983,+0.963
1664766480,+3.48,+16.918, +7.956,+0.962
1664766540,+3.48,+16.909, +7.940,+0.963
1664766600,+3.48,+16.909, +7.992,+0.963
1664766660,+3.48,+16.935, +8.000,+0.962
1664766720,+3.48,+16.935, +8.027,+0.962
1664766780,+3.48,+16.926, +8.038,+0.962
1664766840,+3.48,+16.935, +8.028,+0.963
1664766900,+3.48,+16.960, +7.996,+0.962
1664766960,+3.48,+16.969, +7.951,+0.963
1664767020,+3.48,+16.960, +7.888,+0.963
1664767080,+3.48,+16.969, +7.837,+0.962
1664767140,+3.48,+16.952, +7.803,+0.963
1664767200,+3.48,+16.952, +7.751,+0.963
1664767260,+3.48,+16.960, +7.537,+0.962
1664767320,+3.48,+16.943, +7.383,+0.962
1664767380,+3.48,+16.952, +7.228,+0.962
1664767440,+3.48,+16.952, +7.226,+0.963
1664767500,+3.48,+16.952, +7.231,+0.962
1664767560,+3.48,+16.926, +7.254,+0.962
1664767620,+3.48,+16.943, +7.233,+0.962
1664767680,+3.48,+16.943, +6.955,+0.962
1664767740,+3.48,+16.943, +6.562,+0.962
1664767800,+3.48,+16.926, +6.756,+0.962
1664767860,+3.48,+16.918, +6.955,+0.962
1664767920,+3.48,+16.909, +7.249,+0.962
1664767980,+3.48,+16.901, +7.345,+0.962
1664768040,+3.48,+16.884, +7.284,+0.962
1664768100,+3.48,+16.875, +7.271,+0.962
1664768160,+3.48,+16.892, +7.411,+0.962
1664768220,+3.48,+16.884, +7.488,+0.962
1664768280,+3.48,+16.901, +7.358,+0.963
1664768340,+3.48,+16.884, +7.210,+0.962
1664768400,+3.48,+16.909, +7.424,+0.962
1664768460,+3.48,+16.875, +7.614,+0.962
1664768520,+3.48,+16.892, +7.653,+0.963
1664768580,+3.48,+16.884, +7.532,+0.962
1664768640,+3.48,+16.892, +7.648,+0.962
1664768700,+3.48,+16.901, +7.449,+0.962
1664768760,+3.48,+16.884, +7.490,+0.963
1664768820,+3.48,+16.875, +7.712,+0.962
1664768880,+3.48,+16.875, +7.778,+0.962
1664768940,+3.48,+16.867, +7.594,+0.962
1664769000,+3.48,+16.875, +7.433,+0.962
1664769060,+3.48,+16.875, +7.475,+0.962
1664769120,+3.48,+16.884, +7.477,+0.962
1664769180,+3.48,+16.875, +7.483,+0.962
1664769240,+3.48,+16.867, +7.618,+0.963
1664769300,+3.48,+16.884, +7.715,+0.962
1664769360,+3.48,+16.909, +7.671,+0.963
1664769420,+3.48,+16.909, +7.750,+0.963
1664769480,+3.48,+16.918, +7.806,+0.963
1664769540,+3.48,+16.918, +7.816,+0.962
1664769600,+3.48,+16.926, +7.675,+0.963
1664769660,+3.48,+16.960, +7.567,+0.962
1664769720,+3.48,+16.952, +7.491,+0.963
1664769780,+3.48,+16.960, +7.382,+0.963
1664769840,+3.48,+16.926, +7.313,+0.963
1664769900,+3.48,+16.960, +7.233,+0.962
1664769960,+3.48,+16.952, +7.293,+0.963
1664770020,+3.48,+16.986, +7.312,+0.962
1664770080,+3.48,+16.969, +7.375,+0.962
1664770140,+3.48,+16.952, +7.346,+0.962
1664770200,+3.48,+16.960, +7.031,+0.962
1664770260,+3.48,+16.960, +6.609,+0.962
1664770320,+3.48,+16.943, +6.433,+0.962
1664770380,+3.48,+16.935, +6.434,+0.962
1664770440,+3.48,+16.926, +6.417,+0.962
1664770500,+3.48,+16.926, +6.393,+0.962
1664770560,+3.48,+16.952, +6.606,+0.962
1664770620,+3.48,+16.935, +7.003,+0.962
1664770680,+3.48,+16.960, +7.254,+0.962
1664770740,+3.48,+16.960, +7.419,+0.963
1664770800,+3.48,+16.960, +7.483,+0.962
1664770860,+3.48,+16.952, +7.523,+0.963
1664770920,+3.48,+16.943, +7.491,+0.962
1664770980,+3.48,+16.960, +7.422,+0.962
1664771040,+3.48,+16.943, +7.361,+0.962
1664771100,+3.48,+16.926, +7.149,+0.962
1664771160,+3.48,+16.952, +7.162,+0.963
1664771220,+3.48,+16.943, +7.077,+0.962
1664771280,+3.48,+16.943, +7.027,+0.962
1664771340,+3.48,+16.935, +6.998,+0.962
1664771400,+3.48,+16.943, +7.053,+0.962
1664771460,+3.48,+16.935, +7.190,+0.963
1664771520,+3.48,+16.926, +7.342,+0.962
1664771580,+3.48,+16.926, +7.411,+0.962
1664771640,+3.48,+16.935, +7.466,+0.962
1664771700,+3.48,+16.943, +7.354,+0.962
1664771760,+3.48,+16.969, +7.296,+0.962
1664771820,+3.48,+16.960, +7.247,+0.962
1664771880,+3.48,+16.986, +7.100,+0.962
1664771940,+3.48,+16.986, +6.794,+0.962
1664772000,+3.48,+16.986, +6.389,+0.962
1664772060,+3.48,+17.003, +6.198,+0.962
1664772120,+3.48,+16.994, +6.207,+0.962
1664772180,+3.48,+17.003, +6.308,+0.963
1664772240,+3.48,+17.011, +6.369,+0.962
1664772300,+3.48,+17.020, +6.154,+0.962
1664772360,+3.48,+17.011, +5.881,+0.963
1664772420,+3.48,+17.028, +5.871,+0.963
1664772480,+3.48,+17.020, +5.961,+0.962
1664772540,+3.48,+17.037, +6.017,+0.963
1664772600,+3.48,+17.020, +6.074,+0.963
1664772660,+3.48,+17.020, +6.093,+0.963
1664772720,+3.48,+17.020, +6.086,+0.962
1664772780,+3.48,+17.028, +6.158,+0.962
1664772840,+3.48,+17.020, +6.500,+0.962
1664772900,+3.48,+17.020, +6.848,+0.962
1664772960,+3.48,+17.020, +7.105,+0.962
1664773020,+3.48,+17.011, +7.431,+0.963
1664773080,+3.48,+17.028, +7.548,+0.962
1664773140,+3.48,+17.020, +7.591,+0.963
1664773200,+3.48,+17.011, +7.676,+0.963
1664773260,+3.48,+17.011, +7.696,+0.963
1664773320,+3.48,+17.020, +7.770,+0.963
1664773380,+3.48,+16.994, +7.746,+0.962
1664773440,+3.48,+17.003, +7.773,+0.962
1664773500,+3.48,+17.011, +7.728,+0.962
1664773560,+3.48,+17.003, +7.762,+0.963
1664773620,+3.48,+17.003, +7.732,+0.962
1664773680,+3.48,+17.003, +7.705,+0.962
1664773740,+3.48,+17.020, +7.655,+0.963
1664773800,+3.48,+17.011, +7.637,+0.963
1664773860,+3.48,+17.011, +7.613,+0.962
1664773920,+3.48,+17.028, +7.583,+0.963
1664773980,+3.48,+16.994, +7.500,+0.962
1664774040,+3.48,+17.020, +7.393,+0.962
1664774100,+3.48,+17.011, +7.391,+0.962
1664774160,+3.48,+17.020, +7.242,+0.962
1664774220,+3.48,+17.028, +7.086,+0.962
1664774280,+3.48,+16.994, +6.977,+0.962
1664774340,+3.48,+17.011, +6.956,+0.962
1664774400,+3.48,+17.011, +6.894,+0.962
1664774460,+3.48,+17.003, +6.891,+0.962
1664774520,+3.48,+17.011, +6.879,+0.962
1664774580,+3.48,+17.028, +6.852,+0.962
1664774640,+3.48,+17.003, +6.866,+0.962
1664774700,+3.48,+17.020, +6.978,+0.962
1664774760,+3.48,+16.986, +7.136,+0.962
1664774820,+3.48,+16.986, +7.182,+0.963
1664774880,+3.48,+16.986, +7.329,+0.962
1664774940,+3.48,+16.969, +7.515,+0.963
1664775000,+3.48,+16.986, +7.674,+0.962
1664775060,+3.48,+17.003, +7.766,+0.962
1664775120,+3.48,+16.994, +7.806,+0.962
1664775180,+3.48,+16.969, +7.900,+0.962
1664775240,+3.48,+16.960, +7.948,+0.963
1664775300,+3.48,+16.969, +7.927,+0.962
1664775360,+3.48,+16.969, +7.881,+0.962
1664775420,+3.48,+16.969, +7.918,+0.962
1664775480,+3.48,+16.960, +7.958,+0.963
1664775540,+3.48,+16.960, +7.984,+0.963
1664775600,+3.48,+16.960, +7.983,+0.963
1664775660,+3.48,+16.969, +7.986,+0.963
1664775720,+3.48,+16.960, +8.000,+0.962
1664775780,+3.48,+16.952, +8.000,+0.962
1664775840,+3.48,+16.952, +7.938,+0.963
1664775900,+3.48,+16.935, +7.922,+0.962
1664775960,+3.48,+16.943, +7.850,+0.963
1664776020,+3.48,+16.943, +7.793,+0.962
1664776080,+3.48,+16.960, +7.764,+0.963
1664776140,+3.48,+16.977, +7.701,+0.962
1664776200,+3.48,+16.960, +7.596,+0.962
1664776260,+3.48,+16.960, +7.471,+0.962
1664776320,+3.48,+16.960, +7.415,+0.962
1664776380,+3.48,+16.960, +7.348,+0.962
1664776440,+3.48,+16.960, +7.218,+0.962
1664776500,+3.48,+16.943, +7.174,+0.963
1664776560,+3.48,+16.935, +7.291,+0.963
1664776620,+3.48,+16.943, +7.327,+0.962
1664776680,+3.48,+16.935, +7.366,+0.962
1664776740,+3.48,+16.918, +7.389,+0.962
1664776800,+3.48,+16.926, +7.436,+0.962
1664776860,+3.48,+16.918, +7.566,+0.962
1664776920,+3.48,+16.892, +7.709,+0.962
1664776980,+3.48,+16.918, +7.783,+0.962
1664777040,+3.48,+16.909, +7.652,+0.963
1664777100,+3.48,+16.918, +7.619,+0.963
1664777160,+3.48,+16.935, +7.648,+0.963
1664777220,+3.48,+16.918, +7.719,+0.963
1664777280,+3.48,+16.952, +7.680,+0.962
1664777340,+3.48,+16.952, +7.706,+0.963
1664777400,+3.48,+16.960, +7.702,+0.962
1664777460,+3.48,+16.960, +7.688,+0.962
1664777520,+3.48,+16.977, +7.596,+0.962
1664777580,+3.48,+16.977, +7.599,+0.962
1664777640,+3.48,+16.977, +7.666,+0.962
1664777700,+3.48,+16.977, +7.706,+0.963
1664777760,+3.48,+16.977, +7.712,+0.962
1664777820,+3.48,+16.960, +7.698,+0.963
1664777880,+3.48,+16.969, +7.678,+0.962
1664777940,+3.48,+16.960, +7.663,+0.962
1664778000,+3.48,+16.969, +7.618,+0.963
1664778060,+3.48,+16.969, +7.428,+0.962
1664778120,+3.48,+16.977, +7.391,+0.962
1664778180,+3.48,+16.969, +7.387,+0.962
1664778240,+3.48,+16.952, +7.353,+0.962
1664778300,+3.48,+16.952, +7.272,+0.962
1664778360,+3.48,+16.935, +7.290,+0.963
1664778420,+3.48,+16.952, +7.284,+0.963
1664778480,+3.48,+16.943, +7.210,+0.962
1664778540,+3.48,+16.926, +7.064,+0.962
1664778600,+3.48,+16.926, +7.093,+0.962
1664778660,+3.48,+16.935, +7.086,+0.962
1664778720,+3.48,+16.909, +7.094,+0.962
1664778780,+3.48,+16.918, +7.128,+0.963
1664778840,+3.48,+16.892, +7.049,+0.962
1664778900,+3.48,+16.892, +6.961,+0.962
1664778960,+3.48,+16.892, +6.928,+0.962
1664779020,+3.48,+16.884, +6.956,+0.962
1664779080,+3.48,+16.892, +7.019,+0.962
1664779140,+3.48,+16.901, +7.061,+0.962
1664779200,+3.48,+16.875, +7.078,+0.962
1664779260,+3.48,+16.909, +7.126,+0.962
1664779320,+3.48,+16.892, +7.175,+0.962
1664779380,+3.48,+16.892, +7.180,+0.963
1664779440,+3.48,+16.892, +7.088,+0.962
1664779500,+3.48,+16.892, +6.940,+0.962
1664779560,+3.48,+16.892, +6.823,+0.962
1664779620,+3.48,+16.875, +6.699,+0.962
1664779680,+3.48,+16.884, +6.765,+0.962
1664779740,+3.48,+16.858, +6.804,+0.963
1664779800,+3.48,+16.875, +6.847,+0.962
1664779860,+3.48,+16.867, +6.896,+0.962
1664779920,+3.48,+16.850, +6.986,+0.962
1664779980,+3.48,+16.858, +7.040,+0.962
1664780040,+3.48,+16.884, +7.028,+0.962
1664780100,+3.48,+16.850, +7.144,+0.962
1664780160,+3.48,+16.841, +7.200,+0.962
1664780220,+3.48,+16.833, +7.265,+0.962
1664780280,+3.48,+16.824, +7.340,+0.962
1664780340,+3.48,+16.816, +7.206,+0.962
1664780400,+3.48,+16.816, +7.204,+0.962
1664780460,+3.48,+16.816, +7.168,+0.962
1664780520,+3.48,+16.824, +7.118,+0.962
1664780580,+3.48,+16.824, +7.038,+0.962
1664780640,+3.48,+16.807, +6.906,+0.962
1664780700,+3.48,+16.816, +6.788,+0.962
1664780760,+3.48,+16.790, +6.715,+0.962
1664780820,+3.48,+16.799, +6.763,+0.962
1664780880,+3.48,+16.773, +6.915,+0.962
1664780940,+3.48,+16.782, +6.946,+0.963
1664781000,+3.47,+16.790, +7.044,+0.962
1664781060,+3.47,+16.782, +7.102,+0.962
1664781120,+3.47,+16.773, +7.248,+0.963
1664781180,+3.47,+16.765, +7.344,+0.962
1664781240,+3.48,+16.782, +7.399,+0.962
1664781300,+3.47,+16.773, +7.379,+0.962
1664781360,+3.47,+16.765, +7.399,+0.962
1664781420,+3.48,+16.782, +7.332,+0.963
1664781480,+3.47,+16.756, +7.397,+0.962
1664781540,+3.47,+16.748, +7.450,+0.962
1664781600,+3.47,+16.756, +7.482,+0.962
1664781660,+3.47,+16.731, +7.510,+0.962
1664781720,+3.47,+16.722, +7.562,+0.962
1664781780,+3.47,+16.705, +7.627,+0.962
1664781840,+3.47,+16.705, +7.653,+0.962
1664781900,+3.47,+16.714, +7.682,+0.962
1664781960,+3.47,+16.731, +7.687,+0.962
1664782020,+3.47,+16.705, +7.740,+0.963
1664782080,+3.47,+16.688, +7.775,+0.962
1664782140,+3.47,+16.688, +7.787,+0.963
1664782200,+3.47,+16.680, +7.813,+0.962
1664782260,+3.47,+16.680, +7.803,+0.963
1664782320,+3.47,+16.671, +7.766,+0.963
1664782380,+3.47,+16.671, +7.700,+0.962
1664782440,+3.47,+16.680, +7.604,+0.963
1664782500,+3.47,+16.680, +7.402,+0.962
1664782560,+3.47,+16.671, +7.188,+0.962
1664782620,+3.47,+16.663, +7.098,+0.962
1664782680,+3.47,+16.646, +7.037,+0.962
1664782740,+3.48,+16.671, +6.969,+0.962
1664782800,+3.47,+16.646, +7.000,+0.962
1664782860,+3.47,+16.671, +6.941,+0.962
1664782920,+3.47,+16.654, +6.731,+0.962
1664782980,+3.47,+16.697, +6.488,+0.962
1664783040,+3.47,+16.671, +6.354,+0.963
1664783100,+3.47,+16.680, +6.349,+0.962
1664783160,+3.47,+16.705, +6.302,+0.963
1664783220,+3.47,+16.705, +6.097,+0.962
1664783280,+3.47,+16.722, +6.141,+0.962
1664783340,+3.47,+16.731, +6.433,+0.962
1664783400,+3.47,+16.739, +6.587,+0.962
1664783460,+3.47,+16.739, +6.728,+0.962
1664783520,+3.47,+16.756, +6.782,+0.962
1664783580,+3.47,+16.765, +6.763,+0.962
1664783640,+3.47,+16.756, +6.724,+0.962
1664783700,+3.47,+16.756, +6.837,+0.962
1664783760,+3.47,+16.773, +6.939,+0.962
1664783820,+3.47,+16.790, +6.923,+0.962
1664783880,+3.47,+16.782, +6.902,+0.962
1664783940,+3.47,+16.782, +6.912,+0.962
1664784000,+3.47,+16.765, +6.951,+0.962
1664784060,+3.47,+16.782, +6.796,+0.962
1664784120,+3.47,+16.799, +6.641,+0.962
1664784180,+3.48,+16.790, +6.389,+0.962
1664784240,+3.48,+16.799, +6.520,+0.963
1664784300,+3.48,+16.816, +6.731,+0.963
1664784360,+3.48,+16.841, +6.730,+0.963
1664784420,+3.48,+16.858, +6.788,+0.962
1664784480,+3.48,+16.850, +6.801,+0.963
1664784540,+3.48,+16.875, +6.742,+0.962
1664784600,+3.48,+16.867, +6.771,+0.962
1664784660,+3.48,+16.884, +6.849,+0.962
1664784720,+3.48,+16.867, +6.754,+0.962
1664784780,+3.48,+16.875, +6.507,+0.962
1664784840,+3.48,+16.884, +6.521,+0.962
1664784900,+3.48,+16.892, +6.620,+0.963
1664784960,+3.48,+16.875, +6.757,+0.962
1664785020,+3.48,+16.884, +6.799,+0.962
1664785080,+3.48,+16.884, +6.882,+0.962
1664785140,+3.48,+16.892, +6.913,+0.962
1664785200,+3.48,+16.875, +6.949,+0.962
1664785260,+3.48,+16.884, +7.097,+0.962
1664785320,+3.48,+16.875, +7.214,+0.962
1664785380,+3.48,+16.875, +7.219,+0.962
1664785440,+3.48,+16.858, +7.274,+0.962
1664785500,+3.48,+16.867, +7.371,+0.963
1664785560,+3.48,+16.858, +7.428,+0.962
1664785620,+3.48,+16.824, +7.496,+0.962
1664785680,+3.48,+16.841, +7.507,+0.962
1664785740,+3.48,+16.833, +7.497,+0.962
1664785800,+3.48,+16.833, +7.448,+0.962
1664785860,+3.48,+16.833, +7.426,+0.962
1664785920,+3.48,+16.833, +7.475,+0.962
1664785980,+3.48,+16.824, +7.539,+0.962
1664786040,+3.48,+16.824, +7.556,+0.962
1664786100,+3.48,+16.816, +7.598,+0.963
1664786160,+3.48,+16.807, +7.652,+0.962
1664786220,+3.47,+16.782, +7.749,+0.963
1664786280,+3.47,+16.765, +7.833,+0.962
1664786340,+3.47,+16.739, +7.908,+0.962
1664786400,+3.47,+16.731, +7.950,+0.962
1664786460,+3.47,+16.705, +7.969,+0.962
1664786520,+3.47,+16.688, +8.040,+0.963
1664786580,+3.47,+16.697, +8.068,+0.963
1664786640,+3.47,+16.688, +8.059,+0.962
1664786700,+3.47,+16.671, +8.064,+0.963
1664786760,+3.47,+16.705, +8.046,+0.962
1664786820,+3.47,+16.697, +8.027,+0.963
1664786880,+3.47,+16.697, +7.922,+0.962
1664786940,+3.47,+16.697, +7.724,+0.963
1664787000,+3.47,+16.714, +7.514,+0.962
1664787060,+3.47,+16.714, +7.416,+0.963
1664787120,+3.47,+16.688, +7.347,+0.962
1664787180,+3.47,+16.714, +7.295,+0.962
1664787240,+3.47,+16.688, +7.180,+0.962
1664787300,+3.47,+16.680, +7.090,+0.962
1664787360,+3.47,+16.688, +7.135,+0.962
1664787420,+3.47,+16.671, +7.253,+0.962
1664787480,+3.47,+16.688, +7.485,+0.962
1664787540,+3.47,+16.654, +7.668,+0.962
1664787600,+3.48,+16.637, +7.802,+0.962
1664787660,+3.47,+16.646, +7.828,+0.962
1664787720,+3.48,+16.629, +7.887,+0.963
1664787780,+3.47,+16.637, +7.887,+0.963
1664787840,+3.47,+16.612, +7.954,+0.962
1664787900,+3.47,+16.646, +8.015,+0.963
1664787960,+3.47,+16.612, +8.023,+0.963
1664788020,+3.47,+16.612, +7.920,+0.962
1664788080,+3.48,+16.620, +7.784,+0.963
1664788140,+3.47,+16.620, +7.511,+0.962
1664788200,+3.47,+16.612, +7.560,+0.962
1664788260,+3.47,+16.612, +7.583,+0.962
1664788320,+3.47,+16.620, +7.608,+0.962
1664788380,+3.47,+16.620, +7.563,+0.962
1664788440,+3.48,+16.629, +7.448,+0.962
1664788500,+3.48,+16.612, +7.330,+0.962
1664788560,+3.48,+16.603, +7.213,+0.962
1664788620,+3.47,+16.603, +7.158,+0.962
1664788680,+3.47,+16.603, +7.127,+0.962
1664788740,+3.47,+16.603, +7.022,+0.962
1664788800,+3.47,+16.603, +7.070,+0.962
1664788860,+3.48,+16.612, +7.292,+0.962
1664788920,+3.47,+16.612, +7.430,+0.962
1664788980,+3.47,+16.612, +7.459,+0.962
1664789040,+3.47,+16.629, +7.414,+0.962
1664789100,+3.47,+16.612, +7.339,+0.962
1664789160,+3.47,+16.620, +7.235,+0.962
1664789220,+3.47,+16.629, +7.149,+0.963
1664789280,+3.47,+16.620, +7.074,+0.962
1664789340,+3.47,+16.629, +7.017,+0.962
1664789400,+3.47,+16.612, +7.056,+0.962
1664789460,+3.47,+16.603, +7.156,+0.962
1664789520,+3.47,+16.586, +7.125,+0.962
1664789580,+3.47,+16.612, +7.053,+0.962
1664789640,+3.47,+16.603, +7.106,+0.962
1664789700,+3.47,+16.586, +7.221,+0.962
1664789760,+3.47,+16.595, +7.344,+0.963
1664789820,+3.47,+16.603, +7.609,+0.963
1664789880,+3.47,+16.578, +7.798,+0.962
1664789940,+3.47,+16.586, +7.982,+0.962
1664790000,+3.47,+16.586, +8.081,+0.963
1664790060,+3.47,+16.586, +8.134,+0.962
1664790120,+3.47,+16.586, +8.162,+0.963
1664790180,+3.47,+16.569, +8.130,+0.963
1664790240,+3.47,+16.586, +8.102,+0.962
1664790300,+3.47,+16.603, +8.103,+0.963
1664790360,+3.47,+16.595, +8.020,+0.963
1664790420,+3.48,+16.603, +7.888,+0.962
1664790480,+3.47,+16.595, +7.905,+0.962
1664790540,+3.47,+16.595, +7.910,+0.962
1664790600,+3.47,+16.586, +7.962,+0.963
1664790660,+3.48,+16.578, +7.948,+0.962
1664790720,+3.47,+16.586, +7.912,+0.962
1664790780,+3.47,+16.595, +7.935,+0.962
1664790840,+3.47,+16.595, +7.924,+0.962
1664790900,+3.47,+16.603, +7.694,+0.962
1664790960,+3.47,+16.595, +7.531,+0.962
1664791020,+3.47,+16.620, +7.441,+0.962
1664791080,+3.47,+16.612, +7.484,+0.963
1664791140,+3.47,+16.612, +7.449,+0.963
1664791200,+3.47,+16.603, +7.362,+0.962
1664791260,+3.47,+16.603, +7.540,+0.962
1664791320,+3.47,+16.586, +7.467,+0.962
1664791380,+3.47,+16.612, +7.536,+0.963
1664791440,+3.47,+16.612, +7.555,+0.962
1664791500,+3.47,+16.595, +7.515,+0.962
1664791560,+3.47,+16.629, +7.331,+0.962
1664791620,+3.47,+16.612, +7.177,+0.962
1664791680,+3.47,+16.612, +6.931,+0.962
1664791740,+3.47,+16.595, +6.716,+0.962
1664791800,+3.47,+16.595, +6.682,+0.962
1664791860,+3.47,+16.586, +6.891,+0.963
1664791920,+3.47,+16.586, +7.305,+0.962
1664791980,+3.47,+16.595, +7.442,+0.962
1664792040,+3.47,+16.595, +7.465,+0.962
1664792100,+3.47,+16.569, +7.477,+0.962
1664792160,+3.47,+16.578, +7.517,+0.962
1664792220,+3.47,+16.595, +7.428,+0.962
1664792280,+3.47,+16.603, +7.314,+0.962
1664792340,+3.47,+16.595, +7.330,+0.962
1664792400,+3.47,+16.603, +7.346,+0.962
1664792460,+3.47,+16.612, +7.158,+0.962
1664792520,+3.47,+16.586, +6.897,+0.962
1664792580,+3.47,+16.595, +6.818,+0.962
1664792640,+3.47,+16.586, +6.618,+0.962
1664792700,+3.47,+16.578, +6.457,+0.961
1664792760,+3.47,+16.603, +6.308,+0.962
1664792820,+3.48,+16.595, +6.395,+0.962
1664792880,+3.47,+16.595, +6.451,+0.962
1664792940,+3.47,+16.595, +6.457,+0.962
1664793000,+3.47,+16.578, +6.464,+0.962
1664793060,+3.47,+16.603, +6.657,+0.962
1664793120,+3.47,+16.595, +6.703,+0.962
1664793180,+3.47,+16.578, +6.650,+0.962
1664793240,+3.47,+16.578, +6.626,+0.962
1664793300,+3.47,+16.586, +6.566,+0.962
1664793360,+3.47,+16.578, +6.677,+0.962
1664793420,+3.47,+16.586, +6.441,+0.962
1664793480,+3.47,+16.578, +6.414,+0.961
1664793540,+3.47,+16.552, +6.415,+0.961
1664793600,+3.47,+16.586, +6.222,+0.961
1664793660,+3.47,+16.569, +6.189,+0.961
1664793720,+3.47,+16.552, +6.681,+0.962
1664793780,+3.47,+16.535, +7.225,+0.962
1664793840,+3.47,+16.535, +7.563,+0.962
1664793900,+3.47,+16.518, +7.771,+0.963
1664793960,+3.47,+16.527, +7.783,+0.962
1664794020,+3.47,+16.527, +7.822,+0.962
1664794080,+3.47,+16.527, +7.656,+0.962
1664794140,+3.48,+16.527, +7.508,+0.962
1664794200,+3.47,+16.552, +7.420,+0.962
1664794260,+3.48,+16.569, +7.356,+0.962
1664794320,+3.47,+16.535, +7.274,+0.962
1664794380,+3.47,+16.552, +7.244,+0.963
1664794440,+3.47,+16.544, +7.110,+0.962
1664794500,+3.47,+16.569, +6.889,+0.962
1664794560,+3.47,+16.569, +6.841,+0.962
1664794620,+3.47,+16.561, +6.779,+0.962
1664794680,+3.47,+16.544, +6.852,+0.961
1664794740,+3.47,+16.552, +6.989,+0.962
1664794800,+3.47,+16.544, +7.019,+0.962
1664794860,+3.47,+16.578, +7.063,+0.962
1664794920,+3.47,+16.535, +7.075,+0.962
1664794980,+3.47,+16.552, +6.987,+0.962
1664795040,+3.47,+16.527, +6.997,+0.962
1664795100,+3.47,+16.552, +6.903,+0.962
1664795160,+3.47,+16.544, +6.878,+0.962
1664795220,+3.47,+16.544, +6.818,+0.961
1664795280,+3.47,+16.544, +6.914,+0.962
1664795340,+3.47,+16.569, +6.931,+0.962
1664795400,+3.47,+16.578, +6.931,+0.962
1664795460,+3.47,+16.578, +6.979,+0.962
1664795520,+3.47,+16.569, +6.930,+0.962
1664795580,+3.47,+16.578, +6.901,+0.962
1664795640,+3.47,+16.586, +6.933,+0.962
1664795700,+3.47,+16.578, +6.770,+0.962
1664795760,+3.47,+16.586, +6.998,+0.962
1664795820,+3.47,+16.569, +7.068,+0.962
1664795880,+3.47,+16.578, +7.226,+0.962
1664795940,+3.47,+16.578, +7.349,+0.962
1664796000,+3.47,+16.569, +7.482,+0.963
1664796060,+3.47,+16.561, +7.503,+0.963
1664796120,+3.47,+16.586, +7.466,+0.962
1664796180,+3.47,+16.569, +7.592,+0.962
1664796240,+3.48,+16.569, +7.625,+0.962
1664796300,+3.47,+16.578, +7.565,+0.962
1664796360,+3.47,+16.569, +7.531,+0.962
1664796420,+3.47,+16.561, +7.523,+0.963
1664796480,+3.47,+16.586, +7.385,+0.962
1664796540,+3.47,+16.586, +7.313,+0.962
1664796600,+3.47,+16.603, +7.258,+0.962
1664796660,+3.47,+16.586, +7.167,+0.962
1664796720,+3.47,+16.595, +7.076,+0.962
1664796780,+3.47,+16.620, +7.018,+0.962
1664796840,+3.47,+16.586, +7.029,+0.962
1664796900,+3.47,+16.595, +6.988,+0.962
1664796960,+3.47,+16.595, +6.970,+0.962
1664797020,+3.47,+16.595, +6.888,+0.962
1664797080,+3.47,+16.595, +6.913,+0.962
1664797140,+3.47,+16.595, +6.872,+0.962
1664797200,+3.47,+16.595, +6.647,+0.962
1664797260,+3.47,+16.603, +6.514,+0.962
1664797320,+3.47,+16.603, +6.474,+0.962
1664797380,+3.47,+16.586, +6.540,+0.962
1664797440,+3.47,+16.586, +6.671,+0.962
1664797500,+3.47,+16.586, +6.696,+0.962
1664797560,+3.47,+16.595, +6.556,+0.962
1664797620,+3.47,+16.586, +6.600,+0.962
1664797680,+3.47,+16.578, +6.649,+0.962
1664797740,+3.47,+16.586, +6.772,+0.962
1664797800,+3.47,+16.569, +6.959,+0.962
1664797860,+3.47,+16.544, +7.195,+0.962
1664797920,+3.47,+16.552, +7.301,+0.962
1664797980,+3.47,+16.561, +7.309,+0.962
1664798040,+3.47,+16.527, +7.395,+0.962
1664798100,+3.47,+16.535, +7.354,+0.962
1664798160,+3.47,+16.552, +7.356,+0.962
1664798220,+3.47,+16.561, +7.401,+0.962
1664798280,+3.47,+16.535, +7.431,+0.963
1664798340,+3.47,+16.561, +7.444,+0.962
1664798400,+3.47,+16.569, +7.437,+0.962
1664798460,+3.47,+16.569, +7.406,+0.962
1664798520,+3.47,+16.569, +7.306,+0.962
1664798580,+3.47,+16.569, +7.194,+0.962
1664798640,+3.47,+16.552, +7.197,+0.962
1664798700,+3.47,+16.561, +7.131,+0.962
1664798760,+3.47,+16.561, +7.140,+0.962
1664798820,+3.47,+16.552, +7.078,+0.962
1664798880,+3.47,+16.552, +6.929,+0.962
1664798940,+3.47,+16.544, +6.939,+0.962
1664799000,+3.47,+16.544, +6.815,+0.962
1664799060,+3.47,+16.552, +6.840,+0.962
1664799120,+3.47,+16.527, +6.886,+0.962
1664799180,+3.47,+16.518, +6.874,+0.962
1664799240,+3.47,+16.527, +6.811,+0.962
1664799300,+3.47,+16.501, +6.908,+0.962
1664799360,+3.47,+16.527, +6.860,+0.962
1664799420,+3.47,+16.535, +6.815,+0.962
1664799480,+3.47,+16.527, +6.805,+0.962
1664799540,+3.47,+16.501, +6.828,+0.962
1664799600,+3.47,+16.535, +6.999,+0.962
1664799660,+3.47,+16.535, +7.117,+0.962
1664799720,+3.47,+16.552, +7.241,+0.962
1664799780,+3.47,+16.535, +7.348,+0.962
1664799840,+3.47,+16.527, +7.478,+0.962
1664799900,+3.47,+16.544, +7.620,+0.962
1664799960,+3.47,+16.544, +7.699,+0.962
1664800020,+3.47,+16.535, +7.763,+0.962
1664800080,+3.47,+16.527, +7.775,+0.962
1664800140,+3.47,+16.527, +7.684,+0.963
1664800200,+3.47,+16.518, +7.456,+0.962
1664800260,+3.47,+16.527, +7.311,+0.962
1664800320,+3.47,+16.518, +7.209,+0.962
1664800380,+3.48,+16.493, +6.998,+0.962
1664800440,+3.47,+16.484, +6.691,+0.962
1664800500,+3.47,+16.501, +6.570,+0.962
1664800560,+3.47,+16.510, +6.534,+0.962
1664800620,+3.47,+16.510, +6.573,+0.962
1664800680,+3.47,+16.501, +6.561,+0.962
1664800740,+3.48,+16.484, +6.633,+0.962
1664800800,+3.47,+16.501, +6.743,+0.962
1664800860,+3.47,+16.493, +6.831,+0.962
1664800920,+3.47,+16.510, +6.901,+0.961
1664800980,+3.47,+16.510, +6.959,+0.962
1664801040,+3.47,+16.493, +6.968,+0.962
1664801100,+3.47,+16.518, +6.900,+0.962
1664801160,+3.47,+16.501, +6.926,+0.962
1664801220,+3.47,+16.527, +6.947,+0.962
1664801280,+3.47,+16.510, +6.936,+0.962
1664801340,+3.47,+16.527, +6.834,+0.962
1664801400,+3.47,+16.535, +6.773,+0.962
1664801460,+3.47,+16.527, +6.745,+0.962
1664801520,+3.47,+16.527, +6.592,+0.962
1664801580,+3.47,+16.527, +6.523,+0.962
1664801640,+3.47,+16.527, +6.421,+0.962
1664801700,+3.47,+16.535, +6.305,+0.962
1664801760,+3.47,+16.527, +6.305,+0.962
1664801820,+3.47,+16.544, +6.339,+0.962
1664801880,+3.47,+16.518, +6.346,+0.962
1664801940,+3.47,+16.552, +6.350,+0.962
1664802000,+3.47,+16.535, +6.323,+0.962
1664802060,+3.47,+16.552, +6.226,+0.962
1664802120,+3.47,+16.535, +6.102,+0.962
1664802180,+3.47,+16.544, +6.129,+0.962
1664802240,+3.47,+16.544, +6.220,+0.962
1664802300,+3.47,+16.518, +6.307,+0.962
1664802360,+3.47,+16.527, +6.318,+0.962
1664802420,+3.47,+16.535, +6.346,+0.963
1664802480,+3.47,+16.544, +6.436,+0.962
1664802540,+3.47,+16.561, +6.522,+0.962
1664802600,+3.47,+16.561, +6.622,+0.962
1664802660,+3.47,+16.569, +6.739,+0.962
1664802720,+3.47,+16.561, +6.822,+0.962
1664802780,+3.47,+16.569, +6.828,+0.962
1664802840,+3.47,+16.552, +6.868,+0.962
1664802900,+3.47,+16.552, +6.909,+0.962
1664802960,+3.47,+16.569, +6.877,+0.962
1664803020,+3.47,+16.578, +6.790,+0.962
1664803080,+3.47,+16.578, +6.717,+0.962
1664803140,+3.47,+16.586, +6.621,+0.962
1664803200,+3.47,+16.561, +6.511,+0.962
1664803260,+3.47,+16.569, +6.583,+0.962
1664803320,+3.47,+16.578, +6.589,+0.962
1664803380,+3.47,+16.569, +6.666,+0.962
1664803440,+3.47,+16.586, +6.639,+0.962
1664803500,+3.47,+16.569, +6.634,+0.962
1664803560,+3.47,+16.552, +6.623,+0.962
1664803620,+3.47,+16.569, +6.656,+0.962
1664803680,+3.47,+16.578, +6.754,+0.962
1664803740,+3.47,+16.569, +6.834,+0.962
1664803800,+3.47,+16.578, +6.776,+0.962
1664803860,+3.47,+16.603, +6.755,+0.962
1664803920,+3.47,+16.595, +6.664,+0.962
1664803980,+3.47,+16.586, +6.586,+0.962
1664804040,+3.47,+16.578, +6.513,+0.962
1664804100,+3.47,+16.603, +6.464,+0.962
1664804160,+3.47,+16.586, +6.548,+0.962
1664804220,+3.47,+16.595, +6.678,+0.962
1664804280,+3.47,+16.586, +6.778,+0.962
1664804340,+3.47,+16.603, +6.832,+0.962
1664804400,+3.47,+16.595, +6.861,+0.962
1664804460,+3.47,+16.603, +6.875,+0.962
1664804520,+3.47,+16.595, +6.850,+0.962
1664804580,+3.47,+16.595, +6.844,+0.962
1664804640,+3.47,+16.603, +6.875,+0.962
1664804700,+3.47,+16.612, +6.912,+0.962
1664804760,+3.47,+16.569, +6.866,+0.962
1664804820,+3.47,+16.586, +6.838,+0.962
1664804880,+3.47,+16.569, +6.796,+0.962
1664804940,+3.47,+16.578, +6.835,+0.962
1664805000,+3.47,+16.552, +6.849,+0.962
1664805060,+3.47,+16.569, +6.957,+0.962
1664805120,+3.47,+16.561, +7.097,+0.962
1664805180,+3.47,+16.544, +7.216,+0.962
1664805240,+3.47,+16.552, +7.257,+0.962
1664805300,+3.47,+16.544, +7.368,+0.962
1664805360,+3.47,+16.552, +7.432,+0.962
1664805420,+3.47,+16.527, +7.480,+0.962
1664805480,+3.47,+16.527, +7.552,+0.962
1664805540,+3.47,+16.552, +7.602,+0.962
1664805600,+3.47,+16.535, +7.640,+0.962
1664805660,+3.47,+16.544, +7.660,+0.962
1664805720,+3.47,+16.544, +7.658,+0.962
1664805780,+3.47,+16.544, +7.620,+0.962
1664805840,+3.47,+16.527, +7.598,+0.962
1664805900,+3.47,+16.544, +7.575,+0.962
1664805960,+3.47,+16.527, +7.585,+0.962
1664806020,+3.47,+16.544, +7.570,+0.962
1664806080,+3.47,+16.544, +7.561,+0.962
1664806140,+3.47,+16.535, +7.525,+0.962
1664806200,+3.47,+16.535, +7.451,+0.962
1664806260,+3.47,+16.527, +7.348,+0.962
1664806320,+3.47,+16.501, +7.337,+0.962
1664806380,+3.47,+16.510, +7.270,+0.962
1664806440,+3.47,+16.476, +7.251,+0.962
1664806500,+3.47,+16.484, +7.259,+0.962
1664806560,+3.47,+16.476, +7.344,+0.962
1664806620,+3.47,+16.484, +7.327,+0.962
1664806680,+3.47,+16.493, +7.319,+0.962
1664806740,+3.47,+16.493, +7.371,+0.962
1664806800,+3.47,+16.484, +7.397,+0.962
1664806860,+3.47,+16.467, +7.511,+0.962
1664806920,+3.47,+16.459, +7.573,+0.962
1664806980,+3.47,+16.476, +7.592,+0.963
1664807040,+3.47,+16.476, +7.615,+0.962
1664807100,+3.47,+16.467, +7.589,+0.962
1664807160,+3.47,+16.450, +7.654,+0.962
1664807220,+3.47,+16.493, +7.624,+0.962
1664807280,+3.47,+16.484, +7.620,+0.962
1664807340,+3.47,+16.467, +7.612,+0.962
1664807400,+3.47,+16.493, +7.568,+0.962
1664807460,+3.47,+16.493, +7.521,+0.962
1664807520,+3.47,+16.476, +7.383,+0.962
1664807580,+3.47,+16.476, +7.422,+0.962
1664807640,+3.47,+16.467, +7.474,+0.962
1664807700,+3.47,+16.467, +7.502,+0.962
1664807760,+3.47,+16.467, +7.581,+0.962
1664807820,+3.47,+16.467, +7.604,+0.962
1664807880,+3.47,+16.459, +7.523,+0.962
1664807940,+3.47,+16.484, +7.490,+0.962
1664808000,+3.47,+16.484, +7.449,+0.962
1664808060,+3.47,+16.476, +7.358,+0.962
1664808120,+3.47,+16.476, +7.334,+0.962
1664808180,+3.47,+16.484, +7.216,+0.962
1664808240,+3.47,+16.467, +7.189,+0.962
1664808300,+3.47,+16.459, +7.220,+0.962
1664808360,+3.47,+16.467, +7.263,+0.962
1664808420,+3.47,+16.467, +7.236,+0.962
1664808480,+3.47,+16.450, +7.281,+0.962
1664808540,+3.47,+16.459, +7.358,+0.962
1664808600,+3.47,+16.450, +7.395,+0.962
1664808660,+3.47,+16.442, +7.356,+0.962
1664808720,+3.47,+16.433, +7.385,+0.962
1664808780,+3.47,+16.459, +7.399,+0.962
1664808840,+3.47,+16.459, +7.424,+0.962
1664808900,+3.47,+16.450, +7.449,+0.962
1664808960,+3.47,+16.450, +7.425,+0.962
1664809020,+3.47,+16.442, +7.347,+0.962
1664809080,+3.47,+16.433, +7.220,+0.962
1664809140,+3.47,+16.467, +7.257,+0.962
1664809200,+3.47,+16.467, +7.372,+0.962
1664809260,+3.47,+16.450, +7.429,+0.961
1664809320,+3.47,+16.450, +7.551,+0.962
1664809380,+3.47,+16.459, +7.630,+0.962
1664809440,+3.47,+16.459, +7.658,+0.962
1664809500,+3.47,+16.442, +7.687,+0.962
1664809560,+3.47,+16.442, +7.734,+0.962
1664809620,+3.47,+16.433, +7.742,+0.962
1664809680,+3.47,+16.399, +7.764,+0.962
1664809740,+3.47,+16.391, +7.770,+0.962
1664809800,+3.47,+16.382, +7.696,+0.962
1664809860,+3.47,+16.382, +7.639,+0.962
1664809920,+3.47,+16.374, +7.668,+0.962
1664809980,+3.47,+16.374, +7.662,+0.962
1664810040,+3.47,+16.382, +7.575,+0.962
1664810100,+3.47,+16.374, +7.524,+0.962
1664810160,+3.48,+16.357, +7.533,+0.962
1664810220,+3.47,+16.382, +7.452,+0.962
1664810280,+3.47,+16.374, +7.421,+0.962
1664810340,+3.47,+16.365, +7.357,+0.961
1664810400,+3.47,+16.357, +7.308,+0.961
1664810460,+3.48,+16.340, +7.407,+0.962
1664810520,+3.47,+16.348, +7.476,+0.962
1664810580,+3.47,+16.348, +7.648,+0.962
1664810640,+3.48,+16.271, +8.045,+0.962
1664810700,+3.48,+16.297, +8.251,+0.962
1664810760,+3.48,+16.288, +8.281,+0.962
1664810820,+3.48,+16.323, +8.247,+0.962
1664810880,+3.48,+16.340, +8.226,+0.962
1664810940,+3.48,+16.357, +8.139,+0.962
1664811000,+3.47,+16.365, +8.123,+0.962
1664811060,+3.47,+16.382, +8.114,+0.962
1664811120,+3.47,+16.348, +8.103,+0.962
1664811180,+3.47,+16.365, +8.071,+0.962
1664811240,+3.47,+16.374, +7.998,+0.962
1664811300,+3.47,+16.382, +7.912,+0.962
1664811360,+3.47,+16.374, +7.789,+0.962
1664811420,+3.47,+16.391, +7.783,+0.962
1664811480,+3.47,+16.399, +7.794,+0.962
1664811540,+3.47,+16.416, +7.760,+0.962
1664811600,+3.47,+16.408, +7.638,+0.962
1664811660,+3.47,+16.416, +7.463,+0.962
1664811720,+3.47,+16.391, +7.236,+0.962
1664811780,+3.47,+16.399, +6.951,+0.962
1664811840,+3.47,+16.416, +6.439,+0.962
1664811900,+3.47,+16.399, +6.370,+0.962
1664811960,+3.47,+16.391, +6.510,+0.962
1664812020,+3.47,+16.408, +6.659,+0.962
1664812080,+3.47,+16.425, +6.757,+0.962
1664812140,+3.47,+16.408, +6.861,+0.962
1664812200,+3.47,+16.425, +6.922,+0.962
1664812260,+3.47,+16.408, +7.041,+0.962
1664812320,+3.47,+16.399, +6.982,+0.962
1664812380,+3.47,+16.425, +6.625,+0.962
1664812440,+3.47,+16.399, +6.718,+0.962
1664812500,+3.47,+16.408, +6.736,+0.962
1664812560,+3.47,+16.408, +6.864,+0.962
1664812620,+3.47,+16.399, +6.961,+0.962
1664812680,+3.47,+16.399, +7.066,+0.962
1664812740,+3.47,+16.416, +7.194,+0.962
1664812800,+3.47,+16.391, +7.257,+0.962
1664812860,+3.47,+16.408, +7.380,+0.962
1664812920,+3.47,+16.408, +7.454,+0.962
1664812980,+3.47,+16.399, +7.497,+0.962
1664813040,+3.47,+16.399, +7.533,+0.962
1664813100,+3.47,+16.391, +7.625,+0.962
1664813160,+3.47,+16.399, +7.623,+0.962
1664813220,+3.47,+16.399, +7.744,+0.962
1664813280,+3.47,+16.382, +7.856,+0.962
1664813340,+3.47,+16.391, +7.847,+0.962
1664813400,+3.47,+16.382, +7.848,+0.962
1664813460,+3.47,+16.365, +7.868,+0.962
1664813520,+3.47,+16.391, +7.805,+0.962
1664813580,+3.47,+16.382, +7.759,+0.962
1664813640,+3.47,+16.391, +7.756,+0.962
1664813700,+3.47,+16.382, +7.663,+0.962
1664813760,+3.47,+16.399, +7.580,+0.962
1664813820,+3.47,+16.408, +7.489,+0.962
1664813880,+3.47,+16.382, +7.277,+0.962
1664813940,+3.47,+16.382, +7.256,+0.962
1664814000,+3.47,+16.382, +7.276,+0.962
1664814060,+3.47,+16.374, +7.244,+0.961
1664814120,+3.47,+16.391, +6.976,+0.961
1664814180,+3.47,+16.382, +6.736,+0.961
1664814240,+3.47,+16.374, +6.740,+0.961
1664814300,+3.47,+16.399, +6.732,+0.961
1664814360,+3.47,+16.374, +6.517,+0.961
1664814420,+3.47,+16.382, +6.455,+0.961
1664814480,+3.47,+16.348, +6.352,+0.961
1664814540,+3.47,+16.365, +6.357,+0.962
1664814600,+3.47,+16.357, +6.544,+0.962
1664814660,+3.47,+16.357, +6.656,+0.962
1664814720,+3.47,+16.348, +6.700,+0.962
1664814780,+3.47,+16.348, +6.762,+0.962
1664814840,+3.47,+16.323, +6.813,+0.962
1664814900,+3.47,+16.357, +7.010,+0.962
1664814960,+3.47,+16.357, +7.232,+0.962
1664815020,+3.48,+16.348, +7.385,+0.962
1664815080,+3.47,+16.357, +7.438,+0.962
1664815140,+3.47,+16.357, +7.415,+0.962
1664815200,+3.47,+16.331, +7.395,+0.962
1664815260,+3.47,+16.348, +7.209,+0.962
1664815320,+3.47,+16.348, +7.156,+0.962
1664815380,+3.47,+16.331, +7.245,+0.961
1664815440,+3.47,+16.340, +7.342,+0.961
1664815500,+3.47,+16.314, +7.455,+0.962
1664815560,+3.47,+16.305, +7.484,+0.962
1664815620,+3.47,+16.323, +7.521,+0.962
1664815680,+3.48,+16.314, +7.546,+0.962
