7450-383325
OS REV: 1.05 Sensor Cal: 1644949570
Time (sec),  BV (Volts),  T (deg C),  DO (mg/l),  Q ()
1664383740,+3.49,+20.202, +9.462,+0.965
1664383800,+3.49,+20.210, +9.490,+0.966
1664383860,+3.49,+20.185, +9.565,+0.965
1664383920,+3.49,+20.202, +9.599,+0.965
1664383980,+3.49,+20.177, +9.641,+0.965
1664384040,+3.49,+20.194, +9.668,+0.965
1664384100,+3.49,+20.177, +9.707,+0.966
1664384160,+3.49,+20.177, +9.718,+0.965
1664384220,+3.49,+20.227, +9.715,+0.965
1664384280,+3.49,+20.194, +9.754,+0.965
1664384340,+3.49,+20.202, +9.768,+0.965
1664384400,+3.49,+20.177, +9.755,+0.965
1664384460,+3.49,+20.169, +9.723,+0.965
1664384520,+3.49,+20.143, +9.718,+0.965
1664384580,+3.49,+20.143, +9.736,+0.965
1664384640,+3.49,+20.118, +9.687,+0.965
1664384700,+3.49,+20.076, +9.605,+0.965
1664384760,+3.49,+20.076, +9.599,+0.965
1664384820,+3.49,+20.085, +9.619,+0.965
1664384880,+3.49,+20.076, +9.631,+0.965
1664384940,+3.48,+20.060, +9.632,+0.965
1664385000,+3.49,+20.068, +9.638,+0.965
1664385060,+3.48,+20.026, +9.645,+0.964
1664385120,+3.48,+20.009, +9.687,+0.965
1664385180,+3.48,+20.009, +9.684,+0.965
1664385240,+3.48,+20.018, +9.665,+0.965
1664385300,+3.48,+19.993, +9.652,+0.964
1664385360,+3.48,+19.984, +9.607,+0.965
1664385420,+3.48,+19.984, +9.626,+0.965
1664385480,+3.48,+19.984, +9.669,+0.965
1664385540,+3.48,+19.976, +9.569,+0.965
1664385600,+3.48,+19.926, +9.554,+0.965
1664385660,+3.48,+19.909, +9.584,+0.965
1664385720,+3.48,+19.909, +9.541,+0.965
1664385780,+3.48,+19.892, +9.487,+0.965
1664385840,+3.48,+19.867, +9.399,+0.965
1664385900,+3.48,+19.867, +9.381,+0.965
1664385960,+3.48,+19.875, +9.412,+0.964
1664386020,+3.48,+19.884, +9.304,+0.964
1664386080,+3.48,+19.875, +9.309,+0.965
1664386140,+3.48,+19.875, +9.347,+0.964
1664386200,+3.48,+19.867, +9.409,+0.965
1664386260,+3.48,+19.858, +9.432,+0.965
1664386320,+3.48,+19.850, +9.415,+0.965
1664386380,+3.48,+19.884, +9.302,+0.965
1664386440,+3.48,+19.875, +9.361,+0.964
1664386500,+3.48,+19.892, +9.408,+0.965
1664386560,+3.48,+19.875, +9.430,+0.965
1664386620,+3.48,+19.867, +9.472,+0.965
1664386680,+3.48,+19.875, +9.191,+0.965
1664386740,+3.48,+19.875, +8.987,+0.965
1664386800,+3.48,+19.884, +8.925,+0.964
1664386860,+3.48,+19.892, +8.932,+0.965
1664386920,+3.48,+19.892, +8.961,+0.965
1664386980,+3.48,+19.909, +8.937,+0.965
1664387040,+3.48,+19.926, +8.358,+0.964
1664387100,+3.48,+19.967, +8.077,+0.964
1664387160,+3.48,+19.984, +8.000,+0.965
1664387220,+3.48,+19.993, +7.941,+0.965
1664387280,+3.48,+20.009, +7.792,+0.964
1664387340,+3.48,+20.026, +7.733,+0.964
1664387400,+3.48,+20.026, +7.787,+0.965
1664387460,+3.48,+20.018, +7.761,+0.965
1664387520,+3.48,+20.018, +7.694,+0.965
1664387580,+3.49,+20.051, +7.654,+0.965
1664387640,+3.49,+20.076, +7.599,+0.965
1664387700,+3.49,+20.051, +7.583,+0.965
1664387760,+3.49,+20.076, +7.552,+0.965
1664387820,+3.49,+20.093, +7.494,+0.964
1664387880,+3.49,+20.102, +7.470,+0.965
1664387940,+3.49,+20.127, +7.444,+0.964
1664388000,+3.49,+20.135, +7.442,+0.965
1664388060,+3.49,+20.143, +7.361,+0.964
1664388120,+3.49,+20.160, +7.133,+0.964
1664388180,+3.49,+20.169, +6.490,+0.964
1664388240,+3.49,+20.152, +6.425,+0.964
1664388300,+3.49,+20.160, +6.666,+0.964
1664388360,+3.49,+20.152, +6.747,+0.964
1664388420,+3.49,+20.160, +6.818,+0.965
1664388480,+3.49,+20.185, +6.974,+0.965
1664388540,+3.49,+20.194, +7.036,+0.965
1664388600,+3.49,+20.177, +7.112,+0.964
1664388660,+3.49,+20.177, +7.137,+0.964
1664388720,+3.49,+20.202, +7.038,+0.964
1664388780,+3.49,+20.194, +6.758,+0.964
1664388840,+3.49,+20.202, +6.763,+0.965
1664388900,+3.49,+20.194, +6.759,+0.964
1664388960,+3.49,+20.202, +6.499,+0.964
1664389020,+3.49,+20.194, +6.317,+0.964
1664389080,+3.49,+20.219, +6.161,+0.964
1664389140,+3.49,+20.210, +6.183,+0.964
1664389200,+3.49,+20.210, +6.754,+0.965
1664389260,+3.49,+20.194, +6.947,+0.964
1664389320,+3.49,+20.194, +6.956,+0.965
1664389380,+3.49,+20.219, +6.629,+0.965
1664389440,+3.49,+20.227, +6.658,+0.964
1664389500,+3.49,+20.219, +6.819,+0.964
1664389560,+3.49,+20.194, +6.915,+0.965
1664389620,+3.49,+20.227, +6.874,+0.964
1664389680,+3.49,+20.210, +6.909,+0.964
1664389740,+3.49,+20.219, +7.140,+0.964
1664389800,+3.49,+20.202, +7.233,+0.965
1664389860,+3.49,+20.194, +7.315,+0.964
1664389920,+3.49,+20.210, +7.379,+0.965
1664389980,+3.49,+20.202, +7.450,+0.964
1664390040,+3.49,+20.202, +7.478,+0.965
1664390100,+3.49,+20.202, +7.555,+0.964
1664390160,+3.49,+20.185, +7.604,+0.964
1664390220,+3.49,+20.169, +7.609,+0.964
1664390280,+3.49,+20.185, +7.643,+0.965
1664390340,+3.49,+20.177, +7.644,+0.964
1664390400,+3.49,+20.177, +7.631,+0.964
1664390460,+3.49,+20.185, +7.633,+0.964
1664390520,+3.49,+20.177, +7.601,+0.965
1664390580,+3.49,+20.177, +7.605,+0.965
1664390640,+3.49,+20.160, +7.635,+0.964
1664390700,+3.49,+20.177, +7.653,+0.965
1664390760,+3.49,+20.160, +7.658,+0.965
1664390820,+3.49,+20.160, +7.653,+0.965
1664390880,+3.49,+20.160, +7.653,+0.964
1664390940,+3.49,+20.135, +7.656,+0.964
1664391000,+3.49,+20.152, +7.651,+0.964
1664391060,+3.49,+20.160, +7.644,+0.964
1664391120,+3.49,+20.135, +7.641,+0.964
1664391180,+3.49,+20.143, +7.632,+0.964
1664391240,+3.49,+20.127, +7.623,+0.965
1664391300,+3.49,+20.135, +7.592,+0.965
1664391360,+3.49,+20.143, +7.561,+0.964
1664391420,+3.49,+20.135, +7.572,+0.964
1664391480,+3.49,+20.118, +7.504,+0.964
1664391540,+3.49,+20.135, +7.521,+0.964
1664391600,+3.49,+20.127, +7.520,+0.964
1664391660,+3.49,+20.127, +7.515,+0.965
1664391720,+3.49,+20.127, +7.313,+0.964
1664391780,+3.49,+20.118, +7.309,+0.964
1664391840,+3.49,+20.110, +7.385,+0.964
1664391900,+3.49,+20.102, +7.249,+0.964
1664391960,+3.49,+20.102, +7.332,+0.964
1664392020,+3.49,+20.102, +7.316,+0.965
1664392080,+3.49,+20.085, +7.331,+0.964
1664392140,+3.49,+20.076, +7.286,+0.965
1664392200,+3.49,+20.068, +7.292,+0.964
1664392260,+3.49,+20.068, +7.258,+0.964
1664392320,+3.49,+20.068, +7.199,+0.964
1664392380,+3.49,+20.068, +7.191,+0.964
1664392440,+3.49,+20.026, +7.209,+0.964
1664392500,+3.49,+20.060, +6.970,+0.965
1664392560,+3.49,+20.051, +6.895,+0.965
1664392620,+3.49,+20.060, +6.569,+0.964
1664392680,+3.49,+20.076, +6.321,+0.964
1664392740,+3.49,+20.051, +6.112,+0.964
1664392800,+3.49,+20.051, +6.204,+0.964
1664392860,+3.49,+20.068, +6.412,+0.965
1664392920,+3.49,+20.060, +6.593,+0.964
1664392980,+3.49,+20.076, +6.702,+0.964
1664393040,+3.49,+20.068, +6.751,+0.965
1664393100,+3.49,+20.076, +6.704,+0.964
1664393160,+3.49,+20.093, +6.725,+0.965
1664393220,+3.49,+20.076, +6.768,+0.964
1664393280,+3.49,+20.085, +6.842,+0.965
1664393340,+3.49,+20.085, +6.457,+0.965
1664393400,+3.49,+20.102, +5.691,+0.964
1664393460,+3.49,+20.076, +5.289,+0.964
1664393520,+3.49,+20.093, +5.803,+0.964
1664393580,+3.49,+20.085, +6.424,+0.964
1664393640,+3.49,+20.093, +6.862,+0.965
1664393700,+3.49,+20.076, +7.023,+0.965
1664393760,+3.49,+20.076, +7.099,+0.965
1664393820,+3.49,+20.085, +7.084,+0.964
1664393880,+3.49,+20.093, +7.110,+0.965
1664393940,+3.49,+20.085, +7.177,+0.965
1664394000,+3.49,+20.093, +7.200,+0.965
1664394060,+3.49,+20.110, +7.227,+0.965
1664394120,+3.49,+20.085, +7.213,+0.965
1664394180,+3.49,+20.102, +7.117,+0.964
1664394240,+3.49,+20.102, +6.962,+0.964
1664394300,+3.49,+20.118, +6.699,+0.964
1664394360,+3.49,+20.110, +6.523,+0.965
1664394420,+3.49,+20.127, +6.477,+0.964
1664394480,+3.49,+20.135, +6.379,+0.964
1664394540,+3.49,+20.110, +6.384,+0.964
1664394600,+3.49,+20.127, +6.484,+0.965
1664394660,+3.49,+20.127, +6.411,+0.964
1664394720,+3.49,+20.118, +6.318,+0.964
1664394780,+3.49,+20.135, +6.192,+0.964
1664394840,+3.49,+20.135, +5.941,+0.964
1664394900,+3.49,+20.135, +5.880,+0.964
1664394960,+3.49,+20.143, +5.761,+0.964
1664395020,+3.49,+20.152, +5.969,+0.964
1664395080,+3.49,+20.152, +6.121,+0.965
1664395140,+3.49,+20.127, +6.375,+0.964
1664395200,+3.49,+20.143, +6.580,+0.964
1664395260,+3.49,+20.143, +6.797,+0.965
1664395320,+3.49,+20.143, +7.081,+0.964
1664395380,+3.49,+20.160, +7.253,+0.965
1664395440,+3.49,+20.152, +7.285,+0.965
1664395500,+3.49,+20.127, +7.141,+0.964
1664395560,+3.49,+20.135, +7.028,+0.965
1664395620,+3.49,+20.135, +6.892,+0.965
1664395680,+3.49,+20.135, +6.702,+0.964
1664395740,+3.49,+20.135, +6.346,+0.964
1664395800,+3.49,+20.160, +6.072,+0.964
1664395860,+3.49,+20.135, +5.877,+0.964
1664395920,+3.49,+20.135, +5.844,+0.964
1664395980,+3.49,+20.152, +5.487,+0.964
1664396040,+3.49,+20.127, +5.539,+0.965
1664396100,+3.49,+20.110, +5.538,+0.964
1664396160,+3.49,+20.127, +5.511,+0.964
1664396220,+3.49,+20.127, +5.447,+0.964
1664396280,+3.49,+20.127, +5.367,+0.965
1664396340,+3.49,+20.135, +5.036,+0.964
1664396400,+3.49,+20.127, +4.856,+0.964
1664396460,+3.49,+20.118, +4.991,+0.964
1664396520,+3.49,+20.118, +5.189,+0.964
1664396580,+3.49,+20.118, +5.321,+0.964
1664396640,+3.49,+20.102, +5.300,+0.964
1664396700,+3.49,+20.102, +5.954,+0.964
1664396760,+3.49,+20.093, +6.807,+0.964
1664396820,+3.49,+20.085, +7.098,+0.965
1664396880,+3.49,+20.068, +7.165,+0.964
1664396940,+3.49,+20.068, +7.220,+0.964
1664397000,+3.49,+20.068, +7.081,+0.965
1664397060,+3.49,+20.068, +6.938,+0.964
1664397120,+3.49,+20.076, +7.211,+0.964
1664397180,+3.49,+20.076, +7.146,+0.964
1664397240,+3.49,+20.060, +7.066,+0.964
1664397300,+3.49,+20.060, +6.885,+0.965
1664397360,+3.49,+20.060, +6.819,+0.965
1664397420,+3.49,+20.068, +6.717,+0.965
1664397480,+3.49,+20.043, +6.520,+0.964
1664397540,+3.49,+20.051, +7.170,+0.964
1664397600,+3.49,+20.026, +7.244,+0.965
1664397660,+3.49,+20.034, +7.233,+0.964
1664397720,+3.49,+20.051, +7.145,+0.964
1664397780,+3.49,+20.018, +6.942,+0.965
1664397840,+3.49,+20.034, +6.930,+0.965
1664397900,+3.48,+20.034, +7.020,+0.965
1664397960,+3.49,+20.051, +7.040,+0.964
1664398020,+3.49,+20.043, +6.787,+0.965
1664398080,+3.49,+20.060, +7.048,+0.964
1664398140,+3.49,+20.051, +7.137,+0.965
1664398200,+3.49,+20.060, +7.186,+0.964
1664398260,+3.49,+20.068, +7.216,+0.965
1664398320,+3.49,+20.060, +7.233,+0.964
1664398380,+3.49,+20.068, +7.201,+0.964
1664398440,+3.49,+20.060, +7.098,+0.965
1664398500,+3.49,+20.051, +6.867,+0.964
1664398560,+3.48,+20.043, +6.467,+0.964
1664398620,+3.49,+20.060, +6.246,+0.964
1664398680,+3.49,+20.060, +6.071,+0.964
1664398740,+3.49,+20.043, +5.833,+0.964
1664398800,+3.49,+20.043, +5.659,+0.964
1664398860,+3.49,+20.068, +5.684,+0.964
1664398920,+3.49,+20.051, +5.851,+0.964
1664398980,+3.49,+20.060, +6.260,+0.965
1664399040,+3.49,+20.043, +6.775,+0.965
1664399100,+3.49,+20.051, +6.949,+0.964
1664399160,+3.49,+20.060, +7.032,+0.964
1664399220,+3.49,+20.060, +7.102,+0.964
1664399280,+3.49,+20.043, +7.019,+0.964
1664399340,+3.49,+20.051, +6.898,+0.965
1664399400,+3.49,+20.060, +7.131,+0.965
1664399460,+3.49,+20.076, +7.185,+0.965
1664399520,+3.49,+20.060, +7.260,+0.965
1664399580,+3.49,+20.051, +7.459,+0.964
1664399640,+3.49,+20.051, +7.707,+0.964
1664399700,+3.49,+20.068, +7.732,+0.964
1664399760,+3.49,+20.051, +7.707,+0.964
1664399820,+3.49,+20.051, +7.602,+0.964
1664399880,+3.49,+20.060, +7.471,+0.964
1664399940,+3.49,+20.051, +7.643,+0.964
1664400000,+3.49,+20.034, +7.726,+0.964
1664400060,+3.49,+20.043, +7.737,+0.964
1664400120,+3.49,+20.051, +7.690,+0.964
1664400180,+3.49,+20.051, +7.602,+0.964
1664400240,+3.49,+20.068, +7.528,+0.964
1664400300,+3.49,+20.076, +7.522,+0.964
1664400360,+3.49,+20.060, +7.528,+0.964
1664400420,+3.49,+20.051, +7.610,+0.964
1664400480,+3.49,+20.068, +7.629,+0.964
1664400540,+3.48,+20.051, +7.646,+0.964
1664400600,+3.49,+20.060, +7.657,+0.965
1664400660,+3.49,+20.060, +7.608,+0.964
1664400720,+3.49,+20.068, +7.551,+0.964
1664400780,+3.49,+20.060, +7.490,+0.964
1664400840,+3.49,+20.068, +7.389,+0.964
1664400900,+3.49,+20.076, +7.404,+0.965
1664400960,+3.49,+20.051, +7.400,+0.964
1664401020,+3.49,+20.085, +7.371,+0.964
1664401080,+3.49,+20.076, +7.335,+0.965
1664401140,+3.49,+20.060, +7.211,+0.965
1664401200,+3.49,+20.060, +7.134,+0.965
1664401260,+3.49,+20.068, +7.162,+0.965
1664401320,+3.49,+20.060, +7.072,+0.965
1664401380,+3.49,+20.076, +7.048,+0.965
1664401440,+3.49,+20.093, +7.082,+0.965
1664401500,+3.49,+20.068, +7.113,+0.964
1664401560,+3.49,+20.068, +7.179,+0.964
1664401620,+3.49,+20.076, +7.031,+0.965
1664401680,+3.49,+20.076, +7.009,+0.964
1664401740,+3.49,+20.076, +6.968,+0.964
1664401800,+3.49,+20.068, +6.995,+0.964
1664401860,+3.49,+20.085, +7.083,+0.965
1664401920,+3.49,+20.068, +7.166,+0.965
1664401980,+3.49,+20.085, +7.218,+0.964
1664402040,+3.49,+20.085, +7.211,+0.964
1664402100,+3.49,+20.085, +7.254,+0.964
1664402160,+3.49,+20.076, +7.604,+0.964
1664402220,+3.49,+20.085, +7.703,+0.965
1664402280,+3.49,+20.110, +7.754,+0.964
1664402340,+3.49,+20.093, +7.825,+0.965
1664402400,+3.49,+20.085, +7.804,+0.964
1664402460,+3.49,+20.068, +7.841,+0.964
1664402520,+3.49,+20.093, +7.730,+0.964
1664402580,+3.49,+20.085, +7.769,+0.964
1664402640,+3.49,+20.102, +7.834,+0.964
1664402700,+3.49,+20.102, +7.787,+0.964
1664402760,+3.49,+20.085, +7.833,+0.964
1664402820,+3.49,+20.118, +7.867,+0.964
1664402880,+3.49,+20.102, +7.817,+0.964
1664402940,+3.49,+20.110, +8.042,+0.964
1664403000,+3.49,+20.110, +8.052,+0.964
1664403060,+3.49,+20.118, +8.159,+0.965
1664403120,+3.49,+20.110, +8.274,+0.964
1664403180,+3.49,+20.102, +8.357,+0.964
1664403240,+3.49,+20.118, +8.453,+0.964
1664403300,+3.49,+20.118, +8.627,+0.965
1664403360,+3.49,+20.135, +8.727,+0.965
1664403420,+3.49,+20.143, +8.905,+0.964
1664403480,+3.49,+20.143, +8.938,+0.965
1664403540,+3.49,+20.143, +8.991,+0.965
1664403600,+3.49,+20.160, +9.019,+0.965
1664403660,+3.49,+20.194, +9.020,+0.964
1664403720,+3.49,+20.194, +9.038,+0.965
1664403780,+3.49,+20.194, +8.984,+0.965
1664403840,+3.49,+20.210, +8.959,+0.965
1664403900,+3.49,+20.210, +9.049,+0.965
1664403960,+3.49,+20.210, +9.150,+0.965
1664404020,+3.49,+20.219, +9.217,+0.965
1664404080,+3.49,+20.236, +9.144,+0.965
1664404140,+3.49,+20.227, +8.869,+0.965
1664404200,+3.49,+20.252, +8.738,+0.965
1664404260,+3.49,+20.252, +8.733,+0.964
1664404320,+3.49,+20.261, +8.718,+0.964
1664404380,+3.49,+20.244, +8.836,+0.965
1664404440,+3.49,+20.261, +8.886,+0.965
1664404500,+3.49,+20.269, +8.774,+0.964
1664404560,+3.49,+20.277, +8.834,+0.965
1664404620,+3.49,+20.261, +8.891,+0.965
1664404680,+3.49,+20.286, +9.014,+0.965
1664404740,+3.49,+20.286, +8.959,+0.965
1664404800,+3.49,+20.311, +9.049,+0.965
1664404860,+3.49,+20.303, +9.117,+0.965
1664404920,+3.49,+20.286, +9.119,+0.965
1664404980,+3.49,+20.303, +9.155,+0.965
1664405040,+3.49,+20.311, +9.343,+0.965
1664405100,+3.49,+20.319, +9.233,+0.965
1664405160,+3.49,+20.311, +9.291,+0.964
1664405220,+3.49,+20.328, +9.324,+0.965
1664405280,+3.49,+20.311, +9.288,+0.964
1664405340,+3.49,+20.319, +9.412,+0.965
1664405400,+3.49,+20.328, +9.463,+0.965
1664405460,+3.49,+20.328, +9.632,+0.965
1664405520,+3.49,+20.336, +9.616,+0.965
1664405580,+3.49,+20.336, +9.551,+0.965
1664405640,+3.49,+20.336, +9.540,+0.965
1664405700,+3.49,+20.344, +9.529,+0.966
1664405760,+3.49,+20.336, +9.596,+0.965
1664405820,+3.49,+20.353, +9.605,+0.965
1664405880,+3.49,+20.353, +9.433,+0.965
1664405940,+3.49,+20.344, +9.400,+0.965
1664406000,+3.49,+20.353, +9.504,+0.965
1664406060,+3.49,+20.344, +9.533,+0.965
1664406120,+3.49,+20.344, +9.594,+0.965
1664406180,+3.49,+20.353, +9.596,+0.965
1664406240,+3.49,+20.353, +9.580,+0.964
1664406300,+3.49,+20.361, +9.524,+0.965
1664406360,+3.49,+20.353, +9.265,+0.965
1664406420,+3.49,+20.344, +9.224,+0.965
1664406480,+3.49,+20.370, +9.522,+0.965
1664406540,+3.49,+20.353, +9.599,+0.965
1664406600,+3.49,+20.361, +9.686,+0.965
1664406660,+3.49,+20.395, +9.905,+0.965
1664406720,+3.49,+20.370, +9.971,+0.965
1664406780,+3.49,+20.378, +9.974,+0.965
1664406840,+3.49,+20.378, +9.833,+0.965
1664406900,+3.49,+20.386, +9.837,+0.965
1664406960,+3.49,+20.370, +9.811,+0.965
1664407020,+3.49,+20.386, +9.934,+0.965
1664407080,+3.49,+20.395, +9.930,+0.965
1664407140,+3.49,+20.386, +9.920,+0.965
1664407200,+3.49,+20.378, +9.901,+0.965
1664407260,+3.49,+20.378, +9.850,+0.965
1664407320,+3.49,+20.378, +9.784,+0.965
1664407380,+3.49,+20.370, +9.739,+0.965
1664407440,+3.49,+20.361, +9.725,+0.965
1664407500,+3.49,+20.395, +9.657,+0.965
1664407560,+3.49,+20.353, +9.625,+0.965
1664407620,+3.49,+20.353, +9.636,+0.965
1664407680,+3.49,+20.370, +9.613,+0.965
1664407740,+3.49,+20.361, +9.560,+0.964
1664407800,+3.49,+20.353, +9.530,+0.965
1664407860,+3.49,+20.361, +9.509,+0.965
1664407920,+3.49,+20.361, +9.493,+0.965
1664407980,+3.49,+20.344, +9.485,+0.965
1664408040,+3.49,+20.353, +9.469,+0.965
1664408100,+3.49,+20.344, +9.427,+0.965
1664408160,+3.49,+20.336, +9.366,+0.965
1664408220,+3.49,+20.344, +9.255,+0.964
1664408280,+3.49,+20.344, +8.827,+0.964
1664408340,+3.49,+20.328, +8.844,+0.965
1664408400,+3.49,+20.353, +8.773,+0.964
1664408460,+3.49,+20.344, +8.734,+0.964
1664408520,+3.49,+20.361, +8.672,+0.964
1664408580,+3.49,+20.353, +8.645,+0.964
1664408640,+3.49,+20.344, +8.600,+0.964
1664408700,+3.49,+20.344, +8.588,+0.965
1664408760,+3.49,+20.336, +9.082,+0.965
1664408820,+3.49,+20.353, +9.207,+0.965
1664408880,+3.49,+20.353, +9.259,+0.965
1664408940,+3.49,+20.344, +9.244,+0.965
1664409000,+3.49,+20.353, +9.058,+0.964
1664409060,+3.49,+20.353, +9.004,+0.964
1664409120,+3.49,+20.336, +8.894,+0.964
1664409180,+3.49,+20.328, +8.834,+0.964
1664409240,+3.49,+20.319, +8.751,+0.964
1664409300,+3.49,+20.311, +8.857,+0.965
1664409360,+3.49,+20.328, +8.819,+0.965
1664409420,+3.49,+20.328, +8.916,+0.965
1664409480,+3.49,+20.328, +8.986,+0.965
1664409540,+3.49,+20.311, +9.014,+0.965
1664409600,+3.49,+20.311, +8.957,+0.964
1664409660,+3.49,+20.319, +9.007,+0.965
1664409720,+3.49,+20.294, +9.099,+0.965
1664409780,+3.49,+20.294, +9.131,+0.965
1664409840,+3.49,+20.311, +9.084,+0.964
1664409900,+3.49,+20.294, +8.982,+0.964
1664409960,+3.49,+20.303, +8.883,+0.965
1664410020,+3.49,+20.286, +8.815,+0.965
1664410080,+3.49,+20.286, +8.718,+0.964
1664410140,+3.49,+20.286, +8.672,+0.965
1664410200,+3.49,+20.269, +8.664,+0.964
1664410260,+3.49,+20.277, +8.657,+0.964
1664410320,+3.49,+20.261, +8.636,+0.964
1664410380,+3.49,+20.261, +8.547,+0.964
1664410440,+3.49,+20.261, +8.466,+0.964
1664410500,+3.49,+20.236, +8.324,+0.964
1664410560,+3.49,+20.252, +8.278,+0.964
1664410620,+3.49,+20.244, +8.172,+0.964
1664410680,+3.49,+20.244, +7.916,+0.964
1664410740,+3.49,+20.227, +7.943,+0.964
1664410800,+3.49,+20.227, +7.988,+0.964
1664410860,+3.49,+20.219, +8.084,+0.964
1664410920,+3.49,+20.219, +8.094,+0.964
1664410980,+3.49,+20.185, +8.113,+0.964
1664411040,+3.49,+20.202, +8.182,+0.964
1664411100,+3.49,+20.194, +8.186,+0.964
1664411160,+3.49,+20.202, +8.105,+0.963
1664411220,+3.49,+20.202, +8.052,+0.963
1664411280,+3.49,+20.194, +7.807,+0.961
1664411340,+3.49,+20.219, +7.411,+0.960
1664411400,+3.49,+20.185, +7.340,+0.960
1664411460,+3.49,+20.194, +7.447,+0.961
1664411520,+3.49,+20.160, +7.685,+0.962
1664411580,+3.49,+20.143, +7.780,+0.962
1664411640,+3.49,+20.152, +7.847,+0.963
1664411700,+3.49,+20.135, +7.838,+0.962
1664411760,+3.49,+20.118, +7.769,+0.961
1664411820,+3.49,+20.110, +7.680,+0.961
1664411880,+3.49,+20.127, +7.638,+0.961
1664411940,+3.49,+20.110, +7.564,+0.960
1664412000,+3.49,+20.135, +7.563,+0.960
1664412060,+3.49,+20.127, +7.608,+0.961
1664412120,+3.49,+20.127, +7.680,+0.961
1664412180,+3.49,+20.118, +7.707,+0.961
1664412240,+3.49,+20.102, +7.788,+0.962
1664412300,+3.49,+20.085, +7.840,+0.962
1664412360,+3.49,+20.110, +7.735,+0.961
1664412420,+3.49,+20.093, +7.684,+0.961
1664412480,+3.49,+20.085, +7.674,+0.960
1664412540,+3.49,+20.076, +7.476,+0.957
1664412600,+3.49,+20.085, +7.398,+0.958
1664412660,+3.49,+20.076, +7.338,+0.960
1664412720,+3.49,+20.102, +7.509,+0.962
1664412780,+3.49,+20.068, +7.686,+0.963
1664412840,+3.49,+20.068, +7.799,+0.964
1664412900,+3.49,+20.051, +7.857,+0.963
1664412960,+3.49,+20.060, +7.943,+0.963
1664413020,+3.49,+20.051, +8.140,+0.964
1664413080,+3.49,+20.043, +8.188,+0.964
1664413140,+3.49,+20.034, +8.336,+0.964
1664413200,+3.49,+20.018, +8.545,+0.964
1664413260,+3.48,+20.026, +8.642,+0.964
1664413320,+3.49,+20.043, +8.653,+0.964
1664413380,+3.49,+20.034, +8.605,+0.964
1664413440,+3.48,+20.009, +8.455,+0.964
1664413500,+3.49,+20.018, +8.180,+0.963
1664413560,+3.48,+20.018, +7.957,+0.964
1664413620,+3.49,+20.026, +7.824,+0.964
1664413680,+3.48,+20.001, +7.846,+0.964
1664413740,+3.48,+19.993, +8.526,+0.964
1664413800,+3.48,+19.993, +8.679,+0.965
1664413860,+3.48,+19.984, +8.635,+0.964
1664413920,+3.48,+19.984, +8.442,+0.965
1664413980,+3.48,+19.993, +8.164,+0.964
1664414040,+3.48,+19.993, +7.993,+0.964
1664414100,+3.48,+19.984, +7.855,+0.964
1664414160,+3.48,+19.976, +7.897,+0.964
1664414220,+3.48,+19.984, +8.036,+0.964
1664414280,+3.48,+19.984, +7.960,+0.964
1664414340,+3.48,+19.967, +7.906,+0.964
1664414400,+3.48,+19.993, +7.886,+0.964
1664414460,+3.48,+19.993, +7.914,+0.964
1664414520,+3.48,+19.976, +7.932,+0.964
1664414580,+3.48,+19.984, +7.815,+0.964
1664414640,+3.48,+19.967, +7.752,+0.964
1664414700,+3.48,+19.976, +7.624,+0.964
1664414760,+3.48,+19.967, +7.611,+0.964
1664414820,+3.48,+19.942, +7.477,+0.964
1664414880,+3.48,+19.967, +7.344,+0.964
1664414940,+3.48,+19.951, +7.347,+0.964
1664415000,+3.48,+19.942, +7.423,+0.964
1664415060,+3.48,+19.951, +7.502,+0.964
1664415120,+3.48,+19.926, +7.501,+0.964
1664415180,+3.48,+19.942, +7.391,+0.964
1664415240,+3.48,+19.934, +7.354,+0.964
1664415300,+3.48,+19.934, +7.504,+0.964
1664415360,+3.48,+19.926, +7.620,+0.964
1664415420,+3.48,+19.942, +7.590,+0.964
1664415480,+3.49,+19.959, +7.413,+0.964
1664415540,+3.48,+19.951, +7.343,+0.964
1664415600,+3.48,+19.934, +7.500,+0.964
1664415660,+3.48,+19.934, +7.511,+0.964
1664415720,+3.48,+19.934, +7.660,+0.965
1664415780,+3.48,+19.917, +7.861,+0.964
1664415840,+3.48,+19.934, +7.944,+0.964
1664415900,+3.48,+19.926, +7.751,+0.964
1664415960,+3.48,+19.926, +7.702,+0.963
1664416020,+3.48,+19.917, +7.699,+0.964
1664416080,+3.48,+19.917, +7.702,+0.964
1664416140,+3.48,+19.909, +7.613,+0.963
1664416200,+3.48,+19.934, +7.422,+0.963
1664416260,+3.48,+19.942, +7.278,+0.962
1664416320,+3.48,+19.934, +7.198,+0.963
1664416380,+3.48,+19.934, +7.051,+0.962
1664416440,+3.48,+19.917, +6.889,+0.963
1664416500,+3.48,+19.917, +6.879,+0.963
1664416560,+3.48,+19.900, +6.885,+0.964
1664416620,+3.48,+19.926, +6.873,+0.964
1664416680,+3.49,+19.934, +6.850,+0.963
1664416740,+3.48,+19.926, +6.822,+0.963
1664416800,+3.48,+19.934, +6.698,+0.963
1664416860,+3.48,+19.926, +6.566,+0.962
1664416920,+3.48,+19.926, +6.401,+0.962
1664416980,+3.48,+19.934, +6.270,+0.962
1664417040,+3.48,+19.926, +6.205,+0.960
1664417100,+3.48,+19.926, +6.019,+0.960
1664417160,+3.48,+19.926, +5.924,+0.960
1664417220,+3.48,+19.942, +6.022,+0.961
1664417280,+3.48,+19.959, +6.253,+0.961
1664417340,+3.49,+19.951, +6.453,+0.961
1664417400,+3.48,+19.951, +6.625,+0.963
1664417460,+3.48,+19.942, +6.773,+0.963
1664417520,+3.48,+19.942, +6.881,+0.963
1664417580,+3.48,+19.942, +7.035,+0.963
1664417640,+3.48,+19.942, +7.108,+0.964
1664417700,+3.48,+19.942, +7.193,+0.964
1664417760,+3.48,+19.942, +7.254,+0.964
1664417820,+3.48,+19.917, +7.242,+0.964
1664417880,+3.48,+19.917, +7.231,+0.963
1664417940,+3.48,+19.926, +7.228,+0.964
1664418000,+3.48,+19.926, +7.206,+0.964
1664418060,+3.48,+19.926, +7.311,+0.964
1664418120,+3.48,+19.900, +7.313,+0.964
1664418180,+3.48,+19.900, +7.287,+0.964
1664418240,+3.48,+19.900, +7.306,+0.964
1664418300,+3.48,+19.926, +7.278,+0.964
1664418360,+3.48,+19.884, +7.254,+0.964
1664418420,+3.48,+19.892, +7.158,+0.964
1664418480,+3.49,+19.892, +7.130,+0.964
1664418540,+3.48,+19.875, +7.146,+0.964
1664418600,+3.48,+19.884, +7.123,+0.964
1664418660,+3.48,+19.858, +7.132,+0.964
1664418720,+3.49,+19.875, +7.087,+0.964
1664418780,+3.48,+19.842, +7.239,+0.964
1664418840,+3.48,+19.842, +7.480,+0.964
1664418900,+3.48,+19.825, +7.731,+0.964
1664418960,+3.49,+19.825, +7.702,+0.964
1664419020,+3.49,+19.825, +7.615,+0.964
1664419080,+3.49,+19.808, +7.530,+0.963
1664419140,+3.49,+19.791, +7.547,+0.964
1664419200,+3.49,+19.817, +7.499,+0.964
1664419260,+3.49,+19.791, +8.081,+0.964
1664419320,+3.49,+19.817, +7.967,+0.964
1664419380,+3.49,+19.791, +7.817,+0.964
1664419440,+3.49,+19.808, +7.397,+0.964
1664419500,+3.49,+19.783, +7.298,+0.964
1664419560,+3.49,+19.800, +7.405,+0.964
1664419620,+3.49,+19.783, +7.539,+0.964
1664419680,+3.49,+19.775, +7.735,+0.964
1664419740,+3.49,+19.758, +7.672,+0.964
1664419800,+3.49,+19.783, +7.527,+0.964
1664419860,+3.49,+19.758, +7.285,+0.964
1664419920,+3.49,+19.766, +7.103,+0.964
1664419980,+3.49,+19.766, +6.936,+0.964
1664420040,+3.49,+19.758, +6.968,+0.964
1664420100,+3.49,+19.758, +7.074,+0.964
1664420160,+3.49,+19.758, +7.176,+0.964
1664420220,+3.49,+19.775, +7.090,+0.964
1664420280,+3.49,+19.766, +6.963,+0.964
1664420340,+3.49,+19.750, +6.972,+0.964
1664420400,+3.49,+19.766, +6.961,+0.964
1664420460,+3.49,+19.758, +7.153,+0.964
1664420520,+3.49,+19.741, +7.169,+0.964
1664420580,+3.49,+19.758, +7.200,+0.965
1664420640,+3.49,+19.741, +7.220,+0.964
1664420700,+3.49,+19.750, +7.220,+0.964
1664420760,+3.49,+19.750, +7.224,+0.964
1664420820,+3.49,+19.733, +7.219,+0.964
1664420880,+3.49,+19.733, +7.203,+0.964
1664420940,+3.49,+19.750, +7.167,+0.964
1664421000,+3.49,+19.750, +7.109,+0.964
1664421060,+3.49,+19.741, +7.053,+0.964
1664421120,+3.49,+19.750, +6.999,+0.964
1664421180,+3.49,+19.741, +6.959,+0.964
1664421240,+3.49,+19.750, +6.894,+0.964
1664421300,+3.49,+19.758, +6.798,+0.963
1664421360,+3.49,+19.766, +6.689,+0.962
1664421420,+3.49,+19.758, +6.606,+0.962
1664421480,+3.49,+19.750, +6.528,+0.962
1664421540,+3.49,+19.750, +6.455,+0.962
1664421600,+3.49,+19.766, +6.365,+0.962
1664421660,+3.49,+19.775, +6.279,+0.962
1664421720,+3.49,+19.783, +6.176,+0.961
1664421780,+3.49,+19.791, +6.035,+0.961
1664421840,+3.48,+19.817, +5.916,+0.961
1664421900,+3.49,+19.808, +5.816,+0.961
1664421960,+3.48,+19.817, +5.698,+0.960
1664422020,+3.48,+19.858, +5.575,+0.960
1664422080,+3.48,+19.833, +5.500,+0.961
1664422140,+3.48,+19.850, +5.441,+0.961
1664422200,+3.48,+19.833, +5.394,+0.961
1664422260,+3.48,+19.842, +5.338,+0.962
1664422320,+3.49,+19.850, +5.261,+0.962
1664422380,+3.48,+19.842, +5.194,+0.962
1664422440,+3.48,+19.850, +5.141,+0.962
1664422500,+3.48,+19.875, +5.070,+0.962
1664422560,+3.48,+19.858, +4.985,+0.961
1664422620,+3.48,+19.858, +4.841,+0.960
1664422680,+3.49,+19.858, +4.756,+0.960
1664422740,+3.48,+19.867, +4.708,+0.961
1664422800,+3.48,+19.858, +4.680,+0.962
1664422860,+3.48,+19.875, +4.654,+0.963
1664422920,+3.48,+19.875, +4.668,+0.963
1664422980,+3.48,+19.867, +4.703,+0.964
1664423040,+3.48,+19.875, +4.709,+0.964
1664423100,+3.49,+19.884, +4.659,+0.964
1664423160,+3.48,+19.875, +4.594,+0.964
1664423220,+3.48,+19.875, +4.519,+0.964
1664423280,+3.48,+19.875, +4.464,+0.963
1664423340,+3.48,+19.900, +4.433,+0.964
1664423400,+3.48,+19.884, +4.426,+0.965
1664423460,+3.48,+19.875, +4.430,+0.964
1664423520,+3.48,+19.892, +4.506,+0.964
1664423580,+3.48,+19.892, +4.630,+0.963
1664423640,+3.48,+19.875, +4.714,+0.961
1664423700,+3.48,+19.884, +4.793,+0.960
1664423760,+3.48,+19.875, +4.852,+0.959
1664423820,+3.48,+19.875, +4.895,+0.958
1664423880,+3.48,+19.875, +4.907,+0.957
1664423940,+3.48,+19.892, +4.912,+0.958
1664424000,+3.48,+19.884, +4.901,+0.957
1664424060,+3.48,+19.884, +4.895,+0.957
1664424120,+3.48,+19.875, +4.889,+0.957
1664424180,+3.48,+19.892, +4.876,+0.957
1664424240,+3.48,+19.909, +4.855,+0.957
1664424300,+3.48,+19.892, +4.843,+0.957
1664424360,+3.48,+19.884, +4.816,+0.957
1664424420,+3.48,+19.900, +4.782,+0.957
1664424480,+3.48,+19.892, +4.747,+0.957
1664424540,+3.48,+19.884, +4.679,+0.957
1664424600,+3.48,+19.900, +4.604,+0.958
1664424660,+3.48,+19.909, +4.528,+0.958
1664424720,+3.48,+19.875, +4.461,+0.958
1664424780,+3.48,+19.875, +4.405,+0.959
1664424840,+3.48,+19.884, +4.383,+0.959
1664424900,+3.48,+19.892, +4.404,+0.959
1664424960,+3.48,+19.892, +4.407,+0.959
1664425020,+3.48,+19.892, +4.382,+0.959
1664425080,+3.48,+19.884, +4.396,+0.960
1664425140,+3.48,+19.884, +4.771,+0.956
1664425200,+3.48,+19.892, +4.856,+0.953
1664425260,+3.48,+19.884, +4.869,+0.952
1664425320,+3.48,+19.867, +4.850,+0.951
1664425380,+3.48,+19.892, +4.787,+0.951
1664425440,+3.48,+19.884, +4.708,+0.952
1664425500,+3.48,+19.884, +4.553,+0.952
1664425560,+3.48,+19.892, +4.399,+0.953
1664425620,+3.48,+19.892, +4.352,+0.953
1664425680,+3.48,+19.900, +4.325,+0.952
1664425740,+3.48,+19.909, +4.297,+0.951
1664425800,+3.48,+19.909, +4.223,+0.951
1664425860,+3.48,+19.926, +4.246,+0.951
1664425920,+3.48,+19.917, +4.301,+0.951
1664425980,+3.48,+19.917, +4.388,+0.951
1664426040,+3.48,+19.909, +4.493,+0.950
1664426100,+3.48,+19.900, +4.597,+0.948
1664426160,+3.48,+19.909, +4.667,+0.947
1664426220,+3.48,+19.909, +4.753,+0.946
1664426280,+3.48,+19.909, +4.833,+0.946
1664426340,+3.48,+19.909, +4.914,+0.945
1664426400,+3.48,+19.909, +4.992,+0.945
1664426460,+3.48,+19.917, +5.031,+0.945
1664426520,+3.48,+19.917, +5.061,+0.945
1664426580,+3.48,+19.917, +5.058,+0.945
1664426640,+3.48,+19.900, +5.058,+0.946
1664426700,+3.48,+19.917, +5.039,+0.945
1664426760,+3.48,+19.900, +5.004,+0.946
1664426820,+3.48,+19.892, +4.951,+0.947
1664426880,+3.48,+19.909, +4.962,+0.948
1664426940,+3.48,+19.900, +4.986,+0.947
1664427000,+3.48,+19.917, +5.021,+0.947
1664427060,+3.48,+19.900, +5.092,+0.947
1664427120,+3.48,+19.900, +5.128,+0.946
1664427180,+3.48,+19.900, +5.146,+0.945
1664427240,+3.48,+19.900, +5.159,+0.945
1664427300,+3.48,+19.900, +5.154,+0.944
1664427360,+3.48,+19.900, +5.165,+0.945
1664427420,+3.48,+19.884, +5.170,+0.945
1664427480,+3.48,+19.892, +5.176,+0.945
1664427540,+3.48,+19.900, +5.193,+0.945
1664427600,+3.48,+19.858, +5.422,+0.944
1664427660,+3.48,+19.867, +5.440,+0.943
1664427720,+3.48,+19.858, +5.424,+0.943
1664427780,+3.48,+19.850, +5.395,+0.943
1664427840,+3.48,+19.825, +5.315,+0.943
1664427900,+3.49,+19.825, +5.194,+0.945
1664427960,+3.48,+19.791, +5.057,+0.947
1664428020,+3.49,+19.766, +4.878,+0.947
1664428080,+3.49,+19.758, +4.803,+0.947
1664428140,+3.49,+19.741, +4.745,+0.947
1664428200,+3.49,+19.716, +4.703,+0.948
1664428260,+3.49,+19.708, +4.688,+0.947
1664428320,+3.49,+19.691, +4.708,+0.946
1664428380,+3.49,+19.699, +4.761,+0.944
1664428440,+3.49,+19.691, +4.791,+0.942
1664428500,+3.49,+19.708, +4.791,+0.942
1664428560,+3.49,+19.699, +4.795,+0.942
1664428620,+3.49,+19.691, +4.807,+0.942
1664428680,+3.49,+19.682, +4.781,+0.942
1664428740,+3.49,+19.691, +4.737,+0.943
1664428800,+3.49,+19.666, +4.732,+0.943
1664428860,+3.49,+19.666, +4.710,+0.943
1664428920,+3.49,+19.674, +4.641,+0.944
1664428980,+3.49,+19.674, +4.537,+0.946
1664429040,+3.49,+19.666, +4.400,+0.947
1664429100,+3.49,+19.691, +4.270,+0.949
1664429160,+3.49,+19.674, +4.179,+0.949
1664429220,+3.49,+19.682, +4.070,+0.949
1664429280,+3.49,+19.691, +4.011,+0.948
1664429340,+3.49,+19.682, +3.998,+0.947
1664429400,+3.49,+19.716, +3.980,+0.946
1664429460,+3.49,+19.699, +4.001,+0.946
1664429520,+3.49,+19.716, +4.034,+0.945
1664429580,+3.49,+19.724, +4.058,+0.945
1664429640,+3.49,+19.682, +4.109,+0.945
1664429700,+3.49,+19.716, +4.147,+0.944
1664429760,+3.49,+19.682, +4.196,+0.944
1664429820,+3.49,+19.691, +4.245,+0.943
1664429880,+3.49,+19.708, +4.284,+0.942
1664429940,+3.49,+19.699, +4.311,+0.942
1664430000,+3.49,+19.699, +4.331,+0.942
1664430060,+3.49,+19.716, +4.365,+0.942
1664430120,+3.49,+19.708, +4.395,+0.942
1664430180,+3.49,+19.699, +4.367,+0.942
1664430240,+3.49,+19.699, +4.211,+0.943
1664430300,+3.49,+19.716, +4.038,+0.944
1664430360,+3.49,+19.708, +3.928,+0.945
1664430420,+3.49,+19.716, +3.864,+0.944
1664430480,+3.49,+19.716, +3.808,+0.943
1664430540,+3.49,+19.716, +3.718,+0.943
1664430600,+3.49,+19.733, +3.657,+0.942
1664430660,+3.49,+19.716, +3.668,+0.942
1664430720,+3.49,+19.733, +3.659,+0.942
1664430780,+3.49,+19.733, +3.694,+0.942
1664430840,+3.49,+19.724, +3.746,+0.943
1664430900,+3.49,+19.733, +3.797,+0.943
1664430960,+3.49,+19.750, +3.843,+0.944
1664431020,+3.49,+19.758, +3.874,+0.945
1664431080,+3.48,+19.758, +3.913,+0.947
1664431140,+3.49,+19.783, +3.941,+0.947
1664431200,+3.49,+19.783, +3.972,+0.948
1664431260,+3.49,+19.783, +4.728,+0.964
1664431320,+3.49,+19.766, +5.219,+0.965
1664431380,+3.49,+19.766, +5.498,+0.965
1664431440,+3.49,+19.783, +5.796,+0.965
1664431500,+3.48,+19.791, +6.105,+0.965
1664431560,+3.48,+19.800, +6.086,+0.965
1664431620,+3.48,+19.808, +6.161,+0.965
1664431680,+3.48,+19.791, +6.374,+0.965
1664431740,+3.49,+19.817, +6.288,+0.964
1664431800,+3.49,+19.817, +6.449,+0.964
1664431860,+3.48,+19.833, +5.574,+0.964
1664431920,+3.48,+19.825, +5.454,+0.963
1664431980,+3.48,+19.842, +5.011,+0.963
1664432040,+3.48,+19.833, +4.204,+0.964
1664432100,+3.48,+19.833, +3.453,+0.964
1664432160,+3.48,+19.850, +2.982,+0.964
1664432220,+3.48,+19.850, +3.513,+0.962
1664432280,+3.48,+19.842, +3.647,+0.961
1664432340,+3.48,+19.842, +3.322,+0.959
1664432400,+3.48,+19.875, +2.649,+0.961
1664432460,+3.48,+19.875, +3.051,+0.961
1664432520,+3.48,+19.858, +3.622,+0.959
1664432580,+3.48,+19.850, +4.441,+0.958
1664432640,+3.48,+19.858, +4.718,+0.960
1664432700,+3.48,+19.884, +3.731,+0.962
1664432760,+3.48,+19.884, +3.942,+0.962
1664432820,+3.48,+19.867, +5.005,+0.960
1664432880,+3.48,+19.884, +5.855,+0.960
1664432940,+3.48,+19.884, +6.418,+0.962
1664433000,+3.48,+19.892, +6.614,+0.963
1664433060,+3.48,+19.892, +6.700,+0.963
1664433120,+3.48,+19.909, +6.850,+0.964
1664433180,+3.48,+19.892, +6.929,+0.964
1664433240,+3.48,+19.884, +6.822,+0.964
1664433300,+3.48,+19.934, +6.734,+0.964
1664433360,+3.48,+19.926, +6.775,+0.964
1664433420,+3.48,+19.926, +6.813,+0.964
1664433480,+3.48,+19.917, +6.576,+0.964
1664433540,+3.48,+19.926, +6.226,+0.964
1664433600,+3.48,+19.909, +6.030,+0.964
1664433660,+3.48,+19.926, +6.231,+0.964
1664433720,+3.48,+19.926, +6.247,+0.964
1664433780,+3.48,+19.934, +6.193,+0.964
1664433840,+3.48,+19.926, +6.209,+0.964
1664433900,+3.48,+19.934, +6.117,+0.964
1664433960,+3.48,+19.917, +6.245,+0.964
1664434020,+3.48,+19.926, +6.437,+0.963
1664434080,+3.48,+19.926, +6.840,+0.964
1664434140,+3.48,+19.934, +7.099,+0.965
1664434200,+3.48,+19.917, +7.218,+0.964
1664434260,+3.48,+19.934, +7.287,+0.964
1664434320,+3.48,+19.917, +7.317,+0.964
1664434380,+3.48,+19.951, +7.322,+0.964
1664434440,+3.48,+19.934, +7.313,+0.964
1664434500,+3.48,+19.926, +7.226,+0.964
1664434560,+3.48,+19.934, +6.939,+0.964
1664434620,+3.48,+19.926, +6.725,+0.964
1664434680,+3.48,+19.959, +6.699,+0.964
1664434740,+3.48,+19.942, +6.663,+0.964
1664434800,+3.48,+19.934, +6.563,+0.964
1664434860,+3.48,+19.959, +6.591,+0.964
1664434920,+3.48,+19.942, +6.539,+0.964
1664434980,+3.48,+19.951, +6.416,+0.964
1664435040,+3.48,+19.942, +6.334,+0.964
1664435100,+3.48,+19.959, +6.179,+0.963
1664435160,+3.48,+19.959, +6.094,+0.964
1664435220,+3.48,+19.959, +6.221,+0.964
1664435280,+3.48,+19.951, +6.371,+0.964
1664435340,+3.48,+19.959, +6.489,+0.964
1664435400,+3.48,+19.951, +6.458,+0.964
1664435460,+3.48,+19.967, +5.924,+0.964
1664435520,+3.48,+19.959, +5.428,+0.964
1664435580,+3.48,+19.967, +5.316,+0.965
1664435640,+3.48,+19.967, +5.626,+0.965
1664435700,+3.48,+19.959, +5.822,+0.964
1664435760,+3.48,+19.959, +5.867,+0.964
1664435820,+3.48,+19.967, +5.658,+0.963
1664435880,+3.48,+19.951, +5.802,+0.963
1664435940,+3.48,+19.976, +5.892,+0.964
1664436000,+3.48,+19.967, +6.072,+0.964
1664436060,+3.48,+19.976, +6.169,+0.964
1664436120,+3.48,+19.959, +5.994,+0.964
1664436180,+3.48,+19.951, +5.825,+0.964
1664436240,+3.48,+19.976, +5.781,+0.964
1664436300,+3.48,+19.967, +6.079,+0.963
1664436360,+3.48,+19.967, +6.478,+0.963
1664436420,+3.48,+19.984, +6.833,+0.964
1664436480,+3.48,+19.984, +7.065,+0.964
1664436540,+3.48,+19.984, +7.114,+0.964
1664436600,+3.48,+19.984, +6.437,+0.964
1664436660,+3.48,+20.001, +6.320,+0.964
1664436720,+3.48,+20.001, +6.196,+0.964
1664436780,+3.48,+19.993, +6.198,+0.963
1664436840,+3.48,+19.993, +6.234,+0.964
1664436900,+3.48,+19.984, +6.299,+0.964
1664436960,+3.48,+19.993, +6.248,+0.964
1664437020,+3.48,+19.993, +6.217,+0.964
1664437080,+3.48,+19.993, +6.189,+0.964
1664437140,+3.48,+20.001, +6.128,+0.964
1664437200,+3.48,+20.009, +5.939,+0.964
1664437260,+3.48,+20.009, +6.056,+0.964
1664437320,+3.48,+19.993, +6.282,+0.964
1664437380,+3.48,+19.993, +6.130,+0.964
1664437440,+3.48,+19.993, +5.916,+0.964
1664437500,+3.48,+19.984, +5.736,+0.964
1664437560,+3.48,+20.001, +5.636,+0.964
1664437620,+3.48,+19.984, +5.722,+0.964
1664437680,+3.48,+19.993, +6.177,+0.964
1664437740,+3.48,+20.009, +6.155,+0.964
1664437800,+3.48,+20.001, +5.792,+0.964
1664437860,+3.48,+20.009, +5.489,+0.964
1664437920,+3.48,+19.993, +5.283,+0.963
1664437980,+3.48,+19.984, +5.102,+0.963
1664438040,+3.48,+20.001, +5.310,+0.964
1664438100,+3.48,+19.993, +5.704,+0.963
1664438160,+3.48,+19.993, +5.893,+0.964
1664438220,+3.48,+20.001, +6.032,+0.964
1664438280,+3.48,+20.001, +5.925,+0.963
1664438340,+3.48,+20.001, +6.140,+0.963
1664438400,+3.48,+20.001, +6.429,+0.963
1664438460,+3.48,+19.993, +6.747,+0.964
1664438520,+3.48,+19.984, +6.821,+0.963
1664438580,+3.48,+19.993, +6.702,+0.963
1664438640,+3.48,+19.984, +6.563,+0.963
1664438700,+3.48,+19.984, +6.369,+0.963
1664438760,+3.48,+20.009, +6.369,+0.963
1664438820,+3.48,+20.001, +6.497,+0.963
1664438880,+3.48,+20.001, +6.693,+0.963
1664438940,+3.48,+19.993, +6.890,+0.964
1664439000,+3.48,+19.976, +6.757,+0.964
1664439060,+3.48,+19.984, +6.343,+0.964
1664439120,+3.48,+19.984, +6.064,+0.963
1664439180,+3.48,+19.993, +6.737,+0.964
1664439240,+3.48,+19.993, +6.862,+0.965
1664439300,+3.48,+20.001, +6.706,+0.964
1664439360,+3.48,+19.993, +6.086,+0.964
1664439420,+3.48,+19.993, +5.998,+0.963
1664439480,+3.48,+20.001, +5.744,+0.963
1664439540,+3.48,+20.001, +5.765,+0.963
1664439600,+3.48,+20.001, +5.999,+0.963
1664439660,+3.48,+19.993, +6.163,+0.964
1664439720,+3.48,+20.018, +6.140,+0.964
1664439780,+3.48,+20.018, +6.036,+0.963
1664439840,+3.48,+19.993, +6.379,+0.964
1664439900,+3.48,+20.001, +6.608,+0.963
1664439960,+3.48,+19.993, +6.877,+0.964
1664440020,+3.48,+20.001, +7.067,+0.964
1664440080,+3.48,+19.993, +7.163,+0.964
1664440140,+3.48,+19.993, +7.245,+0.964
1664440200,+3.48,+20.001, +7.087,+0.964
1664440260,+3.48,+19.993, +6.804,+0.963
1664440320,+3.48,+20.001, +6.847,+0.963
1664440380,+3.48,+20.018, +6.844,+0.962
1664440440,+3.48,+20.018, +6.606,+0.963
1664440500,+3.48,+20.018, +6.442,+0.962
1664440560,+3.48,+20.018, +6.223,+0.962
1664440620,+3.48,+20.009, +5.866,+0.962
1664440680,+3.48,+20.018, +5.832,+0.962
1664440740,+3.48,+20.001, +5.966,+0.962
1664440800,+3.48,+20.009, +6.014,+0.962
1664440860,+3.48,+20.018, +6.100,+0.963
1664440920,+3.48,+20.009, +6.242,+0.963
1664440980,+3.48,+20.018, +6.351,+0.963
1664441040,+3.48,+20.018, +6.445,+0.963
1664441100,+3.48,+20.009, +6.507,+0.963
1664441160,+3.48,+20.018, +6.342,+0.963
1664441220,+3.48,+20.001, +6.317,+0.964
1664441280,+3.48,+20.018, +6.309,+0.963
1664441340,+3.48,+20.026, +6.407,+0.963
1664441400,+3.48,+20.009, +6.600,+0.963
1664441460,+3.48,+20.034, +6.706,+0.964
1664441520,+3.48,+20.009, +6.500,+0.964
1664441580,+3.48,+20.026, +6.199,+0.964
1664441640,+3.48,+20.026, +6.241,+0.964
1664441700,+3.48,+20.026, +6.456,+0.964
1664441760,+3.48,+20.018, +6.454,+0.964
1664441820,+3.48,+20.026, +6.375,+0.964
1664441880,+3.49,+20.026, +6.367,+0.964
1664441940,+3.48,+20.009, +6.374,+0.964
1664442000,+3.48,+20.009, +6.398,+0.964
1664442060,+3.48,+19.959, +5.766,+0.964
1664442120,+3.48,+19.917, +5.964,+0.965
1664442180,+3.48,+19.909, +5.601,+0.964
1664442240,+3.48,+19.867, +5.567,+0.963
1664442300,+3.48,+19.825, +5.716,+0.962
1664442360,+3.48,+19.833, +5.675,+0.962
1664442420,+3.48,+19.825, +5.368,+0.962
1664442480,+3.48,+19.817, +5.158,+0.962
1664442540,+3.48,+19.808, +4.794,+0.961
1664442600,+3.48,+19.825, +4.234,+0.962
1664442660,+3.48,+19.800, +4.224,+0.960
1664442720,+3.48,+19.800, +4.437,+0.959
1664442780,+3.49,+19.783, +4.296,+0.958
1664442840,+3.49,+19.758, +4.342,+0.956
1664442900,+3.48,+19.766, +4.312,+0.953
1664442960,+3.49,+19.783, +4.400,+0.955
1664443020,+3.49,+19.833, +5.167,+0.958
1664443080,+3.48,+19.867, +5.664,+0.960
1664443140,+3.48,+19.884, +6.029,+0.962
1664443200,+3.48,+19.926, +6.243,+0.963
1664443260,+3.48,+19.951, +6.027,+0.963
1664443320,+3.48,+19.959, +5.697,+0.963
1664443380,+3.48,+19.976, +5.470,+0.963
1664443440,+3.48,+19.959, +5.448,+0.962
1664443500,+3.48,+19.984, +5.460,+0.963
1664443560,+3.48,+20.001, +5.451,+0.963
1664443620,+3.48,+19.993, +5.037,+0.964
1664443680,+3.48,+20.026, +5.169,+0.963
1664443740,+3.48,+20.001, +5.376,+0.963
1664443800,+3.48,+20.001, +5.369,+0.963
1664443860,+3.48,+19.993, +5.193,+0.963
1664443920,+3.48,+19.984, +5.109,+0.963
1664443980,+3.48,+19.976, +5.109,+0.962
1664444040,+3.48,+19.993, +5.157,+0.962
1664444100,+3.48,+19.976, +5.180,+0.961
1664444160,+3.48,+19.984, +5.180,+0.960
1664444220,+3.48,+19.984, +5.141,+0.961
1664444280,+3.48,+19.942, +5.064,+0.961
1664444340,+3.48,+19.917, +4.863,+0.961
1664444400,+3.48,+19.892, +4.869,+0.960
1664444460,+3.48,+19.884, +4.874,+0.960
1664444520,+3.48,+19.875, +4.663,+0.960
1664444580,+3.48,+19.867, +4.377,+0.959
1664444640,+3.48,+19.842, +4.265,+0.958
1664444700,+3.48,+19.850, +4.195,+0.959
1664444760,+3.48,+19.858, +4.640,+0.958
1664444820,+3.48,+19.892, +4.691,+0.961
1664444880,+3.48,+19.892, +4.878,+0.962
1664444940,+3.48,+19.926, +5.014,+0.962
1664445000,+3.48,+19.909, +4.729,+0.963
1664445060,+3.48,+19.934, +4.829,+0.961
1664445120,+3.48,+19.917, +4.908,+0.960
1664445180,+3.48,+19.926, +5.065,+0.960
1664445240,+3.48,+19.917, +5.196,+0.960
1664445300,+3.48,+19.926, +5.379,+0.960
1664445360,+3.48,+19.909, +5.557,+0.960
1664445420,+3.48,+19.892, +6.074,+0.960
1664445480,+3.48,+19.875, +6.299,+0.960
1664445540,+3.48,+19.884, +6.485,+0.961
1664445600,+3.48,+19.858, +6.519,+0.960
1664445660,+3.48,+19.850, +6.477,+0.959
1664445720,+3.48,+19.842, +6.529,+0.959
1664445780,+3.48,+19.842, +6.520,+0.959
1664445840,+3.48,+19.833, +6.459,+0.960
1664445900,+3.48,+19.842, +6.284,+0.960
1664445960,+3.48,+19.867, +6.172,+0.960
1664446020,+3.48,+19.867, +6.096,+0.960
1664446080,+3.48,+19.900, +5.890,+0.961
1664446140,+3.48,+19.900, +5.752,+0.962
1664446200,+3.48,+19.942, +5.648,+0.962
1664446260,+3.48,+19.942, +5.629,+0.961
1664446320,+3.48,+19.976, +5.512,+0.962
1664446380,+3.48,+19.976, +5.432,+0.963
1664446440,+3.48,+19.976, +5.531,+0.963
1664446500,+3.48,+19.984, +5.280,+0.962
1664446560,+3.48,+19.984, +5.293,+0.963
1664446620,+3.48,+20.001, +5.289,+0.963
1664446680,+3.48,+20.001, +5.285,+0.963
1664446740,+3.48,+20.001, +5.247,+0.963
1664446800,+3.48,+19.993, +5.126,+0.963
1664446860,+3.48,+20.009, +5.181,+0.962
1664446920,+3.48,+20.009, +5.308,+0.962
1664446980,+3.48,+20.018, +5.296,+0.963
1664447040,+3.48,+19.976, +5.435,+0.963
1664447100,+3.48,+20.018, +5.529,+0.963
1664447160,+3.48,+19.993, +5.348,+0.963
1664447220,+3.48,+20.001, +5.722,+0.963
1664447280,+3.48,+19.984, +5.877,+0.963
1664447340,+3.48,+19.993, +5.965,+0.963
1664447400,+3.48,+19.976, +5.937,+0.962
1664447460,+3.48,+19.967, +5.980,+0.962
1664447520,+3.48,+19.984, +6.002,+0.961
1664447580,+3.48,+19.976, +5.978,+0.961
1664447640,+3.48,+19.984, +5.973,+0.961
1664447700,+3.48,+19.967, +6.079,+0.961
1664447760,+3.48,+19.959, +6.106,+0.961
1664447820,+3.48,+19.942, +6.026,+0.961
1664447880,+3.48,+19.942, +6.027,+0.961
1664447940,+3.48,+19.942, +6.045,+0.961
1664448000,+3.48,+19.951, +5.989,+0.961
1664448060,+3.48,+19.951, +6.008,+0.960
1664448120,+3.48,+19.951, +6.092,+0.961
1664448180,+3.48,+19.951, +6.136,+0.960
1664448240,+3.48,+19.959, +6.191,+0.961
1664448300,+3.48,+19.959, +6.150,+0.961
1664448360,+3.48,+19.984, +6.114,+0.961
1664448420,+3.48,+19.993, +6.110,+0.960
1664448480,+3.48,+19.976, +6.072,+0.960
1664448540,+3.48,+20.001, +5.887,+0.961
1664448600,+3.48,+20.001, +5.842,+0.961
1664448660,+3.48,+20.018, +5.831,+0.961
1664448720,+3.48,+20.009, +5.741,+0.961
1664448780,+3.48,+20.009, +5.589,+0.961
1664448840,+3.48,+20.018, +5.526,+0.961
1664448900,+3.48,+20.034, +5.412,+0.961
1664448960,+3.49,+20.026, +5.389,+0.962
1664449020,+3.49,+20.026, +5.368,+0.962
1664449080,+3.49,+20.034, +5.383,+0.961
1664449140,+3.49,+20.034, +5.319,+0.962
1664449200,+3.49,+20.043, +5.284,+0.962
1664449260,+3.49,+20.026, +5.311,+0.961
1664449320,+3.49,+20.026, +5.295,+0.962
1664449380,+3.49,+20.026, +5.201,+0.962
1664449440,+3.49,+20.051, +5.071,+0.962
1664449500,+3.49,+20.068, +4.924,+0.962
1664449560,+3.49,+20.060, +4.895,+0.961
1664449620,+3.49,+20.060, +4.942,+0.961
1664449680,+3.49,+20.051, +4.767,+0.961
1664449740,+3.49,+20.060, +4.768,+0.961
1664449800,+3.49,+20.060, +4.971,+0.960
1664449860,+3.49,+20.018, +5.125,+0.960
1664449920,+3.48,+20.009, +5.097,+0.960
1664449980,+3.48,+20.009, +5.128,+0.960
1664450040,+3.48,+19.993, +5.184,+0.959
1664450100,+3.48,+20.009, +5.240,+0.960
1664450160,+3.48,+20.001, +5.278,+0.960
1664450220,+3.48,+20.009, +5.245,+0.960
1664450280,+3.48,+20.009, +5.192,+0.960
1664450340,+3.48,+20.001, +5.131,+0.960
1664450400,+3.48,+20.009, +5.087,+0.960
1664450460,+3.48,+19.993, +5.059,+0.960
1664450520,+3.48,+19.984, +4.886,+0.960
1664450580,+3.48,+20.001, +4.874,+0.960
1664450640,+3.48,+20.001, +4.900,+0.959
1664450700,+3.48,+20.001, +4.951,+0.959
1664450760,+3.48,+19.993, +4.940,+0.959
1664450820,+3.48,+20.001, +4.953,+0.959
1664450880,+3.48,+19.993, +4.917,+0.960
1664450940,+3.48,+19.976, +4.831,+0.960
1664451000,+3.48,+19.976, +4.657,+0.961
1664451060,+3.48,+20.001, +4.493,+0.961
1664451120,+3.48,+19.967, +4.515,+0.960
1664451180,+3.48,+19.993, +4.530,+0.960
1664451240,+3.48,+19.993, +4.545,+0.960
1664451300,+3.48,+20.001, +4.750,+0.960
1664451360,+3.48,+19.984, +4.842,+0.960
1664451420,+3.48,+19.967, +4.589,+0.961
1664451480,+3.48,+19.984, +4.576,+0.960
1664451540,+3.48,+20.001, +4.740,+0.959
1664451600,+3.48,+19.984, +5.012,+0.958
1664451660,+3.48,+19.993, +5.129,+0.957
1664451720,+3.48,+19.984, +5.203,+0.956
1664451780,+3.48,+19.984, +5.277,+0.957
1664451840,+3.48,+19.976, +5.289,+0.957
1664451900,+3.48,+19.959, +5.350,+0.956
1664451960,+3.48,+19.959, +5.426,+0.956
1664452020,+3.48,+19.976, +5.497,+0.959
1664452080,+3.48,+19.984, +5.541,+0.959
1664452140,+3.48,+19.984, +5.619,+0.959
1664452200,+3.48,+19.976, +5.582,+0.958
1664452260,+3.48,+19.959, +5.586,+0.959
1664452320,+3.48,+19.959, +5.498,+0.959
1664452380,+3.48,+19.967, +5.482,+0.959
1664452440,+3.48,+19.951, +5.501,+0.958
1664452500,+3.48,+19.959, +5.385,+0.958
1664452560,+3.48,+19.942, +5.355,+0.958
1664452620,+3.48,+19.934, +5.369,+0.958
1664452680,+3.48,+19.951, +5.273,+0.958
1664452740,+3.48,+19.926, +5.155,+0.958
1664452800,+3.48,+19.951, +4.819,+0.960
1664452860,+3.48,+19.892, +5.418,+0.964
1664452920,+3.48,+19.875, +6.216,+0.964
1664452980,+3.48,+19.850, +6.560,+0.964
1664453040,+3.48,+19.858, +6.757,+0.964
1664453100,+3.48,+19.858, +6.948,+0.964
1664453160,+3.48,+19.867, +7.064,+0.964
1664453220,+3.48,+19.875, +7.154,+0.964
1664453280,+3.48,+19.875, +7.271,+0.964
1664453340,+3.48,+19.884, +7.316,+0.964
1664453400,+3.48,+19.858, +7.353,+0.964
1664453460,+3.48,+19.892, +7.400,+0.964
1664453520,+3.48,+19.892, +7.407,+0.965
1664453580,+3.48,+19.917, +7.382,+0.964
1664453640,+3.48,+19.934, +7.407,+0.964
1664453700,+3.48,+19.951, +7.457,+0.964
1664453760,+3.48,+19.942, +7.480,+0.964
1664453820,+3.48,+19.926, +7.480,+0.964
1664453880,+3.48,+19.951, +7.464,+0.964
1664453940,+3.48,+19.959, +7.424,+0.964
1664454000,+3.48,+19.934, +7.508,+0.964
1664454060,+3.48,+19.942, +7.539,+0.964
1664454120,+3.48,+19.942, +7.550,+0.964
1664454180,+3.48,+19.942, +7.545,+0.964
1664454240,+3.48,+19.934, +7.455,+0.964
1664454300,+3.48,+19.934, +7.435,+0.965
1664454360,+3.48,+19.959, +7.388,+0.964
1664454420,+3.48,+19.951, +7.389,+0.964
1664454480,+3.48,+19.967, +7.385,+0.964
1664454540,+3.48,+19.959, +7.458,+0.964
1664454600,+3.48,+19.951, +7.452,+0.964
1664454660,+3.48,+19.967, +7.500,+0.964
1664454720,+3.48,+19.959, +7.579,+0.964
1664454780,+3.48,+19.934, +7.629,+0.964
1664454840,+3.48,+19.926, +7.713,+0.964
1664454900,+3.48,+19.909, +7.804,+0.965
1664454960,+3.48,+19.900, +7.803,+0.965
1664455020,+3.48,+19.875, +7.848,+0.964
1664455080,+3.48,+19.858, +7.931,+0.964
1664455140,+3.48,+19.850, +7.896,+0.965
1664455200,+3.48,+19.833, +7.841,+0.964
1664455260,+3.48,+19.783, +8.024,+0.964
1664455320,+3.48,+19.766, +8.040,+0.965
1664455380,+3.48,+19.766, +8.015,+0.964
1664455440,+3.48,+19.758, +8.014,+0.964
1664455500,+3.49,+19.750, +8.015,+0.964
1664455560,+3.48,+19.724, +7.985,+0.965
1664455620,+3.49,+19.691, +8.033,+0.964
1664455680,+3.48,+19.682, +8.106,+0.964
1664455740,+3.48,+19.657, +8.160,+0.965
1664455800,+3.49,+19.624, +8.182,+0.964
1664455860,+3.49,+19.607, +8.170,+0.964
1664455920,+3.49,+19.607, +8.177,+0.964
1664455980,+3.49,+19.582, +8.219,+0.964
1664456040,+3.49,+19.573, +8.213,+0.964
1664456100,+3.49,+19.565, +8.228,+0.964
1664456160,+3.49,+19.557, +8.257,+0.964
1664456220,+3.49,+19.540, +8.254,+0.964
1664456280,+3.49,+19.515, +8.299,+0.964
1664456340,+3.49,+19.506, +8.321,+0.964
1664456400,+3.49,+19.506, +8.339,+0.964
1664456460,+3.49,+19.498, +8.339,+0.964
1664456520,+3.49,+19.490, +8.309,+0.964
1664456580,+3.49,+19.464, +8.383,+0.964
1664456640,+3.49,+19.422, +8.445,+0.964
1664456700,+3.49,+19.397, +8.433,+0.964
1664456760,+3.49,+19.355, +8.469,+0.964
1664456820,+3.49,+19.338, +8.526,+0.964
1664456880,+3.49,+19.330, +8.525,+0.964
1664456940,+3.49,+19.330, +8.514,+0.964
1664457000,+3.49,+19.338, +8.469,+0.964
1664457060,+3.49,+19.338, +8.475,+0.964
1664457120,+3.49,+19.338, +8.451,+0.964
1664457180,+3.49,+19.338, +8.417,+0.964
1664457240,+3.49,+19.338, +8.407,+0.964
1664457300,+3.49,+19.355, +8.434,+0.964
1664457360,+3.49,+19.364, +8.460,+0.965
1664457420,+3.49,+19.380, +8.434,+0.965
1664457480,+3.49,+19.372, +8.395,+0.964
1664457540,+3.49,+19.355, +8.402,+0.964
1664457600,+3.49,+19.355, +8.397,+0.964
1664457660,+3.49,+19.364, +8.424,+0.964
1664457720,+3.49,+19.355, +8.469,+0.964
1664457780,+3.49,+19.380, +8.428,+0.964
1664457840,+3.49,+19.364, +8.418,+0.964
1664457900,+3.49,+19.364, +8.408,+0.964
1664457960,+3.49,+19.372, +8.402,+0.964
1664458020,+3.49,+19.397, +8.388,+0.964
1664458080,+3.49,+19.389, +8.362,+0.964
1664458140,+3.49,+19.414, +8.295,+0.964
1664458200,+3.49,+19.389, +8.342,+0.964
1664458260,+3.49,+19.372, +8.363,+0.965
1664458320,+3.49,+19.380, +8.371,+0.964
1664458380,+3.49,+19.389, +8.361,+0.965
1664458440,+3.49,+19.397, +8.347,+0.964
1664458500,+3.49,+19.397, +8.369,+0.964
1664458560,+3.49,+19.389, +8.366,+0.964
1664458620,+3.49,+19.397, +8.351,+0.964
1664458680,+3.49,+19.364, +8.358,+0.964
1664458740,+3.49,+19.389, +8.367,+0.965
1664458800,+3.49,+19.380, +8.382,+0.964
1664458860,+3.49,+19.389, +8.377,+0.964
1664458920,+3.49,+19.389, +8.394,+0.964
1664458980,+3.49,+19.389, +8.410,+0.965
1664459040,+3.49,+19.380, +8.407,+0.965
1664459100,+3.49,+19.397, +8.359,+0.964
1664459160,+3.49,+19.389, +8.312,+0.965
1664459220,+3.49,+19.389, +8.297,+0.964
1664459280,+3.49,+19.372, +8.333,+0.964
1664459340,+3.49,+19.355, +8.416,+0.964
1664459400,+3.49,+19.364, +8.436,+0.964
1664459460,+3.49,+19.372, +8.399,+0.964
1664459520,+3.49,+19.372, +8.400,+0.965
1664459580,+3.49,+19.397, +8.391,+0.965
1664459640,+3.49,+19.389, +8.397,+0.965
1664459700,+3.49,+19.406, +8.389,+0.964
1664459760,+3.49,+19.406, +8.366,+0.964
1664459820,+3.49,+19.422, +8.365,+0.964
1664459880,+3.49,+19.431, +8.326,+0.964
1664459940,+3.49,+19.439, +8.316,+0.964
1664460000,+3.49,+19.481, +8.296,+0.965
1664460060,+3.49,+19.464, +8.278,+0.964
1664460120,+3.49,+19.490, +8.282,+0.965
1664460180,+3.49,+19.506, +8.294,+0.965
1664460240,+3.49,+19.506, +8.299,+0.964
1664460300,+3.49,+19.498, +8.305,+0.964
1664460360,+3.49,+19.490, +8.320,+0.964
1664460420,+3.49,+19.481, +8.346,+0.964
1664460480,+3.49,+19.506, +8.339,+0.964
1664460540,+3.49,+19.506, +8.351,+0.965
1664460600,+3.49,+19.506, +8.334,+0.964
1664460660,+3.49,+19.498, +8.331,+0.965
1664460720,+3.49,+19.506, +8.322,+0.964
1664460780,+3.49,+19.548, +8.330,+0.964
1664460840,+3.49,+19.506, +8.343,+0.964
1664460900,+3.49,+19.515, +8.320,+0.964
1664460960,+3.49,+19.506, +8.402,+0.964
1664461020,+3.49,+19.473, +8.458,+0.964
1664461080,+3.49,+19.473, +8.483,+0.965
1664461140,+3.49,+19.464, +8.481,+0.964
1664461200,+3.49,+19.481, +8.467,+0.964
1664461260,+3.49,+19.456, +8.464,+0.964
1664461320,+3.49,+19.464, +8.463,+0.965
1664461380,+3.49,+19.464, +8.412,+0.964
1664461440,+3.49,+19.473, +8.408,+0.964
1664461500,+3.49,+19.490, +8.423,+0.965
1664461560,+3.49,+19.498, +8.371,+0.964
1664461620,+3.49,+19.506, +8.302,+0.964
1664461680,+3.49,+19.531, +8.262,+0.964
1664461740,+3.49,+19.523, +8.247,+0.964
1664461800,+3.49,+19.557, +8.238,+0.964
1664461860,+3.49,+19.548, +8.231,+0.964
1664461920,+3.49,+19.582, +8.207,+0.965
1664461980,+3.49,+19.573, +8.201,+0.964
1664462040,+3.49,+19.565, +8.207,+0.964
1664462100,+3.49,+19.565, +8.205,+0.964
1664462160,+3.49,+19.565, +8.207,+0.964
1664462220,+3.49,+19.573, +8.203,+0.964
1664462280,+3.49,+19.557, +8.205,+0.964
1664462340,+3.49,+19.582, +8.191,+0.964
1664462400,+3.49,+19.582, +8.177,+0.964
1664462460,+3.49,+19.548, +8.189,+0.965
1664462520,+3.49,+19.557, +8.195,+0.964
1664462580,+3.49,+19.573, +8.185,+0.964
1664462640,+3.49,+19.573, +8.220,+0.964
1664462700,+3.49,+19.590, +8.211,+0.964
1664462760,+3.49,+19.573, +8.231,+0.964
1664462820,+3.49,+19.590, +8.239,+0.964
1664462880,+3.49,+19.599, +8.236,+0.964
1664462940,+3.49,+19.607, +8.230,+0.964
1664463000,+3.49,+19.590, +8.253,+0.965
1664463060,+3.49,+19.607, +8.248,+0.965
1664463120,+3.49,+19.590, +8.253,+0.965
1664463180,+3.49,+19.607, +8.250,+0.964
1664463240,+3.49,+19.590, +8.252,+0.965
1664463300,+3.49,+19.582, +8.248,+0.964
1664463360,+3.49,+19.599, +8.244,+0.965
1664463420,+3.49,+19.582, +8.208,+0.965
1664463480,+3.49,+19.573, +8.198,+0.964
1664463540,+3.49,+19.573, +8.229,+0.964
1664463600,+3.49,+19.557, +8.245,+0.965
1664463660,+3.49,+19.557, +7.384,+0.963
1664463720,+3.49,+19.557, +7.423,+0.962
1664463780,+3.49,+19.573, +7.461,+0.960
1664463840,+3.49,+19.582, +7.432,+0.959
1664463900,+3.49,+19.590, +7.424,+0.958
1664463960,+3.49,+19.590, +7.461,+0.958
1664464020,+3.49,+19.590, +7.455,+0.957
1664464080,+3.49,+19.590, +7.478,+0.956
1664464140,+3.49,+19.565, +7.471,+0.955
1664464200,+3.49,+19.582, +7.459,+0.955
1664464260,+3.49,+19.582, +7.449,+0.955
1664464320,+3.49,+19.573, +7.487,+0.955
1664464380,+3.49,+19.573, +7.483,+0.955
1664464440,+3.49,+19.573, +7.488,+0.956
1664464500,+3.49,+19.573, +7.501,+0.955
1664464560,+3.49,+19.548, +7.516,+0.955
1664464620,+3.49,+19.573, +7.540,+0.955
1664464680,+3.49,+19.565, +7.550,+0.955
1664464740,+3.49,+19.582, +7.476,+0.956
1664464800,+3.49,+19.573, +7.457,+0.956
1664464860,+3.49,+19.582, +7.506,+0.954
1664464920,+3.49,+19.573, +7.520,+0.955
1664464980,+3.49,+19.573, +7.538,+0.954
1664465040,+3.49,+19.573, +7.541,+0.953
1664465100,+3.49,+19.573, +7.521,+0.954
1664465160,+3.49,+19.590, +7.489,+0.952
1664465220,+3.49,+19.582, +7.492,+0.953
1664465280,+3.49,+19.590, +7.495,+0.953
1664465340,+3.49,+19.582, +7.519,+0.953
1664465400,+3.49,+19.540, +7.560,+0.954
1664465460,+3.49,+19.557, +7.571,+0.954
1664465520,+3.49,+19.573, +7.577,+0.954
1664465580,+3.49,+19.582, +7.589,+0.954
1664465640,+3.49,+19.565, +7.581,+0.954
1664465700,+3.49,+19.582, +7.588,+0.954
1664465760,+3.49,+19.573, +7.596,+0.954
1664465820,+3.49,+19.565, +7.596,+0.954
1664465880,+3.49,+19.565, +7.559,+0.954
1664465940,+3.49,+19.573, +7.570,+0.954
1664466000,+3.49,+19.565, +7.675,+0.955
1664466060,+3.49,+19.573, +7.717,+0.956
1664466120,+3.49,+19.573, +7.719,+0.956
1664466180,+3.49,+19.582, +7.684,+0.955
1664466240,+3.49,+19.573, +7.649,+0.956
1664466300,+3.49,+19.573, +7.617,+0.956
1664466360,+3.49,+19.573, +7.615,+0.955
1664466420,+3.49,+19.565, +7.625,+0.955
1664466480,+3.49,+19.599, +7.491,+0.955
1664466540,+3.49,+19.573, +7.347,+0.956
1664466600,+3.48,+19.565, +7.436,+0.955
1664466660,+3.49,+19.573, +7.408,+0.955
1664466720,+3.49,+19.573, +7.319,+0.955
1664466780,+3.49,+19.573, +7.133,+0.955
1664466840,+3.49,+19.582, +6.921,+0.955
1664466900,+3.49,+19.573, +6.790,+0.955
1664466960,+3.49,+19.548, +6.755,+0.952
1664467020,+3.49,+19.557, +6.722,+0.951
1664467080,+3.49,+19.582, +6.614,+0.950
1664467140,+3.49,+19.573, +6.510,+0.948
1664467200,+3.49,+19.557, +6.384,+0.946
1664467260,+3.49,+19.582, +6.237,+0.945
1664467320,+3.49,+19.565, +6.147,+0.943
1664467380,+3.49,+19.573, +6.065,+0.941
1664467440,+3.49,+19.573, +5.996,+0.939
1664467500,+3.49,+19.590, +5.896,+0.937
1664467560,+3.49,+19.582, +5.752,+0.937
1664467620,+3.49,+19.573, +5.650,+0.936
1664467680,+3.48,+19.573, +5.554,+0.934
1664467740,+3.49,+19.590, +5.457,+0.932
1664467800,+3.49,+19.557, +5.374,+0.931
1664467860,+3.49,+19.565, +5.270,+0.930
1664467920,+3.49,+19.582, +5.186,+0.928
1664467980,+3.49,+19.590, +5.095,+0.927
1664468040,+3.49,+19.599, +4.991,+0.926
1664468100,+3.49,+19.590, +4.915,+0.926
1664468160,+3.49,+19.599, +4.832,+0.924
1664468220,+3.49,+19.607, +4.760,+0.923
1664468280,+3.49,+19.582, +4.702,+0.922
1664468340,+3.49,+19.607, +4.640,+0.920
1664468400,+3.48,+19.615, +4.578,+0.919
1664468460,+3.48,+19.607, +4.521,+0.919
1664468520,+3.49,+19.624, +4.468,+0.918
1664468580,+3.48,+19.607, +4.434,+0.916
1664468640,+3.48,+19.624, +4.374,+0.916
1664468700,+3.48,+19.632, +4.341,+0.915
1664468760,+3.49,+19.624, +4.324,+0.913
1664468820,+3.48,+19.632, +4.300,+0.912
1664468880,+3.49,+19.632, +4.274,+0.911
1664468940,+3.48,+19.632, +4.256,+0.910
1664469000,+3.49,+19.615, +4.225,+0.909
1664469060,+3.49,+19.624, +4.200,+0.909
1664469120,+3.49,+19.632, +4.139,+0.908
1664469180,+3.48,+19.632, +4.070,+0.908
1664469240,+3.49,+19.632, +4.002,+0.908
1664469300,+3.48,+19.632, +3.941,+0.908
1664469360,+3.49,+19.641, +3.879,+0.908
1664469420,+3.48,+19.649, +3.810,+0.909
1664469480,+3.49,+19.649, +3.747,+0.910
1664469540,+3.48,+19.666, +3.694,+0.911
1664469600,+3.48,+19.657, +3.627,+0.909
1664469660,+3.48,+19.657, +3.578,+0.908
1664469720,+3.48,+19.657, +3.540,+0.908
1664469780,+3.48,+19.641, +3.535,+0.907
1664469840,+3.48,+19.657, +3.580,+0.899
1664469900,+3.48,+19.657, +3.617,+0.896
1664469960,+3.48,+19.657, +3.624,+0.895
1664470020,+3.48,+19.657, +3.627,+0.896
1664470080,+3.48,+19.641, +3.640,+0.896
