7450-383325
OS REV: 1.05 Sensor Cal: 1644949570
Time (sec),  BV (Volts),  T (deg C),  DO (mg/l),  Q ()
1665506940,+3.47,+16.374, +9.586,+0.960
1665507000,+3.47,+16.357, +9.495,+0.960
1665507060,+3.47,+16.340, +9.282,+0.960
1665507120,+3.47,+16.348, +9.586,+0.960
1665507180,+3.47,+16.331, +9.711,+0.960
1665507240,+3.47,+16.348, +9.702,+0.960
1665507300,+3.47,+16.340, +9.698,+0.960
1665507360,+3.47,+16.340, +9.654,+0.960
1665507420,+3.47,+16.348, +9.514,+0.960
1665507480,+3.47,+16.365, +9.368,+0.960
1665507540,+3.47,+16.357, +9.339,+0.960
1665507600,+3.47,+16.374, +9.292,+0.960
1665507660,+3.47,+16.365, +8.986,+0.959
1665507720,+3.47,+16.374, +9.129,+0.960
1665507780,+3.47,+16.382, +9.226,+0.960
1665507840,+3.47,+16.374, +9.183,+0.960
1665507900,+3.47,+16.382, +9.145,+0.960
1665507960,+3.47,+16.374, +9.132,+0.960
1665508020,+3.47,+16.374, +9.333,+0.960
1665508080,+3.47,+16.348, +9.486,+0.960
1665508140,+3.47,+16.357, +9.475,+0.960
1665508200,+3.47,+16.340, +9.611,+0.960
1665508260,+3.47,+16.331, +9.714,+0.960
1665508320,+3.47,+16.331, +9.740,+0.960
1665508380,+3.47,+16.323, +9.891,+0.960
1665508440,+3.47,+16.314, +9.949,+0.960
1665508500,+3.47,+16.314, +9.955,+0.960
1665508560,+3.47,+16.314, +9.956,+0.960
1665508620,+3.47,+16.331, +9.971,+0.960
1665508680,+3.47,+16.305,+10.022,+0.960
1665508740,+3.47,+16.297,+10.004,+0.960
1665508800,+3.47,+16.297, +9.959,+0.960
1665508860,+3.47,+16.297, +9.935,+0.960
1665508920,+3.47,+16.305, +9.902,+0.960
1665508980,+3.47,+16.271, +9.917,+0.960
1665509040,+3.47,+16.297, +9.875,+0.961
1665509100,+3.47,+16.297, +9.880,+0.960
1665509160,+3.47,+16.297, +9.867,+0.960
1665509220,+3.47,+16.314, +9.807,+0.960
1665509280,+3.47,+16.297, +9.849,+0.960
1665509340,+3.47,+16.297, +9.849,+0.960
1665509400,+3.47,+16.288, +9.903,+0.960
1665509460,+3.47,+16.297, +9.884,+0.960
1665509520,+3.47,+16.340, +9.850,+0.960
1665509580,+3.47,+16.357, +9.832,+0.960
1665509640,+3.47,+16.374, +9.792,+0.960
1665509700,+3.47,+16.391, +9.774,+0.960
1665509760,+3.47,+16.399, +9.820,+0.960
1665509820,+3.47,+16.399, +9.899,+0.960
1665509880,+3.47,+16.391, +9.917,+0.960
1665509940,+3.47,+16.374, +9.883,+0.960
1665510000,+3.47,+16.365, +9.859,+0.960
1665510060,+3.47,+16.382, +9.867,+0.960
1665510120,+3.47,+16.374, +9.845,+0.960
1665510180,+3.47,+16.391, +9.829,+0.960
1665510240,+3.47,+16.416, +9.840,+0.960
1665510300,+3.47,+16.425, +9.814,+0.960
1665510360,+3.47,+16.433, +9.735,+0.960
1665510420,+3.47,+16.442, +9.605,+0.960
1665510480,+3.47,+16.442, +9.302,+0.960
1665510540,+3.47,+16.442, +9.108,+0.960
1665510600,+3.47,+16.416, +9.131,+0.960
1665510660,+3.47,+16.399, +9.353,+0.960
1665510720,+3.47,+16.399, +9.522,+0.960
1665510780,+3.47,+16.382, +9.632,+0.960
1665510840,+3.47,+16.348, +9.734,+0.960
1665510900,+3.47,+16.331, +9.856,+0.960
1665510960,+3.47,+16.323, +9.947,+0.960
1665511020,+3.47,+16.305, +9.961,+0.960
1665511080,+3.47,+16.323, +9.962,+0.960
1665511140,+3.47,+16.323, +9.942,+0.960
1665511200,+3.47,+16.323, +9.915,+0.960
1665511260,+3.47,+16.331, +9.901,+0.960
1665511320,+3.47,+16.323, +9.892,+0.960
1665511380,+3.47,+16.331, +9.868,+0.960
1665511440,+3.47,+16.348, +9.871,+0.960
1665511500,+3.47,+16.365, +9.869,+0.960
1665511560,+3.47,+16.357, +9.847,+0.960
1665511620,+3.47,+16.331, +9.779,+0.960
1665511680,+3.47,+16.348, +9.788,+0.960
1665511740,+3.47,+16.365, +9.747,+0.960
1665511800,+3.47,+16.323, +9.741,+0.960
1665511860,+3.47,+16.340, +9.787,+0.960
1665511920,+3.47,+16.357, +9.836,+0.960
1665511980,+3.47,+16.365, +9.875,+0.960
1665512040,+3.47,+16.348, +9.917,+0.961
1665512100,+3.47,+16.340, +9.934,+0.960
1665512160,+3.47,+16.340, +9.896,+0.960
1665512220,+3.47,+16.365, +9.881,+0.960
1665512280,+3.47,+16.382, +9.743,+0.960
1665512340,+3.47,+16.348, +9.797,+0.960
1665512400,+3.47,+16.365, +9.813,+0.960
1665512460,+3.47,+16.348, +9.797,+0.960
1665512520,+3.47,+16.340, +9.765,+0.960
1665512580,+3.47,+16.331, +9.883,+0.960
1665512640,+3.47,+16.314,+10.000,+0.960
1665512700,+3.47,+16.288,+10.056,+0.960
1665512760,+3.47,+16.305,+10.035,+0.960
1665512820,+3.47,+16.323, +9.961,+0.960
1665512880,+3.47,+16.305, +9.966,+0.960
1665512940,+3.47,+16.288,+10.040,+0.960
1665513000,+3.47,+16.288,+10.047,+0.960
1665513060,+3.47,+16.314,+10.043,+0.960
1665513120,+3.47,+16.305,+10.050,+0.960
1665513180,+3.47,+16.314, +9.952,+0.960
1665513240,+3.47,+16.323, +9.836,+0.960
1665513300,+3.47,+16.323, +9.933,+0.960
1665513360,+3.47,+16.323,+10.032,+0.960
1665513420,+3.47,+16.314,+10.052,+0.960
1665513480,+3.47,+16.297,+10.063,+0.960
1665513540,+3.47,+16.297,+10.042,+0.960
1665513600,+3.47,+16.297,+10.040,+0.960
1665513660,+3.47,+16.314, +9.999,+0.960
1665513720,+3.47,+16.323, +9.958,+0.960
1665513780,+3.47,+16.323, +9.964,+0.960
1665513840,+3.47,+16.323, +9.950,+0.960
1665513900,+3.47,+16.314, +9.982,+0.960
1665513960,+3.47,+16.331, +9.885,+0.960
1665514020,+3.47,+16.340, +9.839,+0.960
1665514080,+3.47,+16.357, +9.852,+0.960
1665514140,+3.47,+16.374, +9.814,+0.960
1665514200,+3.47,+16.357, +9.739,+0.960
1665514260,+3.47,+16.365, +9.651,+0.960
1665514320,+3.47,+16.391, +9.616,+0.960
1665514380,+3.47,+16.365, +9.792,+0.960
1665514440,+3.47,+16.365,+10.019,+0.960
1665514500,+3.47,+16.340,+10.174,+0.961
1665514560,+3.47,+16.357,+10.188,+0.960
1665514620,+3.47,+16.382,+10.195,+0.961
1665514680,+3.47,+16.399,+10.146,+0.960
1665514740,+3.47,+16.391,+10.074,+0.960
1665514800,+3.47,+16.408,+10.127,+0.960
1665514860,+3.47,+16.391,+10.149,+0.960
1665514920,+3.47,+16.391,+10.174,+0.960
1665514980,+3.47,+16.382,+10.198,+0.960
1665515040,+3.47,+16.374,+10.236,+0.960
1665515100,+3.47,+16.374,+10.246,+0.960
1665515160,+3.47,+16.374,+10.245,+0.960
1665515220,+3.47,+16.408,+10.210,+0.960
1665515280,+3.47,+16.399,+10.199,+0.961
1665515340,+3.47,+16.408,+10.130,+0.960
1665515400,+3.47,+16.425,+10.114,+0.961
1665515460,+3.47,+16.408,+10.084,+0.960
1665515520,+3.47,+16.399,+10.207,+0.961
1665515580,+3.47,+16.382,+10.263,+0.960
1665515640,+3.47,+16.408,+10.265,+0.960
1665515700,+3.47,+16.365,+10.274,+0.960
1665515760,+3.47,+16.382,+10.253,+0.960
1665515820,+3.47,+16.391,+10.291,+0.960
1665515880,+3.47,+16.382,+10.311,+0.960
1665515940,+3.47,+16.382,+10.323,+0.960
1665516000,+3.47,+16.365,+10.302,+0.960
1665516060,+3.47,+16.408,+10.296,+0.960
1665516120,+3.47,+16.399,+10.291,+0.961
1665516180,+3.47,+16.382,+10.281,+0.960
1665516240,+3.47,+16.391,+10.280,+0.960
1665516300,+3.47,+16.382,+10.291,+0.960
1665516360,+3.47,+16.391,+10.291,+0.960
1665516420,+3.47,+16.382,+10.260,+0.960
1665516480,+3.47,+16.382,+10.193,+0.960
1665516540,+3.47,+16.357,+10.159,+0.960
1665516600,+3.47,+16.357,+10.120,+0.960
1665516660,+3.47,+16.365,+10.099,+0.960
1665516720,+3.47,+16.357,+10.119,+0.960
1665516780,+3.47,+16.331,+10.099,+0.960
1665516840,+3.47,+16.340,+10.087,+0.960
1665516900,+3.47,+16.340,+10.075,+0.960
1665516960,+3.47,+16.331,+10.052,+0.960
1665517020,+3.47,+16.314,+10.045,+0.960
1665517080,+3.47,+16.323,+10.017,+0.959
1665517140,+3.47,+16.323,+10.022,+0.960
1665517200,+3.47,+16.314,+10.006,+0.960
1665517260,+3.47,+16.305,+10.002,+0.960
1665517320,+3.47,+16.331,+10.013,+0.960
1665517380,+3.47,+16.323,+10.036,+0.960
1665517440,+3.47,+16.323,+10.021,+0.960
1665517500,+3.47,+16.323, +9.993,+0.960
1665517560,+3.47,+16.323,+10.011,+0.960
1665517620,+3.47,+16.314,+10.042,+0.960
1665517680,+3.47,+16.331,+10.010,+0.960
1665517740,+3.47,+16.331,+10.004,+0.960
1665517800,+3.47,+16.331, +9.998,+0.959
1665517860,+3.47,+16.331, +9.980,+0.960
1665517920,+3.47,+16.314,+10.000,+0.960
1665517980,+3.47,+16.331,+10.024,+0.960
1665518040,+3.47,+16.297,+10.034,+0.960
1665518100,+3.47,+16.314,+10.012,+0.960
1665518160,+3.47,+16.331, +9.992,+0.960
1665518220,+3.47,+16.331, +9.980,+0.961
1665518280,+3.47,+16.331, +9.971,+0.960
1665518340,+3.47,+16.314, +9.966,+0.960
1665518400,+3.47,+16.323, +9.979,+0.960
1665518460,+3.47,+16.348, +9.976,+0.960
1665518520,+3.47,+16.365, +9.983,+0.960
1665518580,+3.47,+16.331, +9.999,+0.960
1665518640,+3.47,+16.323,+10.046,+0.960
1665518700,+3.47,+16.340,+10.042,+0.960
1665518760,+3.47,+16.357,+10.020,+0.960
1665518820,+3.47,+16.374, +9.999,+0.960
1665518880,+3.47,+16.382, +9.993,+0.960
1665518940,+3.47,+16.374,+10.015,+0.960
1665519000,+3.47,+16.357,+10.031,+0.960
1665519060,+3.47,+16.348,+10.036,+0.960
1665519120,+3.47,+16.357,+10.047,+0.960
1665519180,+3.47,+16.340,+10.080,+0.960
1665519240,+3.47,+16.340,+10.067,+0.960
1665519300,+3.47,+16.348,+10.032,+0.960
1665519360,+3.47,+16.365,+10.019,+0.960
1665519420,+3.47,+16.348,+10.027,+0.960
1665519480,+3.47,+16.340,+10.019,+0.960
1665519540,+3.47,+16.331,+10.039,+0.960
1665519600,+3.47,+16.340, +9.948,+0.960
1665519660,+3.47,+16.314, +9.940,+0.960
1665519720,+3.47,+16.323, +9.903,+0.960
1665519780,+3.47,+16.323, +9.919,+0.960
1665519840,+3.47,+16.340, +9.914,+0.960
1665519900,+3.47,+16.348, +9.908,+0.960
1665519960,+3.47,+16.340, +9.935,+0.960
1665520020,+3.47,+16.331, +9.953,+0.960
1665520080,+3.47,+16.357, +9.948,+0.960
1665520140,+3.47,+16.348, +9.957,+0.960
1665520200,+3.47,+16.348, +9.955,+0.960
1665520260,+3.47,+16.340, +9.967,+0.960
1665520320,+3.47,+16.323, +9.907,+0.960
1665520380,+3.47,+16.323, +9.895,+0.960
1665520440,+3.47,+16.340, +9.904,+0.960
1665520500,+3.47,+16.331, +9.935,+0.960
1665520560,+3.47,+16.331, +9.944,+0.960
1665520620,+3.47,+16.340, +9.931,+0.960
1665520680,+3.47,+16.323, +9.920,+0.960
1665520740,+3.47,+16.331, +9.910,+0.960
1665520800,+3.47,+16.348, +9.886,+0.960
1665520860,+3.47,+16.340, +9.900,+0.960
1665520920,+3.47,+16.331, +9.918,+0.960
1665520980,+3.47,+16.331, +9.915,+0.959
1665521040,+3.47,+16.314, +9.927,+0.960
1665521100,+3.47,+16.314, +9.925,+0.961
1665521160,+3.47,+16.314, +9.928,+0.960
1665521220,+3.47,+16.323, +9.909,+0.960
1665521280,+3.47,+16.314, +9.922,+0.960
1665521340,+3.47,+16.323, +9.912,+0.960
1665521400,+3.47,+16.305, +9.914,+0.960
1665521460,+3.47,+16.314, +9.909,+0.960
1665521520,+3.47,+16.305, +9.916,+0.960
1665521580,+3.47,+16.323, +9.921,+0.960
1665521640,+3.47,+16.323, +9.905,+0.960
1665521700,+3.47,+16.305, +9.882,+0.960
1665521760,+3.47,+16.305, +9.901,+0.960
1665521820,+3.47,+16.297, +9.906,+0.960
1665521880,+3.47,+16.297, +9.924,+0.960
1665521940,+3.47,+16.323, +9.890,+0.960
1665522000,+3.47,+16.331, +9.814,+0.960
1665522060,+3.47,+16.323, +9.833,+0.960
1665522120,+3.47,+16.331, +9.697,+0.959
1665522180,+3.47,+16.357, +9.771,+0.960
1665522240,+3.47,+16.340, +9.812,+0.960
1665522300,+3.47,+16.331, +9.812,+0.960
1665522360,+3.47,+16.340, +9.770,+0.960
1665522420,+3.47,+16.365, +9.749,+0.960
1665522480,+3.47,+16.357, +9.726,+0.960
1665522540,+3.47,+16.365, +9.683,+0.960
1665522600,+3.47,+16.348, +9.697,+0.960
1665522660,+3.47,+16.365, +9.537,+0.960
1665522720,+3.47,+16.365, +9.544,+0.960
1665522780,+3.47,+16.374, +9.603,+0.960
1665522840,+3.47,+16.374, +9.640,+0.960
1665522900,+3.47,+16.382, +9.445,+0.960
1665522960,+3.47,+16.391, +9.430,+0.960
1665523020,+3.47,+16.399, +9.571,+0.960
1665523080,+3.47,+16.416, +9.661,+0.960
1665523140,+3.47,+16.391, +9.715,+0.960
1665523200,+3.47,+16.391, +9.721,+0.960
1665523260,+3.47,+16.408, +9.731,+0.960
1665523320,+3.47,+16.408, +9.727,+0.960
1665523380,+3.47,+16.416, +9.710,+0.960
1665523440,+3.47,+16.399, +9.730,+0.960
1665523500,+3.47,+16.425, +9.725,+0.960
1665523560,+3.47,+16.450, +9.689,+0.960
1665523620,+3.47,+16.459, +9.691,+0.960
1665523680,+3.47,+16.459, +9.694,+0.960
1665523740,+3.47,+16.476, +9.702,+0.960
1665523800,+3.47,+16.442, +9.718,+0.960
1665523860,+3.47,+16.467, +9.695,+0.960
1665523920,+3.47,+16.493, +9.659,+0.960
1665523980,+3.47,+16.484, +9.665,+0.960
1665524040,+3.47,+16.493, +9.667,+0.959
1665524100,+3.47,+16.476, +9.668,+0.960
1665524160,+3.47,+16.493, +9.660,+0.959
1665524220,+3.47,+16.493, +9.640,+0.960
1665524280,+3.47,+16.484, +9.651,+0.960
1665524340,+3.47,+16.518, +9.645,+0.960
1665524400,+3.47,+16.510, +9.626,+0.960
1665524460,+3.47,+16.510, +9.592,+0.960
1665524520,+3.47,+16.510, +9.628,+0.960
1665524580,+3.47,+16.518, +9.627,+0.960
1665524640,+3.47,+16.527, +9.627,+0.960
1665524700,+3.47,+16.535, +9.610,+0.960
1665524760,+3.47,+16.518, +9.627,+0.960
1665524820,+3.47,+16.552, +9.597,+0.960
1665524880,+3.47,+16.527, +9.583,+0.960
1665524940,+3.47,+16.544, +9.536,+0.960
1665525000,+3.47,+16.544, +9.504,+0.960
1665525060,+3.47,+16.569, +9.456,+0.960
1665525120,+3.47,+16.535, +9.437,+0.959
1665525180,+3.47,+16.535, +9.409,+0.960
1665525240,+3.47,+16.544, +9.406,+0.960
1665525300,+3.47,+16.552, +9.466,+0.959
1665525360,+3.47,+16.535, +9.497,+0.960
1665525420,+3.47,+16.552, +9.493,+0.960
1665525480,+3.47,+16.561, +9.480,+0.960
1665525540,+3.47,+16.544, +9.458,+0.960
1665525600,+3.47,+16.552, +9.380,+0.960
1665525660,+3.47,+16.561, +9.328,+0.960
1665525720,+3.47,+16.544, +9.275,+0.960
1665525780,+3.47,+16.552, +9.274,+0.960
1665525840,+3.47,+16.561, +9.120,+0.960
1665525900,+3.47,+16.544, +8.989,+0.960
1665525960,+3.47,+16.552, +9.043,+0.959
1665526020,+3.47,+16.544, +9.012,+0.960
1665526080,+3.47,+16.535, +8.952,+0.959
1665526140,+3.47,+16.535, +8.887,+0.960
1665526200,+3.47,+16.535, +8.917,+0.960
1665526260,+3.47,+16.535, +8.883,+0.960
1665526320,+3.47,+16.544, +8.905,+0.959
1665526380,+3.47,+16.527, +9.022,+0.960
1665526440,+3.47,+16.518, +9.098,+0.959
1665526500,+3.47,+16.535, +9.028,+0.960
1665526560,+3.47,+16.535, +8.949,+0.960
1665526620,+3.47,+16.535, +8.860,+0.960
1665526680,+3.47,+16.535, +8.890,+0.959
1665526740,+3.47,+16.535, +8.828,+0.960
1665526800,+3.47,+16.518, +8.872,+0.960
1665526860,+3.47,+16.518, +8.810,+0.959
1665526920,+3.47,+16.527, +8.691,+0.959
1665526980,+3.47,+16.510, +8.660,+0.960
1665527040,+3.47,+16.510, +8.469,+0.959
1665527100,+3.47,+16.510, +8.540,+0.959
1665527160,+3.47,+16.510, +8.448,+0.959
1665527220,+3.47,+16.501, +8.466,+0.959
1665527280,+3.47,+16.510, +8.548,+0.959
1665527340,+3.47,+16.518, +8.751,+0.960
1665527400,+3.47,+16.510, +8.715,+0.960
1665527460,+3.47,+16.484, +8.926,+0.960
1665527520,+3.47,+16.484, +8.950,+0.959
1665527580,+3.47,+16.501, +8.945,+0.960
1665527640,+3.47,+16.476, +9.174,+0.960
1665527700,+3.47,+16.467, +9.263,+0.960
1665527760,+3.47,+16.476, +9.277,+0.960
1665527820,+3.47,+16.467, +9.268,+0.960
1665527880,+3.47,+16.459, +9.435,+0.960
1665527940,+3.47,+16.459, +9.410,+0.960
1665528000,+3.47,+16.459, +9.366,+0.960
1665528060,+3.47,+16.450, +9.323,+0.959
1665528120,+3.47,+16.459, +9.305,+0.960
1665528180,+3.47,+16.450, +9.317,+0.960
1665528240,+3.47,+16.467, +9.264,+0.960
1665528300,+3.47,+16.467, +9.164,+0.960
1665528360,+3.47,+16.450, +9.166,+0.960
1665528420,+3.47,+16.459, +9.160,+0.960
1665528480,+3.47,+16.467, +9.143,+0.960
1665528540,+3.47,+16.459, +9.159,+0.959
1665528600,+3.47,+16.467, +9.187,+0.960
1665528660,+3.47,+16.467, +9.176,+0.960
1665528720,+3.47,+16.450, +9.227,+0.960
1665528780,+3.47,+16.459, +9.261,+0.960
1665528840,+3.47,+16.476, +9.254,+0.960
1665528900,+3.47,+16.476, +9.298,+0.960
1665528960,+3.47,+16.476, +9.313,+0.960
1665529020,+3.47,+16.476, +9.304,+0.960
1665529080,+3.47,+16.476, +9.320,+0.960
1665529140,+3.47,+16.484, +9.332,+0.960
1665529200,+3.47,+16.484, +9.357,+0.960
1665529260,+3.47,+16.493, +9.348,+0.960
1665529320,+3.47,+16.476, +9.325,+0.960
1665529380,+3.47,+16.484, +9.304,+0.960
1665529440,+3.47,+16.467, +9.363,+0.960
1665529500,+3.47,+16.484, +9.410,+0.961
1665529560,+3.47,+16.501, +9.402,+0.960
1665529620,+3.47,+16.501, +9.406,+0.960
1665529680,+3.47,+16.493, +9.434,+0.960
1665529740,+3.47,+16.501, +9.381,+0.960
1665529800,+3.47,+16.527, +9.360,+0.960
1665529860,+3.47,+16.535, +9.342,+0.960
1665529920,+3.47,+16.527, +9.300,+0.960
1665529980,+3.47,+16.501, +9.316,+0.960
1665530040,+3.47,+16.518, +9.273,+0.960
1665530100,+3.47,+16.510, +9.280,+0.960
1665530160,+3.47,+16.501, +9.293,+0.960
1665530220,+3.47,+16.518, +9.281,+0.960
1665530280,+3.47,+16.527, +9.280,+0.960
1665530340,+3.47,+16.510, +9.272,+0.960
1665530400,+3.47,+16.501, +9.286,+0.960
1665530460,+3.47,+16.484, +9.285,+0.960
1665530520,+3.47,+16.501, +9.255,+0.959
1665530580,+3.47,+16.501, +9.248,+0.960
1665530640,+3.47,+16.501, +9.240,+0.960
1665530700,+3.47,+16.484, +9.259,+0.960
1665530760,+3.47,+16.518, +9.231,+0.960
1665530820,+3.47,+16.518, +9.090,+0.960
1665530880,+3.47,+16.527, +9.150,+0.960
1665530940,+3.47,+16.510, +9.180,+0.960
1665531000,+3.47,+16.501, +9.167,+0.960
1665531060,+3.47,+16.510, +9.007,+0.960
1665531120,+3.47,+16.493, +8.871,+0.959
1665531180,+3.47,+16.518, +8.630,+0.959
1665531240,+3.47,+16.535, +8.649,+0.959
1665531300,+3.47,+16.535, +8.632,+0.959
1665531360,+3.47,+16.518, +8.407,+0.959
1665531420,+3.47,+16.535, +8.284,+0.960
1665531480,+3.47,+16.527, +8.534,+0.959
1665531540,+3.47,+16.527, +8.411,+0.959
1665531600,+3.47,+16.527, +8.444,+0.960
1665531660,+3.47,+16.544, +8.560,+0.959
1665531720,+3.47,+16.527, +8.607,+0.960
1665531780,+3.47,+16.518, +8.717,+0.959
1665531840,+3.47,+16.544, +8.801,+0.960
1665531900,+3.47,+16.527, +8.898,+0.960
1665531960,+3.47,+16.527, +8.787,+0.959
1665532020,+3.47,+16.535, +8.682,+0.959
1665532080,+3.47,+16.544, +8.758,+0.959
1665532140,+3.47,+16.535, +8.429,+0.959
1665532200,+3.47,+16.535, +8.367,+0.959
1665532260,+3.47,+16.535, +8.200,+0.960
1665532320,+3.47,+16.535, +7.884,+0.959
1665532380,+3.47,+16.544, +7.607,+0.959
1665532440,+3.47,+16.535, +7.780,+0.959
1665532500,+3.47,+16.535, +8.124,+0.959
1665532560,+3.47,+16.535, +8.105,+0.958
1665532620,+3.47,+16.527, +8.069,+0.959
1665532680,+3.47,+16.535, +7.893,+0.959
1665532740,+3.47,+16.527, +7.846,+0.959
1665532800,+3.47,+16.544, +7.981,+0.959
1665532860,+3.47,+16.544, +8.022,+0.959
1665532920,+3.47,+16.535, +8.111,+0.959
1665532980,+3.47,+16.544, +8.154,+0.959
1665533040,+3.47,+16.518, +8.214,+0.959
1665533100,+3.47,+16.535, +8.296,+0.959
1665533160,+3.47,+16.527, +8.326,+0.959
1665533220,+3.47,+16.544, +8.178,+0.959
1665533280,+3.47,+16.535, +8.136,+0.959
1665533340,+3.47,+16.535, +8.169,+0.959
1665533400,+3.47,+16.544, +8.193,+0.959
1665533460,+3.47,+16.535, +8.292,+0.959
1665533520,+3.47,+16.544, +8.372,+0.959
1665533580,+3.47,+16.527, +8.234,+0.959
1665533640,+3.47,+16.518, +8.210,+0.959
1665533700,+3.47,+16.535, +8.355,+0.958
1665533760,+3.47,+16.544, +8.157,+0.958
1665533820,+3.47,+16.544, +7.651,+0.959
1665533880,+3.47,+16.535, +7.397,+0.959
1665533940,+3.47,+16.544, +7.316,+0.959
1665534000,+3.47,+16.535, +7.437,+0.959
1665534060,+3.47,+16.535, +7.505,+0.959
1665534120,+3.47,+16.527, +7.757,+0.959
1665534180,+3.47,+16.527, +7.962,+0.959
1665534240,+3.47,+16.518, +8.004,+0.959
1665534300,+3.47,+16.518, +8.099,+0.959
1665534360,+3.47,+16.535, +7.851,+0.959
1665534420,+3.47,+16.518, +7.852,+0.959
1665534480,+3.47,+16.501, +7.992,+0.959
1665534540,+3.47,+16.484, +8.007,+0.959
1665534600,+3.47,+16.518, +8.112,+0.959
1665534660,+3.47,+16.501, +8.224,+0.959
1665534720,+3.47,+16.501, +8.113,+0.959
1665534780,+3.47,+16.501, +8.324,+0.959
1665534840,+3.47,+16.501, +8.551,+0.959
1665534900,+3.47,+16.493, +8.538,+0.959
1665534960,+3.47,+16.484, +8.115,+0.959
1665535020,+3.47,+16.484, +7.910,+0.959
1665535080,+3.47,+16.484, +7.975,+0.960
1665535140,+3.47,+16.476, +8.037,+0.959
1665535200,+3.47,+16.484, +8.332,+0.959
1665535260,+3.47,+16.493, +8.563,+0.960
1665535320,+3.47,+16.467, +8.766,+0.960
1665535380,+3.47,+16.476, +8.815,+0.959
1665535440,+3.47,+16.467, +8.958,+0.960
1665535500,+3.47,+16.467, +9.058,+0.960
1665535560,+3.47,+16.467, +9.066,+0.959
1665535620,+3.47,+16.450, +9.066,+0.960
1665535680,+3.47,+16.433, +9.175,+0.960
1665535740,+3.47,+16.433, +9.211,+0.960
1665535800,+3.47,+16.416, +9.204,+0.959
1665535860,+3.47,+16.408, +9.242,+0.959
1665535920,+3.47,+16.442, +9.207,+0.960
1665535980,+3.47,+16.433, +9.208,+0.959
1665536040,+3.47,+16.425, +9.272,+0.960
1665536100,+3.47,+16.399, +9.339,+0.960
1665536160,+3.47,+16.399, +9.355,+0.959
1665536220,+3.47,+16.374, +9.417,+0.959
1665536280,+3.47,+16.374, +9.461,+0.960
1665536340,+3.47,+16.374, +9.441,+0.960
1665536400,+3.47,+16.374, +9.421,+0.960
1665536460,+3.47,+16.374, +9.436,+0.960
1665536520,+3.47,+16.382, +9.441,+0.960
1665536580,+3.47,+16.365, +9.475,+0.960
1665536640,+3.47,+16.374, +9.513,+0.960
1665536700,+3.47,+16.365, +9.535,+0.960
1665536760,+3.47,+16.357, +9.530,+0.960
1665536820,+3.47,+16.365, +9.511,+0.960
1665536880,+3.47,+16.365, +9.498,+0.960
1665536940,+3.47,+16.357, +9.532,+0.960
1665537000,+3.47,+16.365, +9.497,+0.960
1665537060,+3.47,+16.348, +9.527,+0.960
1665537120,+3.47,+16.340, +9.525,+0.960
1665537180,+3.47,+16.357, +9.480,+0.960
1665537240,+3.47,+16.331, +9.459,+0.960
1665537300,+3.47,+16.340, +9.461,+0.959
1665537360,+3.47,+16.357, +9.427,+0.960
1665537420,+3.47,+16.357, +9.423,+0.959
1665537480,+3.47,+16.340, +9.397,+0.960
1665537540,+3.47,+16.357, +9.376,+0.960
1665537600,+3.47,+16.348, +9.405,+0.960
1665537660,+3.47,+16.340, +9.473,+0.960
1665537720,+3.47,+16.340, +9.472,+0.960
1665537780,+3.47,+16.323, +9.494,+0.960
1665537840,+3.47,+16.305, +9.536,+0.960
1665537900,+3.47,+16.323, +9.545,+0.960
1665537960,+3.47,+16.323, +9.599,+0.960
1665538020,+3.47,+16.297, +9.607,+0.960
1665538080,+3.47,+16.331, +9.654,+0.960
1665538140,+3.47,+16.305, +9.690,+0.960
1665538200,+3.47,+16.305, +9.710,+0.960
1665538260,+3.47,+16.280, +9.738,+0.960
1665538320,+3.47,+16.297, +9.757,+0.960
1665538380,+3.47,+16.297, +9.767,+0.960
1665538440,+3.47,+16.271, +9.773,+0.960
1665538500,+3.47,+16.271, +9.795,+0.960
1665538560,+3.47,+16.288, +9.746,+0.959
1665538620,+3.47,+16.280, +9.750,+0.960
1665538680,+3.47,+16.288, +9.755,+0.960
1665538740,+3.47,+16.280, +9.714,+0.960
1665538800,+3.47,+16.288, +9.730,+0.960
1665538860,+3.47,+16.271, +9.731,+0.960
1665538920,+3.47,+16.246, +9.771,+0.960
1665538980,+3.47,+16.297, +9.780,+0.960
1665539040,+3.47,+16.271, +9.825,+0.960
1665539100,+3.47,+16.254, +9.837,+0.960
1665539160,+3.47,+16.263, +9.802,+0.960
1665539220,+3.47,+16.254, +9.829,+0.960
1665539280,+3.47,+16.263, +9.823,+0.960
1665539340,+3.47,+16.271, +9.797,+0.960
1665539400,+3.47,+16.254, +9.815,+0.960
1665539460,+3.47,+16.254, +9.801,+0.960
1665539520,+3.47,+16.263, +9.779,+0.960
1665539580,+3.47,+16.263, +9.784,+0.960
1665539640,+3.47,+16.246, +9.786,+0.960
1665539700,+3.47,+16.263, +9.751,+0.960
1665539760,+3.47,+16.254, +9.737,+0.960
1665539820,+3.47,+16.263, +9.742,+0.960
1665539880,+3.47,+16.246, +9.707,+0.960
1665539940,+3.47,+16.246, +9.678,+0.959
1665540000,+3.47,+16.263, +9.688,+0.960
1665540060,+3.47,+16.263, +9.691,+0.960
1665540120,+3.47,+16.254, +9.662,+0.960
1665540180,+3.47,+16.254, +9.186,+0.960
1665540240,+3.47,+16.237, +9.380,+0.960
1665540300,+3.48,+16.220, +9.667,+0.960
1665540360,+3.47,+16.220, +9.791,+0.959
1665540420,+3.47,+16.246, +9.836,+0.960
1665540480,+3.48,+16.237, +9.808,+0.960
1665540540,+3.47,+16.237, +9.795,+0.960
1665540600,+3.47,+16.229, +9.807,+0.960
1665540660,+3.48,+16.237, +9.813,+0.960
1665540720,+3.47,+16.237, +9.821,+0.960
1665540780,+3.48,+16.237, +9.847,+0.960
1665540840,+3.47,+16.229, +9.872,+0.960
1665540900,+3.48,+16.220, +9.839,+0.960
1665540960,+3.47,+16.229, +9.816,+0.960
1665541020,+3.47,+16.254, +9.755,+0.960
1665541080,+3.48,+16.229, +9.711,+0.960
1665541140,+3.47,+16.237, +9.668,+0.960
1665541200,+3.47,+16.254, +9.653,+0.960
1665541260,+3.47,+16.246, +9.591,+0.960
1665541320,+3.47,+16.229, +9.577,+0.960
1665541380,+3.47,+16.229, +9.653,+0.960
1665541440,+3.47,+16.246, +9.654,+0.960
1665541500,+3.47,+16.237, +9.716,+0.960
1665541560,+3.47,+16.237, +9.790,+0.960
1665541620,+3.48,+16.212, +9.841,+0.960
1665541680,+3.47,+16.220, +9.863,+0.960
1665541740,+3.47,+16.212, +9.890,+0.960
1665541800,+3.48,+16.229, +9.909,+0.960
1665541860,+3.48,+16.220, +9.917,+0.960
1665541920,+3.48,+16.203, +9.922,+0.960
1665541980,+3.47,+16.195, +9.867,+0.960
1665542040,+3.48,+16.203, +9.912,+0.960
1665542100,+3.48,+16.195, +9.930,+0.960
1665542160,+3.48,+16.195, +9.937,+0.960
1665542220,+3.48,+16.186, +9.931,+0.960
1665542280,+3.48,+16.212, +9.916,+0.960
1665542340,+3.48,+16.212, +9.878,+0.960
1665542400,+3.47,+16.220, +9.844,+0.960
1665542460,+3.47,+16.229, +9.832,+0.960
1665542520,+3.47,+16.212, +9.777,+0.960
1665542580,+3.48,+16.203, +9.768,+0.960
1665542640,+3.47,+16.203, +9.802,+0.960
1665542700,+3.48,+16.203, +9.775,+0.960
1665542760,+3.47,+16.212, +9.662,+0.959
1665542820,+3.48,+16.203, +9.126,+0.959
1665542880,+3.48,+16.186, +9.264,+0.960
1665542940,+3.47,+16.220, +9.404,+0.960
1665543000,+3.48,+16.195, +9.376,+0.960
1665543060,+3.48,+16.203, +9.368,+0.959
1665543120,+3.48,+16.212, +9.402,+0.960
1665543180,+3.48,+16.203, +9.425,+0.960
1665543240,+3.48,+16.195, +9.489,+0.960
1665543300,+3.48,+16.195, +9.364,+0.960
1665543360,+3.48,+16.195, +9.425,+0.960
1665543420,+3.48,+16.212, +9.410,+0.959
1665543480,+3.48,+16.195, +9.495,+0.960
1665543540,+3.48,+16.203, +9.511,+0.960
1665543600,+3.47,+16.212, +9.427,+0.960
1665543660,+3.48,+16.203, +9.366,+0.960
1665543720,+3.47,+16.212, +9.438,+0.960
1665543780,+3.48,+16.195, +9.543,+0.960
1665543840,+3.48,+16.195, +9.656,+0.960
1665543900,+3.47,+16.212, +9.741,+0.960
1665543960,+3.48,+16.195, +9.760,+0.959
1665544020,+3.48,+16.186, +9.766,+0.960
1665544080,+3.47,+16.195, +9.756,+0.960
1665544140,+3.47,+16.195, +9.750,+0.960
1665544200,+3.47,+16.195, +9.779,+0.960
1665544260,+3.48,+16.212, +9.753,+0.960
1665544320,+3.48,+16.169, +9.785,+0.960
1665544380,+3.48,+16.195, +9.798,+0.961
1665544440,+3.47,+16.195, +9.808,+0.960
1665544500,+3.48,+16.178, +9.786,+0.960
1665544560,+3.48,+16.195, +9.787,+0.960
1665544620,+3.47,+16.203, +9.793,+0.960
1665544680,+3.48,+16.212, +9.755,+0.960
1665544740,+3.47,+16.203, +9.740,+0.960
1665544800,+3.47,+16.203, +9.487,+0.960
1665544860,+3.47,+16.212, +9.405,+0.960
1665544920,+3.47,+16.203, +9.194,+0.959
1665544980,+3.47,+16.220, +8.831,+0.959
1665545040,+3.47,+16.212, +8.528,+0.960
1665545100,+3.47,+16.220, +8.474,+0.959
1665545160,+3.47,+16.203, +8.649,+0.959
1665545220,+3.47,+16.212, +8.555,+0.959
1665545280,+3.47,+16.220, +8.950,+0.960
1665545340,+3.47,+16.212, +9.112,+0.959
1665545400,+3.47,+16.220, +9.271,+0.960
1665545460,+3.47,+16.237, +9.161,+0.959
1665545520,+3.47,+16.203, +9.070,+0.960
1665545580,+3.47,+16.220, +8.784,+0.959
1665545640,+3.47,+16.263, +8.730,+0.959
1665545700,+3.48,+16.220, +8.516,+0.959
1665545760,+3.47,+16.212, +8.464,+0.959
1665545820,+3.47,+16.229, +8.719,+0.959
1665545880,+3.47,+16.246, +8.821,+0.959
1665545940,+3.47,+16.229, +8.809,+0.960
1665546000,+3.47,+16.229, +8.622,+0.959
1665546060,+3.47,+16.237, +8.441,+0.960
1665546120,+3.47,+16.229, +8.138,+0.960
1665546180,+3.47,+16.229, +7.927,+0.959
1665546240,+3.47,+16.254, +7.769,+0.959
1665546300,+3.47,+16.237, +7.729,+0.959
1665546360,+3.47,+16.254, +7.681,+0.959
1665546420,+3.47,+16.254, +7.628,+0.959
1665546480,+3.47,+16.246, +7.561,+0.959
1665546540,+3.47,+16.263, +7.496,+0.959
1665546600,+3.47,+16.254, +7.382,+0.960
1665546660,+3.47,+16.237, +7.299,+0.959
1665546720,+3.47,+16.254, +6.932,+0.959
1665546780,+3.47,+16.254, +6.584,+0.959
1665546840,+3.47,+16.254, +6.870,+0.959
1665546900,+3.47,+16.237, +7.332,+0.958
1665546960,+3.47,+16.246, +7.883,+0.959
1665547020,+3.47,+16.237, +8.047,+0.959
1665547080,+3.47,+16.246, +8.042,+0.960
1665547140,+3.47,+16.254, +7.926,+0.959
1665547200,+3.47,+16.246, +7.625,+0.959
1665547260,+3.47,+16.254, +7.687,+0.959
1665547320,+3.47,+16.246, +7.399,+0.959
1665547380,+3.47,+16.254, +6.919,+0.959
1665547440,+3.47,+16.220, +7.092,+0.959
1665547500,+3.47,+16.220, +6.675,+0.959
1665547560,+3.48,+16.212, +7.151,+0.958
1665547620,+3.48,+16.195, +7.431,+0.959
1665547680,+3.48,+16.178, +7.831,+0.959
1665547740,+3.48,+16.186, +8.059,+0.959
1665547800,+3.48,+16.195, +8.128,+0.959
1665547860,+3.48,+16.161, +7.909,+0.959
1665547920,+3.47,+16.186, +7.506,+0.959
1665547980,+3.48,+16.169, +7.233,+0.959
1665548040,+3.47,+16.195, +6.727,+0.959
1665548100,+3.48,+16.178, +6.419,+0.959
1665548160,+3.48,+16.169, +6.410,+0.959
1665548220,+3.48,+16.161, +6.492,+0.958
1665548280,+3.48,+16.178, +7.063,+0.958
1665548340,+3.48,+16.178, +7.542,+0.959
1665548400,+3.47,+16.169, +7.771,+0.959
1665548460,+3.48,+16.161, +7.385,+0.959
1665548520,+3.48,+16.178, +6.835,+0.958
1665548580,+3.48,+16.169, +6.684,+0.959
1665548640,+3.48,+16.178, +6.622,+0.959
1665548700,+3.47,+16.195, +6.536,+0.959
1665548760,+3.48,+16.161, +6.173,+0.959
1665548820,+3.47,+16.178, +5.734,+0.959
1665548880,+3.48,+16.169, +6.123,+0.959
1665548940,+3.47,+16.178, +6.001,+0.959
1665549000,+3.48,+16.143, +5.995,+0.959
1665549060,+3.47,+16.178, +6.604,+0.959
1665549120,+3.47,+16.186, +6.867,+0.959
1665549180,+3.48,+16.161, +6.570,+0.959
1665549240,+3.48,+16.161, +6.619,+0.959
1665549300,+3.48,+16.161, +6.961,+0.959
1665549360,+3.48,+16.169, +6.736,+0.959
1665549420,+3.48,+16.161, +6.275,+0.960
1665549480,+3.48,+16.169, +5.995,+0.959
1665549540,+3.48,+16.169, +5.792,+0.959
1665549600,+3.48,+16.143, +6.116,+0.959
1665549660,+3.47,+16.169, +6.616,+0.959
1665549720,+3.47,+16.161, +7.177,+0.959
1665549780,+3.47,+16.169, +7.589,+0.959
1665549840,+3.47,+16.152, +8.057,+0.959
1665549900,+3.48,+16.161, +8.523,+0.959
1665549960,+3.48,+16.178, +8.827,+0.960
1665550020,+3.48,+16.169, +9.099,+0.959
1665550080,+3.48,+16.161, +9.307,+0.960
1665550140,+3.48,+16.143, +9.411,+0.960
1665550200,+3.48,+16.152, +9.482,+0.959
1665550260,+3.48,+16.135, +9.515,+0.960
1665550320,+3.48,+16.143, +9.536,+0.960
1665550380,+3.48,+16.152, +9.572,+0.960
1665550440,+3.48,+16.161, +9.568,+0.960
1665550500,+3.48,+16.161, +9.544,+0.960
1665550560,+3.48,+16.161, +9.541,+0.959
1665550620,+3.48,+16.161, +9.539,+0.960
1665550680,+3.48,+16.161, +9.491,+0.960
1665550740,+3.48,+16.152, +9.469,+0.960
1665550800,+3.47,+16.186, +9.470,+0.960
1665550860,+3.48,+16.169, +9.469,+0.960
1665550920,+3.48,+16.195, +9.440,+0.960
1665550980,+3.48,+16.195, +9.170,+0.960
1665551040,+3.47,+16.212, +8.641,+0.960
1665551100,+3.48,+16.186, +8.390,+0.960
1665551160,+3.47,+16.212, +8.513,+0.960
1665551220,+3.47,+16.195, +8.768,+0.960
1665551280,+3.47,+16.195, +8.754,+0.959
1665551340,+3.47,+16.203, +8.628,+0.960
1665551400,+3.47,+16.220, +8.524,+0.960
1665551460,+3.47,+16.220, +8.446,+0.959
1665551520,+3.47,+16.220, +8.442,+0.959
1665551580,+3.47,+16.212, +8.440,+0.959
1665551640,+3.47,+16.229, +8.339,+0.960
1665551700,+3.47,+16.229, +8.245,+0.959
1665551760,+3.47,+16.229, +8.146,+0.959
1665551820,+3.47,+16.237, +7.985,+0.960
1665551880,+3.47,+16.229, +7.695,+0.959
1665551940,+3.47,+16.229, +7.517,+0.959
1665552000,+3.47,+16.246, +7.281,+0.959
1665552060,+3.47,+16.237, +7.011,+0.959
1665552120,+3.47,+16.254, +6.896,+0.959
1665552180,+3.47,+16.237, +6.913,+0.959
1665552240,+3.47,+16.229, +6.892,+0.959
1665552300,+3.47,+16.246, +6.967,+0.959
1665552360,+3.47,+16.254, +6.805,+0.959
1665552420,+3.47,+16.237, +6.222,+0.960
1665552480,+3.47,+16.229, +5.836,+0.960
1665552540,+3.47,+16.220, +6.126,+0.959
1665552600,+3.47,+16.220, +6.767,+0.958
1665552660,+3.47,+16.229, +7.146,+0.958
1665552720,+3.47,+16.212, +6.889,+0.959
1665552780,+3.47,+16.212, +6.277,+0.959
1665552840,+3.47,+16.212, +5.505,+0.959
1665552900,+3.47,+16.229, +5.379,+0.960
1665552960,+3.48,+16.212, +5.644,+0.960
1665553020,+3.47,+16.229, +5.920,+0.960
1665553080,+3.47,+16.229, +6.146,+0.960
1665553140,+3.47,+16.229, +6.364,+0.959
1665553200,+3.47,+16.212, +6.479,+0.959
1665553260,+3.47,+16.229, +6.495,+0.959
1665553320,+3.47,+16.220, +6.587,+0.959
1665553380,+3.47,+16.229, +6.663,+0.959
1665553440,+3.47,+16.212, +6.954,+0.958
1665553500,+3.47,+16.203, +6.953,+0.958
1665553560,+3.47,+16.203, +6.883,+0.958
1665553620,+3.47,+16.229, +6.629,+0.958
1665553680,+3.47,+16.229, +6.557,+0.959
1665553740,+3.47,+16.237, +6.380,+0.959
1665553800,+3.47,+16.220, +6.403,+0.959
1665553860,+3.47,+16.212, +6.462,+0.960
1665553920,+3.47,+16.237, +6.705,+0.959
1665553980,+3.47,+16.212, +6.609,+0.959
1665554040,+3.47,+16.220, +6.231,+0.959
1665554100,+3.47,+16.212, +6.503,+0.959
1665554160,+3.47,+16.203, +6.782,+0.959
1665554220,+3.47,+16.195, +7.382,+0.959
1665554280,+3.47,+16.212, +7.726,+0.960
1665554340,+3.47,+16.212, +7.873,+0.960
1665554400,+3.47,+16.220, +7.832,+0.960
1665554460,+3.47,+16.229, +7.638,+0.960
1665554520,+3.47,+16.203, +7.484,+0.960
1665554580,+3.47,+16.212, +7.304,+0.960
1665554640,+3.47,+16.237, +7.154,+0.960
1665554700,+3.47,+16.195, +7.174,+0.959
1665554760,+3.47,+16.203, +6.899,+0.958
1665554820,+3.47,+16.186, +6.612,+0.958
1665554880,+3.47,+16.195, +6.943,+0.959
1665554940,+3.47,+16.195, +7.256,+0.959
1665555000,+3.47,+16.186, +7.580,+0.959
1665555060,+3.47,+16.203, +7.938,+0.959
1665555120,+3.47,+16.212, +8.058,+0.959
1665555180,+3.47,+16.195, +8.153,+0.959
1665555240,+3.47,+16.220, +8.204,+0.959
1665555300,+3.47,+16.195, +8.297,+0.960
1665555360,+3.47,+16.212, +8.253,+0.959
1665555420,+3.47,+16.195, +8.072,+0.959
1665555480,+3.47,+16.203, +7.844,+0.959
1665555540,+3.47,+16.220, +7.705,+0.959
1665555600,+3.47,+16.212, +7.554,+0.959
1665555660,+3.47,+16.203, +7.311,+0.959
1665555720,+3.47,+16.203, +7.707,+0.959
1665555780,+3.47,+16.203, +7.701,+0.959
1665555840,+3.47,+16.178, +7.746,+0.959
1665555900,+3.47,+16.203, +7.701,+0.959
1665555960,+3.47,+16.203, +7.603,+0.959
1665556020,+3.47,+16.195, +7.466,+0.959
1665556080,+3.47,+16.178, +7.201,+0.959
1665556140,+3.47,+16.203, +6.978,+0.959
1665556200,+3.47,+16.195, +6.827,+0.958
1665556260,+3.47,+16.186, +6.516,+0.958
1665556320,+3.47,+16.212, +6.444,+0.957
1665556380,+3.47,+16.203, +6.430,+0.957
1665556440,+3.47,+16.186, +6.431,+0.956
1665556500,+3.48,+16.195, +6.488,+0.956
1665556560,+3.47,+16.178, +6.867,+0.957
1665556620,+3.47,+16.169, +7.715,+0.958
1665556680,+3.47,+16.178, +8.134,+0.959
1665556740,+3.48,+16.161, +8.361,+0.958
1665556800,+3.47,+16.161, +8.466,+0.959
1665556860,+3.47,+16.186, +8.306,+0.959
1665556920,+3.48,+16.152, +8.318,+0.959
1665556980,+3.47,+16.161, +8.311,+0.959
1665557040,+3.48,+16.169, +8.250,+0.959
1665557100,+3.47,+16.152, +8.197,+0.959
1665557160,+3.47,+16.178, +8.303,+0.959
1665557220,+3.47,+16.178, +8.132,+0.959
1665557280,+3.47,+16.178, +7.763,+0.959
1665557340,+3.47,+16.186, +7.511,+0.959
1665557400,+3.47,+16.178, +7.146,+0.959
1665557460,+3.47,+16.203, +6.604,+0.960
1665557520,+3.47,+16.195, +5.942,+0.959
1665557580,+3.47,+16.186, +4.938,+0.960
1665557640,+3.47,+16.195, +4.388,+0.960
1665557700,+3.47,+16.195, +3.995,+0.960
1665557760,+3.47,+16.203, +4.488,+0.959
1665557820,+3.47,+16.186, +4.171,+0.960
1665557880,+3.47,+16.195, +4.000,+0.960
1665557940,+3.47,+16.195, +3.958,+0.959
1665558000,+3.47,+16.195, +4.569,+0.958
1665558060,+3.47,+16.195, +4.762,+0.957
1665558120,+3.47,+16.186, +4.599,+0.958
1665558180,+3.47,+16.178, +5.317,+0.959
1665558240,+3.47,+16.195, +5.999,+0.959
1665558300,+3.47,+16.195, +6.606,+0.959
1665558360,+3.48,+16.178, +7.253,+0.960
1665558420,+3.48,+16.186, +7.801,+0.960
1665558480,+3.47,+16.186, +8.147,+0.959
1665558540,+3.47,+16.195, +8.403,+0.959
1665558600,+3.47,+16.186, +8.562,+0.959
1665558660,+3.47,+16.195, +8.648,+0.959
1665558720,+3.47,+16.203, +8.654,+0.959
1665558780,+3.48,+16.169, +8.840,+0.960
1665558840,+3.48,+16.195, +8.930,+0.960
1665558900,+3.47,+16.186, +8.897,+0.959
1665558960,+3.47,+16.203, +8.815,+0.960
1665559020,+3.47,+16.195, +8.750,+0.959
1665559080,+3.47,+16.203, +8.647,+0.960
1665559140,+3.47,+16.186, +8.544,+0.959
1665559200,+3.47,+16.195, +8.440,+0.959
1665559260,+3.47,+16.203, +8.232,+0.959
1665559320,+3.47,+16.203, +7.928,+0.959
1665559380,+3.47,+16.212, +7.766,+0.959
1665559440,+3.47,+16.220, +7.760,+0.959
1665559500,+3.47,+16.212, +7.784,+0.959
1665559560,+3.47,+16.203, +7.403,+0.959
1665559620,+3.47,+16.212, +6.783,+0.959
1665559680,+3.47,+16.203, +6.826,+0.959
1665559740,+3.47,+16.212, +6.814,+0.959
1665559800,+3.47,+16.203, +6.685,+0.959
1665559860,+3.47,+16.220, +6.598,+0.959
1665559920,+3.47,+16.220, +6.518,+0.959
1665559980,+3.47,+16.195, +7.520,+0.959
1665560040,+3.47,+16.195, +7.983,+0.959
1665560100,+3.47,+16.178, +8.361,+0.959
1665560160,+3.47,+16.203, +8.593,+0.959
1665560220,+3.47,+16.186, +8.698,+0.959
1665560280,+3.47,+16.203, +8.671,+0.959
1665560340,+3.47,+16.203, +8.670,+0.959
1665560400,+3.47,+16.203, +8.632,+0.959
1665560460,+3.48,+16.203, +8.628,+0.959
1665560520,+3.47,+16.203, +8.598,+0.959
1665560580,+3.47,+16.220, +8.427,+0.959
1665560640,+3.47,+16.203, +8.053,+0.960
1665560700,+3.47,+16.220, +7.650,+0.960
1665560760,+3.47,+16.203, +7.367,+0.959
1665560820,+3.47,+16.195, +7.104,+0.959
1665560880,+3.47,+16.195, +7.636,+0.959
1665560940,+3.47,+16.186, +7.753,+0.959
1665561000,+3.47,+16.169, +7.592,+0.959
1665561060,+3.47,+16.195, +7.522,+0.959
1665561120,+3.47,+16.195, +7.375,+0.959
1665561180,+3.47,+16.186, +7.394,+0.958
1665561240,+3.48,+16.161, +7.386,+0.958
1665561300,+3.48,+16.169, +7.548,+0.959
1665561360,+3.47,+16.161, +7.818,+0.959
1665561420,+3.48,+16.161, +7.810,+0.959
1665561480,+3.47,+16.169, +7.734,+0.959
1665561540,+3.48,+16.161, +7.752,+0.959
1665561600,+3.47,+16.169, +7.613,+0.959
1665561660,+3.48,+16.161, +7.294,+0.959
1665561720,+3.48,+16.152, +6.984,+0.959
1665561780,+3.47,+16.152, +6.606,+0.959
1665561840,+3.48,+16.152, +6.198,+0.959
1665561900,+3.47,+16.152, +5.832,+0.959
1665561960,+3.47,+16.178, +5.466,+0.960
1665562020,+3.47,+16.169, +5.248,+0.960
1665562080,+3.47,+16.152, +5.049,+0.960
1665562140,+3.47,+16.178, +4.924,+0.960
1665562200,+3.47,+16.161, +4.689,+0.959
1665562260,+3.47,+16.152, +4.760,+0.959
1665562320,+3.47,+16.186, +5.089,+0.957
1665562380,+3.48,+16.161, +5.397,+0.957
1665562440,+3.48,+16.135, +5.646,+0.957
1665562500,+3.47,+16.161, +5.683,+0.958
1665562560,+3.48,+16.152, +5.722,+0.958
1665562620,+3.47,+16.152, +6.080,+0.956
1665562680,+3.47,+16.143, +5.975,+0.956
1665562740,+3.47,+16.152, +5.861,+0.957
1665562800,+3.48,+16.143, +5.953,+0.956
1665562860,+3.48,+16.143, +5.934,+0.956
1665562920,+3.48,+16.169, +5.866,+0.958
1665562980,+3.47,+16.143, +5.864,+0.958
1665563040,+3.48,+16.143, +5.939,+0.958
1665563100,+3.48,+16.161, +5.871,+0.958
1665563160,+3.48,+16.143, +5.676,+0.959
1665563220,+3.48,+16.161, +5.482,+0.959
1665563280,+3.48,+16.161, +5.419,+0.959
1665563340,+3.48,+16.143, +5.253,+0.959
1665563400,+3.47,+16.152, +5.308,+0.959
1665563460,+3.47,+16.152, +5.431,+0.958
1665563520,+3.47,+16.169, +5.661,+0.958
1665563580,+3.48,+16.161, +6.112,+0.958
1665563640,+3.47,+16.178, +6.390,+0.958
1665563700,+3.48,+16.152, +6.334,+0.958
1665563760,+3.48,+16.161, +6.239,+0.959
1665563820,+3.48,+16.169, +6.241,+0.959
1665563880,+3.47,+16.169, +6.280,+0.958
1665563940,+3.48,+16.169, +6.104,+0.959
1665564000,+3.48,+16.152, +6.466,+0.957
1665564060,+3.47,+16.161, +6.943,+0.958
1665564120,+3.47,+16.169, +7.240,+0.958
1665564180,+3.47,+16.186, +7.166,+0.958
1665564240,+3.47,+16.169, +6.901,+0.958
1665564300,+3.47,+16.169, +6.628,+0.957
1665564360,+3.47,+16.195, +5.990,+0.957
1665564420,+3.47,+16.169, +6.002,+0.957
1665564480,+3.47,+16.178, +5.735,+0.955
1665564540,+3.47,+16.161, +5.990,+0.953
1665564600,+3.47,+16.161, +6.184,+0.955
1665564660,+3.48,+16.152, +6.339,+0.956
1665564720,+3.48,+16.161, +6.593,+0.956
1665564780,+3.47,+16.161, +6.787,+0.956
1665564840,+3.47,+16.135, +6.997,+0.957
1665564900,+3.48,+16.135, +7.064,+0.958
1665564960,+3.48,+16.126, +7.207,+0.957
1665565020,+3.47,+16.161, +7.132,+0.958
1665565080,+3.48,+16.143, +7.440,+0.959
1665565140,+3.48,+16.143, +7.613,+0.959
1665565200,+3.48,+16.126, +7.860,+0.959
1665565260,+3.48,+16.135, +8.027,+0.959
1665565320,+3.47,+16.143, +8.098,+0.959
1665565380,+3.48,+16.143, +8.149,+0.959
1665565440,+3.47,+16.152, +8.147,+0.959
1665565500,+3.48,+16.126, +8.103,+0.959
1665565560,+3.47,+16.169, +8.063,+0.959
1665565620,+3.47,+16.161, +7.942,+0.959
1665565680,+3.48,+16.143, +7.954,+0.960
1665565740,+3.47,+16.169, +7.969,+0.959
1665565800,+3.48,+16.143, +7.980,+0.959
1665565860,+3.47,+16.152, +7.923,+0.959
1665565920,+3.47,+16.143, +7.722,+0.959
1665565980,+3.47,+16.169, +7.652,+0.959
1665566040,+3.48,+16.152, +7.636,+0.958
1665566100,+3.48,+16.143, +7.560,+0.959
1665566160,+3.48,+16.101, +7.762,+0.959
1665566220,+3.48,+16.118, +7.878,+0.959
1665566280,+3.48,+16.118, +7.938,+0.959
1665566340,+3.48,+16.126, +7.898,+0.959
1665566400,+3.48,+16.109, +7.909,+0.959
1665566460,+3.48,+16.126, +7.769,+0.959
1665566520,+3.48,+16.135, +7.469,+0.959
1665566580,+3.48,+16.161, +7.196,+0.959
1665566640,+3.48,+16.109, +7.207,+0.959
1665566700,+3.47,+16.118, +7.117,+0.959
1665566760,+3.47,+16.109, +7.093,+0.959
1665566820,+3.48,+16.126, +7.154,+0.959
1665566880,+3.47,+16.152, +7.225,+0.959
1665566940,+3.47,+16.126, +7.240,+0.959
1665567000,+3.47,+16.118, +7.214,+0.959
1665567060,+3.47,+16.126, +7.359,+0.959
1665567120,+3.48,+16.101, +7.321,+0.959
1665567180,+3.48,+16.118, +7.091,+0.959
1665567240,+3.48,+16.109, +6.997,+0.959
1665567300,+3.47,+16.118, +6.994,+0.959
1665567360,+3.48,+16.101, +7.021,+0.959
1665567420,+3.48,+16.118, +7.018,+0.959
1665567480,+3.48,+16.092, +7.074,+0.959
1665567540,+3.48,+16.075, +7.038,+0.959
1665567600,+3.48,+16.092, +6.808,+0.959
1665567660,+3.48,+16.101, +6.593,+0.959
1665567720,+3.48,+16.092, +6.485,+0.959
1665567780,+3.48,+16.058, +6.450,+0.959
1665567840,+3.48,+16.075, +6.415,+0.959
1665567900,+3.48,+16.050, +6.453,+0.959
1665567960,+3.48,+16.084, +6.593,+0.959
1665568020,+3.48,+16.075, +6.759,+0.959
1665568080,+3.48,+16.075, +6.895,+0.958
1665568140,+3.48,+16.050, +6.510,+0.959
1665568200,+3.48,+16.075, +5.841,+0.960
1665568260,+3.48,+16.050, +5.360,+0.960
1665568320,+3.48,+16.015, +5.548,+0.960
1665568380,+3.48,+16.007, +5.967,+0.959
1665568440,+3.48,+16.033, +6.475,+0.958
1665568500,+3.48,+16.007, +6.762,+0.958
1665568560,+3.48,+16.033, +7.027,+0.958
1665568620,+3.48,+15.998, +7.220,+0.958
1665568680,+3.48,+16.024, +7.254,+0.958
1665568740,+3.48,+16.024, +7.070,+0.958
1665568800,+3.48,+16.007, +6.959,+0.958
1665568860,+3.48,+15.998, +7.120,+0.959
1665568920,+3.48,+15.981, +7.305,+0.959
1665568980,+3.48,+15.981, +7.445,+0.959
1665569040,+3.48,+15.981, +7.445,+0.959
1665569100,+3.48,+15.964, +7.168,+0.959
1665569160,+3.48,+15.947, +6.820,+0.959
1665569220,+3.48,+15.930, +6.715,+0.959
1665569280,+3.48,+15.896, +6.611,+0.959
1665569340,+3.48,+15.896, +7.214,+0.959
1665569400,+3.48,+15.896, +7.399,+0.959
1665569460,+3.48,+15.870, +7.607,+0.959
1665569520,+3.48,+15.879, +7.886,+0.959
1665569580,+3.48,+15.870, +8.105,+0.959
1665569640,+3.48,+15.853, +8.180,+0.959
1665569700,+3.48,+15.802, +8.341,+0.959
1665569760,+3.48,+15.819, +8.486,+0.959
1665569820,+3.48,+15.810, +8.597,+0.959
1665569880,+3.48,+15.819, +8.701,+0.959
1665569940,+3.48,+15.793, +8.727,+0.959
1665570000,+3.48,+15.776, +8.696,+0.959
1665570060,+3.48,+15.776, +8.573,+0.959
1665570120,+3.48,+15.776, +8.533,+0.959
1665570180,+3.48,+15.776, +8.547,+0.959
1665570240,+3.48,+15.776, +8.529,+0.959
1665570300,+3.48,+15.759, +8.620,+0.959
1665570360,+3.48,+15.759, +8.437,+0.959
1665570420,+3.47,+15.750, +8.117,+0.960
1665570480,+3.48,+15.768, +7.865,+0.960
1665570540,+3.47,+15.742, +7.952,+0.959
1665570600,+3.47,+15.733, +7.919,+0.959
1665570660,+3.47,+15.716, +7.809,+0.959
1665570720,+3.47,+15.708, +7.862,+0.959
1665570780,+3.47,+15.725, +7.702,+0.960
1665570840,+3.47,+15.733, +7.802,+0.959
1665570900,+3.47,+15.742, +7.901,+0.959
1665570960,+3.47,+15.733, +8.024,+0.959
1665571020,+3.47,+15.725, +8.026,+0.960
1665571080,+3.47,+15.750, +8.231,+0.959
1665571140,+3.48,+15.759, +8.435,+0.959
1665571200,+3.48,+15.759, +8.606,+0.959
1665571260,+3.48,+15.768, +8.504,+0.959
1665571320,+3.48,+15.785, +8.467,+0.959
1665571380,+3.48,+15.768, +8.497,+0.959
1665571440,+3.48,+15.810, +8.221,+0.959
1665571500,+3.48,+15.802, +7.654,+0.959
1665571560,+3.48,+15.776, +7.121,+0.959
1665571620,+3.48,+15.819, +6.617,+0.959
1665571680,+3.48,+15.810, +6.598,+0.959
1665571740,+3.48,+15.802, +6.829,+0.959
1665571800,+3.48,+15.819, +7.092,+0.959
1665571860,+3.48,+15.819, +7.493,+0.959
1665571920,+3.48,+15.819, +7.789,+0.959
1665571980,+3.48,+15.819, +8.115,+0.960
1665572040,+3.48,+15.827, +8.250,+0.959
1665572100,+3.48,+15.836, +8.558,+0.960
1665572160,+3.48,+15.836, +8.730,+0.960
1665572220,+3.48,+15.845, +8.827,+0.960
1665572280,+3.48,+15.836, +8.944,+0.960
1665572340,+3.48,+15.879, +9.065,+0.960
1665572400,+3.48,+15.879, +9.133,+0.960
1665572460,+3.48,+15.862, +9.171,+0.960
1665572520,+3.48,+15.879, +9.193,+0.960
1665572580,+3.48,+15.887, +9.182,+0.960
1665572640,+3.48,+15.879, +9.170,+0.960
1665572700,+3.48,+15.887, +9.109,+0.959
1665572760,+3.48,+15.904, +9.061,+0.960
1665572820,+3.48,+15.904, +8.987,+0.960
1665572880,+3.48,+15.896, +8.957,+0.960
1665572940,+3.48,+15.896, +8.981,+0.960
1665573000,+3.48,+15.887, +9.000,+0.959
1665573060,+3.48,+15.887, +8.942,+0.959
1665573120,+3.48,+15.887, +8.798,+0.960
1665573180,+3.48,+15.896, +8.930,+0.960
1665573240,+3.48,+15.896, +8.967,+0.960
1665573300,+3.48,+15.896, +8.862,+0.960
1665573360,+3.48,+15.904, +8.699,+0.960
1665573420,+3.48,+15.904, +8.357,+0.959
1665573480,+3.48,+15.887, +8.079,+0.960
1665573540,+3.48,+15.896, +8.052,+0.960
1665573600,+3.48,+15.879, +8.084,+0.960
1665573660,+3.48,+15.879, +8.122,+0.960
1665573720,+3.48,+15.870, +8.261,+0.959
1665573780,+3.48,+15.879, +8.414,+0.959
1665573840,+3.48,+15.862, +8.434,+0.959
1665573900,+3.48,+15.870, +8.482,+0.960
1665573960,+3.48,+15.862, +8.602,+0.960
1665574020,+3.48,+15.845, +8.712,+0.960
1665574080,+3.48,+15.845, +8.810,+0.960
1665574140,+3.48,+15.845, +8.910,+0.959
1665574200,+3.48,+15.862, +8.975,+0.959
1665574260,+3.48,+15.845, +9.033,+0.959
1665574320,+3.48,+15.879, +9.026,+0.960
1665574380,+3.48,+15.879, +9.036,+0.959
1665574440,+3.48,+15.862, +9.015,+0.959
1665574500,+3.48,+15.879, +8.940,+0.960
1665574560,+3.48,+15.862, +8.670,+0.960
1665574620,+3.48,+15.870, +8.466,+0.959
1665574680,+3.48,+15.870, +8.592,+0.960
1665574740,+3.48,+15.862, +8.668,+0.959
1665574800,+3.48,+15.862, +8.696,+0.960
1665574860,+3.48,+15.870, +8.751,+0.960
1665574920,+3.48,+15.870, +8.720,+0.959
1665574980,+3.48,+15.879, +8.754,+0.960
1665575040,+3.48,+15.862, +8.817,+0.960
1665575100,+3.48,+15.870, +8.865,+0.960
1665575160,+3.48,+15.862, +8.989,+0.960
1665575220,+3.48,+15.879, +9.017,+0.959
1665575280,+3.48,+15.879, +9.093,+0.959
1665575340,+3.48,+15.862, +9.160,+0.960
1665575400,+3.48,+15.879, +9.174,+0.960
1665575460,+3.48,+15.879, +9.193,+0.960
1665575520,+3.48,+15.887, +9.264,+0.960
1665575580,+3.48,+15.879, +9.347,+0.960
1665575640,+3.48,+15.896, +9.392,+0.960
1665575700,+3.48,+15.887, +9.267,+0.960
1665575760,+3.48,+15.879, +9.272,+0.959
1665575820,+3.48,+15.887, +9.319,+0.960
1665575880,+3.48,+15.904, +9.279,+0.960
1665575940,+3.48,+15.870, +9.307,+0.959
1665576000,+3.48,+15.879, +9.300,+0.960
1665576060,+3.48,+15.896, +9.259,+0.960
1665576120,+3.48,+15.904, +9.188,+0.959
1665576180,+3.48,+15.862, +9.071,+0.960
1665576240,+3.48,+15.896, +9.147,+0.960
1665576300,+3.48,+15.887, +9.157,+0.960
1665576360,+3.48,+15.939, +9.149,+0.960
1665576420,+3.48,+15.947, +9.118,+0.960
1665576480,+3.48,+15.930, +9.120,+0.960
1665576540,+3.48,+15.947, +8.880,+0.960
1665576600,+3.48,+15.947, +8.843,+0.960
1665576660,+3.48,+15.947, +8.933,+0.960
1665576720,+3.48,+15.947, +8.700,+0.960
1665576780,+3.48,+15.964, +8.577,+0.959
1665576840,+3.48,+15.956, +8.754,+0.959
1665576900,+3.48,+15.973, +8.862,+0.960
1665576960,+3.48,+15.964, +9.008,+0.960
1665577020,+3.48,+16.007, +9.110,+0.960
1665577080,+3.48,+15.998, +9.125,+0.960
1665577140,+3.48,+15.990, +9.200,+0.960
1665577200,+3.48,+15.998, +9.243,+0.960
1665577260,+3.48,+16.007, +9.261,+0.960
1665577320,+3.48,+16.015, +9.238,+0.960
1665577380,+3.48,+16.033, +9.146,+0.960
1665577440,+3.48,+16.041, +9.116,+0.959
1665577500,+3.48,+16.041, +9.081,+0.959
1665577560,+3.48,+16.041, +9.036,+0.960
1665577620,+3.48,+16.050, +8.996,+0.960
1665577680,+3.48,+16.033, +9.030,+0.960
1665577740,+3.48,+16.041, +9.035,+0.959
1665577800,+3.48,+16.075, +9.064,+0.960
1665577860,+3.47,+16.092, +9.133,+0.960
1665577920,+3.47,+16.109, +9.110,+0.960
1665577980,+3.48,+16.101, +9.043,+0.960
1665578040,+3.47,+16.101, +9.011,+0.960
1665578100,+3.47,+16.084, +8.986,+0.960
1665578160,+3.47,+16.101, +8.902,+0.960
1665578220,+3.47,+16.109, +9.073,+0.960
1665578280,+3.47,+16.092, +9.188,+0.959
1665578340,+3.47,+16.118, +9.170,+0.959
1665578400,+3.47,+16.101, +9.145,+0.960
1665578460,+3.47,+16.101, +9.138,+0.959
1665578520,+3.47,+16.109, +9.200,+0.960
1665578580,+3.47,+16.109, +9.236,+0.960
1665578640,+3.47,+16.118, +9.240,+0.960
1665578700,+3.47,+16.126, +9.221,+0.960
1665578760,+3.47,+16.109, +9.183,+0.959
1665578820,+3.47,+16.109, +9.204,+0.960
1665578880,+3.47,+16.126, +9.221,+0.960
1665578940,+3.47,+16.126, +9.245,+0.960
1665579000,+3.47,+16.109, +9.262,+0.960
1665579060,+3.47,+16.109, +9.208,+0.960
1665579120,+3.47,+16.126, +9.178,+0.960
1665579180,+3.47,+16.118, +9.174,+0.960
1665579240,+3.47,+16.135, +9.162,+0.959
1665579300,+3.47,+16.126, +9.160,+0.960
1665579360,+3.47,+16.126, +9.132,+0.960
1665579420,+3.47,+16.143, +9.096,+0.960
1665579480,+3.47,+16.161, +9.051,+0.960
1665579540,+3.47,+16.186, +9.123,+0.960
1665579600,+3.47,+16.203, +9.148,+0.960
1665579660,+3.47,+16.229, +9.177,+0.960
1665579720,+3.47,+16.229, +9.217,+0.960
1665579780,+3.47,+16.254, +9.230,+0.960
1665579840,+3.47,+16.263, +9.281,+0.960
1665579900,+3.47,+16.271, +9.302,+0.959
1665579960,+3.47,+16.323, +9.273,+0.960
1665580020,+3.47,+16.348, +9.241,+0.959
1665580080,+3.47,+16.305, +9.221,+0.960
1665580140,+3.47,+16.348, +9.189,+0.960
1665580200,+3.47,+16.357, +9.122,+0.960
1665580260,+3.47,+16.374, +9.107,+0.960
1665580320,+3.47,+16.382, +9.133,+0.960
1665580380,+3.47,+16.382, +9.139,+0.959
1665580440,+3.47,+16.391, +9.203,+0.960
1665580500,+3.47,+16.408, +9.229,+0.960
1665580560,+3.47,+16.391, +9.246,+0.960
1665580620,+3.47,+16.408, +9.247,+0.960
1665580680,+3.47,+16.399, +9.262,+0.960
1665580740,+3.47,+16.416, +9.248,+0.960
1665580800,+3.47,+16.442, +9.188,+0.960
1665580860,+3.47,+16.442, +9.173,+0.960
1665580920,+3.47,+16.450, +9.084,+0.959
1665580980,+3.47,+16.433, +8.990,+0.959
1665581040,+3.47,+16.450, +8.890,+0.959
1665581100,+3.47,+16.450, +8.855,+0.959
1665581160,+3.47,+16.459, +8.782,+0.959
1665581220,+3.47,+16.467, +8.766,+0.959
1665581280,+3.47,+16.476, +8.883,+0.960
1665581340,+3.47,+16.459, +9.237,+0.960
1665581400,+3.47,+16.493, +9.394,+0.960
1665581460,+3.47,+16.459, +9.444,+0.960
1665581520,+3.47,+16.501, +9.446,+0.960
1665581580,+3.47,+16.493, +9.437,+0.960
1665581640,+3.47,+16.484, +9.421,+0.960
1665581700,+3.47,+16.484, +9.419,+0.960
1665581760,+3.47,+16.493, +9.370,+0.959
1665581820,+3.47,+16.484, +9.176,+0.959
1665581880,+3.47,+16.484, +9.109,+0.960
1665581940,+3.47,+16.501, +9.174,+0.960
1665582000,+3.47,+16.493, +9.216,+0.960
1665582060,+3.47,+16.510, +9.205,+0.960
1665582120,+3.47,+16.501, +9.235,+0.960
1665582180,+3.47,+16.501, +9.417,+0.959
1665582240,+3.47,+16.484, +9.511,+0.960
1665582300,+3.47,+16.510, +9.438,+0.960
1665582360,+3.47,+16.527, +9.370,+0.960
1665582420,+3.47,+16.527, +9.336,+0.960
1665582480,+3.47,+16.501, +9.293,+0.959
1665582540,+3.47,+16.535, +9.297,+0.960
1665582600,+3.47,+16.527, +9.320,+0.959
1665582660,+3.47,+16.535, +9.250,+0.959
1665582720,+3.47,+16.518, +9.285,+0.960
1665582780,+3.47,+16.544, +9.257,+0.960
1665582840,+3.47,+16.527, +9.367,+0.960
1665582900,+3.47,+16.544, +9.454,+0.960
1665582960,+3.47,+16.501, +9.566,+0.960
1665583020,+3.47,+16.510, +9.642,+0.960
1665583080,+3.47,+16.518, +9.639,+0.960
1665583140,+3.47,+16.518, +9.559,+0.960
1665583200,+3.47,+16.518, +9.520,+0.960
1665583260,+3.47,+16.527, +9.575,+0.960
1665583320,+3.47,+16.544, +9.556,+0.960
1665583380,+3.47,+16.527, +9.458,+0.960
1665583440,+3.47,+16.518, +9.421,+0.960
1665583500,+3.47,+16.527, +9.290,+0.960
1665583560,+3.47,+16.518, +9.257,+0.960
1665583620,+3.47,+16.518, +9.230,+0.960
1665583680,+3.47,+16.535, +8.991,+0.959
1665583740,+3.47,+16.535, +8.876,+0.960
1665583800,+3.47,+16.527, +8.815,+0.960
1665583860,+3.47,+16.527, +8.780,+0.960
1665583920,+3.47,+16.518, +8.713,+0.959
1665583980,+3.47,+16.552, +8.653,+0.959
1665584040,+3.47,+16.544, +8.928,+0.960
1665584100,+3.47,+16.535, +9.361,+0.959
1665584160,+3.47,+16.493, +9.602,+0.960
1665584220,+3.47,+16.501, +9.701,+0.960
1665584280,+3.47,+16.518, +9.659,+0.960
1665584340,+3.47,+16.493, +9.642,+0.960
1665584400,+3.47,+16.527, +9.627,+0.960
1665584460,+3.47,+16.493, +9.697,+0.960
1665584520,+3.47,+16.501, +9.656,+0.960
1665584580,+3.47,+16.493, +9.508,+0.960
1665584640,+3.47,+16.484, +9.419,+0.959
1665584700,+3.47,+16.459, +9.377,+0.960
1665584760,+3.47,+16.450, +9.411,+0.960
1665584820,+3.47,+16.459, +9.461,+0.960
1665584880,+3.47,+16.442, +9.421,+0.959
1665584940,+3.47,+16.433, +9.539,+0.960
1665585000,+3.47,+16.425, +9.645,+0.959
1665585060,+3.47,+16.408, +9.685,+0.960
1665585120,+3.47,+16.382, +9.762,+0.960
1665585180,+3.47,+16.382, +9.760,+0.959
1665585240,+3.47,+16.399, +9.792,+0.960
1665585300,+3.47,+16.399, +9.786,+0.960
1665585360,+3.47,+16.374, +9.762,+0.960
1665585420,+3.47,+16.391, +9.664,+0.960
1665585480,+3.47,+16.365, +9.694,+0.960
1665585540,+3.47,+16.399, +9.678,+0.960
1665585600,+3.47,+16.391, +9.499,+0.959
1665585660,+3.47,+16.391, +9.330,+0.960
1665585720,+3.47,+16.374, +9.256,+0.960
1665585780,+3.47,+16.365, +9.249,+0.960
1665585840,+3.47,+16.365, +9.193,+0.959
1665585900,+3.47,+16.365, +9.120,+0.960
1665585960,+3.47,+16.374, +8.959,+0.959
1665586020,+3.47,+16.340, +9.262,+0.960
1665586080,+3.47,+16.357, +9.343,+0.959
1665586140,+3.47,+16.331, +9.301,+0.960
1665586200,+3.47,+16.340, +9.228,+0.959
1665586260,+3.47,+16.314, +9.314,+0.959
1665586320,+3.47,+16.305, +9.395,+0.960
1665586380,+3.47,+16.305, +9.484,+0.960
1665586440,+3.47,+16.323, +9.489,+0.960
1665586500,+3.47,+16.331, +9.438,+0.960
1665586560,+3.47,+16.314, +9.391,+0.960
1665586620,+3.47,+16.314, +9.391,+0.960
1665586680,+3.47,+16.323, +9.435,+0.960
1665586740,+3.47,+16.331, +9.447,+0.960
1665586800,+3.47,+16.314, +9.552,+0.960
1665586860,+3.47,+16.314, +9.663,+0.960
1665586920,+3.47,+16.348, +9.736,+0.959
1665586980,+3.47,+16.357, +9.743,+0.960
1665587040,+3.47,+16.365, +9.741,+0.960
1665587100,+3.47,+16.408, +9.739,+0.960
1665587160,+3.47,+16.425, +9.652,+0.960
1665587220,+3.47,+16.442, +9.638,+0.960
1665587280,+3.47,+16.459, +9.699,+0.960
1665587340,+3.47,+16.476, +9.732,+0.960
1665587400,+3.47,+16.518, +9.762,+0.960
1665587460,+3.47,+16.493, +9.789,+0.960
1665587520,+3.47,+16.510, +9.795,+0.960
1665587580,+3.47,+16.527, +9.696,+0.959
1665587640,+3.47,+16.552, +9.556,+0.960
1665587700,+3.47,+16.552, +9.607,+0.960
1665587760,+3.47,+16.544, +9.645,+0.960
1665587820,+3.47,+16.561, +9.694,+0.959
1665587880,+3.47,+16.552, +9.746,+0.960
1665587940,+3.47,+16.578, +9.764,+0.960
1665588000,+3.47,+16.578, +9.811,+0.960
1665588060,+3.47,+16.595, +9.834,+0.960
1665588120,+3.47,+16.595, +9.809,+0.960
1665588180,+3.47,+16.586, +9.783,+0.960
1665588240,+3.47,+16.603, +9.752,+0.960
1665588300,+3.47,+16.586, +9.699,+0.960
1665588360,+3.47,+16.629, +9.629,+0.960
1665588420,+3.47,+16.586, +9.688,+0.960
1665588480,+3.47,+16.612, +9.777,+0.960
1665588540,+3.47,+16.595, +9.803,+0.960
1665588600,+3.47,+16.586, +9.765,+0.960
1665588660,+3.47,+16.586, +9.700,+0.960
1665588720,+3.47,+16.561, +9.795,+0.960
1665588780,+3.47,+16.561, +9.988,+0.959
1665588840,+3.47,+16.544,+10.071,+0.960
1665588900,+3.47,+16.535,+10.031,+0.960
1665588960,+3.47,+16.518, +9.932,+0.960
1665589020,+3.47,+16.484,+10.129,+0.960
1665589080,+3.47,+16.467,+10.201,+0.960
1665589140,+3.47,+16.442,+10.206,+0.960
1665589200,+3.47,+16.459,+10.181,+0.960
1665589260,+3.47,+16.459,+10.196,+0.960
1665589320,+3.47,+16.467,+10.167,+0.960
1665589380,+3.47,+16.484,+10.165,+0.960
1665589440,+3.47,+16.476,+10.149,+0.960
1665589500,+3.47,+16.493,+10.095,+0.960
1665589560,+3.47,+16.484, +9.987,+0.960
1665589620,+3.47,+16.493, +9.942,+0.960
1665589680,+3.47,+16.493,+10.141,+0.960
1665589740,+3.47,+16.501,+10.180,+0.960
1665589800,+3.47,+16.484,+10.146,+0.960
1665589860,+3.47,+16.493,+10.116,+0.960
1665589920,+3.47,+16.501,+10.068,+0.960
1665589980,+3.47,+16.510,+10.075,+0.960
1665590040,+3.47,+16.493,+10.065,+0.960
1665590100,+3.47,+16.501,+10.020,+0.960
1665590160,+3.47,+16.518, +9.985,+0.960
1665590220,+3.47,+16.527, +9.965,+0.960
1665590280,+3.47,+16.518, +9.945,+0.960
1665590340,+3.47,+16.510, +9.912,+0.960
1665590400,+3.47,+16.510, +9.836,+0.960
1665590460,+3.47,+16.535, +9.833,+0.960
1665590520,+3.47,+16.535, +9.858,+0.960
1665590580,+3.47,+16.535, +9.909,+0.960
1665590640,+3.47,+16.527, +9.907,+0.960
1665590700,+3.47,+16.544, +9.857,+0.960
1665590760,+3.47,+16.552, +9.832,+0.960
1665590820,+3.47,+16.552, +9.837,+0.960
1665590880,+3.47,+16.578, +9.716,+0.960
1665590940,+3.47,+16.578, +9.632,+0.960
1665591000,+3.47,+16.569, +9.578,+0.960
1665591060,+3.47,+16.586, +9.615,+0.960
1665591120,+3.47,+16.578, +9.632,+0.960
1665591180,+3.47,+16.578, +9.696,+0.960
1665591240,+3.47,+16.586, +9.743,+0.959
1665591300,+3.47,+16.578, +9.792,+0.960
1665591360,+3.47,+16.595, +9.809,+0.960
1665591420,+3.47,+16.595, +9.814,+0.960
1665591480,+3.47,+16.595, +9.824,+0.960
1665591540,+3.47,+16.603, +9.829,+0.960
1665591600,+3.47,+16.620, +9.755,+0.960
1665591660,+3.47,+16.612, +9.729,+0.960
1665591720,+3.47,+16.612, +9.759,+0.959
1665591780,+3.47,+16.603, +9.763,+0.960
1665591840,+3.47,+16.620, +9.773,+0.960
1665591900,+3.47,+16.629, +9.814,+0.960
1665591960,+3.47,+16.637, +9.759,+0.960
1665592020,+3.47,+16.646, +9.674,+0.960
1665592080,+3.47,+16.663, +9.444,+0.960
1665592140,+3.47,+16.654, +9.487,+0.960
1665592200,+3.47,+16.654, +9.494,+0.960
1665592260,+3.47,+16.663, +9.519,+0.960
1665592320,+3.47,+16.654, +9.646,+0.960
1665592380,+3.47,+16.663, +9.640,+0.960
1665592440,+3.47,+16.646, +9.688,+0.960
1665592500,+3.47,+16.671, +9.648,+0.960
1665592560,+3.47,+16.671, +9.650,+0.960
1665592620,+3.47,+16.663, +9.548,+0.960
1665592680,+3.47,+16.688, +9.540,+0.960
1665592740,+3.47,+16.654, +9.643,+0.960
1665592800,+3.47,+16.680, +9.562,+0.960
1665592860,+3.47,+16.688, +9.692,+0.960
1665592920,+3.47,+16.705, +9.803,+0.960
1665592980,+3.47,+16.705, +9.819,+0.960
1665593040,+3.47,+16.722, +9.765,+0.960
1665593100,+3.47,+16.714, +9.806,+0.960
1665593160,+3.47,+16.731, +9.859,+0.960
1665593220,+3.47,+16.739,+10.026,+0.961
1665593280,+3.47,+16.765, +9.966,+0.960
