7450-383325
OS REV: 1.05 Sensor Cal: 1644949570
Time (sec),  BV (Volts),  T (deg C),  DO (mg/l),  Q ()
1663778940,+3.50,+22.754, +8.135,+0.969
1663779000,+3.50,+22.779, +8.140,+0.968
1663779060,+3.50,+22.779, +8.120,+0.968
1663779120,+3.50,+22.763, +8.119,+0.968
1663779180,+3.50,+22.763, +8.162,+0.968
1663779240,+3.49,+22.771, +8.190,+0.968
1663779300,+3.50,+22.771, +8.273,+0.968
1663779360,+3.49,+22.763, +8.301,+0.968
1663779420,+3.50,+22.771, +8.294,+0.968
1663779480,+3.49,+22.779, +8.287,+0.968
1663779540,+3.50,+22.788, +8.156,+0.968
1663779600,+3.50,+22.796, +8.008,+0.968
1663779660,+3.49,+22.804, +7.841,+0.968
1663779720,+3.49,+22.804, +8.013,+0.968
1663779780,+3.50,+22.779, +8.141,+0.968
1663779840,+3.49,+22.796, +8.177,+0.968
1663779900,+3.50,+22.779, +8.228,+0.968
1663779960,+3.49,+22.796, +8.162,+0.968
1663780020,+3.49,+22.771, +8.206,+0.968
1663780080,+3.49,+22.771, +8.204,+0.968
1663780140,+3.50,+22.771, +8.206,+0.969
1663780200,+3.49,+22.804, +8.138,+0.968
1663780260,+3.49,+22.788, +8.093,+0.968
1663780320,+3.49,+22.804, +8.063,+0.968
1663780380,+3.49,+22.796, +8.089,+0.968
1663780440,+3.49,+22.813, +8.071,+0.968
1663780500,+3.49,+22.796, +8.098,+0.968
1663780560,+3.49,+22.796, +8.157,+0.968
1663780620,+3.49,+22.796, +8.180,+0.968
1663780680,+3.49,+22.804, +8.198,+0.968
1663780740,+3.49,+22.796, +8.166,+0.968
1663780800,+3.49,+22.813, +8.114,+0.968
1663780860,+3.49,+22.813, +8.034,+0.968
1663780920,+3.49,+22.804, +7.882,+0.968
1663780980,+3.49,+22.830, +7.655,+0.968
1663781040,+3.49,+22.796, +7.536,+0.968
1663781100,+3.50,+22.813, +7.673,+0.968
1663781160,+3.49,+22.821, +7.754,+0.968
1663781220,+3.49,+22.804, +7.756,+0.968
1663781280,+3.49,+22.813, +7.705,+0.968
1663781340,+3.49,+22.830, +7.626,+0.968
1663781400,+3.49,+22.804, +7.612,+0.968
1663781460,+3.49,+22.830, +7.611,+0.968
1663781520,+3.50,+22.821, +7.610,+0.968
1663781580,+3.49,+22.846, +7.474,+0.968
1663781640,+3.49,+22.838, +7.642,+0.968
1663781700,+3.49,+22.846, +7.685,+0.968
1663781760,+3.49,+22.846, +7.709,+0.968
1663781820,+3.49,+22.846, +7.767,+0.968
1663781880,+3.49,+22.846, +7.864,+0.968
1663781940,+3.49,+22.880, +7.968,+0.968
1663782000,+3.49,+22.863, +8.061,+0.968
1663782060,+3.49,+22.888, +8.091,+0.968
1663782120,+3.49,+22.880, +8.120,+0.968
1663782180,+3.49,+22.905, +8.132,+0.968
1663782240,+3.49,+22.913, +8.130,+0.968
1663782300,+3.49,+22.913, +8.070,+0.968
1663782360,+3.49,+22.955, +8.044,+0.968
1663782420,+3.49,+22.963, +7.958,+0.968
1663782480,+3.49,+22.972, +7.932,+0.968
1663782540,+3.49,+22.963, +7.912,+0.968
1663782600,+3.49,+22.972, +7.903,+0.968
1663782660,+3.49,+22.955, +7.925,+0.968
1663782720,+3.49,+22.963, +7.992,+0.968
1663782780,+3.49,+22.963, +8.005,+0.968
1663782840,+3.49,+22.980, +7.963,+0.968
1663782900,+3.49,+22.989, +8.074,+0.968
1663782960,+3.49,+22.989, +8.180,+0.968
1663783020,+3.49,+22.997, +8.074,+0.968
1663783080,+3.49,+23.005, +8.042,+0.968
1663783140,+3.49,+22.980, +7.915,+0.968
1663783200,+3.49,+22.989, +7.951,+0.968
1663783260,+3.49,+22.997, +7.959,+0.967
1663783320,+3.49,+23.014, +7.914,+0.968
1663783380,+3.49,+22.997, +7.931,+0.968
1663783440,+3.49,+22.972, +8.020,+0.968
1663783500,+3.49,+22.989, +8.007,+0.968
1663783560,+3.49,+22.980, +8.058,+0.968
1663783620,+3.49,+22.989, +8.079,+0.968
1663783680,+3.49,+22.955, +8.074,+0.968
1663783740,+3.49,+22.963, +8.085,+0.968
1663783800,+3.49,+22.963, +8.148,+0.968
1663783860,+3.49,+22.980, +8.185,+0.968
1663783920,+3.49,+22.997, +8.246,+0.968
1663783980,+3.49,+22.989, +8.350,+0.968
1663784040,+3.49,+23.047, +8.440,+0.968
1663784100,+3.49,+23.064, +8.661,+0.969
1663784160,+3.49,+23.081, +8.910,+0.968
1663784220,+3.49,+23.114, +9.173,+0.969
1663784280,+3.49,+23.156, +9.365,+0.969
1663784340,+3.49,+23.198, +9.611,+0.969
1663784400,+3.49,+23.231, +9.728,+0.969
1663784460,+3.49,+23.223, +9.793,+0.969
1663784520,+3.49,+23.198, +9.400,+0.968
1663784580,+3.49,+23.190, +9.140,+0.968
1663784640,+3.49,+23.148, +8.975,+0.968
1663784700,+3.49,+23.131, +8.812,+0.968
1663784760,+3.49,+23.123, +8.585,+0.969
1663784820,+3.49,+23.089, +8.383,+0.967
1663784880,+3.49,+23.072, +8.236,+0.968
1663784940,+3.49,+23.081, +8.465,+0.968
1663785000,+3.49,+23.072, +8.501,+0.969
1663785060,+3.49,+23.064, +8.512,+0.969
1663785120,+3.49,+23.097, +8.662,+0.968
1663785180,+3.49,+23.081, +8.691,+0.969
1663785240,+3.49,+23.106, +8.527,+0.968
1663785300,+3.49,+23.081, +8.440,+0.968
1663785360,+3.49,+23.089, +8.426,+0.968
1663785420,+3.49,+23.097, +8.421,+0.968
1663785480,+3.49,+23.131, +8.437,+0.968
1663785540,+3.49,+23.106, +8.434,+0.968
1663785600,+3.49,+23.123, +8.408,+0.968
1663785660,+3.49,+23.123, +8.278,+0.968
1663785720,+3.49,+23.123, +8.272,+0.968
1663785780,+3.49,+23.131, +8.297,+0.968
1663785840,+3.49,+23.139, +8.330,+0.968
1663785900,+3.49,+23.139, +8.418,+0.968
1663785960,+3.49,+23.148, +8.626,+0.968
1663786020,+3.49,+23.173, +8.838,+0.968
1663786080,+3.49,+23.223, +9.139,+0.968
1663786140,+3.49,+23.231, +9.307,+0.969
1663786200,+3.49,+23.248, +9.413,+0.969
1663786260,+3.50,+23.273, +9.539,+0.969
1663786320,+3.50,+23.290, +9.706,+0.969
1663786380,+3.50,+23.315, +9.970,+0.969
1663786440,+3.49,+23.265, +9.268,+0.968
1663786500,+3.49,+23.248, +8.835,+0.968
1663786560,+3.49,+23.223, +8.777,+0.968
1663786620,+3.49,+23.240, +8.715,+0.968
1663786680,+3.49,+23.273, +8.821,+0.969
1663786740,+3.49,+23.273, +9.089,+0.969
1663786800,+3.49,+23.282, +9.515,+0.969
1663786860,+3.50,+23.307, +9.719,+0.969
1663786920,+3.50,+23.315, +9.836,+0.969
1663786980,+3.50,+23.324, +9.960,+0.970
1663787040,+3.50,+23.349, +9.973,+0.969
1663787100,+3.50,+23.332,+10.005,+0.969
1663787160,+3.50,+23.349,+10.264,+0.970
1663787220,+3.50,+23.340,+10.482,+0.969
1663787280,+3.50,+23.382,+10.575,+0.969
1663787340,+3.50,+23.357,+10.650,+0.970
1663787400,+3.50,+23.357,+10.588,+0.970
1663787460,+3.50,+23.382,+10.585,+0.970
1663787520,+3.50,+23.382,+10.602,+0.969
1663787580,+3.50,+23.391,+10.619,+0.970
1663787640,+3.50,+23.382,+10.641,+0.969
1663787700,+3.50,+23.382,+10.731,+0.969
1663787760,+3.50,+23.374,+10.716,+0.970
1663787820,+3.50,+23.374,+10.703,+0.970
1663787880,+3.50,+23.365,+10.667,+0.969
1663787940,+3.50,+23.391,+10.611,+0.969
1663788000,+3.50,+23.382,+10.642,+0.970
1663788060,+3.50,+23.391,+10.624,+0.970
1663788120,+3.50,+23.382,+10.584,+0.969
1663788180,+3.50,+23.391,+10.606,+0.970
1663788240,+3.50,+23.374,+10.582,+0.969
1663788300,+3.50,+23.374,+10.498,+0.969
1663788360,+3.50,+23.374,+10.421,+0.969
1663788420,+3.50,+23.357,+10.490,+0.970
1663788480,+3.50,+23.349,+10.566,+0.970
1663788540,+3.50,+23.357,+10.608,+0.969
1663788600,+3.50,+23.382,+10.528,+0.969
1663788660,+3.50,+23.365,+10.480,+0.970
1663788720,+3.50,+23.374,+10.475,+0.969
1663788780,+3.50,+23.365,+10.511,+0.970
1663788840,+3.50,+23.365,+10.505,+0.969
1663788900,+3.50,+23.357,+10.437,+0.970
1663788960,+3.50,+23.374,+10.451,+0.969
1663789020,+3.50,+23.365,+10.566,+0.970
1663789080,+3.50,+23.357,+10.597,+0.970
1663789140,+3.50,+23.357,+10.545,+0.969
1663789200,+3.50,+23.365,+10.527,+0.969
1663789260,+3.50,+23.357,+10.608,+0.969
1663789320,+3.50,+23.357,+10.595,+0.970
1663789380,+3.50,+23.365,+10.546,+0.969
1663789440,+3.50,+23.357,+10.544,+0.969
1663789500,+3.50,+23.374,+10.612,+0.970
1663789560,+3.50,+23.357,+10.590,+0.970
1663789620,+3.50,+23.365,+10.572,+0.969
1663789680,+3.50,+23.365,+10.537,+0.969
1663789740,+3.50,+23.365,+10.552,+0.969
1663789800,+3.50,+23.357,+10.529,+0.969
1663789860,+3.50,+23.340,+10.669,+0.969
1663789920,+3.50,+23.307,+10.749,+0.969
1663789980,+3.50,+23.315,+10.810,+0.970
1663790040,+3.50,+23.298,+10.792,+0.969
1663790100,+3.50,+23.298,+10.740,+0.969
1663790160,+3.50,+23.290,+10.761,+0.970
1663790220,+3.50,+23.290,+10.686,+0.970
1663790280,+3.50,+23.315,+10.639,+0.970
1663790340,+3.50,+23.307,+10.545,+0.969
1663790400,+3.50,+23.298,+10.527,+0.969
1663790460,+3.50,+23.290,+10.465,+0.969
1663790520,+3.50,+23.282,+10.304,+0.969
1663790580,+3.50,+23.282,+10.227,+0.969
1663790640,+3.50,+23.290,+10.182,+0.969
1663790700,+3.50,+23.290,+10.161,+0.969
1663790760,+3.50,+23.257,+10.254,+0.969
1663790820,+3.50,+23.273,+10.262,+0.969
1663790880,+3.50,+23.273,+10.235,+0.969
1663790940,+3.49,+23.273,+10.177,+0.969
1663791000,+3.49,+23.265,+10.239,+0.970
1663791060,+3.50,+23.273,+10.119,+0.969
1663791120,+3.50,+23.273,+10.038,+0.969
1663791180,+3.50,+23.265,+10.025,+0.970
1663791240,+3.50,+23.248, +9.198,+0.969
1663791300,+3.49,+23.248, +9.450,+0.969
1663791360,+3.50,+23.215, +9.931,+0.969
1663791420,+3.49,+23.231, +9.882,+0.970
1663791480,+3.50,+23.273, +9.470,+0.969
1663791540,+3.49,+23.231, +8.998,+0.969
1663791600,+3.49,+23.231, +8.503,+0.968
1663791660,+3.49,+23.215, +8.160,+0.968
1663791720,+3.49,+23.198, +8.000,+0.968
1663791780,+3.49,+23.181, +7.724,+0.968
1663791840,+3.49,+23.181, +8.347,+0.968
1663791900,+3.49,+23.173, +9.245,+0.969
1663791960,+3.49,+23.173, +8.754,+0.969
1663792020,+3.49,+23.164, +8.184,+0.968
1663792080,+3.49,+23.139, +7.784,+0.968
1663792140,+3.49,+23.148, +7.552,+0.968
1663792200,+3.49,+23.164, +7.487,+0.968
1663792260,+3.49,+23.164, +8.300,+0.968
1663792320,+3.49,+23.190, +8.871,+0.969
1663792380,+3.49,+23.164, +8.290,+0.968
1663792440,+3.49,+23.173, +7.850,+0.968
1663792500,+3.49,+23.164, +7.692,+0.968
1663792560,+3.49,+23.156, +7.583,+0.968
1663792620,+3.49,+23.139, +7.467,+0.968
1663792680,+3.49,+23.139, +7.350,+0.968
1663792740,+3.49,+23.156, +7.295,+0.968
1663792800,+3.49,+23.148, +7.380,+0.968
1663792860,+3.49,+23.148, +7.637,+0.968
1663792920,+3.49,+23.156, +8.500,+0.968
1663792980,+3.49,+23.148, +9.156,+0.968
1663793040,+3.49,+23.156, +9.283,+0.970
1663793100,+3.49,+23.139, +9.187,+0.969
1663793160,+3.49,+23.131, +9.147,+0.968
1663793220,+3.49,+23.131, +9.104,+0.968
1663793280,+3.49,+23.114, +9.173,+0.968
1663793340,+3.49,+23.131, +9.009,+0.968
1663793400,+3.49,+23.123, +8.759,+0.968
1663793460,+3.49,+23.114, +8.702,+0.968
1663793520,+3.49,+23.139, +8.580,+0.968
1663793580,+3.49,+23.139, +8.484,+0.968
1663793640,+3.49,+23.131, +8.451,+0.968
1663793700,+3.49,+23.131, +8.373,+0.968
1663793760,+3.49,+23.123, +8.222,+0.968
1663793820,+3.49,+23.114, +8.111,+0.967
1663793880,+3.49,+23.106, +7.994,+0.968
1663793940,+3.49,+23.097, +7.899,+0.968
1663794000,+3.49,+23.089, +7.912,+0.968
1663794060,+3.49,+23.089, +8.056,+0.968
1663794120,+3.49,+23.072, +8.282,+0.968
1663794180,+3.49,+23.056, +8.281,+0.968
1663794240,+3.49,+23.056, +8.157,+0.968
1663794300,+3.49,+23.072, +8.074,+0.968
1663794360,+3.49,+23.064, +8.237,+0.968
1663794420,+3.49,+23.064, +8.281,+0.968
1663794480,+3.49,+23.072, +8.186,+0.968
1663794540,+3.49,+23.056, +8.171,+0.968
1663794600,+3.49,+23.072, +8.179,+0.968
1663794660,+3.49,+23.081, +8.213,+0.968
1663794720,+3.49,+23.064, +8.340,+0.969
1663794780,+3.49,+23.056, +8.361,+0.968
1663794840,+3.49,+23.081, +8.336,+0.968
1663794900,+3.49,+23.072, +8.312,+0.968
1663794960,+3.49,+23.089, +8.360,+0.968
1663795020,+3.49,+23.097, +8.774,+0.969
1663795080,+3.49,+23.081, +8.842,+0.968
1663795140,+3.49,+23.089, +8.976,+0.969
1663795200,+3.49,+23.064, +9.030,+0.968
1663795260,+3.49,+23.081, +8.983,+0.969
1663795320,+3.49,+23.081, +8.903,+0.968
1663795380,+3.49,+23.089, +8.916,+0.968
1663795440,+3.49,+23.081, +8.887,+0.968
1663795500,+3.49,+23.081, +8.815,+0.968
1663795560,+3.49,+23.081, +8.769,+0.968
1663795620,+3.49,+23.072, +8.669,+0.968
1663795680,+3.49,+23.097, +8.583,+0.968
1663795740,+3.49,+23.081, +8.691,+0.968
1663795800,+3.49,+23.081, +8.717,+0.968
1663795860,+3.49,+23.081, +8.707,+0.968
1663795920,+3.49,+23.081, +8.701,+0.968
1663795980,+3.49,+23.064, +8.691,+0.969
1663796040,+3.49,+23.089, +8.650,+0.968
1663796100,+3.49,+23.081, +8.615,+0.968
1663796160,+3.49,+23.064, +8.575,+0.968
1663796220,+3.49,+23.081, +8.558,+0.969
1663796280,+3.49,+23.072, +8.559,+0.968
1663796340,+3.49,+23.072, +8.623,+0.968
1663796400,+3.49,+23.081, +8.634,+0.968
1663796460,+3.49,+23.064, +8.638,+0.968
1663796520,+3.49,+23.081, +8.604,+0.968
1663796580,+3.49,+23.064, +8.592,+0.968
1663796640,+3.49,+23.072, +8.579,+0.968
1663796700,+3.49,+23.081, +8.558,+0.968
1663796760,+3.49,+23.081, +8.524,+0.968
1663796820,+3.49,+23.072, +8.514,+0.969
1663796880,+3.49,+23.081, +8.549,+0.968
1663796940,+3.49,+23.064, +8.650,+0.969
1663797000,+3.49,+23.089, +8.632,+0.968
1663797060,+3.49,+23.089, +8.678,+0.968
1663797120,+3.49,+23.047, +8.653,+0.968
1663797180,+3.49,+23.072, +8.554,+0.968
1663797240,+3.49,+23.081, +8.537,+0.968
1663797300,+3.49,+23.064, +8.558,+0.969
1663797360,+3.49,+23.081, +8.555,+0.969
1663797420,+3.49,+23.072, +8.616,+0.968
1663797480,+3.49,+23.072, +8.587,+0.968
1663797540,+3.49,+23.081, +8.547,+0.968
1663797600,+3.49,+23.081, +8.490,+0.968
1663797660,+3.49,+23.072, +8.493,+0.968
1663797720,+3.49,+23.047, +8.341,+0.968
1663797780,+3.49,+23.072, +8.683,+0.969
1663797840,+3.49,+23.064, +8.781,+0.968
1663797900,+3.49,+23.064, +8.766,+0.969
1663797960,+3.49,+23.072, +8.775,+0.968
1663798020,+3.49,+23.072, +8.832,+0.968
1663798080,+3.49,+23.072, +8.819,+0.968
1663798140,+3.49,+23.072, +8.802,+0.969
1663798200,+3.49,+23.072, +8.754,+0.969
1663798260,+3.49,+23.072, +8.707,+0.968
1663798320,+3.49,+23.064, +8.634,+0.968
1663798380,+3.49,+23.072, +8.461,+0.969
1663798440,+3.49,+23.089, +8.414,+0.968
1663798500,+3.49,+23.064, +8.475,+0.968
1663798560,+3.49,+23.064, +8.702,+0.967
1663798620,+3.49,+23.064, +8.852,+0.968
1663798680,+3.49,+23.064, +8.871,+0.969
1663798740,+3.50,+23.056, +8.842,+0.968
1663798800,+3.49,+23.064, +8.823,+0.968
1663798860,+3.49,+23.081, +8.803,+0.968
1663798920,+3.49,+23.064, +8.713,+0.968
1663798980,+3.49,+23.072, +8.577,+0.968
1663799040,+3.50,+23.064, +8.491,+0.968
1663799100,+3.49,+23.081, +8.574,+0.968
1663799160,+3.49,+23.081, +8.702,+0.968
1663799220,+3.49,+23.047, +8.764,+0.969
1663799280,+3.49,+23.056, +8.787,+0.969
1663799340,+3.49,+23.064, +8.819,+0.969
1663799400,+3.49,+23.056, +8.810,+0.968
1663799460,+3.49,+23.030, +8.802,+0.968
1663799520,+3.49,+23.056, +8.784,+0.968
1663799580,+3.49,+23.056, +8.760,+0.969
1663799640,+3.49,+23.056, +8.756,+0.969
1663799700,+3.49,+23.072, +8.775,+0.968
1663799760,+3.49,+23.064, +8.523,+0.969
1663799820,+3.49,+23.064, +8.372,+0.968
1663799880,+3.49,+23.056, +8.492,+0.969
1663799940,+3.49,+23.072, +8.584,+0.968
1663800000,+3.49,+23.047, +8.590,+0.968
1663800060,+3.49,+23.081, +8.673,+0.968
1663800120,+3.49,+23.047, +8.667,+0.968
1663800180,+3.49,+23.081, +8.721,+0.968
1663800240,+3.49,+23.064, +8.738,+0.969
1663800300,+3.49,+23.056, +8.760,+0.969
1663800360,+3.49,+23.056, +8.765,+0.968
1663800420,+3.49,+23.064, +8.762,+0.968
1663800480,+3.49,+23.056, +8.861,+0.969
1663800540,+3.49,+23.056, +9.002,+0.969
1663800600,+3.49,+23.064, +9.065,+0.969
1663800660,+3.49,+23.072, +9.106,+0.968
1663800720,+3.49,+23.056, +9.115,+0.969
1663800780,+3.49,+23.039, +9.122,+0.968
1663800840,+3.49,+23.056, +9.146,+0.969
1663800900,+3.49,+23.064, +9.139,+0.968
1663800960,+3.49,+23.064, +8.798,+0.968
1663801020,+3.49,+23.056, +8.870,+0.968
1663801080,+3.49,+23.056, +8.829,+0.969
1663801140,+3.49,+23.064, +8.920,+0.968
1663801200,+3.49,+23.072, +9.104,+0.969
1663801260,+3.49,+23.064, +9.150,+0.968
1663801320,+3.49,+23.072, +9.119,+0.969
1663801380,+3.49,+23.064, +9.145,+0.968
1663801440,+3.49,+23.064, +8.989,+0.968
1663801500,+3.49,+23.047, +8.963,+0.968
1663801560,+3.49,+23.056, +9.002,+0.968
1663801620,+3.49,+23.039, +8.984,+0.968
1663801680,+3.49,+23.056, +8.890,+0.968
1663801740,+3.49,+23.064, +9.082,+0.969
1663801800,+3.49,+23.072, +9.133,+0.969
1663801860,+3.49,+23.064, +9.169,+0.968
1663801920,+3.49,+23.056, +9.218,+0.969
1663801980,+3.49,+23.064, +9.192,+0.968
1663802040,+3.49,+23.056, +9.239,+0.968
1663802100,+3.49,+23.056, +9.375,+0.968
1663802160,+3.49,+23.064, +9.405,+0.968
1663802220,+3.49,+23.064, +9.432,+0.969
1663802280,+3.49,+23.056, +9.392,+0.969
1663802340,+3.49,+23.056, +9.419,+0.969
1663802400,+3.49,+23.056, +9.366,+0.969
1663802460,+3.49,+23.047, +9.295,+0.969
1663802520,+3.49,+23.056, +9.232,+0.969
1663802580,+3.49,+23.047, +9.179,+0.969
1663802640,+3.49,+23.056, +9.209,+0.969
1663802700,+3.49,+23.064, +9.182,+0.969
1663802760,+3.49,+23.064, +9.106,+0.968
1663802820,+3.49,+23.056, +9.227,+0.969
1663802880,+3.49,+23.072, +9.156,+0.968
1663802940,+3.49,+23.056, +9.179,+0.968
1663803000,+3.49,+23.056, +9.115,+0.968
1663803060,+3.49,+23.056, +8.979,+0.969
1663803120,+3.49,+23.064, +8.811,+0.968
1663803180,+3.49,+23.039, +8.746,+0.968
1663803240,+3.50,+23.047, +8.602,+0.968
1663803300,+3.49,+23.064, +8.583,+0.968
1663803360,+3.49,+23.056, +8.504,+0.968
1663803420,+3.49,+23.064, +8.489,+0.968
1663803480,+3.49,+23.056, +8.415,+0.968
1663803540,+3.49,+23.047, +8.107,+0.968
1663803600,+3.50,+23.039, +8.084,+0.968
1663803660,+3.49,+23.056, +8.076,+0.968
1663803720,+3.49,+23.039, +8.169,+0.968
1663803780,+3.49,+23.056, +8.343,+0.968
1663803840,+3.49,+23.056, +8.600,+0.968
1663803900,+3.50,+23.047, +8.505,+0.968
1663803960,+3.49,+23.047, +8.655,+0.968
1663804020,+3.49,+23.056, +8.410,+0.968
1663804080,+3.50,+23.039, +8.434,+0.968
1663804140,+3.50,+23.039, +8.199,+0.968
1663804200,+3.49,+23.039, +7.594,+0.968
1663804260,+3.49,+23.039, +7.461,+0.967
1663804320,+3.49,+23.039, +8.176,+0.968
1663804380,+3.49,+23.039, +8.622,+0.969
1663804440,+3.49,+23.039, +9.051,+0.968
1663804500,+3.49,+23.030, +9.202,+0.968
1663804560,+3.49,+23.030, +9.378,+0.969
1663804620,+3.49,+23.039, +9.475,+0.969
1663804680,+3.49,+23.030, +9.474,+0.968
1663804740,+3.49,+23.039, +9.358,+0.968
1663804800,+3.49,+23.022, +9.194,+0.969
1663804860,+3.49,+23.039, +9.085,+0.969
1663804920,+3.49,+23.005, +9.179,+0.968
1663804980,+3.49,+23.039, +9.253,+0.969
1663805040,+3.49,+23.030, +9.322,+0.968
1663805100,+3.49,+23.039, +9.324,+0.968
1663805160,+3.49,+23.030, +9.320,+0.969
1663805220,+3.49,+23.039, +9.169,+0.968
1663805280,+3.49,+23.039, +9.103,+0.968
1663805340,+3.49,+23.039, +9.127,+0.968
1663805400,+3.49,+23.005, +9.081,+0.969
1663805460,+3.49,+23.039, +8.907,+0.968
1663805520,+3.49,+23.022, +9.071,+0.968
1663805580,+3.49,+23.014, +9.134,+0.969
1663805640,+3.49,+23.022, +8.981,+0.969
1663805700,+3.49,+23.005, +8.927,+0.968
1663805760,+3.49,+23.022, +8.807,+0.968
1663805820,+3.49,+23.014, +8.579,+0.968
1663805880,+3.49,+22.989, +8.567,+0.968
1663805940,+3.49,+23.005, +8.716,+0.968
1663806000,+3.49,+22.989, +8.907,+0.969
1663806060,+3.49,+22.997, +9.001,+0.968
1663806120,+3.50,+22.997, +9.239,+0.968
1663806180,+3.49,+23.014, +9.376,+0.969
1663806240,+3.50,+22.997, +9.390,+0.968
1663806300,+3.49,+23.005, +9.447,+0.969
1663806360,+3.49,+22.997, +9.445,+0.969
1663806420,+3.49,+22.997, +9.376,+0.968
1663806480,+3.49,+22.980, +9.293,+0.969
1663806540,+3.49,+22.997, +9.199,+0.968
1663806600,+3.49,+22.989, +9.088,+0.969
1663806660,+3.49,+22.989, +9.045,+0.968
1663806720,+3.49,+22.980, +9.053,+0.968
1663806780,+3.49,+22.989, +9.014,+0.969
1663806840,+3.49,+23.005, +8.950,+0.968
1663806900,+3.49,+22.997, +8.936,+0.968
1663806960,+3.49,+22.989, +8.874,+0.969
1663807020,+3.49,+22.972, +9.020,+0.969
1663807080,+3.49,+23.022, +9.028,+0.968
1663807140,+3.49,+22.989, +9.054,+0.968
1663807200,+3.49,+22.989, +9.038,+0.968
1663807260,+3.49,+22.972, +9.034,+0.968
1663807320,+3.49,+22.997, +8.959,+0.968
1663807380,+3.49,+22.980, +8.881,+0.968
1663807440,+3.49,+23.014, +8.899,+0.968
1663807500,+3.49,+22.989, +8.947,+0.969
1663807560,+3.50,+22.980, +8.950,+0.968
1663807620,+3.49,+22.972, +8.952,+0.968
1663807680,+3.49,+22.989, +8.955,+0.968
1663807740,+3.49,+22.989, +9.044,+0.968
1663807800,+3.49,+22.963, +9.116,+0.969
1663807860,+3.49,+22.997, +9.155,+0.968
1663807920,+3.49,+22.963, +9.208,+0.969
1663807980,+3.49,+22.963, +9.226,+0.969
1663808040,+3.49,+22.972, +9.193,+0.968
1663808100,+3.49,+22.972, +8.995,+0.968
1663808160,+3.50,+22.972, +8.512,+0.968
1663808220,+3.49,+22.955, +8.419,+0.968
1663808280,+3.49,+22.972, +8.082,+0.968
1663808340,+3.49,+22.963, +7.971,+0.968
1663808400,+3.49,+22.955, +7.805,+0.967
1663808460,+3.50,+22.955, +7.791,+0.967
1663808520,+3.50,+22.972, +7.858,+0.968
1663808580,+3.50,+22.955, +8.317,+0.968
1663808640,+3.50,+22.955, +8.461,+0.968
1663808700,+3.49,+22.947, +8.474,+0.968
1663808760,+3.49,+22.963, +8.469,+0.968
1663808820,+3.50,+22.955, +8.487,+0.968
1663808880,+3.49,+22.955, +8.594,+0.968
1663808940,+3.49,+22.963, +8.447,+0.968
1663809000,+3.49,+22.947, +8.581,+0.968
1663809060,+3.50,+22.938, +8.490,+0.968
1663809120,+3.50,+22.938, +8.381,+0.968
1663809180,+3.49,+22.938, +8.398,+0.968
1663809240,+3.49,+22.947, +8.219,+0.968
1663809300,+3.50,+22.938, +7.742,+0.967
1663809360,+3.49,+22.947, +7.409,+0.968
1663809420,+3.49,+22.947, +7.490,+0.967
1663809480,+3.50,+22.938, +7.633,+0.968
1663809540,+3.50,+22.955, +7.755,+0.968
1663809600,+3.49,+22.947, +7.794,+0.968
1663809660,+3.50,+22.938, +7.895,+0.968
1663809720,+3.50,+22.955, +7.964,+0.968
1663809780,+3.50,+22.947, +8.011,+0.968
1663809840,+3.50,+22.947, +8.170,+0.968
1663809900,+3.49,+22.963, +8.334,+0.968
1663809960,+3.50,+22.922, +8.476,+0.968
1663810020,+3.50,+22.947, +8.580,+0.968
1663810080,+3.50,+22.938, +8.592,+0.968
1663810140,+3.50,+22.938, +8.391,+0.968
1663810200,+3.50,+22.938, +8.954,+0.968
1663810260,+3.50,+22.938, +9.003,+0.969
1663810320,+3.49,+22.930, +9.061,+0.969
1663810380,+3.49,+22.938, +8.373,+0.968
1663810440,+3.50,+22.922, +7.936,+0.967
1663810500,+3.50,+22.955, +7.843,+0.968
1663810560,+3.49,+22.963, +7.797,+0.968
1663810620,+3.50,+22.947, +7.902,+0.968
1663810680,+3.50,+22.930, +7.978,+0.968
1663810740,+3.50,+22.947, +8.121,+0.969
1663810800,+3.50,+22.930, +8.095,+0.968
1663810860,+3.50,+22.930, +8.293,+0.968
1663810920,+3.49,+22.930, +8.460,+0.968
1663810980,+3.50,+22.930, +8.591,+0.968
1663811040,+3.50,+22.938, +8.674,+0.968
1663811100,+3.50,+22.922, +8.700,+0.968
1663811160,+3.49,+22.938, +8.742,+0.968
1663811220,+3.49,+22.930, +8.830,+0.968
1663811280,+3.49,+22.938, +8.540,+0.968
1663811340,+3.50,+22.913, +8.213,+0.968
1663811400,+3.50,+22.922, +8.114,+0.968
1663811460,+3.50,+22.922, +8.117,+0.968
1663811520,+3.50,+22.922, +8.114,+0.968
1663811580,+3.50,+22.938, +8.233,+0.967
1663811640,+3.50,+22.922, +8.236,+0.968
1663811700,+3.50,+22.930, +7.973,+0.968
1663811760,+3.50,+22.913, +8.000,+0.968
1663811820,+3.50,+22.930, +8.092,+0.968
1663811880,+3.50,+22.930, +8.220,+0.968
1663811940,+3.50,+22.930, +8.336,+0.968
1663812000,+3.49,+22.913, +8.411,+0.968
1663812060,+3.50,+22.922, +8.508,+0.968
1663812120,+3.50,+22.913, +8.599,+0.968
1663812180,+3.50,+22.922, +8.662,+0.968
1663812240,+3.50,+22.913, +8.691,+0.968
1663812300,+3.50,+22.947, +8.590,+0.968
1663812360,+3.49,+22.922, +8.465,+0.968
1663812420,+3.49,+22.913, +8.236,+0.968
1663812480,+3.50,+22.922, +7.810,+0.967
1663812540,+3.49,+22.905, +6.898,+0.967
1663812600,+3.50,+22.913, +7.018,+0.967
1663812660,+3.50,+22.888, +7.561,+0.968
1663812720,+3.50,+22.880, +7.616,+0.967
1663812780,+3.50,+22.880, +7.556,+0.968
1663812840,+3.50,+22.888, +7.585,+0.967
1663812900,+3.50,+22.871, +7.733,+0.967
1663812960,+3.50,+22.863, +7.921,+0.968
1663813020,+3.50,+22.863, +8.134,+0.968
1663813080,+3.50,+22.855, +8.301,+0.968
1663813140,+3.50,+22.846, +8.542,+0.968
1663813200,+3.50,+22.846, +8.776,+0.968
1663813260,+3.50,+22.888, +8.946,+0.968
1663813320,+3.50,+22.846, +9.053,+0.968
1663813380,+3.50,+22.846, +9.195,+0.968
1663813440,+3.50,+22.821, +9.348,+0.968
1663813500,+3.50,+22.830, +9.494,+0.969
1663813560,+3.50,+22.838, +9.590,+0.969
1663813620,+3.50,+22.838, +9.669,+0.969
1663813680,+3.50,+22.821, +9.653,+0.969
1663813740,+3.50,+22.838, +9.608,+0.969
1663813800,+3.50,+22.830, +9.524,+0.968
1663813860,+3.50,+22.830, +9.428,+0.969
1663813920,+3.50,+22.830, +8.920,+0.969
1663813980,+3.50,+22.830, +8.724,+0.968
1663814040,+3.50,+22.813, +8.976,+0.968
1663814100,+3.50,+22.813, +9.294,+0.969
1663814160,+3.50,+22.830, +9.490,+0.968
1663814220,+3.50,+22.821, +9.626,+0.968
1663814280,+3.50,+22.821, +9.609,+0.968
1663814340,+3.50,+22.855, +9.537,+0.968
1663814400,+3.50,+22.813, +9.505,+0.968
1663814460,+3.50,+22.830, +9.478,+0.969
1663814520,+3.50,+22.830, +9.464,+0.969
1663814580,+3.50,+22.830, +9.376,+0.969
1663814640,+3.50,+22.838, +9.341,+0.968
1663814700,+3.50,+22.821, +9.213,+0.968
1663814760,+3.50,+22.830, +9.221,+0.968
1663814820,+3.50,+22.830, +9.278,+0.969
1663814880,+3.50,+22.830, +9.321,+0.968
1663814940,+3.50,+22.821, +9.379,+0.969
1663815000,+3.50,+22.813, +9.428,+0.968
1663815060,+3.50,+22.846, +9.521,+0.969
1663815120,+3.50,+22.813, +9.550,+0.968
1663815180,+3.50,+22.830, +9.560,+0.968
1663815240,+3.50,+22.813, +9.588,+0.969
1663815300,+3.50,+22.838, +9.556,+0.968
1663815360,+3.50,+22.813, +9.515,+0.969
1663815420,+3.50,+22.796, +9.555,+0.969
1663815480,+3.50,+22.804, +9.577,+0.968
1663815540,+3.50,+22.796, +9.601,+0.968
1663815600,+3.50,+22.804, +9.632,+0.969
1663815660,+3.50,+22.830, +9.650,+0.969
1663815720,+3.50,+22.821, +9.630,+0.969
1663815780,+3.50,+22.804, +9.555,+0.970
1663815840,+3.50,+22.813, +9.515,+0.969
1663815900,+3.50,+22.830, +9.504,+0.969
1663815960,+3.50,+22.804, +9.503,+0.969
1663816020,+3.50,+22.813, +9.295,+0.968
1663816080,+3.50,+22.813, +9.142,+0.969
1663816140,+3.50,+22.813, +8.316,+0.968
1663816200,+3.50,+22.796, +8.138,+0.968
1663816260,+3.50,+22.788, +8.238,+0.968
1663816320,+3.50,+22.813, +8.000,+0.968
1663816380,+3.50,+22.804, +7.554,+0.967
1663816440,+3.50,+22.796, +7.074,+0.968
1663816500,+3.50,+22.813, +6.937,+0.967
1663816560,+3.50,+22.813, +7.277,+0.967
1663816620,+3.50,+22.788, +7.732,+0.968
1663816680,+3.50,+22.804, +8.163,+0.968
1663816740,+3.50,+22.796, +8.444,+0.968
1663816800,+3.50,+22.804, +8.624,+0.968
1663816860,+3.50,+22.788, +8.771,+0.968
1663816920,+3.50,+22.804, +8.901,+0.968
1663816980,+3.50,+22.788, +9.103,+0.969
1663817040,+3.50,+22.771, +9.309,+0.969
1663817100,+3.50,+22.796, +9.384,+0.968
1663817160,+3.50,+22.779, +9.525,+0.968
1663817220,+3.50,+22.788, +9.587,+0.969
1663817280,+3.50,+22.788, +9.599,+0.968
1663817340,+3.50,+22.779, +9.616,+0.969
1663817400,+3.50,+22.788, +9.621,+0.969
1663817460,+3.50,+22.788, +9.598,+0.969
1663817520,+3.50,+22.788, +9.609,+0.969
1663817580,+3.50,+22.779, +9.621,+0.968
1663817640,+3.50,+22.796, +9.610,+0.968
1663817700,+3.50,+22.779, +9.606,+0.969
1663817760,+3.50,+22.779, +9.577,+0.968
1663817820,+3.50,+22.788, +9.571,+0.969
1663817880,+3.50,+22.771, +9.522,+0.968
1663817940,+3.50,+22.788, +9.497,+0.969
1663818000,+3.50,+22.771, +9.461,+0.969
1663818060,+3.50,+22.763, +9.318,+0.969
1663818120,+3.50,+22.754, +9.089,+0.968
1663818180,+3.50,+22.763, +8.892,+0.968
1663818240,+3.50,+22.763, +8.602,+0.968
1663818300,+3.50,+22.763, +8.625,+0.968
1663818360,+3.50,+22.763, +8.625,+0.968
1663818420,+3.50,+22.763, +8.424,+0.967
1663818480,+3.50,+22.754, +8.288,+0.967
1663818540,+3.50,+22.746, +8.113,+0.968
1663818600,+3.50,+22.737, +7.537,+0.968
1663818660,+3.50,+22.746, +7.121,+0.967
1663818720,+3.50,+22.746, +6.928,+0.967
1663818780,+3.50,+22.746, +6.955,+0.967
1663818840,+3.50,+22.763, +7.067,+0.967
1663818900,+3.50,+22.754, +7.399,+0.967
1663818960,+3.50,+22.754, +7.656,+0.967
1663819020,+3.50,+22.712, +7.755,+0.968
1663819080,+3.50,+22.729, +8.054,+0.968
1663819140,+3.50,+22.746, +8.417,+0.968
1663819200,+3.50,+22.729, +8.837,+0.968
1663819260,+3.50,+22.721, +9.076,+0.968
1663819320,+3.50,+22.721, +9.194,+0.968
1663819380,+3.50,+22.696, +9.287,+0.968
1663819440,+3.50,+22.721, +9.348,+0.968
1663819500,+3.50,+22.712, +9.481,+0.969
1663819560,+3.50,+22.712, +9.507,+0.969
1663819620,+3.50,+22.704, +9.494,+0.969
1663819680,+3.50,+22.712, +9.472,+0.968
1663819740,+3.50,+22.704, +9.484,+0.969
1663819800,+3.50,+22.704, +9.495,+0.968
1663819860,+3.50,+22.696, +9.487,+0.968
1663819920,+3.50,+22.712, +9.473,+0.969
1663819980,+3.50,+22.704, +9.355,+0.969
1663820040,+3.50,+22.687, +9.236,+0.968
1663820100,+3.50,+22.687, +9.323,+0.968
1663820160,+3.50,+22.687, +9.375,+0.968
1663820220,+3.50,+22.679, +9.409,+0.968
1663820280,+3.50,+22.687, +9.362,+0.969
1663820340,+3.50,+22.679, +9.260,+0.968
1663820400,+3.50,+22.670, +9.157,+0.968
1663820460,+3.50,+22.662, +9.163,+0.968
1663820520,+3.50,+22.679, +9.173,+0.968
1663820580,+3.50,+22.679, +9.063,+0.968
1663820640,+3.50,+22.670, +8.547,+0.967
1663820700,+3.50,+22.670, +7.870,+0.968
1663820760,+3.50,+22.670, +7.629,+0.968
1663820820,+3.50,+22.662, +7.896,+0.968
1663820880,+3.50,+22.679, +8.161,+0.968
1663820940,+3.50,+22.654, +8.338,+0.968
1663821000,+3.50,+22.645, +8.508,+0.968
1663821060,+3.50,+22.645, +8.504,+0.968
1663821120,+3.50,+22.662, +8.474,+0.968
1663821180,+3.50,+22.670, +8.504,+0.968
1663821240,+3.50,+22.662, +8.652,+0.968
1663821300,+3.50,+22.670, +8.769,+0.968
1663821360,+3.50,+22.645, +8.850,+0.968
1663821420,+3.50,+22.654, +8.980,+0.969
1663821480,+3.50,+22.662, +9.052,+0.969
1663821540,+3.50,+22.645, +9.079,+0.968
1663821600,+3.50,+22.654, +9.024,+0.968
1663821660,+3.50,+22.637, +8.962,+0.968
1663821720,+3.50,+22.629, +9.012,+0.967
1663821780,+3.50,+22.620, +9.080,+0.968
1663821840,+3.50,+22.620, +9.108,+0.968
1663821900,+3.50,+22.637, +9.060,+0.968
1663821960,+3.50,+22.612, +9.019,+0.968
1663822020,+3.50,+22.612, +9.061,+0.968
1663822080,+3.50,+22.612, +9.173,+0.969
1663822140,+3.50,+22.620, +9.179,+0.968
1663822200,+3.50,+22.612, +9.188,+0.968
1663822260,+3.50,+22.604, +9.119,+0.968
1663822320,+3.50,+22.604, +9.069,+0.968
1663822380,+3.50,+22.620, +8.964,+0.968
1663822440,+3.50,+22.604, +8.886,+0.967
1663822500,+3.50,+22.612, +8.854,+0.968
1663822560,+3.50,+22.604, +8.827,+0.968
1663822620,+3.50,+22.595, +8.781,+0.968
1663822680,+3.50,+22.629, +8.834,+0.968
1663822740,+3.50,+22.595, +8.952,+0.968
1663822800,+3.50,+22.612, +8.974,+0.968
1663822860,+3.50,+22.604, +8.821,+0.968
1663822920,+3.50,+22.612, +8.806,+0.968
1663822980,+3.50,+22.604, +8.916,+0.968
1663823040,+3.50,+22.595, +8.936,+0.968
1663823100,+3.50,+22.620, +8.506,+0.967
1663823160,+3.50,+22.595, +7.565,+0.967
1663823220,+3.50,+22.620, +7.066,+0.967
1663823280,+3.50,+22.612, +7.275,+0.967
1663823340,+3.50,+22.587, +7.539,+0.967
1663823400,+3.50,+22.604, +7.597,+0.968
1663823460,+3.50,+22.612, +7.385,+0.967
1663823520,+3.50,+22.629, +7.240,+0.967
1663823580,+3.50,+22.612, +7.312,+0.967
1663823640,+3.50,+22.620, +7.356,+0.967
1663823700,+3.50,+22.612, +7.410,+0.968
1663823760,+3.50,+22.604, +7.477,+0.968
1663823820,+3.50,+22.595, +7.621,+0.968
1663823880,+3.50,+22.612, +7.731,+0.968
1663823940,+3.50,+22.612, +7.790,+0.968
1663824000,+3.50,+22.629, +7.829,+0.968
1663824060,+3.50,+22.604, +7.831,+0.968
1663824120,+3.50,+22.604, +7.791,+0.967
1663824180,+3.50,+22.612, +7.987,+0.968
1663824240,+3.50,+22.620, +8.096,+0.968
1663824300,+3.50,+22.604, +8.267,+0.968
1663824360,+3.50,+22.578, +8.408,+0.968
1663824420,+3.50,+22.587, +8.497,+0.968
1663824480,+3.50,+22.578, +8.566,+0.968
1663824540,+3.50,+22.587, +8.585,+0.968
1663824600,+3.50,+22.578, +8.580,+0.968
1663824660,+3.50,+22.562, +8.555,+0.968
1663824720,+3.50,+22.587, +8.516,+0.968
1663824780,+3.50,+22.587, +8.418,+0.968
1663824840,+3.50,+22.578, +8.352,+0.968
1663824900,+3.50,+22.570, +8.194,+0.968
1663824960,+3.50,+22.570, +8.010,+0.968
1663825020,+3.50,+22.562, +7.963,+0.967
1663825080,+3.50,+22.578, +7.915,+0.968
1663825140,+3.50,+22.562, +7.930,+0.967
1663825200,+3.50,+22.553, +7.987,+0.968
1663825260,+3.50,+22.553, +7.989,+0.967
1663825320,+3.50,+22.553, +7.948,+0.967
1663825380,+3.50,+22.562, +7.632,+0.967
1663825440,+3.50,+22.553, +7.873,+0.967
1663825500,+3.50,+22.537, +7.787,+0.967
1663825560,+3.50,+22.553, +7.845,+0.967
1663825620,+3.50,+22.545, +8.139,+0.967
1663825680,+3.50,+22.545, +8.437,+0.968
1663825740,+3.50,+22.545, +8.633,+0.968
1663825800,+3.50,+22.553, +8.657,+0.968
1663825860,+3.50,+22.553, +8.704,+0.968
1663825920,+3.50,+22.553, +8.804,+0.968
1663825980,+3.50,+22.545, +8.832,+0.968
1663826040,+3.50,+22.520, +8.822,+0.967
1663826100,+3.50,+22.528, +8.761,+0.967
1663826160,+3.50,+22.520, +8.678,+0.967
1663826220,+3.50,+22.520, +8.561,+0.968
1663826280,+3.50,+22.520, +8.501,+0.968
1663826340,+3.50,+22.520, +8.457,+0.968
1663826400,+3.50,+22.511, +8.360,+0.968
1663826460,+3.50,+22.511, +8.292,+0.968
1663826520,+3.50,+22.511, +8.258,+0.968
1663826580,+3.50,+22.495, +8.246,+0.967
1663826640,+3.50,+22.545, +8.247,+0.968
1663826700,+3.50,+22.511, +8.266,+0.967
1663826760,+3.50,+22.520, +8.265,+0.968
1663826820,+3.50,+22.511, +8.563,+0.968
1663826880,+3.50,+22.503, +8.698,+0.968
1663826940,+3.50,+22.520, +8.746,+0.968
1663827000,+3.50,+22.495, +8.781,+0.968
1663827060,+3.50,+22.495, +8.746,+0.968
1663827120,+3.50,+22.495, +8.762,+0.967
1663827180,+3.50,+22.495, +8.758,+0.968
1663827240,+3.50,+22.520, +8.743,+0.968
1663827300,+3.50,+22.495, +8.720,+0.968
1663827360,+3.50,+22.520, +8.506,+0.967
1663827420,+3.50,+22.520, +8.388,+0.968
1663827480,+3.50,+22.520, +8.326,+0.967
1663827540,+3.50,+22.503, +8.330,+0.968
1663827600,+3.50,+22.511, +8.296,+0.968
1663827660,+3.50,+22.511, +8.249,+0.968
1663827720,+3.50,+22.503, +8.209,+0.968
1663827780,+3.50,+22.511, +8.212,+0.968
1663827840,+3.50,+22.503, +8.230,+0.967
1663827900,+3.50,+22.520, +8.236,+0.967
1663827960,+3.50,+22.520, +8.260,+0.967
1663828020,+3.50,+22.520, +8.253,+0.968
1663828080,+3.50,+22.511, +8.181,+0.968
1663828140,+3.50,+22.503, +8.150,+0.968
1663828200,+3.50,+22.511, +8.179,+0.968
1663828260,+3.50,+22.503, +8.172,+0.968
1663828320,+3.50,+22.520, +8.369,+0.968
1663828380,+3.50,+22.495, +8.437,+0.968
1663828440,+3.50,+22.528, +8.472,+0.968
1663828500,+3.50,+22.511, +8.613,+0.968
1663828560,+3.50,+22.511, +8.705,+0.968
1663828620,+3.50,+22.520, +8.734,+0.968
1663828680,+3.50,+22.520, +8.768,+0.968
1663828740,+3.50,+22.511, +8.686,+0.968
1663828800,+3.50,+22.520, +8.825,+0.968
1663828860,+3.50,+22.528, +8.912,+0.968
1663828920,+3.50,+22.503, +8.828,+0.968
1663828980,+3.50,+22.511, +8.863,+0.968
1663829040,+3.50,+22.545, +8.835,+0.968
1663829100,+3.50,+22.528, +8.566,+0.968
1663829160,+3.50,+22.528, +8.217,+0.968
1663829220,+3.50,+22.520, +8.417,+0.967
1663829280,+3.50,+22.511, +8.381,+0.968
1663829340,+3.50,+22.520, +8.357,+0.968
1663829400,+3.50,+22.520, +8.447,+0.968
1663829460,+3.50,+22.520, +8.595,+0.968
1663829520,+3.50,+22.537, +8.673,+0.968
1663829580,+3.50,+22.520, +8.700,+0.967
1663829640,+3.50,+22.528, +8.720,+0.968
1663829700,+3.50,+22.511, +8.724,+0.968
1663829760,+3.50,+22.545, +8.699,+0.968
1663829820,+3.50,+22.537, +8.702,+0.968
1663829880,+3.50,+22.537, +8.720,+0.968
1663829940,+3.50,+22.520, +8.699,+0.968
1663830000,+3.50,+22.528, +8.639,+0.968
1663830060,+3.50,+22.520, +8.615,+0.968
1663830120,+3.50,+22.528, +8.566,+0.968
1663830180,+3.50,+22.511, +8.568,+0.968
1663830240,+3.50,+22.511, +8.587,+0.968
1663830300,+3.50,+22.503, +8.632,+0.968
1663830360,+3.50,+22.520, +8.653,+0.968
1663830420,+3.50,+22.511, +8.646,+0.968
1663830480,+3.50,+22.503, +8.674,+0.968
1663830540,+3.50,+22.503, +8.709,+0.968
1663830600,+3.50,+22.495, +8.715,+0.968
1663830660,+3.50,+22.495, +8.665,+0.968
1663830720,+3.50,+22.486, +8.600,+0.967
1663830780,+3.50,+22.486, +8.570,+0.968
1663830840,+3.50,+22.495, +8.576,+0.968
1663830900,+3.50,+22.503, +8.075,+0.967
1663830960,+3.50,+22.486, +7.461,+0.967
1663831020,+3.50,+22.495, +7.527,+0.967
1663831080,+3.50,+22.478, +8.133,+0.968
1663831140,+3.50,+22.478, +8.557,+0.968
1663831200,+3.50,+22.503, +8.697,+0.968
1663831260,+3.50,+22.461, +8.670,+0.968
1663831320,+3.50,+22.470, +8.615,+0.968
1663831380,+3.50,+22.511, +8.668,+0.968
1663831440,+3.50,+22.486, +8.675,+0.967
1663831500,+3.50,+22.503, +8.677,+0.968
1663831560,+3.50,+22.495, +8.663,+0.968
1663831620,+3.50,+22.511, +8.609,+0.968
1663831680,+3.50,+22.495, +8.521,+0.968
1663831740,+3.50,+22.520, +8.473,+0.968
1663831800,+3.50,+22.520, +8.633,+0.967
1663831860,+3.50,+22.520, +8.658,+0.968
1663831920,+3.50,+22.528, +8.637,+0.968
1663831980,+3.50,+22.511, +8.553,+0.968
1663832040,+3.50,+22.520, +8.595,+0.968
1663832100,+3.50,+22.545, +8.686,+0.968
1663832160,+3.50,+22.528, +8.568,+0.968
1663832220,+3.50,+22.553, +8.364,+0.968
1663832280,+3.50,+22.545, +8.279,+0.968
1663832340,+3.50,+22.570, +8.459,+0.968
1663832400,+3.50,+22.562, +8.569,+0.968
1663832460,+3.50,+22.570, +8.730,+0.968
1663832520,+3.50,+22.595, +8.844,+0.968
1663832580,+3.50,+22.570, +8.903,+0.968
1663832640,+3.50,+22.578, +8.877,+0.968
1663832700,+3.50,+22.587, +8.751,+0.968
1663832760,+3.50,+22.604, +8.711,+0.968
1663832820,+3.50,+22.612, +8.456,+0.968
1663832880,+3.50,+22.604, +8.424,+0.968
1663832940,+3.50,+22.612, +8.296,+0.968
1663833000,+3.50,+22.620, +8.125,+0.967
1663833060,+3.50,+22.604, +8.130,+0.968
1663833120,+3.50,+22.620, +7.793,+0.967
1663833180,+3.50,+22.620, +7.774,+0.967
1663833240,+3.50,+22.629, +7.766,+0.967
1663833300,+3.50,+22.620, +7.772,+0.967
1663833360,+3.50,+22.629, +7.604,+0.967
1663833420,+3.50,+22.645, +7.621,+0.967
1663833480,+3.50,+22.637, +7.829,+0.968
1663833540,+3.50,+22.637, +7.903,+0.968
1663833600,+3.50,+22.654, +8.133,+0.968
1663833660,+3.50,+22.629, +8.397,+0.967
1663833720,+3.50,+22.637, +8.456,+0.968
1663833780,+3.50,+22.645, +8.632,+0.968
1663833840,+3.50,+22.637, +8.546,+0.968
1663833900,+3.50,+22.654, +8.312,+0.968
1663833960,+3.50,+22.662, +8.230,+0.968
1663834020,+3.50,+22.662, +8.128,+0.968
1663834080,+3.50,+22.662, +7.888,+0.967
1663834140,+3.50,+22.654, +7.635,+0.967
1663834200,+3.50,+22.670, +7.474,+0.967
1663834260,+3.50,+22.654, +7.581,+0.968
1663834320,+3.50,+22.637, +7.765,+0.968
1663834380,+3.50,+22.620, +7.737,+0.968
1663834440,+3.50,+22.637, +7.670,+0.968
1663834500,+3.50,+22.645, +7.983,+0.967
1663834560,+3.50,+22.654, +8.032,+0.968
1663834620,+3.50,+22.637, +8.128,+0.967
1663834680,+3.50,+22.620, +8.409,+0.968
1663834740,+3.50,+22.637, +8.528,+0.968
1663834800,+3.50,+22.645, +8.585,+0.968
1663834860,+3.50,+22.645, +8.619,+0.968
1663834920,+3.50,+22.645, +8.605,+0.968
1663834980,+3.50,+22.629, +8.656,+0.968
1663835040,+3.50,+22.645, +8.662,+0.968
1663835100,+3.50,+22.645, +8.648,+0.968
1663835160,+3.50,+22.654, +8.567,+0.968
1663835220,+3.50,+22.645, +8.316,+0.967
1663835280,+3.50,+22.654, +8.160,+0.968
1663835340,+3.50,+22.662, +8.127,+0.968
1663835400,+3.50,+22.654, +8.123,+0.968
1663835460,+3.50,+22.654, +8.115,+0.968
1663835520,+3.50,+22.662, +8.017,+0.968
1663835580,+3.50,+22.662, +7.588,+0.968
1663835640,+3.50,+22.662, +7.005,+0.967
1663835700,+3.50,+22.662, +6.852,+0.967
1663835760,+3.50,+22.654, +6.771,+0.967
1663835820,+3.50,+22.654, +6.840,+0.967
1663835880,+3.50,+22.645, +7.033,+0.967
1663835940,+3.50,+22.620, +6.797,+0.967
1663836000,+3.50,+22.629, +6.860,+0.967
1663836060,+3.50,+22.645, +7.320,+0.968
1663836120,+3.50,+22.645, +7.631,+0.967
1663836180,+3.50,+22.637, +7.818,+0.967
1663836240,+3.50,+22.620, +8.148,+0.968
1663836300,+3.50,+22.629, +8.375,+0.968
1663836360,+3.50,+22.629, +8.646,+0.968
1663836420,+3.50,+22.629, +8.737,+0.968
1663836480,+3.50,+22.645, +8.675,+0.968
1663836540,+3.50,+22.645, +8.628,+0.968
1663836600,+3.50,+22.629, +8.635,+0.968
1663836660,+3.50,+22.629, +8.614,+0.968
1663836720,+3.50,+22.654, +8.524,+0.968
1663836780,+3.50,+22.629, +8.324,+0.968
1663836840,+3.50,+22.637, +8.286,+0.968
1663836900,+3.50,+22.612, +8.161,+0.967
1663836960,+3.50,+22.637, +8.130,+0.968
1663837020,+3.50,+22.629, +8.292,+0.967
1663837080,+3.50,+22.629, +8.231,+0.967
1663837140,+3.50,+22.620, +8.218,+0.968
1663837200,+3.50,+22.629, +8.344,+0.968
1663837260,+3.50,+22.637, +8.168,+0.968
1663837320,+3.50,+22.670, +7.745,+0.968
1663837380,+3.50,+22.670, +7.396,+0.967
1663837440,+3.50,+22.679, +7.082,+0.967
1663837500,+3.50,+22.696, +6.831,+0.967
1663837560,+3.50,+22.696, +6.610,+0.967
1663837620,+3.50,+22.679, +6.434,+0.968
1663837680,+3.50,+22.696, +6.213,+0.967
1663837740,+3.50,+22.696, +5.881,+0.967
1663837800,+3.50,+22.721, +5.554,+0.967
1663837860,+3.50,+22.712, +5.551,+0.967
1663837920,+3.50,+22.721, +5.459,+0.967
1663837980,+3.50,+22.712, +5.119,+0.967
1663838040,+3.50,+22.721, +4.793,+0.968
1663838100,+3.50,+22.721, +5.108,+0.967
1663838160,+3.50,+22.721, +5.382,+0.967
1663838220,+3.50,+22.729, +5.307,+0.967
1663838280,+3.50,+22.729, +5.382,+0.967
1663838340,+3.50,+22.729, +5.374,+0.968
1663838400,+3.50,+22.746, +5.595,+0.967
1663838460,+3.50,+22.737, +5.855,+0.967
1663838520,+3.50,+22.746, +6.034,+0.967
1663838580,+3.50,+22.729, +6.119,+0.967
1663838640,+3.50,+22.729, +6.329,+0.967
1663838700,+3.50,+22.737, +6.603,+0.968
1663838760,+3.50,+22.737, +6.804,+0.967
1663838820,+3.50,+22.729, +6.846,+0.967
1663838880,+3.50,+22.737, +6.775,+0.968
1663838940,+3.50,+22.721, +6.697,+0.967
1663839000,+3.50,+22.729, +6.488,+0.967
1663839060,+3.50,+22.721, +6.387,+0.968
1663839120,+3.50,+22.721, +6.115,+0.967
1663839180,+3.50,+22.729, +6.374,+0.967
1663839240,+3.50,+22.721, +6.533,+0.967
1663839300,+3.50,+22.729, +6.441,+0.968
1663839360,+3.50,+22.721, +6.494,+0.968
1663839420,+3.50,+22.729, +6.490,+0.968
1663839480,+3.50,+22.729, +6.690,+0.967
1663839540,+3.50,+22.712, +6.738,+0.967
1663839600,+3.50,+22.729, +6.756,+0.968
1663839660,+3.50,+22.712, +6.739,+0.968
1663839720,+3.50,+22.737, +6.755,+0.967
1663839780,+3.50,+22.721, +6.745,+0.967
1663839840,+3.50,+22.712, +6.731,+0.968
1663839900,+3.50,+22.721, +6.720,+0.968
1663839960,+3.50,+22.704, +6.661,+0.967
1663840020,+3.50,+22.721, +6.679,+0.967
1663840080,+3.50,+22.704, +6.764,+0.967
1663840140,+3.50,+22.729, +6.705,+0.967
1663840200,+3.50,+22.721, +6.657,+0.967
1663840260,+3.50,+22.712, +6.635,+0.968
1663840320,+3.50,+22.729, +6.576,+0.967
1663840380,+3.50,+22.704, +6.538,+0.967
1663840440,+3.50,+22.696, +6.580,+0.967
1663840500,+3.50,+22.721, +6.598,+0.967
1663840560,+3.50,+22.721, +6.498,+0.968
1663840620,+3.50,+22.704, +6.504,+0.967
1663840680,+3.50,+22.712, +6.343,+0.968
1663840740,+3.50,+22.721, +6.447,+0.968
1663840800,+3.50,+22.712, +6.587,+0.968
1663840860,+3.50,+22.712, +6.726,+0.967
1663840920,+3.50,+22.721, +6.789,+0.967
1663840980,+3.50,+22.729, +6.800,+0.967
1663841040,+3.50,+22.704, +6.743,+0.968
1663841100,+3.50,+22.712, +6.749,+0.968
1663841160,+3.50,+22.712, +6.732,+0.968
1663841220,+3.50,+22.721, +6.681,+0.967
1663841280,+3.50,+22.712, +6.557,+0.967
1663841340,+3.50,+22.704, +6.388,+0.967
1663841400,+3.50,+22.704, +6.425,+0.967
1663841460,+3.50,+22.696, +6.574,+0.968
1663841520,+3.50,+22.704, +6.650,+0.967
1663841580,+3.50,+22.687, +6.586,+0.967
1663841640,+3.50,+22.704, +6.530,+0.967
1663841700,+3.50,+22.679, +6.576,+0.968
1663841760,+3.50,+22.687, +6.512,+0.968
1663841820,+3.50,+22.662, +6.358,+0.967
1663841880,+3.50,+22.662, +6.841,+0.967
1663841940,+3.50,+22.670, +7.134,+0.967
1663842000,+3.50,+22.662, +7.339,+0.968
1663842060,+3.50,+22.654, +7.449,+0.968
1663842120,+3.50,+22.645, +7.590,+0.967
1663842180,+3.50,+22.645, +7.680,+0.968
1663842240,+3.50,+22.645, +7.842,+0.968
1663842300,+3.50,+22.637, +8.086,+0.968
1663842360,+3.50,+22.620, +8.169,+0.968
1663842420,+3.50,+22.629, +8.084,+0.967
1663842480,+3.50,+22.629, +8.006,+0.968
1663842540,+3.50,+22.629, +8.013,+0.967
1663842600,+3.50,+22.612, +7.949,+0.968
1663842660,+3.50,+22.637, +8.096,+0.968
1663842720,+3.50,+22.620, +8.219,+0.968
1663842780,+3.50,+22.612, +8.295,+0.968
1663842840,+3.50,+22.620, +8.260,+0.968
1663842900,+3.50,+22.620, +8.216,+0.968
1663842960,+3.50,+22.612, +8.211,+0.967
1663843020,+3.50,+22.604, +8.176,+0.968
1663843080,+3.50,+22.595, +8.136,+0.968
1663843140,+3.50,+22.587, +8.162,+0.968
1663843200,+3.50,+22.604, +8.111,+0.968
1663843260,+3.50,+22.595, +8.132,+0.967
1663843320,+3.50,+22.612, +8.156,+0.968
1663843380,+3.50,+22.595, +8.164,+0.967
1663843440,+3.50,+22.604, +8.254,+0.968
1663843500,+3.50,+22.595, +8.320,+0.968
1663843560,+3.50,+22.595, +8.412,+0.967
1663843620,+3.50,+22.587, +8.450,+0.968
1663843680,+3.50,+22.595, +8.408,+0.968
1663843740,+3.50,+22.587, +8.329,+0.967
1663843800,+3.50,+22.578, +8.380,+0.968
1663843860,+3.50,+22.595, +8.342,+0.968
1663843920,+3.50,+22.612, +8.215,+0.968
1663843980,+3.50,+22.587, +8.216,+0.968
1663844040,+3.50,+22.604, +8.134,+0.968
1663844100,+3.50,+22.578, +8.015,+0.967
1663844160,+3.50,+22.587, +7.903,+0.967
1663844220,+3.50,+22.604, +7.893,+0.967
1663844280,+3.50,+22.587, +7.687,+0.967
1663844340,+3.50,+22.587, +7.850,+0.968
1663844400,+3.50,+22.595, +7.754,+0.967
1663844460,+3.50,+22.587, +7.626,+0.967
1663844520,+3.50,+22.587, +7.597,+0.967
1663844580,+3.50,+22.604, +7.791,+0.968
1663844640,+3.50,+22.595, +8.005,+0.967
1663844700,+3.50,+22.604, +8.149,+0.968
1663844760,+3.50,+22.578, +8.224,+0.968
1663844820,+3.50,+22.604, +8.315,+0.968
1663844880,+3.50,+22.612, +8.502,+0.968
1663844940,+3.50,+22.612, +8.616,+0.968
1663845000,+3.50,+22.629, +8.677,+0.968
1663845060,+3.50,+22.620, +8.729,+0.968
1663845120,+3.50,+22.629, +8.757,+0.968
1663845180,+3.50,+22.620, +8.781,+0.968
1663845240,+3.50,+22.612, +8.786,+0.968
1663845300,+3.50,+22.629, +8.772,+0.968
1663845360,+3.50,+22.612, +8.758,+0.968
1663845420,+3.50,+22.645, +8.729,+0.968
1663845480,+3.50,+22.620, +8.714,+0.968
1663845540,+3.50,+22.637, +8.631,+0.968
1663845600,+3.50,+22.629, +8.616,+0.968
1663845660,+3.50,+22.612, +8.600,+0.968
1663845720,+3.50,+22.637, +8.622,+0.967
1663845780,+3.50,+22.620, +8.564,+0.968
1663845840,+3.50,+22.620, +8.557,+0.968
1663845900,+3.50,+22.629, +8.463,+0.967
1663845960,+3.50,+22.629, +8.420,+0.967
1663846020,+3.50,+22.629, +8.391,+0.968
1663846080,+3.50,+22.629, +8.226,+0.968
1663846140,+3.50,+22.620, +7.900,+0.967
1663846200,+3.50,+22.645, +7.935,+0.968
1663846260,+3.50,+22.629, +7.880,+0.967
1663846320,+3.50,+22.629, +7.908,+0.968
1663846380,+3.50,+22.637, +7.528,+0.968
1663846440,+3.50,+22.637, +7.442,+0.968
1663846500,+3.50,+22.620, +7.313,+0.968
1663846560,+3.50,+22.620, +7.108,+0.967
1663846620,+3.50,+22.637, +6.998,+0.967
1663846680,+3.50,+22.637, +7.171,+0.967
1663846740,+3.50,+22.637, +7.191,+0.967
1663846800,+3.50,+22.645, +7.165,+0.967
1663846860,+3.50,+22.654, +6.905,+0.966
1663846920,+3.50,+22.637, +6.829,+0.967
1663846980,+3.50,+22.637, +6.835,+0.967
1663847040,+3.50,+22.645, +6.745,+0.967
1663847100,+3.50,+22.629, +6.650,+0.967
1663847160,+3.50,+22.629, +6.488,+0.967
1663847220,+3.50,+22.629, +6.448,+0.967
1663847280,+3.50,+22.629, +6.482,+0.967
1663847340,+3.50,+22.645, +6.515,+0.967
1663847400,+3.50,+22.654, +6.389,+0.967
1663847460,+3.50,+22.645, +6.421,+0.967
1663847520,+3.50,+22.629, +6.445,+0.967
1663847580,+3.50,+22.637, +6.560,+0.967
1663847640,+3.50,+22.654, +6.708,+0.967
1663847700,+3.50,+22.620, +6.833,+0.967
1663847760,+3.50,+22.629, +6.901,+0.967
1663847820,+3.50,+22.637, +6.785,+0.967
1663847880,+3.50,+22.637, +7.114,+0.968
1663847940,+3.50,+22.645, +7.309,+0.968
1663848000,+3.50,+22.645, +7.382,+0.968
1663848060,+3.50,+22.629, +7.401,+0.967
1663848120,+3.50,+22.629, +7.436,+0.967
1663848180,+3.50,+22.629, +7.457,+0.968
1663848240,+3.50,+22.645, +7.492,+0.967
1663848300,+3.50,+22.629, +7.583,+0.967
1663848360,+3.50,+22.629, +7.668,+0.968
1663848420,+3.50,+22.637, +7.682,+0.967
1663848480,+3.50,+22.620, +7.679,+0.967
1663848540,+3.50,+22.620, +7.678,+0.968
1663848600,+3.50,+22.654, +7.418,+0.968
1663848660,+3.50,+22.645, +7.381,+0.968
1663848720,+3.50,+22.637, +7.472,+0.967
1663848780,+3.50,+22.637, +7.474,+0.967
1663848840,+3.50,+22.620, +7.376,+0.967
1663848900,+3.50,+22.637, +7.472,+0.967
1663848960,+3.50,+22.629, +7.392,+0.967
1663849020,+3.50,+22.629, +7.368,+0.968
1663849080,+3.50,+22.629, +7.327,+0.967
1663849140,+3.50,+22.620, +7.369,+0.967
1663849200,+3.50,+22.620, +7.344,+0.967
1663849260,+3.50,+22.637, +7.278,+0.967
1663849320,+3.50,+22.629, +7.273,+0.968
1663849380,+3.50,+22.620, +7.182,+0.967
1663849440,+3.50,+22.612, +7.169,+0.967
1663849500,+3.50,+22.604, +7.145,+0.967
1663849560,+3.50,+22.604, +7.186,+0.967
1663849620,+3.50,+22.612, +7.220,+0.967
1663849680,+3.50,+22.604, +7.279,+0.967
1663849740,+3.50,+22.612, +7.314,+0.968
1663849800,+3.50,+22.587, +7.365,+0.967
1663849860,+3.50,+22.612, +7.390,+0.967
1663849920,+3.50,+22.604, +7.463,+0.967
1663849980,+3.50,+22.604, +7.498,+0.967
1663850040,+3.50,+22.612, +7.523,+0.967
1663850100,+3.50,+22.595, +7.535,+0.967
1663850160,+3.50,+22.612, +7.525,+0.967
1663850220,+3.50,+22.620, +7.572,+0.968
1663850280,+3.50,+22.620, +7.600,+0.968
1663850340,+3.50,+22.595, +7.600,+0.967
1663850400,+3.50,+22.595, +7.611,+0.968
1663850460,+3.50,+22.595, +7.615,+0.968
1663850520,+3.50,+22.604, +7.648,+0.967
1663850580,+3.50,+22.612, +7.631,+0.967
1663850640,+3.50,+22.612, +7.659,+0.968
1663850700,+3.50,+22.595, +7.722,+0.967
1663850760,+3.50,+22.578, +7.746,+0.968
1663850820,+3.50,+22.604, +7.753,+0.968
1663850880,+3.50,+22.587, +7.743,+0.967
1663850940,+3.50,+22.587, +7.711,+0.968
1663851000,+3.50,+22.570, +7.705,+0.968
1663851060,+3.50,+22.587, +7.670,+0.967
1663851120,+3.50,+22.587, +7.629,+0.967
1663851180,+3.50,+22.595, +7.607,+0.968
1663851240,+3.50,+22.578, +7.626,+0.967
1663851300,+3.50,+22.587, +7.607,+0.968
1663851360,+3.50,+22.570, +7.593,+0.968
1663851420,+3.50,+22.578, +7.584,+0.967
1663851480,+3.50,+22.578, +7.589,+0.968
1663851540,+3.50,+22.570, +7.610,+0.968
1663851600,+3.50,+22.578, +7.592,+0.968
1663851660,+3.50,+22.587, +7.590,+0.968
1663851720,+3.50,+22.578, +7.551,+0.968
1663851780,+3.50,+22.578, +7.582,+0.968
1663851840,+3.50,+22.562, +7.621,+0.968
1663851900,+3.50,+22.562, +7.615,+0.968
1663851960,+3.50,+22.587, +7.632,+0.968
1663852020,+3.50,+22.570, +7.646,+0.968
1663852080,+3.50,+22.570, +7.738,+0.968
1663852140,+3.50,+22.545, +7.774,+0.968
1663852200,+3.50,+22.553, +7.791,+0.967
1663852260,+3.50,+22.553, +7.822,+0.968
1663852320,+3.50,+22.537, +7.818,+0.967
1663852380,+3.50,+22.520, +7.871,+0.967
1663852440,+3.50,+22.503, +7.904,+0.968
1663852500,+3.50,+22.503, +7.962,+0.967
1663852560,+3.50,+22.486, +8.020,+0.968
1663852620,+3.50,+22.470, +8.065,+0.967
1663852680,+3.50,+22.478, +8.096,+0.967
1663852740,+3.50,+22.478, +8.071,+0.967
1663852800,+3.50,+22.461, +8.086,+0.968
1663852860,+3.50,+22.478, +8.098,+0.968
1663852920,+3.50,+22.470, +8.107,+0.967
1663852980,+3.50,+22.453, +8.086,+0.968
1663853040,+3.50,+22.461, +8.070,+0.968
1663853100,+3.50,+22.445, +8.062,+0.968
1663853160,+3.50,+22.453, +8.053,+0.967
1663853220,+3.50,+22.428, +8.042,+0.967
1663853280,+3.50,+22.436, +8.023,+0.968
1663853340,+3.50,+22.445, +7.957,+0.967
1663853400,+3.50,+22.445, +7.925,+0.967
1663853460,+3.50,+22.436, +7.879,+0.967
1663853520,+3.50,+22.436, +7.869,+0.968
1663853580,+3.50,+22.445, +7.863,+0.967
1663853640,+3.50,+22.428, +7.885,+0.968
1663853700,+3.50,+22.428, +7.873,+0.968
1663853760,+3.50,+22.428, +7.918,+0.967
1663853820,+3.50,+22.428, +7.926,+0.967
1663853880,+3.50,+22.453, +7.894,+0.967
1663853940,+3.50,+22.436, +7.958,+0.968
1663854000,+3.50,+22.453, +7.944,+0.967
1663854060,+3.50,+22.453, +7.920,+0.968
1663854120,+3.50,+22.453, +7.895,+0.967
1663854180,+3.50,+22.453, +7.904,+0.967
1663854240,+3.50,+22.436, +7.901,+0.967
1663854300,+3.50,+22.470, +7.868,+0.968
1663854360,+3.50,+22.445, +7.858,+0.968
1663854420,+3.50,+22.453, +7.856,+0.967
1663854480,+3.50,+22.486, +7.908,+0.968
1663854540,+3.50,+22.478, +7.856,+0.967
1663854600,+3.50,+22.478, +7.895,+0.967
1663854660,+3.50,+22.486, +7.883,+0.967
1663854720,+3.50,+22.495, +7.911,+0.968
1663854780,+3.50,+22.495, +7.884,+0.967
1663854840,+3.50,+22.495, +7.844,+0.967
1663854900,+3.50,+22.511, +7.790,+0.967
1663854960,+3.50,+22.503, +7.818,+0.968
1663855020,+3.50,+22.528, +7.817,+0.968
1663855080,+3.50,+22.511, +7.794,+0.967
1663855140,+3.50,+22.511, +7.752,+0.968
1663855200,+3.50,+22.520, +7.730,+0.968
1663855260,+3.50,+22.528, +7.766,+0.968
1663855320,+3.50,+22.520, +7.684,+0.968
1663855380,+3.50,+22.511, +7.621,+0.968
1663855440,+3.50,+22.528, +7.596,+0.967
1663855500,+3.50,+22.520, +7.584,+0.968
1663855560,+3.50,+22.545, +7.553,+0.968
1663855620,+3.50,+22.545, +7.556,+0.967
1663855680,+3.50,+22.545, +7.541,+0.967
1663855740,+3.50,+22.545, +7.532,+0.967
1663855800,+3.50,+22.537, +7.506,+0.968
1663855860,+3.50,+22.545, +7.470,+0.967
1663855920,+3.50,+22.537, +7.471,+0.967
1663855980,+3.50,+22.537, +7.480,+0.967
1663856040,+3.50,+22.537, +7.488,+0.967
1663856100,+3.50,+22.537, +7.497,+0.967
1663856160,+3.50,+22.545, +7.495,+0.967
1663856220,+3.50,+22.553, +7.461,+0.968
1663856280,+3.50,+22.545, +7.429,+0.967
1663856340,+3.50,+22.553, +7.437,+0.968
1663856400,+3.50,+22.553, +7.448,+0.967
1663856460,+3.50,+22.537, +7.464,+0.968
1663856520,+3.50,+22.570, +7.440,+0.967
1663856580,+3.50,+22.553, +7.413,+0.967
1663856640,+3.50,+22.553, +7.395,+0.967
1663856700,+3.50,+22.578, +7.383,+0.968
1663856760,+3.50,+22.562, +7.371,+0.967
1663856820,+3.50,+22.545, +7.359,+0.967
1663856880,+3.50,+22.553, +7.370,+0.967
1663856940,+3.50,+22.553, +7.455,+0.967
1663857000,+3.50,+22.528, +7.579,+0.968
1663857060,+3.50,+22.537, +7.634,+0.967
1663857120,+3.50,+22.553, +7.648,+0.967
1663857180,+3.50,+22.528, +7.658,+0.968
1663857240,+3.50,+22.520, +7.602,+0.967
1663857300,+3.50,+22.503, +7.564,+0.967
1663857360,+3.50,+22.528, +7.546,+0.967
1663857420,+3.50,+22.495, +7.562,+0.967
1663857480,+3.50,+22.503, +7.547,+0.968
1663857540,+3.50,+22.495, +7.497,+0.967
1663857600,+3.50,+22.478, +7.543,+0.968
1663857660,+3.50,+22.495, +7.610,+0.968
1663857720,+3.50,+22.495, +7.640,+0.967
1663857780,+3.50,+22.503, +7.640,+0.967
1663857840,+3.50,+22.486, +7.622,+0.968
1663857900,+3.50,+22.470, +7.586,+0.967
1663857960,+3.50,+22.478, +7.547,+0.967
1663858020,+3.50,+22.453, +7.515,+0.967
1663858080,+3.50,+22.453, +7.477,+0.967
1663858140,+3.50,+22.453, +7.441,+0.967
1663858200,+3.50,+22.436, +7.402,+0.968
1663858260,+3.50,+22.428, +7.365,+0.967
1663858320,+3.50,+22.436, +7.339,+0.967
1663858380,+3.50,+22.453, +7.302,+0.967
1663858440,+3.50,+22.419, +7.288,+0.967
1663858500,+3.50,+22.428, +7.272,+0.967
1663858560,+3.50,+22.428, +7.264,+0.967
1663858620,+3.50,+22.411, +7.249,+0.967
1663858680,+3.50,+22.419, +7.237,+0.967
1663858740,+3.50,+22.419, +7.227,+0.967
1663858800,+3.50,+22.428, +7.222,+0.967
1663858860,+3.50,+22.419, +7.217,+0.967
1663858920,+3.50,+22.403, +7.204,+0.967
1663858980,+3.50,+22.403, +7.181,+0.967
1663859040,+3.50,+22.411, +7.154,+0.968
1663859100,+3.50,+22.428, +7.098,+0.967
1663859160,+3.50,+22.419, +7.073,+0.967
1663859220,+3.50,+22.419, +7.039,+0.967
1663859280,+3.50,+22.411, +6.895,+0.967
1663859340,+3.50,+22.428, +6.696,+0.967
1663859400,+3.50,+22.403, +6.716,+0.967
1663859460,+3.50,+22.411, +6.904,+0.967
1663859520,+3.50,+22.411, +6.992,+0.967
1663859580,+3.50,+22.403, +6.989,+0.967
1663859640,+3.50,+22.419, +6.925,+0.967
1663859700,+3.50,+22.411, +6.870,+0.967
1663859760,+3.50,+22.411, +6.839,+0.967
1663859820,+3.50,+22.403, +6.812,+0.967
1663859880,+3.50,+22.403, +6.785,+0.967
1663859940,+3.50,+22.419, +6.748,+0.967
1663860000,+3.50,+22.411, +6.718,+0.967
1663860060,+3.50,+22.394, +6.748,+0.967
1663860120,+3.50,+22.411, +6.868,+0.967
1663860180,+3.50,+22.386, +6.949,+0.968
1663860240,+3.50,+22.378, +6.978,+0.968
1663860300,+3.50,+22.394, +6.995,+0.967
1663860360,+3.50,+22.386, +6.988,+0.967
1663860420,+3.50,+22.411, +7.002,+0.967
1663860480,+3.50,+22.403, +7.054,+0.967
1663860540,+3.50,+22.411, +7.047,+0.967
1663860600,+3.50,+22.369, +7.042,+0.967
1663860660,+3.50,+22.403, +7.016,+0.967
1663860720,+3.50,+22.386, +6.987,+0.967
1663860780,+3.50,+22.386, +6.970,+0.968
1663860840,+3.50,+22.403, +6.916,+0.967
1663860900,+3.50,+22.378, +6.856,+0.967
1663860960,+3.50,+22.378, +6.812,+0.967
1663861020,+3.50,+22.369, +6.785,+0.967
1663861080,+3.50,+22.386, +6.889,+0.967
1663861140,+3.50,+22.394, +6.947,+0.967
1663861200,+3.50,+22.403, +6.956,+0.968
1663861260,+3.50,+22.378, +6.925,+0.967
1663861320,+3.50,+22.386, +6.842,+0.967
1663861380,+3.50,+22.369, +6.769,+0.967
1663861440,+3.50,+22.386, +6.847,+0.967
1663861500,+3.50,+22.378, +6.943,+0.967
1663861560,+3.50,+22.361, +7.033,+0.967
1663861620,+3.50,+22.369, +7.128,+0.967
1663861680,+3.50,+22.352, +7.134,+0.967
1663861740,+3.50,+22.369, +7.129,+0.967
1663861800,+3.50,+22.361, +7.005,+0.967
1663861860,+3.50,+22.327, +6.977,+0.967
1663861920,+3.50,+22.352, +7.029,+0.967
1663861980,+3.50,+22.352, +6.997,+0.967
1663862040,+3.50,+22.327, +6.963,+0.968
1663862100,+3.50,+22.344, +7.006,+0.967
1663862160,+3.50,+22.336, +7.093,+0.967
1663862220,+3.50,+22.336, +7.093,+0.967
1663862280,+3.50,+22.327, +7.107,+0.967
1663862340,+3.50,+22.344, +7.061,+0.967
1663862400,+3.50,+22.336, +7.107,+0.967
1663862460,+3.50,+22.336, +7.130,+0.967
1663862520,+3.50,+22.344, +7.140,+0.967
1663862580,+3.50,+22.311, +7.152,+0.967
1663862640,+3.50,+22.327, +7.189,+0.967
1663862700,+3.50,+22.336, +7.180,+0.967
1663862760,+3.50,+22.336, +7.165,+0.967
1663862820,+3.50,+22.344, +7.179,+0.968
1663862880,+3.50,+22.319, +7.144,+0.967
1663862940,+3.50,+22.344, +7.111,+0.967
1663863000,+3.50,+22.336, +7.160,+0.967
1663863060,+3.50,+22.344, +7.162,+0.967
1663863120,+3.50,+22.336, +7.145,+0.967
1663863180,+3.50,+22.319, +7.185,+0.967
1663863240,+3.50,+22.319, +7.274,+0.968
1663863300,+3.50,+22.319, +7.374,+0.968
1663863360,+3.50,+22.311, +7.394,+0.967
1663863420,+3.50,+22.294, +7.417,+0.967
1663863480,+3.50,+22.294, +7.426,+0.967
1663863540,+3.50,+22.302, +7.408,+0.967
1663863600,+3.50,+22.294, +7.419,+0.968
1663863660,+3.50,+22.319, +7.389,+0.968
1663863720,+3.50,+22.286, +7.334,+0.967
1663863780,+3.50,+22.269, +7.262,+0.967
1663863840,+3.50,+22.294, +7.179,+0.967
1663863900,+3.50,+22.286, +7.103,+0.967
1663863960,+3.50,+22.277, +7.074,+0.968
1663864020,+3.50,+22.277, +7.000,+0.967
1663864080,+3.50,+22.260, +6.880,+0.967
1663864140,+3.50,+22.269, +6.749,+0.967
1663864200,+3.50,+22.277, +6.723,+0.967
1663864260,+3.50,+22.277, +6.772,+0.967
1663864320,+3.50,+22.269, +6.869,+0.967
1663864380,+3.50,+22.277, +6.978,+0.967
1663864440,+3.50,+22.286, +7.016,+0.967
1663864500,+3.50,+22.277, +7.059,+0.967
1663864560,+3.50,+22.286, +7.135,+0.967
1663864620,+3.50,+22.302, +7.196,+0.967
1663864680,+3.50,+22.294, +7.226,+0.967
1663864740,+3.50,+22.302, +7.254,+0.968
1663864800,+3.50,+22.302, +7.281,+0.967
1663864860,+3.50,+22.294, +7.309,+0.968
1663864920,+3.50,+22.302, +7.278,+0.967
1663864980,+3.50,+22.269, +7.246,+0.967
1663865040,+3.50,+22.269, +7.203,+0.967
1663865100,+3.50,+22.260, +7.141,+0.967
1663865160,+3.50,+22.277, +7.091,+0.967
1663865220,+3.50,+22.260, +7.064,+0.967
1663865280,+3.50,+22.244, +7.035,+0.967
