7450-383325
OS REV: 1.05 Sensor Cal: 1644949570
Time (sec),  BV (Volts),  T (deg C),  DO (mg/l),  Q ()
1663865340,+3.50,+22.244, +7.014,+0.967
1663865400,+3.50,+22.244, +6.964,+0.967
1663865460,+3.49,+22.235, +6.875,+0.967
1663865520,+3.49,+22.219, +6.786,+0.967
1663865580,+3.50,+22.210, +6.707,+0.967
1663865640,+3.49,+22.185, +6.667,+0.967
1663865700,+3.49,+22.202, +6.612,+0.967
1663865760,+3.49,+22.202, +6.528,+0.967
1663865820,+3.49,+22.185, +6.446,+0.967
1663865880,+3.49,+22.168, +6.435,+0.967
1663865940,+3.49,+22.177, +6.280,+0.967
1663866000,+3.49,+22.185, +6.208,+0.967
1663866060,+3.49,+22.168, +6.175,+0.967
1663866120,+3.49,+22.160, +6.139,+0.967
1663866180,+3.49,+22.194, +6.161,+0.967
1663866240,+3.49,+22.177, +6.215,+0.967
1663866300,+3.49,+22.168, +6.258,+0.967
1663866360,+3.49,+22.168, +6.322,+0.967
1663866420,+3.49,+22.177, +6.357,+0.967
1663866480,+3.49,+22.185, +6.281,+0.967
1663866540,+3.49,+22.185, +6.298,+0.968
1663866600,+3.49,+22.194, +6.292,+0.967
1663866660,+3.49,+22.177, +6.275,+0.967
1663866720,+3.49,+22.185, +6.248,+0.967
1663866780,+3.49,+22.177, +6.239,+0.967
1663866840,+3.49,+22.194, +6.318,+0.967
1663866900,+3.49,+22.194, +6.421,+0.967
1663866960,+3.49,+22.202, +6.492,+0.967
1663867020,+3.49,+22.194, +6.541,+0.967
1663867080,+3.49,+22.185, +6.520,+0.967
1663867140,+3.49,+22.219, +6.513,+0.967
1663867200,+3.49,+22.219, +6.556,+0.967
1663867260,+3.49,+22.194, +6.599,+0.967
1663867320,+3.49,+22.185, +6.608,+0.967
1663867380,+3.49,+22.202, +6.598,+0.967
1663867440,+3.49,+22.177, +6.619,+0.967
1663867500,+3.50,+22.185, +6.631,+0.967
1663867560,+3.49,+22.168, +6.644,+0.967
1663867620,+3.49,+22.177, +6.627,+0.967
1663867680,+3.49,+22.194, +6.519,+0.967
1663867740,+3.49,+22.177, +6.393,+0.967
1663867800,+3.49,+22.177, +6.292,+0.968
1663867860,+3.49,+22.185, +6.136,+0.967
1663867920,+3.49,+22.185, +6.017,+0.967
1663867980,+3.49,+22.194, +5.939,+0.967
1663868040,+3.49,+22.194, +5.918,+0.967
1663868100,+3.49,+22.210, +5.876,+0.967
1663868160,+3.49,+22.210, +5.926,+0.967
1663868220,+3.49,+22.202, +5.981,+0.967
1663868280,+3.49,+22.194, +6.028,+0.967
1663868340,+3.49,+22.202, +6.143,+0.967
1663868400,+3.49,+22.202, +6.197,+0.967
1663868460,+3.49,+22.185, +6.282,+0.967
1663868520,+3.49,+22.177, +6.264,+0.967
1663868580,+3.49,+22.185, +6.296,+0.967
1663868640,+3.49,+22.202, +6.303,+0.967
1663868700,+3.49,+22.185, +6.346,+0.967
1663868760,+3.49,+22.194, +6.419,+0.967
1663868820,+3.49,+22.185, +6.529,+0.967
1663868880,+3.49,+22.177, +6.581,+0.967
1663868940,+3.50,+22.202, +6.627,+0.967
1663869000,+3.49,+22.194, +6.801,+0.968
1663869060,+3.49,+22.210, +6.927,+0.967
1663869120,+3.50,+22.227, +7.021,+0.967
1663869180,+3.50,+22.227, +7.002,+0.967
1663869240,+3.50,+22.202, +6.846,+0.967
1663869300,+3.49,+22.202, +6.705,+0.967
1663869360,+3.49,+22.194, +6.677,+0.967
1663869420,+3.49,+22.185, +6.691,+0.967
1663869480,+3.49,+22.160, +6.694,+0.967
1663869540,+3.49,+22.160, +6.711,+0.967
1663869600,+3.49,+22.160, +6.728,+0.967
1663869660,+3.49,+22.160, +6.731,+0.967
1663869720,+3.49,+22.152, +6.724,+0.967
1663869780,+3.49,+22.168, +6.716,+0.967
1663869840,+3.49,+22.168, +6.700,+0.967
1663869900,+3.49,+22.152, +6.702,+0.967
1663869960,+3.49,+22.143, +6.707,+0.967
1663870020,+3.49,+22.135, +6.719,+0.967
1663870080,+3.49,+22.168, +6.711,+0.967
1663870140,+3.49,+22.143, +6.686,+0.967
1663870200,+3.49,+22.143, +6.655,+0.967
1663870260,+3.49,+22.160, +6.642,+0.967
1663870320,+3.49,+22.143, +6.633,+0.967
1663870380,+3.49,+22.127, +6.625,+0.967
1663870440,+3.49,+22.152, +6.605,+0.967
1663870500,+3.49,+22.143, +6.615,+0.967
1663870560,+3.49,+22.160, +6.614,+0.967
1663870620,+3.49,+22.160, +6.689,+0.967
1663870680,+3.49,+22.168, +6.736,+0.967
1663870740,+3.49,+22.152, +6.840,+0.967
1663870800,+3.49,+22.168, +6.947,+0.967
1663870860,+3.49,+22.168, +6.974,+0.967
1663870920,+3.49,+22.152, +6.872,+0.967
1663870980,+3.49,+22.177, +6.952,+0.967
1663871040,+3.49,+22.143, +7.029,+0.967
1663871100,+3.49,+22.168, +6.965,+0.967
1663871160,+3.49,+22.135, +6.787,+0.967
1663871220,+3.49,+22.143, +6.604,+0.967
1663871280,+3.49,+22.152, +6.542,+0.967
1663871340,+3.49,+22.143, +6.586,+0.967
1663871400,+3.49,+22.168, +6.584,+0.967
1663871460,+3.49,+22.152, +6.575,+0.967
1663871520,+3.49,+22.127, +6.544,+0.967
1663871580,+3.49,+22.135, +6.551,+0.967
1663871640,+3.49,+22.143, +6.548,+0.968
1663871700,+3.49,+22.143, +6.557,+0.968
1663871760,+3.49,+22.143, +6.549,+0.967
1663871820,+3.49,+22.143, +6.552,+0.968
1663871880,+3.49,+22.143, +6.547,+0.967
1663871940,+3.49,+22.152, +6.578,+0.967
1663872000,+3.49,+22.160, +6.584,+0.967
1663872060,+3.49,+22.152, +6.589,+0.967
1663872120,+3.49,+22.168, +6.591,+0.967
1663872180,+3.49,+22.168, +6.631,+0.967
1663872240,+3.49,+22.168, +6.684,+0.967
1663872300,+3.49,+22.168, +6.729,+0.967
1663872360,+3.49,+22.177, +6.771,+0.967
1663872420,+3.49,+22.185, +6.764,+0.967
1663872480,+3.49,+22.177, +6.760,+0.967
1663872540,+3.49,+22.185, +6.748,+0.967
1663872600,+3.49,+22.177, +6.726,+0.967
1663872660,+3.49,+22.194, +6.690,+0.967
1663872720,+3.49,+22.185, +6.673,+0.967
1663872780,+3.49,+22.194, +6.672,+0.967
1663872840,+3.49,+22.177, +6.528,+0.967
1663872900,+3.49,+22.177, +6.653,+0.967
1663872960,+3.49,+22.194, +6.729,+0.968
1663873020,+3.49,+22.202, +6.787,+0.967
1663873080,+3.49,+22.210, +6.808,+0.967
1663873140,+3.49,+22.185, +6.815,+0.967
1663873200,+3.49,+22.219, +6.775,+0.967
1663873260,+3.49,+22.202, +6.803,+0.967
1663873320,+3.49,+22.194, +6.812,+0.967
1663873380,+3.49,+22.202, +6.833,+0.967
1663873440,+3.49,+22.202, +6.862,+0.968
1663873500,+3.49,+22.210, +6.880,+0.967
1663873560,+3.49,+22.202, +6.927,+0.967
1663873620,+3.50,+22.227, +7.011,+0.967
1663873680,+3.50,+22.210, +7.102,+0.967
1663873740,+3.49,+22.210, +7.170,+0.967
1663873800,+3.49,+22.235, +7.123,+0.967
1663873860,+3.50,+22.219, +7.058,+0.967
1663873920,+3.49,+22.219, +7.015,+0.967
1663873980,+3.49,+22.202, +6.987,+0.967
1663874040,+3.49,+22.227, +6.961,+0.967
1663874100,+3.49,+22.235, +6.961,+0.966
1663874160,+3.49,+22.210, +6.990,+0.967
1663874220,+3.49,+22.202, +7.033,+0.967
1663874280,+3.49,+22.219, +7.037,+0.967
1663874340,+3.50,+22.219, +7.063,+0.967
1663874400,+3.50,+22.227, +7.075,+0.967
1663874460,+3.49,+22.227, +7.073,+0.967
1663874520,+3.50,+22.227, +7.072,+0.967
1663874580,+3.50,+22.244, +7.059,+0.967
1663874640,+3.50,+22.235, +7.060,+0.967
1663874700,+3.50,+22.244, +7.054,+0.967
1663874760,+3.50,+22.227, +7.060,+0.967
1663874820,+3.50,+22.235, +7.059,+0.967
1663874880,+3.50,+22.252, +7.040,+0.967
1663874940,+3.50,+22.260, +6.972,+0.967
1663875000,+3.50,+22.235, +6.857,+0.967
1663875060,+3.50,+22.252, +6.922,+0.967
1663875120,+3.50,+22.252, +7.046,+0.967
1663875180,+3.50,+22.260, +7.135,+0.967
1663875240,+3.50,+22.260, +7.223,+0.967
1663875300,+3.50,+22.269, +7.180,+0.967
1663875360,+3.50,+22.286, +7.212,+0.967
1663875420,+3.50,+22.277, +7.215,+0.967
1663875480,+3.50,+22.277, +7.137,+0.967
1663875540,+3.50,+22.294, +7.147,+0.967
1663875600,+3.50,+22.294, +7.180,+0.967
1663875660,+3.50,+22.294, +7.274,+0.967
1663875720,+3.50,+22.294, +7.327,+0.967
1663875780,+3.50,+22.302, +7.377,+0.967
1663875840,+3.50,+22.302, +7.378,+0.967
1663875900,+3.50,+22.302, +7.394,+0.967
1663875960,+3.50,+22.286, +7.405,+0.967
1663876020,+3.50,+22.311, +7.417,+0.967
1663876080,+3.50,+22.294, +7.438,+0.967
1663876140,+3.50,+22.286, +7.411,+0.967
1663876200,+3.50,+22.286, +7.370,+0.967
1663876260,+3.50,+22.286, +7.330,+0.967
1663876320,+3.50,+22.269, +7.315,+0.967
1663876380,+3.50,+22.286, +7.295,+0.967
1663876440,+3.50,+22.269, +7.316,+0.967
1663876500,+3.50,+22.286, +7.293,+0.967
1663876560,+3.50,+22.294, +7.296,+0.967
1663876620,+3.50,+22.277, +7.293,+0.967
1663876680,+3.50,+22.277, +7.268,+0.967
1663876740,+3.50,+22.277, +7.261,+0.967
1663876800,+3.50,+22.286, +7.244,+0.967
1663876860,+3.50,+22.294, +7.172,+0.967
1663876920,+3.50,+22.286, +7.178,+0.967
1663876980,+3.50,+22.286, +7.179,+0.967
1663877040,+3.50,+22.294, +7.224,+0.967
1663877100,+3.50,+22.302, +7.216,+0.967
1663877160,+3.50,+22.294, +7.148,+0.967
1663877220,+3.50,+22.294, +7.020,+0.967
1663877280,+3.50,+22.302, +7.146,+0.967
1663877340,+3.50,+22.294, +7.192,+0.967
1663877400,+3.50,+22.302, +7.228,+0.967
1663877460,+3.50,+22.319, +7.278,+0.968
1663877520,+3.50,+22.277, +7.345,+0.967
1663877580,+3.50,+22.294, +7.354,+0.967
1663877640,+3.50,+22.319, +7.343,+0.967
1663877700,+3.50,+22.294, +7.357,+0.968
1663877760,+3.50,+22.311, +7.346,+0.967
1663877820,+3.50,+22.302, +7.335,+0.967
1663877880,+3.50,+22.319, +7.330,+0.967
1663877940,+3.50,+22.311, +7.354,+0.967
1663878000,+3.50,+22.286, +7.312,+0.967
1663878060,+3.50,+22.269, +7.293,+0.967
1663878120,+3.50,+22.286, +7.302,+0.967
1663878180,+3.50,+22.294, +7.307,+0.967
1663878240,+3.50,+22.302, +7.304,+0.967
1663878300,+3.50,+22.294, +7.306,+0.967
1663878360,+3.50,+22.294, +7.289,+0.967
1663878420,+3.50,+22.311, +7.272,+0.967
1663878480,+3.50,+22.319, +7.264,+0.967
1663878540,+3.50,+22.311, +7.280,+0.967
1663878600,+3.50,+22.302, +7.278,+0.968
1663878660,+3.50,+22.311, +7.255,+0.967
1663878720,+3.50,+22.319, +7.256,+0.967
1663878780,+3.50,+22.319, +7.245,+0.967
1663878840,+3.50,+22.336, +7.218,+0.967
1663878900,+3.50,+22.336, +7.189,+0.967
1663878960,+3.50,+22.327, +7.218,+0.967
1663879020,+3.50,+22.327, +7.267,+0.967
1663879080,+3.50,+22.319, +7.291,+0.967
1663879140,+3.50,+22.336, +7.291,+0.967
1663879200,+3.50,+22.327, +7.299,+0.967
1663879260,+3.50,+22.336, +7.293,+0.967
1663879320,+3.50,+22.319, +7.273,+0.967
1663879380,+3.50,+22.327, +7.158,+0.967
1663879440,+3.50,+22.302, +7.078,+0.967
1663879500,+3.50,+22.327, +7.020,+0.967
1663879560,+3.50,+22.302, +7.036,+0.967
1663879620,+3.50,+22.319, +7.099,+0.968
1663879680,+3.50,+22.327, +7.190,+0.967
1663879740,+3.50,+22.319, +7.242,+0.967
1663879800,+3.50,+22.327, +7.292,+0.967
1663879860,+3.50,+22.311, +7.342,+0.967
1663879920,+3.50,+22.327, +7.354,+0.967
1663879980,+3.50,+22.327, +7.320,+0.967
1663880040,+3.50,+22.336, +7.241,+0.967
1663880100,+3.50,+22.336, +7.203,+0.967
1663880160,+3.50,+22.361, +7.184,+0.967
1663880220,+3.50,+22.352, +7.167,+0.967
1663880280,+3.50,+22.336, +7.173,+0.967
1663880340,+3.50,+22.361, +7.219,+0.967
1663880400,+3.50,+22.344, +7.342,+0.967
1663880460,+3.50,+22.361, +7.412,+0.967
1663880520,+3.50,+22.361, +7.449,+0.967
1663880580,+3.50,+22.369, +7.446,+0.967
1663880640,+3.50,+22.386, +7.406,+0.967
1663880700,+3.50,+22.378, +7.381,+0.967
1663880760,+3.50,+22.378, +7.383,+0.967
1663880820,+3.50,+22.378, +7.392,+0.967
1663880880,+3.50,+22.386, +7.395,+0.967
1663880940,+3.50,+22.394, +7.368,+0.968
1663881000,+3.50,+22.403, +7.297,+0.967
1663881060,+3.50,+22.403, +7.244,+0.967
1663881120,+3.50,+22.403, +7.163,+0.967
1663881180,+3.50,+22.403, +7.071,+0.967
1663881240,+3.50,+22.411, +6.997,+0.967
1663881300,+3.50,+22.394, +7.176,+0.967
1663881360,+3.50,+22.394, +7.356,+0.967
1663881420,+3.50,+22.411, +7.483,+0.967
1663881480,+3.50,+22.428, +7.549,+0.967
1663881540,+3.50,+22.411, +7.563,+0.967
1663881600,+3.50,+22.428, +7.516,+0.968
1663881660,+3.50,+22.445, +7.466,+0.967
1663881720,+3.50,+22.419, +7.417,+0.967
1663881780,+3.50,+22.419, +7.397,+0.967
1663881840,+3.50,+22.428, +7.363,+0.967
1663881900,+3.50,+22.428, +7.314,+0.967
1663881960,+3.50,+22.436, +7.323,+0.967
1663882020,+3.50,+22.445, +7.286,+0.967
1663882080,+3.50,+22.428, +7.169,+0.967
1663882140,+3.50,+22.445, +7.169,+0.967
1663882200,+3.50,+22.428, +7.258,+0.968
1663882260,+3.50,+22.445, +7.353,+0.967
1663882320,+3.50,+22.428, +7.443,+0.967
1663882380,+3.50,+22.436, +7.535,+0.967
1663882440,+3.50,+22.419, +7.607,+0.968
1663882500,+3.50,+22.436, +7.597,+0.967
1663882560,+3.50,+22.419, +7.542,+0.967
1663882620,+3.50,+22.428, +7.520,+0.967
1663882680,+3.50,+22.419, +7.495,+0.967
1663882740,+3.50,+22.419, +7.481,+0.967
1663882800,+3.50,+22.428, +7.565,+0.967
1663882860,+3.50,+22.428, +7.635,+0.967
1663882920,+3.50,+22.428, +7.715,+0.967
1663882980,+3.50,+22.428, +7.733,+0.968
1663883040,+3.50,+22.411, +7.722,+0.968
1663883100,+3.50,+22.428, +7.751,+0.967
1663883160,+3.50,+22.419, +7.801,+0.968
1663883220,+3.50,+22.411, +7.841,+0.967
1663883280,+3.50,+22.403, +7.872,+0.967
1663883340,+3.50,+22.411, +7.912,+0.968
1663883400,+3.50,+22.411, +7.854,+0.967
1663883460,+3.50,+22.419, +7.766,+0.968
1663883520,+3.50,+22.428, +7.622,+0.967
1663883580,+3.50,+22.419, +7.597,+0.967
1663883640,+3.50,+22.428, +7.662,+0.967
1663883700,+3.50,+22.436, +7.697,+0.967
1663883760,+3.50,+22.403, +7.684,+0.967
1663883820,+3.50,+22.411, +7.678,+0.967
1663883880,+3.50,+22.411, +7.625,+0.967
1663883940,+3.50,+22.419, +7.640,+0.967
1663884000,+3.50,+22.419, +7.778,+0.967
1663884060,+3.50,+22.419, +7.871,+0.967
1663884120,+3.50,+22.436, +7.941,+0.967
1663884180,+3.50,+22.403, +8.015,+0.967
1663884240,+3.50,+22.411, +8.048,+0.967
1663884300,+3.50,+22.411, +8.070,+0.967
1663884360,+3.50,+22.411, +8.064,+0.968
1663884420,+3.50,+22.394, +8.003,+0.968
1663884480,+3.50,+22.411, +7.927,+0.967
1663884540,+3.50,+22.403, +7.900,+0.967
1663884600,+3.50,+22.419, +7.990,+0.967
1663884660,+3.50,+22.411, +8.047,+0.968
1663884720,+3.50,+22.403, +8.042,+0.968
1663884780,+3.50,+22.394, +8.043,+0.967
1663884840,+3.50,+22.419, +8.004,+0.967
1663884900,+3.50,+22.411, +7.996,+0.968
1663884960,+3.50,+22.394, +7.988,+0.968
1663885020,+3.50,+22.386, +7.918,+0.967
1663885080,+3.50,+22.403, +7.855,+0.967
1663885140,+3.50,+22.419, +7.786,+0.967
1663885200,+3.50,+22.394, +7.718,+0.967
1663885260,+3.50,+22.403, +7.688,+0.967
1663885320,+3.50,+22.386, +7.796,+0.967
1663885380,+3.50,+22.411, +7.802,+0.967
1663885440,+3.50,+22.419, +7.914,+0.967
1663885500,+3.50,+22.378, +8.029,+0.967
1663885560,+3.50,+22.411, +8.104,+0.967
1663885620,+3.50,+22.394, +8.175,+0.968
1663885680,+3.50,+22.394, +8.173,+0.967
1663885740,+3.50,+22.394, +8.101,+0.967
1663885800,+3.50,+22.403, +8.047,+0.967
1663885860,+3.50,+22.386, +8.014,+0.968
1663885920,+3.50,+22.411, +8.071,+0.967
1663885980,+3.50,+22.403, +8.148,+0.967
1663886040,+3.50,+22.394, +8.163,+0.968
1663886100,+3.50,+22.378, +8.130,+0.967
1663886160,+3.50,+22.386, +8.034,+0.967
1663886220,+3.50,+22.378, +7.975,+0.967
1663886280,+3.50,+22.386, +7.920,+0.967
1663886340,+3.50,+22.378, +7.897,+0.968
1663886400,+3.50,+22.369, +7.876,+0.967
1663886460,+3.50,+22.378, +7.938,+0.967
1663886520,+3.50,+22.352, +7.984,+0.967
1663886580,+3.50,+22.369, +8.009,+0.968
1663886640,+3.50,+22.378, +8.046,+0.967
1663886700,+3.50,+22.369, +8.074,+0.967
1663886760,+3.50,+22.369, +8.056,+0.967
1663886820,+3.50,+22.344, +8.122,+0.967
1663886880,+3.50,+22.352, +8.204,+0.967
1663886940,+3.50,+22.361, +8.234,+0.967
1663887000,+3.50,+22.336, +8.276,+0.967
1663887060,+3.50,+22.344, +8.281,+0.968
1663887120,+3.50,+22.336, +8.260,+0.967
1663887180,+3.50,+22.327, +8.313,+0.967
1663887240,+3.50,+22.336, +8.374,+0.967
1663887300,+3.50,+22.319, +8.407,+0.967
1663887360,+3.50,+22.319, +8.427,+0.968
1663887420,+3.50,+22.311, +8.432,+0.968
1663887480,+3.50,+22.302, +8.410,+0.968
1663887540,+3.50,+22.302, +8.450,+0.967
1663887600,+3.50,+22.302, +8.491,+0.968
1663887660,+3.50,+22.311, +8.497,+0.967
1663887720,+3.50,+22.286, +8.481,+0.967
1663887780,+3.50,+22.286, +8.476,+0.967
1663887840,+3.50,+22.302, +8.438,+0.968
1663887900,+3.50,+22.286, +8.434,+0.968
1663887960,+3.50,+22.277, +8.419,+0.967
1663888020,+3.50,+22.269, +8.372,+0.968
1663888080,+3.50,+22.286, +8.315,+0.968
1663888140,+3.50,+22.286, +8.291,+0.967
1663888200,+3.50,+22.252, +8.304,+0.968
1663888260,+3.50,+22.252, +8.357,+0.968
1663888320,+3.50,+22.244, +8.428,+0.967
1663888380,+3.50,+22.244, +8.473,+0.967
1663888440,+3.50,+22.252, +8.463,+0.968
1663888500,+3.50,+22.227, +8.449,+0.968
1663888560,+3.50,+22.244, +8.363,+0.967
1663888620,+3.50,+22.235, +8.396,+0.967
1663888680,+3.50,+22.244, +8.425,+0.968
1663888740,+3.50,+22.244, +8.411,+0.968
1663888800,+3.50,+22.227, +8.376,+0.967
1663888860,+3.50,+22.252, +8.374,+0.967
1663888920,+3.50,+22.235, +8.419,+0.968
1663888980,+3.50,+22.227, +8.432,+0.968
1663889040,+3.50,+22.235, +8.405,+0.967
1663889100,+3.50,+22.244, +8.366,+0.967
1663889160,+3.50,+22.227, +8.304,+0.967
1663889220,+3.50,+22.235, +8.248,+0.967
1663889280,+3.50,+22.235, +8.205,+0.967
1663889340,+3.50,+22.227, +8.178,+0.967
1663889400,+3.50,+22.227, +8.119,+0.967
1663889460,+3.50,+22.252, +7.857,+0.967
1663889520,+3.50,+22.235, +7.794,+0.967
1663889580,+3.50,+22.235, +7.950,+0.967
1663889640,+3.49,+22.202, +8.158,+0.968
1663889700,+3.49,+22.227, +8.179,+0.967
1663889760,+3.49,+22.210, +8.155,+0.967
1663889820,+3.50,+22.227, +8.116,+0.967
1663889880,+3.49,+22.219, +8.105,+0.968
1663889940,+3.49,+22.210, +8.054,+0.967
1663890000,+3.49,+22.210, +8.204,+0.968
1663890060,+3.49,+22.202, +8.257,+0.967
1663890120,+3.49,+22.210, +8.285,+0.968
1663890180,+3.49,+22.210, +8.291,+0.967
1663890240,+3.49,+22.202, +8.290,+0.968
1663890300,+3.49,+22.194, +8.271,+0.968
1663890360,+3.49,+22.210, +8.257,+0.967
1663890420,+3.49,+22.202, +8.244,+0.968
1663890480,+3.49,+22.219, +8.203,+0.967
1663890540,+3.49,+22.185, +8.165,+0.967
1663890600,+3.49,+22.202, +8.100,+0.967
1663890660,+3.49,+22.202, +8.019,+0.967
1663890720,+3.49,+22.202, +7.955,+0.967
1663890780,+3.49,+22.210, +7.903,+0.967
1663890840,+3.49,+22.202, +7.821,+0.967
1663890900,+3.50,+22.210, +7.677,+0.967
1663890960,+3.49,+22.185, +7.643,+0.967
1663891020,+3.50,+22.227, +7.668,+0.967
1663891080,+3.49,+22.194, +7.721,+0.967
1663891140,+3.49,+22.210, +7.706,+0.968
1663891200,+3.49,+22.185, +7.594,+0.967
1663891260,+3.49,+22.177, +7.464,+0.967
1663891320,+3.49,+22.185, +7.472,+0.967
1663891380,+3.49,+22.177, +7.694,+0.967
1663891440,+3.49,+22.185, +7.819,+0.968
1663891500,+3.49,+22.177, +7.933,+0.967
1663891560,+3.49,+22.194, +8.031,+0.968
1663891620,+3.49,+22.194, +8.052,+0.967
1663891680,+3.49,+22.168, +8.016,+0.967
1663891740,+3.49,+22.185, +7.955,+0.967
1663891800,+3.50,+22.202, +7.836,+0.967
1663891860,+3.49,+22.185, +7.911,+0.967
1663891920,+3.49,+22.177, +7.938,+0.967
1663891980,+3.49,+22.194, +7.889,+0.967
1663892040,+3.49,+22.177, +7.896,+0.967
1663892100,+3.49,+22.177, +7.922,+0.967
1663892160,+3.49,+22.168, +7.919,+0.968
1663892220,+3.49,+22.177, +7.970,+0.968
1663892280,+3.49,+22.168, +7.947,+0.967
1663892340,+3.49,+22.168, +7.756,+0.967
1663892400,+3.49,+22.160, +7.723,+0.967
1663892460,+3.49,+22.168, +7.698,+0.967
1663892520,+3.49,+22.177, +7.669,+0.967
1663892580,+3.49,+22.177, +7.614,+0.967
1663892640,+3.49,+22.185, +7.581,+0.967
1663892700,+3.49,+22.185, +7.485,+0.966
1663892760,+3.49,+22.177, +7.435,+0.967
1663892820,+3.49,+22.168, +7.479,+0.967
1663892880,+3.49,+22.185, +7.515,+0.967
1663892940,+3.49,+22.168, +7.543,+0.967
1663893000,+3.49,+22.168, +7.565,+0.967
1663893060,+3.49,+22.177, +7.406,+0.967
1663893120,+3.49,+22.177, +7.277,+0.967
1663893180,+3.49,+22.168, +7.014,+0.967
1663893240,+3.49,+22.177, +6.793,+0.967
1663893300,+3.49,+22.185, +6.660,+0.967
1663893360,+3.49,+22.185, +6.655,+0.967
1663893420,+3.49,+22.185, +6.733,+0.967
1663893480,+3.49,+22.168, +6.693,+0.967
1663893540,+3.49,+22.160, +6.601,+0.967
1663893600,+3.49,+22.177, +6.577,+0.967
1663893660,+3.49,+22.177, +6.677,+0.967
1663893720,+3.49,+22.177, +6.774,+0.967
1663893780,+3.49,+22.168, +6.849,+0.967
1663893840,+3.49,+22.177, +6.763,+0.967
1663893900,+3.49,+22.177, +6.592,+0.967
1663893960,+3.49,+22.168, +6.533,+0.967
1663894020,+3.49,+22.177, +6.541,+0.967
1663894080,+3.49,+22.152, +6.776,+0.967
1663894140,+3.49,+22.168, +6.980,+0.967
1663894200,+3.49,+22.194, +7.046,+0.967
1663894260,+3.49,+22.168, +7.142,+0.967
1663894320,+3.49,+22.185, +7.287,+0.967
1663894380,+3.49,+22.160, +7.498,+0.967
1663894440,+3.49,+22.168, +7.578,+0.967
1663894500,+3.49,+22.168, +7.698,+0.967
1663894560,+3.49,+22.168, +7.751,+0.967
1663894620,+3.49,+22.168, +7.774,+0.967
1663894680,+3.49,+22.185, +7.763,+0.967
1663894740,+3.49,+22.177, +7.699,+0.967
1663894800,+3.49,+22.177, +7.661,+0.967
1663894860,+3.49,+22.168, +7.616,+0.967
1663894920,+3.49,+22.177, +7.616,+0.967
1663894980,+3.49,+22.177, +7.637,+0.967
1663895040,+3.49,+22.160, +7.705,+0.967
1663895100,+3.49,+22.177, +7.799,+0.967
1663895160,+3.49,+22.177, +7.864,+0.967
1663895220,+3.49,+22.177, +7.833,+0.967
1663895280,+3.49,+22.185, +7.835,+0.968
1663895340,+3.49,+22.177, +7.860,+0.967
1663895400,+3.49,+22.168, +7.918,+0.968
1663895460,+3.49,+22.185, +7.925,+0.967
1663895520,+3.49,+22.168, +7.884,+0.968
1663895580,+3.49,+22.185, +7.870,+0.967
1663895640,+3.49,+22.177, +7.864,+0.967
1663895700,+3.49,+22.194, +7.826,+0.967
1663895760,+3.49,+22.185, +7.812,+0.967
1663895820,+3.49,+22.194, +7.671,+0.967
1663895880,+3.49,+22.202, +7.523,+0.967
1663895940,+3.49,+22.202, +7.392,+0.967
1663896000,+3.49,+22.202, +7.336,+0.968
1663896060,+3.49,+22.210, +7.348,+0.967
1663896120,+3.49,+22.210, +7.326,+0.967
1663896180,+3.49,+22.219, +7.273,+0.967
1663896240,+3.50,+22.219, +7.197,+0.968
1663896300,+3.50,+22.235, +7.110,+0.967
1663896360,+3.50,+22.227, +7.034,+0.967
1663896420,+3.50,+22.235, +6.948,+0.967
1663896480,+3.50,+22.235, +6.810,+0.967
1663896540,+3.50,+22.227, +6.762,+0.967
1663896600,+3.50,+22.244, +6.702,+0.967
1663896660,+3.50,+22.244, +6.677,+0.967
1663896720,+3.50,+22.244, +6.614,+0.967
1663896780,+3.50,+22.260, +6.567,+0.967
1663896840,+3.50,+22.252, +6.481,+0.967
1663896900,+3.50,+22.244, +6.364,+0.967
1663896960,+3.50,+22.252, +6.351,+0.967
1663897020,+3.50,+22.244, +6.483,+0.967
1663897080,+3.50,+22.252, +6.571,+0.967
1663897140,+3.50,+22.235, +6.700,+0.967
1663897200,+3.50,+22.244, +6.836,+0.967
1663897260,+3.50,+22.260, +7.045,+0.967
1663897320,+3.50,+22.244, +7.186,+0.967
1663897380,+3.50,+22.235, +7.236,+0.967
1663897440,+3.50,+22.252, +7.193,+0.967
1663897500,+3.50,+22.252, +7.119,+0.967
1663897560,+3.50,+22.235, +7.113,+0.967
1663897620,+3.50,+22.252, +7.124,+0.967
1663897680,+3.50,+22.252, +7.144,+0.967
1663897740,+3.50,+22.244, +7.156,+0.967
1663897800,+3.50,+22.235, +7.173,+0.967
1663897860,+3.50,+22.235, +7.197,+0.967
1663897920,+3.50,+22.244, +7.255,+0.967
1663897980,+3.50,+22.227, +7.231,+0.967
1663898040,+3.49,+22.219, +7.145,+0.967
1663898100,+3.50,+22.227, +7.163,+0.967
1663898160,+3.50,+22.235, +7.124,+0.967
1663898220,+3.49,+22.235, +7.113,+0.967
1663898280,+3.50,+22.235, +7.078,+0.967
1663898340,+3.50,+22.219, +6.971,+0.967
1663898400,+3.49,+22.210, +6.835,+0.967
1663898460,+3.49,+22.219, +6.827,+0.967
1663898520,+3.49,+22.210, +6.826,+0.967
1663898580,+3.49,+22.227, +6.798,+0.967
1663898640,+3.49,+22.210, +6.731,+0.967
1663898700,+3.50,+22.219, +6.606,+0.967
1663898760,+3.50,+22.235, +6.514,+0.967
1663898820,+3.49,+22.219, +6.501,+0.967
1663898880,+3.49,+22.210, +6.469,+0.967
1663898940,+3.49,+22.227, +6.450,+0.967
1663899000,+3.49,+22.202, +6.373,+0.967
1663899060,+3.49,+22.202, +6.443,+0.967
1663899120,+3.49,+22.210, +6.449,+0.967
1663899180,+3.49,+22.227, +6.575,+0.967
1663899240,+3.49,+22.194, +6.748,+0.967
1663899300,+3.49,+22.210, +6.846,+0.967
1663899360,+3.49,+22.219, +6.886,+0.967
1663899420,+3.50,+22.227, +6.910,+0.967
1663899480,+3.50,+22.227, +6.881,+0.967
1663899540,+3.49,+22.219, +6.819,+0.967
1663899600,+3.50,+22.227, +6.825,+0.967
1663899660,+3.49,+22.227, +6.843,+0.967
1663899720,+3.49,+22.210, +6.820,+0.967
1663899780,+3.49,+22.219, +6.653,+0.967
1663899840,+3.49,+22.219, +6.534,+0.967
1663899900,+3.49,+22.219, +6.541,+0.967
1663899960,+3.49,+22.219, +6.591,+0.967
1663900020,+3.49,+22.219, +6.582,+0.967
1663900080,+3.49,+22.227, +6.542,+0.967
1663900140,+3.49,+22.235, +6.504,+0.967
1663900200,+3.49,+22.227, +6.539,+0.967
1663900260,+3.49,+22.210, +6.466,+0.967
1663900320,+3.49,+22.227, +6.461,+0.967
1663900380,+3.49,+22.235, +6.448,+0.967
1663900440,+3.49,+22.210, +6.426,+0.967
1663900500,+3.49,+22.202, +6.359,+0.967
1663900560,+3.49,+22.219, +6.235,+0.967
1663900620,+3.49,+22.227, +6.142,+0.967
1663900680,+3.50,+22.235, +6.025,+0.967
1663900740,+3.49,+22.219, +6.014,+0.967
1663900800,+3.49,+22.219, +6.003,+0.967
1663900860,+3.49,+22.185, +5.953,+0.967
1663900920,+3.49,+22.210, +5.793,+0.967
1663900980,+3.50,+22.219, +5.910,+0.967
1663901040,+3.50,+22.210, +6.105,+0.967
1663901100,+3.50,+22.219, +6.201,+0.967
1663901160,+3.49,+22.210, +6.212,+0.967
1663901220,+3.49,+22.202, +6.134,+0.967
1663901280,+3.49,+22.202, +6.105,+0.967
1663901340,+3.49,+22.210, +5.992,+0.967
1663901400,+3.50,+22.219, +5.971,+0.967
1663901460,+3.49,+22.202, +6.020,+0.967
1663901520,+3.49,+22.219, +6.023,+0.967
1663901580,+3.49,+22.227, +6.101,+0.967
1663901640,+3.49,+22.194, +6.199,+0.967
1663901700,+3.49,+22.210, +6.222,+0.967
1663901760,+3.50,+22.219, +6.221,+0.967
1663901820,+3.49,+22.202, +6.400,+0.967
1663901880,+3.49,+22.194, +6.545,+0.967
1663901940,+3.49,+22.202, +6.608,+0.967
1663902000,+3.49,+22.202, +6.673,+0.967
1663902060,+3.50,+22.194, +6.710,+0.967
1663902120,+3.49,+22.227, +6.729,+0.967
1663902180,+3.49,+22.185, +6.805,+0.967
1663902240,+3.49,+22.219, +6.829,+0.967
1663902300,+3.49,+22.194, +6.837,+0.967
1663902360,+3.49,+22.210, +6.829,+0.967
1663902420,+3.49,+22.219, +6.758,+0.967
1663902480,+3.49,+22.177, +6.630,+0.967
1663902540,+3.49,+22.210, +6.533,+0.967
1663902600,+3.49,+22.210, +6.469,+0.967
1663902660,+3.49,+22.194, +6.440,+0.967
1663902720,+3.49,+22.202, +6.373,+0.967
1663902780,+3.49,+22.194, +6.351,+0.967
1663902840,+3.49,+22.185, +6.346,+0.967
1663902900,+3.49,+22.210, +6.322,+0.967
1663902960,+3.49,+22.194, +6.336,+0.967
1663903020,+3.49,+22.194, +6.299,+0.967
1663903080,+3.49,+22.194, +6.310,+0.967
1663903140,+3.49,+22.202, +6.422,+0.967
1663903200,+3.50,+22.185, +6.538,+0.967
1663903260,+3.49,+22.177, +6.649,+0.967
1663903320,+3.49,+22.185, +6.785,+0.967
1663903380,+3.49,+22.185, +6.867,+0.967
1663903440,+3.49,+22.185, +6.915,+0.967
1663903500,+3.50,+22.194, +6.893,+0.967
1663903560,+3.49,+22.185, +6.875,+0.967
1663903620,+3.49,+22.194, +6.832,+0.967
1663903680,+3.49,+22.185, +6.827,+0.967
1663903740,+3.49,+22.194, +6.805,+0.967
1663903800,+3.49,+22.185, +6.719,+0.967
1663903860,+3.49,+22.185, +6.499,+0.967
1663903920,+3.49,+22.185, +6.447,+0.967
1663903980,+3.49,+22.168, +6.569,+0.967
1663904040,+3.49,+22.177, +6.547,+0.967
1663904100,+3.49,+22.177, +6.617,+0.967
1663904160,+3.49,+22.177, +6.698,+0.967
1663904220,+3.49,+22.185, +6.767,+0.967
1663904280,+3.50,+22.177, +6.842,+0.967
1663904340,+3.49,+22.177, +6.751,+0.967
1663904400,+3.49,+22.168, +6.637,+0.967
1663904460,+3.49,+22.185, +6.564,+0.967
1663904520,+3.49,+22.185, +6.504,+0.967
1663904580,+3.49,+22.168, +6.480,+0.967
1663904640,+3.49,+22.185, +6.433,+0.967
1663904700,+3.49,+22.168, +6.468,+0.967
1663904760,+3.49,+22.194, +6.475,+0.967
1663904820,+3.49,+22.185, +6.400,+0.967
1663904880,+3.49,+22.177, +6.322,+0.967
1663904940,+3.49,+22.160, +6.339,+0.967
1663905000,+3.49,+22.185, +6.343,+0.967
1663905060,+3.49,+22.177, +6.351,+0.967
1663905120,+3.49,+22.168, +6.374,+0.967
1663905180,+3.49,+22.168, +6.397,+0.967
1663905240,+3.49,+22.185, +6.420,+0.967
1663905300,+3.49,+22.168, +6.563,+0.967
1663905360,+3.49,+22.168, +6.603,+0.967
1663905420,+3.49,+22.177, +6.740,+0.967
1663905480,+3.49,+22.143, +6.800,+0.967
1663905540,+3.49,+22.177, +6.853,+0.967
1663905600,+3.49,+22.168, +6.893,+0.967
1663905660,+3.49,+22.152, +6.896,+0.967
1663905720,+3.49,+22.168, +6.919,+0.967
1663905780,+3.49,+22.160, +6.909,+0.967
1663905840,+3.49,+22.160, +6.898,+0.967
1663905900,+3.49,+22.160, +6.777,+0.967
1663905960,+3.49,+22.168, +6.693,+0.967
1663906020,+3.49,+22.143, +6.623,+0.967
1663906080,+3.49,+22.168, +6.444,+0.967
1663906140,+3.49,+22.143, +6.670,+0.967
1663906200,+3.49,+22.168, +6.800,+0.967
1663906260,+3.49,+22.143, +6.836,+0.967
1663906320,+3.49,+22.135, +6.870,+0.967
1663906380,+3.49,+22.135, +6.841,+0.967
1663906440,+3.49,+22.152, +6.767,+0.967
1663906500,+3.49,+22.152, +6.766,+0.967
1663906560,+3.49,+22.152, +6.751,+0.967
1663906620,+3.49,+22.135, +6.717,+0.967
1663906680,+3.49,+22.143, +6.517,+0.967
1663906740,+3.49,+22.152, +6.492,+0.967
1663906800,+3.49,+22.135, +6.511,+0.967
1663906860,+3.49,+22.143, +6.477,+0.967
1663906920,+3.49,+22.135, +6.479,+0.967
1663906980,+3.49,+22.127, +6.437,+0.967
1663907040,+3.49,+22.135, +6.404,+0.967
1663907100,+3.49,+22.135, +6.426,+0.967
1663907160,+3.49,+22.127, +6.408,+0.967
1663907220,+3.49,+22.127, +6.389,+0.967
1663907280,+3.49,+22.127, +6.401,+0.967
1663907340,+3.49,+22.135, +6.405,+0.967
1663907400,+3.49,+22.152, +6.351,+0.967
1663907460,+3.49,+22.135, +6.322,+0.967
1663907520,+3.49,+22.127, +6.247,+0.967
1663907580,+3.49,+22.118, +6.259,+0.967
1663907640,+3.49,+22.110, +6.294,+0.967
1663907700,+3.49,+22.110, +6.355,+0.967
1663907760,+3.49,+22.118, +6.472,+0.967
1663907820,+3.49,+22.118, +6.548,+0.967
1663907880,+3.49,+22.085, +6.602,+0.967
1663907940,+3.49,+22.085, +6.632,+0.967
1663908000,+3.49,+22.085, +6.677,+0.967
1663908060,+3.49,+22.085, +6.723,+0.967
1663908120,+3.49,+22.068, +6.762,+0.967
1663908180,+3.49,+22.051, +6.786,+0.967
1663908240,+3.49,+22.051, +6.797,+0.967
1663908300,+3.49,+22.043, +6.784,+0.967
1663908360,+3.49,+22.051, +6.778,+0.967
1663908420,+3.49,+22.043, +6.786,+0.967
1663908480,+3.49,+22.051, +6.778,+0.967
1663908540,+3.49,+22.060, +6.727,+0.967
1663908600,+3.49,+22.035, +6.673,+0.967
1663908660,+3.49,+22.035, +6.574,+0.967
1663908720,+3.49,+22.051, +6.524,+0.967
1663908780,+3.49,+22.035, +6.443,+0.967
1663908840,+3.49,+22.043, +6.372,+0.967
1663908900,+3.49,+22.043, +6.300,+0.967
1663908960,+3.49,+22.026, +6.154,+0.967
1663909020,+3.49,+22.018, +6.062,+0.967
1663909080,+3.49,+22.026, +5.909,+0.967
1663909140,+3.49,+22.001, +6.098,+0.967
1663909200,+3.49,+22.043, +6.120,+0.967
1663909260,+3.49,+22.009, +5.684,+0.967
1663909320,+3.49,+22.026, +5.600,+0.967
1663909380,+3.49,+22.001, +5.914,+0.967
1663909440,+3.49,+22.001, +6.134,+0.967
1663909500,+3.49,+22.001, +6.203,+0.967
1663909560,+3.49,+22.009, +6.194,+0.967
1663909620,+3.49,+21.984, +6.105,+0.967
1663909680,+3.49,+22.001, +5.992,+0.967
1663909740,+3.49,+21.993, +6.095,+0.967
1663909800,+3.49,+21.993, +6.252,+0.967
1663909860,+3.49,+22.001, +6.088,+0.967
1663909920,+3.49,+22.001, +6.226,+0.967
1663909980,+3.49,+21.984, +6.333,+0.967
1663910040,+3.49,+21.959, +6.358,+0.967
1663910100,+3.49,+21.968, +6.366,+0.967
1663910160,+3.49,+21.976, +6.399,+0.967
1663910220,+3.49,+21.984, +6.378,+0.967
1663910280,+3.49,+21.959, +6.410,+0.967
1663910340,+3.49,+21.951, +6.528,+0.967
1663910400,+3.49,+21.943, +6.571,+0.967
1663910460,+3.49,+21.968, +6.512,+0.967
1663910520,+3.49,+21.951, +6.432,+0.967
1663910580,+3.49,+21.968, +6.331,+0.967
1663910640,+3.49,+21.959, +6.217,+0.967
1663910700,+3.49,+21.951, +6.198,+0.967
1663910760,+3.49,+21.959, +6.187,+0.967
1663910820,+3.49,+21.926, +6.239,+0.967
1663910880,+3.49,+21.934, +6.280,+0.967
1663910940,+3.49,+21.934, +6.253,+0.967
1663911000,+3.49,+21.901, +6.291,+0.967
1663911060,+3.49,+21.884, +6.323,+0.967
1663911120,+3.49,+21.859, +6.365,+0.967
1663911180,+3.49,+21.834, +6.398,+0.967
1663911240,+3.49,+21.842, +6.424,+0.967
1663911300,+3.49,+21.834, +6.427,+0.967
1663911360,+3.49,+21.817, +6.407,+0.967
1663911420,+3.49,+21.784, +6.429,+0.967
1663911480,+3.49,+21.750, +6.553,+0.966
1663911540,+3.49,+21.700, +6.655,+0.967
1663911600,+3.50,+21.675, +6.698,+0.967
1663911660,+3.50,+21.658, +6.720,+0.967
1663911720,+3.50,+21.667, +6.744,+0.967
1663911780,+3.50,+21.633, +6.774,+0.967
1663911840,+3.50,+21.641, +6.746,+0.967
1663911900,+3.50,+21.608, +6.770,+0.967
1663911960,+3.50,+21.633, +6.781,+0.967
1663912020,+3.50,+21.633, +6.760,+0.967
1663912080,+3.50,+21.633, +6.754,+0.967
1663912140,+3.50,+21.641, +6.763,+0.967
1663912200,+3.50,+21.641, +6.760,+0.967
1663912260,+3.50,+21.633, +6.766,+0.967
1663912320,+3.50,+21.650, +6.758,+0.967
1663912380,+3.50,+21.633, +6.761,+0.967
1663912440,+3.50,+21.625, +6.745,+0.967
1663912500,+3.50,+21.625, +6.776,+0.967
1663912560,+3.50,+21.616, +6.782,+0.967
1663912620,+3.50,+21.633, +6.814,+0.967
1663912680,+3.50,+21.616, +6.813,+0.967
1663912740,+3.50,+21.625, +6.817,+0.967
1663912800,+3.50,+21.641, +6.786,+0.967
1663912860,+3.50,+21.650, +6.757,+0.967
1663912920,+3.49,+21.641, +6.746,+0.967
1663912980,+3.50,+21.650, +6.709,+0.967
1663913040,+3.50,+21.633, +6.703,+0.967
1663913100,+3.50,+21.650, +6.681,+0.967
1663913160,+3.50,+21.658, +6.669,+0.967
1663913220,+3.50,+21.641, +6.672,+0.967
1663913280,+3.50,+21.650, +6.679,+0.967
1663913340,+3.50,+21.641, +6.692,+0.967
1663913400,+3.49,+21.633, +6.683,+0.967
1663913460,+3.50,+21.641, +6.637,+0.966
1663913520,+3.50,+21.633, +6.656,+0.967
1663913580,+3.50,+21.633, +6.735,+0.967
1663913640,+3.50,+21.625, +6.744,+0.967
1663913700,+3.50,+21.625, +6.737,+0.967
1663913760,+3.50,+21.641, +6.702,+0.967
1663913820,+3.50,+21.625, +6.665,+0.967
1663913880,+3.50,+21.625, +6.576,+0.967
1663913940,+3.50,+21.616, +6.566,+0.967
1663914000,+3.50,+21.625, +6.610,+0.967
1663914060,+3.50,+21.641, +6.629,+0.967
1663914120,+3.50,+21.633, +6.595,+0.967
1663914180,+3.50,+21.625, +6.641,+0.967
1663914240,+3.50,+21.608, +6.673,+0.967
1663914300,+3.50,+21.625, +6.682,+0.967
1663914360,+3.50,+21.625, +6.677,+0.967
1663914420,+3.50,+21.633, +6.624,+0.967
1663914480,+3.50,+21.600, +6.683,+0.967
1663914540,+3.50,+21.600, +6.692,+0.967
1663914600,+3.50,+21.583, +6.684,+0.967
1663914660,+3.50,+21.583, +6.703,+0.967
1663914720,+3.50,+21.575, +6.713,+0.967
1663914780,+3.50,+21.566, +6.704,+0.967
1663914840,+3.50,+21.558, +6.695,+0.967
1663914900,+3.50,+21.524, +6.691,+0.967
1663914960,+3.50,+21.533, +6.683,+0.967
1663915020,+3.50,+21.558, +6.633,+0.966
1663915080,+3.50,+21.524, +6.602,+0.967
1663915140,+3.50,+21.549, +6.572,+0.967
1663915200,+3.50,+21.541, +6.599,+0.967
1663915260,+3.50,+21.541, +6.566,+0.967
1663915320,+3.50,+21.541, +6.556,+0.967
1663915380,+3.50,+21.491, +6.576,+0.967
1663915440,+3.50,+21.499, +6.556,+0.967
1663915500,+3.50,+21.491, +6.561,+0.967
1663915560,+3.50,+21.482, +6.554,+0.967
1663915620,+3.50,+21.474, +6.570,+0.967
1663915680,+3.50,+21.457, +6.590,+0.967
1663915740,+3.50,+21.491, +6.505,+0.967
1663915800,+3.50,+21.457, +6.459,+0.966
1663915860,+3.50,+21.441, +6.474,+0.966
1663915920,+3.50,+21.432, +6.481,+0.967
1663915980,+3.50,+21.432, +6.485,+0.967
1663916040,+3.50,+21.416, +6.477,+0.967
1663916100,+3.50,+21.416, +6.543,+0.967
1663916160,+3.50,+21.390, +6.572,+0.967
1663916220,+3.50,+21.407, +6.583,+0.967
1663916280,+3.50,+21.390, +6.564,+0.967
1663916340,+3.50,+21.416, +6.546,+0.967
1663916400,+3.50,+21.424, +6.509,+0.967
1663916460,+3.50,+21.449, +6.553,+0.967
1663916520,+3.50,+21.449, +6.540,+0.967
1663916580,+3.50,+21.466, +6.465,+0.966
1663916640,+3.50,+21.449, +6.464,+0.967
1663916700,+3.50,+21.457, +6.496,+0.967
1663916760,+3.50,+21.474, +6.536,+0.967
1663916820,+3.50,+21.499, +6.488,+0.967
1663916880,+3.50,+21.491, +6.498,+0.967
1663916940,+3.50,+21.516, +6.553,+0.967
1663917000,+3.50,+21.499, +6.567,+0.967
1663917060,+3.50,+21.491, +6.553,+0.967
1663917120,+3.50,+21.482, +6.516,+0.967
1663917180,+3.50,+21.491, +6.484,+0.967
1663917240,+3.50,+21.482, +6.477,+0.967
1663917300,+3.50,+21.491, +6.458,+0.967
1663917360,+3.50,+21.499, +6.431,+0.967
1663917420,+3.50,+21.491, +6.367,+0.967
1663917480,+3.50,+21.482, +6.305,+0.966
1663917540,+3.50,+21.474, +6.282,+0.967
1663917600,+3.50,+21.466, +6.256,+0.967
1663917660,+3.50,+21.466, +6.345,+0.966
1663917720,+3.50,+21.457, +6.420,+0.967
1663917780,+3.50,+21.466, +6.384,+0.966
1663917840,+3.50,+21.466, +6.387,+0.967
1663917900,+3.50,+21.457, +6.408,+0.967
1663917960,+3.50,+21.499, +6.406,+0.967
1663918020,+3.50,+21.491, +6.366,+0.967
1663918080,+3.50,+21.474, +6.378,+0.967
1663918140,+3.50,+21.516, +6.329,+0.967
1663918200,+3.50,+21.524, +6.360,+0.967
1663918260,+3.50,+21.516, +6.362,+0.967
1663918320,+3.50,+21.524, +6.327,+0.967
1663918380,+3.50,+21.499, +6.246,+0.967
1663918440,+3.50,+21.541, +6.231,+0.967
1663918500,+3.50,+21.508, +6.269,+0.967
1663918560,+3.50,+21.516, +6.192,+0.967
1663918620,+3.50,+21.516, +6.096,+0.967
1663918680,+3.50,+21.508, +6.116,+0.967
1663918740,+3.50,+21.524, +6.184,+0.967
1663918800,+3.50,+21.499, +6.176,+0.967
1663918860,+3.50,+21.499, +6.129,+0.967
1663918920,+3.50,+21.516, +6.170,+0.967
1663918980,+3.50,+21.516, +6.240,+0.967
1663919040,+3.50,+21.508, +6.323,+0.967
1663919100,+3.50,+21.524, +6.401,+0.967
1663919160,+3.50,+21.533, +6.416,+0.967
1663919220,+3.50,+21.524, +6.431,+0.967
1663919280,+3.50,+21.541, +6.428,+0.967
1663919340,+3.50,+21.566, +6.421,+0.967
1663919400,+3.50,+21.558, +6.434,+0.967
1663919460,+3.50,+21.549, +6.446,+0.967
1663919520,+3.50,+21.549, +6.436,+0.967
1663919580,+3.50,+21.549, +6.421,+0.967
1663919640,+3.50,+21.558, +6.399,+0.967
1663919700,+3.50,+21.541, +6.390,+0.966
1663919760,+3.49,+21.558, +6.380,+0.967
1663919820,+3.50,+21.541, +6.358,+0.967
1663919880,+3.50,+21.533, +6.319,+0.967
1663919940,+3.50,+21.524, +6.272,+0.967
1663920000,+3.50,+21.508, +6.259,+0.967
1663920060,+3.50,+21.499, +6.210,+0.967
1663920120,+3.50,+21.474, +6.143,+0.967
1663920180,+3.50,+21.482, +6.087,+0.967
1663920240,+3.50,+21.466, +6.081,+0.967
1663920300,+3.50,+21.466, +6.124,+0.966
1663920360,+3.50,+21.441, +6.139,+0.967
1663920420,+3.50,+21.432, +6.088,+0.966
1663920480,+3.50,+21.416, +6.088,+0.967
1663920540,+3.50,+21.390, +6.088,+0.966
1663920600,+3.50,+21.390, +6.092,+0.967
1663920660,+3.50,+21.365, +6.069,+0.967
1663920720,+3.50,+21.365, +6.078,+0.967
1663920780,+3.50,+21.357, +6.143,+0.966
1663920840,+3.50,+21.349, +6.230,+0.966
1663920900,+3.50,+21.315, +6.389,+0.967
1663920960,+3.50,+21.340, +6.473,+0.967
1663921020,+3.50,+21.298, +6.590,+0.966
1663921080,+3.50,+21.282, +6.640,+0.967
1663921140,+3.50,+21.290, +6.650,+0.967
1663921200,+3.50,+21.265, +6.672,+0.967
1663921260,+3.50,+21.273, +6.704,+0.967
1663921320,+3.50,+21.273, +6.671,+0.967
1663921380,+3.50,+21.257, +6.663,+0.967
1663921440,+3.50,+21.257, +6.625,+0.966
1663921500,+3.50,+21.257, +6.633,+0.967
1663921560,+3.50,+21.265, +6.669,+0.967
1663921620,+3.50,+21.257, +6.633,+0.967
1663921680,+3.50,+21.257, +6.512,+0.967
1663921740,+3.50,+21.282, +6.469,+0.967
1663921800,+3.50,+21.257, +6.515,+0.967
1663921860,+3.50,+21.248, +6.573,+0.967
1663921920,+3.50,+21.240, +6.603,+0.967
1663921980,+3.50,+21.257, +6.605,+0.967
1663922040,+3.50,+21.240, +6.561,+0.966
1663922100,+3.50,+21.257, +6.549,+0.967
1663922160,+3.50,+21.232, +6.553,+0.967
1663922220,+3.50,+21.232, +6.541,+0.967
1663922280,+3.50,+21.232, +6.486,+0.966
1663922340,+3.50,+21.248, +6.404,+0.966
1663922400,+3.50,+21.223, +6.425,+0.967
1663922460,+3.50,+21.232, +6.507,+0.967
1663922520,+3.50,+21.223, +6.553,+0.966
1663922580,+3.50,+21.215, +6.555,+0.966
1663922640,+3.50,+21.240, +6.507,+0.967
1663922700,+3.50,+21.240, +6.448,+0.967
1663922760,+3.50,+21.232, +6.377,+0.967
1663922820,+3.50,+21.223, +6.281,+0.967
1663922880,+3.50,+21.223, +6.340,+0.966
1663922940,+3.50,+21.223, +6.553,+0.967
1663923000,+3.50,+21.206, +6.732,+0.967
1663923060,+3.50,+21.223, +6.736,+0.967
1663923120,+3.50,+21.190, +6.657,+0.967
1663923180,+3.50,+21.198, +6.604,+0.966
1663923240,+3.50,+21.173, +6.580,+0.967
1663923300,+3.50,+21.198, +6.673,+0.967
1663923360,+3.50,+21.190, +6.746,+0.967
1663923420,+3.50,+21.190, +6.799,+0.967
1663923480,+3.50,+21.215, +6.826,+0.967
1663923540,+3.50,+21.198, +6.888,+0.967
1663923600,+3.50,+21.198, +6.942,+0.967
1663923660,+3.50,+21.190, +6.961,+0.967
1663923720,+3.50,+21.181, +6.982,+0.967
1663923780,+3.50,+21.190, +6.972,+0.967
1663923840,+3.50,+21.215, +6.998,+0.967
1663923900,+3.50,+21.223, +6.964,+0.967
1663923960,+3.50,+21.206, +6.912,+0.966
1663924020,+3.50,+21.206, +6.864,+0.967
1663924080,+3.50,+21.198, +6.830,+0.967
1663924140,+3.50,+21.173, +6.805,+0.967
1663924200,+3.50,+21.198, +6.802,+0.967
1663924260,+3.50,+21.165, +6.778,+0.967
1663924320,+3.50,+21.148, +6.685,+0.967
1663924380,+3.49,+21.140, +6.566,+0.967
1663924440,+3.50,+21.173, +6.416,+0.966
1663924500,+3.50,+21.156, +6.428,+0.966
1663924560,+3.49,+21.165, +6.650,+0.967
1663924620,+3.50,+21.173, +6.769,+0.967
1663924680,+3.50,+21.156, +6.826,+0.967
1663924740,+3.50,+21.156, +6.836,+0.967
1663924800,+3.50,+21.156, +6.855,+0.967
1663924860,+3.50,+21.190, +6.825,+0.967
1663924920,+3.50,+21.165, +6.817,+0.966
1663924980,+3.50,+21.148, +6.908,+0.966
1663925040,+3.50,+21.148, +6.970,+0.967
1663925100,+3.50,+21.173, +6.942,+0.967
1663925160,+3.50,+21.156, +6.929,+0.967
1663925220,+3.50,+21.148, +6.899,+0.967
1663925280,+3.50,+21.181, +6.845,+0.967
1663925340,+3.50,+21.165, +6.805,+0.966
1663925400,+3.50,+21.190, +6.732,+0.967
1663925460,+3.50,+21.181, +6.770,+0.967
1663925520,+3.50,+21.206, +6.752,+0.966
1663925580,+3.50,+21.223, +6.773,+0.967
1663925640,+3.50,+21.190, +6.765,+0.966
1663925700,+3.50,+21.206, +6.756,+0.967
1663925760,+3.50,+21.223, +6.750,+0.967
1663925820,+3.50,+21.190, +6.705,+0.967
1663925880,+3.50,+21.198, +6.449,+0.967
1663925940,+3.50,+21.206, +6.429,+0.967
1663926000,+3.50,+21.173, +6.587,+0.967
1663926060,+3.49,+21.156, +6.662,+0.967
1663926120,+3.49,+21.156, +6.709,+0.967
1663926180,+3.49,+21.131, +6.752,+0.967
1663926240,+3.49,+21.131, +6.731,+0.966
1663926300,+3.49,+21.123, +6.712,+0.967
1663926360,+3.49,+21.098, +6.653,+0.967
1663926420,+3.49,+21.131, +6.665,+0.967
1663926480,+3.49,+21.131, +6.754,+0.967
1663926540,+3.49,+21.140, +6.772,+0.967
1663926600,+3.49,+21.140, +6.772,+0.967
1663926660,+3.49,+21.165, +6.779,+0.966
1663926720,+3.50,+21.165, +6.770,+0.966
1663926780,+3.50,+21.173, +6.760,+0.967
1663926840,+3.50,+21.165, +6.723,+0.967
1663926900,+3.50,+21.173, +6.720,+0.967
1663926960,+3.50,+21.165, +6.717,+0.967
1663927020,+3.49,+21.140, +6.724,+0.966
1663927080,+3.49,+21.140, +6.698,+0.967
1663927140,+3.50,+21.165, +6.812,+0.966
1663927200,+3.49,+21.148, +6.893,+0.967
1663927260,+3.50,+21.173, +6.930,+0.966
1663927320,+3.50,+21.181, +6.953,+0.967
1663927380,+3.50,+21.198, +6.960,+0.967
1663927440,+3.50,+21.206, +6.958,+0.967
1663927500,+3.50,+21.215, +6.923,+0.966
1663927560,+3.50,+21.206, +6.887,+0.967
1663927620,+3.50,+21.232, +6.826,+0.966
1663927680,+3.50,+21.240, +6.762,+0.967
1663927740,+3.50,+21.248, +6.781,+0.967
1663927800,+3.50,+21.248, +6.787,+0.967
1663927860,+3.50,+21.248, +6.762,+0.967
1663927920,+3.50,+21.240, +6.764,+0.967
1663927980,+3.50,+21.248, +6.751,+0.967
1663928040,+3.50,+21.232, +6.709,+0.967
1663928100,+3.50,+21.240, +6.695,+0.967
1663928160,+3.50,+21.248, +6.700,+0.967
1663928220,+3.50,+21.248, +6.681,+0.967
1663928280,+3.50,+21.248, +6.702,+0.967
1663928340,+3.50,+21.248, +6.724,+0.967
1663928400,+3.50,+21.240, +6.754,+0.967
1663928460,+3.50,+21.248, +6.793,+0.967
1663928520,+3.50,+21.265, +6.816,+0.967
1663928580,+3.50,+21.273, +6.823,+0.966
1663928640,+3.50,+21.298, +6.817,+0.967
1663928700,+3.50,+21.282, +6.722,+0.967
1663928760,+3.50,+21.298, +6.665,+0.967
1663928820,+3.50,+21.324, +6.642,+0.967
1663928880,+3.50,+21.332, +6.643,+0.967
1663928940,+3.50,+21.340, +6.632,+0.966
1663929000,+3.50,+21.340, +6.574,+0.967
1663929060,+3.50,+21.340, +6.628,+0.967
1663929120,+3.50,+21.324, +6.650,+0.967
1663929180,+3.50,+21.340, +6.626,+0.966
1663929240,+3.50,+21.332, +6.585,+0.967
1663929300,+3.50,+21.332, +6.534,+0.967
1663929360,+3.50,+21.349, +6.470,+0.966
1663929420,+3.50,+21.349, +6.469,+0.967
1663929480,+3.50,+21.324, +6.430,+0.966
1663929540,+3.50,+21.332, +6.387,+0.967
1663929600,+3.50,+21.315, +6.352,+0.967
1663929660,+3.50,+21.298, +6.267,+0.967
1663929720,+3.50,+21.290, +6.160,+0.966
1663929780,+3.50,+21.298, +6.087,+0.966
1663929840,+3.50,+21.298, +5.958,+0.966
1663929900,+3.50,+21.307, +6.014,+0.966
1663929960,+3.50,+21.298, +6.036,+0.966
1663930020,+3.50,+21.298, +6.034,+0.966
1663930080,+3.50,+21.290, +6.075,+0.966
1663930140,+3.50,+21.273, +6.066,+0.966
1663930200,+3.50,+21.290, +5.976,+0.966
1663930260,+3.50,+21.282, +5.805,+0.966
1663930320,+3.50,+21.282, +5.661,+0.966
1663930380,+3.50,+21.265, +5.738,+0.966
1663930440,+3.50,+21.265, +5.822,+0.966
1663930500,+3.50,+21.282, +5.771,+0.967
1663930560,+3.50,+21.290, +5.863,+0.966
1663930620,+3.50,+21.257, +6.027,+0.966
1663930680,+3.50,+21.265, +6.152,+0.967
1663930740,+3.50,+21.248, +6.360,+0.966
1663930800,+3.50,+21.240, +6.525,+0.967
1663930860,+3.50,+21.232, +6.580,+0.967
1663930920,+3.50,+21.223, +6.586,+0.967
1663930980,+3.50,+21.232, +6.557,+0.967
1663931040,+3.50,+21.240, +6.520,+0.967
1663931100,+3.50,+21.257, +6.481,+0.967
1663931160,+3.50,+21.248, +6.425,+0.967
1663931220,+3.50,+21.248, +6.283,+0.967
1663931280,+3.50,+21.265, +6.046,+0.966
1663931340,+3.50,+21.265, +5.940,+0.967
1663931400,+3.50,+21.273, +5.947,+0.967
1663931460,+3.50,+21.282, +5.989,+0.966
1663931520,+3.50,+21.290, +6.020,+0.967
1663931580,+3.50,+21.265, +5.989,+0.966
1663931640,+3.50,+21.290, +5.912,+0.966
1663931700,+3.50,+21.257, +5.858,+0.966
1663931760,+3.50,+21.257, +5.846,+0.967
1663931820,+3.50,+21.265, +5.823,+0.966
1663931880,+3.50,+21.265, +5.814,+0.966
1663931940,+3.50,+21.248, +5.858,+0.967
1663932000,+3.50,+21.223, +6.005,+0.966
1663932060,+3.50,+21.198, +6.282,+0.966
1663932120,+3.50,+21.173, +6.452,+0.967
1663932180,+3.50,+21.165, +6.278,+0.966
1663932240,+3.49,+21.173, +6.483,+0.967
1663932300,+3.50,+21.173, +6.606,+0.967
1663932360,+3.50,+21.181, +6.652,+0.967
1663932420,+3.50,+21.198, +6.666,+0.967
1663932480,+3.49,+21.181, +6.685,+0.967
1663932540,+3.50,+21.190, +6.697,+0.967
1663932600,+3.50,+21.206, +6.694,+0.967
1663932660,+3.50,+21.190, +6.680,+0.967
1663932720,+3.50,+21.215, +6.638,+0.967
1663932780,+3.50,+21.198, +6.644,+0.967
1663932840,+3.50,+21.198, +6.656,+0.967
1663932900,+3.50,+21.190, +6.678,+0.967
1663932960,+3.50,+21.198, +6.680,+0.967
1663933020,+3.50,+21.198, +6.679,+0.967
1663933080,+3.50,+21.198, +6.666,+0.967
1663933140,+3.50,+21.190, +6.662,+0.967
1663933200,+3.50,+21.190, +6.541,+0.967
1663933260,+3.50,+21.181, +6.441,+0.967
1663933320,+3.50,+21.173, +6.400,+0.967
1663933380,+3.50,+21.173, +6.363,+0.967
1663933440,+3.50,+21.181, +6.351,+0.967
1663933500,+3.50,+21.165, +6.327,+0.967
1663933560,+3.50,+21.173, +6.294,+0.967
1663933620,+3.49,+21.148, +6.288,+0.967
1663933680,+3.49,+21.123, +6.301,+0.966
1663933740,+3.49,+21.089, +6.377,+0.967
1663933800,+3.49,+21.081, +6.465,+0.967
1663933860,+3.49,+21.064, +6.482,+0.966
1663933920,+3.49,+21.031, +6.481,+0.966
1663933980,+3.49,+21.014, +6.476,+0.966
1663934040,+3.49,+20.989, +6.480,+0.967
1663934100,+3.49,+20.972, +6.416,+0.967
1663934160,+3.49,+20.964, +6.522,+0.966
1663934220,+3.49,+20.997, +6.510,+0.966
1663934280,+3.49,+21.022, +6.618,+0.966
1663934340,+3.49,+21.039, +6.684,+0.967
1663934400,+3.49,+21.056, +6.713,+0.967
1663934460,+3.49,+21.056, +6.740,+0.967
1663934520,+3.49,+21.073, +6.728,+0.967
1663934580,+3.49,+21.073, +6.713,+0.967
1663934640,+3.49,+21.081, +6.615,+0.967
1663934700,+3.49,+21.073, +6.628,+0.966
1663934760,+3.49,+21.098, +6.651,+0.967
1663934820,+3.49,+21.089, +6.654,+0.967
1663934880,+3.49,+21.081, +6.642,+0.967
1663934940,+3.49,+21.064, +6.619,+0.967
1663935000,+3.49,+21.081, +6.601,+0.967
1663935060,+3.49,+21.081, +6.583,+0.967
1663935120,+3.49,+21.056, +6.560,+0.967
1663935180,+3.49,+21.089, +6.521,+0.967
1663935240,+3.49,+21.073, +6.491,+0.967
1663935300,+3.49,+21.073, +6.487,+0.967
1663935360,+3.49,+21.073, +6.495,+0.967
1663935420,+3.49,+21.047, +6.541,+0.966
1663935480,+3.49,+21.047, +6.596,+0.967
1663935540,+3.49,+21.039, +6.613,+0.967
1663935600,+3.49,+21.039, +6.600,+0.967
1663935660,+3.49,+21.014, +6.578,+0.967
1663935720,+3.49,+21.031, +6.539,+0.967
1663935780,+3.49,+21.022, +6.546,+0.967
1663935840,+3.49,+21.022, +6.544,+0.967
1663935900,+3.49,+21.039, +6.540,+0.967
1663935960,+3.49,+21.031, +6.520,+0.967
1663936020,+3.49,+21.039, +6.519,+0.967
1663936080,+3.49,+21.039, +6.491,+0.967
1663936140,+3.49,+21.039, +6.493,+0.966
1663936200,+3.49,+21.039, +6.516,+0.967
1663936260,+3.49,+21.031, +6.568,+0.967
1663936320,+3.49,+21.014, +6.582,+0.967
1663936380,+3.49,+21.039, +6.519,+0.967
1663936440,+3.49,+21.047, +6.454,+0.967
1663936500,+3.49,+21.047, +6.260,+0.966
1663936560,+3.49,+21.064, +6.216,+0.966
1663936620,+3.49,+21.031, +6.282,+0.966
1663936680,+3.49,+21.047, +6.333,+0.967
1663936740,+3.49,+21.039, +6.325,+0.967
1663936800,+3.49,+21.047, +6.343,+0.967
1663936860,+3.49,+21.047, +6.313,+0.967
1663936920,+3.49,+21.056, +6.252,+0.967
1663936980,+3.49,+21.056, +6.134,+0.967
1663937040,+3.49,+21.022, +6.072,+0.967
1663937100,+3.49,+21.073, +6.127,+0.967
1663937160,+3.49,+21.056, +6.249,+0.966
1663937220,+3.49,+21.073, +6.355,+0.967
1663937280,+3.49,+21.056, +6.429,+0.967
1663937340,+3.49,+21.047, +6.741,+0.967
1663937400,+3.49,+21.031, +6.797,+0.966
1663937460,+3.49,+21.022, +6.860,+0.967
1663937520,+3.49,+21.022, +6.879,+0.967
1663937580,+3.49,+21.006, +6.888,+0.967
1663937640,+3.49,+21.031, +6.832,+0.967
1663937700,+3.49,+21.014, +6.771,+0.967
1663937760,+3.49,+21.022, +6.773,+0.967
1663937820,+3.49,+21.039, +6.699,+0.967
1663937880,+3.49,+21.031, +6.625,+0.967
1663937940,+3.49,+21.022, +6.637,+0.967
1663938000,+3.49,+21.022, +6.713,+0.967
1663938060,+3.49,+21.031, +6.677,+0.967
1663938120,+3.49,+21.014, +6.669,+0.967
1663938180,+3.49,+21.014, +6.661,+0.966
1663938240,+3.49,+21.039, +6.582,+0.967
1663938300,+3.49,+21.014, +6.750,+0.967
1663938360,+3.49,+21.006, +6.852,+0.967
1663938420,+3.49,+20.997, +6.914,+0.967
1663938480,+3.49,+20.997, +6.928,+0.967
1663938540,+3.49,+20.997, +6.927,+0.967
1663938600,+3.49,+20.997, +6.938,+0.966
1663938660,+3.49,+21.006, +6.952,+0.966
1663938720,+3.49,+20.997, +6.953,+0.967
1663938780,+3.49,+20.981, +6.983,+0.967
1663938840,+3.49,+20.972, +6.985,+0.967
1663938900,+3.49,+20.972, +7.007,+0.967
1663938960,+3.49,+20.989, +7.005,+0.967
1663939020,+3.49,+20.972, +7.034,+0.967
1663939080,+3.49,+20.964, +7.061,+0.967
1663939140,+3.49,+20.955, +7.081,+0.967
1663939200,+3.49,+20.964, +7.123,+0.967
1663939260,+3.49,+20.939, +7.176,+0.967
1663939320,+3.49,+20.939, +7.214,+0.966
1663939380,+3.49,+20.939, +7.254,+0.967
1663939440,+3.49,+20.939, +7.257,+0.967
1663939500,+3.49,+20.905, +7.275,+0.966
1663939560,+3.49,+20.905, +7.295,+0.966
1663939620,+3.49,+20.897, +7.302,+0.966
1663939680,+3.49,+20.888, +7.295,+0.967
1663939740,+3.49,+20.897, +7.291,+0.966
1663939800,+3.49,+20.897, +7.301,+0.967
1663939860,+3.49,+20.905, +7.279,+0.966
1663939920,+3.49,+20.905, +7.291,+0.967
1663939980,+3.49,+20.914, +7.300,+0.967
1663940040,+3.49,+20.905, +7.310,+0.966
1663940100,+3.49,+20.905, +7.319,+0.966
1663940160,+3.49,+20.914, +7.322,+0.966
1663940220,+3.49,+20.922, +7.367,+0.966
1663940280,+3.49,+20.905, +7.381,+0.966
1663940340,+3.49,+20.897, +7.408,+0.967
1663940400,+3.49,+20.897, +7.392,+0.967
1663940460,+3.49,+20.888, +7.393,+0.966
1663940520,+3.49,+20.897, +7.406,+0.967
1663940580,+3.49,+20.880, +7.421,+0.967
1663940640,+3.49,+20.880, +7.424,+0.966
1663940700,+3.49,+20.888, +7.403,+0.967
1663940760,+3.49,+20.888, +7.377,+0.966
1663940820,+3.49,+20.905, +7.354,+0.966
1663940880,+3.49,+20.872, +7.365,+0.967
1663940940,+3.49,+20.880, +7.363,+0.966
1663941000,+3.49,+20.888, +7.354,+0.966
1663941060,+3.49,+20.888, +7.346,+0.966
1663941120,+3.49,+20.888, +7.336,+0.966
1663941180,+3.49,+20.905, +7.339,+0.967
1663941240,+3.49,+20.897, +7.344,+0.967
1663941300,+3.49,+20.897, +7.366,+0.967
1663941360,+3.49,+20.905, +7.357,+0.966
1663941420,+3.49,+20.897, +7.386,+0.966
1663941480,+3.49,+20.897, +7.402,+0.966
1663941540,+3.49,+20.872, +7.451,+0.967
1663941600,+3.49,+20.872, +7.464,+0.967
1663941660,+3.49,+20.880, +7.475,+0.967
1663941720,+3.49,+20.888, +7.466,+0.967
1663941780,+3.49,+20.888, +7.422,+0.967
1663941840,+3.49,+20.872, +7.360,+0.967
1663941900,+3.49,+20.863, +7.322,+0.966
1663941960,+3.49,+20.863, +7.266,+0.966
1663942020,+3.49,+20.872, +7.259,+0.967
1663942080,+3.49,+20.855, +7.270,+0.966
1663942140,+3.49,+20.855, +7.264,+0.967
1663942200,+3.49,+20.838, +7.254,+0.967
1663942260,+3.49,+20.855, +7.216,+0.966
1663942320,+3.49,+20.847, +7.215,+0.966
1663942380,+3.49,+20.863, +7.200,+0.966
1663942440,+3.49,+20.855, +7.174,+0.967
1663942500,+3.49,+20.855, +7.180,+0.966
1663942560,+3.49,+20.822, +7.227,+0.967
1663942620,+3.49,+20.847, +7.227,+0.967
1663942680,+3.49,+20.830, +7.222,+0.967
1663942740,+3.49,+20.830, +7.249,+0.966
1663942800,+3.49,+20.822, +7.259,+0.966
1663942860,+3.49,+20.830, +7.278,+0.967
1663942920,+3.49,+20.838, +7.268,+0.966
1663942980,+3.49,+20.830, +7.269,+0.966
1663943040,+3.49,+20.855, +7.259,+0.966
1663943100,+3.49,+20.838, +7.256,+0.966
1663943160,+3.49,+20.847, +7.279,+0.966
1663943220,+3.49,+20.830, +7.295,+0.967
1663943280,+3.49,+20.830, +7.283,+0.967
1663943340,+3.49,+20.838, +7.245,+0.966
1663943400,+3.49,+20.838, +7.236,+0.966
1663943460,+3.49,+20.838, +7.223,+0.967
1663943520,+3.49,+20.838, +7.220,+0.966
1663943580,+3.49,+20.855, +7.222,+0.967
1663943640,+3.49,+20.855, +7.215,+0.966
1663943700,+3.49,+20.830, +7.361,+0.967
1663943760,+3.49,+20.838, +7.418,+0.966
1663943820,+3.49,+20.830, +7.475,+0.967
1663943880,+3.49,+20.838, +7.500,+0.966
1663943940,+3.49,+20.830, +7.521,+0.967
1663944000,+3.49,+20.822, +7.516,+0.966
1663944060,+3.49,+20.830, +7.511,+0.967
1663944120,+3.49,+20.822, +7.497,+0.966
1663944180,+3.49,+20.813, +7.508,+0.967
1663944240,+3.49,+20.763, +7.247,+0.966
1663944300,+3.49,+20.704, +7.055,+0.966
1663944360,+3.49,+20.646, +6.941,+0.967
1663944420,+3.49,+20.621, +6.829,+0.966
1663944480,+3.49,+20.587, +6.766,+0.967
1663944540,+3.49,+20.579, +6.702,+0.967
1663944600,+3.49,+20.596, +6.658,+0.966
1663944660,+3.49,+20.570, +6.640,+0.967
1663944720,+3.49,+20.554, +6.637,+0.966
1663944780,+3.49,+20.545, +6.611,+0.967
1663944840,+3.49,+20.545, +6.606,+0.967
1663944900,+3.49,+20.562, +6.757,+0.967
1663944960,+3.49,+20.596, +6.830,+0.966
1663945020,+3.49,+20.596, +6.834,+0.967
1663945080,+3.49,+20.604, +6.836,+0.967
1663945140,+3.49,+20.596, +6.818,+0.967
1663945200,+3.49,+20.604, +6.850,+0.967
1663945260,+3.49,+20.604, +6.954,+0.967
1663945320,+3.49,+20.612, +6.978,+0.967
1663945380,+3.49,+20.579, +6.868,+0.966
1663945440,+3.49,+20.554, +6.799,+0.967
1663945500,+3.49,+20.562, +6.842,+0.967
1663945560,+3.49,+20.570, +6.975,+0.966
1663945620,+3.49,+20.554, +6.826,+0.967
1663945680,+3.49,+20.520, +6.755,+0.967
1663945740,+3.49,+20.529, +6.825,+0.966
1663945800,+3.49,+20.512, +6.772,+0.966
1663945860,+3.49,+20.478, +6.728,+0.966
1663945920,+3.49,+20.478, +6.747,+0.967
1663945980,+3.49,+20.478, +6.736,+0.966
1663946040,+3.49,+20.470, +6.740,+0.966
1663946100,+3.49,+20.462, +6.759,+0.966
1663946160,+3.49,+20.470, +6.782,+0.967
1663946220,+3.49,+20.478, +6.791,+0.966
1663946280,+3.49,+20.478, +6.817,+0.967
1663946340,+3.49,+20.470, +6.828,+0.967
1663946400,+3.49,+20.478, +6.822,+0.967
1663946460,+3.49,+20.470, +6.824,+0.967
1663946520,+3.49,+20.445, +6.782,+0.966
1663946580,+3.49,+20.437, +6.749,+0.967
1663946640,+3.49,+20.428, +6.743,+0.967
1663946700,+3.49,+20.428, +6.758,+0.967
1663946760,+3.49,+20.420, +6.769,+0.966
1663946820,+3.49,+20.420, +6.795,+0.966
1663946880,+3.49,+20.437, +6.813,+0.967
1663946940,+3.49,+20.437, +6.825,+0.966
1663947000,+3.49,+20.445, +6.815,+0.967
1663947060,+3.49,+20.453, +6.798,+0.966
1663947120,+3.49,+20.420, +6.821,+0.967
1663947180,+3.49,+20.445, +6.803,+0.967
1663947240,+3.49,+20.453, +6.825,+0.966
1663947300,+3.49,+20.462, +6.879,+0.967
1663947360,+3.49,+20.478, +6.879,+0.966
1663947420,+3.49,+20.462, +6.909,+0.966
1663947480,+3.49,+20.462, +7.042,+0.967
1663947540,+3.49,+20.470, +7.126,+0.967
1663947600,+3.49,+20.453, +7.163,+0.966
1663947660,+3.49,+20.462, +7.202,+0.966
1663947720,+3.49,+20.453, +7.216,+0.967
1663947780,+3.49,+20.437, +7.196,+0.966
1663947840,+3.49,+20.445, +7.181,+0.966
1663947900,+3.49,+20.420, +7.184,+0.966
1663947960,+3.49,+20.420, +7.202,+0.967
1663948020,+3.49,+20.420, +7.165,+0.967
1663948080,+3.49,+20.445, +7.195,+0.966
1663948140,+3.49,+20.420, +7.198,+0.966
1663948200,+3.49,+20.445, +7.227,+0.966
1663948260,+3.49,+20.437, +7.278,+0.967
1663948320,+3.49,+20.453, +7.281,+0.966
1663948380,+3.49,+20.428, +7.271,+0.967
1663948440,+3.49,+20.437, +7.251,+0.967
1663948500,+3.49,+20.428, +7.238,+0.966
1663948560,+3.49,+20.420, +7.234,+0.966
1663948620,+3.49,+20.420, +7.256,+0.966
1663948680,+3.49,+20.437, +7.275,+0.966
1663948740,+3.49,+20.428, +7.284,+0.966
1663948800,+3.49,+20.437, +7.313,+0.966
1663948860,+3.49,+20.437, +7.358,+0.966
1663948920,+3.49,+20.420, +7.371,+0.966
1663948980,+3.49,+20.428, +7.393,+0.966
1663949040,+3.49,+20.420, +7.420,+0.967
1663949100,+3.49,+20.445, +7.385,+0.966
1663949160,+3.49,+20.445, +7.349,+0.966
1663949220,+3.49,+20.453, +7.307,+0.966
1663949280,+3.49,+20.487, +7.290,+0.967
1663949340,+3.49,+20.487, +7.299,+0.966
1663949400,+3.49,+20.470, +7.301,+0.966
1663949460,+3.49,+20.470, +7.303,+0.967
1663949520,+3.49,+20.487, +7.321,+0.967
1663949580,+3.49,+20.503, +7.337,+0.966
1663949640,+3.49,+20.529, +7.393,+0.967
1663949700,+3.49,+20.545, +7.517,+0.966
1663949760,+3.49,+20.562, +7.568,+0.967
1663949820,+3.49,+20.545, +7.615,+0.966
1663949880,+3.49,+20.554, +7.675,+0.967
1663949940,+3.49,+20.529, +7.685,+0.967
1663950000,+3.49,+20.503, +7.663,+0.967
1663950060,+3.49,+20.487, +7.653,+0.967
1663950120,+3.49,+20.478, +7.655,+0.966
1663950180,+3.49,+20.470, +7.683,+0.967
1663950240,+3.49,+20.487, +7.653,+0.967
1663950300,+3.49,+20.470, +7.623,+0.966
1663950360,+3.49,+20.453, +7.642,+0.966
1663950420,+3.49,+20.470, +7.631,+0.967
1663950480,+3.49,+20.470, +7.626,+0.966
1663950540,+3.49,+20.478, +7.653,+0.966
1663950600,+3.49,+20.512, +7.656,+0.966
1663950660,+3.49,+20.487, +7.676,+0.967
1663950720,+3.49,+20.503, +7.678,+0.967
1663950780,+3.49,+20.545, +7.701,+0.966
1663950840,+3.49,+20.562, +7.729,+0.967
1663950900,+3.49,+20.570, +7.749,+0.967
1663950960,+3.49,+20.579, +7.821,+0.967
1663951020,+3.49,+20.587, +7.866,+0.966
1663951080,+3.49,+20.579, +7.940,+0.967
1663951140,+3.49,+20.604, +7.956,+0.966
1663951200,+3.49,+20.621, +7.975,+0.967
1663951260,+3.49,+20.604, +7.927,+0.967
1663951320,+3.49,+20.612, +7.929,+0.966
1663951380,+3.49,+20.554, +7.918,+0.967
1663951440,+3.49,+20.554, +7.892,+0.966
1663951500,+3.49,+20.537, +7.884,+0.967
1663951560,+3.49,+20.537, +7.831,+0.967
1663951620,+3.49,+20.529, +7.812,+0.967
1663951680,+3.49,+20.503, +7.804,+0.967
