7450-383325
OS REV: 1.05 Sensor Cal: 1644949570
Time (sec),  BV (Volts),  T (deg C),  DO (mg/l),  Q ()
1666975740,+3.47,+15.956, +2.286,+0.885
1666975800,+3.47,+15.930, +2.297,+0.884
1666975860,+3.47,+15.947, +2.303,+0.884
1666975920,+3.47,+15.956, +2.303,+0.885
1666975980,+3.47,+15.956, +2.302,+0.886
1666976040,+3.47,+15.973, +2.295,+0.887
1666976100,+3.47,+15.973, +2.290,+0.888
1666976160,+3.47,+15.981, +2.284,+0.889
1666976220,+3.47,+15.981, +2.275,+0.890
1666976280,+3.47,+16.007, +2.265,+0.890
1666976340,+3.47,+15.964, +2.257,+0.891
1666976400,+3.47,+15.998, +2.243,+0.892
1666976460,+3.47,+15.990, +2.232,+0.892
1666976520,+3.47,+15.973, +2.226,+0.891
1666976580,+3.47,+15.981, +2.216,+0.891
1666976640,+3.47,+15.973, +2.209,+0.891
1666976700,+3.47,+15.973, +2.212,+0.889
1666976760,+3.47,+15.973, +2.214,+0.887
1666976820,+3.47,+15.981, +2.213,+0.887
1666976880,+3.47,+15.956, +2.213,+0.887
1666976940,+3.47,+15.956, +2.219,+0.886
1666977000,+3.47,+15.956, +2.233,+0.884
1666977060,+3.47,+15.956, +2.242,+0.883
1666977120,+3.47,+15.939, +2.248,+0.884
1666977180,+3.47,+15.956, +2.248,+0.884
1666977240,+3.47,+15.947, +2.247,+0.886
1666977300,+3.47,+15.939, +2.247,+0.886
1666977360,+3.47,+15.947, +2.252,+0.886
1666977420,+3.47,+15.956, +2.255,+0.886
1666977480,+3.47,+15.947, +2.263,+0.885
1666977540,+3.47,+15.947, +2.273,+0.884
1666977600,+3.47,+15.956, +2.280,+0.884
1666977660,+3.47,+15.939, +2.289,+0.884
1666977720,+3.47,+15.956, +2.297,+0.884
1666977780,+3.47,+15.956, +2.300,+0.884
1666977840,+3.47,+15.956, +2.308,+0.884
1666977900,+3.47,+15.973, +2.312,+0.885
1666977960,+3.47,+15.973, +2.312,+0.886
1666978020,+3.47,+15.990, +2.313,+0.886
1666978080,+3.47,+16.007, +2.318,+0.885
1666978140,+3.47,+16.015, +2.321,+0.886
1666978200,+3.47,+16.050, +2.320,+0.886
1666978260,+3.47,+16.058, +2.318,+0.886
1666978320,+3.47,+16.067, +2.321,+0.886
1666978380,+3.47,+16.084, +2.322,+0.886
1666978440,+3.47,+16.101, +2.320,+0.886
1666978500,+3.47,+16.092, +2.320,+0.886
1666978560,+3.47,+16.109, +2.317,+0.886
1666978620,+3.47,+16.135, +2.315,+0.887
1666978680,+3.47,+16.126, +2.311,+0.887
1666978740,+3.47,+16.126, +2.313,+0.887
1666978800,+3.47,+16.126, +2.313,+0.886
1666978860,+3.47,+16.152, +2.312,+0.886
1666978920,+3.47,+16.143, +2.313,+0.887
1666978980,+3.47,+16.152, +2.312,+0.887
1666979040,+3.47,+16.135, +2.310,+0.888
1666979100,+3.47,+16.161, +2.301,+0.889
1666979160,+3.47,+16.161, +2.288,+0.889
1666979220,+3.47,+16.169, +2.276,+0.890
1666979280,+3.47,+16.169, +2.270,+0.890
1666979340,+3.47,+16.169, +2.263,+0.890
1666979400,+3.47,+16.152, +2.267,+0.888
1666979460,+3.47,+16.169, +2.289,+0.884
1666979520,+3.47,+16.152, +2.313,+0.880
1666979580,+3.47,+16.169, +2.340,+0.878
1666979640,+3.47,+16.169, +2.366,+0.875
1666979700,+3.47,+16.161, +2.393,+0.874
1666979760,+3.47,+16.178, +2.415,+0.873
1666979820,+3.47,+16.178, +2.434,+0.873
1666979880,+3.47,+16.169, +2.455,+0.873
1666979940,+3.47,+16.169, +2.467,+0.874
1666980000,+3.47,+16.169, +2.479,+0.874
1666980060,+3.47,+16.195, +2.460,+0.875
1666980120,+3.47,+16.178, +2.460,+0.876
1666980180,+3.47,+16.178, +2.460,+0.876
1666980240,+3.47,+16.178, +2.462,+0.876
1666980300,+3.47,+16.195, +2.459,+0.876
1666980360,+3.47,+16.161, +2.463,+0.876
1666980420,+3.47,+16.186, +2.461,+0.876
1666980480,+3.47,+16.178, +2.464,+0.875
1666980540,+3.47,+16.178, +2.466,+0.875
1666980600,+3.47,+16.195, +2.466,+0.875
1666980660,+3.47,+16.203, +2.465,+0.874
1666980720,+3.47,+16.220, +2.465,+0.874
1666980780,+3.47,+16.186, +2.470,+0.874
1666980840,+3.47,+16.220, +2.464,+0.875
1666980900,+3.47,+16.229, +2.459,+0.876
1666980960,+3.47,+16.237, +2.454,+0.877
1666981020,+3.47,+16.203, +2.449,+0.878
1666981080,+3.47,+16.195, +2.443,+0.880
1666981140,+3.47,+16.212, +2.438,+0.880
1666981200,+3.47,+16.186, +2.434,+0.880
1666981260,+3.47,+16.212, +2.430,+0.881
1666981320,+3.47,+16.212, +2.427,+0.881
1666981380,+3.47,+16.212, +2.423,+0.881
1666981440,+3.47,+16.229, +2.414,+0.882
1666981500,+3.47,+16.220, +2.408,+0.883
1666981560,+3.47,+16.203, +2.405,+0.883
1666981620,+3.47,+16.229, +2.399,+0.882
1666981680,+3.47,+16.220, +2.398,+0.882
1666981740,+3.47,+16.203, +2.399,+0.881
1666981800,+3.47,+16.220, +2.402,+0.879
1666981860,+3.47,+16.203, +2.410,+0.878
1666981920,+3.47,+16.203, +2.412,+0.877
1666981980,+3.47,+16.178, +2.419,+0.876
1666982040,+3.47,+16.195, +2.423,+0.876
1666982100,+3.47,+16.203, +2.428,+0.875
1666982160,+3.47,+16.178, +2.430,+0.876
1666982220,+3.47,+16.186, +2.432,+0.877
1666982280,+3.47,+16.195, +2.432,+0.877
1666982340,+3.47,+16.186, +2.436,+0.877
1666982400,+3.47,+16.186, +2.440,+0.878
1666982460,+3.47,+16.186, +2.444,+0.878
1666982520,+3.47,+16.169, +2.448,+0.877
1666982580,+3.47,+16.161, +2.449,+0.878
1666982640,+3.47,+16.178, +2.447,+0.878
1666982700,+3.47,+16.178, +2.448,+0.879
1666982760,+3.47,+16.195, +2.443,+0.880
1666982820,+3.47,+16.178, +2.443,+0.880
1666982880,+3.47,+16.195, +2.438,+0.880
1666982940,+3.47,+16.152, +2.439,+0.880
1666983000,+3.47,+16.161, +2.435,+0.881
1666983060,+3.47,+16.152, +2.429,+0.882
1666983120,+3.47,+16.169, +2.419,+0.884
1666983180,+3.47,+16.195, +2.403,+0.884
1666983240,+3.47,+16.169, +2.392,+0.885
1666983300,+3.47,+16.178, +2.379,+0.886
1666983360,+3.47,+16.178, +2.369,+0.885
1666983420,+3.47,+16.178, +2.362,+0.885
1666983480,+3.47,+16.169, +2.353,+0.883
1666983540,+3.47,+16.178, +2.345,+0.883
1666983600,+3.47,+16.186, +2.337,+0.883
1666983660,+3.47,+16.178, +2.330,+0.883
1666983720,+3.47,+16.161, +2.324,+0.882
1666983780,+3.47,+16.169, +2.324,+0.881
1666983840,+3.47,+16.161, +2.324,+0.880
1666983900,+3.47,+16.143, +2.327,+0.879
1666983960,+3.47,+16.143, +2.330,+0.878
1666984020,+3.47,+16.152, +2.329,+0.877
1666984080,+3.47,+16.135, +2.337,+0.877
1666984140,+3.47,+16.135, +2.345,+0.876
1666984200,+3.47,+16.118, +2.357,+0.875
1666984260,+3.47,+16.084, +2.375,+0.875
1666984320,+3.47,+16.109, +2.386,+0.874
1666984380,+3.47,+16.084, +2.401,+0.873
1666984440,+3.47,+16.075, +2.421,+0.873
1666984500,+3.47,+16.050, +2.440,+0.874
1666984560,+3.47,+16.067, +2.451,+0.874
1666984620,+3.47,+16.058, +2.458,+0.875
1666984680,+3.47,+16.058, +2.462,+0.876
1666984740,+3.47,+16.050, +2.466,+0.877
1666984800,+3.47,+16.050, +2.468,+0.878
1666984860,+3.47,+16.058, +2.469,+0.879
1666984920,+3.47,+16.033, +2.467,+0.880
1666984980,+3.47,+16.050, +2.459,+0.881
1666985040,+3.47,+16.058, +2.454,+0.881
1666985100,+3.47,+16.058, +2.449,+0.882
1666985160,+3.47,+16.058, +2.442,+0.883
1666985220,+3.47,+16.067, +2.430,+0.883
1666985280,+3.47,+16.075, +2.422,+0.883
1666985340,+3.47,+16.058, +2.420,+0.883
1666985400,+3.47,+16.058, +2.411,+0.883
1666985460,+3.47,+16.075, +2.402,+0.883
1666985520,+3.47,+16.058, +2.396,+0.883
1666985580,+3.47,+16.067, +2.386,+0.883
1666985640,+3.47,+16.067, +2.376,+0.884
1666985700,+3.47,+16.041, +2.365,+0.885
1666985760,+3.47,+16.067, +2.355,+0.884
1666985820,+3.47,+16.067, +2.345,+0.884
1666985880,+3.47,+16.058, +2.341,+0.884
1666985940,+3.47,+16.058, +2.335,+0.884
1666986000,+3.47,+16.075, +2.324,+0.884
1666986060,+3.47,+16.058, +2.322,+0.884
1666986120,+3.47,+16.058, +2.317,+0.883
1666986180,+3.47,+16.058, +2.310,+0.884
1666986240,+3.47,+16.041, +2.302,+0.886
1666986300,+3.47,+16.050, +2.285,+0.888
1666986360,+3.47,+16.024, +2.272,+0.890
1666986420,+3.47,+16.024, +2.275,+0.888
1666986480,+3.47,+16.033, +2.282,+0.885
1666986540,+3.47,+16.024, +2.284,+0.884
1666986600,+3.47,+16.058, +2.284,+0.883
1666986660,+3.47,+16.041, +2.285,+0.883
1666986720,+3.47,+16.033, +2.289,+0.882
1666986780,+3.47,+16.041, +2.292,+0.881
1666986840,+3.47,+16.041, +2.298,+0.882
1666986900,+3.47,+16.050, +2.296,+0.882
1666986960,+3.47,+16.058, +2.294,+0.883
1666987020,+3.47,+16.050, +2.293,+0.884
1666987080,+3.47,+16.058, +2.290,+0.884
1666987140,+3.47,+16.024, +2.296,+0.884
1666987200,+3.47,+16.041, +2.295,+0.884
1666987260,+3.47,+16.033, +2.292,+0.884
1666987320,+3.47,+16.024, +2.289,+0.885
1666987380,+3.47,+16.024, +2.282,+0.886
1666987440,+3.47,+16.033, +2.278,+0.886
1666987500,+3.47,+16.041, +2.278,+0.886
1666987560,+3.47,+16.033, +2.278,+0.885
1666987620,+3.47,+16.033, +2.274,+0.885
1666987680,+3.47,+16.015, +2.272,+0.885
1666987740,+3.47,+16.024, +2.271,+0.885
1666987800,+3.47,+16.007, +2.271,+0.885
1666987860,+3.47,+16.015, +2.266,+0.884
1666987920,+3.47,+16.015, +2.269,+0.883
1666987980,+3.47,+15.981, +2.323,+0.876
1666988040,+3.47,+15.964, +2.387,+0.870
1666988100,+3.47,+15.973, +2.425,+0.868
1666988160,+3.47,+15.973, +2.458,+0.868
1666988220,+3.47,+15.964, +2.485,+0.868
1666988280,+3.47,+15.981, +2.503,+0.869
1666988340,+3.47,+15.990, +2.516,+0.870
1666988400,+3.47,+15.990, +2.531,+0.870
1666988460,+3.47,+15.998, +2.544,+0.870
1666988520,+3.47,+15.998, +2.553,+0.871
1666988580,+3.47,+15.998, +2.559,+0.872
1666988640,+3.47,+16.007, +2.557,+0.873
1666988700,+3.47,+15.981, +2.560,+0.874
1666988760,+3.47,+15.981, +2.556,+0.875
1666988820,+3.47,+15.973, +2.553,+0.876
1666988880,+3.47,+15.981, +2.559,+0.875
1666988940,+3.47,+15.973, +2.567,+0.874
1666989000,+3.47,+15.973, +2.570,+0.873
1666989060,+3.47,+15.964, +2.572,+0.873
1666989120,+3.47,+15.981, +2.571,+0.873
1666989180,+3.47,+15.990, +2.568,+0.874
1666989240,+3.47,+15.990, +2.569,+0.875
1666989300,+3.47,+15.973, +2.602,+0.871
1666989360,+3.47,+15.973, +2.629,+0.870
1666989420,+3.47,+15.964, +2.648,+0.869
1666989480,+3.47,+15.964, +2.660,+0.869
1666989540,+3.47,+15.990, +2.671,+0.869
1666989600,+3.47,+15.947, +2.684,+0.870
1666989660,+3.47,+15.956, +2.688,+0.870
1666989720,+3.47,+15.956, +2.692,+0.871
1666989780,+3.47,+15.973, +2.693,+0.872
1666989840,+3.47,+15.939, +2.694,+0.873
1666989900,+3.47,+15.930, +2.688,+0.874
1666989960,+3.47,+15.947, +2.681,+0.875
1666990020,+3.47,+15.956, +2.671,+0.876
1666990080,+3.47,+15.921, +2.666,+0.876
1666990140,+3.47,+15.921, +2.655,+0.877
1666990200,+3.47,+15.947, +2.639,+0.878
1666990260,+3.47,+15.913, +2.628,+0.879
1666990320,+3.47,+15.939, +2.613,+0.879
1666990380,+3.47,+15.930, +2.606,+0.879
1666990440,+3.47,+15.930, +2.595,+0.879
1666990500,+3.47,+15.921, +2.584,+0.879
1666990560,+3.47,+15.913, +2.581,+0.879
1666990620,+3.47,+15.904, +2.587,+0.877
1666990680,+3.47,+15.913, +2.595,+0.876
1666990740,+3.47,+15.913, +2.607,+0.874
1666990800,+3.47,+15.896, +2.612,+0.874
1666990860,+3.47,+15.870, +2.637,+0.874
1666990920,+3.47,+15.887, +2.642,+0.875
1666990980,+3.47,+15.896, +2.645,+0.875
1666991040,+3.47,+15.896, +2.649,+0.876
1666991100,+3.47,+15.887, +2.649,+0.877
1666991160,+3.47,+15.904, +2.641,+0.878
1666991220,+3.47,+15.879, +2.639,+0.879
1666991280,+3.47,+15.879, +2.637,+0.880
1666991340,+3.47,+15.887, +2.637,+0.880
1666991400,+3.47,+15.862, +2.635,+0.880
1666991460,+3.47,+15.853, +2.633,+0.880
1666991520,+3.47,+15.853, +2.632,+0.880
1666991580,+3.47,+15.853, +2.623,+0.881
1666991640,+3.47,+15.845, +2.627,+0.880
1666991700,+3.47,+15.862, +2.625,+0.879
1666991760,+3.47,+15.862, +2.620,+0.881
1666991820,+3.47,+15.862, +2.611,+0.882
1666991880,+3.47,+15.870, +2.600,+0.882
1666991940,+3.47,+15.853, +2.601,+0.882
1666992000,+3.48,+15.845, +2.600,+0.881
1666992060,+3.47,+15.845, +2.596,+0.881
1666992120,+3.47,+15.853, +2.587,+0.881
1666992180,+3.47,+15.853, +2.589,+0.881
1666992240,+3.47,+15.845, +2.588,+0.880
1666992300,+3.47,+15.862, +2.589,+0.880
1666992360,+3.47,+15.836, +2.592,+0.879
1666992420,+3.47,+15.819, +2.595,+0.878
1666992480,+3.47,+15.819, +2.596,+0.878
1666992540,+3.48,+15.810, +2.601,+0.878
1666992600,+3.47,+15.802, +2.603,+0.878
1666992660,+3.47,+15.793, +2.608,+0.878
1666992720,+3.47,+15.776, +2.627,+0.877
1666992780,+3.47,+15.785, +2.640,+0.877
1666992840,+3.47,+15.785, +2.648,+0.877
1666992900,+3.47,+15.768, +2.654,+0.878
1666992960,+3.47,+15.785, +2.655,+0.879
1666993020,+3.47,+15.768, +2.651,+0.880
1666993080,+3.47,+15.768, +2.646,+0.882
1666993140,+3.47,+15.776, +2.640,+0.884
1666993200,+3.47,+15.785, +2.637,+0.884
1666993260,+3.47,+15.802, +2.634,+0.883
1666993320,+3.47,+15.776, +2.635,+0.884
1666993380,+3.47,+15.742, +2.630,+0.884
1666993440,+3.47,+15.768, +2.621,+0.884
1666993500,+3.47,+15.759, +2.617,+0.884
1666993560,+3.47,+15.776, +2.600,+0.885
1666993620,+3.47,+15.750, +2.589,+0.887
1666993680,+3.47,+15.768, +2.574,+0.888
1666993740,+3.47,+15.768, +2.562,+0.888
1666993800,+3.47,+15.750, +2.554,+0.888
1666993860,+3.47,+15.776, +2.536,+0.889
1666993920,+3.47,+15.776, +2.521,+0.890
1666993980,+3.47,+15.759, +2.504,+0.891
1666994040,+3.47,+15.759, +2.490,+0.892
1666994100,+3.47,+15.759, +2.482,+0.891
1666994160,+3.47,+15.776, +2.477,+0.889
1666994220,+3.47,+15.733, +2.482,+0.887
1666994280,+3.47,+15.759, +2.474,+0.886
1666994340,+3.47,+15.733, +2.481,+0.885
1666994400,+3.47,+15.733, +2.487,+0.883
1666994460,+3.47,+15.742, +2.494,+0.882
1666994520,+3.47,+15.716, +2.506,+0.881
1666994580,+3.47,+15.733, +2.511,+0.881
1666994640,+3.47,+15.742, +2.519,+0.881
1666994700,+3.47,+15.716, +2.529,+0.881
1666994760,+3.47,+15.742, +2.532,+0.881
1666994820,+3.47,+15.759, +2.534,+0.881
1666994880,+3.47,+15.725, +2.539,+0.882
1666994940,+3.47,+15.733, +2.537,+0.883
1666995000,+3.47,+15.725, +2.536,+0.884
1666995060,+3.47,+15.716, +2.535,+0.884
1666995120,+3.47,+15.725, +2.533,+0.885
1666995180,+3.47,+15.725, +2.531,+0.885
1666995240,+3.47,+15.733, +2.529,+0.885
1666995300,+3.47,+15.699, +2.531,+0.886
1666995360,+3.47,+15.708, +2.525,+0.887
1666995420,+3.47,+15.708, +2.515,+0.888
1666995480,+3.47,+15.742, +2.500,+0.890
1666995540,+3.47,+15.716, +2.487,+0.891
1666995600,+3.47,+15.708, +2.476,+0.892
1666995660,+3.47,+15.708, +2.468,+0.892
1666995720,+3.47,+15.716, +2.453,+0.892
1666995780,+3.47,+15.742, +2.433,+0.893
1666995840,+3.47,+15.725, +2.417,+0.893
1666995900,+3.47,+15.733, +2.400,+0.894
1666995960,+3.47,+15.733, +2.386,+0.894
1666996020,+3.47,+15.725, +2.367,+0.894
1666996080,+3.47,+15.733, +2.354,+0.894
1666996140,+3.47,+15.716, +2.351,+0.893
1666996200,+3.47,+15.725, +2.348,+0.892
1666996260,+3.47,+15.708, +2.347,+0.891
1666996320,+3.47,+15.716, +2.345,+0.890
1666996380,+3.47,+15.699, +2.342,+0.889
1666996440,+3.47,+15.725, +2.343,+0.888
1666996500,+3.47,+15.716, +2.347,+0.887
1666996560,+3.47,+15.708, +2.362,+0.885
1666996620,+3.47,+15.699, +2.383,+0.883
1666996680,+3.47,+15.691, +2.398,+0.883
1666996740,+3.47,+15.691, +2.412,+0.882
1666996800,+3.47,+15.691, +2.423,+0.882
1666996860,+3.47,+15.682, +2.437,+0.882
1666996920,+3.47,+15.673, +2.451,+0.882
1666996980,+3.47,+15.682, +2.459,+0.882
1666997040,+3.47,+15.682, +2.469,+0.882
1666997100,+3.47,+15.665, +2.479,+0.883
1666997160,+3.47,+15.656, +2.481,+0.883
1666997220,+3.47,+15.665, +2.484,+0.884
1666997280,+3.47,+15.691, +2.478,+0.885
1666997340,+3.47,+15.682, +2.476,+0.886
1666997400,+3.47,+15.673, +2.471,+0.887
1666997460,+3.47,+15.665, +2.467,+0.888
1666997520,+3.47,+15.665, +2.461,+0.888
1666997580,+3.47,+15.665, +2.453,+0.890
1666997640,+3.47,+15.665, +2.443,+0.890
1666997700,+3.47,+15.673, +2.435,+0.891
1666997760,+3.47,+15.682, +2.423,+0.892
1666997820,+3.47,+15.673, +2.415,+0.892
1666997880,+3.47,+15.665, +2.406,+0.892
1666997940,+3.47,+15.656, +2.396,+0.893
1666998000,+3.47,+15.673, +2.389,+0.892
1666998060,+3.47,+15.673, +2.381,+0.892
1666998120,+3.47,+15.665, +2.375,+0.892
1666998180,+3.47,+15.665, +2.369,+0.892
1666998240,+3.47,+15.682, +2.358,+0.892
1666998300,+3.47,+15.682, +2.349,+0.892
1666998360,+3.47,+15.682, +2.342,+0.893
1666998420,+3.47,+15.682, +2.334,+0.893
1666998480,+3.47,+15.648, +2.328,+0.893
1666998540,+3.47,+15.673, +2.319,+0.893
1666998600,+3.47,+15.665, +2.310,+0.893
1666998660,+3.47,+15.656, +2.306,+0.893
1666998720,+3.47,+15.665, +2.302,+0.892
1666998780,+3.47,+15.682, +2.295,+0.892
1666998840,+3.47,+15.682, +2.289,+0.892
1666998900,+3.47,+15.682, +2.283,+0.892
1666998960,+3.47,+15.699, +2.279,+0.892
1666999020,+3.47,+15.656, +2.280,+0.891
1666999080,+3.47,+15.691, +2.273,+0.891
1666999140,+3.47,+15.682, +2.266,+0.892
1666999200,+3.47,+15.665, +2.265,+0.892
1666999260,+3.47,+15.673, +2.261,+0.892
1666999320,+3.47,+15.673, +2.253,+0.892
1666999380,+3.47,+15.682, +2.245,+0.893
1666999440,+3.47,+15.691, +2.236,+0.894
1666999500,+3.47,+15.682, +2.228,+0.894
1666999560,+3.47,+15.682, +2.221,+0.895
1666999620,+3.47,+15.682, +2.211,+0.895
1666999680,+3.47,+15.673, +2.207,+0.895
1666999740,+3.47,+15.673, +2.195,+0.896
1666999800,+3.47,+15.673, +2.181,+0.896
1666999860,+3.47,+15.682, +2.168,+0.897
1666999920,+3.47,+15.691, +2.160,+0.896
1666999980,+3.47,+15.699, +2.155,+0.895
1667000040,+3.47,+15.682, +2.151,+0.894
1667000100,+3.47,+15.656, +2.144,+0.895
1667000160,+3.47,+15.699, +2.136,+0.894
1667000220,+3.47,+15.656, +2.135,+0.894
1667000280,+3.47,+15.682, +2.124,+0.895
1667000340,+3.47,+15.673, +2.121,+0.895
1667000400,+3.47,+15.691, +2.117,+0.894
1667000460,+3.47,+15.691, +2.119,+0.893
1667000520,+3.47,+15.682, +2.123,+0.891
1667000580,+3.47,+15.699, +2.129,+0.890
1667000640,+3.47,+15.682, +2.140,+0.889
1667000700,+3.47,+15.682, +2.151,+0.888
1667000760,+3.47,+15.665, +2.167,+0.887
1667000820,+3.47,+15.682, +2.180,+0.886
1667000880,+3.47,+15.665, +2.196,+0.885
1667000940,+3.47,+15.682, +2.205,+0.885
1667001000,+3.47,+15.682, +2.211,+0.886
1667001060,+3.47,+15.682, +2.216,+0.887
1667001120,+3.47,+15.665, +2.220,+0.887
1667001180,+3.47,+15.665, +2.224,+0.888
1667001240,+3.47,+15.673, +2.224,+0.889
1667001300,+3.47,+15.682, +2.224,+0.889
1667001360,+3.47,+15.665, +2.224,+0.890
1667001420,+3.47,+15.656, +2.225,+0.890
1667001480,+3.47,+15.665, +2.224,+0.890
1667001540,+3.47,+15.673, +2.220,+0.891
1667001600,+3.47,+15.699, +2.216,+0.891
1667001660,+3.47,+15.665, +2.187,+0.893
1667001720,+3.47,+15.648, +2.169,+0.894
1667001780,+3.47,+15.665, +2.156,+0.893
1667001840,+3.47,+15.665, +2.149,+0.893
1667001900,+3.47,+15.673, +2.142,+0.892
1667001960,+3.47,+15.682, +2.132,+0.892
1667002020,+3.47,+15.682, +2.126,+0.892
1667002080,+3.47,+15.665, +2.123,+0.892
1667002140,+3.47,+15.673, +2.119,+0.891
1667002200,+3.47,+15.673, +2.114,+0.890
1667002260,+3.47,+15.665, +2.112,+0.890
1667002320,+3.47,+15.673, +2.109,+0.890
1667002380,+3.47,+15.665, +2.113,+0.888
1667002440,+3.47,+15.656, +2.121,+0.887
1667002500,+3.47,+15.673, +2.126,+0.887
1667002560,+3.47,+15.682, +2.133,+0.886
1667002620,+3.47,+15.682, +2.141,+0.886
1667002680,+3.47,+15.682, +2.147,+0.886
1667002740,+3.47,+15.673, +2.153,+0.886
1667002800,+3.47,+15.699, +2.160,+0.886
1667002860,+3.47,+15.699, +2.166,+0.885
1667002920,+3.47,+15.699, +2.172,+0.885
1667002980,+3.47,+15.725, +2.173,+0.885
1667003040,+3.47,+15.699, +2.178,+0.885
1667003100,+3.47,+15.699, +2.181,+0.886
1667003160,+3.47,+15.708, +2.180,+0.886
1667003220,+3.47,+15.699, +2.181,+0.887
1667003280,+3.47,+15.725, +2.180,+0.887
1667003340,+3.47,+15.708, +2.181,+0.887
1667003400,+3.47,+15.742, +2.177,+0.886
1667003460,+3.47,+15.725, +2.180,+0.886
1667003520,+3.47,+15.742, +2.178,+0.886
1667003580,+3.47,+15.733, +2.177,+0.886
1667003640,+3.47,+15.742, +2.175,+0.886
1667003700,+3.47,+15.750, +2.170,+0.887
1667003760,+3.47,+15.742, +2.167,+0.887
1667003820,+3.47,+15.759, +2.163,+0.887
1667003880,+3.47,+15.742, +2.165,+0.887
1667003940,+3.47,+15.759, +2.163,+0.886
1667004000,+3.47,+15.759, +2.164,+0.886
1667004060,+3.47,+15.759, +2.163,+0.886
1667004120,+3.47,+15.776, +2.159,+0.887
1667004180,+3.47,+15.768, +2.154,+0.888
1667004240,+3.47,+15.768, +2.144,+0.888
1667004300,+3.47,+15.785, +2.135,+0.889
1667004360,+3.47,+15.768, +2.128,+0.889
1667004420,+3.47,+15.768, +2.118,+0.890
1667004480,+3.47,+15.768, +2.107,+0.891
1667004540,+3.47,+15.776, +2.100,+0.891
1667004600,+3.47,+15.776, +2.090,+0.891
1667004660,+3.47,+15.776, +2.081,+0.891
1667004720,+3.47,+15.776, +2.074,+0.891
1667004780,+3.47,+15.802, +2.065,+0.891
1667004840,+3.47,+15.793, +2.059,+0.891
1667004900,+3.47,+15.776, +2.057,+0.891
1667004960,+3.47,+15.793, +2.055,+0.890
1667005020,+3.47,+15.776, +2.056,+0.888
1667005080,+3.47,+15.785, +2.059,+0.887
1667005140,+3.47,+15.776, +2.068,+0.885
1667005200,+3.47,+15.776, +2.080,+0.883
1667005260,+3.47,+15.768, +2.092,+0.882
1667005320,+3.47,+15.759, +2.102,+0.882
1667005380,+3.47,+15.759, +2.116,+0.881
1667005440,+3.47,+15.768, +2.129,+0.881
1667005500,+3.47,+15.776, +2.142,+0.881
1667005560,+3.47,+15.768, +2.152,+0.881
1667005620,+3.47,+15.776, +2.156,+0.882
1667005680,+3.47,+15.768, +2.163,+0.883
1667005740,+3.47,+15.768, +2.168,+0.884
1667005800,+3.47,+15.750, +2.174,+0.884
1667005860,+3.47,+15.776, +2.177,+0.884
1667005920,+3.47,+15.750, +2.180,+0.885
1667005980,+3.47,+15.759, +2.179,+0.885
1667006040,+3.47,+15.750, +2.182,+0.885
1667006100,+3.47,+15.776, +2.184,+0.885
1667006160,+3.47,+15.759, +2.187,+0.886
1667006220,+3.47,+15.768, +2.187,+0.887
1667006280,+3.47,+15.750, +2.183,+0.888
1667006340,+3.47,+15.759, +2.178,+0.889
1667006400,+3.47,+15.768, +2.171,+0.890
1667006460,+3.47,+15.759, +2.169,+0.890
1667006520,+3.47,+15.776, +2.165,+0.889
1667006580,+3.47,+15.750, +2.165,+0.888
1667006640,+3.47,+15.759, +2.160,+0.888
1667006700,+3.47,+15.768, +2.158,+0.888
1667006760,+3.47,+15.742, +2.157,+0.888
1667006820,+3.47,+15.750, +2.157,+0.887
1667006880,+3.47,+15.759, +2.160,+0.887
1667006940,+3.47,+15.759, +2.165,+0.885
1667007000,+3.47,+15.733, +2.177,+0.884
1667007060,+3.47,+15.725, +2.186,+0.884
1667007120,+3.47,+15.733, +2.193,+0.883
1667007180,+3.47,+15.725, +2.202,+0.883
1667007240,+3.47,+15.725, +2.209,+0.882
1667007300,+3.47,+15.725, +2.218,+0.882
1667007360,+3.47,+15.733, +2.228,+0.882
1667007420,+3.47,+15.742, +2.232,+0.882
1667007480,+3.47,+15.733, +2.239,+0.882
1667007540,+3.47,+15.716, +2.245,+0.882
1667007600,+3.47,+15.725, +2.251,+0.883
1667007660,+3.47,+15.725, +2.252,+0.883
1667007720,+3.47,+15.716, +2.260,+0.883
1667007780,+3.47,+15.708, +2.269,+0.883
1667007840,+3.47,+15.725, +2.274,+0.883
1667007900,+3.47,+15.708, +2.281,+0.883
1667007960,+3.47,+15.708, +2.286,+0.883
1667008020,+3.47,+15.725, +2.290,+0.883
1667008080,+3.47,+15.716, +2.292,+0.883
1667008140,+3.47,+15.725, +2.297,+0.883
1667008200,+3.47,+15.716, +2.306,+0.883
1667008260,+3.47,+15.708, +2.313,+0.883
1667008320,+3.47,+15.716, +2.316,+0.883
1667008380,+3.47,+15.699, +2.314,+0.884
1667008440,+3.47,+15.725, +2.311,+0.884
1667008500,+3.47,+15.708, +2.313,+0.885
1667008560,+3.47,+15.725, +2.306,+0.886
1667008620,+3.47,+15.699, +2.302,+0.888
1667008680,+3.47,+15.716, +2.287,+0.889
1667008740,+3.47,+15.708, +2.275,+0.890
1667008800,+3.47,+15.725, +2.265,+0.890
1667008860,+3.47,+15.708, +2.259,+0.891
1667008920,+3.47,+15.708, +2.252,+0.890
1667008980,+3.47,+15.708, +2.250,+0.890
1667009040,+3.47,+15.708, +2.246,+0.889
1667009100,+3.47,+15.699, +2.241,+0.889
1667009160,+3.47,+15.708, +2.232,+0.890
1667009220,+3.47,+15.691, +2.229,+0.889
1667009280,+3.47,+15.691, +2.225,+0.889
1667009340,+3.47,+15.682, +2.226,+0.888
1667009400,+3.47,+15.691, +2.227,+0.887
1667009460,+3.47,+15.691, +2.231,+0.887
1667009520,+3.47,+15.691, +2.236,+0.886
1667009580,+3.47,+15.699, +2.240,+0.885
1667009640,+3.47,+15.682, +2.247,+0.885
1667009700,+3.47,+15.682, +2.253,+0.885
1667009760,+3.47,+15.673, +2.263,+0.884
1667009820,+3.47,+15.699, +2.265,+0.884
1667009880,+3.47,+15.716, +2.267,+0.884
1667009940,+3.47,+15.673, +2.270,+0.885
1667010000,+3.47,+15.665, +2.269,+0.886
1667010060,+3.47,+15.631, +2.269,+0.887
1667010120,+3.47,+15.622, +2.269,+0.888
1667010180,+3.47,+15.622, +2.272,+0.888
1667010240,+3.47,+15.622, +2.272,+0.887
1667010300,+3.47,+15.596, +2.277,+0.887
1667010360,+3.47,+15.613, +2.274,+0.887
1667010420,+3.47,+15.613, +2.271,+0.888
1667010480,+3.47,+15.613, +2.267,+0.888
1667010540,+3.47,+15.639, +2.265,+0.888
1667010600,+3.47,+15.596, +2.260,+0.889
1667010660,+3.47,+15.605, +2.257,+0.890
1667010720,+3.47,+15.579, +2.255,+0.890
1667010780,+3.47,+15.571, +2.242,+0.892
1667010840,+3.47,+15.562, +2.219,+0.896
1667010900,+3.47,+15.545, +2.203,+0.898
1667010960,+3.47,+15.545, +2.191,+0.898
1667011020,+3.47,+15.545, +2.184,+0.897
1667011080,+3.47,+15.519, +2.178,+0.896
1667011140,+3.47,+15.528, +2.170,+0.895
1667011200,+3.47,+15.536, +2.159,+0.895
1667011260,+3.47,+15.536, +2.146,+0.896
1667011320,+3.47,+15.545, +2.129,+0.897
1667011380,+3.47,+15.536, +2.117,+0.897
1667011440,+3.47,+15.528, +2.102,+0.898
1667011500,+3.47,+15.528, +2.089,+0.899
1667011560,+3.47,+15.553, +2.075,+0.899
1667011620,+3.47,+15.553, +2.068,+0.898
1667011680,+3.47,+15.562, +2.063,+0.897
1667011740,+3.47,+15.579, +2.061,+0.896
1667011800,+3.47,+15.579, +2.061,+0.895
1667011860,+3.47,+15.579, +2.058,+0.894
1667011920,+3.47,+15.588, +2.059,+0.893
1667011980,+3.47,+15.596, +2.060,+0.892
1667012040,+3.47,+15.605, +2.063,+0.892
1667012100,+3.47,+15.613, +2.066,+0.891
1667012160,+3.47,+15.588, +2.073,+0.890
1667012220,+3.47,+15.596, +2.078,+0.890
1667012280,+3.47,+15.605, +2.081,+0.890
1667012340,+3.47,+15.579, +2.083,+0.891
1667012400,+3.47,+15.571, +2.085,+0.892
1667012460,+3.47,+15.588, +2.087,+0.892
1667012520,+3.47,+15.579, +2.093,+0.892
1667012580,+3.47,+15.553, +2.096,+0.893
1667012640,+3.47,+15.545, +2.092,+0.893
1667012700,+3.47,+15.553, +2.089,+0.893
1667012760,+3.47,+15.519, +2.089,+0.893
1667012820,+3.47,+15.528, +2.084,+0.893
1667012880,+3.47,+15.519, +2.078,+0.894
1667012940,+3.47,+15.502, +2.066,+0.896
1667013000,+3.47,+15.493, +2.051,+0.897
1667013060,+3.47,+15.511, +2.037,+0.898
1667013120,+3.47,+15.468, +2.027,+0.898
1667013180,+3.47,+15.485, +2.010,+0.899
1667013240,+3.47,+15.468, +1.998,+0.899
1667013300,+3.47,+15.451, +1.985,+0.898
1667013360,+3.47,+15.442, +1.982,+0.897
1667013420,+3.47,+15.425, +1.984,+0.896
1667013480,+3.47,+15.442, +1.980,+0.895
1667013540,+3.47,+15.433, +1.980,+0.895
1667013600,+3.47,+15.425, +1.980,+0.894
1667013660,+3.47,+15.433, +1.982,+0.894
1667013720,+3.47,+15.408, +1.987,+0.893
1667013780,+3.47,+15.399, +1.986,+0.893
1667013840,+3.47,+15.408, +1.982,+0.893
1667013900,+3.47,+15.390, +1.978,+0.893
1667013960,+3.47,+15.373, +1.980,+0.893
1667014020,+3.47,+15.382, +1.976,+0.893
1667014080,+3.47,+15.356, +1.976,+0.893
1667014140,+3.47,+15.348, +1.977,+0.893
1667014200,+3.47,+15.356, +1.975,+0.893
1667014260,+3.47,+15.356, +1.972,+0.893
1667014320,+3.47,+15.365, +1.969,+0.893
1667014380,+3.47,+15.348, +1.969,+0.893
1667014440,+3.47,+15.339, +1.966,+0.894
1667014500,+3.47,+15.339, +1.962,+0.895
1667014560,+3.47,+15.365, +1.961,+0.895
1667014620,+3.47,+15.330, +1.961,+0.895
1667014680,+3.47,+15.330, +1.959,+0.895
1667014740,+3.47,+15.322, +1.956,+0.895
1667014800,+3.47,+15.330, +1.954,+0.895
1667014860,+3.47,+15.322, +1.951,+0.895
1667014920,+3.47,+15.322, +1.944,+0.895
1667014980,+3.47,+15.313, +1.939,+0.896
1667015040,+3.47,+15.313, +1.932,+0.897
1667015100,+3.47,+15.322, +1.924,+0.897
1667015160,+3.47,+15.313, +1.918,+0.897
1667015220,+3.47,+15.313, +1.914,+0.897
1667015280,+3.47,+15.330, +1.910,+0.897
1667015340,+3.47,+15.330, +1.905,+0.897
1667015400,+3.47,+15.305, +1.901,+0.897
1667015460,+3.47,+15.322, +1.902,+0.895
1667015520,+3.47,+15.330, +1.904,+0.895
1667015580,+3.47,+15.305, +1.904,+0.895
1667015640,+3.47,+15.313, +1.903,+0.895
1667015700,+3.47,+15.313, +1.901,+0.895
1667015760,+3.47,+15.305, +1.901,+0.895
1667015820,+3.47,+15.322, +1.898,+0.895
1667015880,+3.47,+15.313, +1.899,+0.895
1667015940,+3.47,+15.322, +1.900,+0.894
1667016000,+3.47,+15.305, +1.905,+0.894
1667016060,+3.47,+15.296, +1.909,+0.893
1667016120,+3.47,+15.313, +1.908,+0.893
1667016180,+3.47,+15.322, +1.906,+0.893
1667016240,+3.47,+15.313, +1.902,+0.894
1667016300,+3.47,+15.313, +1.896,+0.895
1667016360,+3.47,+15.296, +1.892,+0.896
1667016420,+3.47,+15.305, +1.884,+0.897
1667016480,+3.47,+15.287, +1.879,+0.898
1667016540,+3.47,+15.279, +1.869,+0.899
1667016600,+3.47,+15.262, +1.863,+0.900
1667016660,+3.47,+15.279, +1.856,+0.900
1667016720,+3.47,+15.279, +1.853,+0.899
1667016780,+3.47,+15.279, +1.848,+0.899
1667016840,+3.47,+15.279, +1.844,+0.899
1667016900,+3.47,+15.270, +1.842,+0.898
1667016960,+3.47,+15.279, +1.837,+0.898
1667017020,+3.47,+15.262, +1.831,+0.899
1667017080,+3.47,+15.253, +1.827,+0.900
1667017140,+3.47,+15.253, +1.820,+0.901
1667017200,+3.47,+15.270, +1.806,+0.901
1667017260,+3.47,+15.253, +1.798,+0.901
1667017320,+3.47,+15.236, +1.792,+0.901
1667017380,+3.47,+15.244, +1.782,+0.901
1667017440,+3.47,+15.236, +1.776,+0.901
1667017500,+3.47,+15.236, +1.772,+0.900
1667017560,+3.47,+15.227, +1.771,+0.900
1667017620,+3.47,+15.244, +1.768,+0.900
1667017680,+3.47,+15.227, +1.768,+0.899
1667017740,+3.47,+15.236, +1.769,+0.898
1667017800,+3.47,+15.184, +1.778,+0.897
1667017860,+3.47,+15.236, +1.777,+0.896
1667017920,+3.47,+15.227, +1.785,+0.895
1667017980,+3.47,+15.219, +1.789,+0.895
1667018040,+3.47,+15.210, +1.793,+0.895
1667018100,+3.47,+15.201, +1.797,+0.895
1667018160,+3.47,+15.176, +1.802,+0.895
1667018220,+3.47,+15.201, +1.799,+0.896
1667018280,+3.47,+15.201, +1.800,+0.896
1667018340,+3.47,+15.184, +1.798,+0.896
1667018400,+3.47,+15.167, +1.795,+0.897
1667018460,+3.47,+15.193, +1.793,+0.897
1667018520,+3.47,+15.193, +1.792,+0.897
1667018580,+3.47,+15.184, +1.797,+0.897
1667018640,+3.47,+15.210, +1.793,+0.897
1667018700,+3.47,+15.193, +1.792,+0.896
1667018760,+3.47,+15.184, +1.792,+0.897
1667018820,+3.47,+15.167, +1.795,+0.896
1667018880,+3.47,+15.167, +1.794,+0.896
1667018940,+3.47,+15.176, +1.793,+0.897
1667019000,+3.47,+15.150, +1.796,+0.897
1667019060,+3.47,+15.184, +1.791,+0.897
1667019120,+3.47,+15.159, +1.792,+0.897
1667019180,+3.47,+15.133, +1.794,+0.896
1667019240,+3.47,+15.150, +1.794,+0.896
1667019300,+3.47,+15.141, +1.794,+0.896
1667019360,+3.47,+15.141, +1.792,+0.896
1667019420,+3.47,+15.150, +1.791,+0.895
1667019480,+3.47,+15.141, +1.793,+0.895
1667019540,+3.47,+15.141, +1.802,+0.893
1667019600,+3.47,+15.141, +1.814,+0.892
1667019660,+3.47,+15.150, +1.819,+0.892
1667019720,+3.47,+15.133, +1.823,+0.892
1667019780,+3.47,+15.115, +1.825,+0.893
1667019840,+3.47,+15.115, +1.825,+0.895
1667019900,+3.47,+15.098, +1.820,+0.896
1667019960,+3.47,+15.124, +1.811,+0.897
1667020020,+3.47,+15.115, +1.811,+0.897
1667020080,+3.47,+15.098, +1.814,+0.896
1667020140,+3.47,+15.115, +1.817,+0.896
1667020200,+3.47,+15.098, +1.818,+0.896
1667020260,+3.47,+15.090, +1.820,+0.896
1667020320,+3.47,+15.090, +1.816,+0.897
1667020380,+3.47,+15.090, +1.812,+0.897
1667020440,+3.47,+15.072, +1.809,+0.898
1667020500,+3.47,+15.090, +1.804,+0.898
1667020560,+3.47,+15.081, +1.801,+0.898
1667020620,+3.47,+15.072, +1.806,+0.897
1667020680,+3.47,+15.081, +1.809,+0.895
1667020740,+3.47,+15.081, +1.810,+0.895
1667020800,+3.47,+15.081, +1.813,+0.894
1667020860,+3.47,+15.072, +1.815,+0.894
1667020920,+3.47,+15.047, +1.814,+0.895
1667020980,+3.47,+15.055, +1.809,+0.895
1667021040,+3.47,+15.081, +1.808,+0.895
1667021100,+3.47,+15.055, +1.810,+0.896
1667021160,+3.47,+15.064, +1.808,+0.896
1667021220,+3.47,+15.072, +1.797,+0.898
1667021280,+3.47,+15.047, +1.794,+0.899
1667021340,+3.47,+15.055, +1.789,+0.898
1667021400,+3.47,+15.055, +1.793,+0.897
1667021460,+3.47,+15.064, +1.792,+0.897
1667021520,+3.47,+15.047, +1.788,+0.898
1667021580,+3.47,+15.038, +1.775,+0.900
1667021640,+3.47,+15.055, +1.765,+0.901
1667021700,+3.47,+15.055, +1.759,+0.901
1667021760,+3.47,+15.055, +1.758,+0.900
1667021820,+3.47,+15.055, +1.758,+0.900
1667021880,+3.47,+15.055, +1.756,+0.899
1667021940,+3.47,+15.072, +1.752,+0.899
1667022000,+3.47,+15.064, +1.747,+0.900
1667022060,+3.47,+15.047, +1.741,+0.901
1667022120,+3.47,+15.038, +1.737,+0.901
1667022180,+3.47,+15.081, +1.729,+0.901
1667022240,+3.47,+15.055, +1.727,+0.901
1667022300,+3.47,+15.072, +1.714,+0.903
1667022360,+3.47,+15.064, +1.700,+0.904
1667022420,+3.47,+15.072, +1.681,+0.906
1667022480,+3.47,+15.047, +1.663,+0.908
1667022540,+3.47,+15.047, +1.648,+0.909
1667022600,+3.47,+15.055, +1.631,+0.909
1667022660,+3.47,+15.038, +1.617,+0.909
1667022720,+3.47,+15.055, +1.608,+0.908
1667022780,+3.47,+15.047, +1.601,+0.908
1667022840,+3.47,+15.064, +1.590,+0.908
1667022900,+3.47,+15.047, +1.581,+0.908
1667022960,+3.47,+15.029, +1.574,+0.908
1667023020,+3.47,+15.038, +1.567,+0.908
1667023080,+3.47,+15.029, +1.554,+0.909
1667023140,+3.47,+15.021, +1.547,+0.909
1667023200,+3.47,+15.038, +1.539,+0.908
1667023260,+3.47,+15.038, +1.550,+0.908
1667023320,+3.47,+15.038, +1.550,+0.908
1667023380,+3.47,+15.055, +1.548,+0.908
1667023440,+3.47,+15.047, +1.551,+0.907
1667023500,+3.47,+15.055, +1.555,+0.907
1667023560,+3.47,+15.038, +1.560,+0.906
1667023620,+3.47,+15.047, +1.573,+0.904
1667023680,+3.47,+15.029, +1.591,+0.902
1667023740,+3.47,+15.038, +1.606,+0.901
1667023800,+3.47,+15.064, +1.617,+0.900
1667023860,+3.47,+15.055, +1.621,+0.902
1667023920,+3.47,+15.047, +1.621,+0.904
1667023980,+3.47,+15.055, +1.618,+0.905
1667024040,+3.47,+15.072, +1.608,+0.907
1667024100,+3.47,+15.055, +1.592,+0.910
1667024160,+3.47,+15.055, +1.575,+0.912
1667024220,+3.47,+15.047, +1.565,+0.913
1667024280,+3.47,+15.047, +1.569,+0.911
1667024340,+3.47,+15.047, +1.578,+0.908
1667024400,+3.47,+15.064, +1.589,+0.906
1667024460,+3.47,+15.072, +1.595,+0.905
1667024520,+3.47,+15.081, +1.590,+0.906
1667024580,+3.47,+15.072, +1.583,+0.908
1667024640,+3.47,+15.055, +1.572,+0.910
1667024700,+3.47,+15.072, +1.558,+0.911
1667024760,+3.47,+15.072, +1.544,+0.913
1667024820,+3.47,+15.081, +1.530,+0.914
1667024880,+3.47,+15.038, +1.514,+0.915
1667024940,+3.47,+15.081, +1.497,+0.915
1667025000,+3.47,+15.072, +1.499,+0.913
1667025060,+3.47,+15.072, +1.511,+0.909
1667025120,+3.47,+15.072, +1.521,+0.907
1667025180,+3.47,+15.064, +1.523,+0.907
1667025240,+3.47,+15.072, +1.526,+0.906
1667025300,+3.47,+15.072, +1.527,+0.907
1667025360,+3.47,+15.081, +1.525,+0.907
1667025420,+3.47,+15.098, +1.521,+0.908
1667025480,+3.47,+15.090, +1.517,+0.908
1667025540,+3.47,+15.081, +1.517,+0.909
1667025600,+3.47,+15.072, +1.519,+0.909
1667025660,+3.47,+15.081, +1.522,+0.909
1667025720,+3.47,+15.090, +1.521,+0.909
1667025780,+3.47,+15.090, +1.525,+0.909
1667025840,+3.47,+15.090, +1.538,+0.907
1667025900,+3.47,+15.107, +1.557,+0.904
1667025960,+3.47,+15.124, +1.574,+0.901
1667026020,+3.47,+15.124, +1.589,+0.900
1667026080,+3.47,+15.159, +1.600,+0.900
1667026140,+3.47,+15.150, +1.606,+0.900
1667026200,+3.47,+15.159, +1.611,+0.901
1667026260,+3.47,+15.176, +1.623,+0.900
1667026320,+3.47,+15.167, +1.639,+0.898
1667026380,+3.47,+15.176, +1.653,+0.897
1667026440,+3.47,+15.176, +1.670,+0.896
1667026500,+3.47,+15.219, +1.682,+0.896
1667026560,+3.47,+15.227, +1.699,+0.895
1667026620,+3.47,+15.236, +1.712,+0.895
1667026680,+3.47,+15.244, +1.719,+0.896
1667026740,+3.47,+15.227, +1.728,+0.897
1667026800,+3.47,+15.236, +1.738,+0.897
1667026860,+3.47,+15.236, +1.746,+0.897
1667026920,+3.47,+15.236, +1.752,+0.898
1667026980,+3.47,+15.244, +1.751,+0.899
1667027040,+3.47,+15.262, +1.756,+0.899
1667027100,+3.47,+15.262, +1.758,+0.900
1667027160,+3.47,+15.244, +1.761,+0.900
1667027220,+3.47,+15.262, +1.762,+0.900
1667027280,+3.47,+15.236, +1.762,+0.900
1667027340,+3.47,+15.262, +1.761,+0.901
1667027400,+3.47,+15.244, +1.760,+0.902
1667027460,+3.47,+15.244, +1.756,+0.902
1667027520,+3.47,+15.236, +1.755,+0.902
1667027580,+3.47,+15.244, +1.756,+0.902
1667027640,+3.47,+15.244, +1.764,+0.901
1667027700,+3.47,+15.279, +1.770,+0.899
1667027760,+3.47,+15.262, +1.781,+0.898
1667027820,+3.47,+15.296, +1.786,+0.897
1667027880,+3.47,+15.296, +1.792,+0.896
1667027940,+3.47,+15.279, +1.795,+0.897
1667028000,+3.47,+15.296, +1.799,+0.897
1667028060,+3.47,+15.322, +1.802,+0.897
1667028120,+3.47,+15.330, +1.806,+0.897
1667028180,+3.47,+15.313, +1.816,+0.896
1667028240,+3.47,+15.322, +1.822,+0.896
1667028300,+3.47,+15.322, +1.831,+0.896
1667028360,+3.47,+15.330, +1.836,+0.895
1667028420,+3.47,+15.322, +1.844,+0.895
1667028480,+3.47,+15.348, +1.845,+0.895
1667028540,+3.47,+15.330, +1.852,+0.895
1667028600,+3.47,+15.356, +1.857,+0.895
1667028660,+3.47,+15.382, +1.862,+0.895
1667028720,+3.47,+15.365, +1.868,+0.895
1667028780,+3.47,+15.373, +1.872,+0.895
1667028840,+3.47,+15.356, +1.880,+0.894
1667028900,+3.47,+15.373, +1.886,+0.894
1667028960,+3.47,+15.365, +1.890,+0.895
1667029020,+3.47,+15.373, +1.890,+0.895
1667029080,+3.47,+15.382, +1.891,+0.895
1667029140,+3.47,+15.382, +1.899,+0.895
1667029200,+3.47,+15.382, +1.920,+0.894
1667029260,+3.47,+15.399, +1.941,+0.893
1667029320,+3.47,+15.390, +1.962,+0.893
1667029380,+3.47,+15.399, +1.981,+0.892
1667029440,+3.47,+15.416, +2.004,+0.893
1667029500,+3.47,+15.416, +2.014,+0.894
1667029560,+3.47,+15.408, +2.026,+0.894
1667029620,+3.47,+15.425, +2.032,+0.894
1667029680,+3.47,+15.442, +2.043,+0.894
1667029740,+3.47,+15.425, +2.057,+0.893
1667029800,+3.47,+15.425, +2.072,+0.891
1667029860,+3.47,+15.468, +2.084,+0.890
1667029920,+3.47,+15.451, +2.099,+0.890
1667029980,+3.47,+15.451, +2.111,+0.890
1667030040,+3.47,+15.468, +2.123,+0.890
1667030100,+3.47,+15.459, +2.132,+0.890
1667030160,+3.47,+15.468, +2.140,+0.890
1667030220,+3.47,+15.476, +2.144,+0.890
1667030280,+3.47,+15.511, +2.142,+0.891
1667030340,+3.47,+15.485, +2.146,+0.891
1667030400,+3.47,+15.485, +2.151,+0.891
1667030460,+3.47,+15.511, +2.153,+0.891
1667030520,+3.47,+15.545, +2.152,+0.891
1667030580,+3.47,+15.536, +2.155,+0.891
1667030640,+3.47,+15.553, +2.152,+0.891
1667030700,+3.47,+15.562, +2.146,+0.892
1667030760,+3.47,+15.579, +2.139,+0.893
1667030820,+3.47,+15.588, +2.130,+0.894
1667030880,+3.47,+15.605, +2.123,+0.895
1667030940,+3.47,+15.596, +2.121,+0.895
1667031000,+3.47,+15.613, +2.117,+0.894
1667031060,+3.47,+15.622, +2.113,+0.894
1667031120,+3.47,+15.605, +2.110,+0.894
1667031180,+3.47,+15.596, +2.107,+0.895
1667031240,+3.47,+15.622, +2.096,+0.896
1667031300,+3.47,+15.631, +2.089,+0.896
1667031360,+3.47,+15.622, +2.083,+0.896
1667031420,+3.47,+15.613, +2.079,+0.896
1667031480,+3.47,+15.622, +2.075,+0.896
1667031540,+3.47,+15.639, +2.075,+0.895
1667031600,+3.47,+15.631, +2.076,+0.895
1667031660,+3.47,+15.631, +2.073,+0.895
1667031720,+3.47,+15.656, +2.067,+0.895
1667031780,+3.47,+15.639, +2.062,+0.896
1667031840,+3.47,+15.639, +2.056,+0.897
1667031900,+3.47,+15.648, +2.046,+0.898
1667031960,+3.47,+15.639, +2.040,+0.898
1667032020,+3.47,+15.631, +2.033,+0.899
1667032080,+3.47,+15.639, +2.026,+0.899
1667032140,+3.47,+15.656, +2.014,+0.900
1667032200,+3.47,+15.648, +2.003,+0.900
1667032260,+3.47,+15.656, +1.996,+0.901
1667032320,+3.47,+15.639, +1.996,+0.900
1667032380,+3.47,+15.656, +1.989,+0.900
1667032440,+3.47,+15.656, +1.990,+0.900
1667032500,+3.47,+15.639, +1.989,+0.900
1667032560,+3.47,+15.639, +1.988,+0.900
1667032620,+3.47,+15.639, +1.987,+0.900
1667032680,+3.47,+15.648, +1.985,+0.899
1667032740,+3.47,+15.656, +1.996,+0.898
1667032800,+3.47,+15.656, +2.011,+0.897
1667032860,+3.47,+15.648, +2.027,+0.895
1667032920,+3.47,+15.639, +2.039,+0.894
1667032980,+3.47,+15.656, +2.042,+0.895
1667033040,+3.47,+15.665, +2.040,+0.895
1667033100,+3.47,+15.648, +2.044,+0.896
1667033160,+3.47,+15.648, +2.044,+0.897
1667033220,+3.47,+15.631, +2.043,+0.898
1667033280,+3.47,+15.665, +2.036,+0.898
1667033340,+3.47,+15.665, +2.039,+0.897
1667033400,+3.47,+15.639, +2.049,+0.896
1667033460,+3.47,+15.631, +2.055,+0.896
1667033520,+3.47,+15.631, +2.064,+0.895
1667033580,+3.47,+15.656, +2.063,+0.895
1667033640,+3.47,+15.631, +2.067,+0.896
1667033700,+3.47,+15.648, +2.065,+0.897
1667033760,+3.47,+15.648, +2.060,+0.898
1667033820,+3.47,+15.648, +2.055,+0.899
1667033880,+3.47,+15.648, +2.046,+0.899
1667033940,+3.47,+15.639, +2.041,+0.900
1667034000,+3.47,+15.639, +2.039,+0.900
1667034060,+3.47,+15.639, +2.008,+0.901
1667034120,+3.47,+15.631, +1.988,+0.902
1667034180,+3.47,+15.639, +1.970,+0.902
1667034240,+3.47,+15.631, +1.950,+0.903
1667034300,+3.47,+15.656, +1.932,+0.903
1667034360,+3.47,+15.648, +1.911,+0.904
1667034420,+3.47,+15.631, +1.888,+0.905
1667034480,+3.47,+15.631, +1.866,+0.905
1667034540,+3.47,+15.622, +1.850,+0.905
1667034600,+3.47,+15.605, +1.837,+0.904
1667034660,+3.47,+15.605, +1.821,+0.904
1667034720,+3.47,+15.605, +1.805,+0.903
1667034780,+3.47,+15.605, +1.792,+0.903
1667034840,+3.47,+15.596, +1.777,+0.903
1667034900,+3.47,+15.579, +1.767,+0.903
1667034960,+3.47,+15.588, +1.758,+0.903
1667035020,+3.47,+15.588, +1.749,+0.902
1667035080,+3.47,+15.588, +1.742,+0.902
1667035140,+3.47,+15.571, +1.741,+0.902
1667035200,+3.47,+15.562, +1.742,+0.901
1667035260,+3.47,+15.545, +1.743,+0.900
1667035320,+3.47,+15.562, +1.743,+0.899
1667035380,+3.47,+15.553, +1.749,+0.898
1667035440,+3.47,+15.562, +1.755,+0.897
1667035500,+3.47,+15.562, +1.760,+0.897
1667035560,+3.47,+15.562, +1.759,+0.897
1667035620,+3.47,+15.536, +1.763,+0.897
1667035680,+3.47,+15.528, +1.763,+0.897
1667035740,+3.47,+15.545, +1.765,+0.897
1667035800,+3.47,+15.553, +1.768,+0.898
1667035860,+3.47,+15.536, +1.767,+0.898
1667035920,+3.47,+15.528, +1.767,+0.898
1667035980,+3.47,+15.502, +1.768,+0.898
1667036040,+3.47,+15.528, +1.767,+0.897
1667036100,+3.47,+15.528, +1.771,+0.897
1667036160,+3.47,+15.502, +1.774,+0.897
1667036220,+3.47,+15.519, +1.774,+0.896
1667036280,+3.47,+15.493, +1.775,+0.896
1667036340,+3.47,+15.502, +1.772,+0.897
1667036400,+3.47,+15.485, +1.769,+0.898
1667036460,+3.47,+15.476, +1.763,+0.898
1667036520,+3.47,+15.485, +1.757,+0.899
1667036580,+3.47,+15.476, +1.754,+0.899
1667036640,+3.47,+15.476, +1.748,+0.899
1667036700,+3.47,+15.476, +1.743,+0.899
1667036760,+3.47,+15.451, +1.741,+0.900
1667036820,+3.47,+15.468, +1.734,+0.900
1667036880,+3.47,+15.485, +1.730,+0.899
1667036940,+3.47,+15.476, +1.726,+0.900
1667037000,+3.47,+15.476, +1.719,+0.900
1667037060,+3.47,+15.476, +1.715,+0.900
1667037120,+3.47,+15.476, +1.710,+0.900
1667037180,+3.47,+15.459, +1.707,+0.900
1667037240,+3.47,+15.459, +1.700,+0.901
1667037300,+3.47,+15.451, +1.695,+0.901
1667037360,+3.47,+15.451, +1.690,+0.901
1667037420,+3.47,+15.459, +1.690,+0.900
1667037480,+3.47,+15.451, +1.689,+0.900
1667037540,+3.47,+15.442, +1.690,+0.899
1667037600,+3.47,+15.442, +1.689,+0.899
1667037660,+3.47,+15.425, +1.693,+0.898
1667037720,+3.47,+15.408, +1.698,+0.897
1667037780,+3.47,+15.408, +1.705,+0.897
1667037840,+3.47,+15.399, +1.708,+0.897
1667037900,+3.47,+15.408, +1.709,+0.897
1667037960,+3.47,+15.416, +1.709,+0.897
1667038020,+3.47,+15.399, +1.710,+0.898
1667038080,+3.47,+15.390, +1.710,+0.898
1667038140,+3.47,+15.399, +1.709,+0.898
1667038200,+3.47,+15.399, +1.708,+0.898
1667038260,+3.47,+15.382, +1.709,+0.898
1667038320,+3.47,+15.365, +1.707,+0.899
1667038380,+3.47,+15.382, +1.703,+0.899
1667038440,+3.47,+15.365, +1.707,+0.898
1667038500,+3.47,+15.365, +1.709,+0.898
1667038560,+3.47,+15.373, +1.712,+0.897
1667038620,+3.47,+15.365, +1.717,+0.897
1667038680,+3.47,+15.373, +1.720,+0.896
1667038740,+3.47,+15.356, +1.726,+0.896
1667038800,+3.47,+15.373, +1.722,+0.897
1667038860,+3.47,+15.382, +1.724,+0.898
1667038920,+3.47,+15.365, +1.727,+0.898
1667038980,+3.47,+15.365, +1.725,+0.899
1667039040,+3.47,+15.382, +1.723,+0.900
1667039100,+3.47,+15.356, +1.721,+0.901
1667039160,+3.47,+15.390, +1.714,+0.902
1667039220,+3.47,+15.382, +1.711,+0.902
1667039280,+3.47,+15.390, +1.708,+0.902
1667039340,+3.47,+15.373, +1.707,+0.901
1667039400,+3.47,+15.399, +1.704,+0.901
1667039460,+3.47,+15.382, +1.698,+0.902
1667039520,+3.47,+15.382, +1.690,+0.903
1667039580,+3.47,+15.390, +1.677,+0.904
1667039640,+3.47,+15.390, +1.666,+0.905
1667039700,+3.47,+15.408, +1.652,+0.906
1667039760,+3.47,+15.416, +1.641,+0.906
1667039820,+3.47,+15.408, +1.637,+0.906
1667039880,+3.47,+15.433, +1.632,+0.906
1667039940,+3.47,+15.416, +1.628,+0.906
1667040000,+3.47,+15.408, +1.623,+0.906
1667040060,+3.47,+15.433, +1.615,+0.906
1667040120,+3.47,+15.399, +1.614,+0.906
1667040180,+3.47,+15.416, +1.608,+0.906
1667040240,+3.47,+15.433, +1.605,+0.905
1667040300,+3.47,+15.408, +1.610,+0.904
1667040360,+3.47,+15.425, +1.612,+0.903
1667040420,+3.47,+15.433, +1.617,+0.902
1667040480,+3.47,+15.442, +1.622,+0.901
1667040540,+3.47,+15.416, +1.628,+0.901
1667040600,+3.47,+15.425, +1.631,+0.901
1667040660,+3.47,+15.433, +1.632,+0.901
1667040720,+3.47,+15.416, +1.633,+0.901
1667040780,+3.47,+15.416, +1.632,+0.901
1667040840,+3.47,+15.408, +1.632,+0.901
1667040900,+3.47,+15.399, +1.632,+0.901
1667040960,+3.47,+15.390, +1.632,+0.902
1667041020,+3.47,+15.390, +1.630,+0.902
1667041080,+3.47,+15.365, +1.626,+0.903
1667041140,+3.47,+15.365, +1.619,+0.905
1667041200,+3.47,+15.356, +1.602,+0.906
1667041260,+3.47,+15.348, +1.593,+0.907
1667041320,+3.47,+15.348, +1.587,+0.907
1667041380,+3.47,+15.305, +1.585,+0.907
1667041440,+3.47,+15.313, +1.583,+0.906
1667041500,+3.47,+15.322, +1.582,+0.906
1667041560,+3.47,+15.305, +1.583,+0.906
1667041620,+3.47,+15.322, +1.583,+0.905
1667041680,+3.47,+15.339, +1.587,+0.904
1667041740,+3.47,+15.339, +1.594,+0.903
1667041800,+3.47,+15.373, +1.598,+0.902
1667041860,+3.47,+15.373, +1.601,+0.902
1667041920,+3.47,+15.399, +1.600,+0.902
1667041980,+3.47,+15.416, +1.602,+0.901
1667042040,+3.47,+15.408, +1.606,+0.901
1667042100,+3.47,+15.399, +1.615,+0.901
1667042160,+3.47,+15.399, +1.620,+0.900
1667042220,+3.47,+15.433, +1.624,+0.900
1667042280,+3.47,+15.425, +1.626,+0.901
1667042340,+3.47,+15.408, +1.630,+0.901
1667042400,+3.47,+15.442, +1.630,+0.901
1667042460,+3.47,+15.425, +1.632,+0.901
1667042520,+3.47,+15.425, +1.630,+0.901
1667042580,+3.47,+15.425, +1.626,+0.902
1667042640,+3.47,+15.416, +1.615,+0.903
1667042700,+3.47,+15.416, +1.601,+0.905
1667042760,+3.47,+15.433, +1.583,+0.907
1667042820,+3.47,+15.442, +1.570,+0.908
1667042880,+3.47,+15.416, +1.560,+0.908
1667042940,+3.47,+15.408, +1.545,+0.909
1667043000,+3.47,+15.408, +1.525,+0.911
1667043060,+3.47,+15.399, +1.503,+0.912
1667043120,+3.47,+15.399, +1.480,+0.913
1667043180,+3.47,+15.399, +1.458,+0.915
1667043240,+3.47,+15.356, +1.437,+0.916
1667043300,+3.47,+15.382, +1.412,+0.916
1667043360,+3.47,+15.348, +1.388,+0.917
1667043420,+3.47,+15.339, +1.362,+0.918
1667043480,+3.47,+15.322, +1.344,+0.917
1667043540,+3.47,+15.330, +1.328,+0.916
1667043600,+3.47,+15.330, +1.310,+0.916
1667043660,+3.47,+15.322, +1.291,+0.917
1667043720,+3.47,+15.322, +1.272,+0.917
1667043780,+3.47,+15.305, +1.259,+0.917
1667043840,+3.47,+15.296, +1.246,+0.917
1667043900,+3.47,+15.296, +1.231,+0.917
1667043960,+3.47,+15.305, +1.215,+0.918
1667044020,+3.47,+15.287, +1.204,+0.917
1667044080,+3.47,+15.279, +1.194,+0.917
1667044140,+3.47,+15.279, +1.181,+0.917
1667044200,+3.47,+15.287, +1.167,+0.918
1667044260,+3.47,+15.279, +1.154,+0.918
1667044320,+3.47,+15.253, +1.143,+0.918
1667044380,+3.47,+15.244, +1.133,+0.918
1667044440,+3.47,+15.244, +1.123,+0.918
1667044500,+3.47,+15.244, +1.118,+0.918
1667044560,+3.47,+15.236, +1.116,+0.917
1667044620,+3.47,+15.244, +1.112,+0.916
1667044680,+3.47,+15.244, +1.111,+0.916
1667044740,+3.47,+15.253, +1.109,+0.915
1667044800,+3.47,+15.236, +1.110,+0.915
1667044860,+3.47,+15.219, +1.132,+0.913
1667044920,+3.47,+15.227, +1.151,+0.911
1667044980,+3.47,+15.210, +1.202,+0.903
1667045040,+3.47,+15.201, +1.256,+0.897
1667045100,+3.47,+15.219, +1.303,+0.894
1667045160,+3.47,+15.184, +1.358,+0.891
1667045220,+3.47,+15.184, +1.404,+0.889
1667045280,+3.47,+15.159, +1.454,+0.886
1667045340,+3.47,+15.167, +1.502,+0.885
1667045400,+3.47,+15.159, +1.553,+0.884
1667045460,+3.47,+15.167, +1.603,+0.882
1667045520,+3.47,+15.159, +1.653,+0.881
1667045580,+3.47,+15.150, +1.697,+0.880
1667045640,+3.47,+15.133, +1.742,+0.880
1667045700,+3.47,+15.150, +1.783,+0.879
1667045760,+3.47,+15.141, +1.826,+0.880
1667045820,+3.47,+15.150, +1.859,+0.880
1667045880,+3.47,+15.150, +1.892,+0.880
1667045940,+3.47,+15.159, +1.920,+0.880
1667046000,+3.47,+15.150, +1.945,+0.881
1667046060,+3.47,+15.141, +1.967,+0.882
1667046120,+3.47,+15.150, +1.988,+0.883
1667046180,+3.47,+15.115, +2.011,+0.883
1667046240,+3.47,+15.115, +2.030,+0.883
1667046300,+3.47,+15.115, +2.051,+0.882
1667046360,+3.47,+15.124, +2.072,+0.882
1667046420,+3.47,+15.124, +2.095,+0.881
1667046480,+3.47,+15.098, +2.120,+0.880
1667046540,+3.47,+15.115, +2.140,+0.879
1667046600,+3.47,+15.124, +2.162,+0.880
1667046660,+3.47,+15.124, +2.181,+0.880
1667046720,+3.47,+15.090, +2.200,+0.881
1667046780,+3.47,+15.107, +2.211,+0.881
1667046840,+3.47,+15.090, +2.225,+0.882
1667046900,+3.47,+15.107, +2.236,+0.881
1667046960,+3.47,+15.090, +2.250,+0.881
1667047020,+3.47,+15.055, +2.267,+0.880
1667047080,+3.47,+15.081, +2.281,+0.879
1667047140,+3.47,+15.081, +2.294,+0.879
1667047200,+3.47,+15.081, +2.310,+0.879
1667047260,+3.47,+15.072, +2.323,+0.879
1667047320,+3.47,+15.064, +2.336,+0.879
1667047380,+3.47,+15.064, +2.347,+0.879
1667047440,+3.47,+15.081, +2.357,+0.879
1667047500,+3.47,+15.047, +2.376,+0.879
1667047560,+3.47,+15.047, +2.400,+0.877
1667047620,+3.47,+15.004, +2.428,+0.876
1667047680,+3.47,+15.021, +2.449,+0.875
1667047740,+3.47,+15.004, +2.476,+0.874
1667047800,+3.47,+15.004, +2.501,+0.873
1667047860,+3.47,+15.012, +2.522,+0.873
1667047920,+3.47,+14.995, +2.553,+0.872
1667047980,+3.47,+14.986, +2.594,+0.870
1667048040,+3.47,+15.004, +2.623,+0.871
1667048100,+3.47,+14.978, +2.656,+0.871
1667048160,+3.47,+14.995, +2.681,+0.872
1667048220,+3.47,+15.004, +2.701,+0.873
1667048280,+3.47,+15.012, +2.717,+0.874
1667048340,+3.47,+15.021, +2.733,+0.875
1667048400,+3.47,+15.012, +2.750,+0.875
1667048460,+3.47,+15.021, +2.759,+0.876
1667048520,+3.47,+15.012, +2.770,+0.876
1667048580,+3.47,+15.004, +2.782,+0.877
1667048640,+3.47,+15.029, +2.784,+0.877
1667048700,+3.47,+14.978, +2.796,+0.877
1667048760,+3.47,+14.986, +2.803,+0.876
1667048820,+3.47,+14.995, +2.810,+0.876
1667048880,+3.47,+15.004, +2.811,+0.877
1667048940,+3.47,+14.995, +2.817,+0.877
1667049000,+3.47,+15.012, +2.818,+0.877
1667049060,+3.47,+14.986, +2.827,+0.878
1667049120,+3.47,+14.995, +2.829,+0.878
1667049180,+3.47,+15.004, +2.830,+0.878
1667049240,+3.47,+14.969, +2.839,+0.878
1667049300,+3.47,+14.986, +2.838,+0.878
1667049360,+3.47,+14.969, +2.843,+0.878
1667049420,+3.47,+14.986, +2.841,+0.879
1667049480,+3.47,+14.969, +2.845,+0.879
1667049540,+3.47,+14.986, +2.843,+0.879
1667049600,+3.47,+14.995, +2.843,+0.879
1667049660,+3.47,+14.978, +2.846,+0.880
1667049720,+3.47,+14.969, +2.845,+0.880
1667049780,+3.47,+14.969, +2.842,+0.879
1667049840,+3.47,+14.952, +2.845,+0.880
1667049900,+3.47,+14.961, +2.844,+0.880
1667049960,+3.47,+14.935, +2.848,+0.880
1667050020,+3.47,+14.935, +2.841,+0.880
1667050080,+3.47,+14.917, +2.843,+0.880
1667050140,+3.47,+14.909, +2.841,+0.880
1667050200,+3.47,+14.900, +2.841,+0.880
1667050260,+3.47,+14.900, +2.839,+0.880
1667050320,+3.47,+14.935, +2.831,+0.880
1667050380,+3.47,+14.900, +2.832,+0.881
1667050440,+3.47,+14.909, +2.832,+0.881
1667050500,+3.47,+14.909, +2.829,+0.881
1667050560,+3.47,+14.900, +2.831,+0.881
1667050620,+3.47,+14.909, +2.830,+0.880
1667050680,+3.47,+14.892, +2.835,+0.881
1667050740,+3.47,+14.892, +2.832,+0.881
1667050800,+3.47,+14.874, +2.835,+0.881
1667050860,+3.47,+14.909, +2.832,+0.881
1667050920,+3.47,+14.866, +2.836,+0.880
1667050980,+3.47,+14.883, +2.836,+0.880
1667051040,+3.47,+14.900, +2.836,+0.880
1667051100,+3.47,+14.883, +2.839,+0.880
1667051160,+3.47,+14.883, +2.843,+0.880
1667051220,+3.47,+14.892, +2.843,+0.879
1667051280,+3.47,+14.926, +2.844,+0.879
1667051340,+3.47,+14.883, +2.852,+0.879
1667051400,+3.47,+14.900, +2.852,+0.879
1667051460,+3.47,+14.909, +2.857,+0.879
1667051520,+3.47,+14.900, +2.859,+0.879
1667051580,+3.47,+14.900, +2.860,+0.879
1667051640,+3.47,+14.900, +2.862,+0.879
1667051700,+3.47,+14.917, +2.865,+0.879
1667051760,+3.47,+14.926, +2.866,+0.879
1667051820,+3.47,+14.917, +2.870,+0.879
1667051880,+3.47,+14.917, +2.874,+0.879
1667051940,+3.47,+14.935, +2.876,+0.879
1667052000,+3.47,+14.917, +2.886,+0.879
1667052060,+3.47,+14.926, +2.887,+0.878
1667052120,+3.47,+14.926, +2.891,+0.878
1667052180,+3.47,+14.935, +2.890,+0.878
1667052240,+3.47,+14.917, +2.895,+0.879
1667052300,+3.47,+14.943, +2.896,+0.878
1667052360,+3.47,+14.935, +2.898,+0.878
1667052420,+3.47,+14.935, +2.898,+0.878
1667052480,+3.47,+14.935, +2.901,+0.879
1667052540,+3.47,+14.926, +2.903,+0.879
1667052600,+3.47,+14.909, +2.910,+0.878
1667052660,+3.47,+14.917, +2.915,+0.878
1667052720,+3.47,+14.917, +2.916,+0.877
1667052780,+3.47,+14.943, +2.924,+0.877
1667052840,+3.47,+14.900, +2.950,+0.875
1667052900,+3.47,+14.917, +2.968,+0.874
1667052960,+3.47,+14.926, +2.984,+0.874
1667053020,+3.47,+14.943, +2.992,+0.875
1667053080,+3.47,+14.935, +3.006,+0.875
1667053140,+3.47,+14.900, +3.017,+0.876
1667053200,+3.47,+14.909, +3.025,+0.876
1667053260,+3.47,+14.892, +3.038,+0.876
1667053320,+3.47,+14.909, +3.046,+0.877
1667053380,+3.47,+14.909, +3.049,+0.877
1667053440,+3.47,+14.917, +3.055,+0.878
1667053500,+3.47,+14.935, +3.055,+0.878
1667053560,+3.47,+14.909, +3.059,+0.879
1667053620,+3.47,+14.917, +3.060,+0.879
1667053680,+3.47,+14.900, +3.063,+0.879
1667053740,+3.47,+14.917, +3.063,+0.879
1667053800,+3.47,+14.900, +3.067,+0.880
1667053860,+3.47,+14.917, +3.067,+0.880
1667053920,+3.47,+14.909, +3.067,+0.880
1667053980,+3.47,+14.917, +3.065,+0.880
1667054040,+3.47,+14.909, +3.063,+0.881
1667054100,+3.47,+14.909, +3.058,+0.880
1667054160,+3.47,+14.909, +3.060,+0.880
1667054220,+3.47,+14.909, +3.056,+0.880
1667054280,+3.47,+14.909, +3.058,+0.880
1667054340,+3.47,+14.926, +3.050,+0.881
1667054400,+3.47,+14.909, +3.045,+0.881
1667054460,+3.47,+14.909, +3.046,+0.881
1667054520,+3.47,+14.909, +3.047,+0.881
1667054580,+3.47,+14.909, +3.043,+0.881
1667054640,+3.47,+14.926, +3.041,+0.881
1667054700,+3.47,+14.909, +3.043,+0.881
1667054760,+3.47,+14.917, +3.037,+0.880
1667054820,+3.47,+14.917, +3.039,+0.881
1667054880,+3.47,+14.909, +3.034,+0.881
1667054940,+3.47,+14.909, +3.033,+0.881
1667055000,+3.47,+14.909, +3.030,+0.881
1667055060,+3.47,+14.917, +3.028,+0.881
1667055120,+3.47,+14.909, +3.027,+0.881
1667055180,+3.47,+14.917, +3.027,+0.881
1667055240,+3.47,+14.917, +3.023,+0.881
1667055300,+3.47,+14.935, +3.016,+0.881
1667055360,+3.47,+14.909, +3.019,+0.881
1667055420,+3.47,+14.900, +3.017,+0.881
1667055480,+3.47,+14.883, +3.020,+0.881
1667055540,+3.47,+14.892, +3.022,+0.881
1667055600,+3.47,+14.909, +3.028,+0.881
1667055660,+3.47,+14.892, +3.024,+0.881
1667055720,+3.47,+14.900, +3.022,+0.881
1667055780,+3.47,+14.883, +3.021,+0.882
1667055840,+3.47,+14.892, +3.019,+0.882
1667055900,+3.47,+14.909, +3.011,+0.882
1667055960,+3.47,+14.892, +3.013,+0.882
1667056020,+3.47,+14.892, +3.011,+0.882
1667056080,+3.47,+14.900, +3.010,+0.882
1667056140,+3.47,+14.848, +3.014,+0.882
1667056200,+3.47,+14.866, +3.007,+0.882
1667056260,+3.47,+14.866, +3.004,+0.882
1667056320,+3.47,+14.866, +2.999,+0.882
1667056380,+3.47,+14.848, +2.996,+0.883
1667056440,+3.47,+14.892, +2.988,+0.883
1667056500,+3.47,+14.874, +2.984,+0.883
1667056560,+3.47,+14.874, +2.978,+0.883
1667056620,+3.47,+14.874, +2.975,+0.883
1667056680,+3.47,+14.857, +2.972,+0.883
1667056740,+3.47,+14.874, +2.964,+0.883
1667056800,+3.47,+14.857, +2.961,+0.883
1667056860,+3.47,+14.874, +2.952,+0.883
1667056920,+3.47,+14.874, +2.946,+0.883
1667056980,+3.47,+14.866, +2.941,+0.883
1667057040,+3.47,+14.857, +2.935,+0.883
1667057100,+3.47,+14.892, +2.928,+0.883
1667057160,+3.47,+14.883, +2.921,+0.884
1667057220,+3.47,+14.883, +2.911,+0.885
1667057280,+3.47,+14.892, +2.895,+0.886
1667057340,+3.47,+14.900, +2.881,+0.887
1667057400,+3.47,+14.892, +2.871,+0.887
1667057460,+3.47,+14.926, +2.856,+0.887
1667057520,+3.47,+14.917, +2.841,+0.888
1667057580,+3.47,+14.917, +2.822,+0.888
1667057640,+3.47,+14.943, +2.810,+0.888
1667057700,+3.47,+14.935, +2.801,+0.888
1667057760,+3.47,+14.935, +2.788,+0.888
1667057820,+3.47,+14.943, +2.772,+0.889
1667057880,+3.47,+14.961, +2.756,+0.889
1667057940,+3.47,+14.935, +2.743,+0.889
1667058000,+3.47,+14.961, +2.732,+0.888
1667058060,+3.47,+14.969, +2.715,+0.887
1667058120,+3.47,+14.969, +2.701,+0.887
1667058180,+3.47,+14.969, +2.687,+0.888
1667058240,+3.47,+14.969, +2.672,+0.888
1667058300,+3.47,+14.961, +2.660,+0.888
1667058360,+3.47,+14.961, +2.652,+0.888
1667058420,+3.47,+14.969, +2.645,+0.888
1667058480,+3.47,+14.978, +2.639,+0.886
1667058540,+3.47,+14.978, +2.644,+0.884
1667058600,+3.47,+14.995, +2.646,+0.883
1667058660,+3.47,+14.995, +2.649,+0.882
1667058720,+3.47,+14.986, +2.654,+0.881
1667058780,+3.47,+14.995, +2.663,+0.880
1667058840,+3.47,+15.004, +2.669,+0.879
1667058900,+3.47,+15.021, +2.677,+0.879
1667058960,+3.47,+15.012, +2.682,+0.879
1667059020,+3.47,+15.021, +2.690,+0.879
1667059080,+3.47,+15.029, +2.699,+0.879
1667059140,+3.47,+15.029, +2.705,+0.879
1667059200,+3.47,+15.038, +2.707,+0.879
1667059260,+3.47,+15.038, +2.706,+0.879
1667059320,+3.47,+15.038, +2.709,+0.879
1667059380,+3.47,+15.029, +2.716,+0.879
1667059440,+3.47,+15.038, +2.721,+0.879
1667059500,+3.47,+15.029, +2.723,+0.878
1667059560,+3.47,+15.038, +2.727,+0.878
1667059620,+3.47,+15.029, +2.733,+0.878
1667059680,+3.47,+15.055, +2.736,+0.878
1667059740,+3.47,+15.072, +2.728,+0.881
1667059800,+3.47,+15.064, +2.719,+0.883
1667059860,+3.47,+15.090, +2.710,+0.885
1667059920,+3.47,+15.055, +2.706,+0.886
1667059980,+3.47,+15.081, +2.695,+0.886
1667060040,+3.47,+15.072, +2.685,+0.887
1667060100,+3.47,+15.029, +2.682,+0.887
1667060160,+3.47,+15.021, +2.682,+0.886
1667060220,+3.47,+15.021, +2.680,+0.886
1667060280,+3.47,+15.012, +2.672,+0.886
1667060340,+3.47,+15.021, +2.653,+0.887
1667060400,+3.47,+15.004, +2.640,+0.888
1667060460,+3.47,+15.021, +2.624,+0.888
1667060520,+3.47,+15.021, +2.599,+0.891
1667060580,+3.47,+14.995, +2.570,+0.893
1667060640,+3.47,+14.986, +2.549,+0.893
1667060700,+3.47,+15.004, +2.516,+0.896
1667060760,+3.47,+14.978, +2.474,+0.900
1667060820,+3.47,+15.004, +2.423,+0.904
1667060880,+3.47,+15.012, +2.371,+0.907
1667060940,+3.47,+14.986, +2.332,+0.908
1667061000,+3.47,+15.012, +2.298,+0.909
1667061060,+3.47,+14.986, +2.278,+0.907
1667061120,+3.47,+14.995, +2.265,+0.905
1667061180,+3.47,+15.004, +2.249,+0.903
1667061240,+3.47,+15.021, +2.237,+0.901
1667061300,+3.47,+15.012, +2.225,+0.899
1667061360,+3.47,+15.004, +2.216,+0.899
1667061420,+3.47,+15.012, +2.201,+0.899
1667061480,+3.47,+15.021, +2.189,+0.899
1667061540,+3.47,+15.004, +2.190,+0.897
1667061600,+3.47,+15.029, +2.196,+0.895
1667061660,+3.47,+15.012, +2.206,+0.891
1667061720,+3.47,+15.029, +2.218,+0.888
1667061780,+3.47,+15.004, +2.239,+0.886
1667061840,+3.47,+15.021, +2.254,+0.884
1667061900,+3.47,+15.012, +2.275,+0.882
1667061960,+3.47,+15.012, +2.296,+0.881
1667062020,+3.47,+15.004, +2.321,+0.879
1667062080,+3.47,+15.012, +2.343,+0.878
