7450-383325
OS REV: 1.05 Sensor Cal: 1644949570
Time (sec),  BV (Volts),  T (deg C),  DO (mg/l),  Q ()
1664556540,+3.48,+18.910, +8.245,+0.964
1664556600,+3.48,+18.902, +8.305,+0.964
1664556660,+3.48,+18.919, +8.297,+0.964
1664556720,+3.48,+18.910, +8.221,+0.964
1664556780,+3.48,+18.935, +8.054,+0.964
1664556840,+3.48,+18.927, +7.844,+0.963
1664556900,+3.48,+18.944, +7.815,+0.964
1664556960,+3.48,+18.935, +7.853,+0.964
1664557020,+3.48,+18.935, +7.880,+0.964
1664557080,+3.48,+18.944, +7.757,+0.963
1664557140,+3.48,+18.944, +7.449,+0.964
1664557200,+3.48,+18.961, +7.612,+0.964
1664557260,+3.48,+18.935, +7.975,+0.964
1664557320,+3.48,+18.944, +7.879,+0.964
1664557380,+3.48,+18.961, +7.881,+0.964
1664557440,+3.48,+18.961, +7.682,+0.964
1664557500,+3.48,+18.961, +7.504,+0.964
1664557560,+3.48,+18.977, +7.398,+0.964
1664557620,+3.48,+18.969, +7.656,+0.964
1664557680,+3.48,+18.952, +7.550,+0.964
1664557740,+3.48,+18.961, +7.646,+0.964
1664557800,+3.48,+18.961, +7.707,+0.963
1664557860,+3.48,+18.969, +7.905,+0.964
1664557920,+3.48,+18.961, +8.013,+0.964
1664557980,+3.48,+18.961, +8.051,+0.964
1664558040,+3.48,+18.961, +8.024,+0.964
1664558100,+3.48,+18.969, +7.850,+0.964
1664558160,+3.48,+18.952, +7.516,+0.964
1664558220,+3.48,+18.969, +7.636,+0.964
1664558280,+3.48,+18.944, +8.331,+0.964
1664558340,+3.48,+18.944, +8.622,+0.964
1664558400,+3.48,+18.935, +8.755,+0.964
1664558460,+3.48,+18.935, +8.761,+0.964
1664558520,+3.48,+18.961, +8.878,+0.964
1664558580,+3.48,+18.935, +8.906,+0.964
1664558640,+3.48,+18.935, +8.941,+0.964
1664558700,+3.48,+18.961, +8.876,+0.964
1664558760,+3.48,+18.952, +8.960,+0.964
1664558820,+3.48,+18.969, +9.000,+0.964
1664558880,+3.48,+18.952, +8.917,+0.964
1664558940,+3.48,+18.969, +8.795,+0.963
1664559000,+3.48,+18.961, +8.692,+0.964
1664559060,+3.48,+18.952, +8.575,+0.964
1664559120,+3.48,+18.944, +8.549,+0.964
1664559180,+3.48,+18.952, +8.601,+0.964
1664559240,+3.48,+18.927, +8.624,+0.964
1664559300,+3.48,+18.935, +8.351,+0.964
1664559360,+3.48,+18.944, +8.236,+0.963
1664559420,+3.48,+18.927, +7.986,+0.964
1664559480,+3.48,+18.952, +7.856,+0.964
1664559540,+3.48,+18.944, +7.821,+0.964
1664559600,+3.48,+18.935, +7.985,+0.963
1664559660,+3.48,+18.935, +8.058,+0.964
1664559720,+3.48,+18.952, +8.225,+0.964
1664559780,+3.48,+18.961, +8.242,+0.964
1664559840,+3.48,+18.927, +8.196,+0.964
1664559900,+3.48,+18.952, +8.058,+0.963
1664559960,+3.48,+18.944, +8.119,+0.964
1664560020,+3.48,+18.927, +8.190,+0.964
1664560080,+3.48,+18.944, +8.106,+0.963
1664560140,+3.48,+18.935, +7.969,+0.964
1664560200,+3.48,+18.944, +8.084,+0.964
1664560260,+3.48,+18.952, +8.231,+0.964
1664560320,+3.48,+18.935, +8.342,+0.964
1664560380,+3.48,+18.944, +8.335,+0.964
1664560440,+3.48,+18.969, +8.451,+0.964
1664560500,+3.48,+18.961, +8.627,+0.964
1664560560,+3.48,+18.969, +8.614,+0.964
1664560620,+3.48,+18.952, +8.710,+0.964
1664560680,+3.48,+18.952, +8.756,+0.964
1664560740,+3.48,+18.969, +8.699,+0.964
1664560800,+3.48,+18.969, +8.740,+0.964
1664560860,+3.48,+18.994, +8.811,+0.964
1664560920,+3.48,+18.986, +8.894,+0.963
1664560980,+3.48,+18.977, +8.947,+0.964
1664561040,+3.48,+18.994, +8.918,+0.964
1664561100,+3.48,+18.994, +8.910,+0.964
1664561160,+3.48,+18.977, +8.908,+0.964
1664561220,+3.48,+18.977, +8.882,+0.965
1664561280,+3.48,+18.969, +8.862,+0.964
1664561340,+3.48,+18.977, +8.902,+0.964
1664561400,+3.48,+18.961, +9.049,+0.964
1664561460,+3.48,+18.977, +9.294,+0.964
1664561520,+3.48,+18.977, +9.330,+0.963
1664561580,+3.48,+18.986, +9.329,+0.964
1664561640,+3.48,+18.969, +9.235,+0.964
1664561700,+3.48,+18.977, +9.180,+0.964
1664561760,+3.48,+18.977, +9.133,+0.964
1664561820,+3.48,+18.986, +9.106,+0.964
1664561880,+3.48,+18.977, +9.116,+0.964
1664561940,+3.48,+18.986, +9.088,+0.965
1664562000,+3.48,+19.003, +9.089,+0.964
1664562060,+3.48,+19.003, +9.132,+0.964
1664562120,+3.49,+19.028, +9.207,+0.964
1664562180,+3.49,+19.070, +9.213,+0.964
1664562240,+3.49,+19.103, +9.089,+0.964
1664562300,+3.49,+19.171, +9.041,+0.965
1664562360,+3.49,+19.162, +8.922,+0.964
1664562420,+3.49,+19.171, +8.823,+0.964
1664562480,+3.49,+19.187, +8.716,+0.964
1664562540,+3.49,+19.187, +8.804,+0.964
1664562600,+3.48,+19.204, +8.803,+0.964
1664562660,+3.49,+19.204, +8.796,+0.964
1664562720,+3.49,+19.221, +8.874,+0.965
1664562780,+3.49,+19.204, +8.962,+0.964
1664562840,+3.49,+19.196, +9.053,+0.964
1664562900,+3.48,+19.171, +9.131,+0.964
1664562960,+3.49,+19.213, +9.140,+0.964
1664563020,+3.49,+19.204, +9.097,+0.964
1664563080,+3.49,+19.196, +9.099,+0.964
1664563140,+3.48,+19.204, +9.102,+0.965
1664563200,+3.49,+19.204, +9.067,+0.964
1664563260,+3.49,+19.221, +9.069,+0.964
1664563320,+3.49,+19.213, +9.106,+0.964
1664563380,+3.49,+19.213, +9.158,+0.964
1664563440,+3.49,+19.196, +9.197,+0.964
1664563500,+3.49,+19.204, +9.197,+0.964
1664563560,+3.49,+19.213, +9.395,+0.964
1664563620,+3.49,+19.187, +9.540,+0.964
1664563680,+3.49,+19.221, +9.584,+0.964
1664563740,+3.49,+19.145, +9.254,+0.964
1664563800,+3.49,+19.061, +8.937,+0.964
1664563860,+3.48,+18.986, +8.739,+0.963
1664563920,+3.48,+18.927, +8.689,+0.963
1664563980,+3.48,+18.910, +8.659,+0.964
1664564040,+3.48,+18.877, +8.613,+0.964
1664564100,+3.48,+18.843, +8.571,+0.964
1664564160,+3.48,+18.851, +8.573,+0.964
1664564220,+3.48,+18.868, +8.580,+0.964
1664564280,+3.48,+18.851, +8.636,+0.964
1664564340,+3.48,+18.843, +8.612,+0.963
1664564400,+3.48,+18.834, +8.538,+0.964
1664564460,+3.48,+18.860, +8.383,+0.964
1664564520,+3.48,+18.851, +8.338,+0.964
1664564580,+3.48,+18.877, +8.257,+0.963
1664564640,+3.48,+18.818, +8.549,+0.964
1664564700,+3.48,+18.801, +8.675,+0.964
1664564760,+3.48,+18.809, +8.733,+0.964
1664564820,+3.48,+18.792, +8.759,+0.964
1664564880,+3.48,+18.818, +8.752,+0.964
1664564940,+3.48,+18.818, +8.718,+0.964
1664565000,+3.48,+18.818, +8.636,+0.964
1664565060,+3.48,+18.809, +8.607,+0.964
1664565120,+3.48,+18.818, +8.489,+0.964
1664565180,+3.48,+18.792, +8.515,+0.964
1664565240,+3.48,+18.792, +8.429,+0.964
1664565300,+3.48,+18.801, +8.197,+0.964
1664565360,+3.48,+18.792, +8.314,+0.964
1664565420,+3.48,+18.767, +8.372,+0.964
1664565480,+3.48,+18.767, +8.447,+0.964
1664565540,+3.48,+18.767, +8.515,+0.964
1664565600,+3.48,+18.792, +8.547,+0.964
1664565660,+3.48,+18.767, +8.579,+0.964
1664565720,+3.48,+18.759, +8.603,+0.964
1664565780,+3.48,+18.767, +8.482,+0.964
1664565840,+3.48,+18.767, +8.504,+0.964
1664565900,+3.48,+18.767, +8.526,+0.964
1664565960,+3.48,+18.759, +8.472,+0.964
1664566020,+3.48,+18.759, +8.387,+0.964
1664566080,+3.48,+18.759, +8.395,+0.964
1664566140,+3.48,+18.784, +8.372,+0.964
1664566200,+3.48,+18.776, +8.390,+0.964
1664566260,+3.48,+18.801, +8.402,+0.964
1664566320,+3.48,+18.809, +8.387,+0.964
1664566380,+3.48,+18.801, +8.280,+0.963
1664566440,+3.48,+18.776, +8.022,+0.964
1664566500,+3.48,+18.792, +7.755,+0.963
1664566560,+3.48,+18.818, +7.449,+0.964
1664566620,+3.48,+18.792, +7.218,+0.964
1664566680,+3.48,+18.784, +7.423,+0.964
1664566740,+3.48,+18.784, +7.689,+0.964
1664566800,+3.48,+18.767, +8.397,+0.964
1664566860,+3.48,+18.759, +8.656,+0.964
1664566920,+3.48,+18.767, +8.696,+0.964
1664566980,+3.48,+18.742, +8.773,+0.964
1664567040,+3.48,+18.767, +8.791,+0.963
1664567100,+3.48,+18.759, +8.810,+0.964
1664567160,+3.48,+18.767, +8.776,+0.964
1664567220,+3.48,+18.750, +8.741,+0.964
1664567280,+3.48,+18.750, +8.761,+0.964
1664567340,+3.48,+18.759, +8.736,+0.964
1664567400,+3.48,+18.742, +8.752,+0.964
1664567460,+3.48,+18.759, +8.743,+0.964
1664567520,+3.48,+18.750, +8.749,+0.964
1664567580,+3.48,+18.734, +8.715,+0.964
1664567640,+3.48,+18.767, +8.642,+0.964
1664567700,+3.48,+18.767, +8.692,+0.964
1664567760,+3.48,+18.759, +8.647,+0.964
1664567820,+3.48,+18.759, +8.618,+0.964
1664567880,+3.48,+18.759, +8.422,+0.964
1664567940,+3.48,+18.759, +8.205,+0.964
1664568000,+3.48,+18.750, +8.275,+0.963
1664568060,+3.48,+18.750, +8.288,+0.964
1664568120,+3.48,+18.750, +8.391,+0.964
1664568180,+3.48,+18.734, +8.402,+0.964
1664568240,+3.48,+18.742, +8.356,+0.964
1664568300,+3.48,+18.759, +8.534,+0.964
1664568360,+3.48,+18.767, +8.634,+0.964
1664568420,+3.48,+18.767, +8.675,+0.964
1664568480,+3.48,+18.767, +8.710,+0.963
1664568540,+3.48,+18.767, +8.738,+0.964
1664568600,+3.48,+18.776, +8.708,+0.964
1664568660,+3.48,+18.776, +8.596,+0.963
1664568720,+3.48,+18.784, +8.490,+0.964
1664568780,+3.48,+18.784, +8.354,+0.964
1664568840,+3.48,+18.776, +8.175,+0.964
1664568900,+3.48,+18.801, +8.049,+0.963
1664568960,+3.48,+18.776, +7.926,+0.964
1664569020,+3.48,+18.784, +8.063,+0.964
1664569080,+3.48,+18.784, +8.104,+0.964
1664569140,+3.48,+18.759, +8.327,+0.964
1664569200,+3.48,+18.776, +8.440,+0.964
1664569260,+3.48,+18.767, +8.336,+0.964
1664569320,+3.48,+18.750, +8.486,+0.964
1664569380,+3.48,+18.742, +8.534,+0.964
1664569440,+3.48,+18.717, +8.477,+0.963
1664569500,+3.48,+18.708, +8.491,+0.964
1664569560,+3.48,+18.708, +8.474,+0.964
1664569620,+3.48,+18.708, +8.427,+0.963
1664569680,+3.48,+18.708, +8.436,+0.964
1664569740,+3.48,+18.700, +8.403,+0.964
1664569800,+3.48,+18.666, +8.369,+0.964
1664569860,+3.48,+18.700, +8.355,+0.964
1664569920,+3.48,+18.692, +8.365,+0.963
1664569980,+3.48,+18.675, +8.368,+0.964
1664570040,+3.48,+18.683, +8.356,+0.964
1664570100,+3.48,+18.675, +8.264,+0.964
1664570160,+3.48,+18.700, +8.198,+0.964
1664570220,+3.48,+18.692, +8.137,+0.964
1664570280,+3.48,+18.708, +8.162,+0.964
1664570340,+3.48,+18.700, +8.191,+0.964
1664570400,+3.48,+18.692, +8.033,+0.964
1664570460,+3.48,+18.692, +8.147,+0.964
1664570520,+3.48,+18.692, +8.219,+0.964
1664570580,+3.48,+18.717, +8.209,+0.964
1664570640,+3.48,+18.692, +8.242,+0.964
1664570700,+3.48,+18.717, +8.202,+0.964
1664570760,+3.48,+18.708, +8.143,+0.964
1664570820,+3.48,+18.692, +7.958,+0.964
1664570880,+3.48,+18.708, +8.118,+0.964
1664570940,+3.48,+18.692, +8.284,+0.964
1664571000,+3.48,+18.700, +8.287,+0.964
1664571060,+3.48,+18.708, +8.230,+0.964
1664571120,+3.48,+18.708, +8.261,+0.964
1664571180,+3.48,+18.717, +8.182,+0.964
1664571240,+3.48,+18.717, +8.166,+0.964
1664571300,+3.48,+18.708, +8.093,+0.964
1664571360,+3.48,+18.725, +7.910,+0.964
1664571420,+3.48,+18.708, +7.702,+0.964
1664571480,+3.48,+18.717, +7.659,+0.964
1664571540,+3.48,+18.717, +7.516,+0.964
1664571600,+3.48,+18.725, +7.788,+0.964
1664571660,+3.48,+18.725, +8.121,+0.964
1664571720,+3.48,+18.708, +8.245,+0.964
1664571780,+3.48,+18.725, +8.326,+0.964
1664571840,+3.48,+18.708, +8.348,+0.964
1664571900,+3.48,+18.717, +8.352,+0.964
1664571960,+3.48,+18.734, +8.283,+0.963
1664572020,+3.48,+18.708, +8.389,+0.963
1664572080,+3.48,+18.725, +8.391,+0.963
1664572140,+3.48,+18.734, +8.397,+0.964
1664572200,+3.48,+18.734, +8.395,+0.964
1664572260,+3.48,+18.725, +8.421,+0.963
1664572320,+3.48,+18.725, +8.427,+0.964
1664572380,+3.48,+18.725, +8.425,+0.964
1664572440,+3.48,+18.767, +8.410,+0.963
1664572500,+3.48,+18.734, +8.337,+0.964
1664572560,+3.48,+18.734, +8.142,+0.964
1664572620,+3.48,+18.742, +8.072,+0.964
1664572680,+3.48,+18.767, +8.125,+0.963
1664572740,+3.48,+18.734, +8.117,+0.963
1664572800,+3.48,+18.759, +8.092,+0.963
1664572860,+3.48,+18.767, +8.073,+0.963
1664572920,+3.48,+18.776, +8.036,+0.963
1664572980,+3.48,+18.767, +7.969,+0.964
1664573040,+3.48,+18.792, +7.930,+0.964
1664573100,+3.48,+18.776, +8.125,+0.964
1664573160,+3.48,+18.792, +8.328,+0.964
1664573220,+3.48,+18.784, +8.396,+0.964
1664573280,+3.48,+18.809, +8.304,+0.964
1664573340,+3.48,+18.809, +8.366,+0.964
1664573400,+3.48,+18.818, +8.574,+0.964
1664573460,+3.48,+18.826, +8.786,+0.964
1664573520,+3.48,+18.826, +8.757,+0.964
1664573580,+3.48,+18.834, +8.711,+0.964
1664573640,+3.48,+18.826, +8.687,+0.964
1664573700,+3.48,+18.801, +8.505,+0.964
1664573760,+3.48,+18.809, +8.366,+0.964
1664573820,+3.48,+18.809, +8.150,+0.963
1664573880,+3.48,+18.801, +8.012,+0.964
1664573940,+3.48,+18.809, +7.911,+0.964
1664574000,+3.48,+18.809, +7.951,+0.963
1664574060,+3.48,+18.809, +7.945,+0.964
1664574120,+3.48,+18.818, +7.856,+0.964
1664574180,+3.48,+18.792, +7.823,+0.963
1664574240,+3.48,+18.792, +7.864,+0.964
1664574300,+3.48,+18.792, +7.966,+0.964
1664574360,+3.48,+18.809, +8.058,+0.963
1664574420,+3.48,+18.801, +8.129,+0.964
1664574480,+3.48,+18.801, +8.168,+0.964
1664574540,+3.48,+18.801, +8.052,+0.963
1664574600,+3.48,+18.818, +7.865,+0.963
1664574660,+3.48,+18.826, +7.861,+0.964
1664574720,+3.48,+18.826, +7.842,+0.963
1664574780,+3.48,+18.834, +7.757,+0.964
1664574840,+3.48,+18.851, +7.930,+0.964
1664574900,+3.48,+18.851, +8.016,+0.964
1664574960,+3.48,+18.860, +8.002,+0.964
1664575020,+3.48,+18.851, +8.026,+0.964
1664575080,+3.48,+18.868, +8.016,+0.964
1664575140,+3.48,+18.877, +7.916,+0.963
1664575200,+3.48,+18.877, +7.994,+0.963
1664575260,+3.48,+18.877, +7.888,+0.963
1664575320,+3.48,+18.851, +8.029,+0.964
1664575380,+3.48,+18.860, +7.811,+0.964
1664575440,+3.48,+18.860, +7.857,+0.964
1664575500,+3.48,+18.843, +7.790,+0.964
1664575560,+3.48,+18.851, +7.814,+0.964
1664575620,+3.48,+18.860, +7.889,+0.964
1664575680,+3.48,+18.843, +7.657,+0.963
1664575740,+3.48,+18.843, +7.470,+0.964
1664575800,+3.48,+18.826, +7.424,+0.963
1664575860,+3.48,+18.826, +7.542,+0.964
1664575920,+3.48,+18.834, +7.530,+0.964
1664575980,+3.48,+18.809, +7.120,+0.964
1664576040,+3.48,+18.792, +7.333,+0.963
1664576100,+3.48,+18.801, +7.497,+0.963
1664576160,+3.48,+18.784, +7.595,+0.964
1664576220,+3.48,+18.809, +7.628,+0.963
1664576280,+3.48,+18.792, +7.707,+0.964
1664576340,+3.48,+18.784, +7.553,+0.964
1664576400,+3.48,+18.767, +7.413,+0.964
1664576460,+3.48,+18.776, +7.491,+0.964
1664576520,+3.48,+18.784, +7.528,+0.964
1664576580,+3.48,+18.784, +7.576,+0.963
1664576640,+3.48,+18.784, +7.698,+0.964
1664576700,+3.48,+18.767, +7.782,+0.964
1664576760,+3.48,+18.776, +7.779,+0.964
1664576820,+3.48,+18.767, +7.730,+0.963
1664576880,+3.48,+18.776, +7.715,+0.963
1664576940,+3.48,+18.767, +7.676,+0.964
1664577000,+3.48,+18.792, +7.523,+0.964
1664577060,+3.48,+18.784, +7.645,+0.964
1664577120,+3.48,+18.784, +7.660,+0.964
1664577180,+3.48,+18.792, +7.589,+0.964
1664577240,+3.48,+18.826, +7.824,+0.964
1664577300,+3.48,+18.809, +7.989,+0.964
1664577360,+3.48,+18.809, +7.793,+0.963
1664577420,+3.48,+18.818, +7.653,+0.964
1664577480,+3.48,+18.784, +7.775,+0.964
1664577540,+3.48,+18.792, +7.852,+0.963
1664577600,+3.48,+18.776, +7.852,+0.963
1664577660,+3.48,+18.776, +7.729,+0.964
1664577720,+3.48,+18.776, +7.407,+0.964
1664577780,+3.48,+18.759, +7.240,+0.964
1664577840,+3.48,+18.776, +7.195,+0.963
1664577900,+3.48,+18.776, +6.818,+0.963
1664577960,+3.48,+18.767, +6.816,+0.964
1664578020,+3.48,+18.759, +6.880,+0.964
1664578080,+3.48,+18.742, +7.046,+0.964
1664578140,+3.48,+18.767, +7.155,+0.964
1664578200,+3.48,+18.759, +7.109,+0.963
1664578260,+3.48,+18.759, +6.921,+0.963
1664578320,+3.48,+18.759, +6.958,+0.964
1664578380,+3.48,+18.759, +7.040,+0.964
1664578440,+3.48,+18.750, +7.020,+0.964
1664578500,+3.48,+18.750, +6.839,+0.964
1664578560,+3.48,+18.759, +6.787,+0.964
1664578620,+3.48,+18.767, +6.663,+0.964
1664578680,+3.48,+18.776, +6.609,+0.964
1664578740,+3.48,+18.759, +6.559,+0.964
1664578800,+3.48,+18.767, +6.401,+0.964
1664578860,+3.48,+18.767, +6.421,+0.964
1664578920,+3.48,+18.776, +6.343,+0.964
1664578980,+3.48,+18.759, +6.628,+0.964
1664579040,+3.48,+18.767, +6.713,+0.964
1664579100,+3.48,+18.767, +6.765,+0.964
1664579160,+3.48,+18.776, +6.716,+0.963
1664579220,+3.48,+18.784, +6.591,+0.964
1664579280,+3.48,+18.776, +6.978,+0.963
1664579340,+3.48,+18.776, +7.101,+0.964
1664579400,+3.48,+18.784, +7.067,+0.964
1664579460,+3.48,+18.792, +6.954,+0.963
1664579520,+3.48,+18.801, +6.872,+0.964
1664579580,+3.48,+18.776, +6.837,+0.964
1664579640,+3.48,+18.801, +7.033,+0.964
1664579700,+3.48,+18.792, +7.155,+0.964
1664579760,+3.48,+18.776, +7.235,+0.963
1664579820,+3.48,+18.801, +7.281,+0.964
1664579880,+3.48,+18.792, +7.076,+0.963
1664579940,+3.48,+18.801, +6.718,+0.963
1664580000,+3.48,+18.784, +6.590,+0.963
1664580060,+3.48,+18.801, +6.757,+0.963
1664580120,+3.48,+18.784, +6.935,+0.963
1664580180,+3.48,+18.776, +6.963,+0.964
1664580240,+3.48,+18.784, +6.918,+0.963
1664580300,+3.48,+18.784, +6.972,+0.963
1664580360,+3.48,+18.742, +7.234,+0.963
1664580420,+3.48,+18.750, +7.309,+0.964
1664580480,+3.48,+18.717, +7.215,+0.963
1664580540,+3.48,+18.734, +6.759,+0.963
1664580600,+3.48,+18.734, +6.259,+0.963
1664580660,+3.48,+18.717, +6.037,+0.963
1664580720,+3.48,+18.734, +6.188,+0.963
1664580780,+3.48,+18.734, +6.434,+0.963
1664580840,+3.48,+18.725, +6.654,+0.963
1664580900,+3.48,+18.742, +6.804,+0.964
1664580960,+3.48,+18.742, +6.794,+0.963
1664581020,+3.48,+18.734, +6.547,+0.964
1664581080,+3.48,+18.742, +6.379,+0.963
1664581140,+3.48,+18.725, +6.384,+0.963
1664581200,+3.48,+18.734, +6.232,+0.963
1664581260,+3.48,+18.767, +6.155,+0.963
1664581320,+3.48,+18.717, +6.198,+0.964
1664581380,+3.48,+18.742, +6.127,+0.963
1664581440,+3.48,+18.734, +6.368,+0.963
1664581500,+3.48,+18.734, +6.594,+0.964
1664581560,+3.48,+18.725, +6.782,+0.964
1664581620,+3.48,+18.725, +6.991,+0.964
1664581680,+3.48,+18.742, +7.071,+0.964
1664581740,+3.48,+18.734, +7.024,+0.964
1664581800,+3.48,+18.759, +6.824,+0.963
1664581860,+3.48,+18.750, +6.450,+0.963
1664581920,+3.48,+18.750, +6.149,+0.963
1664581980,+3.48,+18.750, +6.184,+0.964
1664582040,+3.48,+18.767, +6.234,+0.963
1664582100,+3.48,+18.750, +6.323,+0.963
1664582160,+3.48,+18.767, +6.377,+0.963
1664582220,+3.48,+18.742, +6.336,+0.963
1664582280,+3.48,+18.776, +6.369,+0.963
1664582340,+3.48,+18.759, +6.542,+0.964
1664582400,+3.48,+18.759, +6.585,+0.963
1664582460,+3.48,+18.750, +6.176,+0.964
1664582520,+3.48,+18.759, +6.080,+0.964
1664582580,+3.48,+18.742, +6.248,+0.964
1664582640,+3.48,+18.759, +6.964,+0.964
1664582700,+3.48,+18.776, +7.553,+0.963
1664582760,+3.48,+18.767, +7.758,+0.963
1664582820,+3.48,+18.776, +7.775,+0.964
1664582880,+3.48,+18.776, +7.721,+0.963
1664582940,+3.48,+18.784, +7.688,+0.964
1664583000,+3.48,+18.759, +7.646,+0.963
1664583060,+3.48,+18.767, +7.442,+0.964
1664583120,+3.48,+18.767, +7.446,+0.964
1664583180,+3.48,+18.767, +7.457,+0.964
1664583240,+3.48,+18.767, +7.260,+0.964
1664583300,+3.48,+18.767, +7.053,+0.964
1664583360,+3.48,+18.742, +7.131,+0.963
1664583420,+3.48,+18.750, +7.148,+0.964
1664583480,+3.48,+18.742, +6.857,+0.963
1664583540,+3.48,+18.734, +6.728,+0.963
1664583600,+3.48,+18.734, +6.801,+0.963
1664583660,+3.48,+18.734, +6.814,+0.963
1664583720,+3.48,+18.734, +6.774,+0.964
1664583780,+3.48,+18.734, +6.572,+0.963
1664583840,+3.48,+18.717, +6.526,+0.963
1664583900,+3.48,+18.750, +6.608,+0.963
1664583960,+3.48,+18.725, +6.559,+0.964
1664584020,+3.48,+18.717, +6.413,+0.963
1664584080,+3.48,+18.725, +6.386,+0.964
1664584140,+3.48,+18.725, +6.344,+0.963
1664584200,+3.48,+18.759, +6.187,+0.963
1664584260,+3.48,+18.742, +6.271,+0.963
1664584320,+3.48,+18.734, +6.258,+0.963
1664584380,+3.48,+18.725, +5.927,+0.963
1664584440,+3.48,+18.742, +5.838,+0.963
1664584500,+3.48,+18.750, +6.036,+0.964
1664584560,+3.48,+18.725, +6.178,+0.963
1664584620,+3.48,+18.742, +6.274,+0.963
1664584680,+3.48,+18.734, +6.399,+0.963
1664584740,+3.48,+18.734, +6.474,+0.963
1664584800,+3.48,+18.725, +6.617,+0.964
1664584860,+3.48,+18.725, +6.733,+0.964
1664584920,+3.48,+18.734, +6.706,+0.963
1664584980,+3.48,+18.734, +6.732,+0.963
1664585040,+3.48,+18.708, +6.894,+0.964
1664585100,+3.48,+18.717, +6.965,+0.964
1664585160,+3.48,+18.725, +7.020,+0.963
1664585220,+3.48,+18.717, +7.070,+0.964
1664585280,+3.48,+18.700, +7.053,+0.964
1664585340,+3.48,+18.725, +6.776,+0.964
1664585400,+3.48,+18.708, +6.667,+0.964
1664585460,+3.48,+18.708, +6.643,+0.963
1664585520,+3.48,+18.725, +6.572,+0.964
1664585580,+3.48,+18.708, +6.499,+0.963
1664585640,+3.48,+18.700, +6.697,+0.963
1664585700,+3.48,+18.725, +6.853,+0.964
1664585760,+3.48,+18.717, +6.902,+0.964
1664585820,+3.48,+18.725, +6.764,+0.963
1664585880,+3.48,+18.700, +6.487,+0.963
1664585940,+3.48,+18.708, +6.460,+0.964
1664586000,+3.48,+18.725, +6.516,+0.964
1664586060,+3.48,+18.734, +6.576,+0.963
1664586120,+3.48,+18.725, +6.581,+0.964
1664586180,+3.48,+18.708, +6.635,+0.964
1664586240,+3.48,+18.717, +6.663,+0.964
1664586300,+3.48,+18.734, +6.592,+0.964
1664586360,+3.48,+18.734, +6.890,+0.963
1664586420,+3.48,+18.717, +7.032,+0.964
1664586480,+3.48,+18.734, +7.100,+0.964
1664586540,+3.48,+18.725, +7.144,+0.963
1664586600,+3.48,+18.692, +7.172,+0.964
1664586660,+3.48,+18.708, +7.180,+0.963
1664586720,+3.48,+18.717, +7.182,+0.963
1664586780,+3.48,+18.700, +7.152,+0.964
1664586840,+3.48,+18.700, +7.152,+0.963
1664586900,+3.48,+18.708, +7.095,+0.964
1664586960,+3.48,+18.683, +7.065,+0.964
1664587020,+3.48,+18.675, +7.099,+0.964
1664587080,+3.48,+18.692, +7.134,+0.963
1664587140,+3.48,+18.683, +7.121,+0.963
1664587200,+3.48,+18.666, +7.137,+0.963
1664587260,+3.48,+18.658, +7.118,+0.964
1664587320,+3.48,+18.658, +7.110,+0.964
1664587380,+3.48,+18.666, +7.096,+0.964
1664587440,+3.48,+18.658, +7.083,+0.964
1664587500,+3.48,+18.658, +7.037,+0.964
1664587560,+3.48,+18.666, +7.041,+0.964
1664587620,+3.48,+18.658, +7.096,+0.964
1664587680,+3.48,+18.641, +7.164,+0.964
1664587740,+3.48,+18.633, +7.290,+0.963
1664587800,+3.48,+18.633, +7.316,+0.964
1664587860,+3.48,+18.633, +7.354,+0.964
1664587920,+3.48,+18.607, +7.378,+0.963
1664587980,+3.48,+18.607, +7.403,+0.964
1664588040,+3.48,+18.607, +7.421,+0.964
1664588100,+3.48,+18.624, +7.413,+0.964
1664588160,+3.48,+18.616, +7.416,+0.964
1664588220,+3.48,+18.624, +7.409,+0.964
1664588280,+3.48,+18.616, +7.393,+0.964
1664588340,+3.48,+18.624, +7.367,+0.963
1664588400,+3.48,+18.616, +7.364,+0.964
1664588460,+3.48,+18.633, +7.331,+0.964
1664588520,+3.48,+18.624, +7.238,+0.964
1664588580,+3.48,+18.641, +7.155,+0.964
1664588640,+3.48,+18.624, +7.089,+0.963
1664588700,+3.48,+18.633, +7.031,+0.964
1664588760,+3.48,+18.624, +7.087,+0.963
1664588820,+3.48,+18.624, +7.168,+0.964
1664588880,+3.48,+18.624, +7.172,+0.964
1664588940,+3.48,+18.633, +7.187,+0.964
1664589000,+3.48,+18.633, +7.168,+0.964
1664589060,+3.48,+18.624, +7.133,+0.964
1664589120,+3.48,+18.607, +7.199,+0.964
1664589180,+3.48,+18.607, +7.294,+0.963
1664589240,+3.48,+18.624, +7.330,+0.964
1664589300,+3.48,+18.599, +7.415,+0.963
1664589360,+3.48,+18.599, +7.439,+0.963
1664589420,+3.48,+18.607, +7.469,+0.964
1664589480,+3.48,+18.591, +7.503,+0.964
1664589540,+3.48,+18.591, +7.520,+0.964
1664589600,+3.48,+18.607, +7.495,+0.964
1664589660,+3.48,+18.599, +7.489,+0.964
1664589720,+3.48,+18.616, +7.407,+0.964
1664589780,+3.48,+18.599, +7.375,+0.964
1664589840,+3.48,+18.616, +7.350,+0.964
1664589900,+3.48,+18.633, +7.242,+0.964
1664589960,+3.48,+18.616, +7.174,+0.963
1664590020,+3.48,+18.607, +7.095,+0.964
1664590080,+3.48,+18.616, +6.767,+0.963
1664590140,+3.48,+18.607, +6.479,+0.964
1664590200,+3.48,+18.607, +6.358,+0.963
1664590260,+3.48,+18.616, +6.340,+0.963
1664590320,+3.48,+18.616, +6.332,+0.963
1664590380,+3.48,+18.624, +6.358,+0.964
1664590440,+3.48,+18.599, +6.394,+0.963
1664590500,+3.48,+18.624, +6.445,+0.964
1664590560,+3.48,+18.624, +6.481,+0.964
1664590620,+3.48,+18.607, +6.486,+0.964
1664590680,+3.48,+18.624, +6.512,+0.963
1664590740,+3.48,+18.607, +6.559,+0.963
1664590800,+3.48,+18.624, +6.590,+0.964
1664590860,+3.48,+18.616, +6.508,+0.964
1664590920,+3.48,+18.607, +6.495,+0.963
1664590980,+3.48,+18.607, +6.600,+0.963
1664591040,+3.48,+18.607, +6.933,+0.963
1664591100,+3.48,+18.607, +7.067,+0.964
1664591160,+3.48,+18.607, +7.135,+0.964
1664591220,+3.48,+18.607, +7.077,+0.964
1664591280,+3.48,+18.599, +7.032,+0.964
1664591340,+3.48,+18.607, +7.013,+0.964
1664591400,+3.48,+18.616, +6.999,+0.963
1664591460,+3.48,+18.607, +6.979,+0.964
1664591520,+3.48,+18.624, +6.942,+0.963
1664591580,+3.48,+18.599, +6.893,+0.964
1664591640,+3.48,+18.624, +6.776,+0.963
1664591700,+3.48,+18.624, +6.617,+0.963
1664591760,+3.48,+18.616, +6.507,+0.964
1664591820,+3.48,+18.616, +6.256,+0.963
1664591880,+3.48,+18.616, +6.036,+0.963
1664591940,+3.48,+18.599, +5.948,+0.963
1664592000,+3.48,+18.616, +5.693,+0.963
1664592060,+3.48,+18.624, +5.484,+0.963
1664592120,+3.48,+18.616, +5.403,+0.963
1664592180,+3.48,+18.616, +5.397,+0.963
1664592240,+3.48,+18.599, +5.539,+0.963
1664592300,+3.48,+18.633, +5.845,+0.964
1664592360,+3.48,+18.616, +6.079,+0.963
1664592420,+3.48,+18.641, +6.226,+0.964
1664592480,+3.48,+18.641, +6.226,+0.963
1664592540,+3.48,+18.633, +6.165,+0.963
1664592600,+3.48,+18.616, +6.121,+0.963
1664592660,+3.48,+18.624, +5.929,+0.963
1664592720,+3.48,+18.649, +5.535,+0.963
1664592780,+3.48,+18.616, +6.052,+0.963
1664592840,+3.48,+18.641, +6.053,+0.964
1664592900,+3.48,+18.616, +6.224,+0.964
1664592960,+3.48,+18.607, +6.280,+0.964
1664593020,+3.48,+18.624, +6.002,+0.963
1664593080,+3.48,+18.633, +5.599,+0.963
1664593140,+3.48,+18.624, +5.266,+0.963
1664593200,+3.48,+18.649, +5.114,+0.964
1664593260,+3.48,+18.624, +5.115,+0.964
1664593320,+3.48,+18.624, +5.373,+0.964
1664593380,+3.48,+18.624, +5.633,+0.964
1664593440,+3.48,+18.641, +5.830,+0.964
1664593500,+3.48,+18.641, +5.958,+0.964
1664593560,+3.48,+18.633, +6.020,+0.964
1664593620,+3.48,+18.624, +6.036,+0.963
1664593680,+3.48,+18.641, +5.986,+0.964
1664593740,+3.48,+18.624, +5.923,+0.964
1664593800,+3.48,+18.616, +5.909,+0.964
1664593860,+3.48,+18.624, +5.921,+0.964
1664593920,+3.48,+18.641, +5.949,+0.964
1664593980,+3.48,+18.649, +5.986,+0.964
1664594040,+3.48,+18.633, +6.050,+0.964
1664594100,+3.48,+18.633, +6.115,+0.964
1664594160,+3.48,+18.658, +6.198,+0.964
1664594220,+3.48,+18.624, +6.309,+0.964
1664594280,+3.48,+18.666, +6.414,+0.963
1664594340,+3.48,+18.649, +6.522,+0.963
1664594400,+3.48,+18.641, +6.824,+0.964
1664594460,+3.48,+18.649, +7.010,+0.964
1664594520,+3.48,+18.641, +7.269,+0.964
1664594580,+3.48,+18.658, +7.410,+0.964
1664594640,+3.48,+18.658, +7.454,+0.963
1664594700,+3.48,+18.649, +7.533,+0.964
1664594760,+3.48,+18.666, +7.560,+0.964
1664594820,+3.48,+18.666, +7.602,+0.964
1664594880,+3.48,+18.675, +7.658,+0.964
1664594940,+3.48,+18.675, +7.700,+0.964
1664595000,+3.48,+18.683, +7.714,+0.963
1664595060,+3.48,+18.675, +7.690,+0.963
1664595120,+3.48,+18.683, +7.648,+0.964
1664595180,+3.48,+18.666, +7.693,+0.964
1664595240,+3.48,+18.675, +7.703,+0.964
1664595300,+3.48,+18.683, +7.706,+0.964
1664595360,+3.48,+18.675, +7.704,+0.964
1664595420,+3.48,+18.700, +7.689,+0.964
1664595480,+3.48,+18.683, +7.675,+0.964
1664595540,+3.48,+18.683, +7.665,+0.964
1664595600,+3.48,+18.700, +7.660,+0.963
1664595660,+3.48,+18.683, +7.673,+0.963
1664595720,+3.48,+18.708, +7.687,+0.963
1664595780,+3.48,+18.700, +7.767,+0.964
1664595840,+3.48,+18.683, +7.776,+0.963
1664595900,+3.48,+18.692, +7.805,+0.964
1664595960,+3.48,+18.700, +7.833,+0.964
1664596020,+3.48,+18.692, +7.805,+0.963
1664596080,+3.48,+18.708, +7.607,+0.964
1664596140,+3.48,+18.692, +7.324,+0.963
1664596200,+3.48,+18.700, +7.135,+0.963
1664596260,+3.48,+18.717, +7.203,+0.963
1664596320,+3.48,+18.725, +7.279,+0.964
1664596380,+3.48,+18.692, +7.215,+0.964
1664596440,+3.48,+18.692, +7.274,+0.964
1664596500,+3.48,+18.692, +7.431,+0.963
1664596560,+3.48,+18.708, +7.399,+0.964
1664596620,+3.48,+18.700, +7.489,+0.963
1664596680,+3.48,+18.692, +7.677,+0.964
1664596740,+3.48,+18.683, +7.802,+0.964
1664596800,+3.48,+18.700, +7.908,+0.964
1664596860,+3.48,+18.700, +7.986,+0.964
1664596920,+3.48,+18.700, +8.018,+0.964
1664596980,+3.48,+18.717, +8.042,+0.963
1664597040,+3.48,+18.708, +8.052,+0.963
1664597100,+3.48,+18.700, +8.003,+0.963
1664597160,+3.48,+18.683, +8.022,+0.964
1664597220,+3.48,+18.708, +8.061,+0.963
1664597280,+3.48,+18.692, +8.075,+0.963
1664597340,+3.48,+18.683, +8.093,+0.964
1664597400,+3.48,+18.683, +8.114,+0.963
1664597460,+3.48,+18.692, +8.146,+0.964
1664597520,+3.48,+18.683, +8.140,+0.963
1664597580,+3.48,+18.692, +8.124,+0.964
1664597640,+3.48,+18.666, +8.094,+0.964
1664597700,+3.48,+18.683, +8.035,+0.963
1664597760,+3.48,+18.666, +8.018,+0.964
1664597820,+3.48,+18.649, +7.868,+0.964
1664597880,+3.48,+18.641, +7.911,+0.963
1664597940,+3.48,+18.649, +7.996,+0.964
1664598000,+3.48,+18.633, +8.042,+0.963
1664598060,+3.48,+18.616, +8.091,+0.963
1664598120,+3.48,+18.633, +8.076,+0.963
1664598180,+3.48,+18.624, +8.114,+0.963
1664598240,+3.48,+18.633, +8.110,+0.964
1664598300,+3.48,+18.616, +8.089,+0.963
1664598360,+3.48,+18.607, +8.079,+0.963
1664598420,+3.48,+18.616, +8.069,+0.964
1664598480,+3.48,+18.599, +8.049,+0.964
1664598540,+3.48,+18.599, +7.939,+0.963
1664598600,+3.48,+18.574, +7.954,+0.963
1664598660,+3.48,+18.582, +8.033,+0.964
1664598720,+3.48,+18.574, +8.047,+0.963
1664598780,+3.48,+18.599, +8.064,+0.963
1664598840,+3.48,+18.557, +8.078,+0.964
1664598900,+3.48,+18.582, +8.076,+0.964
1664598960,+3.48,+18.565, +8.072,+0.963
1664599020,+3.48,+18.574, +8.116,+0.963
1664599080,+3.48,+18.565, +8.199,+0.964
1664599140,+3.48,+18.548, +8.348,+0.964
1664599200,+3.48,+18.574, +8.362,+0.963
1664599260,+3.48,+18.557, +8.375,+0.964
1664599320,+3.48,+18.548, +8.406,+0.963
1664599380,+3.48,+18.540, +8.495,+0.963
1664599440,+3.48,+18.548, +8.483,+0.964
1664599500,+3.48,+18.548, +8.471,+0.964
1664599560,+3.48,+18.540, +8.458,+0.964
1664599620,+3.48,+18.548, +8.461,+0.963
1664599680,+3.48,+18.548, +8.493,+0.964
1664599740,+3.48,+18.540, +8.510,+0.964
1664599800,+3.48,+18.540, +8.493,+0.964
1664599860,+3.48,+18.557, +8.463,+0.963
1664599920,+3.48,+18.557, +8.469,+0.963
1664599980,+3.48,+18.557, +8.496,+0.964
1664600040,+3.48,+18.548, +8.500,+0.964
1664600100,+3.48,+18.565, +8.466,+0.963
1664600160,+3.48,+18.557, +8.424,+0.964
1664600220,+3.48,+18.557, +8.294,+0.963
1664600280,+3.48,+18.557, +8.172,+0.963
1664600340,+3.48,+18.557, +8.017,+0.963
1664600400,+3.48,+18.574, +7.858,+0.963
1664600460,+3.48,+18.557, +7.772,+0.964
1664600520,+3.48,+18.565, +7.694,+0.963
1664600580,+3.48,+18.557, +7.560,+0.963
1664600640,+3.48,+18.557, +7.507,+0.964
1664600700,+3.48,+18.548, +7.504,+0.964
1664600760,+3.48,+18.540, +7.497,+0.964
1664600820,+3.48,+18.532, +7.571,+0.963
1664600880,+3.48,+18.548, +7.607,+0.964
1664600940,+3.48,+18.548, +7.545,+0.963
1664601000,+3.48,+18.532, +7.531,+0.964
1664601060,+3.48,+18.523, +7.487,+0.963
1664601120,+3.48,+18.532, +7.433,+0.964
1664601180,+3.48,+18.515, +7.392,+0.963
1664601240,+3.48,+18.515, +7.290,+0.964
1664601300,+3.48,+18.515, +7.259,+0.963
1664601360,+3.48,+18.515, +7.210,+0.963
1664601420,+3.48,+18.523, +7.144,+0.963
1664601480,+3.48,+18.506, +7.145,+0.963
1664601540,+3.48,+18.506, +7.049,+0.963
1664601600,+3.48,+18.498, +7.035,+0.964
1664601660,+3.48,+18.498, +7.050,+0.964
1664601720,+3.48,+18.506, +7.021,+0.964
1664601780,+3.48,+18.473, +7.033,+0.964
1664601840,+3.48,+18.473, +7.070,+0.963
1664601900,+3.48,+18.464, +7.153,+0.963
1664601960,+3.48,+18.456, +7.199,+0.964
1664602020,+3.48,+18.456, +7.244,+0.963
1664602080,+3.48,+18.464, +7.263,+0.964
1664602140,+3.48,+18.464, +7.326,+0.964
1664602200,+3.48,+18.464, +7.263,+0.964
1664602260,+3.48,+18.464, +7.034,+0.964
1664602320,+3.48,+18.456, +6.862,+0.964
1664602380,+3.48,+18.447, +6.963,+0.964
1664602440,+3.48,+18.447, +7.044,+0.964
1664602500,+3.48,+18.447, +7.076,+0.963
1664602560,+3.48,+18.439, +7.154,+0.963
1664602620,+3.48,+18.447, +7.182,+0.964
1664602680,+3.48,+18.447, +7.179,+0.963
1664602740,+3.48,+18.456, +7.188,+0.964
1664602800,+3.48,+18.447, +7.202,+0.963
1664602860,+3.48,+18.456, +7.197,+0.963
1664602920,+3.48,+18.447, +7.151,+0.964
1664602980,+3.48,+18.456, +7.076,+0.963
1664603040,+3.48,+18.456, +6.997,+0.964
1664603100,+3.48,+18.439, +6.865,+0.963
1664603160,+3.48,+18.439, +6.773,+0.963
1664603220,+3.48,+18.447, +6.762,+0.963
1664603280,+3.48,+18.456, +6.852,+0.963
1664603340,+3.48,+18.456, +6.880,+0.964
1664603400,+3.48,+18.447, +6.794,+0.963
1664603460,+3.48,+18.447, +6.721,+0.963
1664603520,+3.48,+18.447, +6.726,+0.963
1664603580,+3.48,+18.473, +6.736,+0.963
1664603640,+3.48,+18.456, +6.748,+0.963
1664603700,+3.48,+18.464, +6.653,+0.963
1664603760,+3.48,+18.439, +6.614,+0.963
1664603820,+3.48,+18.464, +6.562,+0.963
1664603880,+3.48,+18.456, +6.322,+0.962
1664603940,+3.48,+18.464, +5.943,+0.963
1664604000,+3.48,+18.481, +5.733,+0.963
1664604060,+3.48,+18.464, +5.625,+0.963
1664604120,+3.48,+18.481, +5.509,+0.963
1664604180,+3.48,+18.506, +5.747,+0.964
1664604240,+3.48,+18.490, +6.432,+0.964
1664604300,+3.48,+18.490, +6.727,+0.963
1664604360,+3.48,+18.481, +6.657,+0.963
1664604420,+3.48,+18.498, +6.769,+0.963
1664604480,+3.48,+18.490, +6.491,+0.963
1664604540,+3.48,+18.506, +6.756,+0.963
1664604600,+3.48,+18.490, +6.572,+0.963
1664604660,+3.48,+18.481, +6.691,+0.963
1664604720,+3.48,+18.490, +6.917,+0.963
1664604780,+3.48,+18.473, +6.993,+0.964
1664604840,+3.48,+18.490, +7.084,+0.964
1664604900,+3.48,+18.498, +7.096,+0.963
1664604960,+3.48,+18.481, +7.071,+0.964
1664605020,+3.48,+18.506, +7.007,+0.964
1664605080,+3.48,+18.498, +6.936,+0.963
1664605140,+3.48,+18.506, +6.891,+0.963
1664605200,+3.48,+18.498, +7.015,+0.964
1664605260,+3.48,+18.506, +7.296,+0.964
1664605320,+3.48,+18.490, +7.458,+0.964
1664605380,+3.48,+18.498, +7.543,+0.964
1664605440,+3.48,+18.490, +7.568,+0.964
1664605500,+3.48,+18.515, +7.573,+0.964
1664605560,+3.48,+18.523, +7.552,+0.963
1664605620,+3.48,+18.506, +7.533,+0.964
1664605680,+3.48,+18.506, +7.440,+0.963
1664605740,+3.48,+18.498, +7.454,+0.963
1664605800,+3.48,+18.498, +7.429,+0.963
1664605860,+3.48,+18.506, +7.286,+0.963
1664605920,+3.48,+18.498, +7.217,+0.964
1664605980,+3.48,+18.515, +7.140,+0.964
1664606040,+3.48,+18.515, +7.055,+0.963
1664606100,+3.48,+18.515, +6.983,+0.964
1664606160,+3.48,+18.515, +6.852,+0.964
1664606220,+3.48,+18.498, +7.041,+0.964
1664606280,+3.48,+18.498, +7.062,+0.964
1664606340,+3.48,+18.523, +7.166,+0.963
1664606400,+3.48,+18.532, +7.252,+0.964
1664606460,+3.48,+18.523, +7.233,+0.964
1664606520,+3.48,+18.532, +7.298,+0.964
1664606580,+3.48,+18.532, +7.263,+0.963
1664606640,+3.48,+18.515, +7.141,+0.964
1664606700,+3.48,+18.515, +7.200,+0.964
1664606760,+3.48,+18.506, +7.468,+0.964
1664606820,+3.48,+18.506, +7.694,+0.963
1664606880,+3.48,+18.523, +7.823,+0.963
1664606940,+3.48,+18.515, +7.888,+0.964
1664607000,+3.48,+18.506, +7.891,+0.963
1664607060,+3.48,+18.506, +7.958,+0.963
1664607120,+3.48,+18.506, +8.017,+0.964
1664607180,+3.48,+18.515, +7.892,+0.964
1664607240,+3.48,+18.515, +7.769,+0.963
1664607300,+3.48,+18.515, +7.686,+0.963
1664607360,+3.48,+18.515, +7.706,+0.964
1664607420,+3.48,+18.506, +7.679,+0.963
1664607480,+3.48,+18.523, +7.628,+0.963
1664607540,+3.48,+18.515, +7.690,+0.964
1664607600,+3.48,+18.523, +7.661,+0.964
1664607660,+3.48,+18.523, +7.817,+0.964
1664607720,+3.48,+18.532, +7.877,+0.964
1664607780,+3.48,+18.515, +8.053,+0.964
1664607840,+3.48,+18.523, +8.120,+0.964
1664607900,+3.48,+18.515, +8.117,+0.964
1664607960,+3.48,+18.506, +8.017,+0.963
1664608020,+3.48,+18.515, +7.937,+0.964
1664608080,+3.48,+18.540, +7.755,+0.963
1664608140,+3.48,+18.540, +7.574,+0.963
1664608200,+3.48,+18.540, +7.533,+0.963
1664608260,+3.48,+18.565, +7.634,+0.963
1664608320,+3.48,+18.540, +7.694,+0.964
1664608380,+3.48,+18.540, +7.727,+0.964
1664608440,+3.48,+18.532, +7.766,+0.964
1664608500,+3.48,+18.540, +7.669,+0.964
1664608560,+3.48,+18.548, +7.458,+0.963
1664608620,+3.48,+18.548, +7.319,+0.963
1664608680,+3.48,+18.548, +7.346,+0.964
1664608740,+3.48,+18.548, +7.262,+0.963
1664608800,+3.48,+18.565, +7.156,+0.964
1664608860,+3.48,+18.565, +7.032,+0.964
1664608920,+3.48,+18.565, +6.898,+0.963
1664608980,+3.48,+18.574, +7.204,+0.964
1664609040,+3.48,+18.557, +7.385,+0.964
1664609100,+3.48,+18.548, +7.620,+0.963
1664609160,+3.48,+18.548, +7.870,+0.963
1664609220,+3.48,+18.557, +7.999,+0.964
1664609280,+3.48,+18.548, +8.016,+0.963
1664609340,+3.48,+18.574, +7.940,+0.963
1664609400,+3.48,+18.557, +7.856,+0.963
1664609460,+3.48,+18.565, +7.743,+0.963
1664609520,+3.48,+18.557, +7.647,+0.964
1664609580,+3.48,+18.582, +7.637,+0.963
1664609640,+3.48,+18.557, +7.609,+0.963
1664609700,+3.48,+18.565, +7.480,+0.963
1664609760,+3.48,+18.565, +7.685,+0.963
1664609820,+3.48,+18.582, +7.877,+0.964
1664609880,+3.48,+18.565, +7.961,+0.963
1664609940,+3.48,+18.565, +8.018,+0.963
1664610000,+3.48,+18.557, +8.003,+0.963
1664610060,+3.48,+18.565, +7.928,+0.963
1664610120,+3.48,+18.582, +7.936,+0.963
1664610180,+3.48,+18.565, +7.923,+0.964
1664610240,+3.48,+18.557, +7.740,+0.963
1664610300,+3.48,+18.574, +7.382,+0.963
1664610360,+3.48,+18.574, +7.157,+0.963
1664610420,+3.48,+18.574, +7.126,+0.964
1664610480,+3.48,+18.574, +7.257,+0.964
1664610540,+3.48,+18.582, +7.302,+0.964
1664610600,+3.48,+18.582, +7.295,+0.964
1664610660,+3.48,+18.582, +6.898,+0.963
1664610720,+3.48,+18.591, +6.705,+0.963
1664610780,+3.48,+18.582, +6.710,+0.964
1664610840,+3.48,+18.582, +6.792,+0.964
1664610900,+3.48,+18.574, +7.001,+0.964
1664610960,+3.48,+18.565, +7.414,+0.963
1664611020,+3.48,+18.599, +7.647,+0.964
1664611080,+3.48,+18.591, +7.789,+0.963
1664611140,+3.48,+18.591, +7.762,+0.964
1664611200,+3.48,+18.582, +7.644,+0.964
1664611260,+3.48,+18.591, +7.873,+0.964
1664611320,+3.48,+18.582, +7.950,+0.963
1664611380,+3.48,+18.591, +7.955,+0.964
1664611440,+3.48,+18.591, +7.915,+0.964
1664611500,+3.48,+18.599, +7.893,+0.964
1664611560,+3.48,+18.582, +7.734,+0.963
1664611620,+3.48,+18.591, +7.666,+0.963
1664611680,+3.48,+18.599, +7.527,+0.963
1664611740,+3.48,+18.599, +7.516,+0.964
1664611800,+3.48,+18.599, +7.590,+0.963
1664611860,+3.48,+18.599, +7.637,+0.963
1664611920,+3.48,+18.582, +7.707,+0.964
1664611980,+3.48,+18.582, +7.829,+0.964
1664612040,+3.48,+18.599, +7.882,+0.964
1664612100,+3.48,+18.582, +7.888,+0.963
1664612160,+3.48,+18.591, +7.600,+0.964
1664612220,+3.48,+18.607, +7.525,+0.964
1664612280,+3.48,+18.599, +7.564,+0.964
1664612340,+3.48,+18.591, +7.586,+0.963
1664612400,+3.48,+18.599, +7.585,+0.964
1664612460,+3.48,+18.599, +7.485,+0.964
1664612520,+3.48,+18.591, +7.384,+0.963
1664612580,+3.48,+18.599, +7.315,+0.963
1664612640,+3.48,+18.607, +7.290,+0.964
1664612700,+3.48,+18.591, +7.362,+0.963
1664612760,+3.48,+18.607, +7.388,+0.964
1664612820,+3.48,+18.616, +7.295,+0.964
1664612880,+3.48,+18.599, +7.282,+0.963
1664612940,+3.48,+18.607, +7.535,+0.964
1664613000,+3.48,+18.624, +7.662,+0.963
1664613060,+3.48,+18.616, +7.808,+0.963
1664613120,+3.48,+18.599, +7.903,+0.964
1664613180,+3.48,+18.599, +7.999,+0.963
1664613240,+3.48,+18.616, +8.034,+0.963
1664613300,+3.48,+18.607, +8.090,+0.963
1664613360,+3.48,+18.607, +8.142,+0.963
1664613420,+3.48,+18.607, +8.074,+0.963
1664613480,+3.48,+18.616, +7.997,+0.963
1664613540,+3.48,+18.599, +8.005,+0.963
1664613600,+3.48,+18.591, +8.045,+0.964
1664613660,+3.48,+18.582, +8.056,+0.963
1664613720,+3.48,+18.607, +8.039,+0.963
1664613780,+3.48,+18.599, +7.979,+0.964
1664613840,+3.48,+18.607, +8.040,+0.964
1664613900,+3.48,+18.616, +8.182,+0.964
1664613960,+3.48,+18.607, +8.230,+0.963
1664614020,+3.48,+18.607, +8.238,+0.964
1664614080,+3.48,+18.607, +8.171,+0.963
1664614140,+3.48,+18.607, +8.145,+0.963
1664614200,+3.48,+18.607, +8.142,+0.963
1664614260,+3.48,+18.591, +8.027,+0.964
1664614320,+3.48,+18.599, +7.893,+0.964
1664614380,+3.48,+18.599, +7.815,+0.964
1664614440,+3.48,+18.607, +7.812,+0.963
1664614500,+3.48,+18.616, +7.964,+0.964
1664614560,+3.48,+18.599, +7.984,+0.963
1664614620,+3.48,+18.607, +8.038,+0.964
1664614680,+3.48,+18.599, +8.063,+0.963
1664614740,+3.48,+18.616, +8.096,+0.964
1664614800,+3.48,+18.599, +8.063,+0.964
1664614860,+3.48,+18.591, +7.969,+0.963
1664614920,+3.48,+18.607, +7.908,+0.963
1664614980,+3.48,+18.607, +7.829,+0.964
1664615040,+3.48,+18.616, +7.770,+0.963
1664615100,+3.48,+18.607, +7.763,+0.963
1664615160,+3.48,+18.607, +7.780,+0.963
1664615220,+3.48,+18.591, +7.978,+0.963
1664615280,+3.48,+18.599, +8.183,+0.963
1664615340,+3.48,+18.599, +8.146,+0.963
1664615400,+3.48,+18.599, +8.152,+0.963
1664615460,+3.48,+18.599, +8.187,+0.964
1664615520,+3.48,+18.599, +8.151,+0.963
1664615580,+3.48,+18.582, +8.088,+0.963
1664615640,+3.48,+18.607, +8.043,+0.963
1664615700,+3.48,+18.599, +7.965,+0.963
1664615760,+3.48,+18.599, +7.914,+0.964
1664615820,+3.48,+18.591, +7.906,+0.963
1664615880,+3.48,+18.574, +7.899,+0.964
1664615940,+3.48,+18.574, +7.877,+0.964
1664616000,+3.48,+18.582, +7.822,+0.963
1664616060,+3.48,+18.582, +7.753,+0.964
1664616120,+3.48,+18.574, +7.840,+0.964
1664616180,+3.48,+18.574, +7.880,+0.963
1664616240,+3.48,+18.574, +7.903,+0.963
1664616300,+3.48,+18.574, +7.947,+0.964
1664616360,+3.48,+18.574, +7.874,+0.964
1664616420,+3.48,+18.574, +7.795,+0.964
1664616480,+3.48,+18.582, +7.750,+0.963
1664616540,+3.48,+18.557, +7.765,+0.964
1664616600,+3.48,+18.582, +7.769,+0.963
1664616660,+3.48,+18.582, +7.743,+0.964
1664616720,+3.48,+18.565, +7.698,+0.963
1664616780,+3.48,+18.574, +7.650,+0.964
1664616840,+3.48,+18.574, +7.742,+0.963
1664616900,+3.48,+18.582, +7.819,+0.964
1664616960,+3.48,+18.565, +7.818,+0.963
1664617020,+3.48,+18.565, +7.940,+0.963
1664617080,+3.48,+18.565, +8.168,+0.964
1664617140,+3.48,+18.548, +8.290,+0.964
1664617200,+3.48,+18.591, +8.188,+0.964
1664617260,+3.48,+18.599, +8.101,+0.964
1664617320,+3.48,+18.599, +8.122,+0.964
1664617380,+3.48,+18.624, +8.048,+0.964
1664617440,+3.48,+18.624, +7.976,+0.963
1664617500,+3.48,+18.633, +7.903,+0.963
1664617560,+3.48,+18.649, +7.835,+0.963
1664617620,+3.48,+18.649, +7.826,+0.964
1664617680,+3.48,+18.658, +7.730,+0.964
1664617740,+3.48,+18.666, +7.669,+0.963
1664617800,+3.48,+18.700, +7.669,+0.963
1664617860,+3.48,+18.725, +7.701,+0.964
1664617920,+3.48,+18.759, +7.688,+0.963
1664617980,+3.48,+18.767, +7.702,+0.964
1664618040,+3.48,+18.750, +7.691,+0.964
1664618100,+3.48,+18.776, +7.609,+0.963
1664618160,+3.48,+18.759, +7.492,+0.963
1664618220,+3.48,+18.792, +7.519,+0.964
1664618280,+3.48,+18.784, +7.521,+0.963
1664618340,+3.48,+18.784, +7.453,+0.963
1664618400,+3.48,+18.784, +7.429,+0.963
1664618460,+3.48,+18.784, +7.419,+0.964
1664618520,+3.48,+18.767, +7.364,+0.964
1664618580,+3.48,+18.801, +7.259,+0.964
1664618640,+3.48,+18.776, +7.011,+0.964
1664618700,+3.48,+18.792, +6.665,+0.964
1664618760,+3.48,+18.784, +6.413,+0.963
1664618820,+3.48,+18.801, +6.259,+0.964
1664618880,+3.48,+18.792, +6.334,+0.964
1664618940,+3.48,+18.792, +6.593,+0.963
1664619000,+3.48,+18.792, +6.913,+0.963
1664619060,+3.48,+18.792, +7.227,+0.964
1664619120,+3.48,+18.792, +7.481,+0.964
1664619180,+3.48,+18.826, +7.603,+0.963
1664619240,+3.48,+18.826, +7.596,+0.963
1664619300,+3.48,+18.801, +7.505,+0.963
1664619360,+3.48,+18.809, +7.347,+0.964
1664619420,+3.48,+18.826, +7.412,+0.964
1664619480,+3.48,+18.826, +7.449,+0.964
1664619540,+3.48,+18.818, +7.457,+0.963
1664619600,+3.48,+18.809, +7.505,+0.964
1664619660,+3.48,+18.826, +7.539,+0.964
1664619720,+3.48,+18.818, +7.562,+0.963
1664619780,+3.48,+18.801, +7.565,+0.964
1664619840,+3.48,+18.834, +7.553,+0.963
1664619900,+3.48,+18.826, +7.567,+0.963
1664619960,+3.48,+18.826, +7.560,+0.963
1664620020,+3.48,+18.834, +7.569,+0.963
1664620080,+3.48,+18.843, +7.559,+0.963
1664620140,+3.48,+18.826, +7.560,+0.963
1664620200,+3.48,+18.860, +7.583,+0.963
1664620260,+3.48,+18.843, +7.509,+0.963
1664620320,+3.48,+18.851, +7.475,+0.964
1664620380,+3.48,+18.851, +7.519,+0.964
1664620440,+3.48,+18.851, +7.548,+0.964
1664620500,+3.48,+18.860, +7.486,+0.964
1664620560,+3.48,+18.834, +7.380,+0.963
1664620620,+3.48,+18.843, +7.340,+0.964
1664620680,+3.48,+18.851, +7.308,+0.964
1664620740,+3.48,+18.851, +7.254,+0.963
1664620800,+3.48,+18.851, +7.227,+0.964
1664620860,+3.48,+18.860, +7.198,+0.964
1664620920,+3.48,+18.851, +7.148,+0.964
1664620980,+3.48,+18.868, +6.858,+0.963
1664621040,+3.48,+18.860, +6.684,+0.964
1664621100,+3.48,+18.851, +6.619,+0.963
1664621160,+3.48,+18.860, +6.516,+0.964
1664621220,+3.48,+18.843, +6.313,+0.963
1664621280,+3.48,+18.860, +6.144,+0.964
1664621340,+3.48,+18.851, +6.204,+0.963
1664621400,+3.48,+18.843, +6.304,+0.963
1664621460,+3.48,+18.834, +6.430,+0.964
1664621520,+3.48,+18.843, +6.688,+0.963
1664621580,+3.48,+18.851, +6.921,+0.964
1664621640,+3.48,+18.843, +7.099,+0.963
1664621700,+3.48,+18.877, +7.203,+0.964
1664621760,+3.48,+18.860, +7.280,+0.964
1664621820,+3.48,+18.843, +7.301,+0.963
1664621880,+3.48,+18.860, +7.339,+0.963
1664621940,+3.48,+18.868, +7.346,+0.963
1664622000,+3.48,+18.860, +7.327,+0.964
1664622060,+3.48,+18.851, +7.317,+0.963
1664622120,+3.48,+18.868, +7.335,+0.964
1664622180,+3.48,+18.843, +7.340,+0.963
1664622240,+3.48,+18.851, +7.384,+0.963
1664622300,+3.48,+18.834, +7.412,+0.964
1664622360,+3.48,+18.834, +7.415,+0.963
1664622420,+3.48,+18.843, +7.339,+0.964
1664622480,+3.48,+18.834, +7.164,+0.964
1664622540,+3.48,+18.843, +7.037,+0.963
1664622600,+3.48,+18.818, +6.990,+0.964
1664622660,+3.48,+18.834, +6.872,+0.963
1664622720,+3.48,+18.809, +6.735,+0.963
1664622780,+3.48,+18.826, +6.681,+0.963
1664622840,+3.48,+18.809, +6.596,+0.964
1664622900,+3.48,+18.818, +6.563,+0.964
1664622960,+3.48,+18.801, +6.304,+0.963
1664623020,+3.48,+18.809, +6.205,+0.963
1664623080,+3.48,+18.792, +6.415,+0.963
1664623140,+3.48,+18.834, +6.642,+0.963
1664623200,+3.48,+18.818, +6.841,+0.963
1664623260,+3.48,+18.801, +7.026,+0.964
1664623320,+3.48,+18.776, +7.205,+0.963
1664623380,+3.48,+18.759, +7.331,+0.964
1664623440,+3.48,+18.767, +7.428,+0.963
1664623500,+3.48,+18.776, +7.522,+0.964
1664623560,+3.48,+18.750, +7.597,+0.963
1664623620,+3.48,+18.742, +7.626,+0.963
1664623680,+3.48,+18.742, +7.629,+0.963
1664623740,+3.48,+18.750, +7.664,+0.963
1664623800,+3.48,+18.734, +7.697,+0.963
1664623860,+3.48,+18.734, +7.699,+0.963
1664623920,+3.48,+18.725, +7.702,+0.964
1664623980,+3.48,+18.776, +7.670,+0.963
1664624040,+3.48,+18.750, +7.651,+0.964
1664624100,+3.48,+18.750, +7.619,+0.963
1664624160,+3.48,+18.742, +7.603,+0.963
1664624220,+3.48,+18.759, +7.581,+0.963
1664624280,+3.48,+18.750, +7.570,+0.964
1664624340,+3.48,+18.759, +7.548,+0.963
1664624400,+3.48,+18.750, +7.520,+0.964
1664624460,+3.48,+18.759, +7.473,+0.963
1664624520,+3.48,+18.767, +7.398,+0.963
1664624580,+3.48,+18.750, +7.319,+0.964
1664624640,+3.48,+18.759, +7.152,+0.963
1664624700,+3.48,+18.759, +7.072,+0.964
1664624760,+3.48,+18.767, +7.024,+0.963
1664624820,+3.48,+18.759, +7.015,+0.964
1664624880,+3.48,+18.759, +7.006,+0.963
1664624940,+3.48,+18.776, +7.029,+0.964
1664625000,+3.48,+18.750, +7.096,+0.963
1664625060,+3.48,+18.742, +7.220,+0.964
1664625120,+3.48,+18.742, +7.298,+0.964
1664625180,+3.48,+18.750, +7.303,+0.964
1664625240,+3.48,+18.742, +7.386,+0.963
1664625300,+3.48,+18.742, +7.487,+0.964
1664625360,+3.48,+18.767, +7.512,+0.963
1664625420,+3.48,+18.750, +7.508,+0.963
1664625480,+3.48,+18.742, +7.531,+0.963
1664625540,+3.48,+18.734, +7.555,+0.963
1664625600,+3.48,+18.725, +7.535,+0.963
1664625660,+3.48,+18.734, +7.531,+0.964
1664625720,+3.48,+18.734, +7.529,+0.964
1664625780,+3.48,+18.734, +7.523,+0.964
1664625840,+3.48,+18.725, +7.513,+0.963
1664625900,+3.48,+18.725, +7.511,+0.963
1664625960,+3.48,+18.734, +7.493,+0.964
1664626020,+3.48,+18.717, +7.482,+0.963
1664626080,+3.48,+18.717, +7.415,+0.963
1664626140,+3.48,+18.725, +7.389,+0.964
1664626200,+3.48,+18.725, +7.383,+0.964
1664626260,+3.48,+18.734, +7.345,+0.963
1664626320,+3.48,+18.734, +7.305,+0.964
1664626380,+3.48,+18.734, +7.279,+0.964
1664626440,+3.48,+18.725, +7.193,+0.963
1664626500,+3.48,+18.717, +7.055,+0.964
1664626560,+3.48,+18.734, +7.018,+0.963
1664626620,+3.48,+18.725, +6.991,+0.964
1664626680,+3.48,+18.725, +6.957,+0.963
1664626740,+3.48,+18.742, +6.973,+0.964
1664626800,+3.48,+18.759, +6.998,+0.963
1664626860,+3.48,+18.717, +7.018,+0.963
1664626920,+3.48,+18.759, +7.019,+0.964
1664626980,+3.48,+18.734, +6.975,+0.963
1664627040,+3.48,+18.734, +6.936,+0.964
1664627100,+3.48,+18.717, +6.903,+0.963
1664627160,+3.48,+18.734, +6.890,+0.964
1664627220,+3.48,+18.734, +6.872,+0.963
1664627280,+3.48,+18.717, +6.887,+0.964
1664627340,+3.48,+18.717, +6.851,+0.964
1664627400,+3.48,+18.725, +6.774,+0.963
1664627460,+3.48,+18.725, +6.730,+0.963
1664627520,+3.48,+18.734, +6.713,+0.963
1664627580,+3.48,+18.700, +6.773,+0.964
1664627640,+3.48,+18.717, +7.010,+0.963
1664627700,+3.48,+18.692, +7.294,+0.964
1664627760,+3.48,+18.683, +7.497,+0.964
1664627820,+3.48,+18.683, +7.598,+0.963
1664627880,+3.48,+18.675, +7.657,+0.964
1664627940,+3.48,+18.649, +7.715,+0.964
1664628000,+3.48,+18.666, +7.748,+0.963
1664628060,+3.48,+18.633, +7.807,+0.963
1664628120,+3.48,+18.649, +7.823,+0.963
1664628180,+3.48,+18.641, +7.817,+0.963
1664628240,+3.48,+18.624, +7.845,+0.963
1664628300,+3.48,+18.633, +7.874,+0.964
1664628360,+3.48,+18.633, +7.895,+0.963
1664628420,+3.48,+18.616, +7.906,+0.963
1664628480,+3.48,+18.624, +7.907,+0.963
1664628540,+3.48,+18.616, +7.919,+0.963
1664628600,+3.48,+18.607, +7.926,+0.963
1664628660,+3.48,+18.633, +7.922,+0.964
1664628720,+3.48,+18.641, +7.904,+0.963
1664628780,+3.48,+18.633, +7.843,+0.964
1664628840,+3.48,+18.633, +7.758,+0.963
1664628900,+3.48,+18.616, +7.730,+0.964
1664628960,+3.48,+18.641, +7.684,+0.964
1664629020,+3.48,+18.633, +7.655,+0.964
1664629080,+3.48,+18.641, +7.639,+0.963
1664629140,+3.48,+18.633, +7.666,+0.963
1664629200,+3.48,+18.624, +7.681,+0.963
1664629260,+3.48,+18.616, +7.715,+0.963
1664629320,+3.48,+18.633, +7.683,+0.964
1664629380,+3.48,+18.633, +7.701,+0.963
1664629440,+3.48,+18.633, +7.717,+0.963
1664629500,+3.48,+18.624, +7.729,+0.963
1664629560,+3.48,+18.633, +7.728,+0.964
1664629620,+3.48,+18.641, +7.706,+0.963
1664629680,+3.48,+18.641, +7.708,+0.963
1664629740,+3.48,+18.633, +7.689,+0.963
1664629800,+3.48,+18.658, +7.679,+0.963
1664629860,+3.48,+18.641, +7.702,+0.963
1664629920,+3.48,+18.633, +7.756,+0.963
1664629980,+3.48,+18.624, +7.800,+0.964
1664630040,+3.48,+18.599, +7.837,+0.964
1664630100,+3.48,+18.599, +7.868,+0.963
1664630160,+3.48,+18.574, +7.945,+0.963
1664630220,+3.48,+18.565, +7.985,+0.963
1664630280,+3.48,+18.548, +8.014,+0.963
1664630340,+3.48,+18.548, +8.030,+0.963
1664630400,+3.48,+18.540, +8.062,+0.963
1664630460,+3.48,+18.540, +8.093,+0.964
1664630520,+3.48,+18.515, +8.093,+0.963
1664630580,+3.48,+18.540, +8.056,+0.963
1664630640,+3.48,+18.532, +8.048,+0.963
1664630700,+3.48,+18.548, +8.004,+0.963
1664630760,+3.48,+18.532, +7.956,+0.963
1664630820,+3.48,+18.540, +7.900,+0.963
1664630880,+3.48,+18.532, +7.885,+0.963
1664630940,+3.48,+18.506, +7.904,+0.963
1664631000,+3.48,+18.506, +7.928,+0.963
1664631060,+3.48,+18.498, +7.917,+0.963
1664631120,+3.48,+18.515, +7.910,+0.963
1664631180,+3.48,+18.540, +7.904,+0.963
1664631240,+3.48,+18.540, +7.925,+0.963
1664631300,+3.48,+18.506, +7.915,+0.963
1664631360,+3.48,+18.515, +7.945,+0.963
1664631420,+3.48,+18.506, +7.993,+0.964
1664631480,+3.48,+18.498, +8.033,+0.963
1664631540,+3.48,+18.506, +8.078,+0.963
1664631600,+3.48,+18.515, +8.098,+0.963
1664631660,+3.48,+18.506, +8.144,+0.963
1664631720,+3.48,+18.490, +8.169,+0.964
1664631780,+3.48,+18.473, +8.179,+0.963
1664631840,+3.48,+18.490, +8.186,+0.963
1664631900,+3.48,+18.481, +8.189,+0.963
1664631960,+3.48,+18.473, +8.173,+0.963
1664632020,+3.48,+18.447, +8.170,+0.964
1664632080,+3.48,+18.464, +8.186,+0.964
1664632140,+3.48,+18.481, +8.162,+0.963
1664632200,+3.48,+18.464, +8.159,+0.963
1664632260,+3.48,+18.473, +8.161,+0.964
1664632320,+3.48,+18.481, +8.145,+0.963
1664632380,+3.48,+18.473, +8.141,+0.963
1664632440,+3.48,+18.473, +8.138,+0.964
1664632500,+3.48,+18.490, +8.070,+0.964
1664632560,+3.48,+18.490, +7.974,+0.963
1664632620,+3.48,+18.481, +7.909,+0.963
1664632680,+3.48,+18.456, +7.766,+0.963
1664632740,+3.48,+18.498, +7.838,+0.964
1664632800,+3.48,+18.481, +7.904,+0.963
1664632860,+3.48,+18.456, +7.921,+0.963
1664632920,+3.48,+18.481, +7.932,+0.963
1664632980,+3.48,+18.473, +7.929,+0.963
1664633040,+3.48,+18.431, +8.002,+0.963
1664633100,+3.48,+18.456, +7.976,+0.963
1664633160,+3.48,+18.464, +8.086,+0.963
1664633220,+3.48,+18.439, +8.141,+0.963
1664633280,+3.48,+18.456, +8.166,+0.963
1664633340,+3.48,+18.456, +8.178,+0.963
1664633400,+3.48,+18.431, +8.181,+0.964
1664633460,+3.48,+18.473, +8.141,+0.963
1664633520,+3.48,+18.456, +8.134,+0.963
1664633580,+3.48,+18.456, +8.121,+0.963
1664633640,+3.48,+18.464, +8.096,+0.964
1664633700,+3.48,+18.447, +8.106,+0.963
1664633760,+3.48,+18.447, +8.101,+0.963
1664633820,+3.48,+18.456, +8.117,+0.964
1664633880,+3.48,+18.431, +8.136,+0.964
1664633940,+3.48,+18.464, +8.107,+0.963
1664634000,+3.48,+18.447, +8.103,+0.963
1664634060,+3.48,+18.447, +8.087,+0.963
1664634120,+3.48,+18.422, +8.089,+0.964
1664634180,+3.48,+18.456, +8.085,+0.963
1664634240,+3.48,+18.431, +8.093,+0.963
1664634300,+3.48,+18.456, +8.088,+0.963
1664634360,+3.48,+18.464, +8.080,+0.964
1664634420,+3.48,+18.473, +8.030,+0.963
1664634480,+3.48,+18.456, +7.948,+0.963
1664634540,+3.48,+18.464, +7.840,+0.963
1664634600,+3.48,+18.481, +7.766,+0.963
1664634660,+3.48,+18.473, +7.641,+0.963
1664634720,+3.48,+18.473, +7.505,+0.963
1664634780,+3.48,+18.464, +7.425,+0.963
1664634840,+3.48,+18.456, +7.470,+0.963
1664634900,+3.48,+18.473, +7.526,+0.963
1664634960,+3.48,+18.447, +7.592,+0.964
1664635020,+3.48,+18.456, +7.639,+0.963
1664635080,+3.48,+18.447, +7.692,+0.964
1664635140,+3.48,+18.473, +7.661,+0.963
1664635200,+3.48,+18.464, +7.652,+0.963
1664635260,+3.48,+18.456, +7.707,+0.963
1664635320,+3.48,+18.456, +7.747,+0.964
1664635380,+3.48,+18.473, +7.692,+0.963
1664635440,+3.48,+18.464, +7.712,+0.963
1664635500,+3.48,+18.481, +7.734,+0.963
1664635560,+3.48,+18.473, +7.701,+0.964
1664635620,+3.48,+18.464, +7.487,+0.964
1664635680,+3.48,+18.464, +7.271,+0.964
1664635740,+3.48,+18.447, +7.221,+0.963
1664635800,+3.48,+18.439, +7.226,+0.964
1664635860,+3.48,+18.447, +7.106,+0.963
1664635920,+3.48,+18.414, +6.928,+0.963
1664635980,+3.48,+18.431, +6.744,+0.963
1664636040,+3.48,+18.414, +7.010,+0.963
1664636100,+3.48,+18.422, +7.281,+0.963
1664636160,+3.48,+18.405, +7.408,+0.963
1664636220,+3.48,+18.414, +7.504,+0.963
1664636280,+3.48,+18.422, +7.497,+0.964
1664636340,+3.48,+18.414, +7.480,+0.964
1664636400,+3.48,+18.414, +7.448,+0.963
1664636460,+3.48,+18.422, +7.696,+0.963
1664636520,+3.48,+18.414, +7.737,+0.963
1664636580,+3.48,+18.422, +7.487,+0.964
1664636640,+3.48,+18.405, +7.395,+0.963
1664636700,+3.48,+18.405, +7.382,+0.963
1664636760,+3.48,+18.422, +7.432,+0.964
1664636820,+3.48,+18.439, +7.461,+0.963
1664636880,+3.48,+18.422, +7.497,+0.963
1664636940,+3.48,+18.431, +7.615,+0.964
1664637000,+3.48,+18.422, +7.735,+0.963
1664637060,+3.48,+18.431, +7.791,+0.963
1664637120,+3.48,+18.422, +7.814,+0.963
1664637180,+3.48,+18.422, +7.841,+0.963
1664637240,+3.48,+18.414, +7.874,+0.963
1664637300,+3.48,+18.414, +7.896,+0.963
1664637360,+3.48,+18.405, +7.890,+0.963
1664637420,+3.48,+18.431, +7.900,+0.963
1664637480,+3.48,+18.447, +7.859,+0.963
1664637540,+3.48,+18.431, +7.787,+0.964
1664637600,+3.48,+18.431, +7.795,+0.964
1664637660,+3.48,+18.422, +7.808,+0.963
1664637720,+3.48,+18.422, +7.834,+0.963
1664637780,+3.48,+18.414, +7.884,+0.963
1664637840,+3.48,+18.431, +7.887,+0.963
1664637900,+3.48,+18.397, +7.922,+0.963
1664637960,+3.48,+18.397, +7.950,+0.963
1664638020,+3.48,+18.414, +7.771,+0.963
1664638080,+3.48,+18.414, +7.699,+0.964
1664638140,+3.48,+18.422, +7.596,+0.963
1664638200,+3.48,+18.414, +7.585,+0.963
1664638260,+3.48,+18.431, +7.562,+0.963
1664638320,+3.48,+18.431, +7.602,+0.963
1664638380,+3.48,+18.439, +7.641,+0.964
1664638440,+3.48,+18.414, +7.582,+0.964
1664638500,+3.48,+18.405, +7.598,+0.963
1664638560,+3.48,+18.397, +7.554,+0.963
1664638620,+3.48,+18.397, +7.390,+0.963
1664638680,+3.48,+18.397, +7.445,+0.963
1664638740,+3.48,+18.405, +7.604,+0.963
1664638800,+3.48,+18.380, +7.779,+0.963
1664638860,+3.48,+18.380, +7.934,+0.963
1664638920,+3.48,+18.355, +7.957,+0.964
1664638980,+3.48,+18.355, +7.959,+0.963
1664639040,+3.48,+18.346, +7.908,+0.963
1664639100,+3.48,+18.338, +7.847,+0.963
1664639160,+3.48,+18.363, +7.788,+0.963
1664639220,+3.48,+18.355, +7.608,+0.963
1664639280,+3.48,+18.321, +7.547,+0.963
1664639340,+3.48,+18.304, +7.779,+0.963
1664639400,+3.48,+18.321, +7.841,+0.963
1664639460,+3.48,+18.296, +7.927,+0.963
1664639520,+3.48,+18.262, +7.937,+0.964
1664639580,+3.48,+18.287, +7.942,+0.963
1664639640,+3.48,+18.296, +8.002,+0.963
1664639700,+3.48,+18.271, +8.013,+0.963
1664639760,+3.48,+18.287, +8.039,+0.963
1664639820,+3.48,+18.262, +8.054,+0.963
1664639880,+3.48,+18.254, +8.151,+0.963
1664639940,+3.48,+18.228, +8.170,+0.964
1664640000,+3.48,+18.271, +8.084,+0.963
1664640060,+3.48,+18.262, +8.099,+0.963
1664640120,+3.48,+18.254, +7.991,+0.963
1664640180,+3.48,+18.262, +7.763,+0.964
1664640240,+3.48,+18.237, +7.834,+0.963
1664640300,+3.48,+18.262, +7.990,+0.963
1664640360,+3.48,+18.220, +8.101,+0.963
1664640420,+3.48,+18.220, +8.186,+0.963
1664640480,+3.48,+18.203, +8.188,+0.963
1664640540,+3.48,+18.203, +8.216,+0.963
1664640600,+3.48,+18.203, +8.250,+0.963
1664640660,+3.48,+18.186, +8.296,+0.963
1664640720,+3.48,+18.203, +8.373,+0.964
1664640780,+3.48,+18.203, +8.419,+0.963
1664640840,+3.48,+18.203, +8.414,+0.964
1664640900,+3.48,+18.186, +8.417,+0.964
1664640960,+3.48,+18.186, +8.351,+0.964
1664641020,+3.48,+18.203, +8.352,+0.963
1664641080,+3.48,+18.186, +8.367,+0.963
1664641140,+3.48,+18.186, +8.365,+0.963
1664641200,+3.48,+18.203, +8.345,+0.964
1664641260,+3.48,+18.186, +8.223,+0.964
1664641320,+3.48,+18.195, +8.195,+0.963
1664641380,+3.48,+18.212, +8.176,+0.963
1664641440,+3.48,+18.186, +8.133,+0.963
1664641500,+3.48,+18.178, +7.982,+0.963
1664641560,+3.48,+18.195, +7.844,+0.964
1664641620,+3.48,+18.186, +7.778,+0.963
1664641680,+3.48,+18.195, +7.796,+0.964
1664641740,+3.48,+18.195, +7.916,+0.963
1664641800,+3.48,+18.178, +8.039,+0.963
1664641860,+3.48,+18.195, +8.057,+0.963
1664641920,+3.48,+18.195, +8.070,+0.963
1664641980,+3.48,+18.186, +7.980,+0.963
1664642040,+3.48,+18.169, +7.898,+0.963
1664642100,+3.48,+18.169, +7.953,+0.963
1664642160,+3.48,+18.153, +8.242,+0.963
1664642220,+3.48,+18.127, +8.361,+0.963
1664642280,+3.49,+18.144, +8.398,+0.963
1664642340,+3.48,+18.136, +8.394,+0.964
1664642400,+3.48,+18.144, +8.389,+0.963
1664642460,+3.48,+18.136, +8.323,+0.964
1664642520,+3.48,+18.127, +8.152,+0.963
1664642580,+3.48,+18.144, +8.042,+0.963
1664642640,+3.48,+18.119, +7.971,+0.964
1664642700,+3.48,+18.136, +8.042,+0.963
1664642760,+3.48,+18.119, +8.173,+0.963
1664642820,+3.48,+18.127, +8.290,+0.964
1664642880,+3.48,+18.119, +8.302,+0.964
