7450-383325
OS REV: 1.05 Sensor Cal: 1644949570
Time (sec),  BV (Volts),  T (deg C),  DO (mg/l),  Q ()
1664124540,+3.48,+18.944, +8.564,+0.965
1664124600,+3.48,+18.919, +8.552,+0.965
1664124660,+3.48,+18.944, +8.522,+0.965
1664124720,+3.48,+18.961, +8.508,+0.965
1664124780,+3.48,+18.961, +8.533,+0.965
1664124840,+3.48,+18.952, +8.566,+0.965
1664124900,+3.48,+18.952, +8.597,+0.966
1664124960,+3.48,+18.977, +8.732,+0.965
1664125020,+3.48,+18.969, +8.841,+0.965
1664125080,+3.48,+18.986, +8.853,+0.965
1664125140,+3.48,+18.961, +8.754,+0.965
1664125200,+3.48,+18.977, +8.667,+0.966
1664125260,+3.48,+18.952, +8.509,+0.965
1664125320,+3.48,+18.952, +8.475,+0.965
1664125380,+3.48,+18.944, +8.502,+0.965
1664125440,+3.48,+18.935, +8.552,+0.965
1664125500,+3.48,+18.935, +8.565,+0.965
1664125560,+3.48,+18.961, +8.582,+0.965
1664125620,+3.48,+18.952, +8.633,+0.965
1664125680,+3.48,+18.961, +8.759,+0.966
1664125740,+3.48,+18.952, +8.810,+0.966
1664125800,+3.48,+18.952, +8.844,+0.965
1664125860,+3.48,+18.952, +8.842,+0.965
1664125920,+3.48,+18.919, +8.824,+0.965
1664125980,+3.48,+18.927, +8.820,+0.965
1664126040,+3.48,+18.910, +8.835,+0.965
1664126100,+3.48,+18.919, +8.868,+0.966
1664126160,+3.48,+18.919, +8.908,+0.965
1664126220,+3.48,+18.919, +8.940,+0.966
1664126280,+3.48,+18.944, +8.909,+0.965
1664126340,+3.48,+18.944, +8.925,+0.965
1664126400,+3.48,+18.977, +8.966,+0.966
1664126460,+3.48,+18.977, +9.023,+0.965
1664126520,+3.48,+18.952, +9.018,+0.965
1664126580,+3.48,+19.003, +9.111,+0.966
1664126640,+3.48,+19.028, +9.160,+0.966
1664126700,+3.49,+19.045, +9.177,+0.966
1664126760,+3.49,+19.053, +9.189,+0.966
1664126820,+3.49,+19.078, +9.218,+0.966
1664126880,+3.49,+19.087, +9.269,+0.966
1664126940,+3.49,+19.112, +9.331,+0.966
1664127000,+3.49,+19.120, +9.364,+0.966
1664127060,+3.49,+19.137, +9.384,+0.966
1664127120,+3.49,+19.112, +9.379,+0.965
1664127180,+3.49,+19.129, +9.386,+0.966
1664127240,+3.49,+19.129, +9.371,+0.965
1664127300,+3.49,+19.120, +9.385,+0.966
1664127360,+3.49,+19.129, +9.367,+0.965
1664127420,+3.49,+19.154, +9.326,+0.966
1664127480,+3.49,+19.137, +9.325,+0.965
1664127540,+3.49,+19.137, +9.329,+0.965
1664127600,+3.49,+19.145, +9.323,+0.966
1664127660,+3.49,+19.145, +9.351,+0.966
1664127720,+3.49,+19.154, +9.356,+0.965
1664127780,+3.49,+19.145, +9.360,+0.966
1664127840,+3.48,+19.162, +9.378,+0.966
1664127900,+3.49,+19.154, +9.402,+0.965
1664127960,+3.49,+19.154, +9.417,+0.965
1664128020,+3.49,+19.154, +9.433,+0.966
1664128080,+3.49,+19.171, +9.438,+0.966
1664128140,+3.49,+19.145, +9.466,+0.965
1664128200,+3.49,+19.137, +9.472,+0.965
1664128260,+3.49,+19.145, +9.479,+0.965
1664128320,+3.49,+19.162, +9.503,+0.966
1664128380,+3.49,+19.145, +9.535,+0.966
1664128440,+3.49,+19.154, +9.606,+0.965
1664128500,+3.49,+19.162, +9.671,+0.966
1664128560,+3.49,+19.154, +9.688,+0.966
1664128620,+3.49,+19.162, +9.679,+0.965
1664128680,+3.49,+19.145, +9.688,+0.965
1664128740,+3.49,+19.154, +9.693,+0.966
1664128800,+3.49,+19.154, +9.699,+0.965
1664128860,+3.49,+19.162, +9.700,+0.966
1664128920,+3.49,+19.137, +9.596,+0.965
1664128980,+3.49,+19.120, +9.531,+0.966
1664129040,+3.49,+19.120, +9.461,+0.966
1664129100,+3.49,+19.112, +9.389,+0.965
1664129160,+3.49,+19.087, +9.371,+0.965
1664129220,+3.49,+19.087, +9.357,+0.966
1664129280,+3.49,+19.078, +9.314,+0.965
1664129340,+3.49,+19.095, +9.208,+0.965
1664129400,+3.49,+19.087, +9.135,+0.965
1664129460,+3.49,+19.078, +9.057,+0.966
1664129520,+3.49,+19.061, +9.056,+0.966
1664129580,+3.49,+19.095, +9.038,+0.966
1664129640,+3.49,+19.053, +9.097,+0.966
1664129700,+3.49,+19.070, +9.125,+0.965
1664129760,+3.49,+19.087, +9.213,+0.966
1664129820,+3.49,+19.120, +9.452,+0.966
1664129880,+3.49,+19.095, +9.527,+0.965
1664129940,+3.49,+19.120, +9.507,+0.966
1664130000,+3.49,+19.103, +9.469,+0.966
1664130060,+3.49,+19.095, +9.405,+0.966
1664130120,+3.49,+19.103, +9.347,+0.966
1664130180,+3.49,+19.095, +9.291,+0.965
1664130240,+3.49,+19.078, +9.278,+0.966
1664130300,+3.49,+19.095, +9.258,+0.965
1664130360,+3.49,+19.070, +9.270,+0.966
1664130420,+3.49,+19.078, +9.272,+0.966
1664130480,+3.49,+19.070, +9.274,+0.966
1664130540,+3.49,+19.078, +9.270,+0.965
1664130600,+3.49,+19.078, +9.293,+0.965
1664130660,+3.49,+19.053, +9.285,+0.965
1664130720,+3.49,+19.087, +9.308,+0.965
1664130780,+3.49,+19.061, +9.367,+0.966
1664130840,+3.49,+19.078, +9.381,+0.965
1664130900,+3.49,+19.095, +9.433,+0.965
1664130960,+3.48,+19.061, +9.468,+0.966
1664131020,+3.49,+19.070, +9.455,+0.965
1664131080,+3.49,+19.095, +9.501,+0.965
1664131140,+3.49,+19.070, +9.543,+0.965
1664131200,+3.49,+19.087, +9.558,+0.966
1664131260,+3.49,+19.103, +9.567,+0.966
1664131320,+3.49,+19.103, +9.575,+0.966
1664131380,+3.49,+19.120, +9.560,+0.965
1664131440,+3.49,+19.129, +9.551,+0.966
1664131500,+3.49,+19.137, +9.538,+0.965
1664131560,+3.49,+19.137, +9.562,+0.966
1664131620,+3.49,+19.129, +9.596,+0.966
1664131680,+3.49,+19.154, +9.607,+0.965
1664131740,+3.49,+19.162, +9.613,+0.966
1664131800,+3.49,+19.171, +9.646,+0.966
1664131860,+3.49,+19.187, +9.657,+0.966
1664131920,+3.49,+19.171, +9.686,+0.966
1664131980,+3.49,+19.196, +9.697,+0.966
1664132040,+3.49,+19.213, +9.748,+0.966
1664132100,+3.49,+19.229, +9.847,+0.966
1664132160,+3.49,+19.246, +9.881,+0.965
1664132220,+3.49,+19.229, +9.874,+0.966
1664132280,+3.49,+19.238, +9.879,+0.966
1664132340,+3.49,+19.246, +9.886,+0.966
1664132400,+3.49,+19.196, +9.667,+0.966
1664132460,+3.49,+19.171, +9.665,+0.966
1664132520,+3.49,+19.187, +9.610,+0.965
1664132580,+3.49,+19.162, +9.525,+0.965
1664132640,+3.49,+19.154, +9.517,+0.965
1664132700,+3.49,+19.154, +9.495,+0.965
1664132760,+3.49,+19.154, +9.465,+0.966
1664132820,+3.49,+19.129, +9.475,+0.965
1664132880,+3.49,+19.154, +9.477,+0.965
1664132940,+3.49,+19.162, +9.513,+0.966
1664133000,+3.49,+19.171, +9.592,+0.966
1664133060,+3.49,+19.171, +9.667,+0.966
1664133120,+3.49,+19.162, +9.691,+0.966
1664133180,+3.49,+19.171, +9.722,+0.965
1664133240,+3.49,+19.179, +9.757,+0.966
1664133300,+3.49,+19.171, +9.795,+0.966
1664133360,+3.49,+19.187, +9.843,+0.966
1664133420,+3.49,+19.196, +9.869,+0.965
1664133480,+3.49,+19.196, +9.911,+0.966
1664133540,+3.49,+19.196, +9.927,+0.966
1664133600,+3.49,+19.204, +9.948,+0.966
1664133660,+3.49,+19.213, +9.965,+0.966
1664133720,+3.49,+19.213, +9.955,+0.965
1664133780,+3.49,+19.221, +9.986,+0.966
1664133840,+3.49,+19.238,+10.013,+0.966
1664133900,+3.49,+19.229,+10.035,+0.966
1664133960,+3.49,+19.246,+10.061,+0.966
1664134020,+3.49,+19.263,+10.081,+0.966
1664134080,+3.49,+19.255,+10.112,+0.966
1664134140,+3.49,+19.263,+10.122,+0.965
1664134200,+3.49,+19.255,+10.164,+0.966
1664134260,+3.49,+19.271,+10.208,+0.966
1664134320,+3.49,+19.280,+10.243,+0.966
1664134380,+3.49,+19.280,+10.250,+0.966
1664134440,+3.49,+19.280,+10.218,+0.965
1664134500,+3.49,+19.280,+10.234,+0.966
1664134560,+3.49,+19.263,+10.222,+0.966
1664134620,+3.49,+19.280,+10.202,+0.966
1664134680,+3.49,+19.280,+10.193,+0.965
1664134740,+3.49,+19.271,+10.202,+0.966
1664134800,+3.49,+19.280,+10.226,+0.966
1664134860,+3.49,+19.288,+10.214,+0.966
1664134920,+3.49,+19.297,+10.213,+0.966
1664134980,+3.49,+19.288,+10.233,+0.966
1664135040,+3.49,+19.313,+10.234,+0.966
1664135100,+3.49,+19.322,+10.226,+0.966
1664135160,+3.48,+19.322,+10.253,+0.966
1664135220,+3.48,+19.322,+10.254,+0.966
1664135280,+3.48,+19.330,+10.252,+0.966
1664135340,+3.48,+19.330,+10.267,+0.967
1664135400,+3.48,+19.313,+10.265,+0.966
1664135460,+3.48,+19.330,+10.266,+0.966
1664135520,+3.49,+19.355,+10.257,+0.966
1664135580,+3.49,+19.347,+10.250,+0.965
1664135640,+3.49,+19.330,+10.264,+0.966
1664135700,+3.48,+19.322,+10.263,+0.966
1664135760,+3.49,+19.338,+10.278,+0.966
1664135820,+3.49,+19.347,+10.276,+0.966
1664135880,+3.48,+19.347,+10.298,+0.966
1664135940,+3.49,+19.347,+10.279,+0.966
1664136000,+3.48,+19.380,+10.260,+0.966
1664136060,+3.48,+19.364,+10.310,+0.966
1664136120,+3.49,+19.364,+10.324,+0.966
1664136180,+3.49,+19.364,+10.319,+0.966
1664136240,+3.48,+19.372,+10.307,+0.966
1664136300,+3.48,+19.380,+10.294,+0.966
1664136360,+3.48,+19.364,+10.294,+0.966
1664136420,+3.48,+19.364,+10.280,+0.966
1664136480,+3.48,+19.364,+10.274,+0.966
1664136540,+3.48,+19.372,+10.323,+0.966
1664136600,+3.49,+19.347,+10.357,+0.966
1664136660,+3.48,+19.372,+10.356,+0.965
1664136720,+3.48,+19.364,+10.382,+0.967
1664136780,+3.48,+19.355,+10.389,+0.966
1664136840,+3.48,+19.347,+10.421,+0.966
1664136900,+3.48,+19.355,+10.431,+0.966
1664136960,+3.48,+19.355,+10.447,+0.966
1664137020,+3.48,+19.338,+10.490,+0.966
1664137080,+3.48,+19.355,+10.467,+0.966
1664137140,+3.48,+19.347,+10.465,+0.966
1664137200,+3.48,+19.330,+10.460,+0.966
1664137260,+3.48,+19.364,+10.428,+0.966
1664137320,+3.49,+19.330,+10.422,+0.965
1664137380,+3.49,+19.338,+10.436,+0.966
1664137440,+3.48,+19.338,+10.433,+0.966
1664137500,+3.48,+19.330,+10.444,+0.966
1664137560,+3.48,+19.338,+10.422,+0.966
1664137620,+3.48,+19.330,+10.404,+0.966
1664137680,+3.48,+19.347,+10.389,+0.966
1664137740,+3.49,+19.330,+10.379,+0.966
1664137800,+3.49,+19.338,+10.368,+0.966
1664137860,+3.49,+19.338,+10.374,+0.966
1664137920,+3.49,+19.322,+10.387,+0.966
1664137980,+3.49,+19.355,+10.392,+0.966
1664138040,+3.49,+19.355,+10.369,+0.966
1664138100,+3.48,+19.355,+10.381,+0.966
1664138160,+3.49,+19.347,+10.383,+0.966
1664138220,+3.48,+19.347,+10.389,+0.966
1664138280,+3.48,+19.364,+10.386,+0.966
1664138340,+3.48,+19.355,+10.404,+0.966
1664138400,+3.48,+19.355,+10.413,+0.966
1664138460,+3.49,+19.347,+10.420,+0.966
1664138520,+3.49,+19.330,+10.430,+0.966
1664138580,+3.49,+19.338,+10.428,+0.966
1664138640,+3.49,+19.322,+10.432,+0.966
1664138700,+3.49,+19.338,+10.405,+0.966
1664138760,+3.49,+19.322,+10.386,+0.966
1664138820,+3.49,+19.322,+10.363,+0.966
1664138880,+3.49,+19.338,+10.362,+0.966
1664138940,+3.49,+19.330,+10.326,+0.966
1664139000,+3.49,+19.322,+10.259,+0.966
1664139060,+3.49,+19.322,+10.156,+0.966
1664139120,+3.49,+19.305,+10.079,+0.966
1664139180,+3.49,+19.280,+10.013,+0.965
1664139240,+3.49,+19.280, +9.988,+0.965
1664139300,+3.49,+19.280, +9.969,+0.965
1664139360,+3.49,+19.271, +9.968,+0.965
1664139420,+3.49,+19.263, +9.959,+0.965
1664139480,+3.49,+19.255, +9.954,+0.966
1664139540,+3.49,+19.246, +9.944,+0.965
1664139600,+3.49,+19.271, +9.904,+0.966
1664139660,+3.49,+19.271, +9.864,+0.966
1664139720,+3.49,+19.246, +9.861,+0.965
1664139780,+3.49,+19.255, +9.843,+0.965
1664139840,+3.49,+19.263, +9.837,+0.965
1664139900,+3.49,+19.246, +9.822,+0.965
1664139960,+3.49,+19.263, +9.815,+0.965
1664140020,+3.49,+19.263, +9.820,+0.966
1664140080,+3.49,+19.271, +9.792,+0.965
1664140140,+3.49,+19.280, +9.782,+0.965
1664140200,+3.49,+19.280, +9.763,+0.965
1664140260,+3.49,+19.280, +9.827,+0.966
1664140320,+3.49,+19.271, +9.835,+0.966
1664140380,+3.49,+19.288, +9.831,+0.966
1664140440,+3.49,+19.288, +9.826,+0.965
1664140500,+3.49,+19.305, +9.837,+0.966
1664140560,+3.49,+19.305, +9.839,+0.966
1664140620,+3.49,+19.280, +9.852,+0.966
1664140680,+3.49,+19.313, +9.820,+0.965
1664140740,+3.49,+19.313, +9.840,+0.966
1664140800,+3.49,+19.297, +9.827,+0.965
1664140860,+3.49,+19.322, +9.814,+0.965
1664140920,+3.49,+19.288, +9.818,+0.966
1664140980,+3.49,+19.288, +9.806,+0.965
1664141040,+3.49,+19.280, +9.814,+0.966
1664141100,+3.49,+19.297, +9.806,+0.967
1664141160,+3.49,+19.288, +9.796,+0.966
1664141220,+3.49,+19.305, +9.811,+0.966
1664141280,+3.49,+19.288, +9.824,+0.966
1664141340,+3.49,+19.297, +9.814,+0.965
1664141400,+3.49,+19.297, +9.830,+0.965
1664141460,+3.49,+19.305, +9.828,+0.965
1664141520,+3.49,+19.288, +9.843,+0.966
1664141580,+3.49,+19.288, +9.829,+0.965
1664141640,+3.49,+19.288, +9.832,+0.966
1664141700,+3.49,+19.280, +9.824,+0.966
1664141760,+3.49,+19.263, +9.817,+0.965
1664141820,+3.49,+19.271, +9.804,+0.966
1664141880,+3.49,+19.288, +9.795,+0.966
1664141940,+3.49,+19.297, +9.824,+0.966
1664142000,+3.49,+19.271, +9.809,+0.966
1664142060,+3.49,+19.280, +9.792,+0.966
1664142120,+3.49,+19.255, +9.791,+0.966
1664142180,+3.49,+19.271, +9.776,+0.965
1664142240,+3.49,+19.271, +9.764,+0.965
1664142300,+3.49,+19.263, +9.770,+0.965
1664142360,+3.49,+19.246, +9.752,+0.965
1664142420,+3.49,+19.246, +9.752,+0.966
1664142480,+3.49,+19.263, +9.727,+0.966
1664142540,+3.49,+19.246, +9.700,+0.965
1664142600,+3.49,+19.263, +9.719,+0.966
1664142660,+3.49,+19.229, +9.703,+0.966
1664142720,+3.49,+19.221, +9.709,+0.966
1664142780,+3.49,+19.229, +9.726,+0.965
1664142840,+3.49,+19.229, +9.755,+0.966
1664142900,+3.49,+19.213, +9.773,+0.966
1664142960,+3.49,+19.204, +9.767,+0.966
1664143020,+3.49,+19.229, +9.729,+0.965
1664143080,+3.49,+19.204, +9.749,+0.965
1664143140,+3.49,+19.196, +9.761,+0.966
1664143200,+3.49,+19.204, +9.781,+0.966
1664143260,+3.49,+19.204, +9.783,+0.966
1664143320,+3.49,+19.179, +9.794,+0.966
1664143380,+3.49,+19.196, +9.763,+0.966
1664143440,+3.49,+19.196, +9.765,+0.966
1664143500,+3.49,+19.196, +9.772,+0.966
1664143560,+3.49,+19.187, +9.793,+0.966
1664143620,+3.49,+19.213, +9.794,+0.965
1664143680,+3.49,+19.204, +9.810,+0.966
1664143740,+3.49,+19.196, +9.814,+0.966
1664143800,+3.49,+19.196, +9.807,+0.966
1664143860,+3.49,+19.196, +9.812,+0.966
1664143920,+3.49,+19.213, +9.809,+0.966
1664143980,+3.49,+19.196, +9.817,+0.966
1664144040,+3.49,+19.204, +9.822,+0.966
1664144100,+3.49,+19.196, +9.833,+0.965
1664144160,+3.49,+19.204, +9.816,+0.966
1664144220,+3.49,+19.213, +9.790,+0.965
1664144280,+3.49,+19.213, +9.758,+0.966
1664144340,+3.49,+19.196, +9.752,+0.966
1664144400,+3.49,+19.213, +9.714,+0.966
1664144460,+3.49,+19.213, +9.700,+0.965
1664144520,+3.49,+19.204, +9.675,+0.966
1664144580,+3.49,+19.196, +9.613,+0.965
1664144640,+3.49,+19.213, +9.549,+0.965
1664144700,+3.49,+19.187, +9.531,+0.966
1664144760,+3.49,+19.179, +9.566,+0.966
1664144820,+3.49,+19.171, +9.589,+0.965
1664144880,+3.49,+19.162, +9.609,+0.965
1664144940,+3.49,+19.145, +9.603,+0.965
1664145000,+3.49,+19.154, +9.590,+0.965
1664145060,+3.49,+19.145, +9.572,+0.965
1664145120,+3.49,+19.154, +9.566,+0.965
1664145180,+3.49,+19.162, +9.571,+0.965
1664145240,+3.49,+19.162, +9.566,+0.965
1664145300,+3.49,+19.145, +9.604,+0.965
1664145360,+3.49,+19.129, +9.604,+0.966
1664145420,+3.49,+19.137, +9.606,+0.966
1664145480,+3.49,+19.145, +9.609,+0.966
1664145540,+3.49,+19.145, +9.566,+0.966
1664145600,+3.49,+19.137, +9.583,+0.965
1664145660,+3.49,+19.137, +9.603,+0.966
1664145720,+3.49,+19.129, +9.564,+0.966
1664145780,+3.49,+19.129, +9.547,+0.965
1664145840,+3.49,+19.137, +9.569,+0.965
1664145900,+3.49,+19.129, +9.589,+0.966
1664145960,+3.49,+19.154, +9.602,+0.966
1664146020,+3.49,+19.120, +9.624,+0.966
1664146080,+3.49,+19.137, +9.619,+0.966
1664146140,+3.49,+19.137, +9.643,+0.966
1664146200,+3.49,+19.120, +9.665,+0.966
1664146260,+3.49,+19.137, +9.663,+0.966
1664146320,+3.49,+19.137, +9.654,+0.966
1664146380,+3.49,+19.129, +9.661,+0.966
1664146440,+3.49,+19.120, +9.663,+0.965
1664146500,+3.49,+19.137, +9.641,+0.965
1664146560,+3.49,+19.137, +9.650,+0.966
1664146620,+3.49,+19.154, +9.635,+0.966
1664146680,+3.49,+19.137, +9.670,+0.965
1664146740,+3.49,+19.154, +9.693,+0.966
1664146800,+3.49,+19.137, +9.680,+0.966
1664146860,+3.49,+19.129, +9.670,+0.966
1664146920,+3.49,+19.137, +9.667,+0.965
1664146980,+3.49,+19.137, +9.662,+0.966
1664147040,+3.49,+19.137, +9.654,+0.966
1664147100,+3.49,+19.137, +9.584,+0.966
1664147160,+3.49,+19.137, +9.613,+0.966
1664147220,+3.49,+19.145, +9.632,+0.965
1664147280,+3.49,+19.154, +9.615,+0.965
1664147340,+3.49,+19.145, +9.636,+0.966
1664147400,+3.49,+19.145, +9.634,+0.966
1664147460,+3.49,+19.145, +9.646,+0.966
1664147520,+3.49,+19.137, +9.577,+0.966
1664147580,+3.49,+19.145, +9.585,+0.966
1664147640,+3.49,+19.154, +9.606,+0.966
1664147700,+3.49,+19.162, +9.647,+0.966
1664147760,+3.49,+19.137, +9.660,+0.966
1664147820,+3.49,+19.145, +9.630,+0.965
1664147880,+3.49,+19.162, +9.614,+0.965
1664147940,+3.49,+19.154, +9.591,+0.966
1664148000,+3.49,+19.145, +9.622,+0.966
1664148060,+3.49,+19.137, +9.656,+0.966
1664148120,+3.49,+19.137, +9.672,+0.965
1664148180,+3.49,+19.162, +9.649,+0.965
1664148240,+3.49,+19.162, +9.662,+0.965
1664148300,+3.49,+19.137, +9.679,+0.966
1664148360,+3.49,+19.171, +9.668,+0.966
1664148420,+3.49,+19.154, +9.650,+0.965
1664148480,+3.49,+19.129, +9.652,+0.965
1664148540,+3.49,+19.145, +9.650,+0.965
1664148600,+3.49,+19.145, +9.655,+0.966
1664148660,+3.49,+19.154, +9.650,+0.965
1664148720,+3.49,+19.154, +9.650,+0.966
1664148780,+3.49,+19.145, +9.639,+0.966
1664148840,+3.49,+19.154, +9.624,+0.966
1664148900,+3.49,+19.145, +9.629,+0.966
1664148960,+3.49,+19.162, +9.605,+0.966
1664149020,+3.49,+19.162, +9.625,+0.965
1664149080,+3.49,+19.145, +9.622,+0.966
1664149140,+3.49,+19.171, +9.619,+0.966
1664149200,+3.49,+19.145, +9.603,+0.966
1664149260,+3.49,+19.162, +9.602,+0.966
1664149320,+3.49,+19.154, +9.625,+0.965
1664149380,+3.49,+19.171, +9.616,+0.966
1664149440,+3.49,+19.145, +9.613,+0.965
1664149500,+3.49,+19.154, +9.622,+0.965
1664149560,+3.49,+19.162, +9.596,+0.965
1664149620,+3.49,+19.154, +9.613,+0.966
1664149680,+3.49,+19.179, +9.614,+0.965
1664149740,+3.49,+19.171, +9.601,+0.965
1664149800,+3.49,+19.162, +9.632,+0.966
1664149860,+3.49,+19.162, +9.613,+0.966
1664149920,+3.49,+19.154, +9.605,+0.965
1664149980,+3.49,+19.154, +9.631,+0.966
1664150040,+3.49,+19.179, +9.619,+0.966
1664150100,+3.49,+19.171, +9.606,+0.965
1664150160,+3.49,+19.171, +9.598,+0.966
1664150220,+3.49,+19.162, +9.580,+0.966
1664150280,+3.49,+19.154, +9.609,+0.966
1664150340,+3.49,+19.162, +9.598,+0.966
1664150400,+3.49,+19.162, +9.605,+0.965
1664150460,+3.49,+19.154, +9.576,+0.966
1664150520,+3.49,+19.179, +9.590,+0.966
1664150580,+3.49,+19.154, +9.617,+0.965
1664150640,+3.49,+19.171, +9.634,+0.966
1664150700,+3.49,+19.162, +9.626,+0.966
1664150760,+3.49,+19.171, +9.627,+0.966
1664150820,+3.49,+19.171, +9.613,+0.965
1664150880,+3.49,+19.162, +9.605,+0.966
1664150940,+3.49,+19.154, +9.563,+0.965
1664151000,+3.49,+19.171, +9.599,+0.965
1664151060,+3.49,+19.154, +9.609,+0.965
1664151120,+3.49,+19.154, +9.561,+0.966
1664151180,+3.49,+19.187, +9.492,+0.965
1664151240,+3.49,+19.145, +9.400,+0.966
1664151300,+3.49,+19.162, +9.328,+0.966
1664151360,+3.49,+19.162, +9.237,+0.966
1664151420,+3.49,+19.162, +9.129,+0.965
1664151480,+3.49,+19.137, +9.144,+0.965
1664151540,+3.49,+19.154, +9.116,+0.965
1664151600,+3.49,+19.162, +9.140,+0.966
1664151660,+3.49,+19.145, +9.139,+0.965
1664151720,+3.49,+19.162, +9.146,+0.965
1664151780,+3.49,+19.162, +9.136,+0.966
1664151840,+3.49,+19.154, +9.121,+0.965
1664151900,+3.49,+19.154, +9.122,+0.966
1664151960,+3.49,+19.120, +9.129,+0.966
1664152020,+3.49,+19.137, +9.075,+0.965
1664152080,+3.49,+19.120, +9.074,+0.965
1664152140,+3.49,+19.137, +9.047,+0.965
1664152200,+3.49,+19.129, +9.102,+0.965
1664152260,+3.49,+19.112, +9.087,+0.965
1664152320,+3.49,+19.137, +9.056,+0.965
1664152380,+3.49,+19.137, +9.073,+0.965
1664152440,+3.49,+19.120, +9.104,+0.965
1664152500,+3.49,+19.112, +9.091,+0.966
1664152560,+3.49,+19.154, +9.055,+0.965
1664152620,+3.49,+19.120, +9.101,+0.966
1664152680,+3.49,+19.129, +9.090,+0.966
1664152740,+3.49,+19.129, +9.122,+0.966
1664152800,+3.49,+19.112, +9.106,+0.965
1664152860,+3.49,+19.120, +9.079,+0.965
1664152920,+3.49,+19.112, +9.094,+0.965
1664152980,+3.49,+19.103, +9.100,+0.966
1664153040,+3.49,+19.129, +9.081,+0.966
1664153100,+3.49,+19.129, +9.048,+0.965
1664153160,+3.49,+19.129, +9.059,+0.965
1664153220,+3.49,+19.112, +9.087,+0.966
1664153280,+3.49,+19.103, +9.082,+0.965
1664153340,+3.49,+19.120, +9.078,+0.965
1664153400,+3.49,+19.120, +9.067,+0.965
1664153460,+3.49,+19.112, +9.057,+0.965
1664153520,+3.49,+19.095, +9.051,+0.965
1664153580,+3.49,+19.103, +9.055,+0.965
1664153640,+3.49,+19.120, +9.069,+0.965
1664153700,+3.49,+19.087, +9.083,+0.965
1664153760,+3.49,+19.103, +9.052,+0.965
1664153820,+3.49,+19.112, +9.081,+0.966
1664153880,+3.49,+19.112, +9.061,+0.966
1664153940,+3.49,+19.120, +9.061,+0.965
1664154000,+3.49,+19.095, +9.081,+0.965
1664154060,+3.49,+19.103, +9.074,+0.965
1664154120,+3.49,+19.112, +9.070,+0.966
1664154180,+3.49,+19.103, +9.064,+0.965
1664154240,+3.49,+19.095, +8.811,+0.965
1664154300,+3.49,+19.112, +8.483,+0.965
1664154360,+3.49,+19.103, +8.344,+0.965
1664154420,+3.49,+19.087, +8.278,+0.965
1664154480,+3.49,+19.103, +8.237,+0.965
1664154540,+3.49,+19.112, +8.265,+0.965
1664154600,+3.49,+19.103, +8.333,+0.965
1664154660,+3.49,+19.129, +8.333,+0.965
1664154720,+3.49,+19.137, +8.314,+0.965
1664154780,+3.49,+19.137, +8.271,+0.965
1664154840,+3.49,+19.137, +8.247,+0.965
1664154900,+3.49,+19.120, +8.228,+0.965
1664154960,+3.49,+19.120, +8.227,+0.966
1664155020,+3.49,+19.129, +8.210,+0.965
1664155080,+3.49,+19.145, +8.198,+0.965
1664155140,+3.49,+19.137, +8.241,+0.966
1664155200,+3.49,+19.154, +8.243,+0.965
1664155260,+3.49,+19.145, +8.258,+0.965
1664155320,+3.49,+19.145, +8.286,+0.965
1664155380,+3.49,+19.179, +8.297,+0.965
1664155440,+3.49,+19.162, +8.382,+0.965
1664155500,+3.49,+19.171, +8.423,+0.966
1664155560,+3.49,+19.187, +8.453,+0.965
1664155620,+3.49,+19.187, +8.497,+0.965
1664155680,+3.49,+19.204, +8.516,+0.965
1664155740,+3.49,+19.213, +8.576,+0.966
1664155800,+3.49,+19.196, +8.604,+0.966
1664155860,+3.49,+19.196, +8.616,+0.965
1664155920,+3.49,+19.213, +8.629,+0.966
1664155980,+3.49,+19.221, +8.643,+0.965
1664156040,+3.49,+19.221, +8.644,+0.965
1664156100,+3.49,+19.221, +8.673,+0.965
1664156160,+3.49,+19.238, +8.653,+0.965
1664156220,+3.49,+19.221, +8.686,+0.965
1664156280,+3.49,+19.229, +8.691,+0.965
1664156340,+3.49,+19.221, +8.623,+0.965
1664156400,+3.49,+19.238, +8.635,+0.966
1664156460,+3.49,+19.238, +8.618,+0.965
1664156520,+3.49,+19.238, +8.628,+0.965
1664156580,+3.49,+19.229, +8.648,+0.966
1664156640,+3.49,+19.213, +8.656,+0.965
1664156700,+3.49,+19.238, +8.666,+0.965
1664156760,+3.49,+19.229, +8.674,+0.965
1664156820,+3.49,+19.238, +8.515,+0.965
1664156880,+3.49,+19.238, +8.450,+0.965
1664156940,+3.49,+19.238, +8.573,+0.965
1664157000,+3.49,+19.246, +8.701,+0.965
1664157060,+3.49,+19.238, +8.755,+0.965
1664157120,+3.49,+19.238, +8.774,+0.965
1664157180,+3.49,+19.255, +8.802,+0.965
1664157240,+3.49,+19.255, +8.794,+0.965
1664157300,+3.49,+19.238, +8.796,+0.966
1664157360,+3.49,+19.280, +8.786,+0.965
1664157420,+3.49,+19.280, +8.817,+0.965
1664157480,+3.49,+19.263, +8.841,+0.965
1664157540,+3.49,+19.255, +8.845,+0.965
1664157600,+3.49,+19.271, +8.855,+0.966
1664157660,+3.49,+19.271, +8.826,+0.965
1664157720,+3.49,+19.288, +8.808,+0.965
1664157780,+3.49,+19.288, +8.812,+0.965
1664157840,+3.49,+19.271, +8.813,+0.965
1664157900,+3.49,+19.297, +8.798,+0.965
1664157960,+3.49,+19.297, +8.806,+0.965
1664158020,+3.49,+19.288, +8.819,+0.966
1664158080,+3.49,+19.305, +8.807,+0.965
1664158140,+3.49,+19.297, +8.811,+0.965
1664158200,+3.49,+19.305, +8.805,+0.965
1664158260,+3.49,+19.271, +8.824,+0.965
1664158320,+3.49,+19.313, +8.813,+0.965
1664158380,+3.49,+19.288, +8.811,+0.965
1664158440,+3.49,+19.297, +8.787,+0.966
1664158500,+3.49,+19.297, +8.722,+0.965
1664158560,+3.49,+19.305, +8.712,+0.966
1664158620,+3.49,+19.297, +8.684,+0.965
1664158680,+3.49,+19.288, +8.637,+0.965
1664158740,+3.49,+19.313, +8.606,+0.965
1664158800,+3.49,+19.297, +8.370,+0.965
1664158860,+3.49,+19.305, +8.275,+0.965
1664158920,+3.49,+19.305, +8.165,+0.965
1664158980,+3.49,+19.313, +8.130,+0.965
1664159040,+3.49,+19.305, +8.274,+0.965
1664159100,+3.49,+19.313, +8.339,+0.965
1664159160,+3.49,+19.280, +8.464,+0.965
1664159220,+3.49,+19.322, +8.450,+0.965
1664159280,+3.49,+19.297, +8.390,+0.965
1664159340,+3.49,+19.297, +8.338,+0.965
1664159400,+3.49,+19.288, +8.355,+0.966
1664159460,+3.49,+19.280, +8.321,+0.965
1664159520,+3.49,+19.280, +8.382,+0.965
1664159580,+3.49,+19.288, +8.241,+0.965
1664159640,+3.49,+19.288, +8.072,+0.965
1664159700,+3.49,+19.271, +8.055,+0.965
1664159760,+3.49,+19.297, +7.886,+0.964
1664159820,+3.49,+19.305, +7.931,+0.965
1664159880,+3.49,+19.305, +7.964,+0.965
1664159940,+3.49,+19.297, +8.064,+0.965
1664160000,+3.49,+19.271, +8.290,+0.965
1664160060,+3.49,+19.280, +8.441,+0.965
1664160120,+3.49,+19.263, +8.520,+0.965
1664160180,+3.49,+19.271, +8.533,+0.965
1664160240,+3.49,+19.255, +8.638,+0.965
1664160300,+3.49,+19.255, +8.691,+0.965
1664160360,+3.49,+19.255, +8.731,+0.965
1664160420,+3.49,+19.246, +8.735,+0.965
1664160480,+3.49,+19.263, +8.716,+0.965
1664160540,+3.49,+19.229, +8.693,+0.965
1664160600,+3.49,+19.238, +8.636,+0.965
1664160660,+3.49,+19.255, +8.593,+0.965
1664160720,+3.49,+19.255, +8.575,+0.965
1664160780,+3.49,+19.263, +8.556,+0.965
1664160840,+3.49,+19.246, +8.573,+0.965
1664160900,+3.49,+19.263, +8.553,+0.965
1664160960,+3.49,+19.238, +8.588,+0.966
1664161020,+3.49,+19.246, +8.640,+0.965
1664161080,+3.49,+19.238, +8.686,+0.966
1664161140,+3.49,+19.255, +8.686,+0.965
1664161200,+3.49,+19.246, +8.711,+0.965
1664161260,+3.49,+19.246, +8.734,+0.965
1664161320,+3.49,+19.238, +8.803,+0.965
1664161380,+3.49,+19.229, +8.862,+0.966
1664161440,+3.49,+19.221, +8.869,+0.965
1664161500,+3.49,+19.204, +8.921,+0.965
1664161560,+3.49,+19.213, +8.914,+0.965
1664161620,+3.49,+19.213, +8.935,+0.965
1664161680,+3.49,+19.179, +8.947,+0.965
1664161740,+3.49,+19.204, +8.940,+0.965
1664161800,+3.49,+19.187, +8.954,+0.966
1664161860,+3.49,+19.171, +8.961,+0.966
1664161920,+3.49,+19.171, +8.966,+0.966
1664161980,+3.49,+19.179, +8.957,+0.965
1664162040,+3.49,+19.179, +8.959,+0.966
1664162100,+3.49,+19.162, +8.921,+0.965
1664162160,+3.49,+19.162, +8.855,+0.965
1664162220,+3.49,+19.187, +8.684,+0.965
1664162280,+3.49,+19.179, +8.719,+0.965
1664162340,+3.49,+19.204, +8.718,+0.965
1664162400,+3.49,+19.221, +8.641,+0.965
1664162460,+3.49,+19.229, +8.636,+0.966
1664162520,+3.49,+19.238, +8.644,+0.965
1664162580,+3.49,+19.271, +8.678,+0.965
1664162640,+3.49,+19.271, +8.589,+0.966
1664162700,+3.49,+19.305, +8.454,+0.965
1664162760,+3.49,+19.288, +8.393,+0.965
1664162820,+3.49,+19.297, +8.094,+0.965
1664162880,+3.49,+19.322, +7.472,+0.965
1664162940,+3.49,+19.322, +7.896,+0.965
1664163000,+3.49,+19.305, +8.338,+0.966
1664163060,+3.49,+19.305, +8.601,+0.966
1664163120,+3.49,+19.313, +8.740,+0.965
1664163180,+3.49,+19.305, +8.791,+0.966
1664163240,+3.49,+19.313, +8.799,+0.966
1664163300,+3.49,+19.322, +8.790,+0.966
1664163360,+3.49,+19.338, +8.784,+0.965
1664163420,+3.49,+19.347, +8.764,+0.965
1664163480,+3.49,+19.347, +8.747,+0.965
1664163540,+3.49,+19.330, +8.720,+0.965
1664163600,+3.49,+19.338, +8.664,+0.965
1664163660,+3.49,+19.330, +8.580,+0.965
1664163720,+3.49,+19.355, +8.512,+0.965
1664163780,+3.49,+19.330, +8.475,+0.965
1664163840,+3.49,+19.355, +8.531,+0.965
1664163900,+3.49,+19.355, +8.538,+0.965
1664163960,+3.49,+19.330, +8.580,+0.966
1664164020,+3.49,+19.347, +8.571,+0.965
1664164080,+3.49,+19.330, +8.567,+0.965
1664164140,+3.49,+19.330, +8.544,+0.966
1664164200,+3.49,+19.338, +8.598,+0.965
1664164260,+3.49,+19.355, +8.562,+0.965
1664164320,+3.49,+19.355, +8.521,+0.966
1664164380,+3.49,+19.364, +8.445,+0.965
1664164440,+3.49,+19.355, +8.485,+0.966
1664164500,+3.49,+19.347, +8.469,+0.965
1664164560,+3.49,+19.338, +8.445,+0.965
1664164620,+3.49,+19.355, +8.478,+0.966
1664164680,+3.49,+19.347, +8.443,+0.965
1664164740,+3.49,+19.355, +8.444,+0.965
1664164800,+3.49,+19.347, +8.447,+0.965
1664164860,+3.49,+19.347, +8.438,+0.965
1664164920,+3.49,+19.355, +8.591,+0.965
1664164980,+3.49,+19.338, +8.630,+0.965
1664165040,+3.49,+19.338, +8.632,+0.965
1664165100,+3.49,+19.347, +8.634,+0.965
1664165160,+3.49,+19.347, +8.622,+0.965
1664165220,+3.49,+19.347, +8.640,+0.965
1664165280,+3.49,+19.372, +8.667,+0.966
1664165340,+3.49,+19.347, +8.682,+0.965
1664165400,+3.49,+19.364, +8.704,+0.965
1664165460,+3.49,+19.364, +8.708,+0.965
1664165520,+3.48,+19.372, +8.747,+0.965
1664165580,+3.49,+19.372, +8.786,+0.965
1664165640,+3.49,+19.389, +8.833,+0.966
1664165700,+3.49,+19.380, +8.846,+0.965
1664165760,+3.49,+19.389, +8.861,+0.966
1664165820,+3.49,+19.397, +8.868,+0.966
1664165880,+3.49,+19.397, +8.846,+0.965
1664165940,+3.49,+19.389, +8.822,+0.965
1664166000,+3.49,+19.406, +8.811,+0.965
1664166060,+3.49,+19.397, +8.575,+0.965
1664166120,+3.49,+19.389, +8.587,+0.965
1664166180,+3.49,+19.389, +8.621,+0.965
1664166240,+3.49,+19.397, +8.707,+0.965
1664166300,+3.49,+19.380, +8.731,+0.965
1664166360,+3.49,+19.406, +8.727,+0.966
1664166420,+3.49,+19.397, +8.719,+0.965
1664166480,+3.49,+19.389, +8.757,+0.966
1664166540,+3.49,+19.380, +8.745,+0.965
1664166600,+3.49,+19.347, +8.770,+0.965
1664166660,+3.49,+19.330, +8.782,+0.965
1664166720,+3.49,+19.280, +8.728,+0.965
1664166780,+3.49,+19.246, +8.416,+0.965
1664166840,+3.49,+19.187, +8.196,+0.966
1664166900,+3.49,+19.196, +8.249,+0.965
1664166960,+3.49,+19.196, +8.446,+0.966
1664167020,+3.49,+19.213, +8.629,+0.965
1664167080,+3.49,+19.187, +8.475,+0.965
1664167140,+3.49,+19.179, +8.382,+0.965
1664167200,+3.49,+19.162, +8.271,+0.965
1664167260,+3.49,+19.196, +8.625,+0.965
1664167320,+3.49,+19.271, +8.676,+0.965
1664167380,+3.49,+19.322, +8.655,+0.965
1664167440,+3.49,+19.364, +8.677,+0.966
1664167500,+3.49,+19.414, +8.676,+0.965
1664167560,+3.49,+19.439, +8.730,+0.966
1664167620,+3.49,+19.456, +8.735,+0.966
1664167680,+3.48,+19.473, +8.730,+0.966
1664167740,+3.49,+19.481, +8.724,+0.965
1664167800,+3.48,+19.515, +8.721,+0.965
1664167860,+3.48,+19.523, +8.701,+0.965
1664167920,+3.48,+19.531, +8.730,+0.965
1664167980,+3.48,+19.523, +8.715,+0.965
1664168040,+3.48,+19.531, +8.613,+0.965
1664168100,+3.48,+19.531, +8.558,+0.965
1664168160,+3.48,+19.540, +8.562,+0.965
1664168220,+3.48,+19.531, +8.562,+0.965
1664168280,+3.48,+19.540, +8.554,+0.966
1664168340,+3.48,+19.548, +8.347,+0.965
1664168400,+3.48,+19.548, +8.543,+0.965
1664168460,+3.48,+19.540, +8.645,+0.965
1664168520,+3.48,+19.540, +8.668,+0.965
1664168580,+3.48,+19.531, +8.705,+0.965
1664168640,+3.48,+19.498, +8.723,+0.966
1664168700,+3.48,+19.473, +8.728,+0.965
1664168760,+3.49,+19.431, +8.733,+0.965
1664168820,+3.49,+19.414, +8.733,+0.965
1664168880,+3.49,+19.414, +8.716,+0.965
1664168940,+3.49,+19.389, +8.736,+0.966
1664169000,+3.49,+19.380, +8.736,+0.965
1664169060,+3.49,+19.406, +8.728,+0.965
1664169120,+3.49,+19.389, +8.729,+0.966
1664169180,+3.48,+19.439, +8.708,+0.965
1664169240,+3.48,+19.439, +8.713,+0.965
1664169300,+3.48,+19.473, +8.703,+0.965
1664169360,+3.48,+19.473, +8.711,+0.965
1664169420,+3.48,+19.490, +8.739,+0.966
1664169480,+3.48,+19.498, +8.736,+0.966
1664169540,+3.48,+19.506, +8.717,+0.965
1664169600,+3.48,+19.523, +8.704,+0.965
1664169660,+3.48,+19.540, +8.703,+0.965
1664169720,+3.48,+19.540, +8.685,+0.965
1664169780,+3.48,+19.540, +8.621,+0.965
1664169840,+3.48,+19.531, +8.611,+0.965
1664169900,+3.48,+19.557, +8.461,+0.965
1664169960,+3.48,+19.540, +8.294,+0.965
1664170020,+3.48,+19.540, +8.165,+0.965
1664170080,+3.48,+19.548, +8.196,+0.965
1664170140,+3.48,+19.557, +8.145,+0.965
1664170200,+3.48,+19.565, +8.121,+0.965
1664170260,+3.48,+19.548, +8.147,+0.965
1664170320,+3.48,+19.531, +8.157,+0.965
1664170380,+3.48,+19.557, +8.158,+0.965
1664170440,+3.48,+19.548, +7.865,+0.965
1664170500,+3.48,+19.548, +7.658,+0.965
1664170560,+3.48,+19.531, +7.811,+0.965
1664170620,+3.48,+19.540, +8.068,+0.965
1664170680,+3.48,+19.523, +8.295,+0.965
1664170740,+3.48,+19.506, +8.456,+0.965
1664170800,+3.48,+19.506, +8.569,+0.965
1664170860,+3.49,+19.498, +8.655,+0.966
1664170920,+3.49,+19.515, +8.642,+0.965
1664170980,+3.49,+19.498, +8.647,+0.965
1664171040,+3.48,+19.523, +8.655,+0.965
1664171100,+3.48,+19.498, +8.663,+0.965
1664171160,+3.48,+19.515, +8.655,+0.965
1664171220,+3.48,+19.523, +8.656,+0.965
1664171280,+3.48,+19.540, +8.643,+0.965
1664171340,+3.48,+19.540, +8.645,+0.966
1664171400,+3.48,+19.531, +8.628,+0.965
1664171460,+3.48,+19.531, +8.662,+0.966
1664171520,+3.48,+19.540, +8.659,+0.965
1664171580,+3.48,+19.557, +8.679,+0.965
1664171640,+3.48,+19.565, +8.664,+0.965
1664171700,+3.48,+19.548, +8.680,+0.965
1664171760,+3.48,+19.590, +8.636,+0.965
1664171820,+3.48,+19.599, +8.616,+0.965
1664171880,+3.48,+19.599, +8.526,+0.965
1664171940,+3.48,+19.590, +8.580,+0.965
1664172000,+3.48,+19.599, +8.557,+0.965
1664172060,+3.48,+19.607, +8.386,+0.965
1664172120,+3.48,+19.599, +8.451,+0.965
1664172180,+3.48,+19.590, +8.419,+0.965
1664172240,+3.48,+19.590, +8.373,+0.965
1664172300,+3.48,+19.582, +8.171,+0.965
1664172360,+3.48,+19.599, +8.024,+0.965
1664172420,+3.48,+19.590, +8.022,+0.965
1664172480,+3.48,+19.582, +8.322,+0.965
1664172540,+3.48,+19.582, +8.435,+0.965
1664172600,+3.48,+19.582, +8.516,+0.965
1664172660,+3.48,+19.590, +8.527,+0.965
1664172720,+3.48,+19.582, +8.544,+0.966
1664172780,+3.48,+19.582, +8.539,+0.965
1664172840,+3.48,+19.565, +8.562,+0.965
1664172900,+3.48,+19.573, +8.417,+0.965
1664172960,+3.48,+19.565, +8.396,+0.965
1664173020,+3.48,+19.565, +8.441,+0.965
1664173080,+3.48,+19.590, +8.462,+0.966
1664173140,+3.48,+19.582, +8.503,+0.965
1664173200,+3.48,+19.590, +8.410,+0.965
1664173260,+3.48,+19.582, +8.323,+0.965
1664173320,+3.48,+19.599, +8.181,+0.965
1664173380,+3.48,+19.573, +8.263,+0.965
1664173440,+3.48,+19.590, +8.292,+0.965
1664173500,+3.48,+19.599, +8.380,+0.965
1664173560,+3.48,+19.590, +8.450,+0.965
1664173620,+3.48,+19.582, +8.464,+0.965
1664173680,+3.48,+19.590, +8.453,+0.965
1664173740,+3.48,+19.607, +8.372,+0.965
1664173800,+3.48,+19.599, +8.243,+0.964
1664173860,+3.48,+19.599, +8.157,+0.965
1664173920,+3.48,+19.607, +8.114,+0.965
1664173980,+3.48,+19.599, +8.068,+0.965
1664174040,+3.48,+19.607, +7.981,+0.965
1664174100,+3.48,+19.607, +7.858,+0.965
1664174160,+3.48,+19.590, +7.765,+0.965
1664174220,+3.48,+19.590, +7.740,+0.965
1664174280,+3.48,+19.607, +7.627,+0.965
1664174340,+3.48,+19.624, +7.515,+0.965
1664174400,+3.48,+19.607, +7.405,+0.965
1664174460,+3.48,+19.615, +7.386,+0.965
1664174520,+3.48,+19.599, +7.403,+0.965
1664174580,+3.48,+19.607, +7.436,+0.965
1664174640,+3.48,+19.607, +7.691,+0.965
1664174700,+3.48,+19.599, +7.931,+0.965
1664174760,+3.48,+19.607, +8.025,+0.965
1664174820,+3.48,+19.582, +8.189,+0.965
1664174880,+3.48,+19.607, +8.261,+0.965
1664174940,+3.48,+19.582, +8.280,+0.965
1664175000,+3.48,+19.565, +8.237,+0.965
1664175060,+3.48,+19.557, +8.330,+0.965
1664175120,+3.48,+19.573, +8.451,+0.965
1664175180,+3.49,+19.565, +8.499,+0.965
1664175240,+3.48,+19.573, +8.411,+0.965
1664175300,+3.48,+19.557, +8.406,+0.965
1664175360,+3.48,+19.582, +8.460,+0.965
1664175420,+3.48,+19.573, +8.472,+0.966
1664175480,+3.48,+19.573, +8.444,+0.965
1664175540,+3.48,+19.565, +8.389,+0.965
1664175600,+3.48,+19.565, +8.286,+0.965
1664175660,+3.48,+19.582, +8.079,+0.965
1664175720,+3.48,+19.599, +8.038,+0.965
1664175780,+3.48,+19.565, +8.036,+0.965
1664175840,+3.48,+19.590, +8.037,+0.965
1664175900,+3.48,+19.582, +8.045,+0.965
1664175960,+3.48,+19.599, +8.034,+0.965
1664176020,+3.48,+19.582, +8.068,+0.965
1664176080,+3.48,+19.590, +8.072,+0.965
1664176140,+3.48,+19.565, +7.970,+0.965
1664176200,+3.48,+19.590, +7.786,+0.965
1664176260,+3.48,+19.582, +7.769,+0.965
1664176320,+3.48,+19.573, +7.736,+0.965
1664176380,+3.48,+19.565, +7.736,+0.965
1664176440,+3.48,+19.582, +7.738,+0.965
1664176500,+3.48,+19.573, +7.678,+0.965
1664176560,+3.48,+19.557, +7.777,+0.965
1664176620,+3.48,+19.565, +7.815,+0.965
1664176680,+3.48,+19.557, +7.827,+0.964
1664176740,+3.48,+19.557, +7.618,+0.965
1664176800,+3.48,+19.565, +7.355,+0.965
1664176860,+3.48,+19.557, +7.193,+0.965
1664176920,+3.48,+19.557, +7.125,+0.965
1664176980,+3.48,+19.531, +7.051,+0.965
1664177040,+3.48,+19.548, +7.138,+0.965
1664177100,+3.48,+19.548, +7.127,+0.965
1664177160,+3.48,+19.557, +6.954,+0.965
1664177220,+3.48,+19.540, +6.755,+0.965
1664177280,+3.48,+19.540, +6.690,+0.965
1664177340,+3.48,+19.531, +6.995,+0.965
1664177400,+3.48,+19.548, +7.264,+0.965
1664177460,+3.49,+19.531, +7.190,+0.965
1664177520,+3.48,+19.531, +7.234,+0.965
1664177580,+3.49,+19.531, +7.348,+0.965
1664177640,+3.49,+19.531, +7.375,+0.965
1664177700,+3.49,+19.531, +7.346,+0.965
1664177760,+3.49,+19.523, +7.563,+0.965
1664177820,+3.49,+19.523, +7.592,+0.965
1664177880,+3.49,+19.490, +7.567,+0.965
1664177940,+3.49,+19.490, +7.612,+0.965
1664178000,+3.49,+19.506, +7.683,+0.965
1664178060,+3.49,+19.515, +7.720,+0.965
1664178120,+3.49,+19.498, +7.785,+0.965
1664178180,+3.49,+19.490, +7.828,+0.965
1664178240,+3.49,+19.490, +7.803,+0.965
1664178300,+3.49,+19.490, +7.773,+0.965
1664178360,+3.49,+19.490, +7.660,+0.965
1664178420,+3.49,+19.481, +7.693,+0.965
1664178480,+3.49,+19.473, +7.791,+0.965
1664178540,+3.49,+19.473, +7.822,+0.965
1664178600,+3.49,+19.481, +7.831,+0.965
1664178660,+3.49,+19.490, +7.908,+0.965
1664178720,+3.49,+19.473, +7.952,+0.965
1664178780,+3.49,+19.473, +7.978,+0.965
1664178840,+3.49,+19.464, +7.834,+0.964
1664178900,+3.49,+19.464, +7.752,+0.965
1664178960,+3.49,+19.456, +7.719,+0.965
1664179020,+3.49,+19.439, +7.672,+0.965
1664179080,+3.49,+19.456, +7.630,+0.964
1664179140,+3.49,+19.439, +7.646,+0.965
1664179200,+3.49,+19.448, +7.560,+0.965
1664179260,+3.49,+19.422, +7.498,+0.965
1664179320,+3.49,+19.422, +7.398,+0.965
1664179380,+3.49,+19.431, +7.347,+0.965
1664179440,+3.49,+19.431, +7.476,+0.965
1664179500,+3.49,+19.439, +7.416,+0.965
1664179560,+3.49,+19.422, +7.458,+0.965
1664179620,+3.49,+19.439, +7.489,+0.965
1664179680,+3.49,+19.422, +7.565,+0.964
1664179740,+3.49,+19.414, +7.584,+0.965
1664179800,+3.49,+19.406, +7.537,+0.965
1664179860,+3.49,+19.406, +7.497,+0.965
1664179920,+3.49,+19.406, +7.495,+0.965
1664179980,+3.49,+19.389, +7.493,+0.965
1664180040,+3.49,+19.397, +7.453,+0.965
1664180100,+3.49,+19.372, +7.383,+0.965
1664180160,+3.49,+19.380, +7.338,+0.965
1664180220,+3.49,+19.389, +7.349,+0.965
1664180280,+3.49,+19.364, +7.257,+0.965
1664180340,+3.49,+19.389, +7.191,+0.965
1664180400,+3.49,+19.380, +7.168,+0.965
1664180460,+3.49,+19.372, +7.159,+0.965
1664180520,+3.49,+19.355, +7.165,+0.965
1664180580,+3.49,+19.364, +7.052,+0.965
1664180640,+3.49,+19.338, +6.933,+0.965
1664180700,+3.49,+19.338, +6.810,+0.965
1664180760,+3.49,+19.322, +6.823,+0.965
1664180820,+3.49,+19.313, +6.873,+0.965
1664180880,+3.49,+19.297, +6.910,+0.965
1664180940,+3.49,+19.305, +6.890,+0.965
1664181000,+3.49,+19.297, +6.810,+0.965
1664181060,+3.49,+19.305, +6.758,+0.965
1664181120,+3.49,+19.305, +6.659,+0.965
1664181180,+3.49,+19.313, +6.516,+0.965
1664181240,+3.49,+19.313, +6.400,+0.965
1664181300,+3.49,+19.305, +6.437,+0.965
1664181360,+3.49,+19.322, +6.487,+0.965
1664181420,+3.49,+19.347, +6.513,+0.965
1664181480,+3.49,+19.313, +6.456,+0.965
1664181540,+3.49,+19.338, +6.193,+0.965
1664181600,+3.49,+19.313, +6.233,+0.965
1664181660,+3.49,+19.338, +6.391,+0.965
1664181720,+3.49,+19.322, +6.293,+0.965
1664181780,+3.49,+19.347, +6.124,+0.965
1664181840,+3.49,+19.347, +6.147,+0.965
1664181900,+3.49,+19.364, +6.412,+0.965
1664181960,+3.49,+19.347, +6.630,+0.965
1664182020,+3.49,+19.364, +6.668,+0.965
1664182080,+3.49,+19.372, +6.752,+0.965
1664182140,+3.49,+19.372, +6.753,+0.965
1664182200,+3.49,+19.380, +6.791,+0.965
1664182260,+3.49,+19.372, +6.764,+0.965
1664182320,+3.49,+19.380, +6.747,+0.965
1664182380,+3.49,+19.380, +6.754,+0.965
1664182440,+3.49,+19.364, +6.823,+0.965
1664182500,+3.49,+19.372, +6.834,+0.965
1664182560,+3.49,+19.364, +6.799,+0.965
1664182620,+3.49,+19.380, +6.762,+0.965
1664182680,+3.49,+19.380, +6.752,+0.964
1664182740,+3.49,+19.355, +6.759,+0.965
1664182800,+3.49,+19.355, +6.752,+0.965
1664182860,+3.49,+19.330, +6.744,+0.965
1664182920,+3.49,+19.313, +6.896,+0.965
1664182980,+3.49,+19.322, +6.991,+0.965
1664183040,+3.49,+19.305, +7.065,+0.965
1664183100,+3.49,+19.305, +7.120,+0.965
1664183160,+3.49,+19.271, +7.146,+0.965
1664183220,+3.49,+19.263, +7.134,+0.965
1664183280,+3.49,+19.255, +6.980,+0.965
1664183340,+3.49,+19.246, +6.613,+0.964
1664183400,+3.49,+19.229, +6.594,+0.965
1664183460,+3.49,+19.179, +6.842,+0.965
1664183520,+3.49,+19.196, +7.123,+0.965
1664183580,+3.49,+19.145, +7.193,+0.965
1664183640,+3.49,+19.171, +7.208,+0.965
1664183700,+3.49,+19.196, +7.216,+0.965
1664183760,+3.49,+19.221, +7.142,+0.965
1664183820,+3.49,+19.221, +7.119,+0.965
1664183880,+3.49,+19.229, +7.114,+0.965
1664183940,+3.49,+19.238, +6.975,+0.965
1664184000,+3.49,+19.255, +6.824,+0.965
1664184060,+3.49,+19.271, +6.829,+0.965
1664184120,+3.49,+19.255, +6.789,+0.965
1664184180,+3.49,+19.297, +6.749,+0.965
1664184240,+3.49,+19.313, +6.738,+0.965
1664184300,+3.49,+19.313, +6.900,+0.965
1664184360,+3.49,+19.280, +6.911,+0.965
1664184420,+3.49,+19.305, +6.756,+0.965
1664184480,+3.49,+19.305, +6.708,+0.965
1664184540,+3.49,+19.305, +6.747,+0.965
1664184600,+3.49,+19.305, +6.731,+0.965
1664184660,+3.49,+19.322, +6.548,+0.965
1664184720,+3.49,+19.322, +6.443,+0.965
1664184780,+3.49,+19.297, +6.421,+0.965
1664184840,+3.49,+19.313, +6.463,+0.965
1664184900,+3.49,+19.313, +6.652,+0.965
1664184960,+3.49,+19.297, +6.979,+0.965
1664185020,+3.49,+19.288, +7.274,+0.965
1664185080,+3.49,+19.305, +7.350,+0.965
1664185140,+3.49,+19.305, +7.387,+0.965
1664185200,+3.49,+19.288, +7.547,+0.964
1664185260,+3.49,+19.297, +7.541,+0.965
1664185320,+3.49,+19.305, +7.473,+0.965
1664185380,+3.49,+19.305, +7.385,+0.965
1664185440,+3.49,+19.313, +7.244,+0.965
1664185500,+3.49,+19.322, +7.300,+0.965
1664185560,+3.49,+19.313, +7.373,+0.965
1664185620,+3.49,+19.313, +7.373,+0.965
1664185680,+3.49,+19.322, +7.306,+0.965
1664185740,+3.49,+19.322, +7.310,+0.965
1664185800,+3.49,+19.322, +7.159,+0.965
1664185860,+3.49,+19.305, +7.119,+0.965
1664185920,+3.49,+19.330, +7.127,+0.965
1664185980,+3.49,+19.338, +7.193,+0.965
1664186040,+3.49,+19.313, +7.336,+0.965
1664186100,+3.49,+19.313, +7.378,+0.965
1664186160,+3.49,+19.305, +7.422,+0.965
1664186220,+3.49,+19.297, +7.385,+0.965
1664186280,+3.49,+19.322, +7.428,+0.965
1664186340,+3.49,+19.313, +7.388,+0.965
1664186400,+3.49,+19.322, +7.462,+0.965
1664186460,+3.49,+19.305, +7.537,+0.965
1664186520,+3.49,+19.338, +7.479,+0.965
1664186580,+3.49,+19.322, +7.680,+0.964
1664186640,+3.49,+19.313, +7.695,+0.965
1664186700,+3.49,+19.322, +7.643,+0.965
1664186760,+3.49,+19.313, +7.548,+0.965
1664186820,+3.49,+19.305, +7.558,+0.965
1664186880,+3.49,+19.338, +7.536,+0.964
1664186940,+3.49,+19.330, +7.444,+0.965
1664187000,+3.49,+19.347, +7.362,+0.965
1664187060,+3.49,+19.338, +7.342,+0.965
1664187120,+3.49,+19.338, +7.367,+0.965
1664187180,+3.49,+19.347, +7.336,+0.965
1664187240,+3.49,+19.364, +7.162,+0.965
1664187300,+3.49,+19.347, +6.942,+0.965
1664187360,+3.49,+19.364, +6.884,+0.965
1664187420,+3.49,+19.372, +6.830,+0.965
1664187480,+3.49,+19.355, +6.822,+0.965
1664187540,+3.49,+19.355, +6.778,+0.965
1664187600,+3.49,+19.355, +6.903,+0.965
1664187660,+3.49,+19.364, +6.939,+0.965
1664187720,+3.49,+19.347, +7.098,+0.965
1664187780,+3.49,+19.347, +7.156,+0.965
1664187840,+3.49,+19.338, +7.217,+0.965
1664187900,+3.49,+19.347, +7.265,+0.965
1664187960,+3.49,+19.347, +7.134,+0.965
1664188020,+3.49,+19.330, +7.178,+0.965
1664188080,+3.49,+19.330, +7.338,+0.965
1664188140,+3.49,+19.338, +7.710,+0.965
1664188200,+3.49,+19.322, +7.897,+0.965
1664188260,+3.49,+19.313, +7.847,+0.965
1664188320,+3.49,+19.322, +7.867,+0.965
1664188380,+3.49,+19.322, +7.923,+0.965
1664188440,+3.49,+19.305, +8.084,+0.965
1664188500,+3.49,+19.322, +8.136,+0.965
1664188560,+3.49,+19.322, +8.051,+0.965
1664188620,+3.49,+19.322, +8.060,+0.965
1664188680,+3.49,+19.338, +8.055,+0.965
1664188740,+3.49,+19.330, +8.011,+0.965
1664188800,+3.49,+19.330, +7.916,+0.965
1664188860,+3.49,+19.330, +7.682,+0.964
1664188920,+3.49,+19.338, +7.640,+0.965
1664188980,+3.49,+19.347, +7.630,+0.965
1664189040,+3.49,+19.380, +7.508,+0.965
1664189100,+3.49,+19.355, +7.267,+0.965
1664189160,+3.49,+19.380, +7.180,+0.965
1664189220,+3.49,+19.372, +7.165,+0.965
1664189280,+3.49,+19.380, +7.140,+0.965
1664189340,+3.49,+19.397, +7.031,+0.965
1664189400,+3.49,+19.380, +6.889,+0.965
1664189460,+3.49,+19.380, +6.745,+0.965
1664189520,+3.49,+19.372, +6.851,+0.965
1664189580,+3.49,+19.372, +7.002,+0.965
1664189640,+3.49,+19.372, +7.104,+0.965
1664189700,+3.49,+19.372, +7.191,+0.965
1664189760,+3.49,+19.372, +7.191,+0.965
1664189820,+3.49,+19.372, +7.232,+0.965
1664189880,+3.49,+19.380, +7.144,+0.965
1664189940,+3.49,+19.372, +7.043,+0.964
1664190000,+3.49,+19.380, +7.011,+0.965
1664190060,+3.49,+19.372, +7.022,+0.965
1664190120,+3.49,+19.355, +6.985,+0.965
1664190180,+3.49,+19.338, +6.921,+0.965
1664190240,+3.49,+19.355, +6.829,+0.965
1664190300,+3.49,+19.347, +7.324,+0.965
1664190360,+3.49,+19.355, +7.444,+0.965
1664190420,+3.49,+19.355, +7.598,+0.965
1664190480,+3.49,+19.364, +7.695,+0.965
1664190540,+3.49,+19.355, +7.643,+0.965
1664190600,+3.49,+19.372, +7.426,+0.965
1664190660,+3.49,+19.364, +7.189,+0.965
1664190720,+3.49,+19.372, +7.024,+0.965
1664190780,+3.49,+19.355, +7.021,+0.965
1664190840,+3.49,+19.355, +7.078,+0.965
1664190900,+3.49,+19.372, +7.047,+0.965
1664190960,+3.49,+19.364, +6.862,+0.965
1664191020,+3.49,+19.372, +6.679,+0.965
1664191080,+3.49,+19.372, +6.742,+0.965
1664191140,+3.49,+19.389, +6.402,+0.965
1664191200,+3.49,+19.389, +6.351,+0.964
1664191260,+3.49,+19.380, +6.417,+0.965
1664191320,+3.49,+19.380, +6.465,+0.965
1664191380,+3.49,+19.372, +6.564,+0.965
1664191440,+3.49,+19.397, +6.545,+0.964
1664191500,+3.49,+19.406, +6.593,+0.965
1664191560,+3.49,+19.389, +6.621,+0.965
1664191620,+3.49,+19.406, +6.680,+0.965
1664191680,+3.49,+19.397, +6.669,+0.965
1664191740,+3.49,+19.397, +6.660,+0.965
1664191800,+3.49,+19.406, +6.921,+0.965
1664191860,+3.49,+19.397, +7.317,+0.965
1664191920,+3.49,+19.389, +7.457,+0.965
1664191980,+3.49,+19.389, +7.546,+0.965
1664192040,+3.49,+19.397, +7.579,+0.965
1664192100,+3.49,+19.406, +7.614,+0.965
1664192160,+3.49,+19.389, +7.568,+0.965
1664192220,+3.49,+19.397, +7.549,+0.965
1664192280,+3.49,+19.414, +7.526,+0.965
1664192340,+3.49,+19.397, +7.442,+0.965
1664192400,+3.49,+19.389, +7.454,+0.965
1664192460,+3.49,+19.380, +7.447,+0.965
1664192520,+3.49,+19.406, +7.437,+0.965
1664192580,+3.49,+19.406, +7.198,+0.965
1664192640,+3.49,+19.414, +6.828,+0.964
1664192700,+3.49,+19.422, +6.732,+0.965
1664192760,+3.49,+19.414, +6.636,+0.965
1664192820,+3.49,+19.397, +6.495,+0.965
1664192880,+3.49,+19.414, +6.414,+0.965
1664192940,+3.49,+19.414, +6.465,+0.965
1664193000,+3.49,+19.406, +6.542,+0.965
1664193060,+3.49,+19.431, +6.615,+0.965
1664193120,+3.49,+19.406, +6.681,+0.965
1664193180,+3.49,+19.406, +6.714,+0.965
1664193240,+3.49,+19.406, +6.837,+0.965
1664193300,+3.49,+19.406, +6.948,+0.965
1664193360,+3.49,+19.380, +7.040,+0.965
1664193420,+3.49,+19.397, +7.111,+0.965
1664193480,+3.49,+19.397, +7.142,+0.965
1664193540,+3.49,+19.389, +7.100,+0.965
1664193600,+3.49,+19.389, +7.018,+0.965
1664193660,+3.49,+19.397, +7.052,+0.965
1664193720,+3.49,+19.406, +7.190,+0.965
1664193780,+3.49,+19.389, +7.057,+0.965
1664193840,+3.49,+19.380, +7.125,+0.965
1664193900,+3.49,+19.364, +7.380,+0.965
1664193960,+3.49,+19.380, +7.478,+0.965
1664194020,+3.49,+19.380, +7.506,+0.965
1664194080,+3.49,+19.380, +7.505,+0.965
1664194140,+3.49,+19.389, +7.305,+0.965
1664194200,+3.49,+19.389, +7.116,+0.965
1664194260,+3.49,+19.372, +6.983,+0.964
1664194320,+3.49,+19.380, +6.900,+0.965
1664194380,+3.49,+19.372, +6.923,+0.964
1664194440,+3.49,+19.355, +7.055,+0.965
1664194500,+3.49,+19.355, +7.053,+0.964
1664194560,+3.49,+19.364, +7.013,+0.965
1664194620,+3.49,+19.355, +6.934,+0.964
1664194680,+3.49,+19.347, +6.812,+0.964
1664194740,+3.49,+19.372, +6.800,+0.965
1664194800,+3.49,+19.347, +6.750,+0.965
1664194860,+3.49,+19.322, +6.688,+0.965
1664194920,+3.49,+19.313, +6.648,+0.964
1664194980,+3.49,+19.305, +6.710,+0.965
1664195040,+3.49,+19.280, +7.857,+0.965
1664195100,+3.49,+19.221, +8.168,+0.964
1664195160,+3.49,+19.229, +8.239,+0.965
1664195220,+3.49,+19.213, +8.249,+0.965
1664195280,+3.49,+19.221, +8.317,+0.965
1664195340,+3.49,+19.187, +8.388,+0.965
1664195400,+3.49,+19.196, +8.439,+0.965
1664195460,+3.49,+19.213, +8.484,+0.965
1664195520,+3.49,+19.204, +8.495,+0.965
1664195580,+3.49,+19.187, +8.522,+0.965
1664195640,+3.49,+19.171, +8.568,+0.965
1664195700,+3.49,+19.171, +8.577,+0.965
1664195760,+3.49,+19.179, +8.574,+0.965
1664195820,+3.49,+19.179, +8.572,+0.965
1664195880,+3.49,+19.162, +8.550,+0.964
1664195940,+3.49,+19.179, +8.529,+0.965
1664196000,+3.49,+19.162, +8.531,+0.965
1664196060,+3.49,+19.179, +8.531,+0.965
1664196120,+3.49,+19.154, +8.548,+0.965
1664196180,+3.49,+19.162, +8.563,+0.965
1664196240,+3.49,+19.171, +8.584,+0.965
1664196300,+3.49,+19.179, +8.582,+0.965
1664196360,+3.49,+19.187, +8.539,+0.965
1664196420,+3.49,+19.179, +8.523,+0.965
1664196480,+3.49,+19.145, +8.483,+0.965
1664196540,+3.49,+19.162, +8.448,+0.965
1664196600,+3.49,+19.154, +8.409,+0.965
1664196660,+3.49,+19.162, +8.287,+0.965
1664196720,+3.49,+19.154, +8.336,+0.965
1664196780,+3.49,+19.129, +8.438,+0.965
1664196840,+3.49,+19.145, +8.468,+0.965
1664196900,+3.49,+19.137, +8.494,+0.965
1664196960,+3.49,+19.129, +8.570,+0.965
1664197020,+3.49,+19.129, +8.595,+0.965
1664197080,+3.49,+19.103, +8.637,+0.965
1664197140,+3.49,+19.129, +8.546,+0.965
1664197200,+3.49,+19.103, +8.353,+0.965
1664197260,+3.49,+19.112, +8.260,+0.964
1664197320,+3.49,+19.087, +8.218,+0.965
1664197380,+3.49,+19.103, +8.211,+0.965
1664197440,+3.49,+19.103, +8.227,+0.965
1664197500,+3.49,+19.095, +8.233,+0.965
1664197560,+3.49,+19.078, +8.395,+0.965
1664197620,+3.49,+19.087, +8.449,+0.965
1664197680,+3.49,+19.078, +8.317,+0.965
1664197740,+3.49,+19.078, +8.347,+0.965
1664197800,+3.49,+19.070, +8.262,+0.965
1664197860,+3.49,+19.061, +8.374,+0.965
1664197920,+3.49,+19.087, +8.414,+0.965
1664197980,+3.49,+19.070, +8.560,+0.965
1664198040,+3.49,+19.070, +8.697,+0.965
1664198100,+3.49,+19.036, +8.818,+0.965
1664198160,+3.49,+19.070, +8.897,+0.965
1664198220,+3.49,+19.070, +8.877,+0.965
1664198280,+3.49,+19.095, +8.882,+0.965
1664198340,+3.49,+19.087, +8.901,+0.965
1664198400,+3.49,+19.061, +8.892,+0.965
1664198460,+3.49,+19.087, +8.903,+0.965
1664198520,+3.49,+19.070, +8.911,+0.965
1664198580,+3.49,+19.078, +8.907,+0.965
1664198640,+3.49,+19.070, +8.935,+0.965
1664198700,+3.49,+19.078, +8.941,+0.965
1664198760,+3.49,+19.070, +8.989,+0.965
1664198820,+3.49,+19.070, +8.953,+0.965
1664198880,+3.49,+19.087, +8.938,+0.965
1664198940,+3.49,+19.112, +8.888,+0.965
1664199000,+3.49,+19.112, +8.940,+0.965
1664199060,+3.49,+19.103, +8.921,+0.965
1664199120,+3.49,+19.095, +8.971,+0.965
1664199180,+3.49,+19.095, +8.941,+0.965
1664199240,+3.49,+19.087, +8.949,+0.965
1664199300,+3.49,+19.112, +8.952,+0.965
1664199360,+3.49,+19.103, +8.935,+0.965
1664199420,+3.49,+19.112, +8.929,+0.965
1664199480,+3.49,+19.087, +8.936,+0.965
1664199540,+3.49,+19.103, +9.000,+0.965
1664199600,+3.49,+19.112, +9.032,+0.965
1664199660,+3.49,+19.112, +9.076,+0.965
1664199720,+3.49,+19.095, +9.098,+0.965
1664199780,+3.49,+19.120, +9.105,+0.965
1664199840,+3.49,+19.112, +9.129,+0.965
1664199900,+3.49,+19.112, +9.127,+0.965
1664199960,+3.49,+19.103, +9.156,+0.965
1664200020,+3.49,+19.120, +9.176,+0.966
1664200080,+3.49,+19.112, +9.177,+0.966
1664200140,+3.49,+19.137, +9.171,+0.965
1664200200,+3.49,+19.095, +9.231,+0.965
1664200260,+3.49,+19.103, +9.229,+0.965
1664200320,+3.49,+19.087, +9.236,+0.965
1664200380,+3.49,+19.087, +9.220,+0.965
1664200440,+3.49,+19.112, +9.221,+0.965
1664200500,+3.49,+19.095, +9.232,+0.965
1664200560,+3.49,+19.103, +9.247,+0.966
1664200620,+3.49,+19.095, +9.231,+0.965
1664200680,+3.49,+19.112, +9.207,+0.965
1664200740,+3.49,+19.112, +9.225,+0.965
1664200800,+3.49,+19.087, +9.253,+0.965
1664200860,+3.49,+19.112, +9.263,+0.965
1664200920,+3.49,+19.103, +9.267,+0.965
1664200980,+3.49,+19.120, +9.251,+0.965
1664201040,+3.49,+19.129, +9.246,+0.965
1664201100,+3.49,+19.103, +9.288,+0.966
1664201160,+3.49,+19.120, +9.302,+0.965
1664201220,+3.49,+19.137, +9.318,+0.965
1664201280,+3.49,+19.120, +9.331,+0.965
1664201340,+3.49,+19.120, +9.283,+0.965
1664201400,+3.49,+19.129, +9.265,+0.965
1664201460,+3.49,+19.145, +9.209,+0.965
1664201520,+3.49,+19.145, +9.210,+0.965
1664201580,+3.49,+19.145, +9.195,+0.965
1664201640,+3.49,+19.129, +9.165,+0.965
1664201700,+3.49,+19.137, +9.246,+0.965
1664201760,+3.49,+19.154, +9.321,+0.965
1664201820,+3.49,+19.137, +9.323,+0.966
1664201880,+3.49,+19.162, +9.368,+0.965
1664201940,+3.49,+19.137, +9.414,+0.966
1664202000,+3.49,+19.145, +9.386,+0.966
1664202060,+3.49,+19.129, +9.392,+0.965
1664202120,+3.49,+19.137, +9.380,+0.965
1664202180,+3.49,+19.137, +9.393,+0.966
1664202240,+3.49,+19.129, +9.348,+0.965
1664202300,+3.49,+19.129, +9.346,+0.965
1664202360,+3.49,+19.120, +9.348,+0.965
1664202420,+3.49,+19.129, +9.348,+0.965
1664202480,+3.49,+19.129, +9.313,+0.965
1664202540,+3.49,+19.129, +9.326,+0.965
1664202600,+3.49,+19.137, +9.333,+0.965
1664202660,+3.49,+19.095, +9.372,+0.965
1664202720,+3.49,+19.120, +9.364,+0.965
1664202780,+3.49,+19.129, +9.356,+0.965
1664202840,+3.49,+19.112, +9.365,+0.965
1664202900,+3.49,+19.137, +9.371,+0.965
1664202960,+3.49,+19.171, +9.372,+0.966
1664203020,+3.49,+19.137, +9.415,+0.966
1664203080,+3.49,+19.137, +9.399,+0.965
1664203140,+3.49,+19.145, +9.379,+0.965
1664203200,+3.49,+19.145, +9.352,+0.965
1664203260,+3.49,+19.162, +9.352,+0.966
1664203320,+3.49,+19.145, +9.451,+0.965
1664203380,+3.49,+19.145, +9.458,+0.965
1664203440,+3.49,+19.145, +9.456,+0.965
1664203500,+3.49,+19.162, +9.450,+0.965
1664203560,+3.49,+19.154, +9.464,+0.965
1664203620,+3.49,+19.145, +9.442,+0.965
1664203680,+3.49,+19.154, +9.417,+0.965
1664203740,+3.49,+19.145, +9.427,+0.965
1664203800,+3.49,+19.145, +9.358,+0.966
1664203860,+3.49,+19.129, +9.327,+0.965
1664203920,+3.49,+19.137, +9.319,+0.965
1664203980,+3.49,+19.154, +9.290,+0.965
1664204040,+3.49,+19.129, +9.265,+0.966
1664204100,+3.49,+19.137, +9.205,+0.965
1664204160,+3.49,+19.129, +9.194,+0.965
1664204220,+3.49,+19.145, +9.194,+0.965
1664204280,+3.49,+19.129, +9.281,+0.966
1664204340,+3.49,+19.137, +9.325,+0.966
1664204400,+3.49,+19.129, +9.330,+0.965
1664204460,+3.49,+19.129, +9.258,+0.965
1664204520,+3.49,+19.129, +9.238,+0.965
1664204580,+3.49,+19.129, +9.254,+0.966
1664204640,+3.49,+19.145, +9.227,+0.965
1664204700,+3.49,+19.112, +9.191,+0.965
1664204760,+3.49,+19.120, +9.125,+0.965
1664204820,+3.49,+19.095, +9.020,+0.965
1664204880,+3.49,+19.120, +9.025,+0.965
1664204940,+3.49,+19.129, +8.969,+0.965
1664205000,+3.49,+19.129, +8.917,+0.965
1664205060,+3.49,+19.129, +8.917,+0.965
1664205120,+3.49,+19.112, +8.946,+0.965
1664205180,+3.49,+19.120, +8.873,+0.965
1664205240,+3.49,+19.120, +8.820,+0.965
1664205300,+3.49,+19.120, +8.812,+0.965
1664205360,+3.49,+19.112, +8.867,+0.965
1664205420,+3.49,+19.145, +8.902,+0.965
1664205480,+3.49,+19.120, +8.955,+0.965
1664205540,+3.49,+19.112, +8.952,+0.965
1664205600,+3.49,+19.120, +8.956,+0.965
1664205660,+3.49,+19.162, +8.884,+0.966
1664205720,+3.49,+19.179, +8.766,+0.965
1664205780,+3.49,+19.221, +8.655,+0.965
1664205840,+3.49,+19.238, +8.556,+0.965
1664205900,+3.49,+19.280, +8.484,+0.965
1664205960,+3.49,+19.280, +8.493,+0.965
1664206020,+3.49,+19.297, +8.455,+0.965
1664206080,+3.49,+19.288, +8.499,+0.965
1664206140,+3.49,+19.271, +8.514,+0.965
1664206200,+3.49,+19.280, +8.475,+0.965
1664206260,+3.49,+19.288, +8.551,+0.965
1664206320,+3.49,+19.280, +8.589,+0.965
1664206380,+3.49,+19.271, +8.565,+0.965
1664206440,+3.49,+19.280, +8.539,+0.965
1664206500,+3.49,+19.288, +8.515,+0.965
1664206560,+3.49,+19.271, +8.535,+0.965
1664206620,+3.49,+19.280, +8.527,+0.965
1664206680,+3.49,+19.263, +8.547,+0.965
1664206740,+3.49,+19.280, +8.509,+0.965
1664206800,+3.49,+19.288, +8.482,+0.965
1664206860,+3.49,+19.288, +8.449,+0.965
1664206920,+3.49,+19.280, +8.474,+0.964
1664206980,+3.49,+19.288, +8.521,+0.965
1664207040,+3.49,+19.271, +8.520,+0.965
1664207100,+3.49,+19.263, +8.544,+0.965
1664207160,+3.49,+19.271, +8.584,+0.965
1664207220,+3.49,+19.280, +8.595,+0.965
1664207280,+3.49,+19.271, +8.667,+0.965
1664207340,+3.49,+19.288, +8.619,+0.965
1664207400,+3.49,+19.288, +8.654,+0.965
1664207460,+3.49,+19.271, +8.639,+0.965
1664207520,+3.49,+19.288, +8.700,+0.965
1664207580,+3.49,+19.271, +8.775,+0.965
1664207640,+3.49,+19.271, +8.739,+0.965
1664207700,+3.49,+19.271, +8.725,+0.965
1664207760,+3.49,+19.246, +8.701,+0.965
1664207820,+3.49,+19.229, +8.736,+0.965
1664207880,+3.49,+19.263, +8.745,+0.965
1664207940,+3.49,+19.255, +8.763,+0.965
1664208000,+3.49,+19.255, +8.735,+0.965
1664208060,+3.49,+19.238, +8.781,+0.965
1664208120,+3.49,+19.263, +8.749,+0.965
1664208180,+3.49,+19.255, +8.737,+0.965
1664208240,+3.49,+19.280, +8.759,+0.965
1664208300,+3.49,+19.255, +8.738,+0.965
1664208360,+3.49,+19.263, +8.735,+0.965
1664208420,+3.49,+19.263, +8.730,+0.965
1664208480,+3.49,+19.271, +8.733,+0.965
1664208540,+3.49,+19.271, +8.712,+0.965
1664208600,+3.49,+19.288, +8.723,+0.965
1664208660,+3.49,+19.297, +8.706,+0.965
1664208720,+3.49,+19.297, +8.713,+0.965
1664208780,+3.49,+19.288, +8.692,+0.965
1664208840,+3.49,+19.313, +8.666,+0.965
1664208900,+3.49,+19.288, +8.743,+0.965
1664208960,+3.49,+19.297, +8.733,+0.965
1664209020,+3.49,+19.297, +8.755,+0.965
1664209080,+3.49,+19.313, +8.782,+0.965
1664209140,+3.49,+19.322, +8.806,+0.965
1664209200,+3.49,+19.297, +8.837,+0.965
1664209260,+3.49,+19.305, +8.836,+0.965
1664209320,+3.49,+19.280, +8.785,+0.965
1664209380,+3.49,+19.288, +8.731,+0.965
1664209440,+3.49,+19.297, +8.726,+0.965
1664209500,+3.49,+19.297, +8.730,+0.965
1664209560,+3.49,+19.263, +8.766,+0.965
1664209620,+3.49,+19.263, +8.762,+0.965
1664209680,+3.49,+19.255, +8.720,+0.965
1664209740,+3.49,+19.246, +8.710,+0.965
1664209800,+3.49,+19.229, +8.735,+0.965
1664209860,+3.49,+19.196, +8.750,+0.965
1664209920,+3.49,+19.221, +8.697,+0.965
1664209980,+3.49,+19.213, +8.715,+0.965
1664210040,+3.49,+19.213, +8.673,+0.965
1664210100,+3.49,+19.221, +8.628,+0.964
1664210160,+3.49,+19.187, +8.618,+0.965
1664210220,+3.49,+19.196, +8.574,+0.965
1664210280,+3.49,+19.221, +8.548,+0.965
1664210340,+3.49,+19.221, +8.550,+0.965
1664210400,+3.49,+19.221, +8.584,+0.965
1664210460,+3.49,+19.221, +8.586,+0.965
1664210520,+3.49,+19.221, +8.576,+0.965
1664210580,+3.49,+19.187, +8.598,+0.965
1664210640,+3.49,+19.213, +8.620,+0.965
1664210700,+3.49,+19.213, +8.607,+0.965
1664210760,+3.49,+19.221, +8.600,+0.965
1664210820,+3.49,+19.196, +8.612,+0.965
1664210880,+3.49,+19.179, +8.631,+0.965
