7450-383325
OS REV: 1.05 Sensor Cal: 1644949570
Time (sec),  BV (Volts),  T (deg C),  DO (mg/l),  Q ()
1664470140,+3.48,+19.632, +3.660,+0.896
1664470200,+3.48,+19.649, +3.697,+0.895
1664470260,+3.48,+19.649, +3.709,+0.896
1664470320,+3.48,+19.641, +3.707,+0.897
1664470380,+3.48,+19.641, +3.696,+0.899
1664470440,+3.48,+19.649, +3.697,+0.899
1664470500,+3.48,+19.666, +3.702,+0.899
1664470560,+3.48,+19.657, +3.688,+0.902
1664470620,+3.48,+19.641, +3.683,+0.903
1664470680,+3.48,+19.649, +3.671,+0.904
1664470740,+3.48,+19.666, +3.640,+0.905
1664470800,+3.48,+19.691, +3.586,+0.908
1664470860,+3.48,+19.657, +3.545,+0.909
1664470920,+3.48,+19.657, +3.522,+0.909
1664470980,+3.48,+19.666, +3.521,+0.908
1664471040,+3.48,+19.666, +3.522,+0.906
1664471100,+3.48,+19.674, +3.521,+0.906
1664471160,+3.48,+19.674, +3.508,+0.906
1664471220,+3.48,+19.666, +3.508,+0.906
1664471280,+3.48,+19.666, +3.446,+0.910
1664471340,+3.48,+19.657, +3.448,+0.909
1664471400,+3.48,+19.657, +3.446,+0.907
1664471460,+3.48,+19.649, +3.414,+0.908
1664471520,+3.48,+19.666, +3.397,+0.908
1664471580,+3.48,+19.674, +3.366,+0.911
1664471640,+3.48,+19.657, +3.377,+0.909
1664471700,+3.48,+19.674, +3.375,+0.908
1664471760,+3.48,+19.657, +3.409,+0.904
1664471820,+3.48,+19.657, +3.449,+0.900
1664471880,+3.48,+19.657, +3.488,+0.897
1664471940,+3.48,+19.666, +3.657,+0.888
1664472000,+3.48,+19.657, +3.880,+0.881
1664472060,+3.48,+19.649, +4.024,+0.880
1664472120,+3.48,+19.649, +4.123,+0.882
1664472180,+3.48,+19.666, +4.189,+0.884
1664472240,+3.48,+19.632, +4.245,+0.887
1664472300,+3.48,+19.641, +4.285,+0.890
1664472360,+3.48,+19.641, +4.305,+0.893
1664472420,+3.48,+19.624, +4.325,+0.894
1664472480,+3.48,+19.607, +4.340,+0.895
1664472540,+3.48,+19.632, +4.364,+0.896
1664472600,+3.48,+19.624, +4.386,+0.895
1664472660,+3.48,+19.607, +4.412,+0.895
1664472720,+3.48,+19.599, +4.413,+0.896
1664472780,+3.48,+19.599, +4.452,+0.897
1664472840,+3.48,+19.599, +4.485,+0.897
1664472900,+3.48,+19.590, +4.533,+0.897
1664472960,+3.49,+19.573, +4.568,+0.897
1664473020,+3.49,+19.548, +4.630,+0.896
1664473080,+3.48,+19.565, +4.947,+0.894
1664473140,+3.49,+19.548, +5.072,+0.895
1664473200,+3.49,+19.573, +5.095,+0.897
1664473260,+3.49,+19.540, +5.103,+0.898
1664473320,+3.49,+19.540, +5.127,+0.899
1664473380,+3.49,+19.531, +5.130,+0.900
1664473440,+3.49,+19.531, +5.121,+0.901
1664473500,+3.49,+19.531, +5.142,+0.901
1664473560,+3.49,+19.523, +5.146,+0.902
1664473620,+3.49,+19.506, +5.217,+0.902
1664473680,+3.49,+19.498, +5.232,+0.902
1664473740,+3.49,+19.506, +5.290,+0.903
1664473800,+3.49,+19.523, +5.288,+0.907
1664473860,+3.49,+19.573, +5.227,+0.912
1664473920,+3.49,+19.565, +5.162,+0.915
1664473980,+3.49,+19.582, +5.144,+0.916
1664474040,+3.48,+19.615, +5.107,+0.917
1664474100,+3.48,+19.624, +5.065,+0.918
1664474160,+3.48,+19.641, +5.003,+0.918
1664474220,+3.48,+19.641, +4.997,+0.918
1664474280,+3.48,+19.641, +4.987,+0.917
1664474340,+3.48,+19.657, +4.977,+0.917
1664474400,+3.48,+19.657, +4.944,+0.917
1664474460,+3.48,+19.657, +7.252,+0.962
1664474520,+3.48,+19.674, +7.483,+0.963
1664474580,+3.48,+19.666, +7.435,+0.963
1664474640,+3.48,+19.682, +7.352,+0.963
1664474700,+3.48,+19.682, +7.659,+0.963
1664474760,+3.48,+19.699, +7.727,+0.963
1664474820,+3.48,+19.682, +8.006,+0.963
1664474880,+3.48,+19.682, +8.047,+0.964
1664474940,+3.48,+19.691, +7.977,+0.964
1664475000,+3.48,+19.699, +7.834,+0.964
1664475060,+3.48,+19.708, +7.573,+0.963
1664475120,+3.48,+19.699, +7.427,+0.963
1664475180,+3.48,+19.699, +7.309,+0.963
1664475240,+3.48,+19.716, +7.038,+0.962
1664475300,+3.48,+19.708, +6.695,+0.962
1664475360,+3.48,+19.708, +6.785,+0.961
1664475420,+3.48,+19.699, +6.767,+0.961
1664475480,+3.48,+19.708, +7.140,+0.960
1664475540,+3.48,+19.708, +7.230,+0.960
1664475600,+3.48,+19.733, +7.298,+0.959
1664475660,+3.48,+19.699, +7.352,+0.958
1664475720,+3.48,+19.733, +7.432,+0.958
1664475780,+3.48,+19.741, +7.459,+0.959
1664475840,+3.48,+19.716, +7.289,+0.959
1664475900,+3.48,+19.733, +6.930,+0.960
1664475960,+3.48,+19.716, +6.568,+0.960
1664476020,+3.48,+19.716, +6.320,+0.960
1664476080,+3.48,+19.724, +6.172,+0.960
1664476140,+3.48,+19.741, +6.357,+0.958
1664476200,+3.48,+19.733, +6.773,+0.956
1664476260,+3.48,+19.741, +6.897,+0.957
1664476320,+3.48,+19.733, +7.182,+0.958
1664476380,+3.48,+19.733, +7.236,+0.959
1664476440,+3.48,+19.724, +7.206,+0.959
1664476500,+3.48,+19.733, +7.248,+0.959
1664476560,+3.48,+19.750, +7.479,+0.958
1664476620,+3.48,+19.724, +7.577,+0.958
1664476680,+3.48,+19.733, +7.676,+0.958
1664476740,+3.48,+19.716, +7.727,+0.958
1664476800,+3.48,+19.733, +7.779,+0.958
1664476860,+3.48,+19.716, +7.831,+0.958
1664476920,+3.48,+19.716, +7.843,+0.960
1664476980,+3.48,+19.724, +7.867,+0.959
1664477040,+3.48,+19.724, +7.646,+0.961
1664477100,+3.48,+19.741, +7.316,+0.961
1664477160,+3.48,+19.733, +7.208,+0.961
1664477220,+3.48,+19.741, +6.947,+0.961
1664477280,+3.48,+19.741, +6.792,+0.960
1664477340,+3.48,+19.733, +6.989,+0.958
1664477400,+3.48,+19.733, +7.156,+0.957
1664477460,+3.48,+19.724, +7.373,+0.956
1664477520,+3.48,+19.716, +7.407,+0.957
1664477580,+3.48,+19.708, +7.451,+0.958
1664477640,+3.48,+19.724, +7.389,+0.958
1664477700,+3.48,+19.724, +7.233,+0.958
1664477760,+3.48,+19.716, +7.266,+0.958
1664477820,+3.48,+19.724, +7.082,+0.959
1664477880,+3.48,+19.699, +6.687,+0.959
1664477940,+3.48,+19.716, +6.326,+0.960
1664478000,+3.48,+19.708, +6.159,+0.960
1664478060,+3.48,+19.708, +6.120,+0.959
1664478120,+3.48,+19.708, +6.152,+0.958
1664478180,+3.48,+19.724, +5.954,+0.956
1664478240,+3.48,+19.708, +6.151,+0.955
1664478300,+3.48,+19.716, +6.062,+0.956
1664478360,+3.48,+19.716, +6.300,+0.956
1664478420,+3.48,+19.708, +6.620,+0.957
1664478480,+3.48,+19.699, +6.739,+0.957
1664478540,+3.48,+19.691, +6.826,+0.958
1664478600,+3.48,+19.699, +6.945,+0.957
1664478660,+3.48,+19.691, +6.881,+0.957
1664478720,+3.48,+19.682, +6.511,+0.959
1664478780,+3.48,+19.657, +6.664,+0.958
1664478840,+3.48,+19.649, +6.570,+0.958
1664478900,+3.48,+19.649, +6.509,+0.958
1664478960,+3.48,+19.649, +6.276,+0.958
1664479020,+3.48,+19.649, +6.512,+0.957
1664479080,+3.48,+19.632, +6.724,+0.957
1664479140,+3.48,+19.632, +6.806,+0.957
1664479200,+3.48,+19.649, +6.790,+0.957
1664479260,+3.48,+19.657, +6.756,+0.957
1664479320,+3.48,+19.632, +6.726,+0.957
1664479380,+3.48,+19.632, +6.785,+0.956
1664479440,+3.48,+19.641, +6.797,+0.955
1664479500,+3.48,+19.649, +6.695,+0.955
1664479560,+3.48,+19.632, +6.591,+0.956
1664479620,+3.48,+19.632, +7.031,+0.957
1664479680,+3.48,+19.641, +7.106,+0.958
1664479740,+3.48,+19.632, +7.141,+0.958
1664479800,+3.48,+19.624, +7.264,+0.958
1664479860,+3.48,+19.607, +7.185,+0.958
1664479920,+3.48,+19.607, +7.349,+0.959
1664479980,+3.49,+19.599, +7.387,+0.958
1664480040,+3.49,+19.599, +7.557,+0.960
1664480100,+3.48,+19.599, +7.664,+0.960
1664480160,+3.48,+19.607, +7.665,+0.960
1664480220,+3.49,+19.599, +7.700,+0.961
1664480280,+3.48,+19.615, +7.616,+0.960
1664480340,+3.49,+19.590, +7.495,+0.961
1664480400,+3.48,+19.582, +7.554,+0.960
1664480460,+3.48,+19.607, +7.545,+0.960
1664480520,+3.48,+19.607, +7.479,+0.960
1664480580,+3.48,+19.607, +7.391,+0.960
1664480640,+3.48,+19.599, +7.322,+0.960
1664480700,+3.48,+19.607, +7.219,+0.960
1664480760,+3.48,+19.632, +7.231,+0.959
1664480820,+3.48,+19.624, +7.200,+0.959
1664480880,+3.48,+19.615, +7.185,+0.959
1664480940,+3.48,+19.624, +7.116,+0.959
1664481000,+3.49,+19.607, +6.892,+0.959
1664481060,+3.48,+19.632, +6.567,+0.960
1664481120,+3.48,+19.624, +5.901,+0.961
1664481180,+3.49,+19.607, +5.316,+0.962
1664481240,+3.48,+19.599, +5.450,+0.961
1664481300,+3.48,+19.582, +6.207,+0.958
1664481360,+3.49,+19.582, +6.218,+0.957
1664481420,+3.48,+19.590, +7.111,+0.957
1664481480,+3.49,+19.565, +7.419,+0.957
1664481540,+3.48,+19.573, +7.318,+0.958
1664481600,+3.48,+19.557, +7.004,+0.960
1664481660,+3.49,+19.565, +7.012,+0.960
1664481720,+3.49,+19.565, +7.144,+0.959
1664481780,+3.49,+19.573, +7.054,+0.959
1664481840,+3.49,+19.565, +7.081,+0.959
1664481900,+3.49,+19.548, +7.248,+0.959
1664481960,+3.49,+19.573, +7.206,+0.959
1664482020,+3.49,+19.540, +7.326,+0.959
1664482080,+3.49,+19.540, +7.322,+0.960
1664482140,+3.49,+19.548, +7.293,+0.960
1664482200,+3.49,+19.540, +7.344,+0.960
1664482260,+3.49,+19.523, +7.454,+0.960
1664482320,+3.49,+19.540, +7.667,+0.959
1664482380,+3.49,+19.531, +7.762,+0.960
1664482440,+3.49,+19.540, +7.767,+0.960
1664482500,+3.49,+19.523, +7.817,+0.960
1664482560,+3.49,+19.531, +7.822,+0.959
1664482620,+3.49,+19.557, +7.804,+0.959
1664482680,+3.49,+19.531, +7.772,+0.960
1664482740,+3.49,+19.531, +7.728,+0.960
1664482800,+3.49,+19.573, +7.652,+0.959
1664482860,+3.49,+19.540, +7.692,+0.959
1664482920,+3.49,+19.540, +7.715,+0.960
1664482980,+3.49,+19.557, +7.624,+0.960
1664483040,+3.49,+19.557, +7.485,+0.960
1664483100,+3.49,+19.565, +7.215,+0.961
1664483160,+3.49,+19.565, +7.042,+0.960
1664483220,+3.49,+19.573, +6.752,+0.961
1664483280,+3.49,+19.548, +6.538,+0.960
1664483340,+3.49,+19.565, +6.490,+0.959
1664483400,+3.49,+19.582, +6.510,+0.958
1664483460,+3.49,+19.557, +6.694,+0.957
1664483520,+3.49,+19.531, +7.110,+0.955
1664483580,+3.49,+19.531, +7.314,+0.956
1664483640,+3.49,+19.506, +7.531,+0.956
1664483700,+3.49,+19.523, +7.580,+0.957
1664483760,+3.49,+19.523, +7.773,+0.958
1664483820,+3.49,+19.515, +7.861,+0.958
1664483880,+3.49,+19.481, +7.785,+0.959
1664483940,+3.49,+19.498, +7.835,+0.960
1664484000,+3.49,+19.473, +7.940,+0.960
1664484060,+3.49,+19.473, +7.952,+0.960
1664484120,+3.49,+19.481, +7.996,+0.960
1664484180,+3.49,+19.456, +8.023,+0.961
1664484240,+3.49,+19.464, +8.023,+0.961
1664484300,+3.49,+19.464, +8.083,+0.961
1664484360,+3.49,+19.481, +8.085,+0.961
1664484420,+3.49,+19.473, +8.098,+0.961
1664484480,+3.49,+19.473, +8.083,+0.961
1664484540,+3.49,+19.481, +8.060,+0.961
1664484600,+3.49,+19.490, +8.027,+0.960
1664484660,+3.49,+19.481, +7.996,+0.961
1664484720,+3.49,+19.473, +7.957,+0.961
1664484780,+3.49,+19.464, +7.985,+0.961
1664484840,+3.49,+19.481, +7.942,+0.960
1664484900,+3.49,+19.498, +7.866,+0.960
1664484960,+3.49,+19.498, +7.746,+0.960
1664485020,+3.49,+19.481, +7.737,+0.960
1664485080,+3.49,+19.490, +7.721,+0.960
1664485140,+3.49,+19.506, +7.317,+0.960
1664485200,+3.49,+19.515, +7.079,+0.960
1664485260,+3.49,+19.506, +7.500,+0.963
1664485320,+3.49,+19.523, +7.670,+0.964
1664485380,+3.49,+19.506, +7.712,+0.964
1664485440,+3.49,+19.515, +7.699,+0.964
1664485500,+3.49,+19.506, +7.973,+0.964
1664485560,+3.49,+19.498, +8.202,+0.964
1664485620,+3.49,+19.498, +8.327,+0.964
1664485680,+3.49,+19.506, +8.377,+0.964
1664485740,+3.49,+19.490, +8.378,+0.964
1664485800,+3.49,+19.481, +8.387,+0.964
1664485860,+3.49,+19.490, +8.366,+0.965
1664485920,+3.49,+19.481, +8.356,+0.965
1664485980,+3.49,+19.473, +8.349,+0.964
1664486040,+3.49,+19.481, +8.345,+0.964
1664486100,+3.49,+19.473, +8.327,+0.964
1664486160,+3.49,+19.481, +8.336,+0.964
1664486220,+3.49,+19.473, +8.318,+0.964
1664486280,+3.49,+19.481, +8.328,+0.964
1664486340,+3.49,+19.456, +8.325,+0.964
1664486400,+3.49,+19.473, +8.337,+0.965
1664486460,+3.49,+19.473, +8.336,+0.964
1664486520,+3.49,+19.481, +8.381,+0.964
1664486580,+3.49,+19.498, +8.375,+0.964
1664486640,+3.49,+19.473, +8.402,+0.964
1664486700,+3.49,+19.498, +8.394,+0.964
1664486760,+3.49,+19.506, +8.373,+0.964
1664486820,+3.49,+19.498, +8.313,+0.964
1664486880,+3.49,+19.506, +8.273,+0.964
1664486940,+3.49,+19.498, +8.274,+0.964
1664487000,+3.49,+19.523, +8.220,+0.964
1664487060,+3.49,+19.523, +8.259,+0.965
1664487120,+3.49,+19.515, +8.416,+0.964
1664487180,+3.49,+19.515, +8.536,+0.964
1664487240,+3.49,+19.498, +8.585,+0.964
1664487300,+3.49,+19.540, +8.580,+0.964
1664487360,+3.49,+19.506, +8.600,+0.965
1664487420,+3.49,+19.498, +8.550,+0.964
1664487480,+3.49,+19.523, +8.521,+0.964
1664487540,+3.49,+19.531, +8.478,+0.964
1664487600,+3.49,+19.531, +8.429,+0.964
1664487660,+3.48,+19.540, +8.396,+0.964
1664487720,+3.49,+19.531, +8.410,+0.964
1664487780,+3.49,+19.557, +8.324,+0.964
1664487840,+3.49,+19.515, +8.003,+0.965
1664487900,+3.49,+19.531, +7.818,+0.964
1664487960,+3.49,+19.523, +7.614,+0.963
1664488020,+3.49,+19.540, +7.940,+0.964
1664488080,+3.49,+19.531, +7.837,+0.964
1664488140,+3.49,+19.531, +7.506,+0.964
1664488200,+3.49,+19.540, +7.153,+0.964
1664488260,+3.49,+19.523, +6.690,+0.963
1664488320,+3.49,+19.548, +6.416,+0.964
1664488380,+3.49,+19.548, +6.671,+0.964
1664488440,+3.49,+19.540, +6.815,+0.964
1664488500,+3.49,+19.531, +7.047,+0.964
1664488560,+3.49,+19.531, +7.329,+0.964
1664488620,+3.49,+19.548, +7.742,+0.964
1664488680,+3.49,+19.548, +8.229,+0.964
1664488740,+3.49,+19.540, +8.399,+0.964
1664488800,+3.49,+19.540, +8.433,+0.964
1664488860,+3.49,+19.557, +8.429,+0.964
1664488920,+3.49,+19.531, +8.437,+0.965
1664488980,+3.49,+19.515, +8.465,+0.964
1664489040,+3.49,+19.548, +8.437,+0.964
1664489100,+3.49,+19.531, +8.384,+0.964
1664489160,+3.49,+19.540, +8.349,+0.964
1664489220,+3.49,+19.548, +8.324,+0.964
1664489280,+3.49,+19.548, +8.262,+0.964
1664489340,+3.49,+19.540, +8.197,+0.964
1664489400,+3.49,+19.557, +8.180,+0.964
1664489460,+3.49,+19.531, +8.185,+0.964
1664489520,+3.48,+19.565, +8.147,+0.964
1664489580,+3.48,+19.573, +7.901,+0.964
1664489640,+3.48,+19.565, +7.745,+0.964
1664489700,+3.49,+19.582, +7.768,+0.964
1664489760,+3.49,+19.573, +7.834,+0.964
1664489820,+3.48,+19.565, +7.788,+0.964
1664489880,+3.49,+19.582, +7.383,+0.964
1664489940,+3.49,+19.573, +7.005,+0.964
1664490000,+3.49,+19.582, +6.755,+0.964
1664490060,+3.49,+19.582, +6.675,+0.964
1664490120,+3.48,+19.582, +6.640,+0.964
1664490180,+3.49,+19.582, +6.707,+0.964
1664490240,+3.48,+19.590, +6.830,+0.965
1664490300,+3.49,+19.573, +6.985,+0.964
1664490360,+3.48,+19.573, +7.020,+0.964
1664490420,+3.48,+19.573, +6.477,+0.964
1664490480,+3.48,+19.565, +6.756,+0.964
1664490540,+3.48,+19.573, +7.495,+0.964
1664490600,+3.48,+19.582, +7.912,+0.964
1664490660,+3.48,+19.573, +8.058,+0.964
1664490720,+3.48,+19.573, +8.113,+0.964
1664490780,+3.48,+19.590, +8.134,+0.964
1664490840,+3.49,+19.573, +8.150,+0.964
1664490900,+3.48,+19.590, +8.153,+0.964
1664490960,+3.48,+19.573, +8.153,+0.964
1664491020,+3.48,+19.582, +8.102,+0.964
1664491080,+3.48,+19.582, +8.101,+0.964
1664491140,+3.49,+19.565, +7.961,+0.964
1664491200,+3.48,+19.582, +7.981,+0.964
1664491260,+3.49,+19.590, +8.154,+0.964
1664491320,+3.49,+19.573, +8.254,+0.965
1664491380,+3.48,+19.599, +8.284,+0.964
1664491440,+3.49,+19.573, +8.329,+0.965
1664491500,+3.48,+19.582, +8.323,+0.964
1664491560,+3.48,+19.582, +8.171,+0.964
1664491620,+3.48,+19.590, +8.078,+0.964
1664491680,+3.48,+19.590, +8.125,+0.964
1664491740,+3.48,+19.590, +8.194,+0.964
1664491800,+3.48,+19.590, +8.222,+0.964
1664491860,+3.48,+19.599, +8.203,+0.964
1664491920,+3.48,+19.599, +8.226,+0.964
1664491980,+3.48,+19.607, +8.212,+0.965
1664492040,+3.48,+19.615, +8.171,+0.964
1664492100,+3.48,+19.599, +8.094,+0.964
1664492160,+3.49,+19.590, +7.908,+0.964
1664492220,+3.48,+19.607, +7.940,+0.964
1664492280,+3.49,+19.599, +7.842,+0.964
1664492340,+3.48,+19.615, +7.907,+0.964
1664492400,+3.48,+19.599, +7.952,+0.964
1664492460,+3.48,+19.607, +7.991,+0.964
1664492520,+3.48,+19.615, +8.008,+0.964
1664492580,+3.48,+19.607, +7.902,+0.964
1664492640,+3.48,+19.607, +7.674,+0.964
1664492700,+3.48,+19.607, +7.405,+0.964
1664492760,+3.48,+19.624, +7.312,+0.964
1664492820,+3.48,+19.607, +7.366,+0.964
1664492880,+3.48,+19.632, +7.416,+0.964
1664492940,+3.48,+19.607, +7.525,+0.964
1664493000,+3.48,+19.599, +7.589,+0.964
1664493060,+3.48,+19.599, +7.688,+0.964
1664493120,+3.48,+19.607, +7.781,+0.964
1664493180,+3.48,+19.582, +7.783,+0.964
1664493240,+3.48,+19.607, +7.780,+0.964
1664493300,+3.48,+19.615, +7.754,+0.964
1664493360,+3.48,+19.599, +7.820,+0.964
1664493420,+3.48,+19.590, +7.938,+0.964
1664493480,+3.48,+19.573, +7.985,+0.964
1664493540,+3.48,+19.599, +8.064,+0.964
1664493600,+3.48,+19.573, +8.151,+0.964
1664493660,+3.49,+19.565, +8.133,+0.964
1664493720,+3.48,+19.573, +7.975,+0.964
1664493780,+3.49,+19.590, +8.043,+0.964
1664493840,+3.49,+19.590, +8.094,+0.964
1664493900,+3.48,+19.590, +8.187,+0.964
1664493960,+3.48,+19.599, +8.242,+0.964
1664494020,+3.48,+19.573, +8.298,+0.964
1664494080,+3.49,+19.557, +8.377,+0.964
1664494140,+3.48,+19.565, +8.448,+0.964
1664494200,+3.49,+19.565, +8.532,+0.964
1664494260,+3.49,+19.565, +8.560,+0.964
1664494320,+3.49,+19.557, +8.560,+0.963
1664494380,+3.49,+19.557, +8.544,+0.964
1664494440,+3.48,+19.590, +8.583,+0.964
1664494500,+3.49,+19.548, +8.751,+0.964
1664494560,+3.49,+19.565, +8.809,+0.964
1664494620,+3.49,+19.573, +8.841,+0.964
1664494680,+3.49,+19.557, +8.842,+0.964
1664494740,+3.48,+19.557, +8.775,+0.964
1664494800,+3.49,+19.557, +8.865,+0.964
1664494860,+3.49,+19.540, +8.953,+0.965
1664494920,+3.49,+19.540, +8.954,+0.964
1664494980,+3.49,+19.548, +9.009,+0.964
1664495040,+3.49,+19.540, +8.966,+0.964
1664495100,+3.49,+19.557, +8.990,+0.965
1664495160,+3.49,+19.548, +9.005,+0.964
1664495220,+3.49,+19.531, +8.993,+0.965
1664495280,+3.49,+19.540, +8.865,+0.964
1664495340,+3.49,+19.565, +8.897,+0.964
1664495400,+3.49,+19.540, +8.891,+0.964
1664495460,+3.49,+19.548, +8.890,+0.964
1664495520,+3.49,+19.540, +8.847,+0.965
1664495580,+3.48,+19.548, +8.847,+0.964
1664495640,+3.49,+19.565, +8.829,+0.964
1664495700,+3.48,+19.565, +8.840,+0.964
1664495760,+3.48,+19.557, +8.703,+0.964
1664495820,+3.49,+19.531, +8.619,+0.964
1664495880,+3.49,+19.565, +8.509,+0.964
1664495940,+3.49,+19.531, +8.538,+0.964
1664496000,+3.49,+19.523, +8.588,+0.964
1664496060,+3.48,+19.557, +7.496,+0.964
1664496120,+3.49,+19.540, +7.544,+0.964
1664496180,+3.49,+19.540, +7.626,+0.964
1664496240,+3.49,+19.540, +7.828,+0.963
1664496300,+3.49,+19.548, +8.034,+0.963
1664496360,+3.49,+19.540, +8.104,+0.963
1664496420,+3.49,+19.531, +8.003,+0.962
1664496480,+3.49,+19.523, +7.862,+0.962
1664496540,+3.49,+19.557, +7.695,+0.962
1664496600,+3.49,+19.531, +7.607,+0.962
1664496660,+3.49,+19.540, +7.582,+0.961
1664496720,+3.49,+19.523, +7.471,+0.961
1664496780,+3.49,+19.540, +7.545,+0.962
1664496840,+3.49,+19.548, +7.736,+0.961
1664496900,+3.49,+19.531, +7.917,+0.961
1664496960,+3.49,+19.515, +8.158,+0.961
1664497020,+3.49,+19.531, +8.270,+0.961
1664497080,+3.49,+19.531, +8.336,+0.962
1664497140,+3.49,+19.531, +8.370,+0.962
1664497200,+3.49,+19.531, +8.373,+0.963
1664497260,+3.49,+19.531, +8.352,+0.962
1664497320,+3.49,+19.515, +8.358,+0.963
1664497380,+3.49,+19.523, +8.373,+0.962
1664497440,+3.49,+19.523, +8.368,+0.962
1664497500,+3.49,+19.531, +8.354,+0.963
1664497560,+3.49,+19.531, +8.276,+0.962
1664497620,+3.49,+19.515, +8.237,+0.963
1664497680,+3.49,+19.498, +8.227,+0.962
1664497740,+3.49,+19.515, +8.213,+0.962
1664497800,+3.49,+19.523, +8.184,+0.962
1664497860,+3.49,+19.515, +7.983,+0.962
1664497920,+3.49,+19.515, +7.755,+0.962
1664497980,+3.49,+19.506, +7.593,+0.962
1664498040,+3.49,+19.506, +7.493,+0.961
1664498100,+3.49,+19.515, +7.399,+0.961
1664498160,+3.49,+19.490, +7.421,+0.960
1664498220,+3.49,+19.506, +7.585,+0.960
1664498280,+3.49,+19.523, +7.819,+0.960
1664498340,+3.49,+19.498, +8.004,+0.961
1664498400,+3.49,+19.498, +8.121,+0.960
1664498460,+3.49,+19.490, +8.146,+0.960
1664498520,+3.49,+19.490, +8.187,+0.960
1664498580,+3.49,+19.490, +8.260,+0.960
1664498640,+3.49,+19.481, +8.328,+0.960
1664498700,+3.49,+19.515, +8.391,+0.961
1664498760,+3.49,+19.506, +8.382,+0.961
1664498820,+3.49,+19.498, +8.403,+0.962
1664498880,+3.49,+19.490, +8.387,+0.961
1664498940,+3.49,+19.490, +8.336,+0.961
1664499000,+3.49,+19.490, +8.330,+0.962
1664499060,+3.49,+19.498, +8.293,+0.961
1664499120,+3.49,+19.498, +8.232,+0.962
1664499180,+3.49,+19.515, +8.126,+0.961
1664499240,+3.49,+19.506, +8.098,+0.961
1664499300,+3.49,+19.515, +8.045,+0.961
1664499360,+3.49,+19.523, +7.979,+0.961
1664499420,+3.49,+19.515, +7.920,+0.961
1664499480,+3.49,+19.515, +7.826,+0.961
1664499540,+3.49,+19.523, +7.725,+0.961
1664499600,+3.49,+19.523, +7.682,+0.961
1664499660,+3.49,+19.515, +7.611,+0.960
1664499720,+3.49,+19.531, +7.399,+0.960
1664499780,+3.49,+19.498, +7.347,+0.960
1664499840,+3.49,+19.498, +7.299,+0.960
1664499900,+3.49,+19.506, +7.139,+0.959
1664499960,+3.49,+19.515, +7.080,+0.959
1664500020,+3.49,+19.523, +7.027,+0.958
1664500080,+3.49,+19.515, +6.947,+0.958
1664500140,+3.49,+19.531, +6.881,+0.958
1664500200,+3.49,+19.540, +6.770,+0.958
1664500260,+3.49,+19.548, +6.669,+0.957
1664500320,+3.49,+19.548, +6.571,+0.957
1664500380,+3.49,+19.540, +6.545,+0.957
1664500440,+3.48,+19.548, +6.507,+0.957
1664500500,+3.48,+19.548, +6.461,+0.957
1664500560,+3.49,+19.548, +6.431,+0.957
1664500620,+3.49,+19.557, +6.442,+0.957
1664500680,+3.49,+19.531, +6.533,+0.957
1664500740,+3.49,+19.557, +6.597,+0.958
1664500800,+3.49,+19.548, +6.640,+0.959
1664500860,+3.48,+19.548, +6.622,+0.959
1664500920,+3.49,+19.557, +6.603,+0.959
1664500980,+3.49,+19.557, +6.575,+0.959
1664501040,+3.49,+19.548, +6.548,+0.959
1664501100,+3.49,+19.557, +6.541,+0.959
1664501160,+3.49,+19.548, +6.564,+0.958
1664501220,+3.49,+19.565, +6.702,+0.958
1664501280,+3.49,+19.565, +6.672,+0.959
1664501340,+3.49,+19.582, +6.658,+0.959
1664501400,+3.49,+19.548, +6.717,+0.960
1664501460,+3.48,+19.557, +6.675,+0.960
1664501520,+3.48,+19.557, +6.632,+0.959
1664501580,+3.48,+19.582, +6.566,+0.959
1664501640,+3.48,+19.548, +6.504,+0.959
1664501700,+3.49,+19.557, +6.442,+0.959
1664501760,+3.48,+19.573, +6.448,+0.959
1664501820,+3.48,+19.582, +6.532,+0.958
1664501880,+3.49,+19.557, +6.512,+0.958
1664501940,+3.49,+19.565, +6.433,+0.958
1664502000,+3.48,+19.590, +6.344,+0.958
1664502060,+3.48,+19.573, +6.248,+0.958
1664502120,+3.48,+19.590, +6.216,+0.959
1664502180,+3.48,+19.590, +6.197,+0.959
1664502240,+3.48,+19.599, +6.246,+0.959
1664502300,+3.48,+19.599, +6.285,+0.958
1664502360,+3.48,+19.607, +6.326,+0.958
1664502420,+3.48,+19.599, +6.324,+0.958
1664502480,+3.48,+19.607, +6.284,+0.959
1664502540,+3.49,+19.590, +6.239,+0.959
1664502600,+3.48,+19.624, +6.275,+0.959
1664502660,+3.48,+19.615, +6.428,+0.959
1664502720,+3.49,+19.582, +6.558,+0.959
1664502780,+3.48,+19.607, +6.601,+0.959
1664502840,+3.48,+19.607, +6.628,+0.959
1664502900,+3.48,+19.607, +6.644,+0.959
1664502960,+3.48,+19.624, +6.697,+0.959
1664503020,+3.48,+19.599, +6.731,+0.959
1664503080,+3.48,+19.615, +6.782,+0.959
1664503140,+3.48,+19.615, +6.802,+0.959
1664503200,+3.48,+19.615, +6.841,+0.958
1664503260,+3.48,+19.607, +6.860,+0.958
1664503320,+3.48,+19.599, +6.793,+0.958
1664503380,+3.48,+19.615, +6.673,+0.959
1664503440,+3.48,+19.607, +6.540,+0.959
1664503500,+3.48,+19.590, +6.448,+0.959
1664503560,+3.49,+19.590, +6.463,+0.959
1664503620,+3.48,+19.599, +6.539,+0.958
1664503680,+3.48,+19.590, +6.432,+0.958
1664503740,+3.48,+19.573, +6.333,+0.958
1664503800,+3.49,+19.548, +6.232,+0.957
1664503860,+3.48,+19.557, +6.329,+0.956
1664503920,+3.48,+19.548, +6.485,+0.955
1664503980,+3.49,+19.515, +6.640,+0.956
1664504040,+3.49,+19.515, +6.844,+0.956
1664504100,+3.49,+19.506, +7.191,+0.958
1664504160,+3.49,+19.481, +7.425,+0.959
1664504220,+3.49,+19.490, +7.794,+0.960
1664504280,+3.49,+19.490, +7.747,+0.961
1664504340,+3.49,+19.481, +7.631,+0.960
1664504400,+3.49,+19.481, +7.701,+0.960
1664504460,+3.49,+19.473, +7.809,+0.960
1664504520,+3.49,+19.481, +8.018,+0.960
1664504580,+3.49,+19.481, +8.002,+0.960
1664504640,+3.49,+19.464, +7.923,+0.961
1664504700,+3.49,+19.490, +7.789,+0.960
1664504760,+3.49,+19.481, +7.678,+0.960
1664504820,+3.49,+19.464, +7.339,+0.960
1664504880,+3.49,+19.481, +7.133,+0.959
1664504940,+3.49,+19.448, +7.598,+0.961
1664505000,+3.49,+19.456, +7.714,+0.961
1664505060,+3.49,+19.439, +7.787,+0.961
1664505120,+3.49,+19.439, +7.798,+0.960
1664505180,+3.49,+19.456, +7.747,+0.960
1664505240,+3.49,+19.456, +7.605,+0.960
1664505300,+3.49,+19.456, +7.614,+0.959
1664505360,+3.49,+19.456, +7.427,+0.959
1664505420,+3.49,+19.456, +7.170,+0.960
1664505480,+3.49,+19.448, +7.265,+0.960
1664505540,+3.49,+19.439, +7.344,+0.960
1664505600,+3.49,+19.456, +7.285,+0.960
1664505660,+3.49,+19.439, +7.253,+0.960
1664505720,+3.49,+19.431, +7.464,+0.960
1664505780,+3.49,+19.431, +7.691,+0.960
1664505840,+3.49,+19.431, +7.813,+0.961
1664505900,+3.49,+19.422, +7.819,+0.960
1664505960,+3.49,+19.431, +7.941,+0.960
1664506020,+3.49,+19.414, +8.038,+0.960
1664506080,+3.49,+19.431, +8.153,+0.960
1664506140,+3.49,+19.414, +8.303,+0.961
1664506200,+3.49,+19.397, +8.321,+0.961
1664506260,+3.49,+19.397, +8.296,+0.961
1664506320,+3.49,+19.389, +8.273,+0.961
1664506380,+3.49,+19.406, +8.215,+0.961
1664506440,+3.49,+19.431, +8.220,+0.961
1664506500,+3.49,+19.397, +8.223,+0.961
1664506560,+3.49,+19.406, +8.148,+0.961
1664506620,+3.49,+19.406, +8.044,+0.962
1664506680,+3.49,+19.414, +7.992,+0.961
1664506740,+3.49,+19.406, +7.911,+0.961
1664506800,+3.49,+19.406, +7.878,+0.961
1664506860,+3.49,+19.380, +8.086,+0.964
1664506920,+3.49,+19.380, +8.397,+0.964
1664506980,+3.49,+19.372, +8.550,+0.964
1664507040,+3.49,+19.355, +8.496,+0.964
1664507100,+3.49,+19.380, +8.440,+0.964
1664507160,+3.49,+19.355, +8.524,+0.964
1664507220,+3.49,+19.372, +8.575,+0.964
1664507280,+3.49,+19.372, +8.661,+0.964
1664507340,+3.49,+19.364, +8.620,+0.964
1664507400,+3.49,+19.347, +8.667,+0.964
1664507460,+3.49,+19.355, +8.707,+0.964
1664507520,+3.49,+19.364, +8.783,+0.965
1664507580,+3.49,+19.364, +8.747,+0.964
1664507640,+3.49,+19.364, +8.661,+0.964
1664507700,+3.49,+19.372, +8.726,+0.964
1664507760,+3.49,+19.355, +8.782,+0.964
1664507820,+3.49,+19.364, +8.787,+0.964
1664507880,+3.49,+19.355, +8.822,+0.964
1664507940,+3.49,+19.355, +8.836,+0.964
1664508000,+3.49,+19.338, +8.839,+0.964
1664508060,+3.49,+19.330, +8.846,+0.964
1664508120,+3.49,+19.338, +8.818,+0.964
1664508180,+3.49,+19.372, +8.676,+0.964
1664508240,+3.49,+19.372, +8.754,+0.964
1664508300,+3.49,+19.355, +8.752,+0.965
1664508360,+3.49,+19.355, +8.685,+0.964
1664508420,+3.49,+19.380, +8.827,+0.964
1664508480,+3.49,+19.364, +8.832,+0.964
1664508540,+3.49,+19.364, +8.834,+0.964
1664508600,+3.49,+19.364, +8.846,+0.964
1664508660,+3.49,+19.355, +8.839,+0.964
1664508720,+3.49,+19.338, +8.813,+0.964
1664508780,+3.49,+19.364, +8.870,+0.964
1664508840,+3.49,+19.355, +8.878,+0.964
1664508900,+3.49,+19.355, +8.882,+0.964
1664508960,+3.49,+19.372, +8.863,+0.964
1664509020,+3.49,+19.355, +8.865,+0.964
1664509080,+3.49,+19.338, +8.902,+0.964
1664509140,+3.49,+19.338, +8.895,+0.964
1664509200,+3.49,+19.330, +8.914,+0.964
1664509260,+3.49,+19.355, +8.904,+0.964
1664509320,+3.49,+19.355, +8.810,+0.964
1664509380,+3.49,+19.347, +8.546,+0.964
1664509440,+3.49,+19.355, +8.550,+0.964
1664509500,+3.49,+19.355, +8.586,+0.964
1664509560,+3.49,+19.338, +8.674,+0.965
1664509620,+3.49,+19.380, +8.731,+0.964
1664509680,+3.49,+19.372, +8.732,+0.964
1664509740,+3.49,+19.355, +8.681,+0.965
1664509800,+3.49,+19.355, +8.724,+0.965
1664509860,+3.49,+19.364, +8.739,+0.964
1664509920,+3.49,+19.355, +8.790,+0.964
1664509980,+3.49,+19.330, +8.826,+0.965
1664510040,+3.49,+19.338, +8.801,+0.964
1664510100,+3.49,+19.322, +8.854,+0.964
1664510160,+3.49,+19.338, +8.817,+0.964
1664510220,+3.49,+19.338, +8.789,+0.964
1664510280,+3.49,+19.338, +8.809,+0.964
1664510340,+3.49,+19.330, +8.839,+0.965
1664510400,+3.49,+19.338, +8.822,+0.964
1664510460,+3.49,+19.338, +8.818,+0.964
1664510520,+3.49,+19.330, +8.772,+0.964
1664510580,+3.49,+19.338, +8.795,+0.964
1664510640,+3.49,+19.330, +8.786,+0.965
1664510700,+3.49,+19.338, +8.787,+0.964
1664510760,+3.49,+19.322, +8.800,+0.964
1664510820,+3.49,+19.347, +8.765,+0.964
1664510880,+3.49,+19.347, +8.771,+0.964
1664510940,+3.49,+19.330, +8.751,+0.964
1664511000,+3.49,+19.322, +8.736,+0.964
1664511060,+3.49,+19.330, +8.757,+0.964
1664511120,+3.49,+19.338, +8.754,+0.964
1664511180,+3.49,+19.322, +8.721,+0.964
1664511240,+3.49,+19.330, +8.698,+0.964
1664511300,+3.49,+19.338, +8.629,+0.964
1664511360,+3.49,+19.338, +8.625,+0.964
1664511420,+3.49,+19.330, +8.621,+0.964
1664511480,+3.49,+19.330, +8.576,+0.964
1664511540,+3.49,+19.355, +8.394,+0.964
1664511600,+3.49,+19.338, +8.270,+0.964
1664511660,+3.49,+19.313, +8.335,+0.964
1664511720,+3.49,+19.305, +8.536,+0.963
1664511780,+3.49,+19.338, +8.614,+0.964
1664511840,+3.49,+19.313, +8.637,+0.964
1664511900,+3.49,+19.305, +8.651,+0.964
1664511960,+3.49,+19.313, +8.674,+0.964
1664512020,+3.49,+19.322, +8.650,+0.964
1664512080,+3.49,+19.322, +8.646,+0.964
1664512140,+3.49,+19.322, +8.628,+0.964
1664512200,+3.49,+19.313, +8.636,+0.965
1664512260,+3.49,+19.313, +8.632,+0.964
1664512320,+3.49,+19.305, +8.644,+0.964
1664512380,+3.49,+19.305, +8.655,+0.964
1664512440,+3.49,+19.297, +8.645,+0.964
1664512500,+3.49,+19.297, +8.650,+0.964
1664512560,+3.49,+19.305, +8.647,+0.964
1664512620,+3.49,+19.322, +8.616,+0.964
1664512680,+3.49,+19.313, +8.593,+0.964
1664512740,+3.49,+19.297, +8.576,+0.964
1664512800,+3.49,+19.313, +8.584,+0.964
1664512860,+3.49,+19.297, +8.605,+0.964
1664512920,+3.49,+19.322, +8.597,+0.964
1664512980,+3.49,+19.280, +8.608,+0.964
1664513040,+3.49,+19.305, +8.625,+0.964
1664513100,+3.49,+19.313, +8.591,+0.964
1664513160,+3.49,+19.297, +8.562,+0.964
1664513220,+3.49,+19.297, +8.521,+0.964
1664513280,+3.49,+19.313, +8.501,+0.964
1664513340,+3.49,+19.297, +8.446,+0.964
1664513400,+3.49,+19.288, +8.337,+0.964
1664513460,+3.49,+19.322, +8.248,+0.964
1664513520,+3.49,+19.313, +8.213,+0.964
1664513580,+3.49,+19.330, +8.162,+0.964
1664513640,+3.49,+19.297, +8.167,+0.964
1664513700,+3.49,+19.305, +8.292,+0.964
1664513760,+3.49,+19.313, +8.386,+0.964
1664513820,+3.49,+19.297, +8.455,+0.964
1664513880,+3.49,+19.322, +8.486,+0.964
1664513940,+3.49,+19.330, +8.300,+0.964
1664514000,+3.49,+19.305, +8.374,+0.964
1664514060,+3.49,+19.322, +8.420,+0.964
1664514120,+3.49,+19.305, +8.476,+0.964
1664514180,+3.49,+19.313, +8.488,+0.964
1664514240,+3.49,+19.313, +8.298,+0.964
1664514300,+3.49,+19.322, +8.201,+0.964
1664514360,+3.49,+19.313, +8.119,+0.964
1664514420,+3.49,+19.313, +7.985,+0.964
1664514480,+3.49,+19.330, +7.928,+0.964
1664514540,+3.49,+19.313, +8.199,+0.964
1664514600,+3.49,+19.322, +8.355,+0.965
1664514660,+3.49,+19.313, +8.414,+0.964
1664514720,+3.49,+19.297, +8.465,+0.965
1664514780,+3.49,+19.330, +8.456,+0.964
1664514840,+3.49,+19.313, +8.458,+0.964
1664514900,+3.49,+19.330, +8.462,+0.964
1664514960,+3.49,+19.330, +8.462,+0.964
1664515020,+3.49,+19.313, +8.448,+0.964
1664515080,+3.49,+19.338, +8.373,+0.964
1664515140,+3.49,+19.330, +8.202,+0.964
1664515200,+3.49,+19.313, +8.198,+0.964
1664515260,+3.49,+19.322, +8.224,+0.964
1664515320,+3.49,+19.338, +8.223,+0.964
1664515380,+3.49,+19.305, +8.247,+0.963
1664515440,+3.49,+19.322, +8.238,+0.964
1664515500,+3.49,+19.338, +8.273,+0.964
1664515560,+3.49,+19.338, +8.279,+0.964
1664515620,+3.49,+19.322, +8.249,+0.964
1664515680,+3.49,+19.313, +8.239,+0.964
1664515740,+3.49,+19.322, +8.243,+0.964
1664515800,+3.49,+19.305, +8.146,+0.964
1664515860,+3.49,+19.305, +8.223,+0.964
1664515920,+3.49,+19.330, +8.278,+0.964
1664515980,+3.49,+19.288, +8.219,+0.965
1664516040,+3.49,+19.297, +8.057,+0.964
1664516100,+3.49,+19.288, +7.842,+0.964
1664516160,+3.49,+19.280, +7.724,+0.963
1664516220,+3.49,+19.263, +7.664,+0.963
1664516280,+3.49,+19.246, +7.433,+0.963
1664516340,+3.49,+19.263, +7.462,+0.964
1664516400,+3.49,+19.238, +7.514,+0.964
1664516460,+3.49,+19.255, +7.586,+0.964
1664516520,+3.49,+19.263, +7.621,+0.964
1664516580,+3.49,+19.238, +7.452,+0.964
1664516640,+3.49,+19.271, +7.242,+0.964
1664516700,+3.49,+19.238, +7.123,+0.964
1664516760,+3.49,+19.246, +6.966,+0.964
1664516820,+3.49,+19.246, +6.843,+0.964
1664516880,+3.49,+19.221, +6.783,+0.964
1664516940,+3.49,+19.229, +6.799,+0.964
1664517000,+3.49,+19.213, +6.868,+0.964
1664517060,+3.49,+19.196, +7.314,+0.964
1664517120,+3.49,+19.179, +7.433,+0.964
1664517180,+3.49,+19.179, +7.508,+0.964
1664517240,+3.49,+19.154, +7.509,+0.964
1664517300,+3.49,+19.137, +7.559,+0.964
1664517360,+3.49,+19.145, +7.738,+0.964
1664517420,+3.49,+19.154, +7.872,+0.964
1664517480,+3.49,+19.120, +7.934,+0.964
1664517540,+3.49,+19.129, +7.931,+0.964
1664517600,+3.49,+19.145, +7.975,+0.964
1664517660,+3.49,+19.129, +7.008,+0.964
1664517720,+3.49,+19.154, +7.187,+0.964
1664517780,+3.49,+19.137, +7.122,+0.964
1664517840,+3.49,+19.171, +6.998,+0.964
1664517900,+3.49,+19.154, +6.929,+0.964
1664517960,+3.49,+19.171, +7.042,+0.964
1664518020,+3.49,+19.145, +7.180,+0.964
1664518080,+3.49,+19.145, +7.318,+0.964
1664518140,+3.49,+19.145, +7.337,+0.964
1664518200,+3.49,+19.162, +7.381,+0.963
1664518260,+3.49,+19.154, +7.490,+0.964
1664518320,+3.49,+19.162, +7.468,+0.963
1664518380,+3.49,+19.162, +7.469,+0.964
1664518440,+3.49,+19.154, +7.581,+0.963
1664518500,+3.49,+19.162, +7.649,+0.964
1664518560,+3.49,+19.145, +7.649,+0.963
1664518620,+3.49,+19.154, +7.530,+0.963
1664518680,+3.49,+19.145, +7.513,+0.963
1664518740,+3.49,+19.162, +7.618,+0.963
1664518800,+3.49,+19.154, +7.748,+0.964
1664518860,+3.49,+19.154, +7.911,+0.963
1664518920,+3.49,+19.154, +8.034,+0.964
1664518980,+3.49,+19.154, +7.834,+0.964
1664519040,+3.49,+19.162, +7.738,+0.963
1664519100,+3.49,+19.179, +7.505,+0.964
1664519160,+3.49,+19.179, +7.558,+0.964
1664519220,+3.49,+19.154, +7.646,+0.964
1664519280,+3.49,+19.179, +7.694,+0.964
1664519340,+3.49,+19.162, +7.737,+0.964
1664519400,+3.49,+19.179, +7.811,+0.964
1664519460,+3.49,+19.179, +7.805,+0.964
1664519520,+3.49,+19.187, +7.806,+0.964
1664519580,+3.49,+19.187, +7.903,+0.964
1664519640,+3.49,+19.187, +7.932,+0.964
1664519700,+3.49,+19.187, +7.897,+0.963
1664519760,+3.49,+19.204, +7.793,+0.964
1664519820,+3.49,+19.187, +7.600,+0.963
1664519880,+3.49,+19.196, +7.430,+0.963
1664519940,+3.49,+19.171, +7.222,+0.964
1664520000,+3.49,+19.196, +7.139,+0.963
1664520060,+3.49,+19.179, +7.158,+0.963
1664520120,+3.49,+19.187, +7.159,+0.963
1664520180,+3.49,+19.179, +7.281,+0.963
1664520240,+3.49,+19.187, +7.247,+0.963
1664520300,+3.49,+19.196, +7.138,+0.964
1664520360,+3.49,+19.187, +7.005,+0.964
1664520420,+3.49,+19.187, +6.847,+0.963
1664520480,+3.49,+19.196, +6.707,+0.963
1664520540,+3.49,+19.196, +6.545,+0.963
1664520600,+3.49,+19.196, +6.557,+0.963
1664520660,+3.49,+19.204, +6.676,+0.963
1664520720,+3.49,+19.196, +6.945,+0.964
1664520780,+3.49,+19.171, +7.211,+0.963
1664520840,+3.49,+19.187, +7.354,+0.963
1664520900,+3.49,+19.179, +7.373,+0.964
1664520960,+3.49,+19.204, +7.227,+0.964
1664521020,+3.49,+19.196, +7.162,+0.963
1664521080,+3.49,+19.171, +7.154,+0.963
1664521140,+3.49,+19.171, +7.356,+0.963
1664521200,+3.49,+19.171, +7.404,+0.963
1664521260,+3.49,+19.162, +7.426,+0.963
1664521320,+3.49,+19.162, +7.640,+0.963
1664521380,+3.49,+19.162, +7.736,+0.964
1664521440,+3.49,+19.154, +7.682,+0.964
1664521500,+3.49,+19.154, +7.435,+0.964
1664521560,+3.49,+19.171, +7.342,+0.964
1664521620,+3.49,+19.179, +7.279,+0.964
1664521680,+3.49,+19.162, +7.189,+0.964
1664521740,+3.49,+19.171, +7.361,+0.964
1664521800,+3.49,+19.145, +7.347,+0.963
1664521860,+3.49,+19.179, +7.190,+0.964
1664521920,+3.49,+19.179, +7.387,+0.964
1664521980,+3.49,+19.171, +7.567,+0.964
1664522040,+3.49,+19.196, +7.430,+0.964
1664522100,+3.49,+19.204, +7.533,+0.964
1664522160,+3.49,+19.221, +7.606,+0.964
1664522220,+3.49,+19.229, +7.649,+0.964
1664522280,+3.49,+19.238, +7.609,+0.964
1664522340,+3.49,+19.263, +7.652,+0.964
1664522400,+3.49,+19.263, +7.686,+0.964
1664522460,+3.49,+19.280, +7.605,+0.964
1664522520,+3.49,+19.280, +7.602,+0.964
1664522580,+3.49,+19.255, +7.593,+0.964
1664522640,+3.49,+19.280, +7.758,+0.963
1664522700,+3.49,+19.288, +7.778,+0.963
1664522760,+3.49,+19.288, +7.808,+0.963
1664522820,+3.49,+19.280, +7.751,+0.963
1664522880,+3.49,+19.297, +7.700,+0.963
1664522940,+3.49,+19.288, +7.727,+0.964
1664523000,+3.49,+19.313, +7.738,+0.964
1664523060,+3.49,+19.288, +7.756,+0.963
1664523120,+3.49,+19.288, +7.783,+0.964
1664523180,+3.49,+19.288, +7.508,+0.964
1664523240,+3.49,+19.313, +7.531,+0.963
1664523300,+3.49,+19.305, +7.697,+0.963
1664523360,+3.49,+19.313, +7.837,+0.964
1664523420,+3.49,+19.313, +7.889,+0.963
1664523480,+3.49,+19.288, +7.876,+0.963
1664523540,+3.49,+19.313, +7.737,+0.964
1664523600,+3.49,+19.330, +7.460,+0.963
1664523660,+3.49,+19.322, +7.264,+0.963
1664523720,+3.49,+19.313, +7.364,+0.963
1664523780,+3.49,+19.297, +7.601,+0.963
1664523840,+3.49,+19.322, +7.625,+0.964
1664523900,+3.49,+19.330, +7.578,+0.963
1664523960,+3.49,+19.313, +7.618,+0.963
1664524020,+3.49,+19.313, +7.541,+0.963
1664524080,+3.49,+19.322, +7.489,+0.963
1664524140,+3.49,+19.313, +7.513,+0.963
1664524200,+3.49,+19.322, +7.461,+0.964
1664524260,+3.49,+19.322, +7.513,+0.963
1664524320,+3.49,+19.338, +7.342,+0.963
1664524380,+3.49,+19.305, +7.282,+0.963
1664524440,+3.49,+19.313, +7.322,+0.963
1664524500,+3.49,+19.322, +7.319,+0.963
1664524560,+3.49,+19.330, +7.233,+0.963
1664524620,+3.49,+19.322, +7.193,+0.964
1664524680,+3.49,+19.322, +7.162,+0.963
1664524740,+3.49,+19.338, +7.104,+0.963
1664524800,+3.49,+19.313, +7.165,+0.963
1664524860,+3.49,+19.355, +7.112,+0.964
1664524920,+3.49,+19.330, +7.259,+0.963
1664524980,+3.49,+19.330, +7.387,+0.963
1664525040,+3.49,+19.330, +7.363,+0.963
1664525100,+3.49,+19.313, +7.376,+0.964
1664525160,+3.49,+19.338, +7.382,+0.964
1664525220,+3.49,+19.330, +7.289,+0.963
1664525280,+3.49,+19.330, +7.226,+0.963
1664525340,+3.49,+19.322, +7.326,+0.963
1664525400,+3.49,+19.305, +7.442,+0.964
1664525460,+3.49,+19.313, +7.571,+0.963
1664525520,+3.49,+19.305, +7.643,+0.964
1664525580,+3.49,+19.313, +7.691,+0.964
1664525640,+3.49,+19.305, +7.723,+0.963
1664525700,+3.49,+19.297, +7.713,+0.964
1664525760,+3.49,+19.313, +7.819,+0.964
1664525820,+3.49,+19.313, +7.944,+0.963
1664525880,+3.49,+19.313, +7.992,+0.964
1664525940,+3.49,+19.305, +7.869,+0.964
1664526000,+3.49,+19.347, +7.643,+0.964
1664526060,+3.49,+19.397, +7.404,+0.964
1664526120,+3.49,+19.422, +7.282,+0.964
1664526180,+3.49,+19.473, +7.145,+0.964
1664526240,+3.49,+19.481, +7.065,+0.964
1664526300,+3.48,+19.515, +7.018,+0.964
1664526360,+3.49,+19.481, +7.005,+0.964
1664526420,+3.49,+19.490, +6.949,+0.964
1664526480,+3.48,+19.523, +6.918,+0.963
1664526540,+3.49,+19.515, +6.890,+0.964
1664526600,+3.49,+19.523, +6.868,+0.964
1664526660,+3.49,+19.523, +6.999,+0.964
1664526720,+3.48,+19.531, +7.073,+0.963
1664526780,+3.48,+19.523, +6.983,+0.964
1664526840,+3.48,+19.531, +6.936,+0.964
1664526900,+3.48,+19.531, +6.873,+0.964
1664526960,+3.48,+19.523, +6.630,+0.963
1664527020,+3.48,+19.531, +6.487,+0.964
1664527080,+3.48,+19.531, +6.296,+0.963
1664527140,+3.49,+19.515, +6.095,+0.964
1664527200,+3.48,+19.523, +5.927,+0.964
1664527260,+3.49,+19.531, +5.860,+0.964
1664527320,+3.48,+19.531, +6.120,+0.963
1664527380,+3.48,+19.531, +6.324,+0.963
1664527440,+3.48,+19.523, +6.589,+0.963
1664527500,+3.48,+19.540, +6.579,+0.963
1664527560,+3.48,+19.531, +6.404,+0.964
1664527620,+3.48,+19.523, +6.208,+0.963
1664527680,+3.48,+19.523, +6.162,+0.964
1664527740,+3.48,+19.523, +6.244,+0.963
1664527800,+3.48,+19.531, +6.358,+0.963
1664527860,+3.48,+19.531, +6.355,+0.963
1664527920,+3.48,+19.523, +6.575,+0.963
1664527980,+3.49,+19.523, +6.686,+0.963
1664528040,+3.48,+19.515, +6.843,+0.964
1664528100,+3.48,+19.540, +6.840,+0.964
1664528160,+3.48,+19.523, +6.814,+0.963
1664528220,+3.48,+19.531, +6.735,+0.963
1664528280,+3.48,+19.540, +6.765,+0.963
1664528340,+3.48,+19.540, +6.742,+0.963
1664528400,+3.48,+19.531, +6.651,+0.964
1664528460,+3.48,+19.540, +6.293,+0.963
1664528520,+3.48,+19.557, +6.195,+0.963
1664528580,+3.48,+19.540, +6.250,+0.961
1664528640,+3.48,+19.540, +6.296,+0.960
1664528700,+3.49,+19.540, +6.334,+0.959
1664528760,+3.49,+19.523, +6.449,+0.958
1664528820,+3.49,+19.540, +6.511,+0.957
1664528880,+3.48,+19.531, +6.534,+0.955
1664528940,+3.49,+19.540, +6.528,+0.954
1664529000,+3.48,+19.540, +6.500,+0.953
1664529060,+3.49,+19.531, +6.444,+0.951
1664529120,+3.48,+19.531, +6.376,+0.950
1664529180,+3.48,+19.540, +6.297,+0.949
1664529240,+3.48,+19.531, +6.220,+0.947
1664529300,+3.48,+19.531, +6.124,+0.946
1664529360,+3.48,+19.540, +6.001,+0.945
1664529420,+3.48,+19.531, +5.826,+0.946
1664529480,+3.48,+19.540, +5.627,+0.946
1664529540,+3.49,+19.531, +5.406,+0.946
1664529600,+3.49,+19.540, +5.162,+0.945
1664529660,+3.49,+19.523, +4.865,+0.947
1664529720,+3.48,+19.540, +4.672,+0.947
1664529780,+3.48,+19.540, +4.648,+0.947
1664529840,+3.48,+19.557, +4.639,+0.945
1664529900,+3.48,+19.565, +4.653,+0.943
1664529960,+3.48,+19.531, +4.917,+0.938
1664530020,+3.49,+19.540, +5.158,+0.934
1664530080,+3.49,+19.523, +5.265,+0.934
1664530140,+3.49,+19.523, +5.335,+0.934
1664530200,+3.49,+19.531, +5.260,+0.936
1664530260,+3.49,+19.531, +5.071,+0.940
1664530320,+3.48,+19.531, +4.894,+0.941
1664530380,+3.48,+19.557, +4.735,+0.944
1664530440,+3.48,+19.531, +4.757,+0.944
1664530500,+3.48,+19.515, +5.203,+0.938
1664530560,+3.49,+19.531, +5.549,+0.933
1664530620,+3.48,+19.515, +5.829,+0.932
1664530680,+3.49,+19.515, +5.975,+0.930
1664530740,+3.49,+19.506, +6.114,+0.932
1664530800,+3.49,+19.481, +6.182,+0.933
1664530860,+3.49,+19.473, +6.243,+0.934
1664530920,+3.49,+19.490, +6.302,+0.934
1664530980,+3.49,+19.490, +6.298,+0.936
1664531040,+3.49,+19.464, +6.260,+0.936
1664531100,+3.49,+19.448, +6.267,+0.935
1664531160,+3.49,+19.456, +6.244,+0.935
1664531220,+3.49,+19.473, +6.205,+0.935
1664531280,+3.49,+19.473, +6.096,+0.933
1664531340,+3.49,+19.473, +5.983,+0.932
1664531400,+3.49,+19.473, +5.877,+0.931
1664531460,+3.49,+19.448, +5.799,+0.932
1664531520,+3.49,+19.473, +5.695,+0.931
1664531580,+3.49,+19.464, +5.596,+0.932
1664531640,+3.49,+19.481, +5.487,+0.932
1664531700,+3.49,+19.464, +5.371,+0.933
1664531760,+3.49,+19.456, +5.370,+0.931
1664531820,+3.49,+19.456, +5.307,+0.931
1664531880,+3.49,+19.456, +5.231,+0.931
1664531940,+3.49,+19.456, +5.152,+0.932
1664532000,+3.49,+19.448, +5.066,+0.932
1664532060,+3.49,+19.464, +5.000,+0.932
1664532120,+3.49,+19.456, +4.947,+0.932
1664532180,+3.49,+19.464, +4.886,+0.932
1664532240,+3.49,+19.456, +4.706,+0.935
1664532300,+3.49,+19.448, +4.530,+0.937
1664532360,+3.49,+19.448, +4.890,+0.932
1664532420,+3.49,+19.456, +4.969,+0.930
1664532480,+3.49,+19.431, +4.998,+0.930
1664532540,+3.49,+19.439, +4.946,+0.930
1664532600,+3.49,+19.448, +4.794,+0.933
1664532660,+3.49,+19.422, +4.687,+0.934
1664532720,+3.49,+19.397, +4.665,+0.934
1664532780,+3.49,+19.414, +4.624,+0.934
1664532840,+3.49,+19.422, +4.490,+0.936
1664532900,+3.49,+19.414, +4.333,+0.938
1664532960,+3.49,+19.406, +4.233,+0.936
1664533020,+3.49,+19.397, +4.198,+0.936
1664533080,+3.49,+19.397, +4.152,+0.936
1664533140,+3.49,+19.389, +4.099,+0.936
1664533200,+3.49,+19.406, +4.048,+0.935
1664533260,+3.49,+19.380, +4.023,+0.934
1664533320,+3.49,+19.330, +4.479,+0.925
1664533380,+3.49,+19.322, +4.819,+0.921
1664533440,+3.49,+19.305, +5.027,+0.919
1664533500,+3.49,+19.271, +5.145,+0.919
1664533560,+3.49,+19.263, +5.046,+0.920
1664533620,+3.49,+19.255, +4.996,+0.920
1664533680,+3.49,+19.229, +4.880,+0.921
1664533740,+3.49,+19.238, +4.746,+0.923
1664533800,+3.49,+19.213, +4.688,+0.925
1664533860,+3.49,+19.221, +4.729,+0.925
1664533920,+3.49,+19.213, +4.692,+0.927
1664533980,+3.49,+19.162, +4.706,+0.928
1664534040,+3.49,+19.187, +4.643,+0.929
1664534100,+3.49,+19.179, +4.548,+0.929
1664534160,+3.49,+19.171, +4.472,+0.928
1664534220,+3.49,+19.171, +4.435,+0.928
1664534280,+3.49,+19.187, +4.379,+0.928
1664534340,+3.49,+19.187, +4.255,+0.929
1664534400,+3.49,+19.162, +4.125,+0.930
1664534460,+3.49,+19.171, +4.108,+0.929
1664534520,+3.49,+19.171, +3.961,+0.931
1664534580,+3.49,+19.145, +3.823,+0.934
1664534640,+3.49,+19.129, +3.802,+0.933
1664534700,+3.49,+19.137, +3.876,+0.930
1664534760,+3.49,+19.129, +4.056,+0.926
1664534820,+3.49,+19.120, +4.176,+0.925
1664534880,+3.49,+19.103, +4.090,+0.930
1664534940,+3.49,+19.103, +4.031,+0.931
1664535000,+3.49,+19.103, +4.268,+0.926
1664535060,+3.49,+19.078, +4.552,+0.922
1664535120,+3.49,+19.070, +4.548,+0.922
1664535180,+3.49,+19.070, +4.485,+0.921
1664535240,+3.49,+19.061, +4.516,+0.919
1664535300,+3.49,+19.028, +4.518,+0.919
1664535360,+3.49,+19.045, +4.395,+0.922
1664535420,+3.49,+19.011, +4.341,+0.923
1664535480,+3.49,+19.019, +4.339,+0.922
1664535540,+3.49,+19.011, +4.749,+0.914
1664535600,+3.48,+18.994, +4.966,+0.914
1664535660,+3.49,+19.011, +5.164,+0.914
1664535720,+3.49,+19.003, +5.256,+0.915
1664535780,+3.49,+18.986, +5.319,+0.916
1664535840,+3.48,+18.969, +5.289,+0.918
1664535900,+3.49,+18.986, +5.220,+0.920
1664535960,+3.48,+18.969, +5.732,+0.922
1664536020,+3.48,+18.969, +5.774,+0.923
1664536080,+3.48,+18.961, +5.841,+0.923
1664536140,+3.48,+18.944, +5.926,+0.923
1664536200,+3.48,+18.919, +5.917,+0.924
1664536260,+3.48,+18.944, +5.889,+0.925
1664536320,+3.48,+18.952, +5.822,+0.922
1664536380,+3.48,+18.935, +5.726,+0.922
1664536440,+3.48,+18.927, +5.667,+0.923
1664536500,+3.48,+18.919, +5.566,+0.922
1664536560,+3.48,+18.919, +5.533,+0.920
1664536620,+3.48,+18.919, +5.607,+0.921
1664536680,+3.48,+18.902, +5.791,+0.920
1664536740,+3.48,+18.877, +5.982,+0.921
1664536800,+3.48,+18.885, +6.066,+0.922
1664536860,+3.48,+18.877, +6.099,+0.924
1664536920,+3.48,+18.877, +6.133,+0.924
1664536980,+3.48,+18.885, +6.157,+0.925
1664537040,+3.48,+18.877, +6.135,+0.925
1664537100,+3.48,+18.893, +6.089,+0.925
1664537160,+3.48,+18.902, +6.002,+0.926
1664537220,+3.48,+18.902, +5.906,+0.927
1664537280,+3.48,+18.919, +5.990,+0.925
1664537340,+3.48,+18.877, +6.028,+0.925
1664537400,+3.48,+18.902, +5.991,+0.925
1664537460,+3.48,+18.910, +6.020,+0.925
1664537520,+3.48,+18.893, +6.062,+0.924
1664537580,+3.48,+18.877, +6.101,+0.924
1664537640,+3.48,+18.910, +6.105,+0.925
1664537700,+3.48,+18.885, +6.123,+0.924
1664537760,+3.48,+18.893, +6.167,+0.924
1664537820,+3.48,+18.893, +6.134,+0.922
1664537880,+3.48,+18.902, +6.081,+0.919
1664537940,+3.48,+18.885, +6.081,+0.920
1664538000,+3.48,+18.927, +6.086,+0.921
1664538060,+3.48,+18.902, +6.063,+0.922
1664538120,+3.48,+18.902, +6.008,+0.922
1664538180,+3.48,+18.910, +5.849,+0.921
1664538240,+3.48,+18.910, +5.984,+0.922
1664538300,+3.48,+18.910, +6.053,+0.922
1664538360,+3.48,+18.902, +6.088,+0.924
1664538420,+3.48,+18.893, +6.042,+0.923
1664538480,+3.48,+18.927, +6.006,+0.924
1664538540,+3.48,+18.919, +5.935,+0.925
1664538600,+3.48,+18.935, +5.868,+0.926
1664538660,+3.48,+18.910, +5.917,+0.925
1664538720,+3.48,+18.902, +5.965,+0.923
1664538780,+3.48,+18.919, +5.933,+0.924
1664538840,+3.48,+18.910, +5.840,+0.924
1664538900,+3.48,+18.919, +5.618,+0.924
1664538960,+3.48,+18.902, +5.464,+0.924
1664539020,+3.48,+18.919, +5.539,+0.924
1664539080,+3.48,+18.919, +5.729,+0.921
1664539140,+3.48,+18.885, +5.948,+0.920
1664539200,+3.48,+18.885, +6.117,+0.920
1664539260,+3.48,+18.868, +7.070,+0.960
1664539320,+3.48,+18.877, +7.434,+0.963
1664539380,+3.48,+18.877, +7.676,+0.963
1664539440,+3.48,+18.851, +7.890,+0.964
1664539500,+3.48,+18.851, +8.014,+0.964
1664539560,+3.48,+18.877, +8.097,+0.964
1664539620,+3.48,+18.851, +8.119,+0.964
1664539680,+3.48,+18.868, +8.109,+0.964
1664539740,+3.48,+18.851, +8.096,+0.964
1664539800,+3.48,+18.834, +8.114,+0.964
1664539860,+3.48,+18.826, +8.108,+0.964
1664539920,+3.48,+18.826, +8.155,+0.964
1664539980,+3.48,+18.834, +8.192,+0.964
1664540040,+3.48,+18.834, +8.133,+0.964
1664540100,+3.48,+18.826, +8.132,+0.964
1664540160,+3.48,+18.834, +8.172,+0.963
1664540220,+3.48,+18.818, +8.179,+0.964
1664540280,+3.48,+18.809, +8.202,+0.964
1664540340,+3.48,+18.818, +8.191,+0.964
1664540400,+3.48,+18.809, +8.195,+0.964
1664540460,+3.48,+18.843, +8.165,+0.963
1664540520,+3.48,+18.826, +8.183,+0.964
1664540580,+3.48,+18.843, +8.207,+0.964
1664540640,+3.48,+18.826, +8.248,+0.964
1664540700,+3.48,+18.843, +8.241,+0.964
1664540760,+3.48,+18.834, +8.248,+0.964
1664540820,+3.48,+18.851, +8.270,+0.964
1664540880,+3.48,+18.851, +8.257,+0.964
1664540940,+3.48,+18.851, +8.228,+0.964
1664541000,+3.48,+18.843, +8.226,+0.964
1664541060,+3.48,+18.826, +8.239,+0.964
1664541120,+3.48,+18.834, +8.235,+0.964
1664541180,+3.48,+18.826, +8.232,+0.964
1664541240,+3.48,+18.843, +8.228,+0.964
1664541300,+3.48,+18.851, +8.195,+0.964
1664541360,+3.48,+18.834, +8.178,+0.963
1664541420,+3.48,+18.860, +8.169,+0.964
1664541480,+3.48,+18.843, +8.165,+0.964
1664541540,+3.48,+18.860, +8.121,+0.964
1664541600,+3.48,+18.860, +8.123,+0.964
1664541660,+3.48,+18.877, +8.066,+0.964
1664541720,+3.48,+18.877, +8.070,+0.964
1664541780,+3.48,+18.860, +8.106,+0.963
1664541840,+3.48,+18.868, +8.141,+0.963
1664541900,+3.48,+18.834, +8.181,+0.964
1664541960,+3.48,+18.834, +8.194,+0.964
1664542020,+3.48,+18.851, +8.166,+0.964
1664542080,+3.48,+18.834, +8.177,+0.964
1664542140,+3.48,+18.818, +8.189,+0.964
1664542200,+3.48,+18.801, +8.211,+0.964
1664542260,+3.48,+18.826, +8.225,+0.964
1664542320,+3.48,+18.834, +8.224,+0.964
1664542380,+3.48,+18.818, +8.235,+0.964
1664542440,+3.48,+18.809, +8.247,+0.964
1664542500,+3.48,+18.801, +8.229,+0.964
1664542560,+3.48,+18.809, +8.231,+0.964
1664542620,+3.48,+18.834, +8.231,+0.964
1664542680,+3.48,+18.818, +8.234,+0.964
1664542740,+3.48,+18.834, +8.259,+0.964
1664542800,+3.48,+18.826, +8.244,+0.964
1664542860,+3.48,+18.809, +8.249,+0.964
1664542920,+3.48,+18.826, +8.257,+0.964
1664542980,+3.48,+18.826, +8.262,+0.964
1664543040,+3.48,+18.826, +8.240,+0.964
1664543100,+3.48,+18.834, +8.236,+0.964
1664543160,+3.48,+18.860, +8.229,+0.963
1664543220,+3.48,+18.826, +8.266,+0.964
1664543280,+3.48,+18.826, +8.312,+0.964
1664543340,+3.48,+18.818, +8.347,+0.964
1664543400,+3.48,+18.818, +8.360,+0.964
1664543460,+3.48,+18.809, +8.361,+0.963
1664543520,+3.48,+18.826, +8.372,+0.964
1664543580,+3.48,+18.834, +8.387,+0.964
1664543640,+3.48,+18.834, +8.399,+0.964
1664543700,+3.48,+18.818, +8.393,+0.964
1664543760,+3.48,+18.818, +8.391,+0.963
1664543820,+3.48,+18.826, +8.412,+0.964
1664543880,+3.48,+18.851, +8.422,+0.964
1664543940,+3.48,+18.818, +8.278,+0.963
1664544000,+3.48,+18.826, +8.299,+0.964
1664544060,+3.48,+18.843, +8.307,+0.964
1664544120,+3.48,+18.818, +8.297,+0.964
1664544180,+3.48,+18.851, +8.277,+0.964
1664544240,+3.48,+18.834, +8.290,+0.964
1664544300,+3.48,+18.809, +8.305,+0.964
1664544360,+3.48,+18.826, +8.319,+0.963
1664544420,+3.48,+18.843, +8.307,+0.964
1664544480,+3.48,+18.826, +8.301,+0.964
1664544540,+3.48,+18.801, +8.307,+0.964
1664544600,+3.48,+18.826, +8.360,+0.964
1664544660,+3.48,+18.818, +8.412,+0.964
1664544720,+3.48,+18.792, +8.461,+0.964
1664544780,+3.48,+18.809, +8.477,+0.964
1664544840,+3.48,+18.801, +8.489,+0.964
1664544900,+3.48,+18.826, +8.463,+0.964
1664544960,+3.48,+18.818, +8.464,+0.964
1664545020,+3.48,+18.843, +8.493,+0.964
1664545080,+3.48,+18.843, +8.548,+0.963
1664545140,+3.48,+18.818, +8.566,+0.964
1664545200,+3.48,+18.818, +8.532,+0.964
1664545260,+3.48,+18.851, +8.494,+0.964
1664545320,+3.48,+18.834, +8.522,+0.964
1664545380,+3.48,+18.843, +8.523,+0.964
1664545440,+3.48,+18.834, +8.535,+0.964
1664545500,+3.48,+18.834, +8.535,+0.964
1664545560,+3.48,+18.851, +8.536,+0.964
1664545620,+3.48,+18.843, +8.533,+0.964
1664545680,+3.48,+18.843, +8.545,+0.964
1664545740,+3.48,+18.851, +8.526,+0.963
1664545800,+3.48,+18.851, +8.538,+0.963
1664545860,+3.48,+18.826, +8.585,+0.964
1664545920,+3.48,+18.843, +8.597,+0.964
1664545980,+3.48,+18.851, +8.577,+0.964
1664546040,+3.48,+18.851, +8.594,+0.964
1664546100,+3.48,+18.843, +8.621,+0.964
1664546160,+3.48,+18.843, +8.620,+0.964
1664546220,+3.48,+18.860, +8.604,+0.964
1664546280,+3.48,+18.843, +8.617,+0.964
1664546340,+3.48,+18.851, +8.604,+0.964
1664546400,+3.48,+18.860, +8.623,+0.964
1664546460,+3.48,+18.851, +8.626,+0.964
1664546520,+3.48,+18.860, +8.644,+0.964
1664546580,+3.48,+18.868, +8.667,+0.964
1664546640,+3.48,+18.851, +8.636,+0.964
1664546700,+3.48,+18.851, +8.680,+0.964
1664546760,+3.48,+18.851, +8.652,+0.964
1664546820,+3.48,+18.843, +8.669,+0.964
1664546880,+3.48,+18.826, +8.680,+0.964
1664546940,+3.48,+18.860, +8.719,+0.964
1664547000,+3.48,+18.843, +8.684,+0.964
1664547060,+3.48,+18.834, +8.710,+0.964
1664547120,+3.48,+18.834, +8.699,+0.964
1664547180,+3.48,+18.826, +8.740,+0.964
1664547240,+3.48,+18.843, +8.728,+0.964
1664547300,+3.48,+18.843, +8.730,+0.964
1664547360,+3.48,+18.851, +8.716,+0.964
1664547420,+3.48,+18.851, +8.721,+0.964
1664547480,+3.48,+18.851, +8.747,+0.964
1664547540,+3.48,+18.885, +8.747,+0.964
1664547600,+3.48,+18.860, +8.753,+0.964
1664547660,+3.48,+18.851, +8.767,+0.964
1664547720,+3.48,+18.868, +8.767,+0.964
1664547780,+3.48,+18.877, +8.774,+0.964
1664547840,+3.48,+18.868, +8.761,+0.964
1664547900,+3.48,+18.885, +8.767,+0.964
1664547960,+3.48,+18.893, +8.789,+0.964
1664548020,+3.48,+18.860, +8.787,+0.964
1664548080,+3.48,+18.877, +8.767,+0.964
1664548140,+3.48,+18.868, +8.773,+0.964
1664548200,+3.48,+18.885, +8.783,+0.964
1664548260,+3.48,+18.860, +8.780,+0.964
1664548320,+3.48,+18.877, +8.761,+0.964
1664548380,+3.48,+18.877, +8.754,+0.964
1664548440,+3.48,+18.877, +8.767,+0.964
1664548500,+3.48,+18.893, +8.770,+0.964
1664548560,+3.48,+18.868, +8.781,+0.964
1664548620,+3.48,+18.893, +8.771,+0.965
1664548680,+3.48,+18.877, +8.820,+0.964
1664548740,+3.48,+18.877, +8.819,+0.964
1664548800,+3.48,+18.885, +8.845,+0.964
1664548860,+3.48,+18.885, +8.873,+0.964
1664548920,+3.48,+18.868, +8.873,+0.963
1664548980,+3.48,+18.893, +8.850,+0.964
1664549040,+3.48,+18.877, +8.821,+0.964
1664549100,+3.48,+18.885, +8.792,+0.964
1664549160,+3.48,+18.902, +8.762,+0.964
1664549220,+3.48,+18.893, +8.741,+0.964
1664549280,+3.48,+18.885, +8.746,+0.964
1664549340,+3.48,+18.877, +8.778,+0.964
1664549400,+3.48,+18.885, +8.754,+0.964
1664549460,+3.48,+18.893, +8.777,+0.964
1664549520,+3.48,+18.893, +8.802,+0.964
1664549580,+3.48,+18.893, +8.788,+0.964
1664549640,+3.48,+18.885, +8.794,+0.964
1664549700,+3.48,+18.927, +8.765,+0.964
1664549760,+3.48,+18.902, +8.730,+0.963
1664549820,+3.48,+18.910, +8.722,+0.964
1664549880,+3.48,+18.919, +8.710,+0.964
1664549940,+3.48,+18.919, +8.715,+0.964
1664550000,+3.48,+18.919, +8.714,+0.964
1664550060,+3.48,+18.944, +8.741,+0.964
1664550120,+3.48,+18.935, +8.747,+0.964
1664550180,+3.48,+18.927, +8.764,+0.964
1664550240,+3.48,+18.944, +8.747,+0.964
1664550300,+3.48,+18.944, +8.630,+0.964
1664550360,+3.48,+18.944, +8.691,+0.964
1664550420,+3.48,+18.952, +8.667,+0.964
1664550480,+3.48,+18.935, +8.741,+0.964
1664550540,+3.48,+18.961, +8.730,+0.964
1664550600,+3.48,+18.969, +8.645,+0.964
1664550660,+3.48,+18.961, +8.565,+0.964
1664550720,+3.48,+18.969, +8.577,+0.964
1664550780,+3.48,+18.969, +8.665,+0.964
1664550840,+3.48,+18.977, +8.719,+0.964
1664550900,+3.48,+18.977, +8.763,+0.964
1664550960,+3.48,+18.977, +8.783,+0.964
1664551020,+3.48,+18.986, +8.775,+0.964
1664551080,+3.48,+18.994, +8.749,+0.964
1664551140,+3.48,+18.994, +8.729,+0.964
1664551200,+3.48,+19.003, +8.723,+0.964
1664551260,+3.48,+18.977, +8.711,+0.964
1664551320,+3.48,+18.994, +8.720,+0.964
1664551380,+3.48,+19.019, +8.741,+0.964
1664551440,+3.48,+19.011, +8.764,+0.964
1664551500,+3.49,+19.011, +8.761,+0.964
1664551560,+3.48,+19.019, +8.756,+0.964
1664551620,+3.49,+19.019, +8.786,+0.964
1664551680,+3.49,+19.036, +8.778,+0.964
1664551740,+3.49,+19.053, +8.746,+0.964
1664551800,+3.49,+19.019, +8.790,+0.964
1664551860,+3.49,+19.036, +8.782,+0.964
1664551920,+3.49,+19.053, +8.784,+0.964
1664551980,+3.49,+19.053, +8.787,+0.964
1664552040,+3.49,+19.053, +8.793,+0.964
1664552100,+3.49,+19.036, +8.819,+0.964
1664552160,+3.49,+19.036, +8.800,+0.963
1664552220,+3.49,+19.053, +8.803,+0.964
1664552280,+3.49,+19.061, +8.826,+0.964
1664552340,+3.49,+19.070, +8.637,+0.964
1664552400,+3.49,+19.061, +8.575,+0.964
1664552460,+3.49,+19.061, +8.527,+0.964
1664552520,+3.49,+19.070, +8.446,+0.964
1664552580,+3.49,+19.078, +8.371,+0.964
1664552640,+3.49,+19.078, +8.403,+0.964
1664552700,+3.49,+19.061, +8.355,+0.964
1664552760,+3.49,+19.036, +8.350,+0.964
1664552820,+3.49,+19.053, +8.332,+0.964
1664552880,+3.49,+19.053, +8.224,+0.964
1664552940,+3.49,+19.053, +8.192,+0.963
1664553000,+3.49,+19.028, +8.150,+0.964
1664553060,+3.48,+19.011, +8.245,+0.963
1664553120,+3.48,+18.986, +8.258,+0.964
1664553180,+3.48,+18.986, +8.241,+0.964
1664553240,+3.48,+18.977, +8.128,+0.964
1664553300,+3.48,+18.977, +7.978,+0.963
1664553360,+3.48,+18.977, +7.934,+0.964
1664553420,+3.48,+18.961, +8.015,+0.964
1664553480,+3.48,+18.952, +8.083,+0.964
1664553540,+3.48,+18.961, +8.046,+0.964
1664553600,+3.48,+18.935, +8.003,+0.964
1664553660,+3.48,+18.935, +7.983,+0.964
1664553720,+3.48,+18.944, +7.964,+0.964
1664553780,+3.48,+18.935, +8.033,+0.964
1664553840,+3.48,+18.927, +8.030,+0.964
1664553900,+3.48,+18.885, +8.177,+0.964
1664553960,+3.48,+18.868, +8.469,+0.964
1664554020,+3.48,+18.851, +8.515,+0.964
1664554080,+3.48,+18.860, +8.434,+0.964
1664554140,+3.48,+18.834, +8.352,+0.964
1664554200,+3.48,+18.860, +8.301,+0.964
1664554260,+3.48,+18.868, +8.239,+0.964
1664554320,+3.48,+18.860, +8.187,+0.964
1664554380,+3.48,+18.868, +8.228,+0.964
1664554440,+3.48,+18.860, +8.315,+0.964
1664554500,+3.48,+18.843, +8.440,+0.964
1664554560,+3.48,+18.860, +8.490,+0.964
1664554620,+3.48,+18.860, +8.416,+0.963
1664554680,+3.48,+18.860, +8.242,+0.964
1664554740,+3.48,+18.860, +8.088,+0.964
1664554800,+3.48,+18.868, +7.839,+0.963
1664554860,+3.48,+18.868, +7.719,+0.964
1664554920,+3.48,+18.877, +7.477,+0.963
1664554980,+3.48,+18.851, +7.447,+0.963
1664555040,+3.48,+18.860, +7.427,+0.964
1664555100,+3.48,+18.834, +7.403,+0.964
1664555160,+3.48,+18.860, +7.610,+0.964
1664555220,+3.48,+18.851, +7.723,+0.964
1664555280,+3.48,+18.868, +7.900,+0.964
1664555340,+3.48,+18.868, +8.120,+0.963
1664555400,+3.48,+18.868, +8.270,+0.964
1664555460,+3.48,+18.851, +8.347,+0.964
1664555520,+3.48,+18.868, +8.394,+0.963
1664555580,+3.48,+18.860, +8.458,+0.964
1664555640,+3.48,+18.860, +8.471,+0.963
1664555700,+3.48,+18.860, +8.481,+0.964
1664555760,+3.48,+18.877, +8.480,+0.964
1664555820,+3.48,+18.877, +8.437,+0.964
1664555880,+3.48,+18.868, +8.395,+0.964
1664555940,+3.48,+18.868, +8.318,+0.964
1664556000,+3.48,+18.877, +8.358,+0.964
1664556060,+3.48,+18.893, +8.398,+0.964
1664556120,+3.48,+18.885, +8.430,+0.964
1664556180,+3.48,+18.868, +8.423,+0.964
1664556240,+3.48,+18.893, +8.386,+0.964
1664556300,+3.48,+18.893, +8.365,+0.964
1664556360,+3.48,+18.902, +8.165,+0.964
1664556420,+3.48,+18.893, +8.043,+0.964
1664556480,+3.48,+18.910, +8.079,+0.964
