7450-383325
OS REV: 1.05 Sensor Cal: 1644949570
Time (sec),  BV (Volts),  T (deg C),  DO (mg/l),  Q ()
1665766140,+3.47,+17.638, +8.917,+0.959
1665766200,+3.47,+17.638, +8.866,+0.960
1665766260,+3.47,+17.638, +8.779,+0.960
1665766320,+3.47,+17.655, +8.859,+0.960
1665766380,+3.47,+17.646, +9.290,+0.960
1665766440,+3.47,+17.655, +9.289,+0.959
1665766500,+3.47,+17.646, +9.382,+0.960
1665766560,+3.47,+17.663, +9.538,+0.959
1665766620,+3.47,+17.646, +9.499,+0.960
1665766680,+3.47,+17.638, +9.532,+0.959
1665766740,+3.47,+17.655, +9.523,+0.960
1665766800,+3.47,+17.655, +9.462,+0.960
1665766860,+3.47,+17.663, +9.360,+0.960
1665766920,+3.47,+17.655, +9.160,+0.960
1665766980,+3.47,+17.655, +9.019,+0.959
1665767040,+3.47,+17.655, +9.006,+0.959
1665767100,+3.47,+17.680, +8.947,+0.959
1665767160,+3.47,+17.671, +8.881,+0.960
1665767220,+3.47,+17.663, +8.856,+0.959
1665767280,+3.47,+17.663, +8.773,+0.959
1665767340,+3.47,+17.671, +8.807,+0.959
1665767400,+3.47,+17.671, +8.811,+0.960
1665767460,+3.47,+17.663, +8.892,+0.959
1665767520,+3.47,+17.688, +8.877,+0.959
1665767580,+3.47,+17.663, +8.657,+0.959
1665767640,+3.47,+17.671, +8.727,+0.959
1665767700,+3.47,+17.671, +8.912,+0.959
1665767760,+3.47,+17.671, +9.062,+0.959
1665767820,+3.47,+17.663, +9.053,+0.959
1665767880,+3.47,+17.680, +8.922,+0.959
1665767940,+3.47,+17.697, +8.998,+0.959
1665768000,+3.47,+17.680, +9.046,+0.959
1665768060,+3.47,+17.663, +9.070,+0.959
1665768120,+3.47,+17.671, +9.133,+0.959
1665768180,+3.47,+17.688, +9.199,+0.959
1665768240,+3.47,+17.680, +9.183,+0.960
1665768300,+3.47,+17.671, +9.171,+0.959
1665768360,+3.47,+17.688, +9.185,+0.959
1665768420,+3.47,+17.697, +9.121,+0.959
1665768480,+3.47,+17.680, +9.146,+0.959
1665768540,+3.47,+17.680, +9.168,+0.960
1665768600,+3.47,+17.697, +9.207,+0.959
1665768660,+3.47,+17.680, +9.214,+0.960
1665768720,+3.47,+17.688, +9.210,+0.959
1665768780,+3.47,+17.697, +9.181,+0.959
1665768840,+3.47,+17.697, +9.209,+0.959
1665768900,+3.47,+17.688, +9.243,+0.959
1665768960,+3.47,+17.697, +9.245,+0.959
1665769020,+3.47,+17.680, +9.230,+0.960
1665769080,+3.47,+17.680, +9.189,+0.960
1665769140,+3.47,+17.688, +9.114,+0.960
1665769200,+3.47,+17.722, +9.135,+0.959
1665769260,+3.47,+17.714, +9.106,+0.960
1665769320,+3.47,+17.663, +9.167,+0.959
1665769380,+3.47,+17.680, +9.169,+0.959
1665769440,+3.47,+17.671, +9.029,+0.959
1665769500,+3.47,+17.680, +9.001,+0.959
1665769560,+3.47,+17.655, +8.973,+0.959
1665769620,+3.47,+17.655, +8.913,+0.960
1665769680,+3.47,+17.671, +8.840,+0.959
1665769740,+3.47,+17.671, +8.662,+0.959
1665769800,+3.47,+17.671, +8.754,+0.959
1665769860,+3.47,+17.705, +8.925,+0.960
1665769920,+3.47,+17.671, +8.998,+0.959
1665769980,+3.47,+17.697, +9.059,+0.960
1665770040,+3.47,+17.680, +9.103,+0.959
1665770100,+3.47,+17.680, +9.148,+0.960
1665770160,+3.47,+17.680, +9.183,+0.959
1665770220,+3.47,+17.688, +9.237,+0.959
1665770280,+3.47,+17.697, +9.282,+0.959
1665770340,+3.47,+17.697, +9.323,+0.960
1665770400,+3.47,+17.680, +9.351,+0.959
1665770460,+3.47,+17.697, +9.345,+0.959
1665770520,+3.47,+17.680, +9.366,+0.959
1665770580,+3.47,+17.705, +9.408,+0.960
1665770640,+3.47,+17.688, +9.429,+0.960
1665770700,+3.47,+17.714, +9.452,+0.960
1665770760,+3.47,+17.705, +9.489,+0.959
1665770820,+3.47,+17.714, +9.504,+0.960
1665770880,+3.47,+17.705, +9.495,+0.959
1665770940,+3.47,+17.697, +9.483,+0.959
1665771000,+3.47,+17.697, +9.472,+0.959
1665771060,+3.47,+17.705, +9.458,+0.959
1665771120,+3.47,+17.688, +9.327,+0.959
1665771180,+3.47,+17.697, +9.265,+0.960
1665771240,+3.47,+17.697, +9.265,+0.960
1665771300,+3.47,+17.714, +9.145,+0.959
1665771360,+3.47,+17.688, +8.948,+0.959
1665771420,+3.47,+17.688, +8.807,+0.959
1665771480,+3.47,+17.680, +8.975,+0.959
1665771540,+3.47,+17.671, +9.137,+0.959
1665771600,+3.47,+17.688, +9.221,+0.959
1665771660,+3.47,+17.688, +9.283,+0.959
1665771720,+3.47,+17.663, +9.306,+0.960
1665771780,+3.47,+17.663, +9.300,+0.959
1665771840,+3.47,+17.680, +9.304,+0.959
1665771900,+3.47,+17.688, +9.292,+0.959
1665771960,+3.47,+17.697, +9.322,+0.960
1665772020,+3.47,+17.697, +9.361,+0.959
1665772080,+3.47,+17.688, +9.362,+0.959
1665772140,+3.47,+17.688, +9.364,+0.959
1665772200,+3.47,+17.688, +9.401,+0.960
1665772260,+3.47,+17.697, +9.378,+0.959
1665772320,+3.47,+17.697, +9.373,+0.960
1665772380,+3.47,+17.714, +9.402,+0.960
1665772440,+3.47,+17.705, +9.347,+0.959
1665772500,+3.47,+17.714, +9.267,+0.959
1665772560,+3.47,+17.697, +9.155,+0.959
1665772620,+3.47,+17.688, +9.229,+0.959
1665772680,+3.47,+17.680, +9.298,+0.959
1665772740,+3.47,+17.688, +9.281,+0.959
1665772800,+3.47,+17.688, +9.305,+0.959
1665772860,+3.47,+17.697, +9.275,+0.959
1665772920,+3.47,+17.680, +9.295,+0.959
1665772980,+3.47,+17.680, +9.246,+0.959
1665773040,+3.47,+17.663, +9.274,+0.959
1665773100,+3.47,+17.655, +9.215,+0.959
1665773160,+3.47,+17.646, +9.214,+0.959
1665773220,+3.47,+17.671, +9.244,+0.960
1665773280,+3.47,+17.663, +9.202,+0.959
1665773340,+3.47,+17.671, +9.120,+0.959
1665773400,+3.47,+17.663, +9.109,+0.959
1665773460,+3.47,+17.646, +9.154,+0.959
1665773520,+3.47,+17.655, +9.183,+0.959
1665773580,+3.47,+17.655, +9.168,+0.960
1665773640,+3.47,+17.646, +9.083,+0.960
1665773700,+3.47,+17.638, +9.138,+0.959
1665773760,+3.47,+17.655, +9.175,+0.960
1665773820,+3.48,+17.655, +9.245,+0.959
1665773880,+3.47,+17.655, +9.268,+0.960
1665773940,+3.47,+17.680, +9.297,+0.959
1665774000,+3.47,+17.663, +9.320,+0.959
1665774060,+3.47,+17.688, +9.469,+0.960
1665774120,+3.47,+17.705, +9.588,+0.960
1665774180,+3.47,+17.688, +9.613,+0.960
1665774240,+3.47,+17.680, +9.568,+0.960
1665774300,+3.47,+17.697, +9.550,+0.959
1665774360,+3.47,+17.688, +9.557,+0.959
1665774420,+3.47,+17.697, +9.570,+0.960
1665774480,+3.47,+17.688, +9.578,+0.960
1665774540,+3.47,+17.688, +9.575,+0.959
1665774600,+3.47,+17.688, +9.546,+0.959
1665774660,+3.47,+17.697, +9.502,+0.959
1665774720,+3.47,+17.680, +9.524,+0.959
1665774780,+3.47,+17.671, +9.535,+0.960
1665774840,+3.47,+17.680, +9.499,+0.959
1665774900,+3.47,+17.663, +9.480,+0.960
1665774960,+3.48,+17.655, +9.441,+0.960
1665775020,+3.47,+17.655, +9.450,+0.959
1665775080,+3.47,+17.638, +9.436,+0.960
1665775140,+3.47,+17.646, +9.442,+0.959
1665775200,+3.47,+17.638, +9.424,+0.959
1665775260,+3.48,+17.621, +9.408,+0.959
1665775320,+3.48,+17.621, +9.414,+0.959
1665775380,+3.47,+17.629, +9.375,+0.959
1665775440,+3.48,+17.638, +9.391,+0.959
1665775500,+3.48,+17.621, +9.409,+0.959
1665775560,+3.48,+17.638, +9.395,+0.960
1665775620,+3.48,+17.638, +9.374,+0.959
1665775680,+3.48,+17.612, +9.408,+0.960
1665775740,+3.48,+17.629, +9.392,+0.959
1665775800,+3.48,+17.621, +9.389,+0.959
1665775860,+3.48,+17.621, +9.392,+0.960
1665775920,+3.48,+17.612, +9.415,+0.960
1665775980,+3.48,+17.612, +9.417,+0.959
1665776040,+3.48,+17.621, +9.422,+0.960
1665776100,+3.48,+17.629, +9.433,+0.960
1665776160,+3.48,+17.638, +9.408,+0.960
1665776220,+3.48,+17.646, +9.403,+0.959
1665776280,+3.47,+17.646, +9.421,+0.960
1665776340,+3.47,+17.646, +9.396,+0.959
1665776400,+3.48,+17.646, +9.398,+0.959
1665776460,+3.48,+17.629, +9.400,+0.959
1665776520,+3.48,+17.646, +9.363,+0.959
1665776580,+3.48,+17.629, +9.355,+0.959
1665776640,+3.48,+17.655, +9.394,+0.959
1665776700,+3.47,+17.638, +9.379,+0.959
1665776760,+3.48,+17.604, +9.357,+0.959
1665776820,+3.48,+17.621, +9.344,+0.960
1665776880,+3.48,+17.595, +9.333,+0.959
1665776940,+3.48,+17.587, +9.376,+0.959
1665777000,+3.48,+17.604, +9.403,+0.960
1665777060,+3.48,+17.595, +9.400,+0.959
1665777120,+3.48,+17.587, +9.391,+0.959
1665777180,+3.48,+17.579, +9.367,+0.959
1665777240,+3.48,+17.570, +9.357,+0.959
1665777300,+3.48,+17.570, +9.352,+0.959
1665777360,+3.48,+17.545, +9.350,+0.959
1665777420,+3.48,+17.553, +9.355,+0.960
1665777480,+3.48,+17.545, +9.346,+0.959
1665777540,+3.48,+17.545, +9.325,+0.959
1665777600,+3.48,+17.553, +9.300,+0.959
1665777660,+3.48,+17.545, +9.315,+0.959
1665777720,+3.48,+17.536, +9.314,+0.959
1665777780,+3.48,+17.519, +9.286,+0.959
1665777840,+3.48,+17.528, +9.291,+0.959
1665777900,+3.48,+17.536, +9.279,+0.959
1665777960,+3.48,+17.536, +9.263,+0.959
1665778020,+3.48,+17.519, +9.262,+0.960
1665778080,+3.48,+17.528, +9.245,+0.959
1665778140,+3.48,+17.528, +9.237,+0.959
1665778200,+3.48,+17.528, +9.238,+0.960
1665778260,+3.48,+17.519, +9.228,+0.959
1665778320,+3.48,+17.519, +9.228,+0.960
1665778380,+3.48,+17.502, +9.240,+0.960
1665778440,+3.48,+17.502, +9.228,+0.959
1665778500,+3.48,+17.536, +9.190,+0.959
1665778560,+3.48,+17.536, +9.189,+0.960
1665778620,+3.48,+17.536, +9.170,+0.959
1665778680,+3.48,+17.536, +9.141,+0.959
1665778740,+3.48,+17.570, +9.150,+0.959
1665778800,+3.48,+17.553, +9.123,+0.959
1665778860,+3.48,+17.528, +9.141,+0.960
1665778920,+3.48,+17.536, +9.138,+0.959
1665778980,+3.48,+17.545, +9.155,+0.959
1665779040,+3.48,+17.553, +9.212,+0.960
1665779100,+3.48,+17.536, +9.213,+0.960
1665779160,+3.48,+17.528, +9.214,+0.960
1665779220,+3.48,+17.553, +9.205,+0.959
1665779280,+3.48,+17.545, +9.202,+0.960
1665779340,+3.48,+17.528, +9.181,+0.959
1665779400,+3.48,+17.545, +9.184,+0.959
1665779460,+3.48,+17.528, +9.166,+0.959
1665779520,+3.48,+17.536, +9.158,+0.960
1665779580,+3.48,+17.536, +9.151,+0.959
1665779640,+3.48,+17.511, +9.155,+0.960
1665779700,+3.48,+17.536, +9.102,+0.959
1665779760,+3.48,+17.536, +9.077,+0.959
1665779820,+3.48,+17.536, +9.037,+0.959
1665779880,+3.48,+17.528, +9.039,+0.960
1665779940,+3.48,+17.519, +9.011,+0.959
1665780000,+3.48,+17.528, +8.696,+0.959
1665780060,+3.48,+17.519, +8.661,+0.959
1665780120,+3.48,+17.511, +8.800,+0.960
1665780180,+3.48,+17.511, +8.721,+0.959
1665780240,+3.48,+17.511, +8.759,+0.959
1665780300,+3.48,+17.519, +8.875,+0.959
1665780360,+3.48,+17.528, +8.778,+0.959
1665780420,+3.48,+17.502, +8.843,+0.959
1665780480,+3.48,+17.511, +8.789,+0.959
1665780540,+3.48,+17.528, +8.623,+0.959
1665780600,+3.48,+17.511, +8.762,+0.959
1665780660,+3.48,+17.511, +8.885,+0.960
1665780720,+3.48,+17.511, +8.943,+0.960
1665780780,+3.48,+17.511, +9.031,+0.960
1665780840,+3.48,+17.494, +9.064,+0.959
1665780900,+3.48,+17.485, +9.020,+0.959
1665780960,+3.48,+17.485, +9.030,+0.959
1665781020,+3.48,+17.494, +9.068,+0.959
1665781080,+3.48,+17.477, +9.119,+0.959
1665781140,+3.48,+17.477, +9.187,+0.960
1665781200,+3.48,+17.460, +9.205,+0.960
1665781260,+3.48,+17.452, +9.199,+0.959
1665781320,+3.48,+17.452, +9.219,+0.960
1665781380,+3.48,+17.460, +9.238,+0.960
1665781440,+3.48,+17.460, +9.250,+0.959
1665781500,+3.48,+17.452, +9.261,+0.960
1665781560,+3.48,+17.460, +9.263,+0.959
1665781620,+3.48,+17.477, +9.224,+0.959
1665781680,+3.48,+17.452, +9.236,+0.959
1665781740,+3.48,+17.435, +9.217,+0.960
1665781800,+3.48,+17.460, +9.191,+0.959
1665781860,+3.48,+17.469, +9.187,+0.960
1665781920,+3.48,+17.452, +9.190,+0.959
1665781980,+3.48,+17.469, +9.192,+0.960
1665782040,+3.48,+17.452, +9.166,+0.959
1665782100,+3.48,+17.435, +9.155,+0.959
1665782160,+3.48,+17.435, +8.668,+0.959
1665782220,+3.48,+17.460, +8.459,+0.959
1665782280,+3.48,+17.452, +8.622,+0.959
1665782340,+3.48,+17.469, +7.998,+0.959
1665782400,+3.48,+17.460, +7.771,+0.959
1665782460,+3.48,+17.469, +8.172,+0.958
1665782520,+3.48,+17.452, +8.404,+0.959
1665782580,+3.48,+17.452, +8.588,+0.959
1665782640,+3.48,+17.460, +8.804,+0.959
1665782700,+3.48,+17.469, +8.851,+0.959
1665782760,+3.48,+17.452, +8.877,+0.959
1665782820,+3.48,+17.460, +8.885,+0.959
1665782880,+3.48,+17.469, +8.941,+0.959
1665782940,+3.48,+17.460, +8.948,+0.960
1665783000,+3.48,+17.460, +9.026,+0.959
1665783060,+3.48,+17.452, +9.092,+0.959
1665783120,+3.48,+17.452, +9.136,+0.959
1665783180,+3.48,+17.443, +9.157,+0.959
1665783240,+3.48,+17.443, +9.170,+0.959
1665783300,+3.48,+17.443, +9.195,+0.960
1665783360,+3.48,+17.452, +9.197,+0.960
1665783420,+3.48,+17.460, +9.201,+0.960
1665783480,+3.48,+17.452, +9.207,+0.960
1665783540,+3.48,+17.435, +9.212,+0.960
1665783600,+3.48,+17.435, +9.180,+0.959
1665783660,+3.48,+17.435, +9.051,+0.959
1665783720,+3.48,+17.418, +8.943,+0.959
1665783780,+3.48,+17.426, +8.929,+0.959
1665783840,+3.48,+17.435, +8.735,+0.959
1665783900,+3.48,+17.426, +8.273,+0.959
1665783960,+3.48,+17.443, +8.126,+0.959
1665784020,+3.48,+17.443, +8.351,+0.959
1665784080,+3.48,+17.435, +8.542,+0.959
1665784140,+3.48,+17.435, +8.433,+0.959
1665784200,+3.48,+17.435, +8.680,+0.959
1665784260,+3.48,+17.426, +8.819,+0.959
1665784320,+3.48,+17.443, +8.780,+0.959
1665784380,+3.48,+17.426, +8.843,+0.959
1665784440,+3.48,+17.426, +8.875,+0.960
1665784500,+3.48,+17.435, +8.788,+0.959
1665784560,+3.48,+17.418, +8.862,+0.959
1665784620,+3.48,+17.443, +8.934,+0.959
1665784680,+3.48,+17.418, +8.671,+0.959
1665784740,+3.48,+17.426, +8.829,+0.960
1665784800,+3.48,+17.409, +8.939,+0.959
1665784860,+3.48,+17.418, +9.010,+0.959
1665784920,+3.48,+17.426, +9.082,+0.959
1665784980,+3.48,+17.426, +9.128,+0.959
1665785040,+3.48,+17.392, +9.160,+0.959
1665785100,+3.48,+17.426, +9.148,+0.959
1665785160,+3.48,+17.392, +9.133,+0.959
1665785220,+3.48,+17.409, +9.155,+0.960
1665785280,+3.48,+17.409, +9.134,+0.959
1665785340,+3.48,+17.401, +9.103,+0.959
1665785400,+3.48,+17.392, +9.083,+0.959
1665785460,+3.48,+17.409, +8.921,+0.959
1665785520,+3.48,+17.401, +8.949,+0.959
1665785580,+3.48,+17.401, +8.956,+0.960
1665785640,+3.48,+17.409, +8.861,+0.959
1665785700,+3.48,+17.401, +8.748,+0.959
1665785760,+3.48,+17.392, +8.373,+0.959
1665785820,+3.48,+17.401, +8.357,+0.959
1665785880,+3.48,+17.409, +8.393,+0.959
1665785940,+3.48,+17.409, +8.302,+0.959
1665786000,+3.48,+17.392, +8.269,+0.959
1665786060,+3.48,+17.392, +8.342,+0.959
1665786120,+3.48,+17.392, +8.618,+0.959
1665786180,+3.48,+17.401, +8.580,+0.959
1665786240,+3.48,+17.392, +8.218,+0.959
1665786300,+3.48,+17.401, +8.427,+0.959
1665786360,+3.48,+17.392, +8.615,+0.959
1665786420,+3.48,+17.392, +8.738,+0.959
1665786480,+3.48,+17.392, +8.775,+0.959
1665786540,+3.48,+17.409, +8.813,+0.959
1665786600,+3.48,+17.401, +8.847,+0.959
1665786660,+3.48,+17.401, +8.731,+0.959
1665786720,+3.48,+17.401, +8.671,+0.959
1665786780,+3.48,+17.392, +8.678,+0.959
1665786840,+3.48,+17.418, +8.699,+0.959
1665786900,+3.48,+17.409, +8.789,+0.959
1665786960,+3.48,+17.409, +8.851,+0.959
1665787020,+3.48,+17.409, +8.869,+0.959
1665787080,+3.48,+17.401, +8.934,+0.959
1665787140,+3.48,+17.409, +8.961,+0.959
1665787200,+3.48,+17.392, +8.956,+0.959
1665787260,+3.48,+17.418, +8.932,+0.959
1665787320,+3.48,+17.409, +8.920,+0.959
1665787380,+3.48,+17.375, +8.930,+0.960
1665787440,+3.48,+17.401, +8.887,+0.959
1665787500,+3.48,+17.392, +8.851,+0.959
1665787560,+3.48,+17.409, +8.881,+0.959
1665787620,+3.48,+17.418, +8.755,+0.960
1665787680,+3.48,+17.392, +8.248,+0.959
1665787740,+3.48,+17.392, +8.096,+0.959
1665787800,+3.48,+17.409, +7.118,+0.958
1665787860,+3.48,+17.392, +6.558,+0.958
1665787920,+3.48,+17.409, +6.262,+0.958
1665787980,+3.48,+17.401, +6.447,+0.958
1665788040,+3.48,+17.409, +7.131,+0.958
1665788100,+3.48,+17.392, +7.622,+0.958
1665788160,+3.48,+17.418, +7.834,+0.959
1665788220,+3.48,+17.409, +8.053,+0.958
1665788280,+3.48,+17.409, +8.257,+0.959
1665788340,+3.48,+17.418, +8.405,+0.959
1665788400,+3.48,+17.409, +8.442,+0.959
1665788460,+3.48,+17.392, +8.464,+0.959
1665788520,+3.48,+17.401, +8.340,+0.959
1665788580,+3.48,+17.418, +8.203,+0.959
1665788640,+3.48,+17.418, +8.229,+0.959
1665788700,+3.48,+17.409, +8.127,+0.959
1665788760,+3.48,+17.409, +8.185,+0.959
1665788820,+3.48,+17.409, +8.267,+0.959
1665788880,+3.48,+17.409, +8.383,+0.959
1665788940,+3.48,+17.409, +8.536,+0.959
1665789000,+3.48,+17.409, +8.586,+0.959
1665789060,+3.48,+17.435, +8.575,+0.959
1665789120,+3.48,+17.409, +8.608,+0.959
1665789180,+3.48,+17.401, +8.617,+0.959
1665789240,+3.48,+17.409, +8.648,+0.959
1665789300,+3.48,+17.409, +8.695,+0.959
1665789360,+3.48,+17.418, +8.688,+0.959
1665789420,+3.48,+17.409, +8.653,+0.959
1665789480,+3.48,+17.426, +8.459,+0.959
1665789540,+3.48,+17.426, +8.495,+0.959
1665789600,+3.48,+17.401, +8.334,+0.959
1665789660,+3.48,+17.401, +8.006,+0.959
1665789720,+3.48,+17.409, +7.582,+0.959
1665789780,+3.48,+17.418, +7.381,+0.959
1665789840,+3.48,+17.418, +7.550,+0.959
1665789900,+3.48,+17.409, +7.677,+0.959
1665789960,+3.48,+17.392, +7.752,+0.959
1665790020,+3.48,+17.409, +7.931,+0.959
1665790080,+3.48,+17.435, +8.021,+0.959
1665790140,+3.48,+17.443, +7.984,+0.958
1665790200,+3.48,+17.426, +8.043,+0.959
1665790260,+3.48,+17.435, +8.011,+0.959
1665790320,+3.48,+17.435, +7.902,+0.959
1665790380,+3.48,+17.435, +7.917,+0.959
1665790440,+3.48,+17.426, +7.922,+0.959
1665790500,+3.48,+17.418, +7.858,+0.959
1665790560,+3.48,+17.426, +7.768,+0.959
1665790620,+3.48,+17.435, +7.610,+0.959
1665790680,+3.48,+17.435, +7.615,+0.959
1665790740,+3.48,+17.418, +7.572,+0.959
1665790800,+3.48,+17.409, +7.525,+0.959
1665790860,+3.48,+17.418, +7.424,+0.959
1665790920,+3.48,+17.418, +7.381,+0.959
1665790980,+3.48,+17.409, +7.308,+0.959
1665791040,+3.48,+17.452, +7.262,+0.959
1665791100,+3.48,+17.426, +7.029,+0.959
1665791160,+3.48,+17.418, +6.909,+0.959
1665791220,+3.48,+17.409, +6.955,+0.959
1665791280,+3.48,+17.426, +6.801,+0.959
1665791340,+3.48,+17.409, +6.790,+0.959
1665791400,+3.48,+17.426, +6.855,+0.958
1665791460,+3.48,+17.435, +6.818,+0.958
1665791520,+3.48,+17.426, +6.901,+0.958
1665791580,+3.48,+17.443, +6.990,+0.958
1665791640,+3.48,+17.435, +6.844,+0.958
1665791700,+3.48,+17.418, +6.796,+0.958
1665791760,+3.48,+17.426, +6.837,+0.958
1665791820,+3.48,+17.418, +7.069,+0.958
1665791880,+3.48,+17.401, +7.072,+0.959
1665791940,+3.48,+17.418, +7.195,+0.959
1665792000,+3.48,+17.426, +7.327,+0.959
1665792060,+3.48,+17.426, +7.522,+0.959
1665792120,+3.48,+17.426, +7.614,+0.959
1665792180,+3.48,+17.426, +7.729,+0.958
1665792240,+3.48,+17.418, +7.771,+0.959
1665792300,+3.48,+17.426, +7.808,+0.959
1665792360,+3.48,+17.409, +7.850,+0.959
1665792420,+3.48,+17.409, +7.943,+0.959
1665792480,+3.48,+17.426, +8.096,+0.959
1665792540,+3.48,+17.435, +8.096,+0.959
1665792600,+3.48,+17.426, +8.087,+0.959
1665792660,+3.48,+17.426, +8.205,+0.959
1665792720,+3.48,+17.426, +8.340,+0.959
1665792780,+3.48,+17.443, +8.496,+0.959
1665792840,+3.48,+17.460, +8.685,+0.959
1665792900,+3.48,+17.469, +8.864,+0.959
1665792960,+3.48,+17.477, +9.025,+0.960
1665793020,+3.48,+17.485, +9.115,+0.960
1665793080,+3.48,+17.502, +9.113,+0.959
1665793140,+3.48,+17.494, +9.171,+0.960
1665793200,+3.48,+17.511, +9.137,+0.960
1665793260,+3.48,+17.502, +9.060,+0.960
1665793320,+3.48,+17.511, +9.190,+0.959
1665793380,+3.48,+17.528, +9.204,+0.959
1665793440,+3.48,+17.553, +9.296,+0.960
1665793500,+3.48,+17.519, +9.300,+0.959
1665793560,+3.48,+17.536, +9.291,+0.959
1665793620,+3.48,+17.545, +9.335,+0.960
1665793680,+3.48,+17.553, +9.336,+0.959
1665793740,+3.48,+17.536, +9.352,+0.959
1665793800,+3.48,+17.536, +9.319,+0.960
1665793860,+3.48,+17.536, +9.131,+0.959
1665793920,+3.48,+17.528, +9.097,+0.960
1665793980,+3.48,+17.536, +9.106,+0.959
1665794040,+3.48,+17.545, +9.085,+0.959
1665794100,+3.48,+17.562, +9.011,+0.959
1665794160,+3.48,+17.528, +8.937,+0.959
1665794220,+3.48,+17.511, +8.905,+0.959
1665794280,+3.48,+17.519, +8.886,+0.959
1665794340,+3.48,+17.519, +8.969,+0.959
1665794400,+3.48,+17.511, +8.844,+0.960
1665794460,+3.48,+17.528, +8.729,+0.959
1665794520,+3.48,+17.519, +8.720,+0.959
1665794580,+3.48,+17.528, +8.795,+0.960
1665794640,+3.48,+17.545, +8.907,+0.960
1665794700,+3.48,+17.528, +8.945,+0.959
1665794760,+3.48,+17.545, +8.962,+0.959
1665794820,+3.48,+17.536, +9.037,+0.960
1665794880,+3.48,+17.553, +9.127,+0.959
1665794940,+3.48,+17.562, +9.184,+0.959
1665795000,+3.48,+17.553, +9.205,+0.959
1665795060,+3.48,+17.587, +9.230,+0.960
1665795120,+3.48,+17.562, +9.112,+0.959
1665795180,+3.48,+17.579, +8.870,+0.959
1665795240,+3.48,+17.562, +8.679,+0.959
1665795300,+3.48,+17.553, +8.573,+0.959
1665795360,+3.48,+17.545, +8.685,+0.959
1665795420,+3.48,+17.562, +8.928,+0.959
1665795480,+3.48,+17.553, +9.055,+0.959
1665795540,+3.48,+17.570, +9.091,+0.959
1665795600,+3.48,+17.570, +9.181,+0.959
1665795660,+3.48,+17.587, +9.134,+0.959
1665795720,+3.48,+17.579, +9.060,+0.959
1665795780,+3.48,+17.604, +8.944,+0.959
1665795840,+3.48,+17.595, +8.813,+0.959
1665795900,+3.48,+17.604, +8.726,+0.960
1665795960,+3.48,+17.604, +8.483,+0.959
1665796020,+3.48,+17.612, +8.661,+0.959
1665796080,+3.48,+17.612, +8.786,+0.959
1665796140,+3.48,+17.604, +8.840,+0.959
1665796200,+3.48,+17.612, +8.897,+0.959
1665796260,+3.48,+17.629, +9.019,+0.960
1665796320,+3.48,+17.612, +9.108,+0.959
1665796380,+3.48,+17.638, +9.128,+0.959
1665796440,+3.48,+17.638, +9.098,+0.959
1665796500,+3.48,+17.638, +9.134,+0.960
1665796560,+3.48,+17.621, +9.198,+0.959
1665796620,+3.48,+17.646, +9.189,+0.959
1665796680,+3.48,+17.638, +9.119,+0.959
1665796740,+3.48,+17.646, +9.086,+0.959
1665796800,+3.48,+17.638, +9.121,+0.960
1665796860,+3.48,+17.646, +9.150,+0.959
1665796920,+3.48,+17.655, +9.152,+0.959
1665796980,+3.48,+17.646, +9.108,+0.960
1665797040,+3.48,+17.663, +9.071,+0.959
1665797100,+3.48,+17.646, +9.117,+0.959
1665797160,+3.48,+17.688, +9.137,+0.960
1665797220,+3.48,+17.680, +9.145,+0.959
1665797280,+3.48,+17.646, +9.117,+0.959
1665797340,+3.48,+17.671, +9.111,+0.959
1665797400,+3.48,+17.655, +9.133,+0.959
1665797460,+3.48,+17.655, +9.075,+0.959
1665797520,+3.48,+17.663, +9.040,+0.960
1665797580,+3.48,+17.680, +8.996,+0.959
1665797640,+3.48,+17.646, +8.942,+0.959
1665797700,+3.48,+17.655, +8.912,+0.960
1665797760,+3.48,+17.646, +8.789,+0.959
1665797820,+3.48,+17.663, +8.608,+0.959
1665797880,+3.48,+17.646, +8.407,+0.959
1665797940,+3.48,+17.655, +8.336,+0.959
1665798000,+3.48,+17.621, +8.326,+0.959
1665798060,+3.48,+17.638, +8.309,+0.959
1665798120,+3.48,+17.629, +8.275,+0.959
1665798180,+3.48,+17.646, +8.224,+0.959
1665798240,+3.48,+17.646, +8.242,+0.959
1665798300,+3.48,+17.638, +8.337,+0.959
1665798360,+3.48,+17.646, +8.446,+0.959
1665798420,+3.48,+17.646, +8.549,+0.959
1665798480,+3.48,+17.646, +8.615,+0.959
1665798540,+3.48,+17.646, +8.778,+0.959
1665798600,+3.48,+17.655, +8.815,+0.959
1665798660,+3.48,+17.663, +8.760,+0.959
1665798720,+3.48,+17.655, +8.587,+0.960
1665798780,+3.48,+17.655, +8.418,+0.959
1665798840,+3.48,+17.671, +8.311,+0.959
1665798900,+3.48,+17.646, +8.459,+0.959
1665798960,+3.48,+17.663, +8.633,+0.959
1665799020,+3.48,+17.646, +8.719,+0.959
1665799080,+3.48,+17.688, +8.702,+0.959
1665799140,+3.48,+17.646, +8.351,+0.959
1665799200,+3.48,+17.671, +8.354,+0.959
1665799260,+3.48,+17.671, +8.388,+0.959
1665799320,+3.48,+17.680, +8.499,+0.959
1665799380,+3.48,+17.680, +8.571,+0.959
1665799440,+3.48,+17.655, +8.600,+0.959
1665799500,+3.48,+17.663, +8.121,+0.959
1665799560,+3.48,+17.671, +7.779,+0.959
1665799620,+3.48,+17.688, +8.357,+0.959
1665799680,+3.48,+17.671, +8.763,+0.959
1665799740,+3.48,+17.697, +8.764,+0.959
1665799800,+3.48,+17.697, +8.811,+0.959
1665799860,+3.48,+17.688, +8.863,+0.959
1665799920,+3.48,+17.688, +8.901,+0.959
1665799980,+3.48,+17.697, +8.927,+0.959
1665800040,+3.48,+17.688, +8.923,+0.959
1665800100,+3.48,+17.697, +8.866,+0.959
1665800160,+3.48,+17.688, +8.848,+0.959
1665800220,+3.48,+17.688, +8.852,+0.959
1665800280,+3.48,+17.688, +8.808,+0.959
1665800340,+3.48,+17.688, +8.061,+0.959
1665800400,+3.48,+17.697, +7.847,+0.959
1665800460,+3.48,+17.697, +8.135,+0.959
1665800520,+3.48,+17.697, +8.115,+0.959
1665800580,+3.48,+17.688, +8.149,+0.959
1665800640,+3.48,+17.714, +8.217,+0.959
1665800700,+3.48,+17.705, +8.227,+0.959
1665800760,+3.48,+17.705, +7.986,+0.959
1665800820,+3.48,+17.697, +7.872,+0.959
1665800880,+3.48,+17.705, +7.997,+0.959
1665800940,+3.48,+17.714, +8.502,+0.959
1665801000,+3.47,+17.722, +8.469,+0.959
1665801060,+3.47,+17.714, +8.377,+0.959
1665801120,+3.47,+17.731, +8.455,+0.959
1665801180,+3.48,+17.714, +8.488,+0.959
1665801240,+3.47,+17.714, +8.531,+0.959
1665801300,+3.48,+17.705, +8.268,+0.959
1665801360,+3.48,+17.705, +8.042,+0.958
1665801420,+3.48,+17.697, +8.068,+0.959
1665801480,+3.48,+17.705, +8.119,+0.959
1665801540,+3.48,+17.697, +8.168,+0.959
1665801600,+3.48,+17.714, +8.222,+0.959
1665801660,+3.48,+17.714, +8.285,+0.959
1665801720,+3.48,+17.705, +8.361,+0.959
1665801780,+3.48,+17.688, +8.467,+0.960
1665801840,+3.48,+17.722, +8.518,+0.959
1665801900,+3.48,+17.714, +8.621,+0.959
1665801960,+3.48,+17.697, +8.720,+0.959
1665802020,+3.48,+17.705, +8.676,+0.959
1665802080,+3.48,+17.722, +8.693,+0.959
1665802140,+3.48,+17.714, +8.737,+0.959
1665802200,+3.48,+17.697, +8.696,+0.959
1665802260,+3.48,+17.697, +8.662,+0.959
1665802320,+3.48,+17.714, +8.600,+0.959
1665802380,+3.48,+17.705, +8.558,+0.959
1665802440,+3.48,+17.722, +8.578,+0.959
1665802500,+3.48,+17.705, +8.596,+0.959
1665802560,+3.48,+17.714, +8.672,+0.959
1665802620,+3.48,+17.705, +8.743,+0.959
1665802680,+3.48,+17.697, +8.650,+0.959
1665802740,+3.48,+17.722, +8.468,+0.959
1665802800,+3.48,+17.705, +8.381,+0.959
1665802860,+3.48,+17.697, +8.319,+0.959
1665802920,+3.48,+17.714, +8.356,+0.958
1665802980,+3.48,+17.731, +8.454,+0.959
1665803040,+3.48,+17.714, +8.516,+0.959
1665803100,+3.48,+17.714, +8.608,+0.959
1665803160,+3.48,+17.722, +8.684,+0.959
1665803220,+3.48,+17.714, +8.733,+0.959
1665803280,+3.48,+17.714, +8.745,+0.958
1665803340,+3.48,+17.705, +8.763,+0.960
1665803400,+3.48,+17.705, +8.755,+0.959
1665803460,+3.48,+17.722, +8.699,+0.959
1665803520,+3.48,+17.714, +8.672,+0.959
1665803580,+3.48,+17.714, +8.480,+0.959
1665803640,+3.48,+17.697, +8.128,+0.958
1665803700,+3.48,+17.714, +7.888,+0.957
1665803760,+3.48,+17.705, +8.012,+0.958
1665803820,+3.48,+17.714, +8.222,+0.958
1665803880,+3.48,+17.714, +8.212,+0.959
1665803940,+3.48,+17.714, +8.280,+0.958
1665804000,+3.48,+17.714, +8.391,+0.959
1665804060,+3.48,+17.697, +8.464,+0.959
1665804120,+3.48,+17.705, +8.539,+0.959
1665804180,+3.48,+17.731, +8.506,+0.959
1665804240,+3.48,+17.722, +8.240,+0.959
1665804300,+3.48,+17.722, +7.440,+0.958
1665804360,+3.48,+17.697, +6.754,+0.959
1665804420,+3.48,+17.722, +6.939,+0.958
1665804480,+3.48,+17.714, +7.143,+0.958
1665804540,+3.48,+17.714, +7.095,+0.958
1665804600,+3.48,+17.697, +7.090,+0.958
1665804660,+3.48,+17.680, +7.008,+0.958
1665804720,+3.48,+17.705, +6.780,+0.958
1665804780,+3.48,+17.697, +6.799,+0.957
1665804840,+3.48,+17.671, +6.618,+0.957
1665804900,+3.48,+17.671, +6.282,+0.958
1665804960,+3.48,+17.688, +6.215,+0.958
1665805020,+3.48,+17.671, +5.969,+0.958
1665805080,+3.48,+17.688, +5.400,+0.958
1665805140,+3.48,+17.688, +5.780,+0.958
1665805200,+3.48,+17.671, +6.221,+0.959
1665805260,+3.48,+17.671, +6.650,+0.959
1665805320,+3.48,+17.655, +6.864,+0.959
1665805380,+3.48,+17.655, +6.303,+0.959
1665805440,+3.48,+17.663, +5.833,+0.959
1665805500,+3.48,+17.671, +4.974,+0.959
1665805560,+3.48,+17.663, +4.075,+0.961
1665805620,+3.48,+17.655, +3.642,+0.960
1665805680,+3.48,+17.671, +3.163,+0.961
1665805740,+3.48,+17.655, +3.075,+0.961
1665805800,+3.48,+17.663, +3.751,+0.960
1665805860,+3.48,+17.655, +3.624,+0.959
1665805920,+3.48,+17.655, +3.637,+0.960
1665805980,+3.48,+17.646, +3.798,+0.961
1665806040,+3.48,+17.671, +4.177,+0.960
1665806100,+3.48,+17.638, +4.565,+0.960
1665806160,+3.48,+17.663, +5.039,+0.959
1665806220,+3.48,+17.655, +5.186,+0.959
1665806280,+3.48,+17.663, +5.045,+0.959
1665806340,+3.48,+17.671, +5.068,+0.959
1665806400,+3.48,+17.646, +5.308,+0.959
1665806460,+3.48,+17.655, +5.662,+0.959
1665806520,+3.48,+17.671, +5.927,+0.959
1665806580,+3.48,+17.680, +6.150,+0.959
1665806640,+3.48,+17.663, +6.315,+0.959
1665806700,+3.48,+17.671, +6.499,+0.959
1665806760,+3.48,+17.646, +6.701,+0.959
1665806820,+3.48,+17.646, +6.825,+0.959
1665806880,+3.48,+17.638, +6.893,+0.959
1665806940,+3.48,+17.655, +6.965,+0.959
1665807000,+3.48,+17.688, +7.106,+0.958
1665807060,+3.48,+17.663, +7.320,+0.958
1665807120,+3.48,+17.646, +7.461,+0.959
1665807180,+3.48,+17.655, +7.397,+0.958
1665807240,+3.48,+17.655, +7.361,+0.958
1665807300,+3.48,+17.663, +7.360,+0.959
1665807360,+3.48,+17.663, +7.454,+0.958
1665807420,+3.48,+17.663, +7.074,+0.959
1665807480,+3.48,+17.663, +6.906,+0.958
1665807540,+3.48,+17.663, +6.736,+0.958
1665807600,+3.48,+17.655, +6.570,+0.958
1665807660,+3.48,+17.663, +6.507,+0.958
1665807720,+3.48,+17.663, +6.538,+0.958
1665807780,+3.48,+17.663, +6.528,+0.958
1665807840,+3.48,+17.646, +6.445,+0.958
1665807900,+3.48,+17.671, +6.541,+0.958
1665807960,+3.48,+17.663, +6.622,+0.958
1665808020,+3.48,+17.655, +6.646,+0.958
1665808080,+3.48,+17.663, +6.742,+0.958
1665808140,+3.48,+17.680, +6.900,+0.958
1665808200,+3.48,+17.680, +6.943,+0.959
1665808260,+3.48,+17.655, +7.077,+0.959
1665808320,+3.48,+17.663, +7.258,+0.959
1665808380,+3.48,+17.671, +7.381,+0.959
1665808440,+3.48,+17.688, +7.446,+0.959
1665808500,+3.48,+17.680, +7.620,+0.959
1665808560,+3.48,+17.680, +7.772,+0.959
1665808620,+3.48,+17.671, +7.902,+0.959
1665808680,+3.48,+17.680, +8.026,+0.959
1665808740,+3.48,+17.680, +8.068,+0.959
1665808800,+3.48,+17.663, +8.076,+0.959
1665808860,+3.48,+17.680, +8.133,+0.959
1665808920,+3.48,+17.671, +8.214,+0.959
1665808980,+3.48,+17.680, +8.143,+0.959
1665809040,+3.48,+17.671, +8.021,+0.959
1665809100,+3.48,+17.680, +7.908,+0.959
1665809160,+3.48,+17.688, +7.792,+0.959
1665809220,+3.48,+17.646, +7.699,+0.959
1665809280,+3.48,+17.680, +7.726,+0.959
1665809340,+3.48,+17.663, +7.790,+0.959
1665809400,+3.48,+17.680, +7.820,+0.959
1665809460,+3.48,+17.697, +7.900,+0.959
1665809520,+3.48,+17.671, +7.954,+0.959
1665809580,+3.48,+17.688, +7.921,+0.959
1665809640,+3.48,+17.680, +7.969,+0.959
1665809700,+3.48,+17.671, +7.951,+0.959
1665809760,+3.48,+17.697, +7.795,+0.959
1665809820,+3.48,+17.671, +7.747,+0.959
1665809880,+3.48,+17.671, +7.726,+0.959
1665809940,+3.48,+17.671, +7.691,+0.959
1665810000,+3.48,+17.671, +7.588,+0.959
1665810060,+3.48,+17.680, +6.943,+0.959
1665810120,+3.48,+17.680, +6.442,+0.959
1665810180,+3.48,+17.697, +6.358,+0.958
1665810240,+3.48,+17.680, +6.474,+0.958
1665810300,+3.48,+17.680, +6.790,+0.958
1665810360,+3.48,+17.671, +7.033,+0.959
1665810420,+3.48,+17.688, +7.194,+0.958
1665810480,+3.48,+17.680, +7.307,+0.959
1665810540,+3.48,+17.680, +7.391,+0.959
1665810600,+3.48,+17.663, +7.388,+0.959
1665810660,+3.48,+17.688, +7.438,+0.959
1665810720,+3.48,+17.671, +7.410,+0.959
1665810780,+3.48,+17.680, +7.422,+0.959
1665810840,+3.48,+17.680, +6.870,+0.959
1665810900,+3.48,+17.688, +6.796,+0.959
1665810960,+3.48,+17.680, +6.908,+0.959
1665811020,+3.48,+17.680, +7.010,+0.959
1665811080,+3.48,+17.680, +7.058,+0.959
1665811140,+3.48,+17.680, +7.105,+0.960
1665811200,+3.48,+17.688, +7.144,+0.959
1665811260,+3.48,+17.671, +7.206,+0.959
1665811320,+3.48,+17.663, +7.291,+0.959
1665811380,+3.48,+17.688, +7.297,+0.959
1665811440,+3.48,+17.680, +6.917,+0.959
1665811500,+3.48,+17.663, +6.220,+0.959
1665811560,+3.48,+17.663, +5.789,+0.959
1665811620,+3.48,+17.680, +5.957,+0.959
1665811680,+3.48,+17.663, +6.239,+0.959
1665811740,+3.48,+17.680, +6.502,+0.959
1665811800,+3.48,+17.655, +6.709,+0.959
1665811860,+3.48,+17.671, +6.829,+0.959
1665811920,+3.48,+17.655, +6.962,+0.959
1665811980,+3.48,+17.663, +7.041,+0.959
1665812040,+3.48,+17.663, +7.098,+0.959
1665812100,+3.48,+17.655, +7.156,+0.959
1665812160,+3.48,+17.663, +7.236,+0.959
1665812220,+3.48,+17.646, +7.289,+0.959
1665812280,+3.48,+17.655, +7.349,+0.959
1665812340,+3.48,+17.663, +7.405,+0.959
1665812400,+3.48,+17.646, +7.390,+0.959
1665812460,+3.48,+17.646, +7.309,+0.959
1665812520,+3.48,+17.638, +7.272,+0.958
1665812580,+3.48,+17.655, +7.208,+0.959
1665812640,+3.48,+17.646, +7.434,+0.959
1665812700,+3.48,+17.629, +7.646,+0.959
1665812760,+3.48,+17.638, +7.698,+0.959
1665812820,+3.48,+17.655, +7.758,+0.959
1665812880,+3.48,+17.629, +7.800,+0.959
1665812940,+3.48,+17.638, +7.793,+0.959
1665813000,+3.48,+17.638, +7.837,+0.959
1665813060,+3.48,+17.629, +7.769,+0.959
1665813120,+3.48,+17.638, +7.895,+0.959
1665813180,+3.48,+17.655, +7.865,+0.959
1665813240,+3.48,+17.629, +7.673,+0.959
1665813300,+3.48,+17.655, +7.605,+0.959
1665813360,+3.48,+17.629, +7.563,+0.959
1665813420,+3.48,+17.638, +7.528,+0.959
1665813480,+3.48,+17.646, +7.340,+0.959
1665813540,+3.48,+17.621, +7.463,+0.959
1665813600,+3.48,+17.638, +7.580,+0.959
1665813660,+3.48,+17.621, +7.611,+0.958
1665813720,+3.48,+17.638, +7.222,+0.959
1665813780,+3.48,+17.638, +7.131,+0.959
1665813840,+3.48,+17.638, +7.259,+0.959
1665813900,+3.48,+17.629, +7.538,+0.959
1665813960,+3.48,+17.646, +7.741,+0.959
1665814020,+3.48,+17.638, +7.927,+0.959
1665814080,+3.48,+17.646, +8.035,+0.959
1665814140,+3.48,+17.621, +7.952,+0.959
1665814200,+3.48,+17.629, +7.872,+0.959
1665814260,+3.48,+17.638, +7.771,+0.959
1665814320,+3.48,+17.629, +7.734,+0.959
1665814380,+3.48,+17.629, +7.613,+0.959
1665814440,+3.48,+17.604, +7.557,+0.959
1665814500,+3.48,+17.638, +7.473,+0.959
1665814560,+3.48,+17.629, +7.420,+0.959
1665814620,+3.48,+17.621, +7.335,+0.959
1665814680,+3.48,+17.638, +7.567,+0.959
1665814740,+3.48,+17.621, +7.703,+0.959
1665814800,+3.48,+17.629, +7.875,+0.959
1665814860,+3.48,+17.638, +7.834,+0.959
1665814920,+3.48,+17.612, +7.848,+0.959
1665814980,+3.48,+17.638, +7.807,+0.959
1665815040,+3.48,+17.629, +7.754,+0.959
1665815100,+3.48,+17.646, +7.736,+0.959
1665815160,+3.48,+17.638, +7.827,+0.959
1665815220,+3.48,+17.612, +7.896,+0.959
1665815280,+3.48,+17.612, +7.920,+0.959
1665815340,+3.48,+17.621, +7.956,+0.959
1665815400,+3.48,+17.621, +8.071,+0.959
1665815460,+3.48,+17.638, +8.090,+0.959
1665815520,+3.48,+17.604, +8.091,+0.959
1665815580,+3.48,+17.595, +8.080,+0.959
1665815640,+3.48,+17.629, +8.079,+0.959
1665815700,+3.48,+17.629, +8.103,+0.959
1665815760,+3.48,+17.621, +8.148,+0.959
1665815820,+3.48,+17.621, +8.189,+0.959
1665815880,+3.48,+17.621, +8.217,+0.959
1665815940,+3.48,+17.621, +8.213,+0.959
1665816000,+3.48,+17.638, +8.201,+0.959
1665816060,+3.48,+17.629, +8.195,+0.959
1665816120,+3.48,+17.629, +8.224,+0.959
1665816180,+3.48,+17.612, +8.277,+0.959
1665816240,+3.48,+17.621, +8.353,+0.960
1665816300,+3.48,+17.621, +8.395,+0.959
1665816360,+3.48,+17.612, +8.470,+0.959
1665816420,+3.48,+17.629, +8.516,+0.959
1665816480,+3.48,+17.595, +8.580,+0.960
1665816540,+3.48,+17.604, +8.593,+0.959
1665816600,+3.48,+17.595, +8.650,+0.959
1665816660,+3.48,+17.579, +8.706,+0.959
1665816720,+3.48,+17.604, +8.690,+0.959
1665816780,+3.48,+17.595, +8.712,+0.960
1665816840,+3.48,+17.595, +8.628,+0.960
1665816900,+3.48,+17.595, +8.652,+0.959
1665816960,+3.48,+17.604, +8.603,+0.959
1665817020,+3.48,+17.587, +8.564,+0.959
1665817080,+3.48,+17.579, +8.499,+0.959
1665817140,+3.48,+17.579, +8.579,+0.959
1665817200,+3.48,+17.587, +8.657,+0.959
1665817260,+3.48,+17.595, +8.687,+0.959
1665817320,+3.48,+17.587, +8.663,+0.960
1665817380,+3.48,+17.579, +8.621,+0.959
1665817440,+3.48,+17.553, +8.676,+0.959
1665817500,+3.48,+17.595, +8.657,+0.959
1665817560,+3.48,+17.579, +8.689,+0.959
1665817620,+3.48,+17.579, +8.682,+0.959
1665817680,+3.48,+17.570, +8.704,+0.959
1665817740,+3.48,+17.595, +8.729,+0.959
1665817800,+3.48,+17.562, +8.709,+0.959
1665817860,+3.48,+17.579, +8.664,+0.959
1665817920,+3.48,+17.562, +8.557,+0.959
1665817980,+3.48,+17.570, +8.507,+0.959
1665818040,+3.48,+17.562, +8.551,+0.959
1665818100,+3.48,+17.570, +8.607,+0.959
1665818160,+3.48,+17.579, +8.625,+0.959
1665818220,+3.48,+17.579, +8.420,+0.959
1665818280,+3.48,+17.595, +8.287,+0.959
1665818340,+3.48,+17.595, +8.433,+0.959
1665818400,+3.48,+17.570, +8.472,+0.959
1665818460,+3.48,+17.587, +8.296,+0.959
1665818520,+3.48,+17.570, +8.160,+0.959
1665818580,+3.48,+17.562, +7.970,+0.959
1665818640,+3.48,+17.587, +8.096,+0.959
1665818700,+3.48,+17.570, +8.304,+0.959
1665818760,+3.48,+17.579, +8.351,+0.959
1665818820,+3.48,+17.570, +8.240,+0.959
1665818880,+3.48,+17.562, +8.185,+0.959
1665818940,+3.48,+17.570, +8.102,+0.959
1665819000,+3.48,+17.562, +8.100,+0.959
1665819060,+3.48,+17.579, +8.236,+0.959
1665819120,+3.48,+17.587, +8.249,+0.959
1665819180,+3.48,+17.579, +8.017,+0.959
1665819240,+3.48,+17.570, +7.854,+0.959
1665819300,+3.48,+17.587, +7.930,+0.959
1665819360,+3.48,+17.553, +7.980,+0.959
1665819420,+3.48,+17.570, +7.927,+0.959
1665819480,+3.48,+17.570, +8.076,+0.959
1665819540,+3.48,+17.570, +8.228,+0.959
1665819600,+3.48,+17.562, +8.353,+0.959
1665819660,+3.48,+17.562, +8.348,+0.959
1665819720,+3.48,+17.579, +8.346,+0.959
1665819780,+3.48,+17.587, +8.121,+0.959
1665819840,+3.48,+17.562, +8.044,+0.959
1665819900,+3.48,+17.579, +8.178,+0.959
1665819960,+3.48,+17.562, +8.083,+0.959
1665820020,+3.48,+17.545, +7.979,+0.959
1665820080,+3.48,+17.579, +8.012,+0.959
1665820140,+3.48,+17.562, +8.138,+0.959
1665820200,+3.48,+17.579, +8.207,+0.959
1665820260,+3.48,+17.579, +8.275,+0.959
1665820320,+3.48,+17.562, +8.208,+0.959
1665820380,+3.48,+17.570, +8.161,+0.959
1665820440,+3.48,+17.553, +8.020,+0.959
1665820500,+3.48,+17.579, +8.065,+0.959
1665820560,+3.48,+17.570, +8.127,+0.959
1665820620,+3.48,+17.570, +8.101,+0.959
1665820680,+3.48,+17.570, +8.112,+0.959
1665820740,+3.48,+17.579, +8.060,+0.959
1665820800,+3.48,+17.595, +7.898,+0.959
1665820860,+3.48,+17.562, +7.906,+0.959
1665820920,+3.48,+17.562, +8.033,+0.959
1665820980,+3.48,+17.562, +7.935,+0.959
1665821040,+3.48,+17.579, +7.935,+0.959
1665821100,+3.48,+17.587, +7.630,+0.959
1665821160,+3.48,+17.553, +7.421,+0.959
1665821220,+3.48,+17.562, +7.256,+0.959
1665821280,+3.48,+17.570, +6.979,+0.959
1665821340,+3.48,+17.562, +7.300,+0.959
1665821400,+3.48,+17.553, +7.703,+0.959
1665821460,+3.48,+17.553, +7.841,+0.959
1665821520,+3.48,+17.587, +8.060,+0.959
1665821580,+3.48,+17.553, +8.186,+0.959
1665821640,+3.48,+17.587, +8.249,+0.959
1665821700,+3.48,+17.553, +8.116,+0.960
1665821760,+3.48,+17.562, +7.966,+0.959
1665821820,+3.48,+17.553, +8.075,+0.959
1665821880,+3.48,+17.579, +8.129,+0.959
1665821940,+3.48,+17.579, +8.118,+0.959
1665822000,+3.48,+17.562, +8.148,+0.959
1665822060,+3.48,+17.579, +8.032,+0.959
1665822120,+3.48,+17.562, +8.007,+0.959
1665822180,+3.48,+17.562, +7.925,+0.959
1665822240,+3.48,+17.587, +7.901,+0.959
1665822300,+3.48,+17.579, +7.962,+0.959
1665822360,+3.48,+17.579, +7.902,+0.959
1665822420,+3.48,+17.570, +7.873,+0.959
1665822480,+3.48,+17.570, +7.904,+0.959
1665822540,+3.48,+17.595, +8.023,+0.959
1665822600,+3.48,+17.587, +8.133,+0.958
1665822660,+3.48,+17.562, +8.092,+0.959
1665822720,+3.48,+17.579, +7.872,+0.959
1665822780,+3.48,+17.570, +7.679,+0.959
1665822840,+3.48,+17.570, +7.702,+0.959
1665822900,+3.48,+17.570, +7.755,+0.959
1665822960,+3.48,+17.587, +7.879,+0.959
1665823020,+3.48,+17.579, +7.731,+0.959
1665823080,+3.48,+17.570, +7.813,+0.959
1665823140,+3.48,+17.587, +7.936,+0.959
1665823200,+3.48,+17.570, +8.051,+0.959
1665823260,+3.48,+17.587, +8.040,+0.959
1665823320,+3.48,+17.595, +8.112,+0.959
1665823380,+3.48,+17.587, +8.186,+0.959
1665823440,+3.48,+17.587, +8.221,+0.959
1665823500,+3.48,+17.579, +8.227,+0.959
1665823560,+3.48,+17.595, +8.200,+0.959
1665823620,+3.48,+17.587, +8.190,+0.959
1665823680,+3.48,+17.595, +8.177,+0.959
1665823740,+3.48,+17.595, +8.140,+0.959
1665823800,+3.48,+17.579, +8.116,+0.959
1665823860,+3.48,+17.587, +7.982,+0.959
1665823920,+3.48,+17.604, +7.891,+0.959
1665823980,+3.48,+17.604, +7.757,+0.959
1665824040,+3.48,+17.587, +7.750,+0.959
1665824100,+3.48,+17.570, +7.795,+0.959
1665824160,+3.48,+17.587, +7.775,+0.959
1665824220,+3.48,+17.579, +7.788,+0.959
1665824280,+3.48,+17.579, +7.551,+0.959
1665824340,+3.48,+17.587, +7.476,+0.959
1665824400,+3.48,+17.604, +7.476,+0.959
1665824460,+3.48,+17.595, +7.529,+0.959
1665824520,+3.48,+17.587, +7.480,+0.959
1665824580,+3.48,+17.612, +7.477,+0.959
1665824640,+3.48,+17.587, +7.501,+0.959
1665824700,+3.48,+17.604, +7.537,+0.959
1665824760,+3.48,+17.604, +7.551,+0.959
1665824820,+3.48,+17.587, +7.429,+0.959
1665824880,+3.48,+17.612, +7.298,+0.959
1665824940,+3.48,+17.604, +7.252,+0.959
1665825000,+3.48,+17.604, +7.196,+0.959
1665825060,+3.48,+17.595, +7.169,+0.959
1665825120,+3.48,+17.604, +7.065,+0.959
1665825180,+3.48,+17.579, +6.957,+0.959
1665825240,+3.48,+17.604, +6.894,+0.959
1665825300,+3.48,+17.579, +6.862,+0.959
1665825360,+3.48,+17.587, +7.061,+0.959
1665825420,+3.48,+17.612, +7.037,+0.959
1665825480,+3.48,+17.604, +6.991,+0.959
1665825540,+3.48,+17.604, +6.705,+0.959
1665825600,+3.48,+17.604, +6.519,+0.959
1665825660,+3.48,+17.579, +6.683,+0.959
1665825720,+3.48,+17.595, +7.230,+0.959
1665825780,+3.48,+17.604, +7.431,+0.958
1665825840,+3.48,+17.595, +7.661,+0.959
1665825900,+3.48,+17.604, +7.811,+0.959
1665825960,+3.48,+17.579, +7.874,+0.959
1665826020,+3.48,+17.612, +7.915,+0.959
1665826080,+3.48,+17.562, +7.930,+0.959
1665826140,+3.48,+17.587, +7.893,+0.959
1665826200,+3.48,+17.595, +7.767,+0.959
1665826260,+3.48,+17.595, +7.616,+0.959
1665826320,+3.48,+17.579, +7.399,+0.960
1665826380,+3.48,+17.579, +7.353,+0.959
1665826440,+3.48,+17.587, +7.718,+0.959
1665826500,+3.48,+17.595, +7.965,+0.959
1665826560,+3.48,+17.579, +8.032,+0.959
1665826620,+3.48,+17.587, +8.062,+0.959
1665826680,+3.48,+17.604, +8.037,+0.959
1665826740,+3.48,+17.604, +7.836,+0.959
1665826800,+3.48,+17.595, +7.953,+0.959
1665826860,+3.48,+17.604, +8.026,+0.959
1665826920,+3.48,+17.587, +8.117,+0.959
1665826980,+3.48,+17.595, +8.179,+0.959
1665827040,+3.48,+17.579, +8.210,+0.959
1665827100,+3.48,+17.595, +8.191,+0.959
1665827160,+3.48,+17.604, +8.141,+0.959
1665827220,+3.48,+17.595, +8.104,+0.959
1665827280,+3.48,+17.595, +8.068,+0.959
1665827340,+3.48,+17.579, +8.072,+0.959
1665827400,+3.48,+17.587, +8.076,+0.959
1665827460,+3.48,+17.587, +8.074,+0.959
1665827520,+3.48,+17.595, +8.116,+0.959
1665827580,+3.48,+17.604, +8.138,+0.959
1665827640,+3.48,+17.570, +8.067,+0.959
1665827700,+3.48,+17.570, +7.677,+0.959
1665827760,+3.48,+17.579, +7.442,+0.960
1665827820,+3.48,+17.587, +7.517,+0.959
1665827880,+3.48,+17.587, +7.619,+0.959
1665827940,+3.48,+17.595, +7.812,+0.959
1665828000,+3.48,+17.604, +7.957,+0.959
1665828060,+3.48,+17.579, +7.939,+0.959
1665828120,+3.48,+17.595, +7.943,+0.959
1665828180,+3.48,+17.587, +7.971,+0.959
1665828240,+3.48,+17.595, +8.055,+0.959
1665828300,+3.48,+17.587, +8.049,+0.959
1665828360,+3.48,+17.570, +8.056,+0.960
1665828420,+3.48,+17.562, +8.023,+0.959
1665828480,+3.48,+17.595, +7.995,+0.959
1665828540,+3.48,+17.587, +7.939,+0.959
1665828600,+3.48,+17.587, +7.926,+0.959
1665828660,+3.48,+17.570, +7.998,+0.959
1665828720,+3.48,+17.604, +8.020,+0.959
1665828780,+3.48,+17.595, +8.048,+0.959
1665828840,+3.48,+17.579, +8.080,+0.959
1665828900,+3.48,+17.587, +8.112,+0.959
1665828960,+3.48,+17.604, +8.073,+0.959
1665829020,+3.48,+17.570, +8.050,+0.959
1665829080,+3.48,+17.579, +7.977,+0.959
1665829140,+3.48,+17.562, +7.939,+0.959
1665829200,+3.48,+17.579, +7.911,+0.959
1665829260,+3.48,+17.553, +7.901,+0.959
1665829320,+3.48,+17.570, +7.904,+0.959
1665829380,+3.48,+17.562, +7.905,+0.959
1665829440,+3.48,+17.553, +7.966,+0.960
1665829500,+3.48,+17.553, +8.021,+0.959
1665829560,+3.48,+17.553, +8.059,+0.959
1665829620,+3.48,+17.570, +8.075,+0.959
1665829680,+3.48,+17.587, +8.022,+0.959
1665829740,+3.48,+17.545, +7.769,+0.959
1665829800,+3.48,+17.553, +7.388,+0.959
1665829860,+3.48,+17.562, +7.127,+0.959
1665829920,+3.48,+17.570, +7.169,+0.959
1665829980,+3.48,+17.553, +6.986,+0.959
1665830040,+3.48,+17.562, +7.274,+0.959
1665830100,+3.48,+17.570, +7.317,+0.959
1665830160,+3.48,+17.562, +7.274,+0.959
1665830220,+3.48,+17.545, +7.347,+0.958
1665830280,+3.48,+17.553, +7.381,+0.959
1665830340,+3.48,+17.579, +7.499,+0.959
1665830400,+3.48,+17.553, +7.576,+0.960
1665830460,+3.48,+17.570, +7.546,+0.960
1665830520,+3.48,+17.570, +7.448,+0.959
1665830580,+3.48,+17.570, +7.340,+0.959
1665830640,+3.48,+17.570, +7.204,+0.959
1665830700,+3.48,+17.562, +7.158,+0.959
1665830760,+3.48,+17.553, +7.182,+0.959
1665830820,+3.48,+17.553, +7.115,+0.959
1665830880,+3.48,+17.579, +7.180,+0.959
1665830940,+3.48,+17.570, +7.222,+0.959
1665831000,+3.48,+17.562, +7.269,+0.959
1665831060,+3.48,+17.579, +7.305,+0.959
1665831120,+3.48,+17.579, +7.176,+0.959
1665831180,+3.48,+17.553, +7.102,+0.959
1665831240,+3.48,+17.587, +6.939,+0.959
1665831300,+3.48,+17.570, +6.930,+0.959
1665831360,+3.48,+17.579, +6.862,+0.959
1665831420,+3.48,+17.562, +6.865,+0.959
1665831480,+3.48,+17.579, +7.401,+0.959
1665831540,+3.48,+17.570, +7.611,+0.959
1665831600,+3.48,+17.570, +7.796,+0.959
1665831660,+3.48,+17.570, +7.947,+0.959
1665831720,+3.48,+17.570, +8.045,+0.959
1665831780,+3.48,+17.570, +8.096,+0.959
1665831840,+3.48,+17.579, +8.116,+0.959
1665831900,+3.48,+17.579, +8.052,+0.959
1665831960,+3.48,+17.570, +7.950,+0.959
1665832020,+3.48,+17.570, +7.857,+0.959
1665832080,+3.48,+17.570, +7.810,+0.959
1665832140,+3.48,+17.562, +7.845,+0.959
1665832200,+3.48,+17.553, +7.848,+0.959
1665832260,+3.48,+17.570, +7.929,+0.959
1665832320,+3.48,+17.587, +7.965,+0.959
1665832380,+3.48,+17.579, +7.871,+0.959
1665832440,+3.48,+17.570, +7.901,+0.959
1665832500,+3.48,+17.587, +7.897,+0.959
1665832560,+3.48,+17.562, +7.889,+0.960
1665832620,+3.48,+17.553, +7.864,+0.959
1665832680,+3.48,+17.562, +7.751,+0.959
1665832740,+3.48,+17.562, +7.855,+0.959
1665832800,+3.48,+17.579, +7.957,+0.959
1665832860,+3.48,+17.570, +8.023,+0.959
1665832920,+3.48,+17.579, +8.025,+0.959
1665832980,+3.48,+17.579, +8.124,+0.959
1665833040,+3.48,+17.587, +8.139,+0.959
1665833100,+3.48,+17.562, +8.130,+0.959
1665833160,+3.48,+17.570, +8.117,+0.959
1665833220,+3.48,+17.579, +8.143,+0.959
1665833280,+3.48,+17.587, +8.124,+0.959
1665833340,+3.48,+17.587, +8.177,+0.959
1665833400,+3.48,+17.579, +8.176,+0.959
1665833460,+3.48,+17.562, +8.134,+0.959
1665833520,+3.48,+17.579, +7.990,+0.959
1665833580,+3.48,+17.553, +8.000,+0.959
1665833640,+3.48,+17.545, +8.031,+0.959
1665833700,+3.48,+17.570, +8.077,+0.959
1665833760,+3.48,+17.570, +8.084,+0.959
1665833820,+3.48,+17.553, +8.141,+0.959
1665833880,+3.48,+17.570, +8.183,+0.959
1665833940,+3.48,+17.553, +8.217,+0.959
1665834000,+3.48,+17.562, +8.244,+0.959
1665834060,+3.48,+17.570, +8.284,+0.959
1665834120,+3.48,+17.570, +8.277,+0.959
1665834180,+3.48,+17.579, +8.254,+0.959
1665834240,+3.48,+17.579, +8.220,+0.959
1665834300,+3.48,+17.595, +8.209,+0.959
1665834360,+3.48,+17.587, +8.166,+0.959
1665834420,+3.48,+17.587, +8.181,+0.959
1665834480,+3.48,+17.570, +8.238,+0.959
1665834540,+3.48,+17.570, +8.252,+0.959
1665834600,+3.48,+17.570, +8.303,+0.959
1665834660,+3.48,+17.562, +8.305,+0.959
1665834720,+3.48,+17.579, +8.297,+0.959
1665834780,+3.48,+17.570, +8.298,+0.959
1665834840,+3.48,+17.587, +8.287,+0.959
1665834900,+3.48,+17.579, +8.260,+0.959
1665834960,+3.48,+17.570, +8.248,+0.959
1665835020,+3.48,+17.570, +8.220,+0.959
1665835080,+3.48,+17.579, +8.185,+0.959
1665835140,+3.48,+17.570, +8.191,+0.959
1665835200,+3.48,+17.579, +8.181,+0.960
1665835260,+3.48,+17.570, +8.147,+0.959
1665835320,+3.48,+17.579, +8.117,+0.959
1665835380,+3.48,+17.595, +8.081,+0.959
1665835440,+3.48,+17.604, +7.990,+0.959
1665835500,+3.48,+17.587, +7.853,+0.959
1665835560,+3.48,+17.604, +7.890,+0.959
1665835620,+3.48,+17.587, +7.938,+0.959
1665835680,+3.48,+17.587, +7.949,+0.959
1665835740,+3.48,+17.587, +7.916,+0.959
1665835800,+3.48,+17.562, +8.060,+0.959
1665835860,+3.48,+17.579, +8.194,+0.959
1665835920,+3.48,+17.604, +8.241,+0.959
1665835980,+3.48,+17.587, +8.239,+0.959
1665836040,+3.48,+17.595, +8.210,+0.959
1665836100,+3.48,+17.570, +8.256,+0.959
1665836160,+3.48,+17.604, +8.261,+0.959
1665836220,+3.48,+17.587, +8.261,+0.958
1665836280,+3.48,+17.587, +8.332,+0.959
1665836340,+3.48,+17.587, +8.421,+0.959
1665836400,+3.48,+17.595, +8.461,+0.959
1665836460,+3.48,+17.579, +8.477,+0.959
1665836520,+3.48,+17.595, +8.467,+0.959
1665836580,+3.48,+17.587, +8.443,+0.959
1665836640,+3.48,+17.579, +8.448,+0.959
1665836700,+3.48,+17.587, +8.481,+0.959
1665836760,+3.48,+17.604, +8.556,+0.960
1665836820,+3.48,+17.612, +8.580,+0.959
1665836880,+3.48,+17.587, +8.616,+0.959
1665836940,+3.48,+17.587, +8.626,+0.959
1665837000,+3.48,+17.587, +8.630,+0.959
1665837060,+3.48,+17.595, +8.589,+0.959
1665837120,+3.48,+17.612, +8.490,+0.959
1665837180,+3.48,+17.595, +8.284,+0.959
1665837240,+3.48,+17.595, +8.122,+0.959
1665837300,+3.48,+17.612, +8.050,+0.959
1665837360,+3.48,+17.612, +8.016,+0.959
1665837420,+3.48,+17.604, +8.148,+0.959
1665837480,+3.48,+17.612, +8.180,+0.959
1665837540,+3.48,+17.612, +8.222,+0.959
1665837600,+3.48,+17.621, +7.974,+0.959
1665837660,+3.48,+17.621, +7.804,+0.959
1665837720,+3.48,+17.629, +7.732,+0.959
1665837780,+3.48,+17.638, +7.349,+0.959
1665837840,+3.48,+17.655, +6.683,+0.959
1665837900,+3.48,+17.663, +6.729,+0.959
1665837960,+3.48,+17.638, +6.732,+0.958
1665838020,+3.48,+17.646, +6.890,+0.958
1665838080,+3.47,+17.629, +7.007,+0.959
1665838140,+3.47,+17.638, +7.089,+0.958
1665838200,+3.47,+17.621, +7.614,+0.959
1665838260,+3.47,+17.621, +7.876,+0.959
1665838320,+3.47,+17.621, +7.990,+0.959
1665838380,+3.48,+17.612, +8.154,+0.959
1665838440,+3.47,+17.638, +8.402,+0.959
1665838500,+3.47,+17.646, +8.537,+0.959
1665838560,+3.47,+17.646, +8.638,+0.959
1665838620,+3.47,+17.646, +8.680,+0.959
1665838680,+3.47,+17.663, +8.845,+0.959
1665838740,+3.47,+17.646, +8.962,+0.960
1665838800,+3.47,+17.663, +8.998,+0.959
1665838860,+3.47,+17.655, +9.002,+0.959
1665838920,+3.47,+17.655, +9.007,+0.959
1665838980,+3.47,+17.646, +8.887,+0.959
1665839040,+3.47,+17.655, +8.659,+0.959
1665839100,+3.47,+17.671, +8.601,+0.959
1665839160,+3.47,+17.680, +8.385,+0.959
1665839220,+3.47,+17.663, +8.550,+0.959
1665839280,+3.47,+17.697, +8.681,+0.959
1665839340,+3.47,+17.671, +8.615,+0.959
1665839400,+3.47,+17.671, +8.715,+0.960
1665839460,+3.47,+17.663, +8.364,+0.959
1665839520,+3.47,+17.688, +8.175,+0.959
1665839580,+3.47,+17.680, +8.352,+0.959
1665839640,+3.47,+17.680, +8.407,+0.959
1665839700,+3.48,+17.680, +8.413,+0.959
1665839760,+3.47,+17.688, +8.406,+0.959
1665839820,+3.47,+17.688, +8.442,+0.959
1665839880,+3.48,+17.705, +8.582,+0.959
1665839940,+3.47,+17.705, +8.699,+0.959
1665840000,+3.47,+17.688, +8.813,+0.959
1665840060,+3.47,+17.714, +8.792,+0.959
1665840120,+3.47,+17.714, +8.810,+0.959
1665840180,+3.47,+17.722, +8.835,+0.959
1665840240,+3.47,+17.722, +8.733,+0.959
1665840300,+3.47,+17.714, +8.705,+0.959
1665840360,+3.47,+17.688, +8.725,+0.959
1665840420,+3.47,+17.714, +8.739,+0.959
1665840480,+3.47,+17.731, +8.692,+0.959
1665840540,+3.47,+17.722, +8.609,+0.959
1665840600,+3.47,+17.748, +8.610,+0.959
1665840660,+3.47,+17.722, +8.806,+0.960
1665840720,+3.47,+17.714, +8.945,+0.959
1665840780,+3.47,+17.731, +9.024,+0.960
1665840840,+3.47,+17.731, +9.012,+0.960
1665840900,+3.47,+17.739, +8.895,+0.960
1665840960,+3.47,+17.739, +8.847,+0.959
1665841020,+3.47,+17.731, +8.929,+0.959
1665841080,+3.47,+17.756, +8.943,+0.960
1665841140,+3.47,+17.773, +8.945,+0.959
1665841200,+3.47,+17.764, +8.564,+0.959
1665841260,+3.47,+17.739, +8.693,+0.959
1665841320,+3.47,+17.739, +8.881,+0.959
1665841380,+3.47,+17.739, +8.668,+0.959
1665841440,+3.47,+17.739, +7.985,+0.958
1665841500,+3.47,+17.731, +8.058,+0.959
1665841560,+3.47,+17.722, +7.818,+0.958
1665841620,+3.47,+17.731, +8.025,+0.959
1665841680,+3.47,+17.731, +8.221,+0.959
1665841740,+3.47,+17.722, +8.524,+0.959
1665841800,+3.47,+17.748, +8.712,+0.960
1665841860,+3.47,+17.714, +8.973,+0.959
1665841920,+3.47,+17.739, +9.084,+0.959
1665841980,+3.47,+17.764, +8.805,+0.959
1665842040,+3.47,+17.748, +8.707,+0.959
1665842100,+3.47,+17.764, +8.720,+0.959
1665842160,+3.47,+17.764, +8.748,+0.959
1665842220,+3.47,+17.756, +8.697,+0.959
1665842280,+3.47,+17.781, +8.554,+0.959
1665842340,+3.47,+17.781, +8.570,+0.959
1665842400,+3.48,+17.773, +8.579,+0.959
1665842460,+3.47,+17.756, +8.414,+0.959
1665842520,+3.47,+17.773, +8.509,+0.959
1665842580,+3.47,+17.773, +8.830,+0.959
1665842640,+3.47,+17.748, +8.973,+0.959
1665842700,+3.47,+17.798, +9.036,+0.959
1665842760,+3.47,+17.773, +9.119,+0.959
1665842820,+3.47,+17.773, +9.097,+0.959
1665842880,+3.47,+17.756, +8.942,+0.959
1665842940,+3.47,+17.781, +9.045,+0.959
1665843000,+3.47,+17.748, +9.108,+0.960
1665843060,+3.48,+17.773, +9.111,+0.960
1665843120,+3.47,+17.764, +9.038,+0.959
1665843180,+3.47,+17.756, +8.947,+0.959
1665843240,+3.47,+17.773, +8.957,+0.959
1665843300,+3.47,+17.773, +8.894,+0.959
1665843360,+3.47,+17.773, +8.968,+0.959
1665843420,+3.47,+17.773, +8.976,+0.959
1665843480,+3.47,+17.781, +9.193,+0.959
1665843540,+3.47,+17.790, +9.400,+0.960
1665843600,+3.47,+17.815, +9.480,+0.960
1665843660,+3.47,+17.798, +9.548,+0.959
1665843720,+3.47,+17.790, +9.595,+0.959
1665843780,+3.47,+17.824, +9.591,+0.960
1665843840,+3.47,+17.824, +9.564,+0.959
1665843900,+3.47,+17.840, +9.566,+0.959
1665843960,+3.48,+17.832, +9.596,+0.959
1665844020,+3.47,+17.832, +9.607,+0.959
1665844080,+3.47,+17.849, +9.575,+0.959
1665844140,+3.47,+17.857, +9.565,+0.959
1665844200,+3.47,+17.849, +9.533,+0.959
1665844260,+3.47,+17.849, +9.476,+0.959
1665844320,+3.47,+17.849, +9.345,+0.959
1665844380,+3.47,+17.849, +9.461,+0.959
1665844440,+3.47,+17.849, +9.576,+0.959
1665844500,+3.47,+17.840, +9.693,+0.960
1665844560,+3.47,+17.874, +9.618,+0.959
1665844620,+3.47,+17.857, +9.560,+0.960
1665844680,+3.48,+17.883, +9.498,+0.960
1665844740,+3.48,+17.857, +9.485,+0.959
1665844800,+3.48,+17.874, +9.488,+0.959
1665844860,+3.48,+17.883, +9.416,+0.959
1665844920,+3.47,+17.866, +9.424,+0.960
1665844980,+3.48,+17.883, +9.415,+0.959
1665845040,+3.48,+17.874, +9.461,+0.959
1665845100,+3.47,+17.874, +9.497,+0.960
1665845160,+3.48,+17.857, +9.528,+0.960
1665845220,+3.48,+17.866, +9.611,+0.959
1665845280,+3.48,+17.891, +9.487,+0.959
1665845340,+3.48,+17.874, +9.270,+0.959
1665845400,+3.48,+17.866, +9.378,+0.960
1665845460,+3.48,+17.866, +9.549,+0.959
1665845520,+3.48,+17.883, +9.659,+0.960
1665845580,+3.48,+17.883, +9.465,+0.959
1665845640,+3.48,+17.866, +9.613,+0.959
1665845700,+3.48,+17.874, +9.649,+0.959
1665845760,+3.48,+17.883, +9.495,+0.959
1665845820,+3.48,+17.891, +9.152,+0.959
1665845880,+3.48,+17.900, +9.206,+0.959
1665845940,+3.48,+17.883, +9.264,+0.960
1665846000,+3.48,+17.883, +9.107,+0.959
1665846060,+3.47,+17.866, +9.080,+0.959
1665846120,+3.48,+17.866, +9.119,+0.959
1665846180,+3.48,+17.874, +9.110,+0.959
1665846240,+3.48,+17.874, +9.089,+0.959
1665846300,+3.48,+17.849, +9.109,+0.959
1665846360,+3.48,+17.883, +9.074,+0.959
1665846420,+3.48,+17.849, +8.983,+0.959
1665846480,+3.48,+17.866, +8.910,+0.959
1665846540,+3.48,+17.874, +8.900,+0.959
1665846600,+3.48,+17.874, +8.913,+0.959
1665846660,+3.48,+17.883, +8.948,+0.959
1665846720,+3.48,+17.883, +9.008,+0.959
1665846780,+3.48,+17.883, +9.056,+0.959
1665846840,+3.48,+17.883, +9.159,+0.959
1665846900,+3.48,+17.866, +9.230,+0.959
1665846960,+3.48,+17.891, +9.245,+0.959
1665847020,+3.48,+17.874, +9.277,+0.959
1665847080,+3.48,+17.866, +9.438,+0.959
1665847140,+3.48,+17.874, +9.445,+0.959
1665847200,+3.48,+17.891, +9.439,+0.960
1665847260,+3.48,+17.874, +9.486,+0.959
1665847320,+3.48,+17.883, +9.595,+0.959
1665847380,+3.48,+17.883, +9.657,+0.959
1665847440,+3.48,+17.900, +9.680,+0.959
1665847500,+3.48,+17.900, +9.694,+0.960
1665847560,+3.48,+17.908, +9.688,+0.960
1665847620,+3.48,+17.933, +9.658,+0.960
1665847680,+3.48,+17.933, +9.615,+0.959
1665847740,+3.48,+17.925, +9.591,+0.959
1665847800,+3.48,+17.925, +9.572,+0.959
1665847860,+3.48,+17.925, +9.588,+0.960
1665847920,+3.48,+17.916, +9.598,+0.959
1665847980,+3.48,+17.933, +9.603,+0.959
1665848040,+3.48,+17.916, +9.627,+0.959
1665848100,+3.48,+17.942, +9.644,+0.959
1665848160,+3.48,+17.925, +9.668,+0.959
1665848220,+3.48,+17.916, +9.670,+0.959
1665848280,+3.48,+17.933, +9.643,+0.959
1665848340,+3.48,+17.933, +9.615,+0.959
1665848400,+3.48,+17.933, +9.562,+0.959
1665848460,+3.48,+17.925, +9.522,+0.959
1665848520,+3.48,+17.950, +9.531,+0.959
1665848580,+3.48,+17.925, +9.561,+0.959
1665848640,+3.48,+17.900, +9.593,+0.959
1665848700,+3.48,+17.916, +9.617,+0.959
1665848760,+3.48,+17.916, +9.656,+0.959
1665848820,+3.48,+17.908, +9.678,+0.960
1665848880,+3.48,+17.883, +9.654,+0.959
1665848940,+3.48,+17.908, +9.636,+0.960
1665849000,+3.48,+17.900, +9.630,+0.959
1665849060,+3.48,+17.908, +9.680,+0.960
1665849120,+3.48,+17.908, +9.663,+0.960
1665849180,+3.48,+17.925, +9.684,+0.959
1665849240,+3.48,+17.916, +9.709,+0.959
1665849300,+3.48,+17.950, +9.721,+0.960
1665849360,+3.48,+17.925, +9.722,+0.960
1665849420,+3.48,+17.925, +9.758,+0.960
1665849480,+3.48,+17.925, +9.780,+0.960
1665849540,+3.48,+17.916, +9.794,+0.960
1665849600,+3.48,+17.900, +9.789,+0.959
1665849660,+3.48,+17.916, +9.787,+0.960
1665849720,+3.48,+17.908, +9.798,+0.959
1665849780,+3.48,+17.916, +9.785,+0.960
1665849840,+3.48,+17.916, +9.776,+0.960
1665849900,+3.48,+17.900, +9.766,+0.959
1665849960,+3.48,+17.933, +9.830,+0.959
1665850020,+3.48,+17.908, +9.898,+0.960
1665850080,+3.48,+17.916, +9.875,+0.959
1665850140,+3.48,+17.942, +9.788,+0.959
1665850200,+3.48,+17.933, +9.769,+0.959
1665850260,+3.48,+17.933, +9.809,+0.960
1665850320,+3.48,+17.925, +9.844,+0.960
1665850380,+3.48,+17.942, +9.787,+0.959
1665850440,+3.48,+17.950, +9.769,+0.959
1665850500,+3.48,+17.933, +9.760,+0.959
1665850560,+3.48,+17.916, +9.878,+0.959
1665850620,+3.48,+17.933, +9.990,+0.960
1665850680,+3.48,+17.925,+10.053,+0.959
1665850740,+3.48,+17.925,+10.087,+0.960
1665850800,+3.48,+17.933,+10.125,+0.960
1665850860,+3.48,+17.933,+10.146,+0.960
1665850920,+3.48,+17.942,+10.157,+0.960
1665850980,+3.48,+17.933,+10.141,+0.959
1665851040,+3.48,+17.942,+10.146,+0.959
1665851100,+3.48,+17.942,+10.194,+0.959
1665851160,+3.48,+17.942,+10.244,+0.960
1665851220,+3.48,+17.942,+10.252,+0.959
1665851280,+3.48,+17.959,+10.260,+0.960
1665851340,+3.48,+17.950,+10.244,+0.960
1665851400,+3.48,+17.975,+10.248,+0.960
1665851460,+3.48,+17.959,+10.277,+0.960
1665851520,+3.48,+17.984,+10.259,+0.960
1665851580,+3.48,+17.975,+10.273,+0.960
1665851640,+3.48,+17.984,+10.304,+0.960
1665851700,+3.48,+17.984,+10.293,+0.960
1665851760,+3.48,+17.967,+10.272,+0.960
1665851820,+3.48,+17.975,+10.260,+0.960
1665851880,+3.48,+17.984,+10.250,+0.959
1665851940,+3.48,+17.992,+10.302,+0.959
1665852000,+3.48,+17.959,+10.388,+0.960
1665852060,+3.48,+17.992,+10.448,+0.960
1665852120,+3.48,+17.975,+10.534,+0.960
1665852180,+3.48,+17.975,+10.524,+0.959
1665852240,+3.48,+17.984,+10.525,+0.960
1665852300,+3.48,+17.984,+10.492,+0.960
1665852360,+3.48,+17.975,+10.451,+0.959
1665852420,+3.48,+18.001,+10.450,+0.960
1665852480,+3.48,+18.001,+10.456,+0.960
